-0.020080	-0.026206
-0.020000	-0.026206
-0.019920	-0.026206
-0.019840	-0.026206
-0.019760	0.095688
-0.019680	-0.026206
-0.019600	-0.026206
-0.019520	-0.026206
-0.019440	-0.026206
-0.019360	-0.026206
-0.019280	-0.026206
-0.019200	-0.026206
-0.019120	-0.026206
-0.019040	-0.026206
-0.018960	-0.026206
-0.018880	0.095688
-0.018800	-0.026206
-0.018720	-0.026206
-0.018640	0.095688
-0.018560	-0.026206
-0.018480	-0.026206
-0.018400	-0.026206
-0.018320	-0.026206
-0.018240	-0.026206
-0.018160	-0.026206
-0.018080	-0.026206
-0.018000	-0.026206
-0.017920	-0.026206
-0.017840	-0.026206
-0.017760	0.095688
-0.017680	-0.026206
-0.017600	-0.026206
-0.017520	-0.026206
-0.017440	-0.026206
-0.017360	-0.026206
-0.017280	-0.026206
-0.017200	-0.026206
-0.017120	-0.026206
-0.017040	-0.026206
-0.016960	-0.026206
-0.016880	-0.026206
-0.016800	-0.026206
-0.016720	-0.026206
-0.016640	-0.026206
-0.016560	-0.026206
-0.016480	-0.026206
-0.016400	0.095688
-0.016320	-0.026206
-0.016240	0.095688
-0.016160	-0.026206
-0.016080	-0.026206
-0.016000	-0.026206
-0.015920	-0.026206
-0.015840	0.095688
-0.015760	-0.026206
-0.015680	-0.026206
-0.015600	0.095688
-0.015520	-0.026206
-0.015440	-0.026206
-0.015360	-0.026206
-0.015280	-0.026206
-0.015200	0.095688
-0.015120	0.095688
-0.015040	-0.026206
-0.014960	-0.026206
-0.014880	0.095688
-0.014800	-0.026206
-0.014720	-0.026206
-0.014640	-0.026206
-0.014560	0.095688
-0.014480	-0.026206
-0.014400	-0.026206
-0.014320	-0.026206
-0.014240	0.095688
-0.014160	-0.026206
-0.014080	-0.026206
-0.014000	-0.026206
-0.013920	0.095688
-0.013840	0.095688
-0.013760	-0.026206
-0.013680	-0.026206
-0.013600	-0.026206
-0.013520	-0.026206
-0.013440	0.095688
-0.013360	-0.026206
-0.013280	-0.026206
-0.013200	0.095688
-0.013120	-0.026206
-0.013040	-0.026206
-0.012960	-0.026206
-0.012880	-0.026206
-0.012800	0.095688
-0.012720	0.095688
-0.012640	0.095688
-0.012560	-0.026206
-0.012480	-0.026206
-0.012400	-0.026206
-0.012320	-0.026206
-0.012240	-0.026206
-0.012160	0.095688
-0.012080	-0.026206
-0.012000	-0.026206
-0.011920	-0.026206
-0.011840	0.095688
-0.011760	-0.026206
-0.011680	-0.026206
-0.011600	-0.026206
-0.011520	0.095688
-0.011440	0.095688
-0.011360	-0.026206
-0.011280	0.095688
-0.011200	-0.026206
-0.011120	0.095688
-0.011040	-0.026206
-0.010960	0.095688
-0.010880	-0.026206
-0.010800	-0.026206
-0.010720	-0.026206
-0.010640	-0.026206
-0.010560	-0.026206
-0.010480	-0.026206
-0.010400	0.095688
-0.010320	-0.026206
-0.010240	0.095688
-0.010160	-0.026206
-0.010080	-0.026206
-0.010000	0.095688
-0.009920	-0.026206
-0.009840	0.095688
-0.009760	-0.026206
-0.009680	-0.026206
-0.009600	0.095688
-0.009520	-0.026206
-0.009440	0.095688
-0.009360	0.095688
-0.009280	-0.026206
-0.009200	-0.026206
-0.009120	0.095688
-0.009040	-0.026206
-0.008960	-0.026206
-0.008880	-0.026206
-0.008800	-0.026206
-0.008720	-0.026206
-0.008640	-0.026206
-0.008560	-0.026206
-0.008480	-0.026206
-0.008400	-0.026206
-0.008320	-0.026206
-0.008240	-0.026206
-0.008160	0.095688
-0.008080	0.095688
-0.008000	-0.026206
-0.007920	-0.026206
-0.007840	-0.026206
-0.007760	-0.026206
-0.007680	-0.026206
-0.007600	0.095688
-0.007520	-0.026206
-0.007440	-0.026206
-0.007360	-0.026206
-0.007280	0.095688
-0.007200	-0.026206
-0.007120	0.095688
-0.007040	-0.026206
-0.006960	0.095688
-0.006880	0.095688
-0.006800	0.095688
-0.006720	-0.026206
-0.006640	0.095688
-0.006560	-0.026206
-0.006480	-0.026206
-0.006400	-0.026206
-0.006320	-0.026206
-0.006240	-0.026206
-0.006160	-0.026206
-0.006080	0.095688
-0.006000	-0.026206
-0.005920	-0.026206
-0.005840	-0.026206
-0.005760	0.095688
-0.005680	0.095688
-0.005600	-0.026206
-0.005520	-0.026206
-0.005440	-0.026206
-0.005360	0.095688
-0.005280	-0.026206
-0.005200	-0.026206
-0.005120	-0.026206
-0.005040	-0.026206
-0.004960	0.095688
-0.004880	0.095688
-0.004800	-0.026206
-0.004720	-0.026206
-0.004640	-0.026206
-0.004560	-0.026206
-0.004480	-0.026206
-0.004400	-0.026206
-0.004320	0.095688
-0.004240	0.095688
-0.004160	0.095688
-0.004080	-0.026206
-0.004000	-0.026206
-0.003920	0.095688
-0.003840	0.095688
-0.003760	-0.026206
-0.003680	-0.026206
-0.003600	-0.026206
-0.003520	-0.026206
-0.003440	0.095688
-0.003360	-0.026206
-0.003280	-0.026206
-0.003200	-0.026206
-0.003120	0.095688
-0.003040	-0.026206
-0.002960	0.095688
-0.002880	-0.026206
-0.002800	0.095688
-0.002720	-0.026206
-0.002640	-0.026206
-0.002560	-0.026206
-0.002480	-0.026206
-0.002400	-0.026206
-0.002320	-0.026206
-0.002240	0.095688
-0.002160	0.095688
-0.002080	-0.026206
-0.002000	0.095688
-0.001920	0.095688
-0.001840	0.095688
-0.001760	0.095688
-0.001680	-0.026206
-0.001600	-0.026206
-0.001520	0.095688
-0.001440	0.095688
-0.001360	0.095688
-0.001280	-0.026206
-0.001200	0.095688
-0.001120	0.095688
-0.001040	-0.026206
-0.000960	0.095688
-0.000880	0.095688
-0.000800	-0.026206
-0.000720	-0.026206
-0.000640	-0.026206
-0.000560	-0.026206
-0.000480	-0.026206
-0.000400	-0.026206
-0.000320	-0.026206
-0.000240	-0.026206
-0.000160	-0.026206
-0.000080	-0.026206
0.000000	0.095688
0.000080	-0.026206
0.000160	-0.026206
0.000240	0.095688
0.000320	-0.026206
0.000400	-0.026206
0.000480	-0.026206
0.000560	-0.026206
0.000640	0.095688
0.000720	-0.026206
0.000800	-0.026206
0.000880	-0.026206
0.000960	-0.026206
0.001040	-0.026206
0.001120	-0.026206
0.001200	-0.026206
0.001280	-0.026206
0.001360	-0.026206
0.001440	-0.026206
0.001520	0.095688
0.001600	-0.026206
0.001680	-0.026206
0.001760	-0.026206
0.001840	-0.026206
0.001920	-0.026206
0.002000	-0.026206
0.002080	0.095688
0.002160	-0.026206
0.002240	-0.026206
0.002320	0.095688
0.002400	0.095688
0.002480	-0.026206
0.002560	-0.026206
0.002640	0.095688
0.002720	0.095688
0.002800	0.095688
0.002880	-0.026206
0.002960	-0.026206
0.003040	-0.026206
0.003120	-0.026206
0.003200	-0.026206
0.003280	-0.026206
0.003360	-0.026206
0.003440	-0.026206
0.003520	-0.026206
0.003600	0.095688
0.003680	-0.026206
0.003760	-0.026206
0.003840	-0.026206
0.003920	-0.026206
0.004000	-0.026206
0.004080	-0.026206
0.004160	-0.026206
0.004240	-0.026206
0.004320	-0.026206
0.004400	0.095688
0.004480	-0.026206
0.004560	0.095688
0.004640	0.095688
0.004720	-0.026206
0.004800	0.095688
0.004880	0.095688
0.004960	0.095688
0.005040	0.095688
0.005120	0.095688
0.005200	0.095688
0.005280	0.095688
0.005360	0.095688
0.005440	-0.026206
0.005520	0.095688
0.005600	0.095688
0.005680	0.095688
0.005760	0.095688
0.005840	0.095688
0.005920	0.095688
0.006000	-0.026206
0.006080	-0.026206
0.006160	-0.026206
0.006240	-0.026206
0.006320	-0.026206
0.006400	0.095688
0.006480	0.095688
0.006560	0.095688
0.006640	0.095688
0.006720	-0.026206
0.006800	-0.026206
0.006880	0.095688
0.006960	-0.026206
0.007040	0.095688
0.007120	-0.026206
0.007200	0.095688
0.007280	0.095688
0.007360	0.095688
0.007440	0.095688
0.007520	0.095688
0.007600	-0.026206
0.007680	0.095688
0.007760	0.095688
0.007840	0.095688
0.007920	0.095688
0.008000	0.095688
0.008080	0.095688
0.008160	0.095688
0.008240	0.095688
0.008320	-0.026206
0.008400	0.095688
0.008480	0.095688
0.008560	0.095688
0.008640	0.095688
0.008720	0.095688
0.008800	0.095688
0.008880	0.095688
0.008960	0.095688
0.009040	0.095688
0.009120	0.095688
0.009200	0.095688
0.009280	0.095688
0.009360	0.095688
0.009440	0.095688
0.009520	0.095688
0.009600	0.095688
0.009680	0.095688
0.009760	0.095688
0.009840	0.095688
0.009920	0.095688
0.010000	0.095688
0.010080	0.095688
0.010160	0.095688
0.010240	0.095688
0.010320	0.095688
0.010400	0.095688
0.010480	0.095688
0.010560	0.095688
0.010640	0.095688
0.010720	0.095688
0.010800	0.095688
0.010880	0.095688
0.010960	0.095688
0.011040	0.095688
0.011120	0.095688
0.011200	0.095688
0.011280	0.095688
0.011360	0.095688
0.011440	0.095688
0.011520	0.095688
0.011600	0.095688
0.011680	0.095688
0.011760	0.095688
0.011840	0.095688
0.011920	0.095688
0.012000	0.095688
0.012080	0.095688
0.012160	0.095688
0.012240	0.095688
0.012320	0.095688
0.012400	0.095688
0.012480	0.095688
0.012560	0.095688
0.012640	0.095688
0.012720	0.095688
0.012800	0.095688
0.012880	0.095688
0.012960	0.095688
0.013040	0.095688
0.013120	0.095688
0.013200	0.095688
0.013280	0.095688
0.013360	0.095688
0.013440	0.095688
0.013520	0.095688
0.013600	0.095688
0.013680	0.095688
0.013760	0.095688
0.013840	0.095688
0.013920	0.095688
0.014000	0.095688
0.014080	0.095688
0.014160	0.095688
0.014240	0.217583
0.014320	0.217583
0.014400	0.095688
0.014480	0.095688
0.014560	0.095688
0.014640	0.095688
0.014720	0.095688
0.014800	0.095688
0.014880	0.095688
0.014960	0.095688
0.015040	0.095688
0.015120	0.095688
0.015200	0.095688
0.015280	0.095688
0.015360	0.095688
0.015440	0.095688
0.015520	0.095688
0.015600	0.095688
0.015680	0.095688
0.015760	0.095688
0.015840	0.095688
0.015920	0.095688
0.016000	0.095688
0.016080	0.095688
0.016160	-0.026206
0.016240	0.095688
0.016320	0.095688
0.016400	-0.026206
0.016480	0.095688
0.016560	0.095688
0.016640	0.095688
0.016720	0.095688
0.016800	-0.026206
0.016880	-0.026206
0.016960	-0.026206
0.017040	-0.026206
0.017120	0.095688
0.017200	-0.026206
0.017280	-0.026206
0.017360	0.095688
0.017440	-0.026206
0.017520	-0.026206
0.017600	-0.026206
0.017680	-0.026206
0.017760	-0.026206
0.017840	-0.026206
0.017920	0.095688
0.018000	-0.026206
0.018080	0.095688
0.018160	0.095688
0.018240	-0.026206
0.018320	0.095688
0.018400	-0.026206
0.018480	-0.026206
0.018560	0.095688
0.018640	0.095688
0.018720	0.095688
0.018800	0.095688
0.018880	-0.026206
0.018960	-0.026206
0.019040	-0.026206
0.019120	-0.026206
0.019200	0.095688
0.019280	-0.026206
0.019360	-0.026206
0.019440	-0.026206
0.019520	-0.026206
0.019600	-0.026206
0.019680	0.095688
0.019760	0.095688
0.019840	0.095688
0.019920	0.095688
0.020000	0.095688
0.020080	-0.026206
0.020160	-0.026206
0.020240	-0.026206
0.020320	0.095688
0.020400	0.095688
0.020480	0.095688
0.020560	0.095688
0.020640	0.095688
0.020720	0.095688
0.020800	0.095688
0.020880	0.095688
0.020960	0.095688
0.021040	0.095688
0.021120	0.095688
0.021200	0.095688
0.021280	0.095688
0.021360	0.095688
0.021440	0.095688
0.021520	-0.026206
0.021600	-0.026206
0.021680	-0.026206
0.021760	-0.026206
0.021840	0.095688
0.021920	0.095688
0.022000	0.095688
0.022080	0.095688
0.022160	0.095688
0.022240	0.095688
0.022320	0.095688
0.022400	0.095688
0.022480	0.095688
0.022560	0.095688
0.022640	0.095688
0.022720	0.095688
0.022800	0.095688
0.022880	-0.026206
0.022960	-0.026206
0.023040	0.095688
0.023120	0.095688
0.023200	0.095688
0.023280	-0.026206
0.023360	0.095688
0.023440	-0.026206
0.023520	-0.026206
0.023600	-0.026206
0.023680	0.095688
0.023760	0.095688
0.023840	0.095688
0.023920	0.095688
0.024000	0.095688
0.024080	0.095688
0.024160	0.095688
0.024240	0.095688
0.024320	0.095688
0.024400	0.217583
0.024480	0.095688
0.024560	0.217583
0.024640	0.095688
0.024720	0.095688
0.024800	0.095688
0.024880	0.095688
0.024960	0.095688
0.025040	0.095688
0.025120	0.095688
0.025200	0.095688
0.025280	0.095688
0.025360	0.095688
0.025440	0.095688
0.025520	0.095688
0.025600	0.095688
0.025680	0.217583
0.025760	0.217583
0.025840	0.217583
0.025920	0.217583
0.026000	0.217583
0.026080	0.217583
0.026160	0.095688
0.026240	0.095688
0.026320	0.095688
0.026400	0.095688
0.026480	0.217583
0.026560	0.217583
0.026640	0.217583
0.026720	0.339478
0.026800	0.339478
0.026880	0.339478
0.026960	0.217583
0.027040	0.217583
0.027120	0.217583
0.027200	0.095688
0.027280	0.095688
0.027360	0.095688
0.027440	0.217583
0.027520	0.217583
0.027600	0.217583
0.027680	0.095688
0.027760	0.095688
0.027840	0.095688
0.027920	0.095688
0.028000	0.095688
0.028080	0.095688
0.028160	0.095688
0.028240	0.095688
0.028320	0.095688
0.028400	0.095688
0.028480	0.095688
0.028560	0.095688
0.028640	0.095688
0.028720	0.095688
0.028800	0.095688
0.028880	0.095688
0.028960	0.095688
0.029040	0.217583
0.029120	0.095688
0.029200	0.095688
0.029280	0.095688
0.029360	0.095688
0.029440	0.095688
0.029520	0.095688
0.029600	0.095688
0.029680	0.095688
0.029760	0.095688
0.029840	0.095688
0.029920	0.095688
0.030000	0.095688
0.030080	0.095688
0.030160	0.095688
0.030240	0.095688
0.030320	0.095688
0.030400	0.095688
0.030480	0.095688
0.030560	0.095688
0.030640	0.095688
0.030720	-0.026206
0.030800	-0.026206
0.030880	-0.026206
0.030960	-0.026206
0.031040	0.095688
0.031120	0.095688
0.031200	0.095688
0.031280	0.095688
0.031360	0.095688
0.031440	0.095688
0.031520	0.095688
0.031600	0.095688
0.031680	0.095688
0.031760	0.095688
0.031840	0.095688
0.031920	0.095688
0.032000	0.217583
0.032080	0.217583
0.032160	0.217583
0.032240	0.095688
0.032320	0.095688
0.032400	0.095688
0.032480	0.095688
0.032560	0.095688
0.032640	0.217583
0.032720	0.217583
0.032800	0.095688
0.032880	0.217583
0.032960	0.217583
0.033040	0.217583
0.033120	0.217583
0.033200	0.095688
0.033280	0.095688
0.033360	0.095688
0.033440	0.095688
0.033520	0.095688
0.033600	0.217583
0.033680	0.095688
0.033760	0.217583
0.033840	0.217583
0.033920	0.095688
0.034000	0.217583
0.034080	0.217583
0.034160	0.217583
0.034240	0.217583
0.034320	0.217583
0.034400	0.217583
0.034480	0.217583
0.034560	0.217583
0.034640	0.217583
0.034720	0.217583
0.034800	0.217583
0.034880	0.217583
0.034960	0.217583
0.035040	0.217583
0.035120	0.217583
0.035200	0.217583
0.035280	0.217583
0.035360	0.217583
0.035440	0.217583
0.035520	0.095688
0.035600	0.095688
0.035680	0.095688
0.035760	0.095688
0.035840	0.217583
0.035920	0.217583
0.036000	0.095688
0.036080	0.095688
0.036160	0.095688
0.036240	0.095688
0.036320	0.095688
0.036400	0.095688
0.036480	0.095688
0.036560	0.095688
0.036640	0.095688
0.036720	0.095688
0.036800	0.095688
0.036880	0.095688
0.036960	0.095688
0.037040	0.095688
0.037120	0.095688
0.037200	0.095688
0.037280	0.095688
0.037360	0.095688
0.037440	0.095688
0.037520	-0.026206
0.037600	0.095688
0.037680	0.095688
0.037760	0.095688
0.037840	0.095688
0.037920	0.095688
0.038000	0.095688
0.038080	0.095688
0.038160	0.095688
0.038240	0.095688
0.038320	-0.026206
0.038400	0.095688
0.038480	0.095688
0.038560	0.095688
0.038640	0.095688
0.038720	0.095688
0.038800	0.095688
0.038880	0.095688
0.038960	0.095688
0.039040	0.095688
0.039120	0.095688
0.039200	0.095688
0.039280	0.095688
0.039360	0.095688
0.039440	0.095688
0.039520	0.095688
0.039600	0.095688
0.039680	0.095688
0.039760	0.095688
0.039840	0.095688
0.039920	0.095688
0.040000	0.095688
0.040080	0.095688
0.040160	0.095688
0.040240	0.095688
0.040320	0.095688
0.040400	0.095688
0.040480	-0.026206
0.040560	-0.026206
0.040640	0.095688
0.040720	0.095688
0.040800	-0.026206
0.040880	-0.026206
0.040960	-0.026206
0.041040	-0.026206
0.041120	-0.148101
0.041200	-0.026206
0.041280	-0.148101
0.041360	-0.148101
0.041440	-0.148101
0.041520	-0.148101
0.041600	-0.148101
0.041680	-0.148101
0.041760	-0.269996
0.041840	-0.269996
0.041920	-0.269996
0.042000	-0.269996
0.042080	-0.391890
0.042160	-0.391890
0.042240	-0.391890
0.042320	-0.391890
0.042400	-0.391890
0.042480	-0.513785
0.042560	-0.513785
0.042640	-0.513785
0.042720	-0.513785
0.042800	-0.513785
0.042880	-0.513785
0.042960	-0.635680
0.043040	-0.635680
0.043120	-0.635680
0.043200	-0.635680
0.043280	-0.635680
0.043360	-0.757575
0.043440	-0.635680
0.043520	-0.757575
0.043600	-0.635680
0.043680	-0.635680
0.043760	-0.757575
0.043840	-0.757575
0.043920	-0.757575
0.044000	-0.757575
0.044080	-0.757575
0.044160	-0.757575
0.044240	-0.757575
0.044320	-0.757575
0.044400	-0.757575
0.044480	-0.757575
0.044560	-0.757575
0.044640	-0.757575
0.044720	-0.879469
0.044800	-0.879469
0.044880	-0.879469
0.044960	-0.879469
0.045040	-0.879469
0.045120	-0.879469
0.045200	-0.879469
0.045280	-0.879469
0.045360	-0.757575
0.045440	-0.757575
0.045520	-0.757575
0.045600	-0.757575
0.045680	-0.879469
0.045760	-1.001360
0.045840	-1.001360
0.045920	-1.001360
0.046000	-1.001360
0.046080	-0.879469
0.046160	-0.879469
0.046240	-1.001360
0.046320	-1.001360
0.046400	-1.001360
0.046480	-0.879469
0.046560	-0.879469
0.046640	-0.879469
0.046720	-0.879469
0.046800	-1.001360
0.046880	-1.001360
0.046960	-1.123260
0.047040	-1.123260
0.047120	-1.001360
0.047200	-1.001360
0.047280	-1.001360
0.047360	-1.001360
0.047440	-1.001360
0.047520	-1.123260
0.047600	-1.001360
0.047680	-1.123260
0.047760	-1.245150
0.047840	-1.367050
0.047920	-1.367050
0.048000	-1.488940
0.048080	-1.488940
0.048160	-1.488940
0.048240	-1.610840
0.048320	-1.488940
0.048400	-1.367050
0.048480	-1.367050
0.048560	-1.488940
0.048640	-1.488940
0.048720	-1.610840
0.048800	-1.610840
0.048880	-1.610840
0.048960	-1.610840
0.049040	-1.610840
0.049120	-1.610840
0.049200	-1.610840
0.049280	-1.732730
0.049360	-1.854630
0.049440	-1.854630
0.049520	-1.976520
0.049600	-1.976520
0.049680	-2.098420
0.049760	-2.098420
0.049840	-2.220310
0.049920	-2.220310
0.050000	-2.220310
0.050080	-2.220310
0.050160	-2.220310
0.050240	-2.342210
0.050320	-2.342210
0.050400	-2.464100
0.050480	-2.585990
0.050560	-2.707890
0.050640	-2.707890
0.050720	-2.707890
0.050800	-2.585990
0.050880	-2.464100
0.050960	-2.220310
0.051040	-2.098420
0.051120	-2.098420
0.051200	-1.976520
0.051280	-1.976520
0.051360	-1.976520
0.051440	-1.854630
0.051520	-1.854630
0.051600	-1.732730
0.051680	-1.610840
0.051760	-1.488940
0.051840	-1.367050
0.051920	-1.367050
0.052000	-1.367050
0.052080	-1.123260
0.052160	-1.001360
0.052240	-0.635680
0.052320	-0.269996
0.052400	0.217583
0.052480	0.705162
0.052560	1.070850
0.052640	1.436530
0.052720	1.802220
0.052800	2.046000
0.052880	2.411690
0.052960	2.655480
0.053040	3.021160
0.053120	3.386850
0.053200	3.752530
0.053280	3.996320
0.053360	4.240110
0.053440	4.483900
0.053520	4.727690
0.053600	4.727690
0.053680	4.849580
0.053760	4.849580
0.053840	4.849580
0.053920	4.849580
0.054000	5.093370
0.054080	5.215270
0.054160	5.337160
0.054240	5.459060
0.054320	5.580950
0.054400	5.702850
0.054480	5.580950
0.054560	5.459060
0.054640	5.459060
0.054720	5.702850
0.054800	6.068530
0.054880	6.434210
0.054960	6.799900
0.055040	7.043690
0.055120	7.165580
0.055200	7.409370
0.055280	7.653160
0.055360	8.018850
0.055440	8.262640
0.055520	8.384530
0.055600	8.506420
0.055680	8.628320
0.055760	8.750210
0.055840	8.994000
0.055920	8.994000
0.056000	9.115900
0.056080	9.237790
0.056160	9.359690
0.056240	9.603480
0.056320	9.725370
0.056400	9.725370
0.056480	9.603480
0.056560	9.603480
0.056640	9.481580
0.056720	9.603480
0.056800	9.725370
0.056880	9.847270
0.056960	10.091100
0.057040	10.334800
0.057120	10.456700
0.057200	10.456700
0.057280	10.213000
0.057360	10.091100
0.057440	9.969160
0.057520	9.969160
0.057600	9.969160
0.057680	10.213000
0.057760	10.213000
0.057840	10.213000
0.057920	10.091100
0.058000	9.969160
0.058080	9.847270
0.058160	9.603480
0.058240	9.359690
0.058320	9.237790
0.058400	8.994000
0.058480	8.872110
0.058560	8.750210
0.058640	8.628320
0.058720	8.506420
0.058800	8.506420
0.058880	8.384530
0.058960	8.262640
0.059040	8.140740
0.059120	7.896950
0.059200	7.653160
0.059280	7.409370
0.059360	7.165580
0.059440	7.043690
0.059520	6.921790
0.059600	6.799900
0.059680	6.799900
0.059760	6.678000
0.059840	6.678000
0.059920	6.556110
0.060000	6.312320
0.060080	6.190420
0.060160	6.068530
0.060240	5.946640
0.060320	5.824740
0.060400	5.824740
0.060480	5.702850
0.060560	5.824740
0.060640	5.824740
0.060720	5.702850
0.060800	5.580950
0.060880	5.580950
0.060960	5.337160
0.061040	5.215270
0.061120	5.215270
0.061200	5.093370
0.061280	5.215270
0.061360	5.215270
0.061440	5.337160
0.061520	5.337160
0.061600	5.459060
0.061680	5.459060
0.061760	5.459060
0.061840	5.459060
0.061920	5.459060
0.062000	5.459060
0.062080	5.337160
0.062160	5.215270
0.062240	5.093370
0.062320	4.971480
0.062400	4.971480
0.062480	4.727690
0.062560	4.605790
0.062640	4.483900
0.062720	4.362000
0.062800	4.240110
0.062880	4.240110
0.062960	4.240110
0.063040	4.240110
0.063120	4.118210
0.063200	3.996320
0.063280	3.752530
0.063360	3.630640
0.063440	3.386850
0.063520	3.143060
0.063600	3.021160
0.063680	2.777370
0.063760	2.655480
0.063840	2.533580
0.063920	2.289790
0.064000	2.046000
0.064080	1.924110
0.064160	1.680320
0.064240	1.436530
0.064320	1.314640
0.064400	1.192740
0.064480	0.948951
0.064560	0.705162
0.064640	0.339478
0.064720	0.095688
0.064800	-0.148101
0.064880	-0.269996
0.064960	-0.391890
0.065040	-0.635680
0.065120	-0.879469
0.065200	-1.123260
0.065280	-1.367050
0.065360	-1.610840
0.065440	-1.854630
0.065520	-2.220310
0.065600	-2.464100
0.065680	-2.585990
0.065760	-2.829780
0.065840	-3.073570
0.065920	-3.195470
0.066000	-3.439260
0.066080	-3.683050
0.066160	-3.926840
0.066240	-4.170630
0.066320	-4.414420
0.066400	-4.780100
0.066480	-4.901990
0.066560	-5.145780
0.066640	-5.267680
0.066720	-5.389570
0.066800	-5.633360
0.066880	-5.755260
0.066960	-5.877150
0.067040	-5.999050
0.067120	-6.120940
0.067200	-6.242840
0.067280	-6.364730
0.067360	-6.486630
0.067440	-6.608520
0.067520	-6.608520
0.067600	-6.730420
0.067680	-6.852310
0.067760	-6.974200
0.067840	-7.096100
0.067920	-6.974200
0.068000	-6.974200
0.068080	-6.974200
0.068160	-6.974200
0.068240	-6.974200
0.068320	-6.974200
0.068400	-6.974200
0.068480	-6.852310
0.068560	-6.852310
0.068640	-6.730420
0.068720	-6.608520
0.068800	-6.486630
0.068880	-6.486630
0.068960	-6.364730
0.069040	-6.242840
0.069120	-6.120940
0.069200	-5.999050
0.069280	-5.877150
0.069360	-5.633360
0.069440	-5.389570
0.069520	-5.145780
0.069600	-4.780100
0.069680	-4.536310
0.069760	-4.414420
0.069840	-4.170630
0.069920	-3.804940
0.070000	-3.439260
0.070080	-3.073570
0.070160	-2.707890
0.070240	-2.220310
0.070320	-1.976520
0.070400	-1.488940
0.070480	-1.123260
0.070560	-0.635680
0.070640	-0.269996
0.070720	0.217583
0.070800	0.705162
0.070880	1.070850
0.070960	1.558430
0.071040	2.046000
0.071120	2.533580
0.071200	2.899270
0.071280	3.264950
0.071360	3.752530
0.071440	4.118210
0.071520	4.483900
0.071600	4.971480
0.071680	5.337160
0.071760	5.580950
0.071840	6.068530
0.071920	6.434210
0.072000	6.799900
0.072080	7.165580
0.072160	7.287480
0.072240	7.531270
0.072320	7.653160
0.072400	7.775060
0.072480	8.018850
0.072560	8.018850
0.072640	8.140740
0.072720	8.140740
0.072800	8.262640
0.072880	8.384530
0.072960	8.384530
0.073040	8.506420
0.073120	8.628320
0.073200	8.750210
0.073280	8.994000
0.073360	9.115900
0.073440	9.237790
0.073520	9.237790
0.073600	9.359690
0.073680	9.481580
0.073760	9.603480
0.073840	9.725370
0.073920	9.847270
0.074000	10.091100
0.074080	10.213000
0.074160	10.456700
0.074240	10.578600
0.074320	10.700500
0.074400	10.944300
0.074480	11.066200
0.074560	11.188100
0.074640	11.310000
0.074720	11.431900
0.074800	11.553800
0.074880	11.675700
0.074960	11.797600
0.075040	11.797600
0.075120	11.919500
0.075200	12.041400
0.075280	12.163300
0.075360	12.285200
0.075440	12.285200
0.075520	12.407100
0.075600	12.407100
0.075680	12.529000
0.075760	12.529000
0.075840	12.529000
0.075920	12.529000
0.076000	12.529000
0.076080	12.529000
0.076160	12.529000
0.076240	12.529000
0.076320	12.407100
0.076400	12.407100
0.076480	12.407100
0.076560	12.285200
0.076640	12.163300
0.076720	12.041400
0.076800	11.797600
0.076880	11.675700
0.076960	11.431900
0.077040	11.310000
0.077120	11.066200
0.077200	10.822400
0.077280	10.700500
0.077360	10.456700
0.077440	10.213000
0.077520	9.969160
0.077600	9.725370
0.077680	9.481580
0.077760	9.115900
0.077840	8.872110
0.077920	8.506420
0.078000	8.140740
0.078080	7.896950
0.078160	7.653160
0.078240	7.287480
0.078320	7.043690
0.078400	6.678000
0.078480	6.312320
0.078560	5.946640
0.078640	5.580950
0.078720	5.337160
0.078800	4.849580
0.078880	4.605790
0.078960	4.362000
0.079040	4.118210
0.079120	3.752530
0.079200	3.508740
0.079280	3.264950
0.079360	2.899270
0.079440	2.533580
0.079520	2.289790
0.079600	2.046000
0.079680	1.802220
0.079760	1.680320
0.079840	1.314640
0.079920	0.948951
0.080000	0.705162
0.080080	0.461373
0.080160	0.339478
0.080240	0.095688
0.080320	-0.026206
0.080400	-0.269996
0.080480	-0.513785
0.080560	-0.635680
0.080640	-0.757575
0.080720	-0.879469
0.080800	-1.001360
0.080880	-1.123260
0.080960	-1.245150
0.081040	-1.367050
0.081120	-1.488940
0.081200	-1.488940
0.081280	-1.610840
0.081360	-1.732730
0.081440	-1.854630
0.081520	-1.854630
0.081600	-1.976520
0.081680	-1.976520
0.081760	-1.976520
0.081840	-1.976520
0.081920	-1.976520
0.082000	-2.098420
0.082080	-2.098420
0.082160	-2.098420
0.082240	-2.098420
0.082320	-2.098420
0.082400	-2.098420
0.082480	-2.098420
0.082560	-2.098420
0.082640	-2.098420
0.082720	-2.098420
0.082800	-2.220310
0.082880	-2.098420
0.082960	-2.098420
0.083040	-2.098420
0.083120	-2.098420
0.083200	-2.098420
0.083280	-2.220310
0.083360	-2.098420
0.083440	-2.098420
0.083520	-2.098420
0.083600	-2.098420
0.083680	-2.098420
0.083760	-2.098420
0.083840	-2.098420
0.083920	-2.098420
0.084000	-2.098420
0.084080	-2.220310
0.084160	-2.220310
0.084240	-2.220310
0.084320	-2.098420
0.084400	-2.220310
0.084480	-2.220310
0.084560	-2.220310
0.084640	-2.220310
0.084720	-2.342210
0.084800	-2.342210
0.084880	-2.342210
0.084960	-2.342210
0.085040	-2.342210
0.085120	-2.464100
0.085200	-2.464100
0.085280	-2.464100
0.085360	-2.464100
0.085440	-2.464100
0.085520	-2.464100
0.085600	-2.464100
0.085680	-2.464100
0.085760	-2.464100
0.085840	-2.464100
0.085920	-2.464100
0.086000	-2.464100
0.086080	-2.464100
0.086160	-2.342210
0.086240	-2.342210
0.086320	-2.342210
0.086400	-2.342210
0.086480	-2.464100
0.086560	-2.464100
0.086640	-2.585990
0.086720	-2.707890
0.086800	-2.585990
0.086880	-2.585990
0.086960	-2.585990
0.087040	-2.585990
0.087120	-2.464100
0.087200	-2.585990
0.087280	-2.585990
0.087360	-2.585990
0.087440	-2.585990
0.087520	-2.585990
0.087600	-2.464100
0.087680	-2.585990
0.087760	-2.707890
0.087840	-2.707890
0.087920	-2.707890
0.088000	-2.707890
0.088080	-2.707890
0.088160	-2.829780
0.088240	-2.829780
0.088320	-2.829780
0.088400	-2.951680
0.088480	-2.829780
0.088560	-2.951680
0.088640	-2.951680
0.088720	-3.073570
0.088800	-3.073570
0.088880	-3.073570
0.088960	-3.073570
0.089040	-3.073570
0.089120	-3.073570
0.089200	-3.073570
0.089280	-2.951680
0.089360	-2.951680
0.089440	-2.951680
0.089520	-2.951680
0.089600	-2.951680
0.089680	-3.073570
0.089760	-2.951680
0.089840	-2.951680
0.089920	-2.829780
0.090000	-2.829780
0.090080	-2.829780
0.090160	-2.829780
0.090240	-2.829780
0.090320	-2.707890
0.090400	-2.707890
0.090480	-2.707890
0.090560	-2.585990
0.090640	-2.585990
0.090720	-2.585990
0.090800	-2.464100
0.090880	-2.464100
0.090960	-2.342210
0.091040	-2.220310
0.091120	-2.220310
0.091200	-2.220310
0.091280	-2.220310
0.091360	-2.342210
0.091440	-2.342210
0.091520	-2.220310
0.091600	-2.220310
0.091680	-1.976520
0.091760	-1.976520
0.091840	-1.976520
0.091920	-1.854630
0.092000	-1.854630
0.092080	-1.854630
0.092160	-1.854630
0.092240	-1.854630
0.092320	-1.732730
0.092400	-1.732730
0.092480	-1.610840
0.092560	-1.610840
0.092640	-1.488940
0.092720	-1.488940
0.092800	-1.488940
0.092880	-1.488940
0.092960	-1.367050
0.093040	-1.367050
0.093120	-1.245150
0.093200	-1.245150
0.093280	-1.123260
0.093360	-1.001360
0.093440	-1.001360
0.093520	-0.879469
0.093600	-0.757575
0.093680	-0.757575
0.093760	-0.757575
0.093840	-0.757575
0.093920	-0.757575
0.094000	-0.879469
0.094080	-0.879469
0.094160	-0.757575
0.094240	-0.635680
0.094320	-0.513785
0.094400	-0.391890
0.094480	-0.269996
0.094560	-0.148101
0.094640	-0.148101
0.094720	-0.148101
0.094800	-0.026206
0.094880	-0.026206
0.094960	-0.026206
0.095040	0.095688
0.095120	0.217583
0.095200	0.339478
0.095280	0.461373
0.095360	0.583267
0.095440	0.583267
0.095520	0.705162
0.095600	0.827057
0.095680	0.827057
0.095760	0.827057
0.095840	0.948951
0.095920	0.948951
0.096000	1.070850
0.096080	1.192740
0.096160	1.314640
0.096240	1.436530
0.096320	1.558430
0.096400	1.680320
0.096480	1.680320
0.096560	1.680320
0.096640	1.680320
0.096720	1.680320
0.096800	1.802220
0.096880	1.802220
0.096960	1.924110
0.097040	1.924110
0.097120	2.046000
0.097200	2.046000
0.097280	2.167900
0.097360	2.167900
0.097440	2.167900
0.097520	2.167900
0.097600	2.167900
0.097680	2.167900
0.097760	2.289790
0.097840	2.167900
0.097920	2.289790
0.098000	2.289790
0.098080	2.167900
0.098160	2.167900
0.098240	2.167900
0.098320	2.046000
0.098400	1.924110
0.098480	1.924110
0.098560	1.802220
0.098640	1.802220
0.098720	1.802220
0.098800	1.680320
0.098880	1.680320
0.098960	1.558430
0.099040	1.436530
0.099120	1.436530
0.099200	1.436530
0.099280	1.314640
0.099360	1.192740
0.099440	1.070850
0.099520	1.070850
0.099600	0.948951
0.099680	0.948951
0.099760	0.827057
0.099840	0.705162
0.099920	0.705162
0.100000	0.705162
0.100080	0.705162
0.100160	0.583267
0.100240	0.461373
0.100320	0.461373
0.100400	0.461373
0.100480	0.339478
0.100560	0.339478
0.100640	0.339478
0.100720	0.339478
0.100800	0.339478
0.100880	0.217583
0.100960	0.217583
0.101040	0.095688
0.101120	0.095688
0.101200	-0.026206
0.101280	-0.026206
0.101360	-0.026206
0.101440	0.095688
0.101520	0.095688
0.101600	0.095688
0.101680	0.095688
0.101760	-0.026206
0.101840	-0.026206
0.101920	-0.026206
0.102000	-0.148101
0.102080	-0.148101
0.102160	-0.148101
0.102240	-0.148101
0.102320	-0.148101
0.102400	-0.148101
0.102480	-0.148101
0.102560	-0.148101
0.102640	-0.269996
0.102720	-0.269996
0.102800	-0.269996
0.102880	-0.269996
0.102960	-0.269996
0.103040	-0.269996
0.103120	-0.148101
0.103200	-0.148101
0.103280	-0.148101
0.103360	-0.148101
0.103440	-0.269996
0.103520	-0.269996
0.103600	-0.391890
0.103680	-0.391890
0.103760	-0.391890
0.103840	-0.391890
0.103920	-0.391890
0.104000	-0.269996
0.104080	-0.269996
0.104160	-0.391890
0.104240	-0.391890
0.104320	-0.391890
0.104400	-0.391890
0.104480	-0.391890
0.104560	-0.391890
0.104640	-0.269996
0.104720	-0.269996
0.104800	-0.269996
0.104880	-0.269996
0.104960	-0.269996
0.105040	-0.269996
0.105120	-0.148101
0.105200	-0.148101
0.105280	-0.148101
0.105360	-0.148101
0.105440	-0.026206
0.105520	-0.026206
0.105600	-0.026206
0.105680	-0.026206
0.105760	-0.026206
0.105840	0.095688
0.105920	0.095688
0.106000	0.095688
0.106080	0.217583
0.106160	0.217583
0.106240	0.217583
0.106320	0.217583
0.106400	0.217583
0.106480	0.339478
0.106560	0.461373
0.106640	0.339478
0.106720	0.461373
0.106800	0.461373
0.106880	0.583267
0.106960	0.583267
0.107040	0.583267
0.107120	0.583267
0.107200	0.583267
0.107280	0.705162
0.107360	0.705162
0.107440	0.705162
0.107520	0.827057
0.107600	0.948951
0.107680	1.070850
0.107760	1.070850
0.107840	1.070850
0.107920	1.070850
0.108000	1.070850
0.108080	1.192740
0.108160	1.314640
0.108240	1.314640
0.108320	1.314640
0.108400	1.436530
0.108480	1.436530
0.108560	1.558430
0.108640	1.436530
0.108720	1.558430
0.108800	1.558430
0.108880	1.680320
0.108960	1.802220
0.109040	1.802220
0.109120	1.924110
0.109200	1.924110
0.109280	1.924110
0.109360	2.046000
0.109440	2.046000
0.109520	2.046000
0.109600	2.046000
0.109680	2.046000
0.109760	2.167900
0.109840	2.167900
0.109920	2.289790
0.110000	2.289790
0.110080	2.289790
0.110160	2.289790
0.110240	2.289790
0.110320	2.289790
0.110400	2.411690
0.110480	2.411690
0.110560	2.411690
0.110640	2.411690
0.110720	2.411690
0.110800	2.289790
0.110880	2.411690
0.110960	2.411690
0.111040	2.411690
0.111120	2.533580
0.111200	2.411690
0.111280	2.411690
0.111360	2.411690
0.111440	2.411690
0.111520	2.411690
0.111600	2.411690
0.111680	2.533580
0.111760	2.533580
0.111840	2.533580
0.111920	2.533580
0.112000	2.533580
0.112080	2.533580
0.112160	2.411690
0.112240	2.411690
0.112320	2.411690
0.112400	2.411690
0.112480	2.533580
0.112560	2.533580
0.112640	2.533580
0.112720	2.411690
0.112800	2.411690
0.112880	2.411690
0.112960	2.411690
0.113040	2.411690
0.113120	2.411690
0.113200	2.289790
0.113280	2.411690
0.113360	2.289790
0.113440	2.411690
0.113520	2.289790
0.113600	2.289790
0.113680	2.289790
0.113760	2.289790
0.113840	2.167900
0.113920	2.167900
0.114000	2.167900
0.114080	2.167900
0.114160	2.167900
0.114240	2.167900
0.114320	2.167900
0.114400	2.167900
0.114480	2.167900
0.114560	2.046000
0.114640	2.046000
0.114720	2.046000
0.114800	1.924110
0.114880	1.924110
0.114960	1.924110
0.115040	1.924110
0.115120	1.802220
0.115200	1.802220
0.115280	1.924110
0.115360	1.802220
0.115440	1.802220
0.115520	1.680320
0.115600	1.680320
0.115680	1.680320
0.115760	1.558430
0.115840	1.558430
0.115920	1.558430
0.116000	1.436530
0.116080	1.436530
0.116160	1.436530
0.116240	1.436530
0.116320	1.436530
0.116400	1.192740
0.116480	1.192740
0.116560	1.070850
0.116640	1.070850
0.116720	1.070850
0.116800	0.948951
0.116880	0.948951
0.116960	0.827057
0.117040	0.827057
0.117120	0.827057
0.117200	0.705162
0.117280	0.705162
0.117360	0.705162
0.117440	0.583267
0.117520	0.461373
0.117600	0.461373
0.117680	0.461373
0.117760	0.461373
0.117840	0.461373
0.117920	0.339478
0.118000	0.339478
0.118080	0.339478
0.118160	0.217583
0.118240	0.217583
0.118320	0.095688
0.118400	0.095688
0.118480	0.095688
0.118560	-0.026206
0.118640	-0.026206
0.118720	-0.026206
0.118800	-0.026206
0.118880	-0.148101
0.118960	-0.148101
0.119040	-0.269996
0.119120	-0.269996
0.119200	-0.269996
0.119280	-0.269996
0.119360	-0.391890
0.119440	-0.391890
0.119520	-0.391890
0.119600	-0.513785
0.119680	-0.513785
0.119760	-0.513785
0.119840	-0.635680
0.119920	-0.635680
0.120000	-0.635680
0.120080	-0.757575
0.120160	-0.757575
0.120240	-0.879469
0.120320	-0.879469
0.120400	-0.879469
0.120480	-0.879469
0.120560	-0.879469
0.120640	-0.879469
0.120720	-1.001360
0.120800	-1.001360
0.120880	-1.001360
0.120960	-1.001360
0.121040	-1.123260
0.121120	-1.123260
0.121200	-1.123260
0.121280	-1.123260
0.121360	-1.123260
0.121440	-1.245150
0.121520	-1.245150
0.121600	-1.245150
0.121680	-1.245150
0.121760	-1.245150
0.121840	-1.367050
0.121920	-1.367050
0.122000	-1.367050
0.122080	-1.367050
0.122160	-1.367050
0.122240	-1.367050
0.122320	-1.367050
0.122400	-1.367050
0.122480	-1.367050
0.122560	-1.367050
0.122640	-1.488940
0.122720	-1.488940
0.122800	-1.488940
0.122880	-1.610840
0.122960	-1.488940
0.123040	-1.488940
0.123120	-1.488940
0.123200	-1.610840
0.123280	-1.610840
0.123360	-1.610840
0.123440	-1.610840
0.123520	-1.610840
0.123600	-1.610840
0.123680	-1.610840
0.123760	-1.610840
0.123840	-1.610840
0.123920	-1.610840
0.124000	-1.732730
0.124080	-1.732730
0.124160	-1.732730
0.124240	-1.732730
0.124320	-1.732730
0.124400	-1.732730
0.124480	-1.732730
0.124560	-1.732730
0.124640	-1.610840
0.124720	-1.732730
0.124800	-1.610840
0.124880	-1.610840
0.124960	-1.610840
0.125040	-1.732730
0.125120	-1.610840
0.125200	-1.610840
0.125280	-1.732730
0.125360	-1.732730
0.125440	-1.732730
0.125520	-1.732730
0.125600	-1.732730
0.125680	-1.732730
0.125760	-1.732730
0.125840	-1.732730
0.125920	-1.732730
0.126000	-1.732730
0.126080	-1.854630
0.126160	-1.732730
0.126240	-1.732730
0.126320	-1.732730
0.126400	-1.854630
0.126480	-1.854630
0.126560	-1.854630
0.126640	-1.854630
0.126720	-1.854630
0.126800	-1.854630
0.126880	-1.976520
0.126960	-1.854630
0.127040	-1.854630
0.127120	-1.854630
0.127200	-1.854630
0.127280	-1.854630
0.127360	-1.854630
0.127440	-1.854630
0.127520	-1.854630
0.127600	-1.854630
0.127680	-1.854630
0.127760	-1.854630
0.127840	-1.854630
0.127920	-1.854630
0.128000	-1.854630
0.128080	-1.854630
0.128160	-1.854630
0.128240	-1.854630
0.128320	-1.854630
0.128400	-1.854630
0.128480	-1.854630
0.128560	-1.854630
0.128640	-1.854630
0.128720	-1.854630
0.128800	-1.854630
0.128880	-1.854630
0.128960	-1.854630
0.129040	-1.854630
0.129120	-1.854630
0.129200	-1.732730
0.129280	-1.732730
0.129360	-1.732730
0.129440	-1.732730
0.129520	-1.732730
0.129600	-1.610840
0.129680	-1.610840
0.129760	-1.610840
0.129840	-1.610840
0.129920	-1.610840
0.130000	-1.488940
0.130080	-1.488940
0.130160	-1.488940
0.130240	-1.610840
0.130320	-1.488940
0.130400	-1.488940
0.130480	-1.488940
0.130560	-1.488940
0.130640	-1.488940
0.130720	-1.488940
0.130800	-1.488940
0.130880	-1.488940
0.130960	-1.488940
0.131040	-1.367050
0.131120	-1.367050
0.131200	-1.367050
0.131280	-1.367050
0.131360	-1.245150
0.131440	-1.245150
0.131520	-1.245150
0.131600	-1.245150
0.131680	-1.245150
0.131760	-1.245150
0.131840	-1.245150
0.131920	-1.123260
0.132000	-1.123260
0.132080	-1.123260
0.132160	-1.123260
0.132240	-1.123260
0.132320	-1.123260
0.132400	-1.123260
0.132480	-1.001360
0.132560	-1.001360
0.132640	-1.001360
0.132720	-0.879469
0.132800	-0.879469
0.132880	-0.879469
0.132960	-0.879469
0.133040	-0.879469
0.133120	-0.879469
0.133200	-0.879469
0.133280	-0.879469
0.133360	-0.757575
0.133440	-0.757575
0.133520	-0.757575
0.133600	-0.635680
0.133680	-0.635680
0.133760	-0.635680
0.133840	-0.635680
0.133920	-0.635680
0.134000	-0.513785
0.134080	-0.513785
0.134160	-0.513785
0.134240	-0.513785
0.134320	-0.391890
0.134400	-0.391890
0.134480	-0.391890
0.134560	-0.391890
0.134640	-0.269996
0.134720	-0.269996
0.134800	-0.269996
0.134880	-0.269996
0.134960	-0.269996
0.135040	-0.148101
0.135120	-0.148101
0.135200	-0.148101
0.135280	-0.148101
0.135360	-0.026206
0.135440	-0.026206
0.135520	-0.026206
0.135600	-0.026206
0.135680	-0.026206
0.135760	-0.026206
0.135840	0.095688
0.135920	0.095688
0.136000	0.095688
0.136080	0.095688
0.136160	0.095688
0.136240	0.095688
0.136320	0.217583
0.136400	0.095688
0.136480	0.217583
0.136560	0.217583
0.136640	0.339478
0.136720	0.339478
0.136800	0.339478
0.136880	0.339478
0.136960	0.339478
0.137040	0.461373
0.137120	0.461373
0.137200	0.461373
0.137280	0.461373
0.137360	0.583267
0.137440	0.583267
0.137520	0.583267
0.137600	0.583267
0.137680	0.583267
0.137760	0.583267
0.137840	0.583267
0.137920	0.583267
0.138000	0.583267
0.138080	0.583267
0.138160	0.583267
0.138240	0.583267
0.138320	0.705162
0.138400	0.583267
0.138480	0.705162
0.138560	0.705162
0.138640	0.705162
0.138720	0.705162
0.138800	0.705162
0.138880	0.705162
0.138960	0.705162
0.139040	0.705162
0.139120	0.827057
0.139200	0.827057
0.139280	0.705162
0.139360	0.827057
0.139440	0.827057
0.139520	0.827057
0.139600	0.827057
0.139680	0.827057
0.139760	0.827057
0.139840	0.827057
0.139920	0.827057
0.140000	0.827057
0.140080	0.827057
0.140160	0.827057
0.140240	0.948951
0.140320	0.948951
0.140400	0.948951
0.140480	0.948951
0.140560	0.948951
0.140640	1.070850
0.140720	0.948951
0.140800	0.948951
0.140880	0.948951
0.140960	0.948951
0.141040	1.070850
0.141120	0.948951
0.141200	1.070850
0.141280	1.070850
0.141360	0.948951
0.141440	1.070850
0.141520	1.070850
0.141600	1.070850
0.141680	1.070850
0.141760	1.070850
0.141840	1.070850
0.141920	1.070850
0.142000	1.070850
0.142080	1.070850
0.142160	1.070850
0.142240	1.070850
0.142320	1.070850
0.142400	1.070850
0.142480	1.070850
0.142560	1.070850
0.142640	1.070850
0.142720	1.070850
0.142800	1.192740
0.142880	1.070850
0.142960	1.070850
0.143040	1.192740
0.143120	1.192740
0.143200	1.070850
0.143280	1.192740
0.143360	1.070850
0.143440	1.192740
0.143520	1.192740
0.143600	1.192740
0.143680	1.192740
0.143760	1.192740
0.143840	1.192740
0.143920	1.192740
0.144000	1.192740
0.144080	1.192740
0.144160	1.192740
0.144240	1.192740
0.144320	1.192740
0.144400	1.192740
0.144480	1.192740
0.144560	1.192740
0.144640	1.192740
0.144720	1.192740
0.144800	1.192740
0.144880	1.192740
0.144960	1.192740
0.145040	1.192740
0.145120	1.192740
0.145200	1.070850
0.145280	1.070850
0.145360	1.070850
0.145440	1.070850
0.145520	1.070850
0.145600	1.070850
0.145680	1.070850
0.145760	1.070850
0.145840	1.070850
0.145920	0.948951
0.146000	0.948951
0.146080	0.948951
0.146160	0.948951
0.146240	0.827057
0.146320	0.827057
0.146400	0.827057
0.146480	0.705162
0.146560	0.705162
0.146640	0.705162
0.146720	0.705162
0.146800	0.705162
0.146880	0.705162
0.146960	0.583267
0.147040	0.583267
0.147120	0.583267
0.147200	0.461373
0.147280	0.461373
0.147360	0.461373
0.147440	0.339478
0.147520	0.339478
0.147600	0.339478
0.147680	0.339478
0.147760	0.339478
0.147840	0.217583
0.147920	0.095688
0.148000	0.095688
0.148080	0.095688
0.148160	0.095688
0.148240	-0.026206
0.148320	-0.026206
0.148400	-0.026206
0.148480	-0.148101
0.148560	-0.148101
0.148640	-0.148101
0.148720	-0.148101
0.148800	-0.148101
0.148880	-0.148101
0.148960	-0.269996
0.149040	-0.269996
0.149120	-0.391890
0.149200	-0.391890
0.149280	-0.391890
0.149360	-0.391890
0.149440	-0.269996
0.149520	-0.391890
0.149600	-0.391890
0.149680	-0.391890
0.149760	-0.391890
0.149840	-0.391890
0.149920	-0.391890
0.150000	-0.391890
0.150080	-0.391890
0.150160	-0.391890
0.150240	-0.391890
0.150320	-0.391890
0.150400	-0.391890
0.150480	-0.391890
0.150560	-0.391890
0.150640	-0.391890
0.150720	-0.513785
0.150800	-0.513785
0.150880	-0.513785
0.150960	-0.513785
0.151040	-0.513785
0.151120	-0.513785
0.151200	-0.513785
0.151280	-0.391890
0.151360	-0.513785
0.151440	-0.513785
0.151520	-0.513785
0.151600	-0.513785
0.151680	-0.513785
0.151760	-0.513785
0.151840	-0.635680
0.151920	-0.635680
0.152000	-0.635680
0.152080	-0.635680
0.152160	-0.635680
0.152240	-0.635680
0.152320	-0.635680
0.152400	-0.635680
0.152480	-0.635680
0.152560	-0.635680
0.152640	-0.635680
0.152720	-0.635680
0.152800	-0.757575
0.152880	-0.757575
0.152960	-0.757575
0.153040	-0.757575
0.153120	-0.757575
0.153200	-0.757575
0.153280	-0.757575
0.153360	-0.757575
0.153440	-0.757575
0.153520	-0.757575
0.153600	-0.757575
0.153680	-0.757575
0.153760	-0.757575
0.153840	-0.635680
0.153920	-0.757575
0.154000	-0.635680
0.154080	-0.635680
0.154160	-0.635680
0.154240	-0.635680
0.154320	-0.635680
0.154400	-0.635680
0.154480	-0.635680
0.154560	-0.635680
0.154640	-0.635680
0.154720	-0.635680
0.154800	-0.635680
0.154880	-0.635680
0.154960	-0.635680
0.155040	-0.513785
0.155120	-0.513785
0.155200	-0.635680
0.155280	-0.635680
0.155360	-0.513785
0.155440	-0.513785
0.155520	-0.513785
0.155600	-0.513785
0.155680	-0.635680
0.155760	-0.513785
0.155840	-0.513785
0.155920	-0.635680
0.156000	-0.635680
0.156080	-0.635680
0.156160	-0.513785
0.156240	-0.635680
0.156320	-0.635680
0.156400	-0.635680
0.156480	-0.635680
0.156560	-0.635680
0.156640	-0.635680
0.156720	-0.635680
0.156800	-0.635680
0.156880	-0.635680
0.156960	-0.513785
0.157040	-0.635680
0.157120	-0.635680
0.157200	-0.635680
0.157280	-0.635680
0.157360	-0.635680
0.157440	-0.635680
0.157520	-0.635680
0.157600	-0.513785
0.157680	-0.513785
0.157760	-0.513785
0.157840	-0.513785
0.157920	-0.513785
0.158000	-0.513785
0.158080	-0.635680
0.158160	-0.513785
0.158240	-0.513785
0.158320	-0.513785
0.158400	-0.513785
0.158480	-0.391890
0.158560	-0.513785
0.158640	-0.513785
0.158720	-0.391890
0.158800	-0.391890
0.158880	-0.391890
0.158960	-0.391890
0.159040	-0.391890
0.159120	-0.391890
0.159200	-0.391890
0.159280	-0.391890
0.159360	-0.391890
0.159440	-0.391890
0.159520	-0.391890
0.159600	-0.391890
0.159680	-0.391890
0.159760	-0.391890
0.159840	-0.269996
0.159920	-0.269996
0.160000	-0.391890
0.160080	-0.391890
0.160160	-0.269996
0.160240	-0.269996
0.160320	-0.269996
0.160400	-0.269996
0.160480	-0.269996
0.160560	-0.269996
0.160640	-0.269996
0.160720	-0.269996
0.160800	-0.269996
0.160880	-0.269996
0.160960	-0.269996
0.161040	-0.269996
0.161120	-0.269996
0.161200	-0.269996
0.161280	-0.269996
0.161360	-0.269996
0.161440	-0.269996
0.161520	-0.269996
0.161600	-0.269996
0.161680	-0.269996
0.161760	-0.269996
0.161840	-0.269996
0.161920	-0.269996
0.162000	-0.269996
0.162080	-0.269996
0.162160	-0.269996
0.162240	-0.269996
0.162320	-0.269996
0.162400	-0.269996
0.162480	-0.269996
0.162560	-0.269996
0.162640	-0.269996
0.162720	-0.269996
0.162800	-0.269996
0.162880	-0.148101
0.162960	-0.148101
0.163040	-0.148101
0.163120	-0.148101
0.163200	-0.148101
0.163280	-0.148101
0.163360	-0.148101
0.163440	-0.148101
0.163520	-0.148101
0.163600	-0.148101
0.163680	-0.148101
0.163760	-0.148101
0.163840	-0.148101
0.163920	-0.148101
0.164000	-0.148101
0.164080	-0.148101
0.164160	-0.148101
0.164240	-0.148101
0.164320	-0.148101
0.164400	-0.148101
0.164480	-0.148101
0.164560	-0.148101
0.164640	-0.148101
0.164720	-0.148101
0.164800	-0.148101
0.164880	-0.148101
0.164960	-0.148101
0.165040	-0.269996
0.165120	-0.148101
0.165200	-0.148101
0.165280	-0.148101
0.165360	-0.148101
0.165440	-0.148101
0.165520	-0.269996
0.165600	-0.269996
0.165680	-0.269996
0.165760	-0.269996
0.165840	-0.269996
0.165920	-0.269996
0.166000	-0.269996
0.166080	-0.269996
0.166160	-0.269996
0.166240	-0.269996
0.166320	-0.269996
0.166400	-0.269996
0.166480	-0.269996
0.166560	-0.269996
0.166640	-0.269996
0.166720	-0.269996
0.166800	-0.269996
0.166880	-0.391890
0.166960	-0.391890
0.167040	-0.391890
0.167120	-0.391890
0.167200	-0.391890
0.167280	-0.391890
0.167360	-0.391890
0.167440	-0.391890
0.167520	-0.391890
0.167600	-0.391890
0.167680	-0.513785
0.167760	-0.391890
0.167840	-0.513785
0.167920	-0.391890
0.168000	-0.513785
0.168080	-0.513785
0.168160	-0.513785
0.168240	-0.513785
0.168320	-0.513785
0.168400	-0.513785
0.168480	-0.513785
0.168560	-0.513785
0.168640	-0.513785
0.168720	-0.513785
0.168800	-0.513785
0.168880	-0.513785
0.168960	-0.513785
0.169040	-0.513785
0.169120	-0.513785
0.169200	-0.513785
0.169280	-0.513785
0.169360	-0.513785
0.169440	-0.635680
0.169520	-0.513785
0.169600	-0.513785
0.169680	-0.513785
0.169760	-0.513785
0.169840	-0.513785
0.169920	-0.513785
0.170000	-0.513785
0.170080	-0.513785
0.170160	-0.513785
0.170240	-0.513785
0.170320	-0.513785
0.170400	-0.513785
0.170480	-0.391890
0.170560	-0.513785
0.170640	-0.513785
0.170720	-0.513785
0.170800	-0.513785
0.170880	-0.391890
0.170960	-0.513785
0.171040	-0.513785
0.171120	-0.513785
0.171200	-0.513785
0.171280	-0.513785
0.171360	-0.513785
0.171440	-0.513785
0.171520	-0.635680
0.171600	-0.513785
0.171680	-0.513785
0.171760	-0.513785
0.171840	-0.635680
0.171920	-0.635680
0.172000	-0.635680
0.172080	-0.635680
0.172160	-0.635680
0.172240	-0.635680
0.172320	-0.635680
0.172400	-0.635680
0.172480	-0.757575
0.172560	-0.635680
0.172640	-0.635680
0.172720	-0.635680
0.172800	-0.757575
0.172880	-0.757575
0.172960	-0.635680
0.173040	-0.635680
0.173120	-0.757575
0.173200	-0.757575
0.173280	-0.757575
0.173360	-0.757575
0.173440	-0.757575
0.173520	-0.757575
0.173600	-0.757575
0.173680	-0.757575
0.173760	-0.757575
0.173840	-0.879469
0.173920	-0.879469
0.174000	-0.879469
0.174080	-0.879469
0.174160	-0.879469
0.174240	-0.879469
0.174320	-0.879469
0.174400	-0.879469
0.174480	-1.001360
0.174560	-1.001360
0.174640	-1.001360
0.174720	-1.001360
0.174800	-1.001360
0.174880	-1.001360
0.174960	-1.001360
0.175040	-1.001360
0.175120	-1.001360
0.175200	-1.001360
0.175280	-1.001360
0.175360	-1.001360
0.175440	-1.123260
0.175520	-1.123260
0.175600	-1.123260
0.175680	-1.123260
0.175760	-1.123260
0.175840	-1.123260
0.175920	-1.123260
0.176000	-1.123260
0.176080	-1.123260
0.176160	-1.123260
0.176240	-1.123260
0.176320	-1.123260
0.176400	-1.123260
0.176480	-1.123260
0.176560	-1.123260
0.176640	-1.123260
0.176720	-1.123260
0.176800	-1.245150
0.176880	-1.245150
0.176960	-1.245150
0.177040	-1.245150
0.177120	-1.245150
0.177200	-1.245150
0.177280	-1.245150
0.177360	-1.245150
0.177440	-1.245150
0.177520	-1.245150
0.177600	-1.245150
0.177680	-1.245150
0.177760	-1.367050
0.177840	-1.245150
0.177920	-1.245150
0.178000	-1.367050
0.178080	-1.367050
0.178160	-1.367050
0.178240	-1.367050
0.178320	-1.367050
0.178400	-1.367050
0.178480	-1.367050
0.178560	-1.367050
0.178640	-1.367050
0.178720	-1.367050
0.178800	-1.367050
0.178880	-1.367050
0.178960	-1.367050
0.179040	-1.367050
0.179120	-1.367050
0.179200	-1.367050
0.179280	-1.245150
0.179360	-1.245150
0.179440	-1.245150
0.179520	-1.367050
0.179600	-1.245150
0.179680	-1.245150
0.179760	-1.245150
0.179840	-1.245150
0.179920	-1.245150
0.180000	-1.245150
0.180080	-1.245150
0.180160	-1.245150
0.180240	-1.245150
0.180320	-1.245150
0.180400	-1.245150
0.180480	-1.123260
0.180560	-1.245150
0.180640	-1.245150
0.180720	-1.123260
0.180800	-1.123260
0.180880	-1.123260
0.180960	-1.123260
0.181040	-1.123260
0.181120	-1.123260
0.181200	-1.123260
0.181280	-1.123260
0.181360	-1.123260
0.181440	-1.123260
0.181520	-1.001360
0.181600	-1.123260
0.181680	-1.123260
0.181760	-1.001360
0.181840	-1.123260
0.181920	-1.001360
0.182000	-1.001360
0.182080	-1.001360
0.182160	-1.001360
0.182240	-1.001360
0.182320	-1.001360
0.182400	-1.001360
0.182480	-1.001360
0.182560	-1.001360
0.182640	-1.001360
0.182720	-1.123260
0.182800	-1.001360
0.182880	-1.001360
0.182960	-1.001360
0.183040	-1.123260
0.183120	-1.001360
0.183200	-1.001360
0.183280	-1.123260
0.183360	-1.123260
0.183440	-1.123260
0.183520	-1.123260
0.183600	-1.123260
0.183680	-1.123260
0.183760	-1.123260
0.183840	-1.123260
0.183920	-1.123260
0.184000	-1.123260
0.184080	-1.123260
0.184160	-1.123260
0.184240	-1.123260
0.184320	-1.123260
0.184400	-1.001360
0.184480	-1.123260
0.184560	-1.123260
0.184640	-1.123260
0.184720	-1.123260
0.184800	-1.123260
0.184880	-1.123260
0.184960	-1.123260
0.185040	-1.123260
0.185120	-1.123260
0.185200	-1.123260
0.185280	-1.245150
0.185360	-1.123260
0.185440	-1.245150
0.185520	-1.245150
0.185600	-1.245150
0.185680	-1.123260
0.185760	-1.245150
0.185840	-1.245150
0.185920	-1.245150
0.186000	-1.245150
0.186080	-1.245150
0.186160	-1.245150
0.186240	-1.245150
0.186320	-1.245150
0.186400	-1.245150
0.186480	-1.245150
0.186560	-1.367050
0.186640	-1.245150
0.186720	-1.245150
0.186800	-1.245150
0.186880	-1.367050
0.186960	-1.245150
0.187040	-1.367050
0.187120	-1.245150
0.187200	-1.367050
0.187280	-1.367050
0.187360	-1.367050
0.187440	-1.367050
0.187520	-1.367050
0.187600	-1.367050
0.187680	-1.367050
0.187760	-1.367050
0.187840	-1.367050
0.187920	-1.367050
0.188000	-1.367050
0.188080	-1.367050
0.188160	-1.367050
0.188240	-1.488940
0.188320	-1.488940
0.188400	-1.488940
0.188480	-1.367050
0.188560	-1.367050
0.188640	-1.367050
0.188720	-1.367050
0.188800	-1.367050
0.188880	-1.488940
0.188960	-1.488940
0.189040	-1.367050
0.189120	-1.488940
0.189200	-1.367050
0.189280	-1.367050
0.189360	-1.488940
0.189440	-1.488940
0.189520	-1.488940
0.189600	-1.488940
0.189680	-1.367050
0.189760	-1.367050
0.189840	-1.367050
0.189920	-1.488940
0.190000	-1.488940
0.190080	-1.367050
0.190160	-1.488940
0.190240	-1.367050
0.190320	-1.367050
0.190400	-1.367050
0.190480	-1.367050
0.190560	-1.367050
0.190640	-1.367050
0.190720	-1.367050
0.190800	-1.367050
0.190880	-1.367050
0.190960	-1.367050
0.191040	-1.367050
0.191120	-1.367050
0.191200	-1.367050
0.191280	-1.367050
0.191360	-1.367050
0.191440	-1.367050
0.191520	-1.367050
0.191600	-1.367050
0.191680	-1.367050
0.191760	-1.367050
0.191840	-1.245150
0.191920	-1.367050
0.192000	-1.245150
0.192080	-1.367050
0.192160	-1.245150
0.192240	-1.245150
0.192320	-1.245150
0.192400	-1.245150
0.192480	-1.245150
0.192560	-1.245150
0.192640	-1.245150
0.192720	-1.245150
0.192800	-1.123260
0.192880	-1.123260
0.192960	-1.245150
0.193040	-1.123260
0.193120	-1.245150
0.193200	-1.123260
0.193280	-1.123260
0.193360	-1.123260
0.193440	-1.123260
0.193520	-1.123260
0.193600	-1.123260
0.193680	-1.001360
0.193760	-1.001360
0.193840	-1.001360
0.193920	-1.001360
0.194000	-1.001360
0.194080	-1.001360
0.194160	-1.001360
0.194240	-1.001360
0.194320	-0.879469
0.194400	-1.001360
0.194480	-0.879469
0.194560	-0.879469
0.194640	-0.879469
0.194720	-0.879469
0.194800	-0.879469
0.194880	-0.879469
0.194960	-0.879469
0.195040	-0.757575
0.195120	-0.757575
0.195200	-0.879469
0.195280	-0.757575
0.195360	-0.757575
0.195440	-0.757575
0.195520	-0.757575
0.195600	-0.757575
0.195680	-0.757575
0.195760	-0.757575
0.195840	-0.757575
0.195920	-0.757575
0.196000	-0.635680
0.196080	-0.757575
0.196160	-0.757575
0.196240	-0.635680
0.196320	-0.635680
0.196400	-0.757575
0.196480	-0.635680
0.196560	-0.635680
0.196640	-0.635680
0.196720	-0.513785
0.196800	-0.513785
0.196880	-0.513785
0.196960	-0.635680
0.197040	-0.513785
0.197120	-0.513785
0.197200	-0.513785
0.197280	-0.635680
0.197360	-0.513785
0.197440	-0.513785
0.197520	-0.513785
0.197600	-0.513785
0.197680	-0.513785
0.197760	-0.513785
0.197840	-0.513785
0.197920	-0.513785
0.198000	-0.391890
0.198080	-0.391890
0.198160	-0.391890
0.198240	-0.391890
0.198320	-0.269996
0.198400	-0.391890
0.198480	-0.391890
0.198560	-0.269996
0.198640	-0.269996
0.198720	-0.269996
0.198800	-0.269996
0.198880	-0.269996
0.198960	-0.269996
0.199040	-0.269996
0.199120	-0.269996
0.199200	-0.148101
0.199280	-0.269996
0.199360	-0.148101
0.199440	-0.148101
0.199520	-0.148101
0.199600	-0.148101
0.199680	-0.148101
0.199760	-0.026206
0.199840	-0.026206
0.199920	-0.026206
0.200000	-0.026206
0.200080	-0.026206
0.200160	-0.026206
0.200240	-0.026206
0.200320	-0.026206
0.200400	0.095688
0.200480	0.095688
0.200560	0.095688
0.200640	0.095688
0.200720	0.095688
0.200800	0.095688
0.200880	0.095688
0.200960	0.095688
0.201040	0.095688
0.201120	0.217583
0.201200	0.095688
0.201280	0.095688
0.201360	0.217583
0.201440	0.217583
0.201520	0.217583
0.201600	0.339478
0.201680	0.217583
0.201760	0.339478
0.201840	0.339478
0.201920	0.339478
0.202000	0.339478
0.202080	0.339478
0.202160	0.339478
0.202240	0.339478
0.202320	0.339478
0.202400	0.339478
0.202480	0.339478
0.202560	0.339478
0.202640	0.461373
0.202720	0.461373
0.202800	0.461373
0.202880	0.339478
0.202960	0.461373
0.203040	0.461373
0.203120	0.461373
0.203200	0.461373
0.203280	0.461373
0.203360	0.461373
0.203440	0.461373
0.203520	0.461373
0.203600	0.461373
0.203680	0.461373
0.203760	0.461373
0.203840	0.461373
0.203920	0.583267
0.204000	0.461373
0.204080	0.583267
0.204160	0.461373
0.204240	0.583267
0.204320	0.583267
0.204400	0.583267
0.204480	0.583267
0.204560	0.583267
0.204640	0.583267
0.204720	0.583267
0.204800	0.583267
0.204880	0.583267
0.204960	0.583267
0.205040	0.583267
0.205120	0.583267
0.205200	0.583267
0.205280	0.583267
0.205360	0.583267
0.205440	0.583267
0.205520	0.583267
0.205600	0.583267
0.205680	0.583267
0.205760	0.705162
0.205840	0.705162
0.205920	0.705162
0.206000	0.583267
0.206080	0.583267
0.206160	0.583267
0.206240	0.583267
0.206320	0.583267
0.206400	0.583267
0.206480	0.705162
0.206560	0.705162
0.206640	0.705162
0.206720	0.583267
0.206800	0.583267
0.206880	0.583267
0.206960	0.583267
0.207040	0.705162
0.207120	0.583267
0.207200	0.705162
0.207280	0.583267
0.207360	0.583267
0.207440	0.583267
0.207520	0.583267
0.207600	0.583267
0.207680	0.583267
0.207760	0.583267
0.207840	0.583267
0.207920	0.583267
0.208000	0.461373
0.208080	0.583267
0.208160	0.583267
0.208240	0.461373
0.208320	0.461373
0.208400	0.461373
0.208480	0.461373
0.208560	0.461373
0.208640	0.461373
0.208720	0.461373
0.208800	0.461373
0.208880	0.461373
0.208960	0.339478
0.209040	0.461373
0.209120	0.461373
0.209200	0.461373
0.209280	0.339478
0.209360	0.339478
0.209440	0.339478
0.209520	0.339478
0.209600	0.339478
0.209680	0.217583
0.209760	0.339478
0.209840	0.217583
0.209920	0.217583
0.210000	0.217583
0.210080	0.217583
0.210160	0.217583
0.210240	0.095688
0.210320	0.217583
0.210400	0.095688
0.210480	0.095688
0.210560	0.095688
0.210640	0.095688
0.210720	0.095688
0.210800	0.095688
0.210880	0.095688
0.210960	-0.026206
0.211040	-0.026206
0.211120	-0.026206
0.211200	-0.026206
0.211280	-0.026206
0.211360	-0.026206
0.211440	-0.026206
0.211520	-0.148101
0.211600	-0.148101
0.211680	-0.148101
0.211760	-0.148101
0.211840	-0.269996
0.211920	-0.269996
0.212000	-0.269996
0.212080	-0.269996
0.212160	-0.269996
0.212240	-0.269996
0.212320	-0.269996
0.212400	-0.391890
0.212480	-0.391890
0.212560	-0.391890
0.212640	-0.391890
0.212720	-0.513785
0.212800	-0.513785
0.212880	-0.513785
0.212960	-0.513785
0.213040	-0.513785
0.213120	-0.513785
0.213200	-0.635680
0.213280	-0.635680
0.213360	-0.635680
0.213440	-0.635680
0.213520	-0.635680
0.213600	-0.635680
0.213680	-0.757575
0.213760	-0.757575
0.213840	-0.757575
0.213920	-0.757575
0.214000	-0.757575
0.214080	-0.757575
0.214160	-0.757575
0.214240	-0.757575
0.214320	-0.757575
0.214400	-0.757575
0.214480	-0.757575
0.214560	-0.757575
0.214640	-0.757575
0.214720	-0.757575
0.214800	-0.879469
0.214880	-0.879469
0.214960	-0.879469
0.215040	-0.757575
0.215120	-0.757575
0.215200	-0.879469
0.215280	-0.757575
0.215360	-0.757575
0.215440	-0.757575
0.215520	-0.757575
0.215600	-0.757575
0.215680	-0.757575
0.215760	-0.757575
0.215840	-0.757575
0.215920	-0.757575
0.216000	-0.757575
0.216080	-0.757575
0.216160	-0.757575
0.216240	-0.757575
0.216320	-0.757575
0.216400	-0.635680
0.216480	-0.635680
0.216560	-0.757575
0.216640	-0.635680
0.216720	-0.635680
0.216800	-0.635680
0.216880	-0.635680
0.216960	-0.635680
0.217040	-0.635680
0.217120	-0.635680
0.217200	-0.635680
0.217280	-0.635680
0.217360	-0.635680
0.217440	-0.635680
0.217520	-0.635680
0.217600	-0.513785
0.217680	-0.513785
0.217760	-0.513785
0.217840	-0.513785
0.217920	-0.513785
0.218000	-0.513785
0.218080	-0.513785
0.218160	-0.513785
0.218240	-0.513785
0.218320	-0.513785
0.218400	-0.513785
0.218480	-0.391890
0.218560	-0.391890
0.218640	-0.391890
0.218720	-0.391890
0.218800	-0.391890
0.218880	-0.391890
0.218960	-0.269996
0.219040	-0.269996
0.219120	-0.269996
0.219200	-0.269996
0.219280	-0.269996
0.219360	-0.269996
0.219440	-0.269996
0.219520	-0.269996
0.219600	-0.269996
0.219680	-0.269996
0.219760	-0.148101
0.219840	-0.148101
0.219920	-0.148101
0.220000	-0.148101
0.220080	-0.148101
0.220160	-0.148101
0.220240	-0.148101
0.220320	-0.148101
0.220400	-0.148101
0.220480	-0.148101
0.220560	-0.026206
0.220640	-0.026206
0.220720	-0.026206
0.220800	-0.026206
0.220880	-0.026206
0.220960	-0.026206
0.221040	-0.026206
0.221120	-0.026206
0.221200	-0.026206
0.221280	-0.026206
0.221360	-0.026206
0.221440	0.095688
0.221520	0.095688
0.221600	0.095688
0.221680	0.095688
0.221760	0.095688
0.221840	0.095688
0.221920	0.217583
0.222000	0.095688
0.222080	0.217583
0.222160	0.095688
0.222240	0.095688
0.222320	0.217583
0.222400	0.217583
0.222480	0.217583
0.222560	0.217583
0.222640	0.217583
0.222720	0.217583
0.222800	0.217583
0.222880	0.217583
0.222960	0.339478
0.223040	0.339478
0.223120	0.339478
0.223200	0.339478
0.223280	0.339478
0.223360	0.339478
0.223440	0.339478
0.223520	0.339478
0.223600	0.339478
0.223680	0.339478
0.223760	0.339478
0.223840	0.339478
0.223920	0.339478
0.224000	0.461373
0.224080	0.461373
0.224160	0.461373
0.224240	0.461373
0.224320	0.461373
0.224400	0.461373
0.224480	0.461373
0.224560	0.461373
0.224640	0.461373
0.224720	0.461373
0.224800	0.461373
0.224880	0.339478
0.224960	0.339478
0.225040	0.461373
0.225120	0.461373
0.225200	0.461373
0.225280	0.339478
0.225360	0.339478
0.225440	0.339478
0.225520	0.339478
0.225600	0.461373
0.225680	0.339478
0.225760	0.339478
0.225840	0.339478
0.225920	0.339478
0.226000	0.339478
0.226080	0.339478
0.226160	0.339478
0.226240	0.339478
0.226320	0.339478
0.226400	0.339478
0.226480	0.339478
0.226560	0.339478
0.226640	0.339478
0.226720	0.339478
0.226800	0.339478
0.226880	0.339478
0.226960	0.217583
0.227040	0.339478
0.227120	0.339478
0.227200	0.217583
0.227280	0.217583
0.227360	0.217583
0.227440	0.217583
0.227520	0.217583
0.227600	0.217583
0.227680	0.217583
0.227760	0.217583
0.227840	0.217583
0.227920	0.217583
0.228000	0.217583
0.228080	0.217583
0.228160	0.217583
0.228240	0.217583
0.228320	0.217583
0.228400	0.217583
0.228480	0.217583
0.228560	0.217583
0.228640	0.095688
0.228720	0.095688
0.228800	0.217583
0.228880	0.217583
0.228960	0.217583
0.229040	0.217583
0.229120	0.095688
0.229200	0.217583
0.229280	0.095688
0.229360	0.095688
0.229440	0.217583
0.229520	0.217583
0.229600	0.217583
0.229680	0.095688
0.229760	0.095688
0.229840	0.095688
0.229920	0.095688
0.230000	0.095688
0.230080	0.217583
0.230160	0.095688
0.230240	0.095688
0.230320	0.095688
0.230400	0.095688
0.230480	0.095688
0.230560	0.095688
0.230640	0.095688
0.230720	0.095688
0.230800	0.095688
0.230880	0.095688
0.230960	0.095688
0.231040	0.095688
0.231120	0.095688
0.231200	0.095688
0.231280	0.095688
0.231360	0.095688
0.231440	0.095688
0.231520	0.217583
0.231600	0.217583
0.231680	0.095688
0.231760	0.217583
0.231840	0.095688
0.231920	0.095688
0.232000	0.095688
0.232080	0.095688
0.232160	0.095688
0.232240	0.095688
0.232320	0.095688
0.232400	0.095688
0.232480	0.217583
0.232560	0.217583
0.232640	0.095688
0.232720	0.217583
0.232800	0.217583
0.232880	0.217583
0.232960	0.217583
0.233040	0.339478
0.233120	0.339478
0.233200	0.217583
0.233280	0.217583
0.233360	0.339478
0.233440	0.339478
0.233520	0.339478
0.233600	0.339478
0.233680	0.339478
0.233760	0.339478
0.233840	0.339478
0.233920	0.339478
0.234000	0.339478
0.234080	0.461373
0.234160	0.339478
0.234240	0.339478
0.234320	0.339478
0.234400	0.339478
0.234480	0.461373
0.234560	0.461373
0.234640	0.339478
0.234720	0.461373
0.234800	0.461373
0.234880	0.461373
0.234960	0.339478
0.235040	0.461373
0.235120	0.461373
0.235200	0.461373
0.235280	0.461373
0.235360	0.461373
0.235440	0.461373
0.235520	0.461373
0.235600	0.461373
0.235680	0.461373
0.235760	0.461373
0.235840	0.461373
0.235920	0.461373
0.236000	0.461373
0.236080	0.461373
0.236160	0.461373
0.236240	0.461373
0.236320	0.461373
0.236400	0.583267
0.236480	0.461373
0.236560	0.461373
0.236640	0.583267
0.236720	0.583267
0.236800	0.461373
0.236880	0.461373
0.236960	0.461373
0.237040	0.583267
0.237120	0.461373
0.237200	0.461373
0.237280	0.583267
0.237360	0.583267
0.237440	0.583267
0.237520	0.583267
0.237600	0.583267
0.237680	0.583267
0.237760	0.583267
0.237840	0.461373
0.237920	0.583267
0.238000	0.583267
0.238080	0.461373
0.238160	0.583267
0.238240	0.583267
0.238320	0.583267
0.238400	0.583267
0.238480	0.583267
0.238560	0.583267
0.238640	0.583267
0.238720	0.583267
0.238800	0.583267
0.238880	0.583267
0.238960	0.583267
0.239040	0.705162
0.239120	0.583267
0.239200	0.583267
0.239280	0.705162
0.239360	0.705162
0.239440	0.705162
0.239520	0.705162
0.239600	0.705162
0.239680	0.705162
0.239760	0.705162
0.239840	0.705162
0.239920	0.705162
0.240000	0.705162
0.240080	0.705162
0.240160	0.705162
0.240240	0.705162
0.240320	0.705162
0.240400	0.705162
0.240480	0.705162
0.240560	0.705162
0.240640	0.705162
0.240720	0.705162
0.240800	0.705162
0.240880	0.705162
0.240960	0.705162
0.241040	0.705162
0.241120	0.705162
0.241200	0.705162
0.241280	0.705162
0.241360	0.705162
0.241440	0.705162
0.241520	0.827057
0.241600	0.705162
0.241680	0.827057
0.241760	0.705162
0.241840	0.827057
0.241920	0.705162
0.242000	0.827057
0.242080	0.827057
0.242160	0.827057
0.242240	0.827057
0.242320	0.827057
0.242400	0.705162
0.242480	0.827057
0.242560	0.827057
0.242640	0.827057
0.242720	0.827057
0.242800	0.827057
0.242880	0.827057
0.242960	0.827057
0.243040	0.827057
0.243120	0.827057
0.243200	0.827057
0.243280	0.827057
0.243360	0.827057
0.243440	0.827057
0.243520	0.948951
0.243600	0.827057
0.243680	0.827057
0.243760	0.827057
0.243840	0.948951
0.243920	0.827057
0.244000	0.827057
0.244080	0.948951
0.244160	0.948951
0.244240	0.948951
0.244320	0.948951
0.244400	0.948951
0.244480	0.948951
0.244560	0.948951
0.244640	0.948951
0.244720	0.948951
0.244800	0.948951
0.244880	0.948951
0.244960	0.948951
0.245040	0.948951
0.245120	0.948951
0.245200	0.948951
0.245280	0.948951
0.245360	0.948951
0.245440	0.948951
0.245520	0.948951
0.245600	0.948951
0.245680	0.948951
0.245760	0.948951
0.245840	0.948951
0.245920	0.948951
0.246000	0.948951
0.246080	0.948951
0.246160	0.948951
0.246240	0.948951
0.246320	1.070850
0.246400	1.070850
0.246480	1.070850
0.246560	1.070850
0.246640	0.948951
0.246720	0.948951
0.246800	0.948951
0.246880	1.070850
0.246960	1.070850
0.247040	0.948951
0.247120	1.070850
0.247200	0.948951
0.247280	0.948951
0.247360	1.070850
0.247440	0.948951
0.247520	1.070850
0.247600	0.948951
0.247680	1.070850
0.247760	1.070850
0.247840	1.070850
0.247920	1.070850
0.248000	1.070850
0.248080	1.070850
0.248160	1.070850
0.248240	1.070850
0.248320	1.070850
0.248400	1.070850
0.248480	1.070850
0.248560	1.192740
0.248640	1.192740
0.248720	1.070850
0.248800	1.070850
0.248880	1.070850
0.248960	1.070850
0.249040	1.070850
0.249120	1.070850
0.249200	1.070850
0.249280	1.070850
0.249360	1.070850
0.249440	1.070850
0.249520	1.070850
0.249600	1.070850
0.249680	1.070850
0.249760	1.070850
0.249840	1.070850
0.249920	1.070850
0.250000	1.192740
0.250080	1.192740
0.250160	1.192740
0.250240	1.192740
0.250320	1.192740
0.250400	1.192740
0.250480	1.192740
0.250560	1.192740
0.250640	1.192740
0.250720	1.192740
0.250800	1.192740
0.250880	1.192740
0.250960	1.192740
0.251040	1.192740
0.251120	1.192740
0.251200	1.192740
0.251280	1.192740
0.251360	1.192740
0.251440	1.192740
0.251520	1.192740
0.251600	1.192740
0.251680	1.192740
0.251760	1.192740
0.251840	1.192740
0.251920	1.192740
0.252000	1.192740
0.252080	1.192740
0.252160	1.192740
0.252240	1.192740
0.252320	1.192740
0.252400	1.192740
0.252480	1.192740
0.252560	1.192740
0.252640	1.192740
0.252720	1.070850
0.252800	1.192740
0.252880	1.070850
0.252960	1.192740
0.253040	1.192740
0.253120	1.070850
0.253200	1.192740
0.253280	1.192740
0.253360	1.070850
0.253440	1.070850
0.253520	1.070850
0.253600	1.070850
0.253680	1.070850
0.253760	1.070850
0.253840	1.070850
0.253920	1.070850
0.254000	1.070850
0.254080	1.070850
0.254160	1.070850
0.254240	1.192740
0.254320	1.192740
0.254400	1.192740
0.254480	1.192740
0.254560	1.192740
0.254640	1.070850
0.254720	1.192740
0.254800	1.192740
0.254880	1.192740
0.254960	1.192740
0.255040	1.070850
0.255120	1.192740
0.255200	1.070850
0.255280	1.070850
0.255360	1.070850
0.255440	1.070850
0.255520	1.070850
0.255600	1.070850
0.255680	1.070850
0.255760	1.070850
0.255840	1.070850
0.255920	1.070850
0.256000	1.070850
0.256080	1.070850
0.256160	1.070850
0.256240	1.070850
0.256320	0.948951
0.256400	1.070850
0.256480	1.070850
0.256560	1.070850
0.256640	1.070850
0.256720	1.070850
0.256800	1.070850
0.256880	1.070850
0.256960	1.070850
0.257040	1.070850
0.257120	1.070850
0.257200	1.070850
0.257280	1.070850
0.257360	1.070850
0.257440	1.070850
0.257520	1.070850
0.257600	1.070850
0.257680	1.070850
0.257760	1.070850
0.257840	1.070850
0.257920	1.070850
0.258000	1.070850
0.258080	1.070850
0.258160	1.070850
0.258240	1.070850
0.258320	1.070850
0.258400	1.070850
0.258480	1.070850
0.258560	1.070850
0.258640	1.070850
0.258720	1.070850
0.258800	1.070850
0.258880	1.070850
0.258960	1.070850
0.259040	1.070850
0.259120	1.070850
0.259200	1.070850
0.259280	1.070850
0.259360	1.070850
0.259440	1.070850
0.259520	1.070850
0.259600	1.070850
0.259680	1.070850
0.259760	1.070850
0.259840	1.070850
0.259920	1.070850
0.260000	1.070850
0.260080	1.070850
0.260160	1.070850
0.260240	1.070850
0.260320	1.070850
0.260400	1.070850
0.260480	1.070850
0.260560	1.070850
0.260640	1.070850
0.260720	1.192740
0.260800	1.070850
0.260880	1.192740
0.260960	1.192740
0.261040	1.192740
0.261120	1.070850
0.261200	1.192740
0.261280	1.192740
0.261360	1.192740
0.261440	1.192740
0.261520	1.192740
0.261600	1.192740
0.261680	1.192740
0.261760	1.192740
0.261840	1.192740
0.261920	1.192740
0.262000	1.192740
0.262080	1.192740
0.262160	1.192740
0.262240	1.192740
0.262320	1.192740
0.262400	1.192740
0.262480	1.192740
0.262560	1.314640
0.262640	1.192740
0.262720	1.192740
0.262800	1.192740
0.262880	1.192740
0.262960	1.192740
0.263040	1.192740
0.263120	1.314640
0.263200	1.192740
0.263280	1.192740
0.263360	1.192740
0.263440	1.192740
0.263520	1.192740
0.263600	1.314640
0.263680	1.314640
0.263760	1.314640
0.263840	1.314640
0.263920	1.314640
0.264000	1.314640
0.264080	1.314640
0.264160	1.314640
0.264240	1.192740
0.264320	1.314640
0.264400	1.314640
0.264480	1.314640
0.264560	1.314640
0.264640	1.436530
0.264720	1.314640
0.264800	1.314640
0.264880	1.314640
0.264960	1.314640
0.265040	1.314640
0.265120	1.436530
0.265200	1.436530
0.265280	1.436530
0.265360	1.436530
0.265440	1.436530
0.265520	1.436530
0.265600	1.436530
0.265680	1.436530
0.265760	1.436530
0.265840	1.436530
0.265920	1.314640
0.266000	1.436530
0.266080	1.436530
0.266160	1.436530
0.266240	1.436530
0.266320	1.436530
0.266400	1.436530
0.266480	1.436530
0.266560	1.436530
0.266640	1.314640
0.266720	1.314640
0.266800	1.436530
0.266880	1.436530
0.266960	1.436530
0.267040	1.436530
0.267120	1.436530
0.267200	1.436530
0.267280	1.436530
0.267360	1.436530
0.267440	1.436530
0.267520	1.314640
0.267600	1.314640
0.267680	1.436530
0.267760	1.436530
0.267840	1.436530
0.267920	1.314640
0.268000	1.314640
0.268080	1.314640
0.268160	1.436530
0.268240	1.436530
0.268320	1.436530
0.268400	1.314640
0.268480	1.314640
0.268560	1.314640
0.268640	1.314640
0.268720	1.436530
0.268800	1.436530
0.268880	1.314640
0.268960	1.314640
0.269040	1.314640
0.269120	1.314640
0.269200	1.314640
0.269280	1.314640
0.269360	1.314640
0.269440	1.314640
0.269520	1.314640
0.269600	1.314640
0.269680	1.314640
0.269760	1.314640
0.269840	1.314640
0.269920	1.314640
0.270000	1.314640
0.270080	1.314640
0.270160	1.314640
0.270240	1.314640
0.270320	1.314640
0.270400	1.314640
0.270480	1.314640
0.270560	1.314640
0.270640	1.314640
0.270720	1.314640
0.270800	1.192740
0.270880	1.314640
0.270960	1.192740
0.271040	1.314640
0.271120	1.314640
0.271200	1.314640
0.271280	1.314640
0.271360	1.314640
0.271440	1.314640
0.271520	1.314640
0.271600	1.314640
0.271680	1.314640
0.271760	1.192740
0.271840	1.192740
0.271920	1.314640
0.272000	1.192740
0.272080	1.192740
0.272160	1.314640
0.272240	1.192740
0.272320	1.192740
0.272400	1.192740
0.272480	1.192740
0.272560	1.314640
0.272640	1.192740
0.272720	1.192740
0.272800	1.192740
0.272880	1.192740
0.272960	1.192740
0.273040	1.192740
0.273120	1.192740
0.273200	1.192740
0.273280	1.192740
0.273360	1.192740
0.273440	1.192740
0.273520	1.192740
0.273600	1.192740
0.273680	1.192740
0.273760	1.192740
0.273840	1.192740
0.273920	1.192740
0.274000	1.192740
0.274080	1.192740
0.274160	1.192740
0.274240	1.192740
0.274320	1.192740
0.274400	1.192740
0.274480	1.192740
0.274560	1.192740
0.274640	1.192740
0.274720	1.192740
0.274800	1.192740
0.274880	1.192740
0.274960	1.192740
0.275040	1.192740
0.275120	1.192740
0.275200	1.192740
0.275280	1.192740
0.275360	1.192740
0.275440	1.192740
0.275520	1.192740
0.275600	1.192740
0.275680	1.192740
0.275760	1.192740
0.275840	1.192740
0.275920	1.192740
0.276000	1.192740
0.276080	1.192740
0.276160	1.192740
0.276240	1.192740
0.276320	1.070850
0.276400	1.192740
0.276480	1.192740
0.276560	1.192740
0.276640	1.192740
0.276720	1.192740
0.276800	1.192740
0.276880	1.192740
0.276960	1.192740
0.277040	1.192740
0.277120	1.192740
0.277200	1.192740
0.277280	1.070850
0.277360	1.070850
0.277440	1.192740
0.277520	1.192740
0.277600	1.070850
0.277680	1.070850
0.277760	1.070850
0.277840	1.070850
0.277920	1.070850
0.278000	1.070850
0.278080	1.070850
0.278160	1.070850
0.278240	1.070850
0.278320	1.070850
0.278400	1.070850
0.278480	1.070850
0.278560	1.070850
0.278640	1.070850
0.278720	1.070850
0.278800	1.070850
0.278880	1.070850
0.278960	0.948951
0.279040	1.070850
0.279120	1.070850
0.279200	0.948951
0.279280	0.948951
0.279360	1.070850
0.279440	0.948951
0.279520	0.948951
0.279600	0.948951
0.279680	0.948951
0.279760	0.948951
0.279840	0.948951
0.279920	1.070850
0.280000	0.948951
0.280080	0.948951
0.280160	1.070850
0.280240	0.948951
0.280320	0.948951
0.280400	0.948951
0.280480	0.948951
0.280560	0.948951
0.280640	0.948951
0.280720	0.948951
0.280800	0.948951
0.280880	0.948951
0.280960	0.948951
0.281040	0.948951
0.281120	0.948951
0.281200	0.948951
0.281280	0.948951
0.281360	0.948951
0.281440	0.948951
0.281520	0.948951
0.281600	0.948951
0.281680	0.948951
0.281760	0.948951
0.281840	0.948951
0.281920	0.948951
0.282000	0.948951
0.282080	0.948951
0.282160	0.948951
0.282240	1.070850
0.282320	0.948951
0.282400	0.948951
0.282480	0.948951
0.282560	0.948951
0.282640	0.948951
0.282720	0.948951
0.282800	1.070850
0.282880	1.070850
0.282960	0.948951
0.283040	0.948951
0.283120	1.070850
0.283200	0.948951
0.283280	0.948951
0.283360	0.948951
0.283440	0.948951
0.283520	0.948951
0.283600	0.948951
0.283680	0.948951
0.283760	0.948951
0.283840	1.070850
0.283920	0.948951
0.284000	1.070850
0.284080	1.070850
0.284160	1.070850
0.284240	1.070850
0.284320	1.070850
0.284400	0.948951
0.284480	0.948951
0.284560	1.070850
0.284640	1.070850
0.284720	0.948951
0.284800	0.948951
0.284880	1.070850
0.284960	0.948951
0.285040	1.070850
0.285120	1.070850
0.285200	1.070850
0.285280	1.070850
0.285360	0.948951
0.285440	0.948951
0.285520	0.948951
0.285600	0.948951
0.285680	0.948951
0.285760	0.948951
0.285840	1.070850
0.285920	1.070850
0.286000	0.948951
0.286080	0.948951
0.286160	0.948951
0.286240	0.948951
0.286320	0.948951
0.286400	0.948951
0.286480	0.948951
0.286560	0.948951
0.286640	0.948951
0.286720	1.070850
0.286800	0.948951
0.286880	1.070850
0.286960	0.948951
0.287040	0.948951
0.287120	0.948951
0.287200	1.070850
0.287280	0.948951
0.287360	0.948951
0.287440	1.070850
0.287520	1.070850
0.287600	1.070850
0.287680	0.948951
0.287760	0.948951
0.287840	1.070850
0.287920	1.070850
0.288000	0.948951
0.288080	1.070850
0.288160	1.070850
0.288240	1.070850
0.288320	0.948951
0.288400	1.070850
0.288480	1.070850
0.288560	1.070850
0.288640	1.070850
0.288720	1.070850
0.288800	1.070850
0.288880	1.070850
0.288960	1.070850
0.289040	1.070850
0.289120	1.070850
0.289200	0.948951
0.289280	0.948951
0.289360	1.070850
0.289440	1.070850
0.289520	1.070850
0.289600	0.948951
0.289680	0.948951
0.289760	0.948951
0.289840	0.948951
0.289920	0.948951
0.290000	0.948951
0.290080	0.948951
0.290160	0.948951
0.290240	0.948951
0.290320	0.948951
0.290400	0.948951
0.290480	0.948951
0.290560	0.948951
0.290640	0.827057
0.290720	0.948951
0.290800	0.948951
0.290880	0.948951
0.290960	0.827057
0.291040	0.948951
0.291120	0.948951
0.291200	0.948951
0.291280	0.948951
0.291360	0.948951
0.291440	0.948951
0.291520	0.948951
0.291600	0.948951
0.291680	0.948951
0.291760	0.827057
0.291840	0.948951
0.291920	0.948951
0.292000	0.948951
0.292080	0.827057
0.292160	0.827057
0.292240	0.948951
0.292320	0.827057
0.292400	0.827057
0.292480	0.948951
0.292560	0.827057
0.292640	0.827057
0.292720	0.827057
0.292800	0.827057
0.292880	0.827057
0.292960	0.827057
0.293040	0.827057
0.293120	0.827057
0.293200	0.827057
0.293280	0.827057
0.293360	0.827057
0.293440	0.827057
0.293520	0.827057
0.293600	0.827057
0.293680	0.827057
0.293760	0.705162
0.293840	0.705162
0.293920	0.827057
0.294000	0.705162
0.294080	0.827057
0.294160	0.705162
0.294240	0.827057
0.294320	0.827057
0.294400	0.827057
0.294480	0.827057
0.294560	0.827057
0.294640	0.827057
0.294720	0.705162
0.294800	0.705162
0.294880	0.705162
0.294960	0.705162
0.295040	0.705162
0.295120	0.705162
0.295200	0.705162
0.295280	0.705162
0.295360	0.705162
0.295440	0.705162
0.295520	0.705162
0.295600	0.705162
0.295680	0.705162
0.295760	0.705162
0.295840	0.705162
0.295920	0.705162
0.296000	0.705162
0.296080	0.705162
0.296160	0.705162
0.296240	0.705162
0.296320	0.705162
0.296400	0.705162
0.296480	0.705162
0.296560	0.705162
0.296640	0.583267
0.296720	0.583267
0.296800	0.705162
0.296880	0.705162
0.296960	0.705162
0.297040	0.705162
0.297120	0.583267
0.297200	0.583267
0.297280	0.583267
0.297360	0.583267
0.297440	0.583267
0.297520	0.583267
0.297600	0.583267
0.297680	0.583267
0.297760	0.583267
0.297840	0.583267
0.297920	0.583267
0.298000	0.583267
0.298080	0.583267
0.298160	0.583267
0.298240	0.583267
0.298320	0.461373
0.298400	0.461373
0.298480	0.583267
0.298560	0.461373
0.298640	0.461373
0.298720	0.583267
0.298800	0.461373
0.298880	0.461373
0.298960	0.461373
0.299040	0.461373
0.299120	0.461373
0.299200	0.583267
0.299280	0.461373
0.299360	0.461373
0.299440	0.461373
0.299520	0.461373
0.299600	0.461373
0.299680	0.461373
0.299760	0.461373
0.299840	0.461373
0.299920	0.461373
0.300000	0.461373
0.300080	0.461373
0.300160	0.461373
0.300240	0.461373
0.300320	0.461373
0.300400	0.339478
0.300480	0.461373
0.300560	0.461373
0.300640	0.461373
0.300720	0.461373
0.300800	0.339478
0.300880	0.339478
0.300960	0.339478
0.301040	0.339478
0.301120	0.339478
0.301200	0.339478
0.301280	0.461373
0.301360	0.461373
0.301440	0.339478
0.301520	0.339478
0.301600	0.339478
0.301680	0.339478
0.301760	0.339478
0.301840	0.339478
0.301920	0.339478
0.302000	0.339478
0.302080	0.339478
0.302160	0.339478
0.302240	0.339478
0.302320	0.217583
0.302400	0.339478
0.302480	0.339478
0.302560	0.339478
0.302640	0.217583
0.302720	0.217583
0.302800	0.217583
0.302880	0.217583
0.302960	0.217583
0.303040	0.217583
0.303120	0.217583
0.303200	0.217583
0.303280	0.339478
0.303360	0.217583
0.303440	0.217583
0.303520	0.339478
0.303600	0.217583
0.303680	0.217583
0.303760	0.217583
0.303840	0.217583
0.303920	0.217583
0.304000	0.217583
0.304080	0.217583
0.304160	0.217583
0.304240	0.217583
0.304320	0.217583
0.304400	0.217583
0.304480	0.217583
0.304560	0.095688
0.304640	0.217583
0.304720	0.095688
0.304800	0.095688
0.304880	0.217583
0.304960	0.095688
0.305040	0.095688
0.305120	0.095688
0.305200	0.095688
0.305280	0.095688
0.305360	0.095688
0.305440	0.095688
0.305520	0.095688
0.305600	0.095688
0.305680	0.095688
0.305760	0.095688
0.305840	0.095688
0.305920	0.095688
0.306000	0.095688
0.306080	0.095688
0.306160	0.095688
0.306240	0.095688
0.306320	0.095688
0.306400	0.095688
0.306480	0.095688
0.306560	-0.026206
0.306640	-0.026206
0.306720	0.095688
0.306800	-0.026206
0.306880	-0.026206
0.306960	0.095688
0.307040	-0.026206
0.307120	0.095688
0.307200	-0.026206
0.307280	-0.026206
0.307360	-0.026206
0.307440	-0.026206
0.307520	-0.026206
0.307600	-0.026206
0.307680	-0.026206
0.307760	-0.026206
0.307840	-0.026206
0.307920	-0.026206
0.308000	-0.026206
0.308080	-0.026206
0.308160	-0.026206
0.308240	-0.026206
0.308320	-0.148101
0.308400	-0.026206
0.308480	-0.026206
0.308560	-0.148101
0.308640	-0.026206
0.308720	-0.148101
0.308800	-0.026206
0.308880	-0.148101
0.308960	-0.148101
0.309040	-0.148101
0.309120	-0.148101
0.309200	-0.148101
0.309280	-0.148101
0.309360	-0.148101
0.309440	-0.148101
0.309520	-0.148101
0.309600	-0.148101
0.309680	-0.148101
0.309760	-0.148101
0.309840	-0.148101
0.309920	-0.148101
0.310000	0.000000
0.310080	0.000000
0.310160	0.000000
0.310240	0.000000
0.310320	0.000000
0.310400	0.000000
0.310480	0.000000
0.310560	0.000000
0.310640	0.000000
0.310720	0.000000
0.310800	0.000000
0.310880	0.000000
0.310960	0.000000
0.311040	0.000000
0.311120	0.000000
0.311200	0.000000
0.311280	0.000000
0.311360	0.000000
0.311440	0.000000
0.311520	0.000000
0.311600	0.000000
0.311680	0.000000
0.311760	0.000000
0.311840	0.000000
0.311920	0.000000
0.312000	0.000000
0.312080	0.000000
0.312160	0.000000
0.312240	0.000000
0.312320	0.000000
0.312400	0.000000
0.312480	0.000000
0.312560	0.000000
0.312640	0.000000
0.312720	0.000000
0.312800	0.000000
0.312880	0.000000
0.312960	0.000000
0.313040	0.000000
0.313120	0.000000
0.313200	0.000000
0.313280	0.000000
0.313360	0.000000
0.313440	0.000000
0.313520	0.000000
0.313600	0.000000
0.313680	0.000000
0.313760	0.000000
0.313840	0.000000
0.313920	0.000000
0.314000	0.000000
0.314080	0.000000
0.314160	0.000000
0.314240	0.000000
0.314320	0.000000
0.314400	0.000000
0.314480	0.000000
0.314560	0.000000
0.314640	0.000000
0.314720	0.000000
0.314800	0.000000
0.314880	0.000000
0.314960	0.000000
0.315040	0.000000
0.315120	0.000000
0.315200	0.000000
0.315280	0.000000
0.315360	0.000000
0.315440	0.000000
0.315520	0.000000
0.315600	0.000000
0.315680	0.000000
0.315760	0.000000
0.315840	0.000000
