-0.020080	-0.044445
-0.020000	-0.044445
-0.019920	-0.044445
-0.019840	-0.036817
-0.019760	-0.036817
-0.019680	-0.036817
-0.019600	-0.052073
-0.019520	-0.059700
-0.019440	-0.059700
-0.019360	-0.059700
-0.019280	-0.052073
-0.019200	-0.029189
-0.019120	-0.036817
-0.019040	-0.021562
-0.018960	-0.021562
-0.018880	-0.021562
-0.018800	-0.036817
-0.018720	-0.029189
-0.018640	-0.036817
-0.018560	-0.036817
-0.018480	-0.029189
-0.018400	-0.044445
-0.018320	-0.052073
-0.018240	-0.036817
-0.018160	-0.021562
-0.018080	-0.013934
-0.018000	-0.021562
-0.017920	-0.029189
-0.017840	-0.021562
-0.017760	-0.029189
-0.017680	-0.036817
-0.017600	-0.021562
-0.017520	-0.021562
-0.017440	-0.021562
-0.017360	-0.021562
-0.017280	-0.021562
-0.017200	-0.029189
-0.017120	-0.013934
-0.017040	-0.013934
-0.016960	-0.013934
-0.016880	-0.021562
-0.016800	0.001322
-0.016720	0.001322
-0.016640	0.016577
-0.016560	-0.006306
-0.016480	0.008949
-0.016400	0.001322
-0.016320	0.008949
-0.016240	-0.013934
-0.016160	-0.006306
-0.016080	0.001322
-0.016000	-0.006306
-0.015920	0.001322
-0.015840	0.001322
-0.015760	0.001322
-0.015680	0.016577
-0.015600	0.001322
-0.015520	0.008949
-0.015440	-0.006306
-0.015360	0.001322
-0.015280	0.001322
-0.015200	-0.006306
-0.015120	0.001322
-0.015040	0.001322
-0.014960	0.001322
-0.014880	0.008949
-0.014800	0.008949
-0.014720	0.001322
-0.014640	0.001322
-0.014560	0.001322
-0.014480	-0.021562
-0.014400	-0.013934
-0.014320	-0.013934
-0.014240	-0.013934
-0.014160	-0.013934
-0.014080	-0.013934
-0.014000	-0.013934
-0.013920	-0.013934
-0.013840	-0.013934
-0.013760	-0.029189
-0.013680	-0.021562
-0.013600	-0.013934
-0.013520	-0.021562
-0.013440	-0.013934
-0.013360	-0.021562
-0.013280	-0.029189
-0.013200	-0.013934
-0.013120	-0.021562
-0.013040	-0.021562
-0.012960	-0.021562
-0.012880	0.016577
-0.012800	-0.029189
-0.012720	-0.044445
-0.012640	-0.036817
-0.012560	-0.013934
-0.012480	0.024205
-0.012400	0.008949
-0.012320	0.008949
-0.012240	0.001322
-0.012160	0.008949
-0.012080	0.008949
-0.012000	-0.006306
-0.011920	-0.006306
-0.011840	-0.006306
-0.011760	0.001322
-0.011680	0.008949
-0.011600	0.001322
-0.011520	-0.006306
-0.011440	0.008949
-0.011360	0.001322
-0.011280	0.008949
-0.011200	0.001322
-0.011120	0.001322
-0.011040	0.008949
-0.010960	0.001322
-0.010880	0.001322
-0.010800	0.001322
-0.010720	0.008949
-0.010640	0.001322
-0.010560	0.016577
-0.010480	-0.006306
-0.010400	-0.006306
-0.010320	0.008949
-0.010240	-0.006306
-0.010160	0.001322
-0.010080	0.008949
-0.010000	0.001322
-0.009920	0.008949
-0.009840	0.001322
-0.009760	-0.013934
-0.009680	0.001322
-0.009600	0.001322
-0.009520	-0.006306
-0.009440	-0.021562
-0.009360	-0.021562
-0.009280	-0.006306
-0.009200	-0.013934
-0.009120	0.001322
-0.009040	0.001322
-0.008960	-0.013934
-0.008880	-0.021562
-0.008800	-0.013934
-0.008720	-0.006306
-0.008640	0.001322
-0.008560	0.001322
-0.008480	0.001322
-0.008400	0.001322
-0.008320	0.008949
-0.008240	0.024205
-0.008160	0.001322
-0.008080	0.001322
-0.008000	0.016577
-0.007920	0.016577
-0.007840	0.016577
-0.007760	0.001322
-0.007680	0.024205
-0.007600	0.008949
-0.007520	0.008949
-0.007440	0.001322
-0.007360	0.008949
-0.007280	0.024205
-0.007200	0.016577
-0.007120	0.016577
-0.007040	0.016577
-0.006960	0.016577
-0.006880	0.008949
-0.006800	-0.006306
-0.006720	0.001322
-0.006640	0.008949
-0.006560	0.001322
-0.006480	-0.013934
-0.006400	0.001322
-0.006320	0.001322
-0.006240	-0.006306
-0.006160	-0.006306
-0.006080	0.001322
-0.006000	-0.021562
-0.005920	-0.013934
-0.005840	-0.006306
-0.005760	0.001322
-0.005680	0.024205
-0.005600	0.008949
-0.005520	0.008949
-0.005440	0.001322
-0.005360	0.001322
-0.005280	0.001322
-0.005200	0.008949
-0.005120	0.001322
-0.005040	0.008949
-0.004960	0.001322
-0.004880	-0.006306
-0.004800	-0.006306
-0.004720	0.001322
-0.004640	0.001322
-0.004560	-0.006306
-0.004480	0.008949
-0.004400	0.001322
-0.004320	-0.013934
-0.004240	-0.006306
-0.004160	0.001322
-0.004080	0.001322
-0.004000	0.008949
-0.003920	0.001322
-0.003840	-0.006306
-0.003760	0.001322
-0.003680	0.001322
-0.003600	-0.013934
-0.003520	-0.013934
-0.003440	-0.006306
-0.003360	0.001322
-0.003280	0.001322
-0.003200	0.001322
-0.003120	0.016577
-0.003040	-0.013934
-0.002960	-0.006306
-0.002880	-0.006306
-0.002800	-0.006306
-0.002720	-0.006306
-0.002640	0.016577
-0.002560	0.001322
-0.002480	-0.006306
-0.002400	0.001322
-0.002320	0.001322
-0.002240	-0.006306
-0.002160	0.001322
-0.002080	0.016577
-0.002000	-0.013934
-0.001920	0.008949
-0.001840	0.008949
-0.001760	0.008949
-0.001680	0.008949
-0.001600	0.008949
-0.001520	0.008949
-0.001440	0.008949
-0.001360	0.016577
-0.001280	0.016577
-0.001200	0.016577
-0.001120	0.001322
-0.001040	0.008949
-0.000960	0.001322
-0.000880	0.001322
-0.000800	0.008949
-0.000720	-0.006306
-0.000640	-0.013934
-0.000560	-0.013934
-0.000480	0.001322
-0.000400	-0.006306
-0.000320	-0.013934
-0.000240	0.008949
-0.000160	0.001322
-0.000080	-0.006306
0.000000	0.001322
0.000080	0.001322
0.000160	0.008949
0.000240	0.008949
0.000320	0.024205
0.000400	0.008949
0.000480	0.008949
0.000560	0.008949
0.000640	0.024205
0.000720	0.031833
0.000800	0.024205
0.000880	0.024205
0.000960	0.008949
0.001040	0.016577
0.001120	0.016577
0.001200	0.008949
0.001280	0.024205
0.001360	0.016577
0.001440	0.008949
0.001520	0.008949
0.001600	0.008949
0.001680	0.016577
0.001760	-0.006306
0.001840	0.008949
0.001920	0.016577
0.002000	0.016577
0.002080	0.031833
0.002160	0.008949
0.002240	0.024205
0.002320	0.031833
0.002400	0.024205
0.002480	0.031833
0.002560	0.031833
0.002640	0.031833
0.002720	0.031833
0.002800	0.024205
0.002880	0.039461
0.002960	0.031833
0.003040	0.031833
0.003120	0.039461
0.003200	0.039461
0.003280	0.031833
0.003360	0.047088
0.003440	0.039461
0.003520	0.039461
0.003600	0.039461
0.003680	0.031833
0.003760	0.031833
0.003840	0.062344
0.003920	0.085227
0.004000	0.054716
0.004080	0.047088
0.004160	0.031833
0.004240	0.047088
0.004320	0.047088
0.004400	0.039461
0.004480	0.039461
0.004560	0.047088
0.004640	0.047088
0.004720	0.047088
0.004800	0.047088
0.004880	0.047088
0.004960	0.054716
0.005040	0.062344
0.005120	0.062344
0.005200	0.062344
0.005280	0.062344
0.005360	0.062344
0.005440	0.069972
0.005520	0.054716
0.005600	0.047088
0.005680	0.062344
0.005760	0.054716
0.005840	0.054716
0.005920	0.054716
0.006000	0.062344
0.006080	0.047088
0.006160	0.069972
0.006240	0.069972
0.006320	0.062344
0.006400	0.069972
0.006480	0.069972
0.006560	0.062344
0.006640	0.054716
0.006720	0.062344
0.006800	0.054716
0.006880	0.054716
0.006960	0.062344
0.007040	0.069972
0.007120	0.069972
0.007200	0.069972
0.007280	0.085227
0.007360	0.069972
0.007440	0.085227
0.007520	0.069972
0.007600	0.085227
0.007680	0.069972
0.007760	0.077599
0.007840	0.085227
0.007920	0.085227
0.008000	0.085227
0.008080	0.092855
0.008160	0.100480
0.008240	0.092855
0.008320	0.085227
0.008400	0.092855
0.008480	0.100480
0.008560	0.115740
0.008640	0.100480
0.008720	0.108110
0.008800	0.100480
0.008880	0.115740
0.008960	0.108110
0.009040	0.123370
0.009120	0.115740
0.009200	0.123370
0.009280	0.123370
0.009360	0.115740
0.009440	0.115740
0.009520	0.115740
0.009600	0.115740
0.009680	0.108110
0.009760	0.130990
0.009840	0.123370
0.009920	0.123370
0.010000	0.138620
0.010080	0.138620
0.010160	0.130990
0.010240	0.130990
0.010320	0.146250
0.010400	0.153880
0.010480	0.161500
0.010560	0.146250
0.010640	0.146250
0.010720	0.146250
0.010800	0.176760
0.010880	0.184390
0.010960	0.176760
0.011040	0.176760
0.011120	0.184390
0.011200	0.169130
0.011280	0.199640
0.011360	0.199640
0.011440	0.192020
0.011520	0.184390
0.011600	0.184390
0.011680	0.176760
0.011760	0.207270
0.011840	0.222530
0.011920	0.214900
0.012000	0.237780
0.012080	0.222530
0.012160	0.207270
0.012240	0.199640
0.012320	0.222530
0.012400	0.222530
0.012480	0.214900
0.012560	0.245410
0.012640	0.237780
0.012720	0.253040
0.012800	0.253040
0.012880	0.260670
0.012960	0.253040
0.013040	0.260670
0.013120	0.268290
0.013200	0.268290
0.013280	0.268290
0.013360	0.283550
0.013440	0.275920
0.013520	0.268290
0.013600	0.268290
0.013680	0.283550
0.013760	0.283550
0.013840	0.283550
0.013920	0.283550
0.014000	0.283550
0.014080	0.283550
0.014160	0.283550
0.014240	0.275920
0.014320	0.314060
0.014400	0.329320
0.014480	0.344570
0.014560	0.329320
0.014640	0.314060
0.014720	0.314060
0.014800	0.329320
0.014880	0.359830
0.014960	0.367450
0.015040	0.344570
0.015120	0.321690
0.015200	0.329320
0.015280	0.336940
0.015360	0.375080
0.015440	0.375080
0.015520	0.344570
0.015600	0.321690
0.015680	0.329320
0.015760	0.352200
0.015840	0.367450
0.015920	0.367450
0.016000	0.382710
0.016080	0.375080
0.016160	0.382710
0.016240	0.375080
0.016320	0.359830
0.016400	0.359830
0.016480	0.359830
0.016560	0.344570
0.016640	0.367450
0.016720	0.367450
0.016800	0.382710
0.016880	0.397970
0.016960	0.397970
0.017040	0.382710
0.017120	0.397970
0.017200	0.390340
0.017280	0.375080
0.017360	0.382710
0.017440	0.405590
0.017520	0.436100
0.017600	0.451360
0.017680	0.443730
0.017760	0.443730
0.017840	0.413220
0.017920	0.420850
0.018000	0.436100
0.018080	0.466610
0.018160	0.458990
0.018240	0.458990
0.018320	0.451360
0.018400	0.458990
0.018480	0.497130
0.018560	0.504750
0.018640	0.504750
0.018720	0.481870
0.018800	0.497130
0.018880	0.512380
0.018960	0.527640
0.019040	0.550520
0.019120	0.542890
0.019200	0.527640
0.019280	0.512380
0.019360	0.512380
0.019440	0.527640
0.019520	0.535270
0.019600	0.558150
0.019680	0.550520
0.019760	0.558150
0.019840	0.542890
0.019920	0.550520
0.020000	0.558150
0.020080	0.573400
0.020160	0.558150
0.020240	0.573400
0.020320	0.565780
0.020400	0.581030
0.020480	0.588660
0.020560	0.588660
0.020640	0.573400
0.020720	0.588660
0.020800	0.588660
0.020880	0.588660
0.020960	0.611540
0.021040	0.619170
0.021120	0.634430
0.021200	0.649680
0.021280	0.664940
0.021360	0.649680
0.021440	0.642050
0.021520	0.657310
0.021600	0.664940
0.021680	0.680190
0.021760	0.672560
0.021840	0.657310
0.021920	0.649680
0.022000	0.664940
0.022080	0.695450
0.022160	0.718330
0.022240	0.741210
0.022320	0.741210
0.022400	0.756470
0.022480	0.771720
0.022560	0.764100
0.022640	0.771720
0.022720	0.764100
0.022800	0.764100
0.022880	0.764100
0.022960	0.779350
0.023040	0.779350
0.023120	0.779350
0.023200	0.779350
0.023280	0.802240
0.023360	0.802240
0.023440	0.817490
0.023520	0.832750
0.023600	0.825120
0.023680	0.832750
0.023760	0.832750
0.023840	0.848000
0.023920	0.855630
0.024000	0.855630
0.024080	0.855630
0.024160	0.863260
0.024240	0.878510
0.024320	0.870890
0.024400	0.878510
0.024480	0.886140
0.024560	0.878510
0.024640	0.878510
0.024720	0.886140
0.024800	0.893770
0.024880	0.901400
0.024960	0.886140
0.025040	0.893770
0.025120	0.901400
0.025200	0.893770
0.025280	0.901400
0.025360	0.901400
0.025440	0.916650
0.025520	0.916650
0.025600	0.931910
0.025680	0.931910
0.025760	0.939540
0.025840	0.947160
0.025920	0.954790
0.026000	0.970050
0.026080	0.977680
0.026160	0.992930
0.026240	0.992930
0.026320	0.985300
0.026400	0.985300
0.026480	1.008200
0.026560	1.031100
0.026640	1.031100
0.026720	1.038700
0.026800	1.046300
0.026880	1.046300
0.026960	1.069200
0.027040	1.084500
0.027120	1.099700
0.027200	1.107300
0.027280	1.115000
0.027360	1.122600
0.027440	1.130200
0.027520	1.130200
0.027600	1.145500
0.027680	1.153100
0.027760	1.153100
0.027840	1.160700
0.027920	1.176000
0.028000	1.183600
0.028080	1.191200
0.028160	1.183600
0.028240	1.191200
0.028320	1.214100
0.028400	1.237000
0.028480	1.252300
0.028560	1.275200
0.028640	1.267500
0.028720	1.267500
0.028800	1.275200
0.028880	1.267500
0.028960	1.275200
0.029040	1.298000
0.029120	1.305700
0.029200	1.313300
0.029280	1.336200
0.029360	1.336200
0.029440	1.343800
0.029520	1.343800
0.029600	1.366700
0.029680	1.374300
0.029760	1.397200
0.029840	1.404800
0.029920	1.397200
0.030000	1.420100
0.030080	1.420100
0.030160	1.435300
0.030240	1.435300
0.030320	1.450600
0.030400	1.465800
0.030480	1.458200
0.030560	1.473500
0.030640	1.465800
0.030720	1.473500
0.030800	1.481100
0.030880	1.496400
0.030960	1.504000
0.031040	1.504000
0.031120	1.519300
0.031200	1.534500
0.031280	1.542100
0.031360	1.542100
0.031440	1.572600
0.031520	1.565000
0.031600	1.587900
0.031680	1.580300
0.031760	1.595500
0.031840	1.603200
0.031920	1.603200
0.032000	1.603200
0.032080	1.603200
0.032160	1.603200
0.032240	1.595500
0.032320	1.595500
0.032400	1.603200
0.032480	1.633700
0.032560	1.656600
0.032640	1.656600
0.032720	1.656600
0.032800	1.664200
0.032880	1.664200
0.032960	1.679400
0.033040	1.694700
0.033120	1.725200
0.033200	1.740500
0.033280	1.755700
0.033360	1.771000
0.033440	1.763300
0.033520	1.778600
0.033600	1.793800
0.033680	1.793800
0.033760	1.809100
0.033840	1.809100
0.033920	1.824400
0.034000	1.847200
0.034080	1.877800
0.034160	1.908300
0.034240	1.931100
0.034320	1.931100
0.034400	1.923500
0.034480	1.961700
0.034560	1.969300
0.034640	1.999800
0.034720	1.999800
0.034800	1.999800
0.034880	2.022700
0.034960	2.037900
0.035040	2.053200
0.035120	2.091300
0.035200	2.121800
0.035280	2.129500
0.035360	2.152300
0.035440	2.190500
0.035520	2.205700
0.035600	2.221000
0.035680	2.251500
0.035760	2.251500
0.035840	2.251500
0.035920	2.266800
0.036000	2.282000
0.036080	2.327800
0.036160	2.358300
0.036240	2.381200
0.036320	2.411700
0.036400	2.426900
0.036480	2.442200
0.036560	2.457500
0.036640	2.472700
0.036720	2.480300
0.036800	2.510800
0.036880	2.518500
0.036960	2.556600
0.037040	2.602400
0.037120	2.640500
0.037200	2.671000
0.037280	2.632900
0.037360	2.655800
0.037440	2.663400
0.037520	2.678700
0.037600	2.709200
0.037680	2.724400
0.037760	2.754900
0.037840	2.777800
0.037920	2.800700
0.038000	2.800700
0.038080	2.816000
0.038160	2.823600
0.038240	2.838900
0.038320	2.838900
0.038400	2.869400
0.038480	2.884600
0.038560	2.907500
0.038640	2.938000
0.038720	2.976200
0.038800	2.999000
0.038880	3.021900
0.038960	3.029500
0.039040	3.006700
0.039120	3.006700
0.039200	3.014300
0.039280	3.090600
0.039360	3.159200
0.039440	3.235500
0.039520	3.266000
0.039600	3.273600
0.039680	3.273600
0.039760	3.288900
0.039840	3.288900
0.039920	3.319400
0.040000	3.380400
0.040080	3.479600
0.040160	3.563500
0.040240	3.616900
0.040320	3.647400
0.040400	3.639800
0.040480	3.586400
0.040560	3.540600
0.040640	3.517700
0.040720	3.548200
0.040800	3.616900
0.040880	3.716000
0.040960	3.769400
0.041040	3.799900
0.041120	3.784700
0.041200	3.761800
0.041280	3.754200
0.041360	3.761800
0.041440	3.792300
0.041520	3.838100
0.041600	3.876200
0.041680	3.922000
0.041760	3.944900
0.041840	3.952500
0.041920	3.952500
0.042000	3.990600
0.042080	4.044000
0.042160	4.089800
0.042240	4.120300
0.042320	4.135600
0.042400	4.097400
0.042480	4.097400
0.042560	4.127900
0.042640	4.143200
0.042720	4.189000
0.042800	4.265200
0.042880	4.318600
0.042960	4.394900
0.043040	4.425400
0.043120	4.394900
0.043200	4.349100
0.043280	4.295800
0.043360	4.295800
0.043440	4.333900
0.043520	4.417800
0.043600	4.509300
0.043680	4.578000
0.043760	4.677100
0.043840	4.814400
0.043920	4.974600
0.044000	5.127200
0.044080	5.157700
0.044160	4.890700
0.044240	4.295800
0.044320	3.563500
0.044400	3.166800
0.044480	3.388100
0.044560	4.196600
0.044640	5.249200
0.044720	5.973900
0.044800	6.019600
0.044880	5.432300
0.044960	4.669500
0.045040	4.265200
0.045120	4.402500
0.045200	4.921200
0.045280	5.371300
0.045360	5.615300
0.045440	5.653500
0.045520	5.661100
0.045600	5.653500
0.045680	5.485700
0.045760	5.157700
0.045840	4.883100
0.045920	4.959400
0.046000	5.424700
0.046080	6.065400
0.046160	6.553600
0.046240	6.706100
0.046320	6.507800
0.046400	6.111200
0.046480	5.684000
0.046560	5.394100
0.046640	5.310200
0.046720	5.462800
0.046800	5.813700
0.046880	6.225600
0.046960	6.576400
0.047040	6.744300
0.047120	6.660400
0.047200	6.378100
0.047280	6.080600
0.047360	5.951000
0.047440	6.057800
0.047520	6.294200
0.047600	6.530700
0.047680	6.599300
0.047760	6.538300
0.047840	6.416300
0.047920	6.340000
0.048000	6.324700
0.048080	6.362900
0.048160	6.507800
0.048240	6.744300
0.048320	7.049400
0.048400	7.255300
0.048480	7.262900
0.048560	7.095100
0.048640	6.919700
0.048720	6.912100
0.048800	7.064600
0.048880	7.262900
0.048960	7.392600
0.049040	7.407900
0.049120	7.407900
0.049200	7.491800
0.049280	7.629100
0.049360	7.735900
0.049440	7.766400
0.049520	7.735900
0.049600	7.804500
0.049680	7.980000
0.049760	8.269800
0.049840	8.506300
0.049920	8.597800
0.050000	8.544400
0.050080	8.468100
0.050160	8.483400
0.050240	8.590200
0.050320	8.681700
0.050400	8.712200
0.050480	8.727500
0.050560	8.841900
0.050640	9.124100
0.050720	9.429200
0.050800	9.589400
0.050880	9.581800
0.050960	9.467400
0.051040	9.353000
0.051120	9.291900
0.051200	9.368200
0.051280	9.604700
0.051360	9.833500
0.051440	9.963200
0.051520	10.055000
0.051600	10.215000
0.051680	10.429000
0.051760	10.673000
0.051840	10.878000
0.051920	11.016000
0.052000	11.130000
0.052080	11.207000
0.052160	11.237000
0.052240	11.184000
0.052320	11.069000
0.052400	10.970000
0.052480	11.077000
0.052560	11.374000
0.052640	11.725000
0.052720	11.870000
0.052800	11.771000
0.052880	11.496000
0.052960	11.290000
0.053040	11.382000
0.053120	11.771000
0.053200	12.259000
0.053280	12.534000
0.053360	12.458000
0.053440	12.229000
0.053520	12.038000
0.053600	12.084000
0.053680	12.358000
0.053760	12.694000
0.053840	12.938000
0.053920	13.068000
0.054000	13.091000
0.054080	13.167000
0.054160	13.403000
0.054240	13.693000
0.054320	13.853000
0.054400	13.785000
0.054480	13.541000
0.054560	13.365000
0.054640	13.502000
0.054720	13.861000
0.054800	14.235000
0.054880	14.364000
0.054960	14.181000
0.055040	13.953000
0.055120	13.945000
0.055200	14.265000
0.055280	14.746000
0.055360	15.043000
0.055440	15.066000
0.055520	14.891000
0.055600	14.807000
0.055680	14.914000
0.055760	15.226000
0.055840	15.554000
0.055920	15.715000
0.056000	15.676000
0.056080	15.684000
0.056160	15.837000
0.056240	16.125999
0.056320	16.371000
0.056400	16.393000
0.056480	16.240999
0.056560	16.020000
0.056640	15.974000
0.056720	16.172001
0.056800	16.607000
0.056880	17.072001
0.056960	17.332001
0.057040	17.354000
0.057120	17.263000
0.057200	17.278000
0.057280	17.385000
0.057360	17.538000
0.057440	17.660000
0.057520	17.774000
0.057600	17.865000
0.057680	17.972000
0.057760	18.079000
0.057840	18.254000
0.057920	18.407000
0.058000	18.422001
0.058080	18.270000
0.058160	18.148001
0.058240	18.186001
0.058320	18.354000
0.058400	18.506001
0.058480	18.621000
0.058560	18.719999
0.058640	18.857000
0.058720	18.910000
0.058800	18.888000
0.058880	18.872000
0.058960	18.955999
0.059040	19.094000
0.059120	19.216000
0.059200	19.353001
0.059280	19.506001
0.059360	19.582001
0.059440	19.490000
0.059520	19.344999
0.059600	19.382999
0.059680	19.559000
0.059760	19.726999
0.059840	19.818001
0.059920	19.864000
0.060000	19.940001
0.060080	20.024000
0.060160	20.146000
0.060240	20.284000
0.060320	20.375000
0.060400	20.382999
0.060480	20.322001
0.060560	20.313999
0.060640	20.389999
0.060720	20.535000
0.060800	20.634001
0.060880	20.688000
0.060960	20.733999
0.061040	20.778999
0.061120	20.802000
0.061200	20.856001
0.061280	20.940001
0.061360	21.000000
0.061440	20.993000
0.061520	20.962000
0.061600	20.940001
0.061680	21.007999
0.061760	21.077000
0.061840	21.115000
0.061920	21.129999
0.062000	21.115000
0.062080	21.129999
0.062160	21.184000
0.062240	21.298000
0.062320	21.374001
0.062400	21.420000
0.062480	21.367001
0.062560	21.260000
0.062640	21.153000
0.062720	21.107000
0.062800	21.115000
0.062880	21.184000
0.062960	21.260000
0.063040	21.275000
0.063120	21.205999
0.063200	21.107000
0.063280	20.993000
0.063360	20.871000
0.063440	20.809999
0.063520	20.778999
0.063600	20.787001
0.063680	20.809999
0.063760	20.787001
0.063840	20.718000
0.063920	20.618999
0.064000	20.497000
0.064080	20.360001
0.064160	20.322001
0.064240	20.360001
0.064320	20.427999
0.064400	20.444000
0.064480	20.360001
0.064560	20.245001
0.064640	20.122999
0.064720	19.993999
0.064800	19.879000
0.064880	19.811001
0.064960	19.780001
0.065040	19.780001
0.065120	19.811001
0.065200	19.818001
0.065280	19.704000
0.065360	19.513000
0.065440	19.284000
0.065520	19.117001
0.065600	19.056000
0.065680	19.101000
0.065760	19.216000
0.065840	19.406000
0.065920	19.513000
0.066000	19.466999
0.066080	19.246000
0.066160	18.941000
0.066240	18.705000
0.066320	18.621000
0.066400	18.650999
0.066480	18.719999
0.066560	18.766001
0.066640	18.728001
0.066720	18.643999
0.066800	18.559999
0.066880	18.461000
0.066960	18.299999
0.067040	18.155001
0.067120	17.988001
0.067200	17.850000
0.067280	17.774000
0.067360	17.698000
0.067440	17.683001
0.067520	17.736000
0.067600	17.750999
0.067680	17.660000
0.067760	17.514999
0.067840	17.370001
0.067920	17.263000
0.068000	17.149000
0.068080	17.004000
0.068160	16.851000
0.068240	16.752001
0.068320	16.683001
0.068400	16.569000
0.068480	16.416000
0.068560	16.226000
0.068640	16.065001
0.068720	16.011999
0.068800	15.997000
0.068880	15.959000
0.068960	15.821000
0.069040	15.638000
0.069120	15.463000
0.069200	15.310000
0.069280	15.150000
0.069360	14.967000
0.069440	14.792000
0.069520	14.692000
0.069600	14.593000
0.069680	14.517000
0.069760	14.464000
0.069840	14.364000
0.069920	14.219000
0.070000	14.044000
0.070080	13.937000
0.070160	13.945000
0.070240	13.983000
0.070320	13.975000
0.070400	13.754000
0.070480	13.411000
0.070560	13.098000
0.070640	12.999000
0.070720	13.060000
0.070800	13.144000
0.070880	13.091000
0.070960	12.923000
0.071040	12.763000
0.071120	12.740000
0.071200	12.816000
0.071280	12.862000
0.071360	12.732000
0.071440	12.511000
0.071520	12.328000
0.071600	12.358000
0.071680	12.511000
0.071760	12.610000
0.071840	12.541000
0.071920	12.366000
0.072000	12.229000
0.072080	12.221000
0.072160	12.267000
0.072240	12.305000
0.072320	12.290000
0.072400	12.297000
0.072480	12.335000
0.072560	12.366000
0.072640	12.328000
0.072720	12.175000
0.072800	11.954000
0.072880	11.763000
0.072960	11.649000
0.073040	11.641000
0.073120	11.702000
0.073200	11.763000
0.073280	11.794000
0.073360	11.779000
0.073440	11.611000
0.073520	11.382000
0.073600	11.085000
0.073680	10.878000
0.073760	10.726000
0.073840	10.627000
0.073920	10.581000
0.074000	10.581000
0.074080	10.604000
0.074160	10.482000
0.074240	10.123000
0.074320	9.688600
0.074400	9.391100
0.074480	9.414000
0.074560	9.627600
0.074640	9.803000
0.074720	9.719100
0.074800	9.391100
0.074880	9.078400
0.074960	8.887700
0.075040	8.880000
0.075120	8.857200
0.075200	8.689300
0.075280	8.452900
0.075360	8.224000
0.075440	8.048600
0.075520	7.964700
0.075600	7.934200
0.075680	7.941800
0.075760	7.926600
0.075840	7.819800
0.075920	7.667200
0.076000	7.552800
0.076080	7.499400
0.076160	7.423100
0.076240	7.293500
0.076320	7.179000
0.076400	7.201900
0.076480	7.293500
0.076560	7.346800
0.076640	7.346800
0.076720	7.255300
0.076800	7.156200
0.076880	7.049400
0.076960	6.957800
0.077040	6.912100
0.077120	6.904400
0.077200	7.003600
0.077280	7.102800
0.077360	7.125600
0.077440	6.996000
0.077520	6.820500
0.077600	6.706100
0.077680	6.645100
0.077760	6.652700
0.077840	6.668000
0.077920	6.683200
0.078000	6.683200
0.078080	6.683200
0.078160	6.729000
0.078240	6.774800
0.078320	6.751900
0.078400	6.721400
0.078480	6.645100
0.078560	6.561200
0.078640	6.492500
0.078720	6.500200
0.078800	6.553600
0.078880	6.584100
0.078960	6.568800
0.079040	6.545900
0.079120	6.530700
0.079200	6.469700
0.079280	6.393400
0.079360	6.340000
0.079440	6.401000
0.079520	6.462000
0.079600	6.355200
0.079680	6.118800
0.079760	5.905200
0.079840	5.851800
0.079920	5.943300
0.080000	6.034900
0.080080	6.065400
0.080160	6.088300
0.080240	6.088300
0.080320	6.027200
0.080400	5.874700
0.080480	5.699300
0.080560	5.615300
0.080640	5.546700
0.080720	5.462800
0.080800	5.378900
0.080880	5.340800
0.080960	5.401800
0.081040	5.554300
0.081120	5.676400
0.081200	5.653500
0.081280	5.447500
0.081360	5.150100
0.081440	4.944100
0.081520	4.890700
0.081600	4.890700
0.081680	4.860200
0.081760	4.799200
0.081840	4.799200
0.081920	4.883100
0.082000	4.936500
0.082080	4.883100
0.082160	4.799200
0.082240	4.761000
0.082320	4.806800
0.082400	4.852600
0.082480	4.845000
0.082560	4.692400
0.082640	4.501700
0.082720	4.387300
0.082800	4.333900
0.082880	4.250000
0.082960	4.173700
0.083040	4.150800
0.083120	4.311000
0.083200	4.509300
0.083280	4.600900
0.083360	4.455900
0.083440	4.204200
0.083520	3.960100
0.083600	3.845700
0.083680	3.815200
0.083760	3.838100
0.083840	3.899100
0.083920	3.998300
0.084000	4.105100
0.084080	4.204200
0.084160	4.211800
0.084240	4.189000
0.084320	4.135600
0.084400	4.036400
0.084480	3.861000
0.084560	3.639800
0.084640	3.464300
0.084720	3.342300
0.084800	3.288900
0.084880	3.342300
0.084960	3.479600
0.085040	3.624500
0.085120	3.693200
0.085200	3.601600
0.085280	3.395700
0.085360	3.159200
0.085440	3.021900
0.085520	3.105800
0.085600	3.327000
0.085680	3.540600
0.085760	3.616900
0.085840	3.517700
0.085920	3.365200
0.086000	3.235500
0.086080	3.174500
0.086160	3.098200
0.086240	2.991400
0.086320	2.907500
0.086400	2.938000
0.086480	3.082900
0.086560	3.220200
0.086640	3.273600
0.086720	3.159200
0.086800	2.960900
0.086880	2.770200
0.086960	2.716800
0.087040	2.770200
0.087120	2.892200
0.087200	3.060100
0.087280	3.159200
0.087360	3.098200
0.087440	2.831200
0.087520	2.648100
0.087600	2.587100
0.087680	2.663400
0.087760	2.754900
0.087840	2.823600
0.087920	2.838900
0.088000	2.907500
0.088080	2.983800
0.088160	3.037200
0.088240	3.037200
0.088320	2.938000
0.088400	2.831200
0.088480	2.724400
0.088560	2.686300
0.088640	2.686300
0.088720	2.762600
0.088800	2.877000
0.088880	2.938000
0.088960	2.831200
0.089040	2.602400
0.089120	2.404100
0.089200	2.404100
0.089280	2.648100
0.089360	2.976200
0.089440	3.174500
0.089520	3.136300
0.089600	2.892200
0.089680	2.617600
0.089760	2.480300
0.089840	2.533700
0.089920	2.701600
0.090000	2.854100
0.090080	2.915100
0.090160	2.861700
0.090240	2.793100
0.090320	2.747300
0.090400	2.701600
0.090480	2.617600
0.090560	2.503200
0.090640	2.442200
0.090720	2.434600
0.090800	2.518500
0.090880	2.632900
0.090960	2.686300
0.091040	2.655800
0.091120	2.541400
0.091200	2.381200
0.091280	2.221000
0.091360	2.114200
0.091440	2.076100
0.091520	2.175200
0.091600	2.365900
0.091680	2.465100
0.091760	2.457500
0.091840	2.304900
0.091920	2.137100
0.092000	2.037900
0.092080	2.053200
0.092160	2.091300
0.092240	2.099000
0.092320	2.068400
0.092400	2.053200
0.092480	2.091300
0.092560	2.152300
0.092640	2.182900
0.092720	2.121800
0.092800	1.984500
0.092880	1.854900
0.092960	1.793800
0.093040	1.832000
0.093120	1.938800
0.093200	1.999800
0.093280	1.969300
0.093360	1.870100
0.093440	1.771000
0.093520	1.778600
0.093600	1.877800
0.093680	2.015000
0.093760	2.129500
0.093840	2.190500
0.093920	2.190500
0.094000	2.129500
0.094080	2.060800
0.094160	1.954000
0.094240	1.847200
0.094320	1.755700
0.094400	1.732800
0.094480	1.793800
0.094560	1.885400
0.094640	1.954000
0.094720	1.969300
0.094800	1.961700
0.094880	1.908300
0.094960	1.885400
0.095040	1.854900
0.095120	1.847200
0.095200	1.847200
0.095280	1.870100
0.095360	1.893000
0.095440	1.854900
0.095520	1.740500
0.095600	1.587900
0.095680	1.465800
0.095760	1.435300
0.095840	1.542100
0.095920	1.671800
0.096000	1.786200
0.096080	1.816700
0.096160	1.732800
0.096240	1.580300
0.096320	1.458200
0.096400	1.382000
0.096480	1.382000
0.096560	1.443000
0.096640	1.496400
0.096720	1.488700
0.096800	1.488700
0.096880	1.481100
0.096960	1.473500
0.097040	1.473500
0.097120	1.443000
0.097200	1.397200
0.097280	1.359100
0.097360	1.366700
0.097440	1.382000
0.097520	1.374300
0.097600	1.298000
0.097680	1.191200
0.097760	1.115000
0.097840	1.069200
0.097920	1.092100
0.098000	1.160700
0.098080	1.191200
0.098160	1.198900
0.098240	1.168400
0.098320	1.107300
0.098400	1.031100
0.098480	0.947160
0.098560	0.909030
0.098640	0.886140
0.098720	0.886140
0.098800	0.886140
0.098880	0.863260
0.098960	0.817490
0.099040	0.748840
0.099120	0.733590
0.099200	0.733590
0.099280	0.764100
0.099360	0.764100
0.099440	0.779350
0.099520	0.779350
0.099600	0.802240
0.099680	0.802240
0.099760	0.786980
0.099840	0.786980
0.099920	0.741210
0.100000	0.687820
0.100080	0.672560
0.100160	0.649680
0.100240	0.657310
0.100320	0.626800
0.100400	0.611540
0.100480	0.588660
0.100560	0.588660
0.100640	0.611540
0.100720	0.642050
0.100800	0.657310
0.100880	0.649680
0.100960	0.634430
0.101040	0.596290
0.101120	0.573400
0.101200	0.558150
0.101280	0.573400
0.101360	0.573400
0.101440	0.573400
0.101520	0.535270
0.101600	0.542890
0.101680	0.527640
0.101760	0.550520
0.101840	0.565780
0.101920	0.565780
0.102000	0.558150
0.102080	0.512380
0.102160	0.489500
0.102240	0.443730
0.102320	0.428480
0.102400	0.413220
0.102480	0.397970
0.102560	0.390340
0.102640	0.382710
0.102720	0.367450
0.102800	0.382710
0.102880	0.397970
0.102960	0.413220
0.103040	0.413220
0.103120	0.382710
0.103200	0.367450
0.103280	0.382710
0.103360	0.367450
0.103440	0.367450
0.103520	0.336940
0.103600	0.314060
0.103680	0.298800
0.103760	0.283550
0.103840	0.283550
0.103920	0.275920
0.104000	0.306430
0.104080	0.291180
0.104160	0.291180
0.104240	0.260670
0.104320	0.245410
0.104400	0.214900
0.104480	0.207270
0.104560	0.237780
0.104640	0.275920
0.104720	0.298800
0.104800	0.291180
0.104880	0.268290
0.104960	0.237780
0.105040	0.207270
0.105120	0.199640
0.105200	0.214900
0.105280	0.222530
0.105360	0.268290
0.105440	0.291180
0.105520	0.314060
0.105600	0.298800
0.105680	0.283550
0.105760	0.275920
0.105840	0.230160
0.105920	0.161500
0.106000	0.077599
0.106080	0.062344
0.106160	0.115740
0.106240	0.214900
0.106320	0.291180
0.106400	0.283550
0.106480	0.275920
0.106560	0.230160
0.106640	0.176760
0.106720	0.146250
0.106800	0.153880
0.106880	0.192020
0.106960	0.230160
0.107040	0.237780
0.107120	0.207270
0.107200	0.176760
0.107280	0.153880
0.107360	0.199640
0.107440	0.230160
0.107520	0.230160
0.107600	0.207270
0.107680	0.192020
0.107760	0.230160
0.107840	0.352200
0.107920	0.458990
0.108000	0.512380
0.108080	0.466610
0.108160	0.375080
0.108240	0.306430
0.108320	0.397970
0.108400	0.512380
0.108480	0.596290
0.108560	0.581030
0.108640	0.489500
0.108720	0.420850
0.108800	0.428480
0.108880	0.489500
0.108960	0.497130
0.109040	0.375080
0.109120	0.207270
0.109200	0.130990
0.109280	0.230160
0.109360	0.397970
0.109440	0.504750
0.109520	0.451360
0.109600	0.306430
0.109680	0.207270
0.109760	0.207270
0.109840	0.291180
0.109920	0.321690
0.110000	0.260670
0.110080	0.184390
0.110160	0.184390
0.110240	0.260670
0.110320	0.344570
0.110400	0.367450
0.110480	0.283550
0.110560	0.184390
0.110640	0.169130
0.110720	0.222530
0.110800	0.268290
0.110880	0.275920
0.110960	0.245410
0.111040	0.153880
0.111120	0.069972
0.111200	-0.059700
0.111280	-0.204630
0.111360	-0.212260
0.111440	-0.052073
0.111520	0.199640
0.111600	0.405590
0.111680	0.451360
0.111760	0.329320
0.111840	0.176760
0.111920	0.100480
0.112000	0.100480
0.112080	0.123370
0.112160	0.085227
0.112240	0.077599
0.112320	0.138620
0.112400	0.275920
0.112480	0.397970
0.112560	0.375080
0.112640	0.253040
0.112720	0.108110
0.112800	0.016577
0.112880	0.008949
0.112960	0.077599
0.113040	0.184390
0.113120	0.275920
0.113200	0.275920
0.113280	0.130990
0.113360	-0.021562
0.113440	-0.067328
0.113520	0.092855
0.113600	0.283550
0.113680	0.359830
0.113760	0.268290
0.113840	0.176760
0.113920	0.184390
0.114000	0.230160
0.114080	0.214900
0.114160	0.123370
0.114240	0.001322
0.114320	-0.036817
0.114400	-0.036817
0.114480	-0.036817
0.114560	-0.036817
0.114640	0.031833
0.114720	0.138620
0.114800	0.169130
0.114880	0.047088
0.114960	-0.120720
0.115040	-0.174120
0.115120	-0.067328
0.115200	0.100480
0.115280	0.184390
0.115360	0.176760
0.115440	0.092855
0.115520	-0.021562
0.115600	-0.074956
0.115680	-0.052073
0.115760	0.008949
0.115840	0.031833
0.115920	-0.044445
0.116000	-0.166490
0.116080	-0.242770
0.116160	-0.158860
0.116240	0.069972
0.116320	0.253040
0.116400	0.245410
0.116480	0.039461
0.116560	-0.265650
0.116640	-0.463970
0.116720	-0.486860
0.116800	-0.387690
0.116880	-0.235140
0.116960	-0.090211
0.117040	0.077599
0.117120	0.268290
0.117200	0.420850
0.117280	0.458990
0.117360	0.375080
0.117440	0.184390
0.117520	-0.151230
0.117600	-0.441090
0.117680	-0.586020
0.117760	-0.471600
0.117840	-0.174120
0.117920	0.092855
0.118000	0.184390
0.118080	0.108110
0.118160	0.047088
0.118240	0.085227
0.118320	0.184390
0.118400	0.245410
0.118480	0.222530
0.118560	0.192020
0.118640	0.153880
0.118720	0.085227
0.118800	-0.029189
0.118880	-0.090211
0.118960	-0.067328
0.119040	0.054716
0.119120	0.146250
0.119200	0.146250
0.119280	0.153880
0.119360	0.214900
0.119440	0.237780
0.119520	0.199640
0.119600	0.153880
0.119680	0.138620
0.119760	0.169130
0.119840	0.184390
0.119920	0.169130
0.120000	0.207270
0.120080	0.230160
0.120160	0.192020
0.120240	0.169130
0.120320	0.176760
0.120400	0.230160
0.120480	0.199640
0.120560	0.153880
0.120640	0.184390
0.120720	0.268290
0.120800	0.306430
0.120880	0.260670
0.120960	0.184390
0.121040	0.169130
0.121120	0.192020
0.121200	0.207270
0.121280	0.245410
0.121360	0.275920
0.121440	0.268290
0.121520	0.222530
0.121600	0.199640
0.121680	0.222530
0.121760	0.245410
0.121840	0.230160
0.121920	0.253040
0.122000	0.260670
0.122080	0.237780
0.122160	0.192020
0.122240	0.199640
0.122320	0.275920
0.122400	0.359830
0.122480	0.352200
0.122560	0.298800
0.122640	0.230160
0.122720	0.214900
0.122800	0.275920
0.122880	0.344570
0.122960	0.397970
0.123040	0.413220
0.123120	0.413220
0.123200	0.367450
0.123280	0.321690
0.123360	0.314060
0.123440	0.329320
0.123520	0.344570
0.123600	0.344570
0.123680	0.344570
0.123760	0.359830
0.123840	0.390340
0.123920	0.352200
0.124000	0.390340
0.124080	0.428480
0.124160	0.428480
0.124240	0.397970
0.124320	0.413220
0.124400	0.458990
0.124480	0.497130
0.124560	0.504750
0.124640	0.489500
0.124720	0.443730
0.124800	0.382710
0.124880	0.344570
0.124960	0.367450
0.125040	0.397970
0.125120	0.428480
0.125200	0.451360
0.125280	0.451360
0.125360	0.443730
0.125440	0.451360
0.125520	0.481870
0.125600	0.520010
0.125680	0.542890
0.125760	0.550520
0.125840	0.550520
0.125920	0.558150
0.126000	0.512380
0.126080	0.504750
0.126160	0.512380
0.126240	0.504750
0.126320	0.497130
0.126400	0.512380
0.126480	0.558150
0.126560	0.603910
0.126640	0.626800
0.126720	0.664940
0.126800	0.680190
0.126880	0.634430
0.126960	0.603910
0.127040	0.573400
0.127120	0.603910
0.127200	0.634430
0.127280	0.657310
0.127360	0.695450
0.127440	0.710700
0.127520	0.710700
0.127600	0.703080
0.127680	0.741210
0.127760	0.748840
0.127840	0.756470
0.127920	0.733590
0.128000	0.718330
0.128080	0.710700
0.128160	0.687820
0.128240	0.703080
0.128320	0.703080
0.128400	0.703080
0.128480	0.703080
0.128560	0.710700
0.128640	0.710700
0.128720	0.695450
0.128800	0.703080
0.128880	0.687820
0.128960	0.687820
0.129040	0.642050
0.129120	0.642050
0.129200	0.657310
0.129280	0.695450
0.129360	0.733590
0.129440	0.771720
0.129520	0.756470
0.129600	0.725960
0.129680	0.687820
0.129760	0.672560
0.129840	0.657310
0.129920	0.657310
0.130000	0.695450
0.130080	0.718330
0.130160	0.718330
0.130240	0.733590
0.130320	0.733590
0.130400	0.741210
0.130480	0.733590
0.130560	0.718330
0.130640	0.733590
0.130720	0.733590
0.130800	0.748840
0.130880	0.756470
0.130960	0.764100
0.131040	0.764100
0.131120	0.733590
0.131200	0.718330
0.131280	0.695450
0.131360	0.695450
0.131440	0.718330
0.131520	0.733590
0.131600	0.756470
0.131680	0.748840
0.131760	0.741210
0.131840	0.733590
0.131920	0.733590
0.132000	0.733590
0.132080	0.718330
0.132160	0.687820
0.132240	0.664940
0.132320	0.664940
0.132400	0.664940
0.132480	0.687820
0.132560	0.718330
0.132640	0.710700
0.132720	0.748840
0.132800	0.756470
0.132880	0.764100
0.132960	0.764100
0.133040	0.771720
0.133120	0.786980
0.133200	0.764100
0.133280	0.741210
0.133360	0.756470
0.133440	0.748840
0.133520	0.733590
0.133600	0.733590
0.133680	0.756470
0.133760	0.748840
0.133840	0.718330
0.133920	0.718330
0.134000	0.748840
0.134080	0.764100
0.134160	0.756470
0.134240	0.748840
0.134320	0.756470
0.134400	0.748840
0.134480	0.748840
0.134560	0.748840
0.134640	0.786980
0.134720	0.809860
0.134800	0.779350
0.134880	0.718330
0.134960	0.725960
0.135040	0.756470
0.135120	0.764100
0.135200	0.756470
0.135280	0.764100
0.135360	0.779350
0.135440	0.786980
0.135520	0.725960
0.135600	0.687820
0.135680	0.733590
0.135760	0.779350
0.135840	0.771720
0.135920	0.703080
0.136000	0.672560
0.136080	0.718330
0.136160	0.718330
0.136240	0.680190
0.136320	0.672560
0.136400	0.703080
0.136480	0.756470
0.136560	0.741210
0.136640	0.733590
0.136720	0.718330
0.136800	0.756470
0.136880	0.779350
0.136960	0.786980
0.137040	0.786980
0.137120	0.771720
0.137200	0.779350
0.137280	0.794610
0.137360	0.756470
0.137440	0.718330
0.137520	0.680190
0.137600	0.634430
0.137680	0.718330
0.137760	0.832750
0.137840	0.870890
0.137920	0.855630
0.138000	0.878510
0.138080	0.878510
0.138160	0.809860
0.138240	0.672560
0.138320	0.588660
0.138400	0.603910
0.138480	0.733590
0.138560	0.855630
0.138640	0.954790
0.138720	0.939540
0.138800	0.893770
0.138880	0.848000
0.138960	0.817490
0.139040	0.794610
0.139120	0.725960
0.139200	0.672560
0.139280	0.725960
0.139360	0.840380
0.139440	0.931910
0.139520	0.916650
0.139600	0.855630
0.139680	0.779350
0.139760	0.771720
0.139840	0.832750
0.139920	0.848000
0.140000	0.817490
0.140080	0.794610
0.140160	0.848000
0.140240	0.931910
0.140320	0.939540
0.140400	0.855630
0.140480	0.771720
0.140560	0.748840
0.140640	0.817490
0.140720	0.870890
0.140800	0.870890
0.140880	0.832750
0.140960	0.817490
0.141040	0.840380
0.141120	0.886140
0.141200	0.931910
0.141280	0.901400
0.141360	0.817490
0.141440	0.748840
0.141520	0.825120
0.141600	0.893770
0.141680	0.916650
0.141760	0.832750
0.141840	0.764100
0.141920	0.794610
0.142000	0.870890
0.142080	0.901400
0.142160	0.870890
0.142240	0.809860
0.142320	0.748840
0.142400	0.733590
0.142480	0.817490
0.142560	0.886140
0.142640	0.855630
0.142720	0.741210
0.142800	0.687820
0.142880	0.764100
0.142960	0.878510
0.143040	0.870890
0.143120	0.733590
0.143200	0.619170
0.143280	0.634430
0.143360	0.741210
0.143440	0.863260
0.143520	0.893770
0.143600	0.855630
0.143680	0.771720
0.143760	0.710700
0.143840	0.725960
0.143920	0.748840
0.144000	0.733590
0.144080	0.664940
0.144160	0.657310
0.144240	0.680190
0.144320	0.779350
0.144400	0.848000
0.144480	0.786980
0.144560	0.657310
0.144640	0.581030
0.144720	0.626800
0.144800	0.748840
0.144880	0.825120
0.144960	0.786980
0.145040	0.687820
0.145120	0.664940
0.145200	0.703080
0.145280	0.779350
0.145360	0.771720
0.145440	0.672560
0.145520	0.581030
0.145600	0.588660
0.145680	0.703080
0.145760	0.817490
0.145840	0.825120
0.145920	0.695450
0.146000	0.588660
0.146080	0.619170
0.146160	0.764100
0.146240	0.901400
0.146320	0.909030
0.146400	0.771720
0.146480	0.649680
0.146560	0.626800
0.146640	0.710700
0.146720	0.794610
0.146800	0.817490
0.146880	0.725960
0.146960	0.657310
0.147040	0.611540
0.147120	0.664940
0.147200	0.779350
0.147280	0.832750
0.147360	0.779350
0.147440	0.657310
0.147520	0.542890
0.147600	0.565780
0.147680	0.710700
0.147760	0.840380
0.147840	0.848000
0.147920	0.733590
0.148000	0.596290
0.148080	0.542890
0.148160	0.611540
0.148240	0.718330
0.148320	0.771720
0.148400	0.695450
0.148480	0.573400
0.148560	0.520010
0.148640	0.581030
0.148720	0.703080
0.148800	0.786980
0.148880	0.748840
0.148960	0.619170
0.149040	0.481870
0.149120	0.458990
0.149200	0.558150
0.149280	0.664940
0.149360	0.695450
0.149440	0.619170
0.149520	0.489500
0.149600	0.420850
0.149680	0.443730
0.149760	0.558150
0.149840	0.642050
0.149920	0.657310
0.150000	0.588660
0.150080	0.512380
0.150160	0.489500
0.150240	0.504750
0.150320	0.558150
0.150400	0.573400
0.150480	0.520010
0.150560	0.413220
0.150640	0.314060
0.150720	0.298800
0.150800	0.375080
0.150880	0.497130
0.150960	0.542890
0.151040	0.512380
0.151120	0.436100
0.151200	0.375080
0.151280	0.329320
0.151360	0.329320
0.151440	0.352200
0.151520	0.382710
0.151600	0.382710
0.151680	0.352200
0.151760	0.275920
0.151840	0.222530
0.151920	0.260670
0.152000	0.329320
0.152080	0.382710
0.152160	0.336940
0.152240	0.237780
0.152320	0.169130
0.152400	0.184390
0.152480	0.275920
0.152560	0.359830
0.152640	0.336940
0.152720	0.237780
0.152800	0.115740
0.152880	0.062344
0.152960	0.146250
0.153040	0.283550
0.153120	0.329320
0.153200	0.253040
0.153280	0.115740
0.153360	0.024205
0.153440	0.039461
0.153520	0.153880
0.153600	0.245410
0.153680	0.237780
0.153760	0.138620
0.153840	0.001322
0.153920	-0.036817
0.154000	0.039461
0.154080	0.161500
0.154160	0.207270
0.154240	0.115740
0.154320	0.001322
0.154400	-0.044445
0.154480	0.024205
0.154560	0.108110
0.154640	0.138620
0.154720	0.085227
0.154800	0.001322
0.154880	-0.013934
0.154960	0.031833
0.155040	0.085227
0.155120	0.085227
0.155200	0.054716
0.155280	-0.013934
0.155360	-0.052073
0.155440	-0.029189
0.155520	0.024205
0.155600	0.039461
0.155680	0.008949
0.155760	-0.059700
0.155840	-0.036817
0.155920	0.024205
0.156000	0.062344
0.156080	0.047088
0.156160	-0.013934
0.156240	-0.074956
0.156320	-0.052073
0.156400	0.024205
0.156480	0.100480
0.156560	0.100480
0.156640	0.039461
0.156720	-0.036817
0.156800	-0.044445
0.156880	0.008949
0.156960	0.054716
0.157040	0.031833
0.157120	-0.090211
0.157200	-0.158860
0.157280	-0.105470
0.157360	0.031833
0.157440	0.123370
0.157520	0.130990
0.157600	0.047088
0.157680	-0.029189
0.157760	-0.059700
0.157840	-0.006306
0.157920	0.024205
0.158000	0.001322
0.158080	-0.074956
0.158160	-0.105470
0.158240	-0.029189
0.158320	0.146250
0.158400	0.253040
0.158480	0.214900
0.158560	0.024205
0.158640	-0.189370
0.158720	-0.280910
0.158800	-0.212260
0.158880	-0.074956
0.158960	0.031833
0.159040	0.047088
0.159120	0.039461
0.159200	-0.006306
0.159280	-0.059700
0.159360	-0.151230
0.159440	-0.197000
0.159520	-0.189370
0.159600	-0.105470
0.159680	-0.044445
0.159760	-0.013934
0.159840	-0.052073
0.159920	-0.113100
0.160000	-0.166490
0.160080	-0.158860
0.160160	-0.135980
0.160240	-0.097839
0.160320	-0.113100
0.160400	-0.143610
0.160480	-0.158860
0.160560	-0.090211
0.160640	-0.029189
0.160720	-0.013934
0.160800	-0.090211
0.160880	-0.204630
0.160960	-0.242770
0.161040	-0.197000
0.161120	-0.120720
0.161200	-0.067328
0.161280	-0.090211
0.161360	-0.174120
0.161440	-0.227510
0.161520	-0.219880
0.161600	-0.158860
0.161680	-0.097839
0.161760	-0.097839
0.161840	-0.181740
0.161920	-0.265650
0.162000	-0.296160
0.162080	-0.197000
0.162160	-0.113100
0.162240	-0.090211
0.162320	-0.128350
0.162400	-0.197000
0.162480	-0.242770
0.162560	-0.258020
0.162640	-0.258020
0.162720	-0.273280
0.162800	-0.334300
0.162880	-0.395320
0.162960	-0.418200
0.163040	-0.395320
0.163120	-0.357180
0.163200	-0.296160
0.163280	-0.250390
0.163360	-0.242770
0.163440	-0.265650
0.163520	-0.349550
0.163600	-0.410580
0.163680	-0.456340
0.163760	-0.441090
0.163840	-0.387690
0.163920	-0.349550
0.164000	-0.357180
0.164080	-0.364810
0.164160	-0.395320
0.164240	-0.418200
0.164320	-0.463970
0.164400	-0.509740
0.164480	-0.517370
0.164560	-0.502110
0.164640	-0.448720
0.164720	-0.441090
0.164800	-0.463970
0.164880	-0.456340
0.164960	-0.425830
0.165040	-0.418200
0.165120	-0.479230
0.165200	-0.616530
0.165280	-0.700430
0.165360	-0.700430
0.165440	-0.601270
0.165520	-0.502110
0.165600	-0.425830
0.165680	-0.387690
0.165760	-0.410580
0.165840	-0.479230
0.165920	-0.586020
0.166000	-0.692800
0.166080	-0.746200
0.166160	-0.761450
0.166240	-0.715690
0.166320	-0.631780
0.166400	-0.586020
0.166480	-0.540250
0.166560	-0.563130
0.166640	-0.593640
0.166720	-0.647040
0.166800	-0.715690
0.166880	-0.761450
0.166960	-0.776710
0.167040	-0.746200
0.167120	-0.723320
0.167200	-0.677550
0.167280	-0.662290
0.167360	-0.685180
0.167440	-0.746200
0.167520	-0.776710
0.167600	-0.791970
0.167680	-0.799590
0.167760	-0.776710
0.167840	-0.776710
0.167920	-0.769080
0.168000	-0.769080
0.168080	-0.769080
0.168160	-0.769080
0.168240	-0.769080
0.168320	-0.791970
0.168400	-0.822480
0.168480	-0.875870
0.168560	-0.914010
0.168640	-0.921640
0.168720	-0.891130
0.168800	-0.837730
0.168880	-0.822480
0.168960	-0.852990
0.169040	-0.898750
0.169120	-0.936890
0.169200	-0.936890
0.169280	-0.936890
0.169360	-0.914010
0.169440	-0.875870
0.169520	-0.875870
0.169600	-0.883500
0.169680	-0.914010
0.169760	-0.936890
0.169840	-0.990290
0.169920	-1.036000
0.170000	-1.036000
0.170080	-0.990290
0.170160	-0.944520
0.170240	-0.914010
0.170320	-0.936890
0.170400	-0.944520
0.170480	-0.982660
0.170560	-1.020800
0.170640	-1.051300
0.170720	-1.081800
0.170800	-1.081800
0.170880	-1.081800
0.170960	-1.066600
0.171040	-1.036000
0.171120	-1.013200
0.171200	-1.020800
0.171280	-1.043700
0.171360	-1.051300
0.171440	-1.051300
0.171520	-1.066600
0.171600	-1.066600
0.171680	-1.058900
0.171760	-1.051300
0.171840	-1.081800
0.171920	-1.097100
0.172000	-1.120000
0.172080	-1.120000
0.172160	-1.127600
0.172240	-1.120000
0.172320	-1.127600
0.172400	-1.150500
0.172480	-1.158100
0.172560	-1.158100
0.172640	-1.142800
0.172720	-1.158100
0.172800	-1.135200
0.172880	-1.150500
0.172960	-1.173300
0.173040	-1.173300
0.173120	-1.203900
0.173200	-1.219100
0.173280	-1.226800
0.173360	-1.211500
0.173440	-1.226800
0.173520	-1.226800
0.173600	-1.211500
0.173680	-1.219100
0.173760	-1.188600
0.173840	-1.203900
0.173920	-1.203900
0.174000	-1.226800
0.174080	-1.257300
0.174160	-1.303000
0.174240	-1.287800
0.174320	-1.257300
0.174400	-1.257300
0.174480	-1.264900
0.174560	-1.295400
0.174640	-1.333500
0.174720	-1.333500
0.174800	-1.341200
0.174880	-1.341200
0.174960	-1.356400
0.175040	-1.379300
0.175120	-1.379300
0.175200	-1.356400
0.175280	-1.287800
0.175360	-1.219100
0.175440	-1.181000
0.175520	-1.181000
0.175600	-1.219100
0.175680	-1.325900
0.175760	-1.417400
0.175840	-1.524200
0.175920	-1.554700
0.176000	-1.524200
0.176080	-1.463200
0.176160	-1.402200
0.176240	-1.394600
0.176320	-1.463200
0.176400	-1.562400
0.176480	-1.684400
0.176560	-1.745400
0.176640	-1.699700
0.176720	-1.615800
0.176800	-1.486100
0.176880	-1.417400
0.176960	-1.425100
0.177040	-1.509000
0.177120	-1.615800
0.177200	-1.707300
0.177280	-1.714900
0.177360	-1.669200
0.177440	-1.585300
0.177520	-1.516600
0.177600	-1.478500
0.177680	-1.478500
0.177760	-1.531900
0.177840	-1.623400
0.177920	-1.714900
0.178000	-1.768300
0.178080	-1.745400
0.178160	-1.676800
0.178240	-1.600500
0.178320	-1.562400
0.178400	-1.570000
0.178480	-1.631000
0.178560	-1.692000
0.178640	-1.707300
0.178720	-1.692000
0.178800	-1.638600
0.178880	-1.585300
0.178960	-1.592900
0.179040	-1.638600
0.179120	-1.699700
0.179200	-1.760700
0.179280	-1.783600
0.179360	-1.775900
0.179440	-1.753100
0.179520	-1.692000
0.179600	-1.623400
0.179680	-1.608100
0.179760	-1.638600
0.179840	-1.722600
0.179920	-1.783600
0.180000	-1.852200
0.180080	-1.844600
0.180160	-1.829300
0.180240	-1.783600
0.180320	-1.753100
0.180400	-1.760700
0.180480	-1.775900
0.180560	-1.837000
0.180640	-1.859900
0.180720	-1.867500
0.180800	-1.814100
0.180880	-1.753100
0.180960	-1.707300
0.181040	-1.714900
0.181120	-1.745400
0.181200	-1.821700
0.181280	-1.882700
0.181360	-1.913200
0.181440	-1.913200
0.181520	-1.875100
0.181600	-1.844600
0.181680	-1.859900
0.181760	-1.920900
0.181840	-1.959000
0.181920	-1.974300
0.182000	-1.951400
0.182080	-1.936100
0.182160	-1.959000
0.182240	-1.966600
0.182320	-2.012400
0.182400	-2.012400
0.182480	-1.981900
0.182560	-1.959000
0.182640	-1.966600
0.182720	-2.012400
0.182800	-2.050500
0.182880	-2.073400
0.182960	-2.050500
0.183040	-2.042900
0.183120	-2.073400
0.183200	-2.119200
0.183280	-2.142100
0.183360	-2.111600
0.183440	-2.058200
0.183520	-2.027700
0.183600	-2.073400
0.183680	-2.195500
0.183760	-2.287000
0.183840	-2.302300
0.183920	-2.226000
0.184000	-2.119200
0.184080	-2.035300
0.184160	-2.012400
0.184240	-2.020000
0.184320	-2.081100
0.184400	-2.134400
0.184480	-2.180200
0.184560	-2.241200
0.184640	-2.241200
0.184720	-2.203100
0.184800	-2.180200
0.184880	-2.172600
0.184960	-2.203100
0.185040	-2.233600
0.185120	-2.241200
0.185200	-2.241200
0.185280	-2.233600
0.185360	-2.210700
0.185440	-2.210700
0.185520	-2.248900
0.185600	-2.302300
0.185680	-2.363300
0.185760	-2.386200
0.185840	-2.386200
0.185920	-2.370900
0.186000	-2.355700
0.186080	-2.355700
0.186160	-2.355700
0.186240	-2.363300
0.186320	-2.393800
0.186400	-2.424300
0.186480	-2.462500
0.186560	-2.485300
0.186640	-2.462500
0.186720	-2.439600
0.186800	-2.416700
0.186880	-2.439600
0.186960	-2.500600
0.187040	-2.599700
0.187120	-2.599700
0.187200	-2.584500
0.187280	-2.523500
0.187360	-2.500600
0.187440	-2.523500
0.187520	-2.584500
0.187600	-2.607400
0.187680	-2.630300
0.187760	-2.615000
0.187840	-2.599700
0.187920	-2.615000
0.188000	-2.653100
0.188080	-2.683700
0.188160	-2.691300
0.188240	-2.683700
0.188320	-2.683700
0.188400	-2.698900
0.188480	-2.721800
0.188560	-2.729400
0.188640	-2.714200
0.188720	-2.698900
0.188800	-2.676000
0.188880	-2.676000
0.188960	-2.714200
0.189040	-2.759900
0.189120	-2.798100
0.189200	-2.798100
0.189280	-2.798100
0.189360	-2.767600
0.189440	-2.752300
0.189520	-2.744700
0.189600	-2.767600
0.189680	-2.790400
0.189760	-2.805700
0.189840	-2.828600
0.189920	-2.828600
0.190000	-2.843800
0.190080	-2.821000
0.190160	-2.821000
0.190240	-2.813300
0.190320	-2.821000
0.190400	-2.828600
0.190480	-2.874300
0.190560	-2.882000
0.190640	-2.882000
0.190720	-2.851500
0.190800	-2.828600
0.190880	-2.813300
0.190960	-2.805700
0.191040	-2.836200
0.191120	-2.866700
0.191200	-2.897200
0.191280	-2.912500
0.191360	-2.904900
0.191440	-2.882000
0.191520	-2.859100
0.191600	-2.859100
0.191680	-2.882000
0.191760	-2.897200
0.191840	-2.912500
0.191920	-2.897200
0.192000	-2.889600
0.192080	-2.889600
0.192160	-2.889600
0.192240	-2.912500
0.192320	-2.904900
0.192400	-2.889600
0.192480	-2.882000
0.192560	-2.874300
0.192640	-2.897200
0.192720	-2.927700
0.192800	-2.920100
0.192880	-2.927700
0.192960	-2.912500
0.193040	-2.920100
0.193120	-2.965900
0.193200	-2.981100
0.193280	-2.927700
0.193360	-2.866700
0.193440	-2.866700
0.193520	-2.950600
0.193600	-3.057400
0.193680	-3.034500
0.193760	-2.904900
0.193840	-2.798100
0.193920	-2.836200
0.194000	-2.920100
0.194080	-2.996400
0.194160	-2.996400
0.194240	-2.958300
0.194320	-2.996400
0.194400	-3.042200
0.194480	-3.080300
0.194560	-3.057400
0.194640	-2.988800
0.194720	-2.935400
0.194800	-2.973500
0.194880	-3.049800
0.194960	-3.110800
0.195040	-3.118400
0.195120	-3.080300
0.195200	-3.034500
0.195280	-2.981100
0.195360	-2.965900
0.195440	-2.973500
0.195520	-3.004000
0.195600	-3.072700
0.195680	-3.118400
0.195760	-3.126100
0.195840	-3.110800
0.195920	-3.072700
0.196000	-3.065000
0.196080	-3.087900
0.196160	-3.095600
0.196240	-3.095600
0.196320	-3.110800
0.196400	-3.126100
0.196480	-3.126100
0.196560	-3.133700
0.196640	-3.118400
0.196720	-3.103200
0.196800	-3.057400
0.196880	-3.072700
0.196960	-3.065000
0.197040	-3.087900
0.197120	-3.141300
0.197200	-3.179500
0.197280	-3.179500
0.197360	-3.156600
0.197440	-3.110800
0.197520	-3.095600
0.197600	-3.126100
0.197680	-3.187100
0.197760	-3.210000
0.197840	-3.217600
0.197920	-3.187100
0.198000	-3.179500
0.198080	-3.179500
0.198160	-3.187100
0.198240	-3.194700
0.198320	-3.171800
0.198400	-3.171800
0.198480	-3.202300
0.198560	-3.225200
0.198640	-3.248100
0.198720	-3.232900
0.198800	-3.194700
0.198880	-3.171800
0.198960	-3.164200
0.199040	-3.202300
0.199120	-3.202300
0.199200	-3.225200
0.199280	-3.240500
0.199360	-3.232900
0.199440	-3.210000
0.199520	-3.202300
0.199600	-3.187100
0.199680	-3.194700
0.199760	-3.194700
0.199840	-3.194700
0.199920	-3.217600
0.200000	-3.232900
0.200080	-3.232900
0.200160	-3.202300
0.200240	-3.187100
0.200320	-3.179500
0.200400	-3.187100
0.200480	-3.202300
0.200560	-3.217600
0.200640	-3.210000
0.200720	-3.202300
0.200800	-3.187100
0.200880	-3.194700
0.200960	-3.187100
0.201040	-3.194700
0.201120	-3.179500
0.201200	-3.194700
0.201280	-3.202300
0.201360	-3.248100
0.201440	-3.255700
0.201520	-3.194700
0.201600	-3.118400
0.201680	-3.118400
0.201760	-3.202300
0.201840	-3.232900
0.201920	-3.210000
0.202000	-3.126100
0.202080	-3.087900
0.202160	-3.118400
0.202240	-3.179500
0.202320	-3.217600
0.202400	-3.217600
0.202480	-3.217600
0.202560	-3.210000
0.202640	-3.240500
0.202720	-3.217600
0.202800	-3.171800
0.202880	-3.148900
0.202960	-3.164200
0.203040	-3.225200
0.203120	-3.225200
0.203200	-3.225200
0.203280	-3.210000
0.203360	-3.179500
0.203440	-3.141300
0.203520	-3.126100
0.203600	-3.118400
0.203680	-3.141300
0.203760	-3.171800
0.203840	-3.210000
0.203920	-3.225200
0.204000	-3.179500
0.204080	-3.126100
0.204160	-3.080300
0.204240	-3.049800
0.204320	-3.072700
0.204400	-3.126100
0.204480	-3.179500
0.204560	-3.217600
0.204640	-3.232900
0.204720	-3.210000
0.204800	-3.187100
0.204880	-3.148900
0.204960	-3.095600
0.205040	-3.057400
0.205120	-3.080300
0.205200	-3.133700
0.205280	-3.187100
0.205360	-3.194700
0.205440	-3.194700
0.205520	-3.194700
0.205600	-3.164200
0.205680	-3.148900
0.205760	-3.103200
0.205840	-3.141300
0.205920	-3.194700
0.206000	-3.232900
0.206080	-3.194700
0.206160	-3.133700
0.206240	-3.110800
0.206320	-3.126100
0.206400	-3.164200
0.206480	-3.187100
0.206560	-3.187100
0.206640	-3.164200
0.206720	-3.187100
0.206800	-3.225200
0.206880	-3.217600
0.206960	-3.171800
0.207040	-3.141300
0.207120	-3.164200
0.207200	-3.194700
0.207280	-3.202300
0.207360	-3.156600
0.207440	-3.141300
0.207520	-3.141300
0.207600	-3.148900
0.207680	-3.187100
0.207760	-3.202300
0.207840	-3.217600
0.207920	-3.210000
0.208000	-3.232900
0.208080	-3.210000
0.208160	-3.164200
0.208240	-3.118400
0.208320	-3.133700
0.208400	-3.210000
0.208480	-3.293900
0.208560	-3.301500
0.208640	-3.248100
0.208720	-3.141300
0.208800	-3.080300
0.208880	-3.148900
0.208960	-3.286200
0.209040	-3.377800
0.209120	-3.332000
0.209200	-3.248100
0.209280	-3.210000
0.209360	-3.255700
0.209440	-3.316800
0.209520	-3.316800
0.209600	-3.225200
0.209680	-3.133700
0.209760	-3.164200
0.209840	-3.309100
0.209920	-3.400700
0.210000	-3.362500
0.210080	-3.248100
0.210160	-3.187100
0.210240	-3.210000
0.210320	-3.316800
0.210400	-3.370200
0.210480	-3.316800
0.210560	-3.263400
0.210640	-3.255700
0.210720	-3.286200
0.210800	-3.286200
0.210880	-3.202300
0.210960	-3.133700
0.211040	-3.156600
0.211120	-3.316800
0.211200	-3.454100
0.211280	-3.454100
0.211360	-3.316800
0.211440	-3.171800
0.211520	-3.179500
0.211600	-3.293900
0.211680	-3.332000
0.211760	-3.240500
0.211840	-3.110800
0.211920	-3.141300
0.212000	-3.309100
0.212080	-3.454100
0.212160	-3.408300
0.212240	-3.248100
0.212320	-3.133700
0.212400	-3.171800
0.212480	-3.278600
0.212560	-3.316800
0.212640	-3.248100
0.212720	-3.225200
0.212800	-3.263400
0.212880	-3.278600
0.212960	-3.232900
0.213040	-3.187100
0.213120	-3.202300
0.213200	-3.271000
0.213280	-3.301500
0.213360	-3.271000
0.213440	-3.255700
0.213520	-3.263400
0.213600	-3.293900
0.213680	-3.271000
0.213760	-3.217600
0.213840	-3.156600
0.213920	-3.187100
0.214000	-3.240500
0.214080	-3.286200
0.214160	-3.263400
0.214240	-3.217600
0.214320	-3.232900
0.214400	-3.278600
0.214480	-3.301500
0.214560	-3.255700
0.214640	-3.187100
0.214720	-3.171800
0.214800	-3.210000
0.214880	-3.263400
0.214960	-3.232900
0.215040	-3.187100
0.215120	-3.156600
0.215200	-3.194700
0.215280	-3.248100
0.215360	-3.255700
0.215440	-3.202300
0.215520	-3.187100
0.215600	-3.179500
0.215680	-3.217600
0.215760	-3.232900
0.215840	-3.202300
0.215920	-3.202300
0.216000	-3.194700
0.216080	-3.179500
0.216160	-3.171800
0.216240	-3.187100
0.216320	-3.202300
0.216400	-3.194700
0.216480	-3.164200
0.216560	-3.164200
0.216640	-3.202300
0.216720	-3.225200
0.216800	-3.187100
0.216880	-3.156600
0.216960	-3.179500
0.217040	-3.179500
0.217120	-3.156600
0.217200	-3.133700
0.217280	-3.148900
0.217360	-3.187100
0.217440	-3.156600
0.217520	-3.126100
0.217600	-3.118400
0.217680	-3.148900
0.217760	-3.148900
0.217840	-3.164200
0.217920	-3.179500
0.218000	-3.194700
0.218080	-3.179500
0.218160	-3.156600
0.218240	-3.148900
0.218320	-3.126100
0.218400	-3.080300
0.218480	-3.072700
0.218560	-3.110800
0.218640	-3.171800
0.218720	-3.179500
0.218800	-3.141300
0.218880	-3.103200
0.218960	-3.103200
0.219040	-3.118400
0.219120	-3.133700
0.219200	-3.133700
0.219280	-3.126100
0.219360	-3.103200
0.219440	-3.118400
0.219520	-3.126100
0.219600	-3.110800
0.219680	-3.065000
0.219760	-3.072700
0.219840	-3.103200
0.219920	-3.133700
0.220000	-3.118400
0.220080	-3.103200
0.220160	-3.087900
0.220240	-3.103200
0.220320	-3.095600
0.220400	-3.148900
0.220480	-3.110800
0.220560	-3.057400
0.220640	-3.042200
0.220720	-3.057400
0.220800	-3.080300
0.220880	-3.072700
0.220960	-3.057400
0.221040	-3.026900
0.221120	-3.049800
0.221200	-3.072700
0.221280	-3.080300
0.221360	-3.065000
0.221440	-3.049800
0.221520	-3.026900
0.221600	-3.019300
0.221680	-3.034500
0.221760	-3.019300
0.221840	-3.011600
0.221920	-3.011600
0.222000	-3.019300
0.222080	-3.004000
0.222160	-3.004000
0.222240	-3.011600
0.222320	-2.988800
0.222400	-2.981100
0.222480	-2.981100
0.222560	-2.988800
0.222640	-2.981100
0.222720	-2.996400
0.222800	-3.004000
0.222880	-2.981100
0.222960	-2.950600
0.223040	-2.927700
0.223120	-2.943000
0.223200	-2.927700
0.223280	-2.927700
0.223360	-2.927700
0.223440	-2.950600
0.223520	-2.935400
0.223600	-2.943000
0.223680	-2.943000
0.223760	-2.920100
0.223840	-2.882000
0.223920	-2.828600
0.224000	-2.821000
0.224080	-2.790400
0.224160	-2.767600
0.224240	-2.775200
0.224320	-2.813300
0.224400	-2.813300
0.224480	-2.805700
0.224560	-2.813300
0.224640	-2.805700
0.224720	-2.767600
0.224800	-2.721800
0.224880	-2.698900
0.224960	-2.660800
0.225040	-2.668400
0.225120	-2.698900
0.225200	-2.668400
0.225280	-2.630300
0.225360	-2.546400
0.225440	-2.508200
0.225520	-2.554000
0.225600	-2.622600
0.225680	-2.660800
0.225760	-2.653100
0.225840	-2.607400
0.225920	-2.493000
0.226000	-2.409000
0.226080	-2.416700
0.226160	-2.470100
0.226240	-2.554000
0.226320	-2.630300
0.226400	-2.660800
0.226480	-2.622600
0.226560	-2.531100
0.226640	-2.416700
0.226720	-2.348000
0.226800	-2.317500
0.226880	-2.378500
0.226960	-2.485300
0.227040	-2.584500
0.227120	-2.622600
0.227200	-2.584500
0.227280	-2.493000
0.227360	-2.401400
0.227440	-2.355700
0.227520	-2.325200
0.227600	-2.363300
0.227680	-2.416700
0.227760	-2.439600
0.227840	-2.454800
0.227920	-2.447200
0.228000	-2.424300
0.228080	-2.378500
0.228160	-2.340400
0.228240	-2.317500
0.228320	-2.325200
0.228400	-2.309900
0.228480	-2.302300
0.228560	-2.302300
0.228640	-2.302300
0.228720	-2.302300
0.228800	-2.325200
0.228880	-2.340400
0.228960	-2.332800
0.229040	-2.309900
0.229120	-2.271700
0.229200	-2.226000
0.229280	-2.210700
0.229360	-2.210700
0.229440	-2.210700
0.229520	-2.233600
0.229600	-2.241200
0.229680	-2.241200
0.229760	-2.241200
0.229840	-2.180200
0.229920	-2.157300
0.230000	-2.157300
0.230080	-2.149700
0.230160	-2.157300
0.230240	-2.142100
0.230320	-2.134400
0.230400	-2.111600
0.230480	-2.081100
0.230560	-2.058200
0.230640	-2.065800
0.230720	-2.058200
0.230800	-2.035300
0.230880	-2.035300
0.230960	-2.035300
0.231040	-2.020000
0.231120	-2.004800
0.231200	-2.004800
0.231280	-2.004800
0.231360	-1.989500
0.231440	-1.966600
0.231520	-1.951400
0.231600	-1.928500
0.231680	-1.882700
0.231760	-1.875100
0.231840	-1.875100
0.231920	-1.890400
0.232000	-1.890400
0.232080	-1.890400
0.232160	-1.898000
0.232240	-1.875100
0.232320	-1.852200
0.232400	-1.829300
0.232480	-1.837000
0.232560	-1.829300
0.232640	-1.829300
0.232720	-1.829300
0.232800	-1.783600
0.232880	-1.753100
0.232960	-1.745400
0.233040	-1.730200
0.233120	-1.745400
0.233200	-1.783600
0.233280	-1.798800
0.233360	-1.798800
0.233440	-1.768300
0.233520	-1.745400
0.233600	-1.722600
0.233680	-1.707300
0.233760	-1.692000
0.233840	-1.692000
0.233920	-1.699700
0.234000	-1.699700
0.234080	-1.684400
0.234160	-1.676800
0.234240	-1.661500
0.234320	-1.684400
0.234400	-1.676800
0.234480	-1.661500
0.234560	-1.646300
0.234640	-1.646300
0.234720	-1.669200
0.234800	-1.638600
0.234880	-1.623400
0.234960	-1.562400
0.235040	-1.577600
0.235120	-1.600500
0.235200	-1.585300
0.235280	-1.547100
0.235360	-1.531900
0.235440	-1.539500
0.235520	-1.547100
0.235600	-1.554700
0.235680	-1.531900
0.235760	-1.516600
0.235840	-1.539500
0.235920	-1.539500
0.236000	-1.501400
0.236080	-1.440300
0.236160	-1.432700
0.236240	-1.455600
0.236320	-1.486100
0.236400	-1.493700
0.236480	-1.478500
0.236560	-1.440300
0.236640	-1.440300
0.236720	-1.425100
0.236800	-1.386900
0.236880	-1.371700
0.236960	-1.417400
0.237040	-1.440300
0.237120	-1.486100
0.237200	-1.425100
0.237280	-1.371700
0.237360	-1.325900
0.237440	-1.318300
0.237520	-1.341200
0.237600	-1.341200
0.237680	-1.333500
0.237760	-1.325900
0.237840	-1.356400
0.237920	-1.356400
0.238000	-1.318300
0.238080	-1.249600
0.238160	-1.203900
0.238240	-1.219100
0.238320	-1.264900
0.238400	-1.295400
0.238480	-1.272500
0.238560	-1.249600
0.238640	-1.242000
0.238720	-1.257300
0.238800	-1.249600
0.238880	-1.211500
0.238960	-1.196200
0.239040	-1.211500
0.239120	-1.234400
0.239200	-1.211500
0.239280	-1.165700
0.239360	-1.135200
0.239440	-1.142800
0.239520	-1.173300
0.239600	-1.196200
0.239680	-1.181000
0.239760	-1.165700
0.239840	-1.104700
0.239920	-1.120000
0.240000	-1.089500
0.240080	-1.074200
0.240160	-1.074200
0.240240	-1.104700
0.240320	-1.127600
0.240400	-1.120000
0.240480	-1.097100
0.240560	-1.051300
0.240640	-1.013200
0.240720	-1.005500
0.240800	-1.043700
0.240880	-1.081800
0.240960	-1.089500
0.241040	-1.058900
0.241120	-1.051300
0.241200	-1.013200
0.241280	-0.975030
0.241360	-0.959780
0.241440	-0.990290
0.241520	-1.013200
0.241600	-1.051300
0.241680	-1.020800
0.241760	-0.959780
0.241840	-0.914010
0.241920	-0.875870
0.242000	-0.891130
0.242080	-0.914010
0.242160	-0.952150
0.242240	-0.967400
0.242320	-0.952150
0.242400	-0.921640
0.242480	-0.891130
0.242560	-0.868240
0.242640	-0.852990
0.242720	-0.860620
0.242800	-0.891130
0.242880	-0.921640
0.242960	-0.891130
0.243040	-0.837730
0.243120	-0.799590
0.243200	-0.776710
0.243280	-0.784340
0.243360	-0.807220
0.243440	-0.814850
0.243520	-0.845360
0.243600	-0.845360
0.243680	-0.807220
0.243760	-0.761450
0.243840	-0.730940
0.243920	-0.738570
0.244000	-0.753830
0.244080	-0.769080
0.244160	-0.791970
0.244240	-0.776710
0.244320	-0.723320
0.244400	-0.685180
0.244480	-0.662290
0.244560	-0.677550
0.244640	-0.715690
0.244720	-0.746200
0.244800	-0.776710
0.244880	-0.746200
0.244960	-0.708060
0.245040	-0.662290
0.245120	-0.624150
0.245200	-0.639410
0.245280	-0.669920
0.245360	-0.700430
0.245440	-0.700430
0.245520	-0.669920
0.245600	-0.639410
0.245680	-0.608900
0.245760	-0.608900
0.245840	-0.631780
0.245920	-0.662290
0.246000	-0.669920
0.246080	-0.662290
0.246160	-0.639410
0.246240	-0.601270
0.246320	-0.578390
0.246400	-0.563130
0.246480	-0.578390
0.246560	-0.624150
0.246640	-0.639410
0.246720	-0.616530
0.246800	-0.570760
0.246880	-0.517370
0.246960	-0.479230
0.247040	-0.486860
0.247120	-0.532620
0.247200	-0.593640
0.247280	-0.624150
0.247360	-0.616530
0.247440	-0.547880
0.247520	-0.486860
0.247600	-0.433460
0.247680	-0.425830
0.247760	-0.463970
0.247840	-0.540250
0.247920	-0.570760
0.248000	-0.570760
0.248080	-0.524990
0.248160	-0.486860
0.248240	-0.486860
0.248320	-0.486860
0.248400	-0.502110
0.248480	-0.456340
0.248560	-0.425830
0.248640	-0.395320
0.248720	-0.364810
0.248800	-0.364810
0.248880	-0.380070
0.248960	-0.418200
0.249040	-0.471600
0.249120	-0.486860
0.249200	-0.502110
0.249280	-0.494480
0.249360	-0.418200
0.249440	-0.326670
0.249520	-0.258020
0.249600	-0.235140
0.249680	-0.280910
0.249760	-0.349550
0.249840	-0.433460
0.249920	-0.494480
0.250000	-0.463970
0.250080	-0.395320
0.250160	-0.326670
0.250240	-0.303790
0.250320	-0.319040
0.250400	-0.319040
0.250480	-0.319040
0.250560	-0.319040
0.250640	-0.303790
0.250720	-0.288530
0.250800	-0.280910
0.250880	-0.258020
0.250960	-0.265650
0.251040	-0.258020
0.251120	-0.296160
0.251200	-0.326670
0.251280	-0.357180
0.251360	-0.334300
0.251440	-0.280910
0.251520	-0.219880
0.251600	-0.181740
0.251680	-0.174120
0.251760	-0.204630
0.251840	-0.273280
0.251920	-0.334300
0.252000	-0.334300
0.252080	-0.280910
0.252160	-0.197000
0.252240	-0.143610
0.252320	-0.120720
0.252400	-0.158860
0.252480	-0.212260
0.252560	-0.265650
0.252640	-0.265650
0.252720	-0.242770
0.252800	-0.212260
0.252880	-0.181740
0.252960	-0.158860
0.253040	-0.151230
0.253120	-0.158860
0.253200	-0.212260
0.253280	-0.265650
0.253360	-0.288530
0.253440	-0.235140
0.253520	-0.151230
0.253600	-0.097839
0.253680	-0.059700
0.253760	-0.052073
0.253840	-0.151230
0.253920	-0.219880
0.254000	-0.227510
0.254080	-0.227510
0.254160	-0.189370
0.254240	-0.143610
0.254320	-0.105470
0.254400	-0.097839
0.254480	-0.135980
0.254560	-0.143610
0.254640	-0.128350
0.254720	-0.135980
0.254800	-0.135980
0.254880	-0.143610
0.254960	-0.128350
0.255040	-0.052073
0.255120	0.047088
0.255200	0.069972
0.255280	-0.021562
0.255360	-0.120720
0.255440	-0.181740
0.255520	-0.174120
0.255600	-0.128350
0.255680	0.001322
0.255760	0.062344
0.255840	0.085227
0.255920	0.062344
0.256000	0.008949
0.256080	-0.052073
0.256160	-0.074956
0.256240	-0.090211
0.256320	-0.082584
0.256400	-0.036817
0.256480	0.039461
0.256560	0.108110
0.256640	0.176760
0.256720	0.207270
0.256800	0.153880
0.256880	0.077599
0.256960	0.008949
0.257040	0.016577
0.257120	0.062344
0.257200	0.130990
0.257280	0.199640
0.257360	0.199640
0.257440	0.146250
0.257520	0.115740
0.257600	0.100480
0.257680	0.092855
0.257760	0.115740
0.257840	0.123370
0.257920	0.153880
0.258000	0.176760
0.258080	0.153880
0.258160	0.169130
0.258240	0.169130
0.258320	0.130990
0.258400	0.108110
0.258480	0.092855
0.258560	0.123370
0.258640	0.199640
0.258720	0.291180
0.258800	0.336940
0.258880	0.306430
0.258960	0.214900
0.259040	0.123370
0.259120	0.100480
0.259200	0.130990
0.259280	0.199640
0.259360	0.260670
0.259440	0.306430
0.259520	0.291180
0.259600	0.275920
0.259680	0.260670
0.259760	0.253040
0.259840	0.245410
0.259920	0.237780
0.260000	0.214900
0.260080	0.199640
0.260160	0.199640
0.260240	0.214900
0.260320	0.260670
0.260400	0.260670
0.260480	0.245410
0.260560	0.214900
0.260640	0.192020
0.260720	0.184390
0.260800	0.237780
0.260880	0.291180
0.260960	0.344570
0.261040	0.375080
0.261120	0.344570
0.261200	0.283550
0.261280	0.214900
0.261360	0.192020
0.261440	0.207270
0.261520	0.245410
0.261600	0.291180
0.261680	0.344570
0.261760	0.375080
0.261840	0.367450
0.261920	0.329320
0.262000	0.298800
0.262080	0.268290
0.262160	0.260670
0.262240	0.245410
0.262320	0.245410
0.262400	0.253040
0.262480	0.291180
0.262560	0.329320
0.262640	0.329320
0.262720	0.336940
0.262800	0.321690
0.262880	0.306430
0.262960	0.291180
0.263040	0.291180
0.263120	0.321690
0.263200	0.321690
0.263280	0.306430
0.263360	0.275920
0.263440	0.253040
0.263520	0.268290
0.263600	0.321690
0.263680	0.390340
0.263760	0.436100
0.263840	0.420850
0.263920	0.352200
0.264000	0.283550
0.264080	0.268290
0.264160	0.306430
0.264240	0.375080
0.264320	0.405590
0.264400	0.413220
0.264480	0.405590
0.264560	0.390340
0.264640	0.390340
0.264720	0.397970
0.264800	0.375080
0.264880	0.321690
0.264960	0.306430
0.265040	0.291180
0.265120	0.336940
0.265200	0.413220
0.265280	0.481870
0.265360	0.535270
0.265440	0.497130
0.265520	0.436100
0.265600	0.344570
0.265680	0.291180
0.265760	0.275920
0.265840	0.329320
0.265920	0.443730
0.266000	0.581030
0.266080	0.710700
0.266160	0.779350
0.266240	0.741210
0.266320	0.626800
0.266400	0.451360
0.266480	0.321690
0.266560	0.306430
0.266640	0.413220
0.266720	0.611540
0.266800	0.733590
0.266880	0.771720
0.266960	0.695450
0.267040	0.581030
0.267120	0.489500
0.267200	0.451360
0.267280	0.489500
0.267360	0.542890
0.267440	0.634430
0.267520	0.695450
0.267600	0.718330
0.267680	0.741210
0.267760	0.710700
0.267840	0.657310
0.267920	0.550520
0.268000	0.497130
0.268080	0.504750
0.268160	0.596290
0.268240	0.748840
0.268320	0.855630
0.268400	0.878510
0.268480	0.802240
0.268560	0.680190
0.268640	0.573400
0.268720	0.504750
0.268800	0.474240
0.268880	0.504750
0.268960	0.558150
0.269040	0.626800
0.269120	0.703080
0.269200	0.733590
0.269280	0.718330
0.269360	0.657310
0.269440	0.581030
0.269520	0.504750
0.269600	0.466610
0.269680	0.466610
0.269760	0.497130
0.269840	0.550520
0.269920	0.596290
0.270000	0.603910
0.270080	0.558150
0.270160	0.481870
0.270240	0.413220
0.270320	0.397970
0.270400	0.382710
0.270480	0.436100
0.270560	0.504750
0.270640	0.565780
0.270720	0.611540
0.270800	0.581030
0.270880	0.512380
0.270960	0.413220
0.271040	0.344570
0.271120	0.336940
0.271200	0.397970
0.271280	0.458990
0.271360	0.527640
0.271440	0.573400
0.271520	0.619170
0.271600	0.649680
0.271680	0.634430
0.271760	0.596290
0.271840	0.550520
0.271920	0.512380
0.272000	0.489500
0.272080	0.504750
0.272160	0.520010
0.272240	0.550520
0.272320	0.596290
0.272400	0.619170
0.272480	0.611540
0.272560	0.588660
0.272640	0.588660
0.272720	0.588660
0.272800	0.581030
0.272880	0.588660
0.272960	0.565780
0.273040	0.527640
0.273120	0.527640
0.273200	0.504750
0.273280	0.481870
0.273360	0.458990
0.273440	0.405590
0.273520	0.390340
0.273600	0.428480
0.273680	0.497130
0.273760	0.611540
0.273840	0.725960
0.273920	0.771720
0.274000	0.748840
0.274080	0.680190
0.274160	0.497130
0.274240	0.413220
0.274320	0.367450
0.274400	0.390340
0.274480	0.458990
0.274560	0.565780
0.274640	0.649680
0.274720	0.672560
0.274800	0.649680
0.274880	0.626800
0.274960	0.588660
0.275040	0.520010
0.275120	0.497130
0.275200	0.474240
0.275280	0.489500
0.275360	0.512380
0.275440	0.550520
0.275520	0.558150
0.275600	0.550520
0.275680	0.520010
0.275760	0.504750
0.275840	0.481870
0.275920	0.512380
0.276000	0.535270
0.276080	0.542890
0.276160	0.550520
0.276240	0.527640
0.276320	0.504750
0.276400	0.466610
0.276480	0.443730
0.276560	0.443730
0.276640	0.428480
0.276720	0.443730
0.276800	0.466610
0.276880	0.504750
0.276960	0.535270
0.277040	0.550520
0.277120	0.550520
0.277200	0.512380
0.277280	0.474240
0.277360	0.458990
0.277440	0.443730
0.277520	0.443730
0.277600	0.428480
0.277680	0.428480
0.277760	0.413220
0.277840	0.405590
0.277920	0.420850
0.278000	0.413220
0.278080	0.413220
0.278160	0.397970
0.278240	0.382710
0.278320	0.382710
0.278400	0.367450
0.278480	0.344570
0.278560	0.329320
0.278640	0.321690
0.278720	0.314060
0.278800	0.314060
0.278880	0.298800
0.278960	0.291180
0.279040	0.283550
0.279120	0.268290
0.279200	0.268290
0.279280	0.275920
0.279360	0.306430
0.279440	0.291180
0.279520	0.291180
0.279600	0.268290
0.279680	0.245410
0.279760	0.230160
0.279840	0.214900
0.279920	0.222530
0.280000	0.230160
0.280080	0.260670
0.280160	0.275920
0.280240	0.275920
0.280320	0.291180
0.280400	0.291180
0.280480	0.253040
0.280560	0.230160
0.280640	0.222530
0.280720	0.245410
0.280800	0.260670
0.280880	0.253040
0.280960	0.222530
0.281040	0.192020
0.281120	0.176760
0.281200	0.192020
0.281280	0.192020
0.281360	0.184390
0.281440	0.207270
0.281520	0.237780
0.281600	0.291180
0.281680	0.306430
0.281760	0.275920
0.281840	0.245410
0.281920	0.222530
0.282000	0.207270
0.282080	0.161500
0.282160	0.100480
0.282240	0.039461
0.282320	0.062344
0.282400	0.169130
0.282480	0.245410
0.282560	0.230160
0.282640	0.184390
0.282720	0.161500
0.282800	0.192020
0.282880	0.222530
0.282960	0.176760
0.283040	0.085227
0.283120	0.031833
0.283200	0.085227
0.283280	0.169130
0.283360	0.176760
0.283440	0.146250
0.283520	0.092855
0.283600	0.108110
0.283680	0.169130
0.283760	0.153880
0.283840	0.100480
0.283920	0.047088
0.284000	0.069972
0.284080	0.130990
0.284160	0.138620
0.284240	0.100480
0.284320	0.016577
0.284400	0.008949
0.284480	0.077599
0.284560	0.176760
0.284640	0.176760
0.284720	0.123370
0.284800	0.085227
0.284880	0.130990
0.284960	0.207270
0.285040	0.230160
0.285120	0.138620
0.285200	0.054716
0.285280	0.062344
0.285360	0.115740
0.285440	0.146250
0.285520	0.115740
0.285600	0.069972
0.285680	0.077599
0.285760	0.153880
0.285840	0.207270
0.285920	0.192020
0.286000	0.115740
0.286080	0.085227
0.286160	0.153880
0.286240	0.192020
0.286320	0.176760
0.286400	0.108110
0.286480	0.092855
0.286560	0.108110
0.286640	0.176760
0.286720	0.207270
0.286800	0.153880
0.286880	0.092855
0.286960	0.123370
0.287040	0.169130
0.287120	0.207270
0.287200	0.184390
0.287280	0.115740
0.287360	0.115740
0.287440	0.130990
0.287520	0.153880
0.287600	0.146250
0.287680	0.123370
0.287760	0.108110
0.287840	0.146250
0.287920	0.207270
0.288000	0.192020
0.288080	0.138620
0.288160	0.130990
0.288240	0.161500
0.288320	0.207270
0.288400	0.207270
0.288480	0.169130
0.288560	0.130990
0.288640	0.130990
0.288720	0.169130
0.288800	0.169130
0.288880	0.146250
0.288960	0.108110
0.289040	0.100480
0.289120	0.115740
0.289200	0.138620
0.289280	0.123370
0.289360	0.092855
0.289440	0.092855
0.289520	0.138620
0.289600	0.130990
0.289680	0.130990
0.289760	0.085227
0.289840	0.054716
0.289920	0.062344
0.290000	0.069972
0.290080	0.077599
0.290160	0.054716
0.290240	0.047088
0.290320	0.047088
0.290400	0.069972
0.290480	0.054716
0.290560	0.008949
0.290640	-0.013934
0.290720	-0.029189
0.290800	-0.013934
0.290880	-0.021562
0.290960	-0.036817
0.291040	-0.044445
0.291120	-0.044445
0.291200	-0.036817
0.291280	-0.013934
0.291360	0.008949
0.291440	0.016577
0.291520	0.001322
0.291600	-0.006306
0.291680	-0.036817
0.291760	-0.052073
0.291840	-0.074956
0.291920	-0.074956
0.292000	-0.044445
0.292080	0.001322
0.292160	0.039461
0.292240	0.054716
0.292320	0.039461
0.292400	0.001322
0.292480	-0.052073
0.292560	-0.082584
0.292640	-0.113100
0.292720	-0.143610
0.292800	-0.120720
0.292880	-0.074956
0.292960	-0.036817
0.293040	-0.021562
0.293120	-0.013934
0.293200	-0.029189
0.293280	-0.044445
0.293360	-0.059700
0.293440	-0.097839
0.293520	-0.120720
0.293600	-0.128350
0.293680	-0.105470
0.293760	-0.120720
0.293840	-0.120720
0.293920	-0.120720
0.294000	-0.120720
0.294080	-0.105470
0.294160	-0.090211
0.294240	-0.090211
0.294320	-0.105470
0.294400	-0.113100
0.294480	-0.151230
0.294560	-0.151230
0.294640	-0.143610
0.294720	-0.158860
0.294800	-0.151230
0.294880	-0.128350
0.294960	-0.120720
0.295040	-0.097839
0.295120	-0.097839
0.295200	-0.090211
0.295280	-0.097839
0.295360	-0.105470
0.295440	-0.120720
0.295520	-0.105470
0.295600	-0.105470
0.295680	-0.113100
0.295760	-0.097839
0.295840	-0.090211
0.295920	-0.090211
0.296000	-0.120720
0.296080	-0.120720
0.296160	-0.151230
0.296240	-0.166490
0.296320	-0.174120
0.296400	-0.174120
0.296480	-0.158860
0.296560	-0.151230
0.296640	-0.120720
0.296720	-0.113100
0.296800	-0.120720
0.296880	-0.143610
0.296960	-0.158860
0.297040	-0.181740
0.297120	-0.197000
0.297200	-0.212260
0.297280	-0.204630
0.297360	-0.174120
0.297440	-0.158860
0.297520	-0.143610
0.297600	-0.113100
0.297680	-0.097839
0.297760	-0.105470
0.297840	-0.113100
0.297920	-0.128350
0.298000	-0.158860
0.298080	-0.151230
0.298160	-0.128350
0.298240	-0.113100
0.298320	-0.113100
0.298400	-0.120720
0.298480	-0.120720
0.298560	-0.105470
0.298640	-0.120720
0.298720	-0.097839
0.298800	-0.105470
0.298880	-0.105470
0.298960	-0.090211
0.299040	-0.128350
0.299120	-0.143610
0.299200	-0.105470
0.299280	-0.120720
0.299360	-0.113100
0.299440	-0.090211
0.299520	-0.090211
0.299600	-0.082584
0.299680	-0.067328
0.299760	-0.059700
0.299840	-0.067328
0.299920	-0.082584
0.300000	-0.090211
0.300080	-0.090211
0.300160	-0.082584
0.300240	-0.082584
0.300320	-0.090211
0.300400	-0.074956
0.300480	-0.074956
0.300560	-0.074956
0.300640	-0.097839
0.300720	-0.090211
0.300800	-0.090211
0.300880	-0.082584
0.300960	-0.082584
0.301040	-0.082584
0.301120	-0.090211
0.301200	-0.097839
0.301280	-0.082584
0.301360	-0.082584
0.301440	-0.105470
0.301520	-0.097839
0.301600	-0.082584
0.301680	-0.074956
0.301760	-0.090211
0.301840	-0.097839
0.301920	-0.090211
0.302000	-0.097839
0.302080	-0.097839
0.302160	-0.097839
0.302240	-0.090211
0.302320	-0.082584
0.302400	-0.082584
0.302480	-0.105470
0.302560	-0.113100
0.302640	-0.135980
0.302720	-0.151230
0.302800	-0.143610
0.302880	-0.128350
0.302960	-0.113100
0.303040	-0.135980
0.303120	-0.128350
0.303200	-0.143610
0.303280	-0.120720
0.303360	-0.128350
0.303440	-0.120720
0.303520	-0.120720
0.303600	-0.143610
0.303680	-0.151230
0.303760	-0.120720
0.303840	-0.105470
0.303920	-0.105470
0.304000	-0.120720
0.304080	-0.143610
0.304160	-0.143610
0.304240	-0.135980
0.304320	-0.143610
0.304400	-0.135980
0.304480	-0.128350
0.304560	-0.128350
0.304640	-0.128350
0.304720	-0.151230
0.304800	-0.128350
0.304880	-0.128350
0.304960	-0.128350
0.305040	-0.120720
0.305120	-0.135980
0.305200	-0.128350
0.305280	-0.143610
0.305360	-0.128350
0.305440	-0.120720
0.305520	-0.128350
0.305600	-0.128350
0.305680	-0.143610
0.305760	-0.143610
0.305840	-0.143610
0.305920	-0.143610
0.306000	-0.128350
0.306080	-0.143610
0.306160	-0.143610
0.306240	-0.135980
0.306320	-0.120720
0.306400	-0.105470
0.306480	-0.105470
0.306560	-0.105470
0.306640	-0.113100
0.306720	-0.128350
0.306800	-0.120720
0.306880	-0.128350
0.306960	-0.105470
0.307040	-0.105470
0.307120	-0.120720
0.307200	-0.120720
0.307280	-0.113100
0.307360	-0.090211
0.307440	-0.105470
0.307520	-0.105470
0.307600	-0.097839
0.307680	-0.097839
0.307760	-0.113100
0.307840	-0.105470
0.307920	-0.105470
0.308000	-0.113100
0.308080	-0.120720
0.308160	-0.105470
0.308240	-0.105470
0.308320	-0.105470
0.308400	-0.105470
0.308480	-0.090211
0.308560	-0.105470
0.308640	-0.105470
0.308720	-0.120720
0.308800	-0.097839
0.308880	-0.105470
0.308960	-0.105470
0.309040	-0.113100
0.309120	-0.097839
0.309200	-0.097839
0.309280	-0.105470
0.309360	-0.105470
0.309440	-0.090211
0.309520	-0.097839
0.309600	-0.113100
0.309680	-0.082584
0.309760	-0.105470
0.309840	-0.097839
0.309920	-0.097839
