-0.020080	0.439680
-0.020000	0.439680
-0.019920	0.846850
-0.019840	-0.374650
-0.019760	-0.374650
-0.019680	-0.374650
-0.019600	-0.781820
-0.019520	-0.781820
-0.019440	-0.374650
-0.019360	0.032513
-0.019280	0.439680
-0.019200	0.032513
-0.019120	0.032513
-0.019040	0.439680
-0.018960	0.439680
-0.018880	0.439680
-0.018800	1.254000
-0.018720	0.846850
-0.018640	1.254000
-0.018560	0.032513
-0.018480	0.439680
-0.018400	0.032513
-0.018320	0.439680
-0.018240	0.846850
-0.018160	1.661200
-0.018080	1.661200
-0.018000	0.439680
-0.017920	0.846850
-0.017840	0.439680
-0.017760	0.439680
-0.017680	-0.374650
-0.017600	-0.781820
-0.017520	-0.374650
-0.017440	0.032513
-0.017360	0.846850
-0.017280	1.661200
-0.017200	1.254000
-0.017120	1.254000
-0.017040	1.254000
-0.016960	0.846850
-0.016880	-0.374650
-0.016800	0.032513
-0.016720	0.439680
-0.016640	-0.374650
-0.016560	0.032513
-0.016480	0.846850
-0.016400	1.661200
-0.016320	1.661200
-0.016240	1.254000
-0.016160	0.439680
-0.016080	0.439680
-0.016000	-0.374650
-0.015920	-0.374650
-0.015840	0.032513
-0.015760	0.032513
-0.015680	0.846850
-0.015600	0.846850
-0.015520	0.032513
-0.015440	0.846850
-0.015360	1.254000
-0.015280	0.846850
-0.015200	0.439680
-0.015120	0.032513
-0.015040	-0.374650
-0.014960	0.439680
-0.014880	0.439680
-0.014800	0.032513
-0.014720	0.032513
-0.014640	-1.189000
-0.014560	-0.781820
-0.014480	0.032513
-0.014400	0.439680
-0.014320	0.846850
-0.014240	0.439680
-0.014160	0.439680
-0.014080	0.032513
-0.014000	-0.781820
-0.013920	-1.189000
-0.013840	-1.189000
-0.013760	-1.596200
-0.013680	0.032513
-0.013600	0.846850
-0.013520	2.068400
-0.013440	1.254000
-0.013360	0.846850
-0.013280	0.032513
-0.013200	-0.374650
-0.013120	-0.374650
-0.013040	0.032513
-0.012960	0.439680
-0.012880	1.661200
-0.012800	1.661200
-0.012720	0.439680
-0.012640	0.439680
-0.012560	0.846850
-0.012480	-0.374650
-0.012400	0.439680
-0.012320	2.068400
-0.012240	0.846850
-0.012160	0.846850
-0.012080	0.846850
-0.012000	0.439680
-0.011920	0.439680
-0.011840	0.439680
-0.011760	1.254000
-0.011680	1.254000
-0.011600	0.846850
-0.011520	0.032513
-0.011440	-0.374650
-0.011360	0.032513
-0.011280	0.032513
-0.011200	-0.374650
-0.011120	-0.374650
-0.011040	-0.374650
-0.010960	-0.374650
-0.010880	0.032513
-0.010800	0.032513
-0.010720	0.032513
-0.010640	0.439680
-0.010560	-0.374650
-0.010480	0.032513
-0.010400	0.032513
-0.010320	-0.374650
-0.010240	0.032513
-0.010160	0.439680
-0.010080	0.846850
-0.010000	0.439680
-0.009920	0.032513
-0.009840	0.032513
-0.009760	0.846850
-0.009680	0.846850
-0.009600	0.846850
-0.009520	0.846850
-0.009440	0.439680
-0.009360	-0.374650
-0.009280	-0.781820
-0.009200	-0.781820
-0.009120	-0.374650
-0.009040	-0.374650
-0.008960	-1.189000
-0.008880	0.846850
-0.008800	0.846850
-0.008720	0.846850
-0.008640	0.439680
-0.008560	0.032513
-0.008480	-0.374650
-0.008400	0.032513
-0.008320	-0.374650
-0.008240	-0.374650
-0.008160	0.439680
-0.008080	0.439680
-0.008000	0.032513
-0.007920	0.439680
-0.007840	0.439680
-0.007760	1.254000
-0.007680	0.439680
-0.007600	0.032513
-0.007520	0.439680
-0.007440	1.254000
-0.007360	0.846850
-0.007280	0.846850
-0.007200	0.439680
-0.007120	0.032513
-0.007040	0.032513
-0.006960	0.439680
-0.006880	0.846850
-0.006800	0.846850
-0.006720	0.439680
-0.006640	1.254000
-0.006560	1.661200
-0.006480	1.661200
-0.006400	1.254000
-0.006320	0.032513
-0.006240	-0.374650
-0.006160	-1.189000
-0.006080	-1.189000
-0.006000	-0.374650
-0.005920	1.254000
-0.005840	0.032513
-0.005760	0.439680
-0.005680	0.846850
-0.005600	0.846850
-0.005520	0.846850
-0.005440	0.032513
-0.005360	0.439680
-0.005280	0.439680
-0.005200	1.661200
-0.005120	0.846850
-0.005040	0.846850
-0.004960	-0.374650
-0.004880	-0.374650
-0.004800	-0.374650
-0.004720	0.439680
-0.004640	1.254000
-0.004560	0.846850
-0.004480	0.439680
-0.004400	0.439680
-0.004320	0.846850
-0.004240	1.661200
-0.004160	1.661200
-0.004080	1.254000
-0.004000	1.254000
-0.003920	1.661200
-0.003840	0.439680
-0.003760	-0.374650
-0.003680	0.032513
-0.003600	1.254000
-0.003520	1.254000
-0.003440	1.254000
-0.003360	1.254000
-0.003280	0.439680
-0.003200	0.439680
-0.003120	0.439680
-0.003040	0.439680
-0.002960	0.439680
-0.002880	0.439680
-0.002800	0.032513
-0.002720	0.032513
-0.002640	0.846850
-0.002560	0.846850
-0.002480	0.439680
-0.002400	0.032513
-0.002320	-0.374650
-0.002240	0.439680
-0.002160	0.846850
-0.002080	0.439680
-0.002000	1.661200
-0.001920	1.254000
-0.001840	1.254000
-0.001760	0.032513
-0.001680	0.439680
-0.001600	0.032513
-0.001520	0.032513
-0.001440	0.439680
-0.001360	0.439680
-0.001280	0.846850
-0.001200	1.661200
-0.001120	1.661200
-0.001040	1.661200
-0.000960	1.661200
-0.000880	1.254000
-0.000800	0.846850
-0.000720	1.254000
-0.000640	0.846850
-0.000560	0.439680
-0.000480	1.254000
-0.000400	2.068400
-0.000320	1.254000
-0.000240	0.439680
-0.000160	-0.374650
-0.000080	0.846850
0.000000	1.254000
0.000080	1.254000
0.000160	2.068400
0.000240	2.068400
0.000320	1.661200
0.000400	2.068400
0.000480	1.661200
0.000560	1.254000
0.000640	1.254000
0.000720	1.254000
0.000800	1.661200
0.000880	2.068400
0.000960	0.846850
0.001040	0.439680
0.001120	0.846850
0.001200	-0.374650
0.001280	0.032513
0.001360	0.439680
0.001440	0.846850
0.001520	1.254000
0.001600	1.661200
0.001680	0.846850
0.001760	0.439680
0.001840	0.846850
0.001920	0.439680
0.002000	0.846850
0.002080	2.068400
0.002160	2.475500
0.002240	2.475500
0.002320	1.661200
0.002400	0.439680
0.002480	0.439680
0.002560	2.068400
0.002640	2.475500
0.002720	2.882700
0.002800	2.882700
0.002880	1.661200
0.002960	1.661200
0.003040	1.661200
0.003120	2.068400
0.003200	2.882700
0.003280	2.068400
0.003360	2.068400
0.003440	1.661200
0.003520	1.254000
0.003600	0.846850
0.003680	0.846850
0.003760	1.661200
0.003840	2.068400
0.003920	2.882700
0.004000	1.661200
0.004080	1.661200
0.004160	2.068400
0.004240	2.068400
0.004320	3.289800
0.004400	3.289800
0.004480	2.882700
0.004560	3.289800
0.004640	2.882700
0.004720	2.882700
0.004800	1.661200
0.004880	2.068400
0.004960	2.068400
0.005040	2.068400
0.005120	2.882700
0.005200	2.475500
0.005280	2.882700
0.005360	3.697000
0.005440	3.697000
0.005520	2.882700
0.005600	2.068400
0.005680	2.068400
0.005760	2.068400
0.005840	2.068400
0.005920	2.882700
0.006000	2.882700
0.006080	2.475500
0.006160	1.254000
0.006240	1.661200
0.006320	2.068400
0.006400	2.068400
0.006480	2.068400
0.006560	2.068400
0.006640	2.068400
0.006720	1.254000
0.006800	1.661200
0.006880	1.254000
0.006960	2.068400
0.007040	2.068400
0.007120	2.068400
0.007200	2.068400
0.007280	3.289800
0.007360	3.697000
0.007440	4.511400
0.007520	4.511400
0.007600	3.289800
0.007680	2.882700
0.007760	2.882700
0.007840	4.104200
0.007920	3.697000
0.008000	2.068400
0.008080	2.068400
0.008160	2.068400
0.008240	2.068400
0.008320	2.475500
0.008400	2.882700
0.008480	3.697000
0.008560	3.697000
0.008640	4.104200
0.008720	4.511400
0.008800	3.289800
0.008880	3.289800
0.008960	3.289800
0.009040	3.289800
0.009120	3.289800
0.009200	2.882700
0.009280	3.289800
0.009360	4.104200
0.009440	4.511400
0.009520	5.732900
0.009600	4.918500
0.009680	4.511400
0.009760	3.697000
0.009840	3.697000
0.009920	4.918500
0.010000	4.918500
0.010080	3.289800
0.010160	3.289800
0.010240	3.289800
0.010320	3.697000
0.010400	4.511400
0.010480	3.697000
0.010560	3.697000
0.010640	3.289800
0.010720	2.882700
0.010800	3.697000
0.010880	3.289800
0.010960	2.882700
0.011040	3.697000
0.011120	4.104200
0.011200	4.511400
0.011280	4.918500
0.011360	4.511400
0.011440	4.918500
0.011520	4.918500
0.011600	4.918500
0.011680	4.918500
0.011760	4.511400
0.011840	4.918500
0.011920	4.918500
0.012000	5.325700
0.012080	5.325700
0.012160	5.732900
0.012240	5.732900
0.012320	5.732900
0.012400	4.918500
0.012480	6.140000
0.012560	6.140000
0.012640	6.547200
0.012720	7.361500
0.012800	6.140000
0.012880	5.732900
0.012960	4.918500
0.013040	5.325700
0.013120	4.918500
0.013200	5.325700
0.013280	6.954300
0.013360	6.954300
0.013440	6.954300
0.013520	6.954300
0.013600	6.547200
0.013680	5.325700
0.013760	5.732900
0.013840	6.140000
0.013920	6.547200
0.014000	7.768700
0.014080	7.768700
0.014160	8.990200
0.014240	8.990200
0.014320	8.583000
0.014400	9.804500
0.014480	10.212000
0.014560	9.804500
0.014640	8.990200
0.014720	8.583000
0.014800	8.175800
0.014880	8.175800
0.014960	7.768700
0.015040	7.768700
0.015120	7.361500
0.015200	8.583000
0.015280	9.804500
0.015360	11.026000
0.015440	11.840000
0.015520	11.840000
0.015600	10.619000
0.015680	11.026000
0.015760	11.433000
0.015840	11.026000
0.015920	11.433000
0.016000	11.433000
0.016080	10.619000
0.016160	10.619000
0.016240	10.619000
0.016320	10.619000
0.016400	11.026000
0.016480	11.433000
0.016560	11.433000
0.016640	12.248000
0.016720	12.248000
0.016800	12.655000
0.016880	13.062000
0.016960	12.655000
0.017040	13.062000
0.017120	12.655000
0.017200	12.655000
0.017280	12.655000
0.017360	13.469000
0.017440	13.469000
0.017520	13.469000
0.017600	13.469000
0.017680	12.655000
0.017760	11.840000
0.017840	11.026000
0.017920	11.026000
0.018000	11.026000
0.018080	12.248000
0.018160	13.469000
0.018240	14.691000
0.018320	14.691000
0.018400	14.691000
0.018480	14.691000
0.018560	14.691000
0.018640	15.098000
0.018720	15.505000
0.018800	15.098000
0.018880	15.098000
0.018960	15.505000
0.019040	16.319000
0.019120	16.319000
0.019200	15.098000
0.019280	15.505000
0.019360	15.505000
0.019440	15.098000
0.019520	15.505000
0.019600	15.505000
0.019680	15.505000
0.019760	15.098000
0.019840	15.098000
0.019920	15.098000
0.020000	16.319000
0.020080	15.912000
0.020160	16.319000
0.020240	16.319000
0.020320	16.726000
0.020400	16.726000
0.020480	16.319000
0.020560	15.912000
0.020640	15.912000
0.020720	15.912000
0.020800	16.726000
0.020880	17.132999
0.020960	16.319000
0.021040	15.912000
0.021120	16.726000
0.021200	16.726000
0.021280	17.541000
0.021360	17.948000
0.021440	18.355000
0.021520	17.541000
0.021600	15.912000
0.021680	15.505000
0.021760	16.726000
0.021840	17.948000
0.021920	17.948000
0.022000	17.948000
0.022080	17.132999
0.022160	16.726000
0.022240	17.541000
0.022320	18.355000
0.022400	18.761999
0.022480	18.355000
0.022560	17.132999
0.022640	16.726000
0.022720	16.726000
0.022800	17.132999
0.022880	17.541000
0.022960	16.319000
0.023040	16.726000
0.023120	17.541000
0.023200	17.541000
0.023280	17.132999
0.023360	18.355000
0.023440	17.132999
0.023520	17.132999
0.023600	17.541000
0.023680	17.541000
0.023760	17.948000
0.023840	17.948000
0.023920	18.355000
0.024000	18.355000
0.024080	18.761999
0.024160	18.761999
0.024240	17.948000
0.024320	17.541000
0.024400	18.355000
0.024480	19.169001
0.024560	18.761999
0.024640	17.948000
0.024720	17.541000
0.024800	16.726000
0.024880	17.541000
0.024960	17.948000
0.025040	17.541000
0.025120	17.541000
0.025200	17.948000
0.025280	17.948000
0.025360	18.761999
0.025440	18.761999
0.025520	19.983999
0.025600	17.948000
0.025680	17.541000
0.025760	17.948000
0.025840	18.355000
0.025920	18.355000
0.026000	18.355000
0.026080	19.169001
0.026160	18.355000
0.026240	18.355000
0.026320	17.948000
0.026400	17.948000
0.026480	18.355000
0.026560	18.355000
0.026640	18.355000
0.026720	19.169001
0.026800	19.576000
0.026880	19.169001
0.026960	20.391001
0.027040	19.576000
0.027120	18.355000
0.027200	20.798000
0.027280	19.983999
0.027360	19.576000
0.027440	19.983999
0.027520	19.983999
0.027600	19.576000
0.027680	19.983999
0.027760	20.798000
0.027840	20.391001
0.027920	21.205000
0.028000	21.612000
0.028080	22.020000
0.028160	22.834000
0.028240	22.020000
0.028320	21.612000
0.028400	20.798000
0.028480	21.612000
0.028560	22.020000
0.028640	22.020000
0.028720	22.020000
0.028800	20.798000
0.028880	21.205000
0.028960	21.205000
0.029040	22.020000
0.029120	22.427000
0.029200	22.020000
0.029280	22.834000
0.029360	22.834000
0.029440	21.205000
0.029520	21.205000
0.029600	21.205000
0.029680	21.205000
0.029760	20.798000
0.029840	21.205000
0.029920	21.205000
0.030000	21.612000
0.030080	20.798000
0.030160	20.391001
0.030240	19.576000
0.030320	19.576000
0.030400	19.576000
0.030480	20.391001
0.030560	20.391001
0.030640	20.798000
0.030720	20.798000
0.030800	20.391001
0.030880	19.983999
0.030960	20.391001
0.031040	20.391001
0.031120	20.798000
0.031200	19.983999
0.031280	20.798000
0.031360	19.576000
0.031440	19.169001
0.031520	17.948000
0.031600	19.576000
0.031680	19.983999
0.031760	19.576000
0.031840	18.355000
0.031920	17.541000
0.032000	16.726000
0.032080	16.726000
0.032160	17.132999
0.032240	17.541000
0.032320	16.726000
0.032400	16.726000
0.032480	17.541000
0.032560	17.541000
0.032640	17.541000
0.032720	16.726000
0.032800	16.726000
0.032880	15.912000
0.032960	16.319000
0.033040	16.726000
0.033120	17.132999
0.033200	16.726000
0.033280	16.726000
0.033360	17.541000
0.033440	17.132999
0.033520	16.319000
0.033600	14.691000
0.033680	15.098000
0.033760	14.691000
0.033840	15.098000
0.033920	15.505000
0.034000	15.098000
0.034080	14.283000
0.034160	13.062000
0.034240	13.469000
0.034320	13.876000
0.034400	13.876000
0.034480	14.283000
0.034560	14.283000
0.034640	13.062000
0.034720	12.655000
0.034800	12.248000
0.034880	11.840000
0.034960	13.062000
0.035040	12.655000
0.035120	12.248000
0.035200	10.212000
0.035280	11.433000
0.035360	11.433000
0.035440	12.655000
0.035520	12.248000
0.035600	11.840000
0.035680	10.619000
0.035760	9.804500
0.035840	8.990200
0.035920	8.583000
0.036000	8.583000
0.036080	9.804500
0.036160	11.026000
0.036240	11.840000
0.036320	12.248000
0.036400	11.026000
0.036480	10.212000
0.036560	10.212000
0.036640	10.212000
0.036720	11.026000
0.036800	11.026000
0.036880	10.212000
0.036960	10.212000
0.037040	9.804500
0.037120	10.212000
0.037200	9.804500
0.037280	10.619000
0.037360	11.840000
0.037440	11.026000
0.037520	10.212000
0.037600	8.583000
0.037680	9.397400
0.037760	9.804500
0.037840	10.212000
0.037920	9.804500
0.038000	10.212000
0.038080	8.583000
0.038160	8.583000
0.038240	9.397400
0.038320	9.804500
0.038400	9.804500
0.038480	9.397400
0.038560	8.990200
0.038640	8.990200
0.038720	7.768700
0.038800	7.768700
0.038880	7.768700
0.038960	7.768700
0.039040	8.583000
0.039120	10.212000
0.039200	10.619000
0.039280	10.619000
0.039360	10.619000
0.039440	9.397400
0.039520	9.397400
0.039600	8.583000
0.039680	8.990200
0.039760	9.804500
0.039840	10.619000
0.039920	11.026000
0.040000	11.433000
0.040080	11.840000
0.040160	12.248000
0.040240	12.655000
0.040320	13.062000
0.040400	13.062000
0.040480	13.469000
0.040560	13.062000
0.040640	12.655000
0.040720	11.433000
0.040800	12.248000
0.040880	12.655000
0.040960	13.062000
0.041040	13.062000
0.041120	12.248000
0.041200	12.655000
0.041280	11.433000
0.041360	13.876000
0.041440	14.283000
0.041520	14.283000
0.041600	14.283000
0.041680	14.691000
0.041760	14.283000
0.041840	14.283000
0.041920	14.283000
0.042000	14.283000
0.042080	14.283000
0.042160	15.098000
0.042240	14.283000
0.042320	13.469000
0.042400	13.469000
0.042480	13.469000
0.042560	13.876000
0.042640	13.876000
0.042720	13.469000
0.042800	13.876000
0.042880	13.469000
0.042960	13.876000
0.043040	14.283000
0.043120	14.283000
0.043200	13.469000
0.043280	13.469000
0.043360	13.876000
0.043440	13.469000
0.043520	13.876000
0.043600	14.691000
0.043680	15.505000
0.043760	14.283000
0.043840	13.876000
0.043920	13.469000
0.044000	13.469000
0.044080	14.283000
0.044160	15.505000
0.044240	15.912000
0.044320	15.912000
0.044400	15.505000
0.044480	14.283000
0.044560	14.283000
0.044640	13.876000
0.044720	15.505000
0.044800	15.505000
0.044880	15.505000
0.044960	15.912000
0.045040	16.319000
0.045120	15.912000
0.045200	15.912000
0.045280	16.319000
0.045360	16.319000
0.045440	16.319000
0.045520	17.132999
0.045600	16.726000
0.045680	16.319000
0.045760	16.319000
0.045840	16.319000
0.045920	15.912000
0.046000	15.912000
0.046080	16.726000
0.046160	16.726000
0.046240	15.912000
0.046320	16.319000
0.046400	15.505000
0.046480	14.283000
0.046560	13.876000
0.046640	13.876000
0.046720	14.283000
0.046800	15.098000
0.046880	15.505000
0.046960	14.283000
0.047040	13.469000
0.047120	13.062000
0.047200	13.469000
0.047280	13.469000
0.047360	13.876000
0.047440	14.691000
0.047520	13.876000
0.047600	13.062000
0.047680	12.655000
0.047760	12.248000
0.047840	12.655000
0.047920	13.062000
0.048000	13.469000
0.048080	13.876000
0.048160	13.469000
0.048240	13.469000
0.048320	12.655000
0.048400	11.840000
0.048480	11.840000
0.048560	11.026000
0.048640	10.619000
0.048720	10.619000
0.048800	10.619000
0.048880	11.026000
0.048960	11.433000
0.049040	11.433000
0.049120	11.026000
0.049200	11.433000
0.049280	10.619000
0.049360	10.212000
0.049440	9.804500
0.049520	10.619000
0.049600	11.433000
0.049680	10.619000
0.049760	11.026000
0.049840	11.433000
0.049920	11.026000
0.050000	10.619000
0.050080	10.619000
0.050160	9.804500
0.050240	9.804500
0.050320	10.212000
0.050400	10.619000
0.050480	8.990200
0.050560	8.990200
0.050640	8.583000
0.050720	8.990200
0.050800	8.583000
0.050880	9.397400
0.050960	10.212000
0.051040	9.804500
0.051120	10.212000
0.051200	8.990200
0.051280	8.583000
0.051360	8.175800
0.051440	8.583000
0.051520	8.583000
0.051600	8.990200
0.051680	10.212000
0.051760	10.212000
0.051840	9.804500
0.051920	9.397400
0.052000	10.212000
0.052080	9.397400
0.052160	9.397400
0.052240	9.397400
0.052320	8.583000
0.052400	8.583000
0.052480	7.768700
0.052560	8.175800
0.052640	8.583000
0.052720	8.175800
0.052800	8.583000
0.052880	8.583000
0.052960	8.990200
0.053040	8.583000
0.053120	8.175800
0.053200	7.361500
0.053280	6.547200
0.053360	6.140000
0.053440	6.140000
0.053520	6.547200
0.053600	5.325700
0.053680	5.325700
0.053760	5.325700
0.053840	5.732900
0.053920	5.732900
0.054000	5.732900
0.054080	5.732900
0.054160	5.325700
0.054240	4.918500
0.054320	4.511400
0.054400	4.511400
0.054480	4.104200
0.054560	3.289800
0.054640	3.289800
0.054720	3.697000
0.054800	3.289800
0.054880	3.289800
0.054960	3.289800
0.055040	3.289800
0.055120	2.882700
0.055200	2.882700
0.055280	2.068400
0.055360	1.661200
0.055440	0.846850
0.055520	1.661200
0.055600	2.068400
0.055680	2.475500
0.055760	2.475500
0.055840	0.846850
0.055920	0.439680
0.056000	-1.189000
0.056080	-2.003300
0.056160	-1.189000
0.056240	0.032513
0.056320	-0.374650
0.056400	1.254000
0.056480	0.439680
0.056560	1.254000
0.056640	0.846850
0.056720	1.254000
0.056800	0.032513
0.056880	0.439680
0.056960	-0.781820
0.057040	-2.003300
0.057120	-2.003300
0.057200	-1.596200
0.057280	-1.596200
0.057360	-2.410500
0.057440	-1.596200
0.057520	-1.596200
0.057600	-2.410500
0.057680	-0.374650
0.057760	-0.374650
0.057840	-1.189000
0.057920	-1.596200
0.058000	0.032513
0.058080	0.439680
0.058160	0.439680
0.058240	0.032513
0.058320	-1.189000
0.058400	-1.596200
0.058480	-0.781820
0.058560	0.846850
0.058640	2.068400
0.058720	2.882700
0.058800	3.697000
0.058880	2.475500
0.058960	2.882700
0.059040	2.882700
0.059120	1.254000
0.059200	0.439680
0.059280	0.846850
0.059360	1.254000
0.059440	2.475500
0.059520	3.289800
0.059600	2.882700
0.059680	2.475500
0.059760	3.697000
0.059840	4.918500
0.059920	6.140000
0.060000	7.768700
0.060080	8.990200
0.060160	10.212000
0.060240	10.212000
0.060320	10.212000
0.060400	10.619000
0.060480	11.026000
0.060560	11.433000
0.060640	11.433000
0.060720	11.433000
0.060800	11.433000
0.060880	11.840000
0.060960	13.469000
0.061040	13.876000
0.061120	13.876000
0.061200	14.283000
0.061280	14.283000
0.061360	13.876000
0.061440	14.691000
0.061520	15.505000
0.061600	17.541000
0.061680	17.948000
0.061760	18.761999
0.061840	18.355000
0.061920	19.169001
0.062000	19.576000
0.062080	19.983999
0.062160	21.612000
0.062240	22.427000
0.062320	23.240999
0.062400	23.240999
0.062480	22.834000
0.062560	22.020000
0.062640	22.834000
0.062720	25.684000
0.062800	26.497999
0.062880	27.313000
0.062960	28.534000
0.063040	28.941000
0.063120	29.756001
0.063200	30.976999
0.063280	32.199001
0.063360	31.792000
0.063440	32.605999
0.063520	33.419998
0.063600	33.827000
0.063680	36.678001
0.063760	37.898998
0.063840	39.119999
0.063920	41.971001
0.064000	42.377998
0.064080	42.377998
0.064160	42.785000
0.064240	43.598999
0.064320	45.228001
0.064400	48.077999
0.064480	49.707001
0.064560	49.707001
0.064640	50.928001
0.064720	51.335999
0.064800	52.150002
0.064880	52.150002
0.064960	53.370998
0.065040	55.407001
0.065120	55.813999
0.065200	58.257000
0.065280	58.257000
0.065360	59.886002
0.065440	60.700001
0.065520	62.736000
0.065600	64.772003
0.065680	65.585999
0.065760	65.585999
0.065840	65.994003
0.065920	65.994003
0.066000	68.028999
0.066080	69.250999
0.066160	71.287003
0.066240	72.915001
0.066320	73.730003
0.066400	74.543999
0.066480	76.580002
0.066560	77.801003
0.066640	79.430000
0.066720	80.652000
0.066800	81.873001
0.066880	83.908997
0.066960	84.316002
0.067040	85.129997
0.067120	84.316002
0.067200	85.129997
0.067280	85.538002
0.067360	87.572998
0.067440	89.609001
0.067520	91.237999
0.067600	93.274002
0.067680	94.495003
0.067760	95.717003
0.067840	96.938004
0.067920	97.752998
0.068000	98.973999
0.068080	99.788002
0.068160	100.199997
0.068240	101.419998
0.068320	103.449997
0.068400	105.900002
0.068480	106.709999
0.068560	107.529999
0.068640	108.339996
0.068720	109.150002
0.068800	109.559998
0.068880	110.379997
0.068960	111.190002
0.069040	112.820000
0.069120	114.849998
0.069200	116.070000
0.069280	117.300003
0.069360	117.300003
0.069440	117.699997
0.069520	118.519997
0.069600	118.930000
0.069680	119.330002
0.069760	121.370003
0.069840	123.000000
0.069920	124.220001
0.070000	124.629997
0.070080	126.250000
0.070160	126.660004
0.070240	126.250000
0.070320	129.100006
0.070400	130.729996
0.070480	131.550003
0.070560	132.360001
0.070640	132.770004
0.070720	133.990005
0.070800	134.800003
0.070880	135.619995
0.070960	137.250000
0.071040	137.649994
0.071120	138.880005
0.071200	139.279999
0.071280	140.910004
0.071360	142.130005
0.071440	143.350006
0.071520	144.169998
0.071600	144.979996
0.071680	144.169998
0.071760	145.389999
0.071840	144.580002
0.071920	145.800003
0.072000	146.210007
0.072080	146.610001
0.072160	148.240005
0.072240	148.649994
0.072320	148.649994
0.072400	149.059998
0.072480	149.869995
0.072560	151.500000
0.072640	152.720001
0.072720	153.940002
0.072800	154.350006
0.072880	154.350006
0.072960	154.759995
0.073040	155.160004
0.073120	155.979996
0.073200	155.160004
0.073280	155.979996
0.073360	155.160004
0.073440	155.979996
0.073520	156.380005
0.073600	157.199997
0.073680	158.009995
0.073760	158.419998
0.073840	159.240005
0.073920	159.240005
0.074000	160.460007
0.074080	160.050003
0.074160	160.050003
0.074240	160.860001
0.074320	158.830002
0.074400	159.240005
0.074480	159.240005
0.074560	159.240005
0.074640	159.240005
0.074720	159.240005
0.074800	160.460007
0.074880	160.860001
0.074960	161.270004
0.075040	161.679993
0.075120	161.270004
0.075200	160.860001
0.075280	160.460007
0.075360	160.860001
0.075440	161.270004
0.075520	160.860001
0.075600	160.860001
0.075680	160.460007
0.075760	160.460007
0.075840	161.679993
0.075920	162.089996
0.076000	161.679993
0.076080	162.490005
0.076160	163.309998
0.076240	164.119995
0.076320	164.119995
0.076400	164.529999
0.076480	164.929993
0.076560	165.339996
0.076640	165.339996
0.076720	166.160004
0.076800	165.750000
0.076880	164.929993
0.076960	165.750000
0.077040	167.380005
0.077120	168.190002
0.077200	169.009995
0.077280	169.820007
0.077360	170.630005
0.077440	171.039993
0.077520	172.259995
0.077600	173.490005
0.077680	174.710007
0.077760	174.710007
0.077840	175.520004
0.077920	175.929993
0.078000	175.929993
0.078080	176.339996
0.078160	176.740005
0.078240	177.559998
0.078320	177.960007
0.078400	178.779999
0.078480	179.589996
0.078560	180.410004
0.078640	181.220001
0.078720	182.850006
0.078800	183.259995
0.078880	185.289993
0.078960	186.509995
0.079040	188.550003
0.079120	191.399994
0.079200	192.210007
0.079280	193.440002
0.079360	193.440002
0.079440	193.440002
0.079520	193.029999
0.079600	193.029999
0.079680	193.839996
0.079760	194.660004
0.079840	195.470001
0.079920	196.690002
0.080000	198.320007
0.080080	199.949997
0.080160	200.770004
0.080240	201.169998
0.080320	202.800003
0.080400	202.800003
0.080480	204.020004
0.080560	205.240005
0.080640	206.470001
0.080720	207.690002
0.080800	208.100006
0.080880	208.910004
0.080960	208.910004
0.081040	209.720001
0.081120	211.350006
0.081200	211.350006
0.081280	211.759995
0.081360	210.949997
0.081440	209.320007
0.081520	208.910004
0.081600	209.320007
0.081680	209.320007
0.081760	210.949997
0.081840	211.350006
0.081920	212.570007
0.082000	211.759995
0.082080	211.350006
0.082160	210.130005
0.082240	210.130005
0.082320	209.720001
0.082400	209.320007
0.082480	209.320007
0.082560	208.500000
0.082640	208.100006
0.082720	207.279999
0.082800	206.869995
0.082880	206.470001
0.082960	206.470001
0.083040	206.869995
0.083120	205.240005
0.083200	205.240005
0.083280	203.619995
0.083360	205.240005
0.083440	204.839996
0.083520	204.429993
0.083600	203.210007
0.083680	203.210007
0.083760	201.990005
0.083840	202.399994
0.083920	201.580002
0.084000	202.399994
0.084080	201.580002
0.084160	200.360001
0.084240	200.770004
0.084320	200.770004
0.084400	199.949997
0.084480	199.949997
0.084560	200.770004
0.084640	200.770004
0.084720	200.360001
0.084800	199.139999
0.084880	199.139999
0.084960	198.729996
0.085040	197.509995
0.085120	197.919998
0.085200	197.919998
0.085280	198.320007
0.085360	197.919998
0.085440	197.100006
0.085520	197.100006
0.085600	197.509995
0.085680	197.509995
0.085760	196.690002
0.085840	196.289993
0.085920	195.880005
0.086000	195.470001
0.086080	195.070007
0.086160	194.660004
0.086240	195.070007
0.086320	195.470001
0.086400	195.880005
0.086480	195.880005
0.086560	195.070007
0.086640	194.660004
0.086720	195.070007
0.086800	195.070007
0.086880	195.470001
0.086960	193.440002
0.087040	193.440002
0.087120	192.210007
0.087200	193.029999
0.087280	193.839996
0.087360	194.250000
0.087440	194.250000
0.087520	194.250000
0.087600	194.250000
0.087680	193.839996
0.087760	192.619995
0.087840	191.399994
0.087920	191.809998
0.088000	190.990005
0.088080	190.990005
0.088160	190.589996
0.088240	189.770004
0.088320	190.990005
0.088400	192.619995
0.088480	193.029999
0.088560	192.619995
0.088640	191.399994
0.088720	191.399994
0.088800	190.990005
0.088880	190.990005
0.088960	191.399994
0.089040	191.399994
0.089120	190.990005
0.089200	191.399994
0.089280	191.809998
0.089360	192.619995
0.089440	193.029999
0.089520	192.210007
0.089600	192.210007
0.089680	190.990005
0.089760	190.589996
0.089840	191.399994
0.089920	192.210007
0.090000	192.619995
0.090080	192.619995
0.090160	192.619995
0.090240	192.619995
0.090320	193.029999
0.090400	193.029999
0.090480	193.029999
0.090560	193.440002
0.090640	193.440002
0.090720	195.070007
0.090800	195.470001
0.090880	193.440002
0.090960	189.369995
0.091040	189.369995
0.091120	188.550003
0.091200	190.990005
0.091280	192.210007
0.091360	191.399994
0.091440	190.589996
0.091520	190.589996
0.091600	188.960007
0.091680	189.369995
0.091760	189.770004
0.091840	188.960007
0.091920	189.369995
0.092000	188.960007
0.092080	188.550003
0.092160	188.139999
0.092240	188.139999
0.092320	188.139999
0.092400	187.330002
0.092480	186.110001
0.092560	185.289993
0.092640	184.889999
0.092720	184.479996
0.092800	183.259995
0.092880	183.660004
0.092960	183.660004
0.093040	183.259995
0.093120	182.850006
0.093200	182.039993
0.093280	181.220001
0.093360	180.410004
0.093440	179.589996
0.093520	178.369995
0.093600	177.960007
0.093680	178.369995
0.093760	178.779999
0.093840	179.190002
0.093920	178.779999
0.094000	178.779999
0.094080	178.369995
0.094160	177.559998
0.094240	177.149994
0.094320	176.339996
0.094400	175.929993
0.094480	174.300003
0.094560	172.669998
0.094640	171.449997
0.094720	170.229996
0.094800	169.820007
0.094880	169.820007
0.094960	169.410004
0.095040	168.600006
0.095120	167.380005
0.095200	167.380005
0.095280	167.380005
0.095360	166.970001
0.095440	166.970001
0.095520	165.750000
0.095600	163.710007
0.095680	162.089996
0.095760	160.460007
0.095840	159.240005
0.095920	158.009995
0.096000	156.789993
0.096080	156.789993
0.096160	156.380005
0.096240	157.199997
0.096320	155.979996
0.096400	155.979996
0.096480	155.979996
0.096560	155.160004
0.096640	153.130005
0.096720	152.309998
0.096800	151.500000
0.096880	151.089996
0.096960	151.089996
0.097040	150.679993
0.097120	149.460007
0.097200	148.240005
0.097280	147.429993
0.097360	147.020004
0.097440	146.610001
0.097520	146.210007
0.097600	146.610001
0.097680	147.830002
0.097760	147.830002
0.097840	147.830002
0.097920	147.020004
0.098000	144.580002
0.098080	143.759995
0.098160	142.949997
0.098240	142.539993
0.098320	143.759995
0.098400	143.759995
0.098480	142.949997
0.098560	143.350006
0.098640	143.350006
0.098720	143.759995
0.098800	144.169998
0.098880	144.169998
0.098960	144.580002
0.099040	143.759995
0.099120	142.949997
0.099200	142.130005
0.099280	142.949997
0.099360	142.949997
0.099440	144.169998
0.099520	144.169998
0.099600	144.580002
0.099680	144.169998
0.099760	144.580002
0.099840	145.800003
0.099920	146.610001
0.100000	145.800003
0.100080	146.210007
0.100160	146.210007
0.100240	145.389999
0.100320	145.800003
0.100400	146.210007
0.100480	145.389999
0.100560	146.610001
0.100640	147.020004
0.100720	146.610001
0.100800	147.429993
0.100880	147.020004
0.100960	147.830002
0.101040	149.059998
0.101120	149.059998
0.101200	149.460007
0.101280	149.869995
0.101360	150.279999
0.101440	150.279999
0.101520	151.089996
0.101600	151.089996
0.101680	150.279999
0.101760	149.460007
0.101840	149.869995
0.101920	149.869995
0.102000	151.089996
0.102080	151.500000
0.102160	152.309998
0.102240	153.130005
0.102320	151.089996
0.102400	151.910004
0.102480	153.130005
0.102560	154.350006
0.102640	155.160004
0.102720	154.759995
0.102800	154.350006
0.102880	153.940002
0.102960	155.160004
0.103040	156.380005
0.103120	157.199997
0.103200	157.610001
0.103280	156.789993
0.103360	157.610001
0.103440	157.610001
0.103520	158.419998
0.103600	158.830002
0.103680	159.240005
0.103760	159.639999
0.103840	160.460007
0.103920	160.860001
0.104000	161.679993
0.104080	160.860001
0.104160	161.679993
0.104240	161.679993
0.104320	162.490005
0.104400	162.899994
0.104480	164.119995
0.104560	164.929993
0.104640	165.339996
0.104720	165.750000
0.104800	165.339996
0.104880	166.559998
0.104960	167.380005
0.105040	169.410004
0.105120	169.820007
0.105200	169.410004
0.105280	168.600006
0.105360	169.009995
0.105440	170.229996
0.105520	171.860001
0.105600	171.860001
0.105680	173.490005
0.105760	173.889999
0.105840	175.110001
0.105920	176.339996
0.106000	176.339996
0.106080	177.559998
0.106160	179.589996
0.106240	179.589996
0.106320	180.820007
0.106400	181.220001
0.106480	180.410004
0.106560	182.039993
0.106640	181.220001
0.106720	182.039993
0.106800	182.440002
0.106880	183.259995
0.106960	184.479996
0.107040	186.110001
0.107120	186.919998
0.107200	188.550003
0.107280	190.179993
0.107360	190.179993
0.107440	190.179993
0.107520	190.990005
0.107600	190.990005
0.107680	193.029999
0.107760	194.660004
0.107840	195.470001
0.107920	197.100006
0.108000	198.729996
0.108080	199.139999
0.108160	199.539993
0.108240	200.770004
0.108320	202.399994
0.108400	202.800003
0.108480	204.839996
0.108560	205.649994
0.108640	206.059998
0.108720	205.240005
0.108800	206.869995
0.108880	208.500000
0.108960	211.350006
0.109040	212.570007
0.109120	213.389999
0.109200	215.020004
0.109280	216.240005
0.109360	217.869995
0.109440	219.500000
0.109520	220.720001
0.109600	222.750000
0.109680	224.380005
0.109760	225.600006
0.109840	226.820007
0.109920	228.449997
0.110000	230.899994
0.110080	233.339996
0.110160	235.380005
0.110240	237.410004
0.110320	238.630005
0.110400	238.630005
0.110480	240.259995
0.110560	241.479996
0.110640	244.330002
0.110720	245.960007
0.110800	247.589996
0.110880	248.809998
0.110960	251.259995
0.111040	252.880005
0.111120	254.100006
0.111200	256.140015
0.111280	258.179993
0.111360	261.839996
0.111440	263.059998
0.111520	265.510010
0.111600	267.130005
0.111680	269.579987
0.111760	272.019989
0.111840	274.059998
0.111920	276.089996
0.112000	278.540009
0.112080	280.160004
0.112160	283.829987
0.112240	286.269989
0.112320	287.899994
0.112400	290.339996
0.112480	291.160004
0.112560	293.600006
0.112640	294.820007
0.112720	298.079987
0.112800	302.149994
0.112880	305.820007
0.112960	308.670013
0.113040	309.480011
0.113120	311.519989
0.113200	314.359985
0.113280	318.839996
0.113360	323.320007
0.113440	326.170013
0.113520	327.799988
0.113600	329.019989
0.113680	331.869995
0.113760	335.950012
0.113840	340.829987
0.113920	346.119995
0.114000	349.790009
0.114080	351.829987
0.114160	355.489990
0.114240	357.929993
0.114320	361.600006
0.114400	366.480011
0.114480	370.149994
0.114560	374.630005
0.114640	377.070007
0.114720	379.920013
0.114800	385.619995
0.114880	390.910004
0.114960	397.019989
0.115040	399.459991
0.115120	398.649994
0.115200	397.429993
0.115280	399.869995
0.115360	405.980011
0.115440	415.339996
0.115520	424.299988
0.115600	430.820007
0.115680	432.040009
0.115760	431.220001
0.115840	428.779999
0.115920	430.000000
0.116000	435.290009
0.116080	444.250000
0.116160	460.540009
0.116240	486.190002
0.116320	514.690002
0.116400	527.719971
0.116480	511.429993
0.116560	471.529999
0.116640	431.630005
0.116720	420.640015
0.116800	446.700012
0.116880	494.329987
0.116960	535.049988
0.117040	547.270020
0.117120	532.609985
0.117200	509.399994
0.117280	495.549988
0.117360	498.399994
0.117440	515.510010
0.117520	534.640015
0.117600	549.299988
0.117680	554.190002
0.117760	552.969971
0.117840	553.369995
0.117920	559.479980
0.118000	568.440002
0.118080	577.799988
0.118160	584.320007
0.118240	586.349976
0.118320	591.650024
0.118400	599.789978
0.118480	609.559998
0.118560	617.710022
0.118640	624.219971
0.118720	632.359985
0.118800	642.950012
0.118880	655.159973
0.118960	665.340027
0.119040	671.859985
0.119120	673.080017
0.119200	672.270020
0.119280	672.669983
0.119360	677.150024
0.119440	684.479980
0.119520	692.619995
0.119600	700.359985
0.119680	706.869995
0.119760	711.760010
0.119840	715.830017
0.119920	718.679993
0.120000	721.130005
0.120080	725.200012
0.120160	730.489990
0.120240	737.409973
0.120320	742.299988
0.120400	743.929993
0.120480	743.109985
0.120560	742.299988
0.120640	741.080017
0.120720	742.299988
0.120800	743.929993
0.120880	743.520020
0.120960	743.929993
0.121040	742.710022
0.121120	743.520020
0.121200	743.109985
0.121280	739.849976
0.121360	732.929993
0.121440	728.450012
0.121520	728.049988
0.121600	735.780029
0.121680	745.960022
0.121760	750.440002
0.121840	740.260010
0.121920	718.679993
0.122000	692.619995
0.122080	675.109985
0.122160	672.270020
0.122240	684.070007
0.122320	698.729980
0.122400	709.320007
0.122480	712.169983
0.122560	711.760010
0.122640	710.950012
0.122720	716.650024
0.122800	728.450012
0.122880	746.780029
0.122960	773.650024
0.123040	803.369995
0.123120	823.729980
0.123200	824.140015
0.123280	809.479980
0.123360	790.750000
0.123440	787.090027
0.123520	804.590027
0.123600	835.539978
0.123680	865.260010
0.123760	881.960022
0.123840	886.429993
0.123920	885.210022
0.124000	886.429993
0.124080	888.059998
0.124160	895.390015
0.124240	903.940002
0.124320	913.309998
0.124400	921.039978
0.124480	926.739990
0.124560	930.820007
0.124640	932.849976
0.124720	934.890015
0.124800	939.369995
0.124880	945.469971
0.124960	950.770020
0.125040	953.210022
0.125120	953.210022
0.125200	954.840027
0.125280	960.130005
0.125360	969.500000
0.125440	977.640015
0.125520	982.929993
0.125600	982.530029
0.125680	976.419983
0.125760	971.940002
0.125840	970.309998
0.125920	975.599976
0.126000	987.409973
0.126080	1001.700012
0.126160	1014.299988
0.126240	1020.000000
0.126320	1018.000000
0.126400	1011.400024
0.126480	1003.700012
0.126560	999.219971
0.126640	998.809998
0.126720	1008.200012
0.126800	1022.000000
0.126880	1039.500000
0.126960	1053.000000
0.127040	1057.800049
0.127120	1055.400024
0.127200	1053.000000
0.127280	1057.000000
0.127360	1068.400024
0.127440	1080.300049
0.127520	1083.900024
0.127600	1077.000000
0.127680	1068.400024
0.127760	1066.000000
0.127840	1073.699951
0.127920	1088.800049
0.128000	1101.800049
0.128080	1108.800049
0.128160	1108.300049
0.128240	1105.500000
0.128320	1104.699951
0.128400	1107.900024
0.128480	1112.400024
0.128560	1116.900024
0.128640	1117.300049
0.128720	1115.699951
0.128800	1112.800049
0.128880	1109.599976
0.128960	1107.099976
0.129040	1105.900024
0.129120	1105.099976
0.129200	1104.300049
0.129280	1103.099976
0.129360	1103.099976
0.129440	1103.099976
0.129520	1104.699951
0.129600	1107.500000
0.129680	1107.099976
0.129760	1102.199951
0.129840	1093.300049
0.129920	1080.699951
0.130000	1067.199951
0.130080	1055.400024
0.130160	1046.000000
0.130240	1039.900024
0.130320	1037.900024
0.130400	1035.500000
0.130480	1035.099976
0.130560	1032.599976
0.130640	1029.300049
0.130720	1024.099976
0.130800	1018.000000
0.130880	1010.599976
0.130960	1004.099976
0.131040	998.000000
0.131120	991.479980
0.131200	983.750000
0.131280	976.010010
0.131360	967.460022
0.131440	958.909973
0.131520	950.770020
0.131600	942.219971
0.131680	933.669983
0.131760	924.710022
0.131840	915.340027
0.131920	907.200012
0.132000	899.869995
0.132080	890.510010
0.132160	883.989990
0.132240	876.659973
0.132320	870.559998
0.132400	864.450012
0.132480	857.119995
0.132560	850.200012
0.132640	842.869995
0.132720	835.950012
0.132800	829.020020
0.132880	821.289978
0.132960	813.150024
0.133040	805.409973
0.133120	797.270020
0.133200	789.530029
0.133280	783.020020
0.133360	776.500000
0.133440	769.979980
0.133520	763.880005
0.133600	758.989990
0.133680	754.109985
0.133760	750.030029
0.133840	745.150024
0.133920	741.890015
0.134000	738.630005
0.134080	734.969971
0.134160	732.530029
0.134240	729.679993
0.134320	726.830017
0.134400	725.599976
0.134480	723.570007
0.134560	721.130005
0.134640	718.679993
0.134720	716.239990
0.134800	715.419983
0.134880	715.020020
0.134960	713.799988
0.135040	714.200012
0.135120	712.979980
0.135200	712.580017
0.135280	712.169983
0.135360	712.169983
0.135440	711.760010
0.135520	712.169983
0.135600	713.390015
0.135680	713.390015
0.135760	713.799988
0.135840	714.200012
0.135920	714.200012
0.136000	716.239990
0.136080	718.280029
0.136160	719.500000
0.136240	720.309998
0.136320	721.940002
0.136400	722.750000
0.136480	723.570007
0.136560	724.380005
0.136640	726.419983
0.136720	728.859985
0.136800	731.299988
0.136880	733.340027
0.136960	734.559998
0.137040	736.190002
0.137120	738.229980
0.137200	741.080017
0.137280	741.890015
0.137360	744.330017
0.137440	746.369995
0.137520	747.590027
0.137600	749.219971
0.137680	751.659973
0.137760	753.289978
0.137840	755.330017
0.137920	758.179993
0.138000	761.429993
0.138080	764.690002
0.138160	767.950012
0.138240	770.799988
0.138320	773.239990
0.138400	774.059998
0.138480	775.280029
0.138560	776.909973
0.138640	779.760010
0.138720	783.020020
0.138800	785.460022
0.138880	787.489990
0.138960	789.119995
0.139040	789.530029
0.139120	790.340027
0.139200	792.789978
0.139280	793.599976
0.139360	795.229980
0.139440	797.669983
0.139520	797.669983
0.139600	799.710022
0.139680	799.710022
0.139760	799.710022
0.139840	802.150024
0.139920	804.590027
0.140000	807.450012
0.140080	809.070007
0.140160	809.479980
0.140240	809.890015
0.140320	808.669983
0.140400	808.669983
0.140480	810.700012
0.140560	812.330017
0.140640	813.960022
0.140720	813.960022
0.140800	813.960022
0.140880	812.330017
0.140960	814.369995
0.141040	813.960022
0.141120	811.919983
0.141200	813.150024
0.141280	813.549988
0.141360	813.549988
0.141440	813.960022
0.141520	813.960022
0.141600	813.960022
0.141680	813.150024
0.141760	811.520020
0.141840	810.700012
0.141920	809.479980
0.142000	808.669983
0.142080	806.630005
0.142160	805.409973
0.142240	805.000000
0.142320	803.369995
0.142400	802.559998
0.142480	801.340027
0.142560	799.710022
0.142640	797.669983
0.142720	795.229980
0.142800	793.190002
0.142880	791.969971
0.142960	789.530029
0.143040	787.900024
0.143120	784.640015
0.143200	783.419983
0.143280	780.979980
0.143360	778.940002
0.143440	776.909973
0.143520	773.650024
0.143600	770.799988
0.143680	768.359985
0.143760	764.690002
0.143840	762.250000
0.143920	758.179993
0.144000	755.330017
0.144080	752.070007
0.144160	750.030029
0.144240	746.369995
0.144320	742.299988
0.144400	737.010010
0.144480	731.710022
0.144560	726.830017
0.144640	721.940002
0.144720	717.049988
0.144800	712.979980
0.144880	708.099976
0.144960	703.619995
0.145040	697.510010
0.145120	692.219971
0.145200	687.330017
0.145280	680.820007
0.145360	675.520020
0.145440	669.010010
0.145520	661.679993
0.145600	656.390015
0.145680	650.280029
0.145760	645.799988
0.145840	642.140015
0.145920	638.880005
0.146000	636.429993
0.146080	635.619995
0.146160	633.179993
0.146240	629.510010
0.146320	623.000000
0.146400	614.450012
0.146480	606.299988
0.146560	601.419983
0.146640	602.229980
0.146720	607.119995
0.146800	616.890015
0.146880	628.289978
0.146960	644.580017
0.147040	661.270020
0.147120	671.859985
0.147200	672.669983
0.147280	665.340027
0.147360	657.200012
0.147440	655.570007
0.147520	662.900024
0.147600	671.450012
0.147680	676.739990
0.147760	675.929993
0.147840	673.080017
0.147920	671.450012
0.148000	673.489990
0.148080	679.190002
0.148160	685.289978
0.148240	689.369995
0.148320	693.030029
0.148400	695.469971
0.148480	698.320007
0.148560	701.989990
0.148640	707.280029
0.148720	710.950012
0.148800	712.580017
0.148880	712.169983
0.148960	710.950012
0.149040	709.719971
0.149120	709.320007
0.149200	709.719971
0.149280	709.320007
0.149360	709.320007
0.149440	710.130005
0.149520	709.320007
0.149600	710.539978
0.149680	710.130005
0.149760	709.719971
0.149840	710.130005
0.149920	710.539978
0.150000	711.760010
0.150080	712.580017
0.150160	712.979980
0.150240	712.580017
0.150320	712.979980
0.150400	713.390015
0.150480	714.609985
0.150560	714.609985
0.150640	713.799988
0.150720	712.580017
0.150800	711.349976
0.150880	710.950012
0.150960	709.320007
0.151040	707.690002
0.151120	705.650024
0.151200	703.210022
0.151280	700.770020
0.151360	699.140015
0.151440	697.510010
0.151520	695.469971
0.151600	693.030029
0.151680	691.809998
0.151760	689.770020
0.151840	687.739990
0.151920	684.890015
0.152000	683.260010
0.152080	680.409973
0.152160	678.369995
0.152240	676.340027
0.152320	673.080017
0.152400	670.640015
0.152480	666.159973
0.152560	662.900024
0.152640	659.640015
0.152720	656.390015
0.152800	653.940002
0.152880	649.869995
0.152960	645.799988
0.153040	642.140015
0.153120	637.250000
0.153200	632.359985
0.153280	628.700012
0.153360	624.630005
0.153440	621.780029
0.153520	619.739990
0.153600	614.849976
0.153680	611.190002
0.153760	607.530029
0.153840	605.080017
0.153920	601.419983
0.154000	598.969971
0.154080	595.719971
0.154160	592.049988
0.154240	588.390015
0.154320	585.950012
0.154400	582.280029
0.154480	579.840027
0.154560	576.989990
0.154640	574.950012
0.154720	571.289978
0.154800	567.219971
0.154880	563.960022
0.154960	561.520020
0.155040	559.479980
0.155120	556.219971
0.155200	552.969971
0.155280	549.710022
0.155360	547.270020
0.155440	545.640015
0.155520	544.010010
0.155600	541.159973
0.155680	537.489990
0.155760	533.419983
0.155840	530.979980
0.155920	527.719971
0.156000	526.090027
0.156080	523.650024
0.156160	520.390015
0.156240	517.950012
0.156320	514.690002
0.156400	511.839996
0.156480	508.179993
0.156560	505.730011
0.156640	502.480011
0.156720	499.220001
0.156800	495.959991
0.156880	493.109985
0.156960	489.850006
0.157040	486.190002
0.157120	482.519989
0.157200	479.269989
0.157280	476.010010
0.157360	473.980011
0.157440	471.130005
0.157520	468.269989
0.157600	464.609985
0.157680	461.760010
0.157760	457.690002
0.157840	453.619995
0.157920	450.769989
0.158000	449.549988
0.158080	445.470001
0.158160	441.809998
0.158240	438.140015
0.158320	434.480011
0.158400	432.040009
0.158480	429.190002
0.158560	425.929993
0.158640	423.489990
0.158720	420.640015
0.158800	417.790009
0.158880	414.119995
0.158960	411.269989
0.159040	408.420013
0.159120	405.160004
0.159200	402.309998
0.159280	399.459991
0.159360	395.390015
0.159440	392.130005
0.159520	388.059998
0.159600	384.799988
0.159680	381.950012
0.159760	380.329987
0.159840	377.480011
0.159920	375.029999
0.160000	372.179993
0.160080	369.739990
0.160160	367.700012
0.160240	366.079987
0.160320	364.040009
0.160400	362.000000
0.160480	358.750000
0.160560	355.489990
0.160640	353.049988
0.160720	350.200012
0.160800	347.750000
0.160880	346.119995
0.160960	344.089996
0.161040	341.649994
0.161120	338.799988
0.161200	335.950012
0.161280	333.100006
0.161360	331.869995
0.161440	329.019989
0.161520	327.799988
0.161600	325.769989
0.161680	323.320007
0.161760	320.880005
0.161840	319.250000
0.161920	316.809998
0.162000	315.179993
0.162080	313.140015
0.162160	311.109985
0.162240	308.260010
0.162320	307.040009
0.162400	305.000000
0.162480	302.959991
0.162560	301.739990
0.162640	298.890015
0.162720	296.859985
0.162800	294.410004
0.162880	294.010010
0.162960	292.790009
0.163040	291.970001
0.163120	290.750000
0.163200	288.309998
0.163280	286.679993
0.163360	284.640015
0.163440	284.230011
0.163520	283.010010
0.163600	282.200012
0.163680	281.790009
0.163760	281.390015
0.163840	279.760010
0.163920	278.130005
0.164000	275.279999
0.164080	272.429993
0.164160	271.209991
0.164240	270.390015
0.164320	270.390015
0.164400	270.390015
0.164480	269.170013
0.164560	267.540009
0.164640	265.510010
0.164720	265.100006
0.164800	263.880005
0.164880	264.279999
0.164960	263.059998
0.165040	261.429993
0.165120	260.209991
0.165200	257.769989
0.165280	256.950012
0.165360	256.140015
0.165440	256.549988
0.165520	256.549988
0.165600	254.919998
0.165680	254.100006
0.165760	253.289993
0.165840	252.479996
0.165920	250.440002
0.166000	249.630005
0.166080	248.809998
0.166160	248.000000
0.166240	248.809998
0.166320	247.589996
0.166400	245.960007
0.166480	245.149994
0.166560	242.300003
0.166640	242.300003
0.166720	241.889999
0.166800	242.300003
0.166880	241.889999
0.166960	241.070007
0.167040	239.039993
0.167120	238.229996
0.167200	237.000000
0.167280	237.000000
0.167360	235.779999
0.167440	236.190002
0.167520	236.600006
0.167600	234.970001
0.167680	233.339996
0.167760	231.710007
0.167840	229.679993
0.167920	228.449997
0.168000	227.639999
0.168080	226.820007
0.168160	226.419998
0.168240	226.009995
0.168320	226.419998
0.168400	225.199997
0.168480	223.970001
0.168560	223.570007
0.168640	221.940002
0.168720	221.529999
0.168800	221.119995
0.168880	221.119995
0.168960	220.309998
0.169040	219.899994
0.169120	218.270004
0.169200	217.050003
0.169280	216.240005
0.169360	215.830002
0.169440	214.199997
0.169520	212.570007
0.169600	212.169998
0.169680	211.350006
0.169760	210.949997
0.169840	210.130005
0.169920	209.320007
0.170000	208.500000
0.170080	207.690002
0.170160	206.470001
0.170240	204.839996
0.170320	203.210007
0.170400	203.619995
0.170480	203.210007
0.170560	203.619995
0.170640	203.210007
0.170720	201.990005
0.170800	200.360001
0.170880	200.770004
0.170960	199.139999
0.171040	197.919998
0.171120	197.509995
0.171200	196.690002
0.171280	195.070007
0.171360	194.250000
0.171440	193.440002
0.171520	192.619995
0.171600	191.809998
0.171680	192.619995
0.171760	191.809998
0.171840	191.399994
0.171920	190.589996
0.172000	189.770004
0.172080	188.139999
0.172160	187.330002
0.172240	185.699997
0.172320	185.699997
0.172400	184.070007
0.172480	183.660004
0.172560	183.660004
0.172640	183.259995
0.172720	182.850006
0.172800	182.440002
0.172880	180.820007
0.172960	180.000000
0.173040	180.410004
0.173120	179.589996
0.173200	178.779999
0.173280	177.960007
0.173360	177.960007
0.173440	176.339996
0.173520	175.110001
0.173600	174.300003
0.173680	174.710007
0.173760	174.300003
0.173840	173.889999
0.173920	174.710007
0.174000	173.080002
0.174080	171.449997
0.174160	171.449997
0.174240	170.630005
0.174320	171.449997
0.174400	171.449997
0.174480	171.039993
0.174560	170.229996
0.174640	169.009995
0.174720	169.009995
0.174800	169.009995
0.174880	169.410004
0.174960	169.410004
0.175040	168.190002
0.175120	166.970001
0.175200	166.559998
0.175280	166.970001
0.175360	166.559998
0.175440	165.750000
0.175520	164.529999
0.175600	163.309998
0.175680	163.309998
0.175760	163.309998
0.175840	163.710007
0.175920	162.899994
0.176000	163.309998
0.176080	163.309998
0.176160	162.899994
0.176240	164.119995
0.176320	164.529999
0.176400	163.710007
0.176480	161.679993
0.176560	160.860001
0.176640	160.050003
0.176720	159.639999
0.176800	161.679993
0.176880	162.490005
0.176960	164.119995
0.177040	164.119995
0.177120	162.490005
0.177200	161.679993
0.177280	161.679993
0.177360	160.050003
0.177440	160.860001
0.177520	160.860001
0.177600	160.050003
0.177680	159.639999
0.177760	159.639999
0.177840	160.860001
0.177920	160.050003
0.178000	159.240005
0.178080	159.240005
0.178160	158.830002
0.178240	158.419998
0.178320	159.240005
0.178400	159.240005
0.178480	159.240005
0.178560	158.419998
0.178640	157.199997
0.178720	158.419998
0.178800	158.419998
0.178880	158.419998
0.178960	156.380005
0.179040	156.380005
0.179120	157.199997
0.179200	156.380005
0.179280	157.610001
0.179360	156.789993
0.179440	156.789993
0.179520	155.979996
0.179600	155.979996
0.179680	155.979996
0.179760	155.160004
0.179840	155.570007
0.179920	155.979996
0.180000	156.380005
0.180080	155.979996
0.180160	155.979996
0.180240	155.979996
0.180320	156.380005
0.180400	155.979996
0.180480	156.380005
0.180560	155.160004
0.180640	155.160004
0.180720	155.570007
0.180800	155.570007
0.180880	155.570007
0.180960	154.759995
0.181040	155.570007
0.181120	155.570007
0.181200	155.570007
0.181280	155.570007
0.181360	154.759995
0.181440	155.570007
0.181520	154.759995
0.181600	155.160004
0.181680	155.160004
0.181760	155.570007
0.181840	155.160004
0.181920	155.160004
0.182000	155.570007
0.182080	155.570007
0.182160	155.570007
0.182240	156.380005
0.182320	155.979996
0.182400	156.380005
0.182480	155.979996
0.182560	155.160004
0.182640	155.570007
0.182720	154.759995
0.182800	154.350006
0.182880	153.940002
0.182960	155.160004
0.183040	155.979996
0.183120	154.759995
0.183200	155.160004
0.183280	155.570007
0.183360	156.380005
0.183440	156.789993
0.183520	156.380005
0.183600	155.570007
0.183680	154.759995
0.183760	154.759995
0.183840	155.570007
0.183920	154.759995
0.184000	155.160004
0.184080	153.940002
0.184160	153.940002
0.184240	154.350006
0.184320	156.380005
0.184400	156.380005
0.184480	156.789993
0.184560	156.380005
0.184640	155.979996
0.184720	154.759995
0.184800	155.160004
0.184880	155.160004
0.184960	156.789993
0.185040	155.979996
0.185120	156.380005
0.185200	156.380005
0.185280	156.789993
0.185360	156.380005
0.185440	156.789993
0.185520	156.380005
0.185600	156.380005
0.185680	155.570007
0.185760	155.979996
0.185840	156.380005
0.185920	155.979996
0.186000	155.979996
0.186080	155.979996
0.186160	156.380005
0.186240	156.380005
0.186320	157.610001
0.186400	158.830002
0.186480	158.419998
0.186560	157.610001
0.186640	157.199997
0.186720	157.199997
0.186800	157.610001
0.186880	158.009995
0.186960	158.419998
0.187040	158.830002
0.187120	158.419998
0.187200	157.610001
0.187280	156.789993
0.187360	157.199997
0.187440	157.610001
0.187520	158.009995
0.187600	158.009995
0.187680	159.240005
0.187760	159.240005
0.187840	158.830002
0.187920	159.240005
0.188000	158.830002
0.188080	159.639999
0.188160	160.460007
0.188240	160.460007
0.188320	159.639999
0.188400	159.240005
0.188480	159.240005
0.188560	159.639999
0.188640	159.240005
0.188720	160.460007
0.188800	161.270004
0.188880	160.860001
0.188960	160.860001
0.189040	159.639999
0.189120	160.050003
0.189200	160.860001
0.189280	160.860001
0.189360	160.050003
0.189440	160.860001
0.189520	160.050003
0.189600	160.050003
0.189680	159.639999
0.189760	160.860001
0.189840	161.679993
0.189920	160.860001
0.190000	160.460007
0.190080	160.860001
0.190160	160.860001
0.190240	160.860001
0.190320	160.860001
0.190400	161.270004
0.190480	160.460007
0.190560	160.050003
0.190640	160.050003
0.190720	160.050003
0.190800	160.050003
0.190880	161.679993
0.190960	160.860001
0.191040	160.050003
0.191120	159.639999
0.191200	160.860001
0.191280	161.679993
0.191360	160.860001
0.191440	161.270004
0.191520	161.270004
0.191600	160.860001
0.191680	162.089996
0.191760	162.490005
0.191840	161.679993
0.191920	162.089996
0.192000	161.270004
0.192080	161.270004
0.192160	161.270004
0.192240	162.089996
0.192320	162.490005
0.192400	162.089996
0.192480	162.490005
0.192560	162.490005
0.192640	162.490005
0.192720	161.679993
0.192800	161.679993
0.192880	161.679993
0.192960	161.679993
0.193040	161.679993
0.193120	162.089996
0.193200	162.490005
0.193280	162.490005
0.193360	162.089996
0.193440	162.089996
0.193520	162.490005
0.193600	162.089996
0.193680	162.490005
0.193760	162.490005
0.193840	161.679993
0.193920	161.679993
0.194000	162.490005
0.194080	161.679993
0.194160	162.490005
0.194240	162.899994
0.194320	163.309998
0.194400	162.899994
0.194480	162.899994
0.194560	162.899994
0.194640	162.899994
0.194720	162.899994
0.194800	162.899994
0.194880	162.899994
0.194960	162.490005
0.195040	162.490005
0.195120	162.089996
0.195200	162.490005
0.195280	163.309998
0.195360	162.089996
0.195440	161.679993
0.195520	161.270004
0.195600	162.490005
0.195680	162.089996
0.195760	162.490005
0.195840	162.490005
0.195920	160.860001
0.196000	162.089996
0.196080	162.899994
0.196160	162.899994
0.196240	163.309998
0.196320	162.899994
0.196400	162.490005
0.196480	162.899994
0.196560	162.899994
0.196640	162.899994
0.196720	162.899994
0.196800	162.899994
0.196880	162.899994
0.196960	162.490005
0.197040	162.490005
0.197120	164.119995
0.197200	164.929993
0.197280	164.529999
0.197360	164.529999
0.197440	164.119995
0.197520	164.119995
0.197600	163.309998
0.197680	163.710007
0.197760	163.710007
0.197840	163.710007
0.197920	163.710007
0.198000	164.119995
0.198080	163.710007
0.198160	163.710007
0.198240	163.710007
0.198320	163.309998
0.198400	163.309998
0.198480	162.490005
0.198560	162.490005
0.198640	162.899994
0.198720	163.309998
0.198800	163.309998
0.198880	164.119995
0.198960	164.119995
0.199040	163.309998
0.199120	164.119995
0.199200	163.710007
0.199280	163.710007
0.199360	162.899994
0.199440	163.309998
0.199520	163.710007
0.199600	163.710007
0.199680	164.119995
0.199760	163.710007
0.199840	163.309998
0.199920	164.119995
0.200000	163.710007
0.200080	164.529999
0.200160	164.529999
0.200240	164.929993
0.200320	164.529999
0.200400	163.710007
0.200480	162.899994
0.200560	163.309998
0.200640	162.899994
0.200720	163.309998
0.200800	163.710007
0.200880	163.309998
0.200960	162.490005
0.201040	162.490005
0.201120	162.089996
0.201200	162.490005
0.201280	162.490005
0.201360	162.899994
0.201440	162.899994
0.201520	162.490005
0.201600	162.089996
0.201680	162.490005
0.201760	162.899994
0.201840	162.490005
0.201920	163.309998
0.202000	163.309998
0.202080	163.710007
0.202160	163.309998
0.202240	162.490005
0.202320	162.490005
0.202400	161.270004
0.202480	162.089996
0.202560	162.490005
0.202640	163.710007
0.202720	163.710007
0.202800	164.119995
0.202880	162.490005
0.202960	161.679993
0.203040	160.860001
0.203120	161.270004
0.203200	161.679993
0.203280	161.270004
0.203360	161.270004
0.203440	160.860001
0.203520	160.460007
0.203600	159.639999
0.203680	159.639999
0.203760	159.639999
0.203840	158.830002
0.203920	159.639999
0.204000	158.830002
0.204080	159.240005
0.204160	158.830002
0.204240	158.419998
0.204320	159.240005
0.204400	160.050003
0.204480	159.639999
0.204560	159.240005
0.204640	159.240005
0.204720	158.419998
0.204800	157.610001
0.204880	158.009995
0.204960	158.419998
0.205040	158.419998
0.205120	158.419998
0.205200	158.419998
0.205280	158.830002
0.205360	159.240005
0.205440	159.240005
0.205520	158.009995
0.205600	158.009995
0.205680	157.199997
0.205760	157.199997
0.205840	158.009995
0.205920	158.419998
0.206000	158.009995
0.206080	157.199997
0.206160	158.009995
0.206240	157.610001
0.206320	158.009995
0.206400	159.240005
0.206480	158.419998
0.206560	158.419998
0.206640	158.419998
0.206720	158.830002
0.206800	158.419998
0.206880	157.610001
0.206960	157.610001
0.207040	157.610001
0.207120	157.610001
0.207200	158.419998
0.207280	158.419998
0.207360	157.199997
0.207440	158.419998
0.207520	157.610001
0.207600	160.050003
0.207680	158.419998
0.207760	158.009995
0.207840	158.830002
0.207920	160.050003
0.208000	159.639999
0.208080	158.419998
0.208160	157.610001
0.208240	157.199997
0.208320	157.199997
0.208400	158.830002
0.208480	159.240005
0.208560	159.639999
0.208640	160.050003
0.208720	159.240005
0.208800	160.050003
0.208880	159.240005
0.208960	160.050003
0.209040	159.639999
0.209120	159.639999
0.209200	158.830002
0.209280	159.240005
0.209360	159.240005
0.209440	161.270004
0.209520	160.860001
0.209600	161.270004
0.209680	160.860001
0.209760	159.240005
0.209840	159.240005
0.209920	158.419998
0.210000	159.639999
0.210080	160.860001
0.210160	161.679993
0.210240	161.270004
0.210320	161.679993
0.210400	161.679993
0.210480	161.270004
0.210560	161.270004
0.210640	160.860001
0.210720	160.860001
0.210800	160.860001
0.210880	160.860001
0.210960	160.860001
0.211040	160.460007
0.211120	160.460007
0.211200	160.460007
0.211280	161.679993
0.211360	161.679993
0.211440	162.089996
0.211520	162.490005
0.211600	163.309998
0.211680	162.899994
0.211760	163.309998
0.211840	163.309998
0.211920	162.899994
0.212000	162.899994
0.212080	161.679993
0.212160	162.089996
0.212240	162.490005
0.212320	162.089996
0.212400	162.899994
0.212480	162.490005
0.212560	162.490005
0.212640	162.490005
0.212720	162.899994
0.212800	162.490005
0.212880	164.119995
0.212960	163.309998
0.213040	163.710007
0.213120	163.710007
0.213200	163.309998
0.213280	162.490005
0.213360	162.899994
0.213440	163.309998
0.213520	163.309998
0.213600	164.119995
0.213680	164.529999
0.213760	164.529999
0.213840	165.339996
0.213920	165.750000
0.214000	164.119995
0.214080	164.529999
0.214160	165.339996
0.214240	164.929993
0.214320	165.339996
0.214400	164.929993
0.214480	164.529999
0.214560	164.119995
0.214640	163.309998
0.214720	164.119995
0.214800	164.529999
0.214880	164.929993
0.214960	167.380005
0.215040	166.970001
0.215120	166.559998
0.215200	166.970001
0.215280	165.750000
0.215360	165.750000
0.215440	166.970001
0.215520	165.750000
0.215600	165.750000
0.215680	166.559998
0.215760	166.559998
0.215840	167.789993
0.215920	167.789993
0.216000	167.789993
0.216080	168.600006
0.216160	169.009995
0.216240	167.789993
0.216320	166.970001
0.216400	167.380005
0.216480	167.380005
0.216560	169.410004
0.216640	169.820007
0.216720	171.039993
0.216800	169.820007
0.216880	168.190002
0.216960	166.970001
0.217040	167.380005
0.217120	169.009995
0.217200	171.039993
0.217280	172.259995
0.217360	173.889999
0.217440	173.490005
0.217520	172.669998
0.217600	171.039993
0.217680	172.259995
0.217760	172.259995
0.217840	173.490005
0.217920	173.080002
0.218000	173.080002
0.218080	173.080002
0.218160	173.080002
0.218240	173.889999
0.218320	173.889999
0.218400	173.490005
0.218480	173.889999
0.218560	173.490005
0.218640	173.490005
0.218720	174.300003
0.218800	175.520004
0.218880	176.339996
0.218960	176.740005
0.219040	176.339996
0.219120	176.740005
0.219200	175.929993
0.219280	175.929993
0.219360	176.339996
0.219440	176.339996
0.219520	177.149994
0.219600	178.369995
0.219680	177.960007
0.219760	178.779999
0.219840	177.559998
0.219920	177.149994
0.220000	177.559998
0.220080	177.559998
0.220160	178.369995
0.220240	179.190002
0.220320	179.190002
0.220400	179.190002
0.220480	180.000000
0.220560	179.190002
0.220640	179.190002
0.220720	180.000000
0.220800	180.000000
0.220880	180.820007
0.220960	182.039993
0.221040	182.039993
0.221120	182.039993
0.221200	182.039993
0.221280	182.039993
0.221360	181.630005
0.221440	181.630005
0.221520	181.630005
0.221600	181.220001
0.221680	181.630005
0.221760	182.440002
0.221840	183.259995
0.221920	185.289993
0.222000	187.330002
0.222080	186.919998
0.222160	184.889999
0.222240	183.660004
0.222320	184.070007
0.222400	183.660004
0.222480	184.889999
0.222560	185.699997
0.222640	185.699997
0.222720	185.289993
0.222800	185.699997
0.222880	185.699997
0.222960	184.889999
0.223040	185.699997
0.223120	185.289993
0.223200	185.289993
0.223280	185.289993
0.223360	185.289993
0.223440	186.110001
0.223520	186.919998
0.223600	187.330002
0.223680	187.330002
0.223760	187.330002
0.223840	186.919998
0.223920	187.740005
0.224000	188.139999
0.224080	187.330002
0.224160	186.509995
0.224240	185.289993
0.224320	185.699997
0.224400	186.110001
0.224480	187.740005
0.224560	190.179993
0.224640	188.960007
0.224720	189.369995
0.224800	188.550003
0.224880	188.550003
0.224960	188.960007
0.225040	188.960007
0.225120	188.960007
0.225200	188.960007
0.225280	189.770004
0.225360	189.770004
0.225440	190.589996
0.225520	190.179993
0.225600	190.589996
0.225680	190.179993
0.225760	189.369995
0.225840	189.770004
0.225920	188.550003
0.226000	189.770004
0.226080	190.179993
0.226160	190.589996
0.226240	190.589996
0.226320	189.770004
0.226400	190.179993
0.226480	190.179993
0.226560	189.369995
0.226640	190.179993
0.226720	189.369995
0.226800	190.179993
0.226880	190.589996
0.226960	190.589996
0.227040	191.399994
0.227120	191.399994
0.227200	191.399994
0.227280	190.589996
0.227360	190.589996
0.227440	190.589996
0.227520	190.179993
0.227600	190.990005
0.227680	191.399994
0.227760	192.619995
0.227840	192.210007
0.227920	192.210007
0.228000	192.210007
0.228080	192.210007
0.228160	193.029999
0.228240	192.619995
0.228320	192.210007
0.228400	191.399994
0.228480	192.210007
0.228560	191.399994
0.228640	192.210007
0.228720	193.029999
0.228800	193.029999
0.228880	193.440002
0.228960	192.619995
0.229040	193.029999
0.229120	192.619995
0.229200	193.440002
0.229280	193.839996
0.229360	193.839996
0.229440	194.250000
0.229520	193.440002
0.229600	193.839996
0.229680	194.660004
0.229760	194.660004
0.229840	195.070007
0.229920	194.660004
0.230000	195.070007
0.230080	194.660004
0.230160	194.250000
0.230240	194.250000
0.230320	194.660004
0.230400	195.070007
0.230480	195.880005
0.230560	196.289993
0.230640	196.289993
0.230720	195.880005
0.230800	196.289993
0.230880	195.070007
0.230960	195.070007
0.231040	195.470001
0.231120	195.880005
0.231200	195.070007
0.231280	195.470001
0.231360	196.289993
0.231440	197.509995
0.231520	198.729996
0.231600	198.320007
0.231680	197.919998
0.231760	198.320007
0.231840	197.919998
0.231920	198.320007
0.232000	197.509995
0.232080	198.320007
0.232160	198.729996
0.232240	199.139999
0.232320	199.949997
0.232400	200.770004
0.232480	200.770004
0.232560	200.770004
0.232640	201.580002
0.232720	201.580002
0.232800	201.990005
0.232880	202.399994
0.232960	202.399994
0.233040	202.800003
0.233120	203.210007
0.233200	201.990005
0.233280	202.399994
0.233360	201.990005
0.233440	202.399994
0.233520	204.020004
0.233600	204.020004
0.233680	204.020004
0.233760	204.429993
0.233840	204.839996
0.233920	205.240005
0.234000	206.470001
0.234080	205.649994
0.234160	205.649994
0.234240	205.649994
0.234320	205.649994
0.234400	206.470001
0.234480	205.649994
0.234560	206.869995
0.234640	207.279999
0.234720	207.279999
0.234800	208.100006
0.234880	207.279999
0.234960	207.690002
0.235040	208.100006
0.235120	209.720001
0.235200	210.539993
0.235280	210.539993
0.235360	210.539993
0.235440	209.320007
0.235520	208.910004
0.235600	210.949997
0.235680	213.389999
0.235760	215.419998
0.235840	216.240005
0.235920	215.419998
0.236000	214.610001
0.236080	212.570007
0.236160	212.169998
0.236240	211.350006
0.236320	212.570007
0.236400	213.389999
0.236480	215.830002
0.236560	217.050003
0.236640	219.089996
0.236720	218.679993
0.236800	217.460007
0.236880	216.240005
0.236960	216.649994
0.237040	217.050003
0.237120	217.460007
0.237200	217.869995
0.237280	217.050003
0.237360	217.460007
0.237440	218.270004
0.237520	219.089996
0.237600	220.309998
0.237680	219.500000
0.237760	219.899994
0.237840	219.899994
0.237920	220.309998
0.238000	221.119995
0.238080	223.160004
0.238160	223.970001
0.238240	224.380005
0.238320	223.570007
0.238400	222.350006
0.238480	221.119995
0.238560	220.309998
0.238640	221.119995
0.238720	221.529999
0.238800	222.750000
0.238880	223.970001
0.238960	223.570007
0.239040	222.750000
0.239120	221.940002
0.239200	222.750000
0.239280	223.570007
0.239360	225.199997
0.239440	226.009995
0.239520	226.009995
0.239600	225.199997
0.239680	224.380005
0.239760	224.380005
0.239840	225.199997
0.239920	225.600006
0.240000	226.419998
0.240080	226.009995
0.240160	225.600006
0.240240	226.009995
0.240320	226.009995
0.240400	226.820007
0.240480	227.639999
0.240560	228.449997
0.240640	227.229996
0.240720	227.639999
0.240800	226.419998
0.240880	227.229996
0.240960	227.229996
0.241040	227.639999
0.241120	230.080002
0.241200	230.080002
0.241280	229.270004
0.241360	227.639999
0.241440	229.679993
0.241520	229.679993
0.241600	230.899994
0.241680	230.490005
0.241760	230.490005
0.241840	230.899994
0.241920	231.710007
0.242000	232.119995
0.242080	231.300003
0.242160	232.119995
0.242240	231.710007
0.242320	230.490005
0.242400	230.490005
0.242480	231.300003
0.242560	231.710007
0.242640	231.300003
0.242720	232.119995
0.242800	232.929993
0.242880	233.339996
0.242960	234.149994
0.243040	233.750000
0.243120	232.929993
0.243200	233.339996
0.243280	234.149994
0.243360	234.559998
0.243440	234.970001
0.243520	234.970001
0.243600	234.970001
0.243680	233.750000
0.243760	234.149994
0.243840	233.339996
0.243920	234.559998
0.244000	234.970001
0.244080	234.970001
0.244160	234.559998
0.244240	233.750000
0.244320	232.929993
0.244400	232.929993
0.244480	233.339996
0.244560	234.149994
0.244640	232.520004
0.244720	230.899994
0.244800	229.270004
0.244880	228.860001
0.244960	230.490005
0.245040	232.119995
0.245120	233.339996
0.245200	232.929993
0.245280	232.929993
0.245360	233.339996
0.245440	232.119995
0.245520	232.119995
0.245600	232.929993
0.245680	232.119995
0.245760	231.710007
0.245840	231.300003
0.245920	230.899994
0.246000	229.679993
0.246080	229.679993
0.246160	229.679993
0.246240	230.490005
0.246320	231.710007
0.246400	230.490005
0.246480	230.899994
0.246560	230.490005
0.246640	228.860001
0.246720	228.449997
0.246800	228.860001
0.246880	228.860001
0.246960	228.860001
0.247040	228.860001
0.247120	227.639999
0.247200	227.639999
0.247280	226.820007
0.247360	227.639999
0.247440	228.449997
0.247520	228.449997
0.247600	227.229996
0.247680	227.229996
0.247760	226.419998
0.247840	226.419998
0.247920	227.639999
0.248000	227.639999
0.248080	226.820007
0.248160	226.009995
0.248240	225.199997
0.248320	226.009995
0.248400	226.820007
0.248480	226.820007
0.248560	227.229996
0.248640	227.229996
0.248720	226.820007
0.248800	226.009995
0.248880	227.229996
0.248960	226.419998
0.249040	227.229996
0.249120	227.639999
0.249200	228.449997
0.249280	227.639999
0.249360	226.820007
0.249440	226.009995
0.249520	224.789993
0.249600	223.970001
0.249680	223.570007
0.249760	223.970001
0.249840	224.789993
0.249920	225.600006
0.250000	226.009995
0.250080	224.789993
0.250160	223.570007
0.250240	221.940002
0.250320	221.529999
0.250400	220.309998
0.250480	219.899994
0.250560	219.500000
0.250640	219.500000
0.250720	218.679993
0.250800	219.089996
0.250880	220.309998
0.250960	220.309998
0.251040	221.119995
0.251120	221.119995
0.251200	221.529999
0.251280	219.500000
0.251360	219.899994
0.251440	218.679993
0.251520	218.270004
0.251600	220.309998
0.251680	220.720001
0.251760	221.529999
0.251840	220.720001
0.251920	220.720001
0.252000	218.679993
0.252080	219.500000
0.252160	219.500000
0.252240	219.089996
0.252320	219.899994
0.252400	218.270004
0.252480	217.869995
0.252560	217.460007
0.252640	218.679993
0.252720	218.270004
0.252800	218.270004
0.252880	219.500000
0.252960	219.089996
0.253040	219.899994
0.253120	218.270004
0.253200	217.460007
0.253280	218.270004
0.253360	217.050003
0.253440	216.240005
0.253520	214.610001
0.253600	213.789993
0.253680	211.759995
0.253760	209.320007
0.253840	208.100006
0.253920	206.869995
0.254000	204.839996
0.254080	204.020004
0.254160	201.990005
0.254240	199.539993
0.254320	198.729996
0.254400	196.289993
0.254480	195.470001
0.254560	194.250000
0.254640	193.839996
0.254720	192.619995
0.254800	191.399994
0.254880	190.179993
0.254960	188.960007
0.255040	188.550003
0.255120	188.139999
0.255200	186.919998
0.255280	186.919998
0.255360	185.289993
0.255440	184.889999
0.255520	184.889999
0.255600	184.889999
0.255680	184.479996
0.255760	184.479996
0.255840	184.479996
0.255920	185.699997
0.256000	185.289993
0.256080	185.699997
0.256160	186.509995
0.256240	186.509995
0.256320	186.919998
0.256400	186.919998
0.256480	187.740005
0.256560	188.550003
0.256640	188.960007
0.256720	188.139999
0.256800	188.960007
0.256880	188.960007
0.256960	189.369995
0.257040	189.369995
0.257120	190.179993
0.257200	191.399994
0.257280	191.809998
0.257360	192.619995
0.257440	193.029999
0.257520	193.839996
0.257600	195.880005
0.257680	196.289993
0.257760	198.320007
0.257840	197.509995
0.257920	197.509995
0.258000	197.100006
0.258080	198.729996
0.258160	199.949997
0.258240	201.990005
0.258320	201.990005
0.258400	202.399994
0.258480	201.990005
0.258560	203.210007
0.258640	203.619995
0.258720	205.649994
0.258800	206.869995
0.258880	207.279999
0.258960	204.839996
0.259040	205.649994
0.259120	206.470001
0.259200	209.720001
0.259280	210.539993
0.259360	209.720001
0.259440	210.539993
0.259520	211.350006
0.259600	211.350006
0.259680	212.169998
0.259760	212.570007
0.259840	213.389999
0.259920	215.020004
0.260000	215.419998
0.260080	215.020004
0.260160	214.199997
0.260240	214.610001
0.260320	213.789993
0.260400	214.199997
0.260480	214.610001
0.260560	215.830002
0.260640	216.240005
0.260720	217.050003
0.260800	217.050003
0.260880	217.050003
0.260960	217.869995
0.261040	219.089996
0.261120	218.679993
0.261200	218.270004
0.261280	217.050003
0.261360	216.649994
0.261440	216.649994
0.261520	217.869995
0.261600	219.500000
0.261680	221.119995
0.261760	221.119995
0.261840	220.720001
0.261920	219.500000
0.262000	217.050003
0.262080	217.050003
0.262160	217.869995
0.262240	218.679993
0.262320	219.089996
0.262400	218.679993
0.262480	217.050003
0.262560	215.419998
0.262640	215.830002
0.262720	217.050003
0.262800	217.869995
0.262880	216.649994
0.262960	215.830002
0.263040	215.419998
0.263120	214.199997
0.263200	213.789993
0.263280	214.199997
0.263360	214.199997
0.263440	214.199997
0.263520	215.020004
0.263600	214.199997
0.263680	214.610001
0.263760	212.979996
0.263840	212.570007
0.263920	211.350006
0.264000	211.350006
0.264080	212.570007
0.264160	212.570007
0.264240	211.759995
0.264320	210.539993
0.264400	210.130005
0.264480	208.910004
0.264560	209.720001
0.264640	209.720001
0.264720	210.130005
0.264800	208.100006
0.264880	207.690002
0.264960	206.869995
0.265040	207.279999
0.265120	207.279999
0.265200	207.279999
0.265280	206.470001
0.265360	206.059998
0.265440	205.649994
0.265520	205.649994
0.265600	205.649994
0.265680	204.429993
0.265760	204.020004
0.265840	202.399994
0.265920	201.990005
0.266000	201.990005
0.266080	201.580002
0.266160	202.800003
0.266240	203.210007
0.266320	202.800003
0.266400	201.990005
0.266480	201.169998
0.266560	200.360001
0.266640	199.139999
0.266720	199.949997
0.266800	199.539993
0.266880	199.949997
0.266960	199.139999
0.267040	198.320007
0.267120	197.919998
0.267200	198.320007
0.267280	197.509995
0.267360	195.880005
0.267440	195.070007
0.267520	193.839996
0.267600	193.440002
0.267680	193.839996
0.267760	195.070007
0.267840	195.070007
0.267920	194.250000
0.268000	193.839996
0.268080	193.029999
0.268160	193.440002
0.268240	192.210007
0.268320	192.210007
0.268400	190.990005
0.268480	191.399994
0.268560	190.179993
0.268640	190.589996
0.268720	190.179993
0.268800	189.770004
0.268880	189.369995
0.268960	188.550003
0.269040	188.139999
0.269120	188.550003
0.269200	189.770004
0.269280	189.369995
0.269360	189.770004
0.269440	189.369995
0.269520	188.550003
0.269600	187.330002
0.269680	185.289993
0.269760	184.889999
0.269840	184.479996
0.269920	183.660004
0.270000	183.660004
0.270080	183.660004
0.270160	183.660004
0.270240	182.850006
0.270320	183.259995
0.270400	182.440002
0.270480	182.850006
0.270560	182.039993
0.270640	181.630005
0.270720	182.440002
0.270800	181.630005
0.270880	180.820007
0.270960	179.190002
0.271040	178.779999
0.271120	178.779999
0.271200	178.779999
0.271280	179.190002
0.271360	178.779999
0.271440	178.779999
0.271520	177.559998
0.271600	177.149994
0.271680	176.740005
0.271760	176.339996
0.271840	176.339996
0.271920	176.339996
0.272000	175.110001
0.272080	173.889999
0.272160	173.889999
0.272240	173.080002
0.272320	173.490005
0.272400	172.669998
0.272480	172.669998
0.272560	171.449997
0.272640	171.039993
0.272720	171.449997
0.272800	171.449997
0.272880	172.259995
0.272960	171.449997
0.273040	170.630005
0.273120	170.229996
0.273200	170.229996
0.273280	170.630005
0.273360	169.820007
0.273440	169.009995
0.273520	169.009995
0.273600	168.190002
0.273680	167.380005
0.273760	167.380005
0.273840	167.380005
0.273920	165.339996
0.274000	165.750000
0.274080	164.929993
0.274160	164.929993
0.274240	164.529999
0.274320	164.929993
0.274400	164.119995
0.274480	162.490005
0.274560	162.490005
0.274640	162.089996
0.274720	162.490005
0.274800	161.679993
0.274880	162.490005
0.274960	162.490005
0.275040	162.899994
0.275120	161.679993
0.275200	160.860001
0.275280	159.639999
0.275360	159.240005
0.275440	159.240005
0.275520	159.639999
0.275600	159.639999
0.275680	159.639999
0.275760	158.419998
0.275840	158.009995
0.275920	157.199997
0.276000	157.610001
0.276080	157.199997
0.276160	156.789993
0.276240	156.789993
0.276320	156.380005
0.276400	156.789993
0.276480	155.160004
0.276560	155.160004
0.276640	154.759995
0.276720	152.720001
0.276800	153.130005
0.276880	153.529999
0.276960	153.130005
0.277040	152.720001
0.277120	151.500000
0.277200	151.089996
0.277280	150.679993
0.277360	149.869995
0.277440	149.869995
0.277520	149.869995
0.277600	149.460007
0.277680	147.830002
0.277760	147.830002
0.277840	147.830002
0.277920	148.649994
0.278000	149.059998
0.278080	149.059998
0.278160	147.429993
0.278240	146.210007
0.278320	145.389999
0.278400	145.389999
0.278480	145.800003
0.278560	146.210007
0.278640	145.389999
0.278720	144.580002
0.278800	143.759995
0.278880	142.539993
0.278960	141.729996
0.279040	141.729996
0.279120	142.130005
0.279200	142.539993
0.279280	143.350006
0.279360	142.949997
0.279440	142.539993
0.279520	140.100006
0.279600	139.690002
0.279680	138.880005
0.279760	138.470001
0.279840	138.880005
0.279920	139.279999
0.280000	139.279999
0.280080	138.059998
0.280160	136.839996
0.280240	135.619995
0.280320	134.800003
0.280400	135.210007
0.280480	135.210007
0.280560	134.399994
0.280640	134.399994
0.280720	133.990005
0.280800	133.179993
0.280880	132.360001
0.280960	133.179993
0.281040	133.179993
0.281120	133.580002
0.281200	132.770004
0.281280	132.360001
0.281360	132.360001
0.281440	133.179993
0.281520	132.360001
0.281600	131.550003
0.281680	131.550003
0.281760	130.729996
0.281840	129.100006
0.281920	129.100006
0.282000	129.100006
0.282080	128.289993
0.282160	127.879997
0.282240	127.480003
0.282320	127.070000
0.282400	127.480003
0.282480	126.250000
0.282560	126.660004
0.282640	126.250000
0.282720	125.029999
0.282800	124.220001
0.282880	123.400002
0.282960	123.000000
0.283040	121.779999
0.283120	121.779999
0.283200	121.370003
0.283280	121.370003
0.283360	121.779999
0.283440	121.779999
0.283520	120.959999
0.283600	119.330002
0.283680	118.930000
0.283760	118.110001
0.283840	117.300003
0.283920	116.889999
0.284000	116.889999
0.284080	117.300003
0.284160	116.889999
0.284240	116.480003
0.284320	116.889999
0.284400	116.480003
0.284480	116.480003
0.284560	118.930000
0.284640	120.550003
0.284720	123.400002
0.284800	124.220001
0.284880	122.589996
0.284960	118.930000
0.285040	116.070000
0.285120	114.449997
0.285200	114.040001
0.285280	115.669998
0.285360	115.260002
0.285440	115.260002
0.285520	114.449997
0.285600	112.410004
0.285680	110.379997
0.285760	109.559998
0.285840	109.970001
0.285920	110.379997
0.286000	110.379997
0.286080	110.779999
0.286160	109.970001
0.286240	109.559998
0.286320	107.529999
0.286400	106.709999
0.286480	104.669998
0.286560	104.269997
0.286640	105.080002
0.286720	105.080002
0.286800	103.860001
0.286880	103.449997
0.286960	102.639999
0.287040	101.419998
0.287120	101.820000
0.287200	102.639999
0.287280	101.419998
0.287360	101.010002
0.287440	99.788002
0.287520	98.973999
0.287600	98.160004
0.287680	98.160004
0.287760	98.567001
0.287840	96.938004
0.287920	96.530998
0.288000	95.309998
0.288080	94.495003
0.288160	93.274002
0.288240	92.866997
0.288320	92.052002
0.288400	90.424004
0.288480	90.015999
0.288560	89.202003
0.288640	88.794998
0.288720	88.794998
0.288800	87.981003
0.288880	87.166000
0.288960	85.945000
0.289040	85.945000
0.289120	84.316002
0.289200	83.908997
0.289280	82.686996
0.289360	81.873001
0.289440	81.873001
0.289520	81.466003
0.289600	81.058998
0.289680	79.836998
0.289760	79.023003
0.289840	78.209000
0.289920	77.801003
0.290000	77.801003
0.290080	78.209000
0.290160	79.430000
0.290240	79.836998
0.290320	79.430000
0.290400	78.615997
0.290480	78.209000
0.290560	78.209000
0.290640	76.987000
0.290720	76.172997
0.290800	76.172997
0.290880	76.172997
0.290960	76.987000
0.291040	78.615997
0.291120	76.987000
0.291200	76.580002
0.291280	76.987000
0.291360	77.801003
0.291440	77.393997
0.291520	79.023003
0.291600	79.023003
0.291680	78.209000
0.291760	78.209000
0.291840	78.209000
0.291920	77.393997
0.292000	76.987000
0.292080	76.580002
0.292160	75.765999
0.292240	76.172997
0.292320	75.765999
0.292400	74.950996
0.292480	74.950996
0.292560	74.543999
0.292640	75.358002
0.292720	76.172997
0.292800	76.580002
0.292880	75.358002
0.292960	74.137001
0.293040	73.730003
0.293120	73.322998
0.293200	72.915001
0.293280	72.508003
0.293360	72.508003
0.293440	71.694000
0.293520	71.694000
0.293600	70.472000
0.293680	70.879997
0.293760	70.472000
0.293840	70.472000
0.293920	70.065002
0.294000	70.065002
0.294080	69.657997
0.294160	68.844002
0.294240	69.250999
0.294320	69.657997
0.294400	69.250999
0.294480	68.436996
0.294560	67.214996
0.294640	64.772003
0.294720	64.364998
0.294800	64.772003
0.294880	65.585999
0.294960	66.401001
0.295040	66.401001
0.295120	66.401001
0.295200	66.401001
0.295280	65.585999
0.295360	65.179001
0.295440	65.585999
0.295520	64.772003
0.295600	64.772003
0.295680	65.585999
0.295760	63.958000
0.295840	62.736000
0.295920	61.922001
0.296000	61.108002
0.296080	61.108002
0.296160	61.514999
0.296240	60.700001
0.296320	60.292999
0.296400	60.292999
0.296480	60.292999
0.296560	60.292999
0.296640	60.700001
0.296720	61.108002
0.296800	60.700001
0.296880	59.071999
0.296960	58.257000
0.297040	57.849998
0.297120	56.222000
0.297200	56.222000
0.297280	56.629002
0.297360	56.222000
0.297440	56.629002
0.297520	57.035999
0.297600	55.813999
0.297680	55.813999
0.297760	55.407001
0.297840	55.000000
0.297920	54.592999
0.298000	54.186001
0.298080	55.000000
0.298160	55.407001
0.298240	54.592999
0.298320	53.778999
0.298400	53.370998
0.298480	52.556999
0.298560	52.964001
0.298640	52.964001
0.298720	53.370998
0.298800	53.370998
0.298880	52.150002
0.298960	51.743000
0.299040	50.928001
0.299120	50.928001
0.299200	50.521000
0.299280	50.113998
0.299360	50.928001
0.299440	49.707001
0.299520	48.893002
0.299600	48.485001
0.299680	47.264000
0.299760	47.264000
0.299840	48.485001
0.299920	46.450001
0.300000	46.856998
0.300080	47.264000
0.300160	46.856998
0.300240	46.042000
0.300320	45.634998
0.300400	46.042000
0.300480	45.634998
0.300560	45.228001
0.300640	45.228001
0.300720	44.414001
0.300800	43.192001
0.300880	41.971001
0.300960	40.341999
0.301040	40.341999
0.301120	41.155998
0.301200	40.749001
0.301280	41.155998
0.301360	41.155998
0.301440	41.155998
0.301520	41.155998
0.301600	39.935001
0.301680	39.119999
0.301760	39.528000
0.301840	39.528000
0.301920	38.713001
0.302000	39.528000
0.302080	38.713001
0.302160	38.306000
0.302240	37.898998
0.302320	37.492001
0.302400	36.270000
0.302480	35.049000
0.302560	34.235001
0.302640	33.827000
0.302720	33.013000
0.302800	32.605999
0.302880	31.384001
0.302960	29.348000
0.303040	27.313000
0.303120	23.648001
0.303200	20.391001
0.303280	16.319000
0.303360	11.433000
0.303440	6.954300
0.303520	2.068400
0.303600	-1.189000
0.303680	-6.482200
0.303760	-10.961000
0.303840	-15.033000
0.303920	-19.919001
0.304000	-22.768999
0.304080	-24.805000
0.304160	-25.618999
0.304240	-26.840000
0.304320	-26.840000
0.304400	-25.618999
0.304480	-23.990000
0.304560	-21.139999
0.304640	-17.882999
0.304720	-13.404000
0.304800	-9.332300
0.304880	-4.039200
0.304960	1.254000
0.305040	6.547200
0.305120	13.062000
0.305200	20.798000
0.305280	27.313000
0.305360	33.013000
0.305440	39.935001
0.305520	45.228001
0.305600	50.113998
0.305680	55.407001
0.305760	60.292999
0.305840	63.958000
0.305920	67.214996
0.306000	69.657997
0.306080	72.100998
0.306160	74.137001
0.306240	76.172997
0.306320	78.209000
0.306400	79.836998
0.306480	80.244003
0.306560	80.244003
0.306640	80.244003
0.306720	81.058998
0.306800	79.836998
0.306880	76.987000
0.306960	75.765999
0.307040	74.137001
0.307120	71.287003
0.307200	68.844002
0.307280	65.179001
0.307360	61.514999
0.307440	58.665001
0.307520	54.186001
0.307600	52.150002
0.307680	50.928001
0.307760	48.077999
0.307840	45.634998
0.307920	42.785000
0.308000	39.935001
0.308080	37.898998
0.308160	34.235001
0.308240	31.792000
0.308320	30.570000
0.308400	29.756001
0.308480	29.756001
0.308560	29.348000
0.308640	28.941000
0.308720	27.719999
0.308800	26.906000
0.308880	25.684000
0.308960	24.870001
0.309040	24.870001
0.309120	26.091000
0.309200	25.277000
0.309280	26.497999
0.309360	24.870001
0.309440	25.277000
0.309520	25.684000
0.309600	25.684000
0.309680	27.313000
0.309760	28.534000
0.309840	29.348000
0.309920	30.570000
