-0.020080	-0.361810
-0.020000	-0.870030
-0.019920	-0.700620
-0.019840	-0.531220
-0.019760	-1.293500
-0.019680	-2.564100
-0.019600	-3.665200
-0.019520	-3.411100
-0.019440	-1.971200
-0.019360	-0.446510
-0.019280	-0.022997
-0.019200	-0.615920
-0.019120	-1.632400
-0.019040	-2.140600
-0.018960	-2.394700
-0.018880	-2.479400
-0.018800	-2.140600
-0.018720	-1.039400
-0.018640	0.824030
-0.018560	2.264000
-0.018480	3.026300
-0.018400	2.687500
-0.018320	1.925200
-0.018240	0.485220
-0.018160	-0.531220
-0.018080	-0.277110
-0.018000	0.993440
-0.017920	2.856900
-0.017840	4.042800
-0.017760	3.534500
-0.017680	1.755800
-0.017600	-0.107700
-0.017520	-1.124100
-0.017440	-0.954730
-0.017360	0.231110
-0.017280	0.993440
-0.017200	0.824030
-0.017120	0.146410
-0.017040	-0.277110
-0.016960	-0.700620
-0.016880	-1.039400
-0.016800	-1.462900
-0.016720	-1.717100
-0.016640	-1.886500
-0.016560	-1.717100
-0.016480	-1.208800
-0.016400	-0.022997
-0.016320	1.417000
-0.016240	2.856900
-0.016160	3.280400
-0.016080	3.026300
-0.016000	2.602800
-0.015920	2.433400
-0.015840	1.925200
-0.015760	1.671100
-0.015680	1.501700
-0.015600	1.925200
-0.015520	1.925200
-0.015440	1.332200
-0.015360	0.146410
-0.015280	-1.208800
-0.015200	-1.547600
-0.015120	-1.039400
-0.015040	-0.446510
-0.014960	0.569930
-0.014880	0.908740
-0.014800	1.417000
-0.014720	2.009900
-0.014640	2.094600
-0.014560	1.755800
-0.014480	1.078100
-0.014400	0.400520
-0.014320	0.485220
-0.014240	1.332200
-0.014160	2.433400
-0.014080	3.111000
-0.014000	2.856900
-0.013920	1.755800
-0.013840	0.908740
-0.013760	0.654630
-0.013680	1.162900
-0.013600	2.009900
-0.013520	2.348700
-0.013440	2.009900
-0.013360	1.501700
-0.013280	1.078100
-0.013200	0.993440
-0.013120	1.162900
-0.013040	1.417000
-0.012960	1.501700
-0.012880	1.671100
-0.012800	2.009900
-0.012720	2.264000
-0.012640	2.602800
-0.012560	2.264000
-0.012480	1.417000
-0.012400	0.231110
-0.012320	-0.700620
-0.012240	-1.039400
-0.012160	-0.954730
-0.012080	-0.446510
-0.012000	0.400520
-0.011920	1.417000
-0.011840	1.840500
-0.011760	1.586400
-0.011680	0.908740
-0.011600	0.146410
-0.011520	-0.192400
-0.011440	0.061706
-0.011360	0.231110
-0.011280	0.654630
-0.011200	1.247600
-0.011120	2.179300
-0.011040	2.772200
-0.010960	2.264000
-0.010880	1.162900
-0.010800	0.146410
-0.010720	-0.615920
-0.010640	-0.954730
-0.010560	-1.462900
-0.010480	-2.310000
-0.010400	-2.648800
-0.010320	-2.479400
-0.010240	-1.632400
-0.010160	-0.107700
-0.010080	1.671100
-0.010000	3.195700
-0.009920	4.381600
-0.009840	4.635700
-0.009760	4.127500
-0.009680	2.941600
-0.009600	2.009900
-0.009520	2.264000
-0.009440	2.941600
-0.009360	3.873300
-0.009280	3.873300
-0.009200	2.772200
-0.009120	1.417000
-0.009040	0.485220
-0.008960	0.654630
-0.008880	1.755800
-0.008800	2.687500
-0.008720	3.026300
-0.008640	2.264000
-0.008560	0.569930
-0.008480	-0.785330
-0.008400	-1.208800
-0.008320	-0.446510
-0.008240	0.739330
-0.008160	0.993440
-0.008080	0.231110
-0.008000	-0.954730
-0.007920	-1.886500
-0.007840	-1.971200
-0.007760	-1.293500
-0.007680	-0.446510
-0.007600	0.824030
-0.007520	1.840500
-0.007440	2.518100
-0.007360	2.518100
-0.007280	2.348700
-0.007200	1.925200
-0.007120	1.417000
-0.007040	1.162900
-0.006960	0.993440
-0.006880	0.569930
-0.006800	-0.277110
-0.006720	-0.700620
-0.006640	-0.615920
-0.006560	0.231110
-0.006480	1.417000
-0.006400	2.009900
-0.006320	1.671100
-0.006240	1.078100
-0.006160	0.569930
-0.006080	1.078100
-0.006000	1.925200
-0.005920	2.433400
-0.005840	1.925200
-0.005760	0.739330
-0.005680	-0.361810
-0.005600	-0.870030
-0.005520	-1.124100
-0.005440	-1.208800
-0.005360	-1.801800
-0.005280	-2.818200
-0.005200	-3.495800
-0.005120	-3.580500
-0.005040	-2.394700
-0.004960	-0.361810
-0.004880	1.162900
-0.004800	1.755800
-0.004720	1.671100
-0.004640	1.586400
-0.004560	1.417000
-0.004480	1.417000
-0.004400	1.417000
-0.004320	1.247600
-0.004240	0.485220
-0.004160	-0.446510
-0.004080	-1.462900
-0.004000	-1.462900
-0.003920	-1.208800
-0.003840	-1.293500
-0.003760	-2.140600
-0.003680	-3.495800
-0.003600	-4.004000
-0.003520	-3.749900
-0.003440	-2.733500
-0.003360	-0.954730
-0.003280	0.654630
-0.003200	2.348700
-0.003120	3.449800
-0.003040	3.703900
-0.002960	2.856900
-0.002880	1.078100
-0.002800	-0.531220
-0.002720	-1.378300
-0.002640	-0.954730
-0.002560	0.908740
-0.002480	2.856900
-0.002400	3.873300
-0.002320	3.280400
-0.002240	1.501700
-0.002160	-0.870030
-0.002080	-2.818200
-0.002000	-3.665200
-0.001920	-3.411100
-0.001840	-1.886500
-0.001760	-0.192400
-0.001680	0.908740
-0.001600	0.993440
-0.001520	0.485220
-0.001440	-0.446510
-0.001360	-1.378300
-0.001280	-2.140600
-0.001200	-2.479400
-0.001120	-2.140600
-0.001040	-1.293500
-0.000960	-0.107700
-0.000880	0.824030
-0.000800	1.162900
-0.000720	0.824030
-0.000640	0.231110
-0.000560	-0.107700
-0.000480	0.231110
-0.000400	1.247600
-0.000320	2.179300
-0.000240	1.925200
-0.000160	0.654630
-0.000080	-1.378300
0.000000	-2.648800
0.000080	-2.902900
0.000160	-2.310000
0.000240	-1.293500
0.000320	-0.531220
0.000400	0.569930
0.000480	1.501700
0.000560	2.094600
0.000640	1.925200
0.000720	0.569930
0.000800	-1.378300
0.000880	-2.479400
0.000960	-2.394700
0.001040	-1.208800
0.001120	0.654630
0.001200	1.755800
0.001280	2.009900
0.001360	1.247600
0.001440	0.231110
0.001520	-0.531220
0.001600	-0.785330
0.001680	-0.531220
0.001760	0.146410
0.001840	0.739330
0.001920	1.417000
0.002000	1.840500
0.002080	2.602800
0.002160	3.111000
0.002240	2.772200
0.002320	1.501700
0.002400	0.993440
0.002480	1.501700
0.002560	2.687500
0.002640	3.111000
0.002720	2.433400
0.002800	0.993440
0.002880	0.061706
0.002960	-0.615920
0.003040	-0.615920
0.003120	-0.615920
0.003200	-0.531220
0.003280	-0.446510
0.003360	-0.192400
0.003440	-0.361810
0.003520	-0.361810
0.003600	-0.446510
0.003680	-0.022997
0.003760	0.654630
0.003840	1.332200
0.003920	1.501700
0.004000	0.993440
0.004080	0.231110
0.004160	-0.277110
0.004240	-0.615920
0.004320	-0.615920
0.004400	-0.361810
0.004480	-0.361810
0.004560	0.146410
0.004640	1.078100
0.004720	2.518100
0.004800	3.703900
0.004880	4.212200
0.004960	3.619200
0.005040	2.772200
0.005120	1.671100
0.005200	1.078100
0.005280	0.739330
0.005360	0.993440
0.005440	1.417000
0.005520	1.925200
0.005600	1.840500
0.005680	1.162900
0.005760	0.231110
0.005840	-0.107700
0.005920	0.739330
0.006000	1.925200
0.006080	3.195700
0.006160	3.534500
0.006240	3.365100
0.006320	2.602800
0.006400	2.772200
0.006480	3.534500
0.006560	4.212200
0.006640	4.212200
0.006720	3.873300
0.006800	3.111000
0.006880	2.518100
0.006960	1.925200
0.007040	1.332200
0.007120	0.824030
0.007200	0.569930
0.007280	0.485220
0.007360	0.739330
0.007440	1.078100
0.007520	1.162900
0.007600	0.654630
0.007680	-0.615920
0.007760	-1.208800
0.007840	-1.124100
0.007920	-0.446510
0.008000	0.231110
0.008080	1.332200
0.008160	1.840500
0.008240	1.755800
0.008320	1.332200
0.008400	-0.107700
0.008480	-0.785330
0.008560	-0.954730
0.008640	0.231110
0.008720	1.417000
0.008800	1.671100
0.008880	1.247600
0.008960	0.231110
0.009040	-0.192400
0.009120	0.485220
0.009200	1.755800
0.009280	3.111000
0.009360	3.703900
0.009440	3.534500
0.009520	2.856900
0.009600	1.501700
0.009680	0.231110
0.009760	-0.785330
0.009840	-0.615920
0.009920	0.485220
0.010000	1.501700
0.010080	2.179300
0.010160	2.518100
0.010240	2.179300
0.010320	1.925200
0.010400	1.501700
0.010480	1.417000
0.010560	2.264000
0.010640	3.873300
0.010720	5.652100
0.010800	6.668600
0.010880	6.838000
0.010960	5.736800
0.011040	3.958100
0.011120	2.264000
0.011200	1.247600
0.011280	0.739330
0.011360	0.654630
0.011440	0.569930
0.011520	0.569930
0.011600	0.485220
0.011680	-0.107700
0.011760	-0.785330
0.011840	-1.039400
0.011920	-1.124100
0.012000	-0.870030
0.012080	0.231110
0.012160	1.671100
0.012240	3.534500
0.012320	4.974500
0.012400	5.398000
0.012480	4.720400
0.012560	3.703900
0.012640	3.111000
0.012720	3.111000
0.012800	4.212200
0.012880	4.974500
0.012960	4.551000
0.013040	2.941600
0.013120	0.400520
0.013200	-1.717100
0.013280	-2.902900
0.013360	-2.902900
0.013440	-1.886500
0.013520	-0.531220
0.013600	0.654630
0.013680	1.162900
0.013760	1.332200
0.013840	1.162900
0.013920	1.501700
0.014000	2.179300
0.014080	2.602800
0.014160	3.026300
0.014240	3.111000
0.014320	2.687500
0.014400	2.602800
0.014480	2.094600
0.014560	2.348700
0.014640	2.602800
0.014720	3.026300
0.014800	3.111000
0.014880	2.941600
0.014960	2.009900
0.015040	1.078100
0.015120	0.400520
0.015200	0.146410
0.015280	0.739330
0.015360	2.094600
0.015440	3.534500
0.015520	4.551000
0.015600	4.805100
0.015680	3.958100
0.015760	2.264000
0.015840	0.569930
0.015920	-0.022997
0.016000	0.400520
0.016080	1.755800
0.016160	3.111000
0.016240	3.534500
0.016320	3.958100
0.016400	4.551000
0.016480	4.805100
0.016560	5.228600
0.016640	5.059200
0.016720	4.974500
0.016800	5.143900
0.016880	5.821500
0.016960	6.329700
0.017040	6.414500
0.017120	5.398000
0.017200	3.449800
0.017280	1.586400
0.017360	0.569930
0.017440	1.162900
0.017520	2.348700
0.017600	3.365100
0.017680	3.534500
0.017760	2.772200
0.017840	1.925200
0.017920	1.417000
0.018000	1.247600
0.018080	1.417000
0.018160	1.162900
0.018240	0.739330
0.018320	0.146410
0.018400	0.231110
0.018480	0.824030
0.018560	1.925200
0.018640	3.195700
0.018720	3.958100
0.018800	4.381600
0.018880	4.381600
0.018960	3.873300
0.019040	3.111000
0.019120	3.026300
0.019200	3.111000
0.019280	3.534500
0.019360	3.873300
0.019440	3.619200
0.019520	3.111000
0.019600	3.365100
0.019680	4.127500
0.019760	4.974500
0.019840	5.313300
0.019920	4.296900
0.020000	2.687500
0.020080	1.501700
0.020160	1.162900
0.020240	1.925200
0.020320	2.348700
0.020400	2.094600
0.020480	1.586400
0.020560	0.739330
0.020640	0.485220
0.020720	0.908740
0.020800	1.501700
0.020880	1.925200
0.020960	1.925200
0.021040	2.094600
0.021120	2.518100
0.021200	3.280400
0.021280	4.805100
0.021360	6.160300
0.021440	6.922700
0.021520	6.160300
0.021600	4.296900
0.021680	1.840500
0.021760	0.400520
0.021840	0.231110
0.021920	1.332200
0.022000	2.687500
0.022080	4.466300
0.022160	5.990900
0.022240	6.922700
0.022320	7.007400
0.022400	7.430900
0.022480	8.193200
0.022560	9.125000
0.022640	9.379100
0.022720	8.362600
0.022800	6.838000
0.022880	5.313300
0.022960	4.635700
0.023040	4.720400
0.023120	4.635700
0.023200	4.296900
0.023280	4.212200
0.023360	4.466300
0.023440	4.889800
0.023520	5.313300
0.023600	4.974500
0.023680	4.551000
0.023760	4.466300
0.023840	5.398000
0.023920	5.652100
0.024000	5.482700
0.024080	4.466300
0.024160	3.280400
0.024240	2.856900
0.024320	3.449800
0.024400	4.551000
0.024480	5.482700
0.024560	6.160300
0.024640	7.176800
0.024720	8.193200
0.024800	9.125000
0.024880	8.786100
0.024960	7.685000
0.025040	6.499100
0.025120	5.482700
0.025200	4.466300
0.025280	3.703900
0.025360	3.195700
0.025440	3.280400
0.025520	3.449800
0.025600	2.941600
0.025680	2.179300
0.025760	2.264000
0.025840	3.195700
0.025920	4.551000
0.026000	5.398000
0.026080	5.906200
0.026160	6.922700
0.026240	8.023800
0.026320	9.379100
0.026400	9.548500
0.026480	8.701400
0.026560	7.176800
0.026640	5.990900
0.026720	6.245000
0.026800	6.668600
0.026880	7.092100
0.026960	7.346200
0.027040	6.838000
0.027120	6.075600
0.027200	6.245000
0.027280	6.414500
0.027360	6.668600
0.027440	6.922700
0.027520	7.092100
0.027600	7.769700
0.027680	8.532000
0.027760	9.040200
0.027840	8.786100
0.027920	8.532000
0.028000	8.277900
0.028080	8.447300
0.028160	8.870800
0.028240	9.548500
0.028320	9.887300
0.028400	9.548500
0.028480	8.870800
0.028560	7.939100
0.028640	7.430900
0.028720	7.685000
0.028800	7.939100
0.028880	8.362600
0.028960	9.040200
0.029040	9.972000
0.029120	10.904000
0.029200	10.734000
0.029280	10.311000
0.029360	9.887300
0.029440	9.972000
0.029520	11.243000
0.029600	12.852000
0.029680	14.207000
0.029760	14.038000
0.029840	13.699000
0.029920	13.021000
0.030000	12.598000
0.030080	12.513000
0.030160	12.005000
0.030240	11.243000
0.030320	10.565000
0.030400	10.396000
0.030480	10.396000
0.030560	10.141000
0.030640	9.548500
0.030720	9.209700
0.030800	9.972000
0.030880	11.581000
0.030960	13.360000
0.031040	13.784000
0.031120	13.445000
0.031200	12.428000
0.031280	11.581000
0.031360	11.158000
0.031440	11.412000
0.031520	12.682000
0.031600	14.377000
0.031680	15.393000
0.031760	15.308000
0.031840	14.038000
0.031920	12.937000
0.032000	12.344000
0.032080	13.021000
0.032160	14.122000
0.032240	15.478000
0.032320	17.087000
0.032400	18.612000
0.032480	19.289000
0.032560	18.441999
0.032640	16.155001
0.032720	13.784000
0.032800	12.598000
0.032880	12.513000
0.032960	13.191000
0.033040	14.122000
0.033120	13.953000
0.033200	13.106000
0.033280	12.428000
0.033360	12.513000
0.033440	13.445000
0.033520	14.800000
0.033600	15.901000
0.033680	15.901000
0.033760	15.224000
0.033840	14.631000
0.033920	15.308000
0.034000	16.917999
0.034080	18.188000
0.034160	18.188000
0.034240	17.594999
0.034320	16.409000
0.034400	15.139000
0.034480	14.631000
0.034560	14.546000
0.034640	15.054000
0.034720	15.393000
0.034800	15.647000
0.034880	15.478000
0.034960	15.816000
0.035040	16.917999
0.035120	18.188000
0.035200	19.035000
0.035280	19.205000
0.035360	18.358000
0.035440	17.934000
0.035520	18.188000
0.035600	18.951000
0.035680	19.542999
0.035760	20.136000
0.035840	20.559999
0.035920	20.475000
0.036000	20.389999
0.036080	20.645000
0.036160	21.068001
0.036240	21.746000
0.036320	22.254000
0.036400	22.084000
0.036480	21.407000
0.036560	20.899000
0.036640	20.645000
0.036720	21.407000
0.036800	22.339001
0.036880	23.101000
0.036960	23.101000
0.037040	22.677000
0.037120	22.593000
0.037200	23.186001
0.037280	24.625999
0.037360	25.896000
0.037440	26.403999
0.037520	26.403999
0.037600	25.981001
0.037680	25.556999
0.037760	25.049000
0.037840	24.625999
0.037920	24.287001
0.038000	23.524000
0.038080	23.270000
0.038160	23.608999
0.038240	24.795000
0.038320	26.743000
0.038400	27.590000
0.038480	27.336000
0.038560	26.320000
0.038640	25.896000
0.038720	26.827999
0.038800	28.353001
0.038880	29.200001
0.038960	29.115000
0.039040	28.437000
0.039120	28.183001
0.039200	28.437000
0.039280	28.437000
0.039360	27.844000
0.039440	26.997000
0.039520	26.403999
0.039600	26.320000
0.039680	27.082001
0.039760	28.775999
0.039840	31.063000
0.039920	33.435001
0.040000	34.790001
0.040080	35.043999
0.040160	34.282001
0.040240	33.688999
0.040320	33.181000
0.040400	32.757000
0.040480	33.181000
0.040560	34.028000
0.040640	35.043999
0.040720	35.976002
0.040800	36.230000
0.040880	35.806000
0.040960	35.467999
0.041040	35.806000
0.041120	37.331001
0.041200	38.602001
0.041280	38.686001
0.041360	38.008999
0.041440	36.653000
0.041520	36.569000
0.041600	37.331001
0.041680	38.686001
0.041760	39.872002
0.041840	40.719002
0.041920	41.312000
0.042000	41.651001
0.042080	41.481998
0.042160	41.312000
0.042240	41.820000
0.042320	43.514000
0.042400	45.292999
0.042480	46.224998
0.042560	46.139999
0.042640	45.039001
0.042720	44.022999
0.042800	43.259998
0.042880	43.175999
0.042960	43.175999
0.043040	43.175999
0.043120	43.514000
0.043200	44.445999
0.043280	45.800999
0.043360	45.886002
0.043440	45.124001
0.043520	43.853001
0.043600	43.259998
0.043680	44.700001
0.043760	46.563999
0.043840	48.257999
0.043920	49.105000
0.044000	49.952000
0.044080	50.883999
0.044160	52.747002
0.044240	54.018002
0.044320	55.373001
0.044400	55.626999
0.044480	55.373001
0.044560	54.611000
0.044640	53.679001
0.044720	53.424999
0.044800	54.018002
0.044880	55.118999
0.044960	56.305000
0.045040	56.981998
0.045120	57.236000
0.045200	57.491001
0.045280	58.338001
0.045360	59.862000
0.045440	61.726002
0.045520	62.742001
0.045600	62.573002
0.045680	61.301998
0.045760	60.201000
0.045840	60.201000
0.045920	61.387001
0.046000	63.081001
0.046080	64.350998
0.046160	65.537003
0.046240	66.129997
0.046320	66.638000
0.046400	67.316002
0.046480	67.908997
0.046560	68.417000
0.046640	69.095001
0.046720	69.010002
0.046800	68.670998
0.046880	68.417000
0.046960	68.248001
0.047040	68.755997
0.047120	69.602997
0.047200	70.789001
0.047280	72.058998
0.047360	72.143997
0.047440	71.466003
0.047520	70.364998
0.047600	70.535004
0.047680	72.398003
0.047760	75.024002
0.047840	77.396004
0.047920	78.242996
0.048000	77.903999
0.048080	76.718002
0.048160	75.278000
0.048240	75.024002
0.048320	75.278000
0.048400	76.378998
0.048480	77.819000
0.048560	78.835999
0.048640	79.344002
0.048720	79.429001
0.048800	79.766998
0.048880	80.360001
0.048960	81.970001
0.049040	82.901001
0.049120	83.748001
0.049200	83.664001
0.049280	83.494003
0.049360	84.257004
0.049440	85.950996
0.049520	88.746002
0.049600	91.202003
0.049680	92.557999
0.049760	92.726997
0.049840	92.219002
0.049920	91.794998
0.050000	91.964996
0.050080	92.896004
0.050160	93.235001
0.050240	93.488998
0.050320	93.828003
0.050400	94.505997
0.050480	95.098999
0.050560	95.267998
0.050640	95.438004
0.050720	96.285004
0.050800	97.216003
0.050880	98.571999
0.050960	99.418999
0.051040	99.249001
0.051120	98.995003
0.051200	99.249001
0.051280	100.599998
0.051360	102.470001
0.051440	104.330002
0.051520	105.430000
0.051600	105.940002
0.051680	106.699997
0.051760	107.550003
0.051840	107.970001
0.051920	107.379997
0.052000	105.940002
0.052080	105.349998
0.052160	106.110001
0.052240	108.230003
0.052320	110.349998
0.052400	112.120003
0.052480	112.459999
0.052560	112.379997
0.052640	111.870003
0.052720	111.449997
0.052800	111.620003
0.052880	111.870003
0.052960	112.209999
0.053040	113.309998
0.053120	114.750000
0.053200	116.529999
0.053280	117.709999
0.053360	118.480003
0.053440	118.650002
0.053520	118.559998
0.053600	118.389999
0.053680	118.730003
0.053760	119.660004
0.053840	121.099998
0.053920	122.459999
0.054000	123.730003
0.054080	124.489998
0.054160	125.169998
0.054240	126.180000
0.054320	127.540001
0.054400	128.639999
0.054480	129.570007
0.054560	129.660004
0.054640	129.740005
0.054720	129.830002
0.054800	130.000000
0.054880	129.910004
0.054960	130.080002
0.055040	130.669998
0.055120	130.759995
0.055200	129.740005
0.055280	128.639999
0.055360	128.559998
0.055440	129.740005
0.055520	131.770004
0.055600	133.130005
0.055680	133.470001
0.055760	133.130005
0.055840	133.889999
0.055920	135.669998
0.056000	137.869995
0.056080	139.399994
0.056160	139.479996
0.056240	138.809998
0.056320	137.960007
0.056400	137.449997
0.056480	137.960007
0.056560	139.479996
0.056640	141.179993
0.056720	142.110001
0.056800	142.279999
0.056880	142.110001
0.056960	141.940002
0.057040	142.960007
0.057120	145.500000
0.057200	148.289993
0.057280	149.479996
0.057360	148.630005
0.057440	146.600006
0.057520	145.330002
0.057600	145.580002
0.057680	147.529999
0.057760	148.970001
0.057840	148.880005
0.057920	148.970001
0.058000	149.559998
0.058080	151.089996
0.058160	153.369995
0.058240	155.580002
0.058320	156.679993
0.058400	156.419998
0.058480	155.660004
0.058560	154.729996
0.058640	154.479996
0.058720	154.559998
0.058800	154.979996
0.058880	156.089996
0.058960	157.610001
0.059040	158.880005
0.059120	159.300003
0.059200	159.130005
0.059280	159.809998
0.059360	161.169998
0.059440	162.860001
0.059520	164.300003
0.059600	164.889999
0.059680	164.389999
0.059760	163.199997
0.059840	162.350006
0.059920	162.610001
0.060000	164.220001
0.060080	166.080002
0.060160	167.100006
0.060240	166.929993
0.060320	166.080002
0.060400	165.910004
0.060480	167.179993
0.060560	169.210007
0.060640	171.250000
0.060720	172.860001
0.060800	173.360001
0.060880	173.279999
0.060960	172.860001
0.061040	171.919998
0.061120	171.330002
0.061200	171.839996
0.061280	172.690002
0.061360	173.110001
0.061440	172.940002
0.061520	172.690002
0.061600	172.940002
0.061680	174.550003
0.061760	176.919998
0.061840	179.039993
0.061920	180.139999
0.062000	180.729996
0.062080	181.160004
0.062160	181.580002
0.062240	181.330002
0.062320	180.990005
0.062400	181.410004
0.062480	182.509995
0.062560	183.440002
0.062640	184.039993
0.062720	184.289993
0.062800	184.630005
0.062880	185.389999
0.062960	186.149994
0.063040	186.750000
0.063120	187.000000
0.063200	186.750000
0.063280	186.410004
0.063360	186.750000
0.063440	187.929993
0.063520	189.539993
0.063600	191.320007
0.063680	192.509995
0.063760	193.270004
0.063840	193.610001
0.063920	193.690002
0.064000	193.440002
0.064080	192.759995
0.064160	191.660004
0.064240	190.729996
0.064320	190.389999
0.064400	191.410004
0.064480	192.419998
0.064560	193.440002
0.064640	194.460007
0.064720	195.899994
0.064800	197.419998
0.064880	198.949997
0.064960	199.789993
0.065040	199.960007
0.065120	199.279999
0.065200	198.860001
0.065280	199.449997
0.065360	200.720001
0.065440	202.250000
0.065520	203.520004
0.065600	203.690002
0.065680	203.350006
0.065760	202.929993
0.065840	203.100006
0.065920	203.429993
0.066000	203.860001
0.066080	204.539993
0.066160	204.960007
0.066240	206.149994
0.066320	207.750000
0.066400	209.699997
0.066480	211.059998
0.066560	211.399994
0.066640	210.800003
0.066720	209.619995
0.066800	209.020004
0.066880	209.360001
0.066960	210.630005
0.067040	212.330002
0.067120	214.110001
0.067200	215.039993
0.067280	215.289993
0.067360	214.779999
0.067440	214.279999
0.067520	214.190002
0.067600	214.360001
0.067680	214.110001
0.067760	213.940002
0.067840	214.020004
0.067920	214.529999
0.068000	215.289993
0.068080	216.309998
0.068160	216.899994
0.068240	217.160004
0.068320	217.070007
0.068400	217.660004
0.068480	218.339996
0.068560	219.610001
0.068640	221.139999
0.068720	223.000000
0.068800	224.779999
0.068880	226.130005
0.068960	226.899994
0.069040	227.240005
0.069120	226.729996
0.069200	226.130005
0.069280	226.050003
0.069360	227.320007
0.069440	229.270004
0.069520	231.050003
0.069600	231.889999
0.069680	231.889999
0.069760	231.389999
0.069840	231.130005
0.069920	231.050003
0.070000	231.559998
0.070080	231.979996
0.070160	232.229996
0.070240	232.320007
0.070320	232.149994
0.070400	232.059998
0.070480	232.229996
0.070560	232.570007
0.070640	232.570007
0.070720	232.570007
0.070800	232.660004
0.070880	233.500000
0.070960	234.270004
0.071040	234.350006
0.071120	234.100006
0.071200	234.520004
0.071280	236.130005
0.071360	238.250000
0.071440	239.940002
0.071520	240.869995
0.071600	240.960007
0.071680	240.869995
0.071760	240.869995
0.071840	241.630005
0.071920	242.649994
0.072000	243.839996
0.072080	244.600006
0.072160	244.940002
0.072240	244.770004
0.072320	244.679993
0.072400	245.449997
0.072480	247.139999
0.072560	249.000000
0.072640	250.020004
0.072720	250.110001
0.072800	250.110001
0.072880	250.270004
0.072960	250.270004
0.073040	250.110001
0.073120	249.429993
0.073200	249.600006
0.073280	250.699997
0.073360	252.050003
0.073440	253.580002
0.073520	255.020004
0.073600	256.709991
0.073680	258.239990
0.073760	258.739990
0.073840	258.320007
0.073920	257.140015
0.074000	255.699997
0.074080	255.190002
0.074160	255.270004
0.074240	256.200012
0.074320	257.049988
0.074400	258.239990
0.074480	259.000000
0.074560	259.679993
0.074640	260.100006
0.074720	260.950012
0.074800	262.809998
0.074880	265.010010
0.074960	266.619995
0.075040	266.880005
0.075120	266.619995
0.075200	266.450012
0.075280	266.790009
0.075360	267.299988
0.075440	268.989990
0.075520	271.279999
0.075600	274.079987
0.075680	275.769989
0.075760	276.019989
0.075840	275.089996
0.075920	274.160004
0.076000	274.329987
0.076080	275.769989
0.076160	278.140015
0.076240	280.429993
0.076320	281.609985
0.076400	281.869995
0.076480	282.040009
0.076560	282.890015
0.076640	284.070007
0.076720	285.510010
0.076800	286.440002
0.076880	287.040009
0.076960	287.970001
0.077040	288.899994
0.077120	288.899994
0.077200	288.649994
0.077280	288.980011
0.077360	290.339996
0.077440	292.880005
0.077520	295.339996
0.077600	296.779999
0.077680	296.100006
0.077760	294.399994
0.077840	293.730011
0.077920	294.829987
0.078000	297.619995
0.078080	300.329987
0.078160	302.369995
0.078240	303.470001
0.078320	303.980011
0.078400	304.230011
0.078480	304.910004
0.078560	306.179993
0.078640	307.109985
0.078720	307.029999
0.078800	306.010010
0.078880	305.160004
0.078960	305.839996
0.079040	308.720001
0.079120	313.290009
0.079200	317.609985
0.079280	319.649994
0.079360	319.480011
0.079440	318.119995
0.079520	317.700012
0.079600	318.459991
0.079680	319.649994
0.079760	321.000000
0.079840	322.269989
0.079920	323.630005
0.080000	324.899994
0.080080	326.000000
0.080160	326.929993
0.080240	328.119995
0.080320	329.730011
0.080400	331.170013
0.080480	332.269989
0.080560	332.440002
0.080640	332.010010
0.080720	332.350006
0.080800	333.709991
0.080880	335.910004
0.080960	337.519989
0.081040	338.200012
0.081120	338.790009
0.081200	339.380005
0.081280	340.309998
0.081360	342.089996
0.081440	344.209991
0.081520	346.920013
0.081600	349.380005
0.081680	350.899994
0.081760	351.579987
0.081840	351.750000
0.081920	351.920013
0.082000	352.429993
0.082080	353.440002
0.082160	354.459991
0.082240	355.559998
0.082320	356.660004
0.082400	358.359985
0.082480	360.299988
0.082560	361.579987
0.082640	361.739990
0.082720	361.410004
0.082800	361.739990
0.082880	362.420013
0.082960	363.690002
0.083040	365.559998
0.083120	367.500000
0.083200	369.279999
0.083280	370.890015
0.083360	371.989990
0.083440	372.500000
0.083520	372.839996
0.083600	373.179993
0.083680	373.260010
0.083760	373.179993
0.083840	373.859985
0.083920	375.470001
0.084000	377.839996
0.084080	379.959991
0.084160	381.399994
0.084240	382.239990
0.084320	383.260010
0.084400	385.119995
0.084480	387.660004
0.084560	389.950012
0.084640	391.309998
0.084720	392.149994
0.084800	393.420013
0.084880	395.029999
0.084960	396.980011
0.085040	398.589996
0.085120	399.440002
0.085200	398.670013
0.085280	397.570007
0.085360	397.570007
0.085440	398.929993
0.085520	401.809998
0.085600	404.429993
0.085680	405.790009
0.085760	406.380005
0.085840	406.809998
0.085920	408.250000
0.086000	409.940002
0.086080	412.230011
0.086160	414.010010
0.086240	415.359985
0.086320	415.790009
0.086400	416.459991
0.086480	418.160004
0.086560	421.119995
0.086640	423.920013
0.086720	425.440002
0.086800	425.700012
0.086880	425.700012
0.086960	425.529999
0.087040	425.779999
0.087120	426.200012
0.087200	426.459991
0.087280	426.459991
0.087360	426.970001
0.087440	428.320007
0.087520	431.290009
0.087600	435.179993
0.087680	438.989990
0.087760	440.690002
0.087840	440.429993
0.087920	438.989990
0.088000	438.399994
0.088080	439.670013
0.088160	442.040009
0.088240	444.670013
0.088320	446.869995
0.088400	448.989990
0.088480	451.529999
0.088560	453.649994
0.088640	455.170013
0.088720	456.100006
0.088800	456.440002
0.088880	457.119995
0.088960	457.799988
0.089040	458.730011
0.089120	459.920013
0.089200	461.019989
0.089280	462.290009
0.089360	464.320007
0.089440	467.450012
0.089520	470.500000
0.089600	472.619995
0.089680	473.720001
0.089760	474.570007
0.089840	475.760010
0.089920	477.109985
0.090000	477.790009
0.090080	478.299988
0.090160	479.649994
0.090240	482.019989
0.090320	484.649994
0.090400	486.429993
0.090480	487.869995
0.090560	489.649994
0.090640	492.190002
0.090720	494.640015
0.090800	495.910004
0.090880	496.420013
0.090960	497.100006
0.091040	499.809998
0.091120	503.200012
0.091200	507.179993
0.091280	509.980011
0.091360	510.820007
0.091440	510.480011
0.091520	509.890015
0.091600	509.980011
0.091680	511.500000
0.091760	513.960022
0.091840	516.840027
0.091920	519.380005
0.092000	522.000000
0.092080	524.539978
0.092160	527.250000
0.092240	529.710022
0.092320	531.150024
0.092400	532.510010
0.092480	533.859985
0.092560	535.890015
0.092640	537.840027
0.092720	539.369995
0.092800	539.789978
0.092880	540.549988
0.092960	542.419983
0.093040	545.299988
0.093120	547.669983
0.093200	549.280029
0.093280	550.380005
0.093360	551.729980
0.093440	554.190002
0.093520	557.489990
0.093600	560.799988
0.093680	563.340027
0.093760	565.630005
0.093840	568.080017
0.093920	570.539978
0.094000	572.489990
0.094080	573.760010
0.094160	575.030029
0.094240	576.719971
0.094320	579.260010
0.094400	582.059998
0.094480	584.770020
0.094560	587.309998
0.094640	589.849976
0.094720	591.539978
0.094800	592.650024
0.094880	593.150024
0.094960	593.830017
0.095040	595.020020
0.095120	597.219971
0.095200	600.520020
0.095280	603.909973
0.095360	606.960022
0.095440	609.590027
0.095520	611.789978
0.095600	613.309998
0.095680	614.750000
0.095760	616.789978
0.095840	619.750000
0.095920	623.390015
0.096000	626.780029
0.096080	629.239990
0.096160	630.760010
0.096240	631.609985
0.096320	632.460022
0.096400	634.489990
0.096480	637.280029
0.096560	640.669983
0.096640	644.229980
0.096720	647.190002
0.096800	648.969971
0.096880	650.580017
0.096960	652.190002
0.097040	654.820007
0.097120	657.020020
0.097200	658.710022
0.097280	660.830017
0.097360	664.299988
0.097440	669.049988
0.097520	673.710022
0.097600	677.090027
0.097680	679.299988
0.097760	680.570007
0.097840	682.429993
0.097920	685.059998
0.098000	688.109985
0.098080	691.409973
0.098160	694.030029
0.098240	696.239990
0.098320	697.760010
0.098400	699.289978
0.098480	701.320007
0.098560	703.690002
0.098640	706.059998
0.098720	708.270020
0.098800	710.979980
0.098880	714.789978
0.098960	719.190002
0.099040	723.510010
0.099120	726.559998
0.099200	728.340027
0.099280	729.700012
0.099360	731.390015
0.099440	734.179993
0.099520	736.390015
0.099600	737.830017
0.099680	738.669983
0.099760	740.030029
0.099840	742.659973
0.099920	746.130005
0.100000	750.109985
0.100080	753.580017
0.100160	756.549988
0.100240	760.020020
0.100320	763.150024
0.100400	766.030029
0.100480	768.150024
0.100560	770.609985
0.100640	773.489990
0.100720	777.039978
0.100800	781.109985
0.100880	785.260010
0.100960	789.830017
0.101040	793.979980
0.101120	797.539978
0.101200	800.419983
0.101280	802.539978
0.101360	804.150024
0.101440	806.440002
0.101520	808.809998
0.101600	812.109985
0.101680	816.599976
0.101760	821.429993
0.101840	826.000000
0.101920	829.469971
0.102000	831.849976
0.102080	833.880005
0.102160	835.909973
0.102240	838.109985
0.102320	840.059998
0.102400	842.429993
0.102480	845.320007
0.102560	848.869995
0.102640	853.190002
0.102720	857.510010
0.102800	861.320007
0.102880	864.539978
0.102960	867.510010
0.103040	870.299988
0.103120	873.270020
0.103200	876.570007
0.103280	880.039978
0.103360	883.849976
0.103440	887.750000
0.103520	891.309998
0.103600	894.190002
0.103680	896.559998
0.103760	899.359985
0.103840	903.000000
0.103920	907.659973
0.104000	911.890015
0.104080	915.280029
0.104160	917.909973
0.104240	920.359985
0.104320	923.580017
0.104400	927.559998
0.104480	931.880005
0.104560	936.119995
0.104640	940.010010
0.104720	943.989990
0.104800	946.710022
0.104880	949.250000
0.104960	952.039978
0.105040	955.260010
0.105120	958.559998
0.105200	962.039978
0.105280	965.679993
0.105360	968.469971
0.105440	971.440002
0.105520	974.739990
0.105600	978.549988
0.105680	982.869995
0.105760	987.109985
0.105840	991.000000
0.105920	994.309998
0.106000	997.530029
0.106080	1001.099976
0.106160	1005.000000
0.106240	1009.000000
0.106320	1012.900024
0.106400	1016.700012
0.106480	1020.299988
0.106560	1023.700012
0.106640	1026.900024
0.106720	1029.699951
0.106800	1032.800049
0.106880	1036.300049
0.106960	1040.400024
0.107040	1044.800049
0.107120	1049.300049
0.107200	1053.800049
0.107280	1057.900024
0.107360	1061.199951
0.107440	1063.800049
0.107520	1065.500000
0.107600	1067.800049
0.107680	1070.800049
0.107760	1074.900024
0.107840	1079.800049
0.107920	1083.900024
0.108000	1087.000000
0.108080	1089.099976
0.108160	1091.500000
0.108240	1095.500000
0.108320	1100.900024
0.108400	1107.099976
0.108480	1112.099976
0.108560	1115.900024
0.108640	1118.500000
0.108720	1120.800049
0.108800	1124.199951
0.108880	1127.800049
0.108960	1131.400024
0.109040	1133.599976
0.109120	1135.300049
0.109200	1138.099976
0.109280	1142.300049
0.109360	1147.199951
0.109440	1151.199951
0.109520	1154.500000
0.109600	1157.000000
0.109680	1158.699951
0.109760	1160.500000
0.109840	1162.500000
0.109920	1165.800049
0.110000	1170.000000
0.110080	1174.599976
0.110160	1178.699951
0.110240	1182.400024
0.110320	1186.300049
0.110400	1190.400024
0.110480	1194.699951
0.110560	1199.099976
0.110640	1203.300049
0.110720	1206.699951
0.110800	1209.400024
0.110880	1211.800049
0.110960	1214.400024
0.111040	1217.500000
0.111120	1220.900024
0.111200	1225.300049
0.111280	1229.800049
0.111360	1233.800049
0.111440	1236.599976
0.111520	1238.699951
0.111600	1241.099976
0.111680	1244.300049
0.111760	1247.699951
0.111840	1250.300049
0.111920	1252.199951
0.112000	1253.800049
0.112080	1255.699951
0.112160	1258.400024
0.112240	1261.300049
0.112320	1264.500000
0.112400	1267.599976
0.112480	1270.599976
0.112560	1273.400024
0.112640	1276.000000
0.112720	1278.400024
0.112800	1280.900024
0.112880	1283.500000
0.112960	1286.199951
0.113040	1288.599976
0.113120	1290.900024
0.113200	1293.699951
0.113280	1296.699951
0.113360	1300.199951
0.113440	1303.900024
0.113520	1307.099976
0.113600	1309.199951
0.113680	1310.800049
0.113760	1312.400024
0.113840	1314.199951
0.113920	1315.800049
0.114000	1317.099976
0.114080	1318.900024
0.114160	1321.199951
0.114240	1324.099976
0.114320	1326.800049
0.114400	1328.599976
0.114480	1329.500000
0.114560	1330.000000
0.114640	1330.300049
0.114720	1331.699951
0.114800	1333.500000
0.114880	1335.400024
0.114960	1337.099976
0.115040	1338.400024
0.115120	1339.000000
0.115200	1339.300049
0.115280	1339.900024
0.115360	1341.699951
0.115440	1344.900024
0.115520	1348.400024
0.115600	1350.500000
0.115680	1351.400024
0.115760	1352.000000
0.115840	1352.400024
0.115920	1352.599976
0.116000	1352.500000
0.116080	1352.099976
0.116160	1351.599976
0.116240	1352.000000
0.116320	1354.699951
0.116400	1360.699951
0.116480	1366.500000
0.116560	1367.500000
0.116640	1360.900024
0.116720	1351.000000
0.116800	1344.699951
0.116880	1346.199951
0.116960	1351.699951
0.117040	1356.800049
0.117120	1358.800049
0.117200	1359.199951
0.117280	1358.900024
0.117360	1357.699951
0.117440	1356.599976
0.117520	1356.300049
0.117600	1356.599976
0.117680	1356.500000
0.117760	1356.400024
0.117840	1356.900024
0.117920	1358.000000
0.118000	1358.699951
0.118080	1358.400024
0.118160	1357.199951
0.118240	1355.699951
0.118320	1354.900024
0.118400	1354.400024
0.118480	1354.099976
0.118560	1353.699951
0.118640	1353.400024
0.118720	1352.699951
0.118800	1352.300049
0.118880	1352.599976
0.118960	1353.500000
0.119040	1354.099976
0.119120	1352.699951
0.119200	1349.900024
0.119280	1346.500000
0.119360	1343.500000
0.119440	1341.500000
0.119520	1339.599976
0.119600	1337.800049
0.119680	1335.900024
0.119760	1334.400024
0.119840	1333.000000
0.119920	1331.900024
0.120000	1330.800049
0.120080	1329.199951
0.120160	1327.900024
0.120240	1326.800049
0.120320	1326.000000
0.120400	1324.699951
0.120480	1322.800049
0.120560	1319.699951
0.120640	1316.000000
0.120720	1312.400024
0.120800	1309.199951
0.120880	1306.300049
0.120960	1303.699951
0.121040	1300.599976
0.121120	1297.000000
0.121200	1293.699951
0.121280	1291.400024
0.121360	1289.699951
0.121440	1287.500000
0.121520	1284.699951
0.121600	1281.400024
0.121680	1279.000000
0.121760	1277.599976
0.121840	1275.900024
0.121920	1272.500000
0.122000	1266.500000
0.122080	1259.300049
0.122160	1251.599976
0.122240	1245.599976
0.122320	1242.000000
0.122400	1241.199951
0.122480	1241.500000
0.122560	1241.400024
0.122640	1239.900024
0.122720	1237.699951
0.122800	1235.199951
0.122880	1233.500000
0.122960	1233.599976
0.123040	1235.500000
0.123120	1238.099976
0.123200	1239.599976
0.123280	1237.800049
0.123360	1230.400024
0.123440	1218.199951
0.123520	1205.900024
0.123600	1197.500000
0.123680	1192.800049
0.123760	1190.099976
0.123840	1187.300049
0.123920	1183.599976
0.124000	1179.199951
0.124080	1174.300049
0.124160	1169.699951
0.124240	1165.400024
0.124320	1161.400024
0.124400	1157.199951
0.124480	1153.199951
0.124560	1149.199951
0.124640	1144.900024
0.124720	1139.199951
0.124800	1132.500000
0.124880	1125.300049
0.124960	1117.599976
0.125040	1110.199951
0.125120	1103.599976
0.125200	1098.000000
0.125280	1093.900024
0.125360	1090.800049
0.125440	1087.699951
0.125520	1083.699951
0.125600	1079.099976
0.125680	1073.900024
0.125760	1068.500000
0.125840	1062.500000
0.125920	1056.400024
0.126000	1050.900024
0.126080	1046.800049
0.126160	1044.599976
0.126240	1043.300049
0.126320	1040.900024
0.126400	1036.500000
0.126480	1029.300049
0.126560	1020.700012
0.126640	1012.700012
0.126720	1005.400024
0.126800	998.630005
0.126880	992.609985
0.126960	988.130005
0.127040	984.909973
0.127120	982.789978
0.127200	979.650024
0.127280	975.330017
0.127360	970.419983
0.127440	966.440002
0.127520	963.309998
0.127600	960.000000
0.127680	954.919983
0.127760	948.479980
0.127840	941.539978
0.127920	935.690002
0.128000	931.799988
0.128080	929.169983
0.128160	926.289978
0.128240	922.059998
0.128320	916.380005
0.128400	910.369995
0.128480	905.030029
0.128560	901.049988
0.128640	897.659973
0.128720	894.530029
0.128800	890.969971
0.128880	886.900024
0.128960	882.409973
0.129040	877.929993
0.129120	873.609985
0.129200	869.630005
0.129280	865.140015
0.129360	860.729980
0.129440	856.070007
0.129520	852.010010
0.129600	848.960022
0.129680	846.840027
0.129760	844.210022
0.129840	840.570007
0.129920	836.080017
0.130000	831.090027
0.130080	826.510010
0.130160	822.359985
0.130240	818.039978
0.130320	813.890015
0.130400	809.909973
0.130480	807.200012
0.130560	805.500000
0.130640	804.320007
0.130720	802.710022
0.130800	800.929993
0.130880	798.900024
0.130960	797.119995
0.131040	795.510010
0.131120	793.650024
0.131200	791.440002
0.131280	788.559998
0.131360	784.750000
0.131440	780.349976
0.131520	775.940002
0.131600	772.130005
0.131680	768.830017
0.131760	766.369995
0.131840	764.849976
0.131920	763.830017
0.132000	762.729980
0.132080	760.440002
0.132160	757.479980
0.132240	754.770020
0.132320	752.400024
0.132400	750.869995
0.132480	749.429993
0.132560	747.739990
0.132640	745.530029
0.132720	742.739990
0.132800	739.520020
0.132880	736.219971
0.132960	732.909973
0.133040	730.289978
0.133120	728.090027
0.133200	726.390015
0.133280	724.440002
0.133360	721.219971
0.133440	717.840027
0.133520	714.700012
0.133600	712.159973
0.133680	710.130005
0.133760	708.940002
0.133840	708.859985
0.133920	708.429993
0.134000	706.989990
0.134080	704.280029
0.134160	700.559998
0.134240	697.000000
0.134320	693.950012
0.134400	691.659973
0.134480	689.890015
0.134560	688.609985
0.134640	687.260010
0.134720	684.460022
0.134800	680.909973
0.134880	676.919983
0.134960	673.280029
0.135040	670.830017
0.135120	669.469971
0.135200	668.539978
0.135280	667.020020
0.135360	664.469971
0.135440	661.760010
0.135520	659.390015
0.135600	657.190002
0.135680	654.989990
0.135760	652.109985
0.135840	648.289978
0.135920	644.570007
0.136000	641.349976
0.136080	638.809998
0.136160	636.179993
0.136240	632.880005
0.136320	628.809998
0.136400	624.070007
0.136480	619.239990
0.136560	614.580017
0.136640	610.690002
0.136720	607.299988
0.136800	603.830017
0.136880	600.440002
0.136960	597.469971
0.137040	594.679993
0.137120	592.219971
0.137200	589.169983
0.137280	585.020020
0.137360	579.770020
0.137440	574.690002
0.137520	570.960022
0.137600	568.510010
0.137680	566.049988
0.137760	561.900024
0.137840	555.799988
0.137920	549.190002
0.138000	543.770020
0.138080	539.539978
0.138160	535.549988
0.138240	531.659973
0.138320	527.419983
0.138400	523.270020
0.138480	519.460022
0.138560	515.729980
0.138640	511.839996
0.138720	507.429993
0.138800	502.269989
0.138880	496.760010
0.138960	491.170013
0.139040	485.670013
0.139120	480.410004
0.139200	474.149994
0.139280	467.200012
0.139360	460.339996
0.139440	454.070007
0.139520	448.570007
0.139600	443.649994
0.139680	438.989990
0.139760	434.420013
0.139840	429.170013
0.139920	423.410004
0.140000	417.730011
0.140080	412.059998
0.140160	406.809998
0.140240	401.890015
0.140320	396.980011
0.140400	392.149994
0.140480	387.070007
0.140560	381.309998
0.140640	374.619995
0.140720	368.100006
0.140800	361.149994
0.140880	354.880005
0.140960	349.549988
0.141040	343.959991
0.141120	338.279999
0.141200	332.950012
0.141280	328.029999
0.141360	323.799988
0.141440	319.899994
0.141520	315.160004
0.141600	309.059998
0.141680	301.769989
0.141760	293.559998
0.141840	285.850006
0.141920	278.899994
0.142000	272.720001
0.142080	267.390015
0.142160	262.809998
0.142240	258.070007
0.142320	252.990005
0.142400	247.139999
0.142480	241.470001
0.142560	236.470001
0.142640	232.149994
0.142720	226.979996
0.142800	221.389999
0.142880	214.869995
0.142960	208.770004
0.143040	203.600006
0.143120	198.860001
0.143200	194.029999
0.143280	188.190002
0.143360	181.919998
0.143440	175.990005
0.143520	170.490005
0.143600	164.889999
0.143680	159.470001
0.143760	153.630005
0.143840	147.699997
0.143920	141.850006
0.144000	136.350006
0.144080	131.270004
0.144160	126.949997
0.144240	123.559998
0.144320	121.019997
0.144400	117.709999
0.144480	113.309998
0.144560	107.209999
0.144640	100.269997
0.144720	93.150002
0.144800	86.712997
0.144880	80.698997
0.144960	75.362999
0.145040	70.280998
0.145120	65.960999
0.145200	62.063999
0.145280	58.252998
0.145360	54.187000
0.145440	49.359001
0.145520	44.700001
0.145600	39.533001
0.145680	34.282001
0.145760	28.945000
0.145840	23.863001
0.145920	19.120001
0.146000	15.139000
0.146080	10.904000
0.146160	6.329700
0.146240	0.824030
0.146320	-5.189900
0.146400	-10.611000
0.146480	-15.439000
0.146560	-19.674000
0.146640	-23.993999
0.146720	-28.483000
0.146800	-32.803001
0.146880	-36.191002
0.146960	-38.308998
0.147040	-39.664001
0.147120	-41.358002
0.147200	-43.984001
0.147280	-48.812000
0.147360	-56.773998
0.147440	-67.108002
0.147520	-77.357002
0.147600	-85.403999
0.147680	-91.079002
0.147760	-95.483002
0.147840	-99.549004
0.147920	-104.209999
0.148000	-110.139999
0.148080	-116.570000
0.148160	-121.739998
0.148240	-125.040001
0.148320	-127.750000
0.148400	-130.889999
0.148480	-135.460007
0.148560	-140.880005
0.148640	-146.559998
0.148720	-151.809998
0.148800	-156.470001
0.148880	-160.539993
0.148960	-165.190002
0.149040	-170.869995
0.149120	-177.479996
0.149200	-185.179993
0.149280	-192.720001
0.149360	-199.160004
0.149440	-203.820007
0.149520	-208.220001
0.149600	-213.559998
0.149680	-218.389999
0.149760	-223.300003
0.149840	-227.449997
0.149920	-231.089996
0.150000	-234.990005
0.150080	-239.050003
0.150160	-243.380005
0.150240	-247.440002
0.150320	-251.419998
0.150400	-255.830002
0.150480	-260.739990
0.150560	-265.989990
0.150640	-271.410004
0.150720	-276.489990
0.150800	-282.170013
0.150880	-288.100006
0.150960	-294.029999
0.151040	-299.359985
0.151120	-304.019989
0.151200	-308.000000
0.151280	-311.820007
0.151360	-315.799988
0.151440	-320.630005
0.151520	-326.640015
0.151600	-332.739990
0.151680	-337.649994
0.151760	-341.720001
0.151840	-345.700012
0.151920	-350.269989
0.152000	-355.269989
0.152080	-359.839996
0.152160	-364.160004
0.152240	-367.890015
0.152320	-371.450012
0.152400	-375.429993
0.152480	-380.089996
0.152560	-385.000000
0.152640	-390.250000
0.152720	-395.250000
0.152800	-399.989990
0.152880	-403.890015
0.152960	-406.769989
0.153040	-409.820007
0.153120	-412.869995
0.153200	-416.760010
0.153280	-421.679993
0.153360	-427.100006
0.153440	-432.010010
0.153520	-436.079987
0.153600	-439.720001
0.153680	-442.940002
0.153760	-446.660004
0.153840	-450.390015
0.153920	-454.369995
0.154000	-458.269989
0.154080	-461.989990
0.154160	-465.809998
0.154240	-468.859985
0.154320	-471.399994
0.154400	-474.279999
0.154480	-477.070007
0.154560	-480.040009
0.154640	-482.320007
0.154720	-484.019989
0.154800	-486.390015
0.154880	-490.369995
0.154960	-495.540009
0.155040	-500.700012
0.155120	-503.750000
0.155200	-505.190002
0.155280	-505.950012
0.155360	-507.480011
0.155440	-510.609985
0.155520	-514.169983
0.155600	-517.559998
0.155680	-520.349976
0.155760	-522.559998
0.155840	-524.840027
0.155920	-527.979980
0.156000	-531.450012
0.156080	-534.330017
0.156160	-536.619995
0.156240	-538.229980
0.156320	-540.090027
0.156400	-542.630005
0.156480	-546.190002
0.156560	-550.169983
0.156640	-553.809998
0.156720	-556.520020
0.156800	-558.130005
0.156880	-558.979980
0.156960	-559.909973
0.157040	-561.520020
0.157120	-563.549988
0.157200	-565.760010
0.157280	-568.210022
0.157360	-570.159973
0.157440	-572.280029
0.157520	-573.890015
0.157600	-576.340027
0.157680	-578.210022
0.157760	-580.159973
0.157840	-582.359985
0.157920	-585.239990
0.158000	-588.369995
0.158080	-591.510010
0.158160	-593.789978
0.158240	-595.659973
0.158320	-597.010010
0.158400	-598.109985
0.158480	-599.210022
0.158560	-600.479980
0.158640	-601.760010
0.158720	-602.599976
0.158800	-603.109985
0.158880	-603.359985
0.158960	-604.630005
0.159040	-606.580017
0.159120	-609.719971
0.159200	-612.770020
0.159280	-614.969971
0.159360	-616.070007
0.159440	-616.239990
0.159520	-616.409973
0.159600	-616.919983
0.159680	-617.419983
0.159760	-617.760010
0.159840	-617.760010
0.159920	-618.190002
0.160000	-619.880005
0.160080	-622.250000
0.160160	-625.049988
0.160240	-626.489990
0.160320	-627.169983
0.160400	-627.000000
0.160480	-626.659973
0.160560	-627.250000
0.160640	-628.859985
0.160720	-631.229980
0.160800	-633.520020
0.160880	-634.359985
0.160960	-633.940002
0.161040	-633.010010
0.161120	-632.330017
0.161200	-633.010010
0.161280	-634.450012
0.161360	-636.570007
0.161440	-638.679993
0.161520	-640.890015
0.161600	-642.330017
0.161680	-643.340027
0.161760	-643.940002
0.161840	-644.530029
0.161920	-644.950012
0.162000	-645.719971
0.162080	-646.989990
0.162160	-648.429993
0.162240	-649.780029
0.162320	-650.880005
0.162400	-651.140015
0.162480	-650.369995
0.162560	-649.950012
0.162640	-650.289978
0.162720	-651.900024
0.162800	-653.929993
0.162880	-655.119995
0.162960	-655.539978
0.163040	-655.369995
0.163120	-654.950012
0.163200	-655.289978
0.163280	-655.880005
0.163360	-656.900024
0.163440	-657.409973
0.163520	-657.320007
0.163600	-657.070007
0.163680	-657.320007
0.163760	-658.510010
0.163840	-660.789978
0.163920	-663.250000
0.164000	-665.450012
0.164080	-667.150024
0.164160	-668.419983
0.164240	-669.010010
0.164320	-669.090027
0.164400	-669.090027
0.164480	-669.690002
0.164560	-670.619995
0.164640	-670.789978
0.164720	-669.520020
0.164800	-667.400024
0.164880	-665.619995
0.164960	-665.450012
0.165040	-666.549988
0.165120	-668.500000
0.165200	-670.030029
0.165280	-670.960022
0.165360	-672.229980
0.165440	-673.330017
0.165520	-673.919983
0.165600	-673.750000
0.165680	-672.989990
0.165760	-672.479980
0.165840	-673.239990
0.165920	-674.849976
0.166000	-676.380005
0.166080	-677.219971
0.166160	-677.400024
0.166240	-677.219971
0.166320	-677.309998
0.166400	-677.989990
0.166480	-679.090027
0.166560	-680.020020
0.166640	-680.190002
0.166720	-679.679993
0.166800	-678.830017
0.166880	-678.159973
0.166960	-678.330017
0.167040	-679.679993
0.167120	-681.710022
0.167200	-683.409973
0.167280	-684.419983
0.167360	-684.260010
0.167440	-683.750000
0.167520	-683.489990
0.167600	-684.000000
0.167680	-684.340027
0.167760	-684.340027
0.167840	-684.340027
0.167920	-684.760010
0.168000	-685.020020
0.168080	-685.530029
0.168160	-686.289978
0.168240	-687.299988
0.168320	-688.150024
0.168400	-688.239990
0.168480	-686.880005
0.168560	-685.440002
0.168640	-684.340027
0.168720	-684.169983
0.168800	-684.679993
0.168880	-685.440002
0.168960	-686.630005
0.169040	-687.390015
0.169120	-688.659973
0.169200	-690.020020
0.169280	-691.119995
0.169360	-691.119995
0.169440	-690.020020
0.169520	-688.659973
0.169600	-687.900024
0.169680	-688.409973
0.169760	-690.020020
0.169840	-691.460022
0.169920	-691.880005
0.170000	-691.539978
0.170080	-690.859985
0.170160	-689.929993
0.170240	-689.250000
0.170320	-688.739990
0.170400	-688.580017
0.170480	-688.320007
0.170560	-689.080017
0.170640	-690.179993
0.170720	-691.460022
0.170800	-692.390015
0.170880	-692.729980
0.170960	-692.809998
0.171040	-692.809998
0.171120	-692.979980
0.171200	-693.229980
0.171280	-693.739990
0.171360	-693.659973
0.171440	-692.900024
0.171520	-691.710022
0.171600	-691.200012
0.171680	-691.289978
0.171760	-692.299988
0.171840	-693.229980
0.171920	-693.320007
0.172000	-693.150024
0.172080	-692.979980
0.172160	-693.229980
0.172240	-693.570007
0.172320	-694.080017
0.172400	-693.229980
0.172480	-691.289978
0.172560	-689.340027
0.172640	-688.580017
0.172720	-689.169983
0.172800	-690.859985
0.172880	-692.130005
0.172960	-692.559998
0.173040	-691.880005
0.173120	-690.780029
0.173200	-689.760010
0.173280	-689.590027
0.173360	-690.020020
0.173440	-690.349976
0.173520	-691.200012
0.173600	-691.710022
0.173680	-692.469971
0.173760	-693.400024
0.173840	-693.659973
0.173920	-693.070007
0.174000	-691.460022
0.174080	-689.590027
0.174160	-688.659973
0.174240	-688.409973
0.174320	-688.239990
0.174400	-688.070007
0.174480	-688.070007
0.174560	-687.979980
0.174640	-689.080017
0.174720	-690.349976
0.174800	-692.299988
0.174880	-693.400024
0.174960	-693.070007
0.175040	-691.539978
0.175120	-689.340027
0.175200	-687.729980
0.175280	-686.880005
0.175360	-686.880005
0.175440	-687.390015
0.175520	-688.070007
0.175600	-688.830017
0.175680	-689.250000
0.175760	-689.080017
0.175840	-689.000000
0.175920	-688.830017
0.176000	-688.320007
0.176080	-687.559998
0.176160	-686.630005
0.176240	-685.780029
0.176320	-685.359985
0.176400	-684.849976
0.176480	-684.419983
0.176560	-683.830017
0.176640	-683.580017
0.176720	-683.830017
0.176800	-684.340027
0.176880	-684.510010
0.176960	-683.750000
0.177040	-682.820007
0.177120	-681.880005
0.177200	-681.289978
0.177280	-681.289978
0.177360	-682.479980
0.177440	-682.650024
0.177520	-682.559998
0.177600	-681.539978
0.177680	-680.440002
0.177760	-679.940002
0.177840	-680.270020
0.177920	-681.039978
0.178000	-681.539978
0.178080	-681.539978
0.178160	-681.539978
0.178240	-681.289978
0.178320	-680.700012
0.178400	-680.440002
0.178480	-680.359985
0.178560	-680.530029
0.178640	-680.099976
0.178720	-679.599976
0.178800	-678.830017
0.178880	-678.239990
0.178960	-677.900024
0.179040	-677.820007
0.179120	-678.500000
0.179200	-679.000000
0.179280	-678.919983
0.179360	-677.900024
0.179440	-676.719971
0.179520	-676.119995
0.179600	-675.960022
0.179680	-676.460022
0.179760	-677.400024
0.179840	-677.650024
0.179920	-676.890015
0.180000	-675.700012
0.180080	-674.679993
0.180160	-674.429993
0.180240	-675.190002
0.180320	-676.210022
0.180400	-676.289978
0.180480	-676.380005
0.180560	-676.119995
0.180640	-675.960022
0.180720	-675.359985
0.180800	-674.599976
0.180880	-673.750000
0.180960	-672.650024
0.181040	-672.309998
0.181120	-672.909973
0.181200	-674.010010
0.181280	-674.260010
0.181360	-673.580017
0.181440	-671.719971
0.181520	-669.179993
0.181600	-667.739990
0.181680	-667.820007
0.181760	-669.090027
0.181840	-670.619995
0.181920	-672.059998
0.182000	-672.400024
0.182080	-671.469971
0.182160	-670.030029
0.182240	-669.090027
0.182320	-669.090027
0.182400	-670.030029
0.182480	-671.130005
0.182560	-672.229980
0.182640	-672.739990
0.182720	-672.989990
0.182800	-673.080017
0.182880	-672.400024
0.182960	-671.719971
0.183040	-670.700012
0.183120	-669.260010
0.183200	-667.739990
0.183280	-666.640015
0.183360	-665.960022
0.183440	-665.619995
0.183520	-665.450012
0.183600	-665.539978
0.183680	-665.960022
0.183760	-666.299988
0.183840	-665.450012
0.183920	-664.429993
0.184000	-663.669983
0.184080	-663.840027
0.184160	-664.349976
0.184240	-664.940002
0.184320	-665.200012
0.184400	-664.940002
0.184480	-664.599976
0.184560	-664.099976
0.184640	-662.989990
0.184720	-661.890015
0.184800	-661.390015
0.184880	-661.719971
0.184960	-662.989990
0.185040	-664.010010
0.185120	-664.270020
0.185200	-664.599976
0.185280	-664.770020
0.185360	-665.369995
0.185440	-666.299988
0.185520	-666.380005
0.185600	-665.280029
0.185680	-663.760010
0.185760	-662.059998
0.185840	-661.130005
0.185920	-660.619995
0.186000	-661.130005
0.186080	-662.570007
0.186160	-664.179993
0.186240	-665.200012
0.186320	-664.770020
0.186400	-663.159973
0.186480	-661.299988
0.186560	-660.539978
0.186640	-661.130005
0.186720	-662.909973
0.186800	-664.520020
0.186880	-664.859985
0.186960	-663.500000
0.187040	-661.469971
0.187120	-660.109985
0.187200	-659.609985
0.187280	-659.270020
0.187360	-658.340027
0.187440	-657.320007
0.187520	-657.070007
0.187600	-657.570007
0.187680	-658.590027
0.187760	-659.270020
0.187840	-658.929993
0.187920	-658.080017
0.188000	-657.489990
0.188080	-657.409973
0.188160	-658.000000
0.188240	-658.669983
0.188320	-658.929993
0.188400	-658.669983
0.188480	-658.250000
0.188560	-657.659973
0.188640	-656.390015
0.188720	-656.130005
0.188800	-656.390015
0.188880	-657.320007
0.188960	-658.419983
0.189040	-658.510010
0.189120	-657.909973
0.189200	-657.070007
0.189280	-656.390015
0.189360	-656.299988
0.189440	-656.469971
0.189520	-656.469971
0.189600	-656.130005
0.189680	-655.539978
0.189760	-654.609985
0.189840	-653.419983
0.189920	-652.150024
0.190000	-651.900024
0.190080	-652.409973
0.190160	-653.000000
0.190240	-653.340027
0.190320	-653.090027
0.190400	-652.909973
0.190480	-653.000000
0.190560	-653.849976
0.190640	-655.200012
0.190720	-656.299988
0.190800	-656.130005
0.190880	-654.690002
0.190960	-652.909973
0.191040	-651.559998
0.191120	-649.609985
0.191200	-646.900024
0.191280	-644.530029
0.191360	-644.280029
0.191440	-645.630005
0.191520	-647.830017
0.191600	-650.119995
0.191680	-651.650024
0.191760	-652.409973
0.191840	-652.150024
0.191920	-651.390015
0.192000	-650.539978
0.192080	-650.210022
0.192160	-649.780029
0.192240	-649.099976
0.192320	-648.260010
0.192400	-647.750000
0.192480	-647.830017
0.192560	-648.510010
0.192640	-649.270020
0.192720	-649.020020
0.192800	-648.429993
0.192880	-647.409973
0.192960	-646.729980
0.193040	-646.650024
0.193120	-646.820007
0.193200	-647.159973
0.193280	-647.159973
0.193360	-646.650024
0.193440	-646.049988
0.193520	-645.549988
0.193600	-645.119995
0.193680	-644.869995
0.193760	-644.609985
0.193840	-644.280029
0.193920	-643.679993
0.194000	-643.429993
0.194080	-643.510010
0.194160	-643.429993
0.194240	-644.020020
0.194320	-644.700012
0.194400	-645.799988
0.194480	-646.390015
0.194560	-646.309998
0.194640	-645.380005
0.194720	-644.359985
0.194800	-643.679993
0.194880	-643.599976
0.194960	-643.090027
0.195040	-642.500000
0.195120	-640.969971
0.195200	-639.450012
0.195280	-638.599976
0.195360	-639.450012
0.195440	-640.719971
0.195520	-641.820007
0.195600	-641.900024
0.195680	-641.729980
0.195760	-642.159973
0.195840	-643.010010
0.195920	-643.429993
0.196000	-642.750000
0.196080	-641.570007
0.196160	-640.039978
0.196240	-639.359985
0.196320	-639.359985
0.196400	-639.700012
0.196480	-640.039978
0.196560	-639.960022
0.196640	-639.869995
0.196720	-639.530029
0.196800	-639.020020
0.196880	-639.359985
0.196960	-639.789978
0.197040	-639.789978
0.197120	-638.090027
0.197200	-636.479980
0.197280	-635.549988
0.197360	-635.640015
0.197440	-635.890015
0.197520	-635.380005
0.197600	-634.109985
0.197680	-632.919983
0.197760	-632.760010
0.197840	-633.770020
0.197920	-635.549988
0.198000	-637.500000
0.198080	-638.349976
0.198160	-637.840027
0.198240	-636.479980
0.198320	-635.130005
0.198400	-634.359985
0.198480	-634.280029
0.198560	-634.109985
0.198640	-633.690002
0.198720	-633.690002
0.198800	-633.429993
0.198880	-633.349976
0.198960	-632.919983
0.199040	-631.989990
0.199120	-631.150024
0.199200	-630.719971
0.199280	-631.320007
0.199360	-631.479980
0.199440	-631.479980
0.199520	-630.299988
0.199600	-629.030029
0.199680	-628.599976
0.199760	-628.940002
0.199840	-629.880005
0.199920	-630.469971
0.200000	-630.469971
0.200080	-630.380005
0.200160	-630.380005
0.200240	-630.890015
0.200320	-631.570007
0.200400	-631.820007
0.200480	-631.320007
0.200560	-629.710022
0.200640	-628.349976
0.200720	-627.080017
0.200800	-626.909973
0.200880	-627.929993
0.200960	-629.109985
0.201040	-629.450012
0.201120	-629.030029
0.201200	-628.440002
0.201280	-627.590027
0.201360	-626.739990
0.201440	-625.900024
0.201520	-625.390015
0.201600	-624.710022
0.201680	-623.780029
0.201760	-622.340027
0.201840	-620.729980
0.201920	-620.140015
0.202000	-621.150024
0.202080	-622.419983
0.202160	-623.099976
0.202240	-622.340027
0.202320	-621.739990
0.202400	-621.909973
0.202480	-623.270020
0.202560	-624.619995
0.202640	-625.049988
0.202720	-623.859985
0.202800	-622.080017
0.202880	-621.150024
0.202960	-620.900024
0.203040	-621.070007
0.203120	-621.070007
0.203200	-620.900024
0.203280	-620.729980
0.203360	-620.900024
0.203440	-621.409973
0.203520	-622.169983
0.203600	-622.760010
0.203680	-622.929993
0.203760	-622.679993
0.203840	-622.590027
0.203920	-622.679993
0.204000	-623.099976
0.204080	-623.179993
0.204160	-622.590027
0.204240	-621.659973
0.204320	-619.969971
0.204400	-618.190002
0.204480	-616.409973
0.204560	-615.479980
0.204640	-614.880005
0.204720	-615.049988
0.204800	-616.150024
0.204880	-617.760010
0.204960	-619.539978
0.205040	-620.469971
0.205120	-620.219971
0.205200	-619.539978
0.205280	-618.359985
0.205360	-617.419983
0.205440	-616.750000
0.205520	-615.900024
0.205600	-614.969971
0.205680	-615.049988
0.205760	-616.070007
0.205840	-617.760010
0.205920	-618.609985
0.206000	-617.849976
0.206080	-616.150024
0.206160	-614.380005
0.206240	-613.190002
0.206320	-612.169983
0.206400	-610.900024
0.206480	-609.799988
0.206560	-609.890015
0.206640	-611.070007
0.206720	-612.929993
0.206800	-614.539978
0.206880	-615.309998
0.206960	-615.049988
0.207040	-614.289978
0.207120	-613.190002
0.207200	-612.090027
0.207280	-611.159973
0.207360	-610.989990
0.207440	-611.330017
0.207520	-612.510010
0.207600	-613.869995
0.207680	-615.390015
0.207760	-616.489990
0.207840	-616.320007
0.207920	-615.219971
0.208000	-613.780029
0.208080	-613.099976
0.208160	-613.270020
0.208240	-614.119995
0.208320	-614.630005
0.208400	-614.460022
0.208480	-614.039978
0.208560	-613.609985
0.208640	-613.700012
0.208720	-614.289978
0.208800	-614.710022
0.208880	-614.210022
0.208960	-613.530029
0.209040	-612.770020
0.209120	-611.580017
0.209200	-610.989990
0.209280	-611.239990
0.209360	-612.429993
0.209440	-613.869995
0.209520	-614.969971
0.209600	-615.479980
0.209680	-615.309998
0.209760	-614.460022
0.209840	-613.359985
0.209920	-611.919983
0.210000	-610.650024
0.210080	-610.219971
0.210160	-610.729980
0.210240	-611.659973
0.210320	-612.849976
0.210400	-613.609985
0.210480	-613.530029
0.210560	-613.530029
0.210640	-613.609985
0.210720	-614.289978
0.210800	-615.650024
0.210880	-616.580017
0.210960	-617.000000
0.211040	-616.239990
0.211120	-614.799988
0.211200	-613.780029
0.211280	-613.440002
0.211360	-613.780029
0.211440	-614.210022
0.211520	-615.049988
0.211600	-616.659973
0.211680	-618.190002
0.211760	-619.460022
0.211840	-619.710022
0.211920	-619.030029
0.212000	-617.849976
0.212080	-616.580017
0.212160	-615.979980
0.212240	-616.150024
0.212320	-616.750000
0.212400	-617.260010
0.212480	-617.419983
0.212560	-616.919983
0.212640	-616.239990
0.212720	-616.320007
0.212800	-617.169983
0.212880	-617.929993
0.212960	-618.359985
0.213040	-618.270020
0.213120	-618.859985
0.213200	-620.049988
0.213280	-621.239990
0.213360	-622.169983
0.213440	-622.419983
0.213520	-622.169983
0.213600	-621.409973
0.213680	-620.900024
0.213760	-621.150024
0.213840	-622.080017
0.213920	-623.020020
0.214000	-623.609985
0.214080	-623.520020
0.214160	-623.349976
0.214240	-623.859985
0.214320	-624.789978
0.214400	-625.809998
0.214480	-625.979980
0.214560	-625.469971
0.214640	-625.559998
0.214720	-626.320007
0.214800	-628.179993
0.214880	-629.710022
0.214960	-630.809998
0.215040	-631.320007
0.215120	-631.479980
0.215200	-631.400024
0.215280	-631.479980
0.215360	-631.659973
0.215440	-631.739990
0.215520	-632.080017
0.215600	-632.250000
0.215680	-632.760010
0.215760	-633.179993
0.215840	-633.520020
0.215920	-634.200012
0.216000	-634.450012
0.216080	-634.280029
0.216160	-633.520020
0.216240	-632.760010
0.216320	-632.159973
0.216400	-632.159973
0.216480	-633.260010
0.216560	-634.280029
0.216640	-634.960022
0.216720	-634.960022
0.216800	-634.619995
0.216880	-634.530029
0.216960	-635.130005
0.217040	-636.650024
0.217120	-638.349976
0.217200	-639.530029
0.217280	-639.960022
0.217360	-639.619995
0.217440	-639.280029
0.217520	-639.359985
0.217600	-639.530029
0.217680	-640.549988
0.217760	-641.820007
0.217840	-643.010010
0.217920	-643.770020
0.218000	-643.679993
0.218080	-643.429993
0.218160	-642.919983
0.218240	-642.239990
0.218320	-641.729980
0.218400	-641.650024
0.218480	-642.500000
0.218560	-643.940002
0.218640	-646.140015
0.218720	-647.750000
0.218800	-649.190002
0.218880	-649.609985
0.218960	-649.609985
0.219040	-649.270020
0.219120	-649.609985
0.219200	-650.539978
0.219280	-651.559998
0.219360	-652.150024
0.219440	-652.489990
0.219520	-652.580017
0.219600	-652.409973
0.219680	-652.750000
0.219760	-653.590027
0.219840	-654.349976
0.219920	-655.030029
0.220000	-655.969971
0.220080	-656.809998
0.220160	-657.659973
0.220240	-658.590027
0.220320	-659.440002
0.220400	-660.109985
0.220480	-660.280029
0.220560	-659.520020
0.220640	-658.250000
0.220720	-657.229980
0.220800	-657.320007
0.220880	-659.179993
0.220960	-661.890015
0.221040	-665.200012
0.221120	-667.570007
0.221200	-668.500000
0.221280	-668.419983
0.221360	-668.159973
0.221440	-667.739990
0.221520	-667.650024
0.221600	-667.650024
0.221680	-668.669983
0.221760	-670.109985
0.221840	-671.640015
0.221920	-672.570007
0.222000	-673.500000
0.222080	-674.599976
0.222160	-675.700012
0.222240	-676.289978
0.222320	-676.460022
0.222400	-676.549988
0.222480	-677.219971
0.222560	-677.479980
0.222640	-677.309998
0.222720	-676.719971
0.222800	-676.210022
0.222880	-676.969971
0.222960	-678.409973
0.223040	-680.190002
0.223120	-681.969971
0.223200	-683.750000
0.223280	-685.359985
0.223360	-686.710022
0.223440	-687.140015
0.223520	-686.799988
0.223600	-686.369995
0.223680	-686.119995
0.223760	-686.369995
0.223840	-686.880005
0.223920	-686.969971
0.224000	-687.299988
0.224080	-687.809998
0.224160	-688.909973
0.224240	-690.440002
0.224320	-691.369995
0.224400	-692.390015
0.224480	-693.150024
0.224560	-693.659973
0.224640	-694.000000
0.224720	-694.340027
0.224800	-694.929993
0.224880	-695.859985
0.224960	-696.280029
0.225040	-696.539978
0.225120	-696.710022
0.225200	-697.299988
0.225280	-698.150024
0.225360	-699.419983
0.225440	-700.010010
0.225520	-699.929993
0.225600	-699.669983
0.225680	-699.590027
0.225760	-699.929993
0.225840	-700.859985
0.225920	-702.969971
0.226000	-706.190002
0.226080	-709.070007
0.226160	-711.190002
0.226240	-712.039978
0.226320	-711.869995
0.226400	-711.109985
0.226480	-710.260010
0.226560	-709.919983
0.226640	-709.580017
0.226720	-709.919983
0.226800	-710.940002
0.226880	-712.799988
0.226960	-714.919983
0.227040	-716.530029
0.227120	-717.460022
0.227200	-717.539978
0.227280	-717.799988
0.227360	-718.049988
0.227440	-718.729980
0.227520	-719.659973
0.227600	-721.020020
0.227680	-722.119995
0.227760	-723.299988
0.227840	-723.809998
0.227920	-724.320007
0.228000	-725.250000
0.228080	-726.349976
0.228160	-727.710022
0.228240	-729.059998
0.228320	-729.989990
0.228400	-730.330017
0.228480	-730.590027
0.228560	-730.929993
0.228640	-731.599976
0.228720	-732.619995
0.228800	-734.150024
0.228880	-735.500000
0.228960	-736.010010
0.229040	-735.250000
0.229120	-734.059998
0.229200	-733.549988
0.229280	-734.150024
0.229360	-735.080017
0.229440	-735.760010
0.229520	-736.010010
0.229600	-736.429993
0.229680	-737.700012
0.229760	-739.989990
0.229840	-741.429993
0.229920	-742.530029
0.230000	-743.719971
0.230080	-745.919983
0.230160	-749.049988
0.230240	-751.510010
0.230320	-752.020020
0.230400	-751.090027
0.230480	-749.820007
0.230560	-749.979980
0.230640	-751.929993
0.230720	-754.729980
0.230800	-757.270020
0.230880	-758.789978
0.230960	-758.789978
0.231040	-758.200012
0.231120	-757.440002
0.231200	-757.099976
0.231280	-757.859985
0.231360	-759.469971
0.231440	-761.840027
0.231520	-764.299988
0.231600	-766.250000
0.231680	-767.179993
0.231760	-766.760010
0.231840	-766.080017
0.231920	-765.989990
0.232000	-766.669983
0.232080	-767.349976
0.232160	-767.940002
0.232240	-767.599976
0.232320	-767.599976
0.232400	-768.109985
0.232480	-769.549988
0.232560	-771.159973
0.232640	-772.940002
0.232720	-774.630005
0.232800	-775.729980
0.232880	-776.750000
0.232960	-777.429993
0.233040	-777.849976
0.233120	-777.510010
0.233200	-776.669983
0.233280	-776.500000
0.233360	-777.260010
0.233440	-779.039978
0.233520	-781.409973
0.233600	-783.359985
0.233680	-783.869995
0.233760	-782.679993
0.233840	-780.989990
0.233920	-780.479980
0.234000	-781.239990
0.234080	-782.849976
0.234160	-784.799988
0.234240	-786.580017
0.234320	-787.510010
0.234400	-788.609985
0.234480	-789.369995
0.234560	-790.640015
0.234640	-792.000000
0.234720	-793.609985
0.234800	-795.049988
0.234880	-796.400024
0.234960	-797.159973
0.235040	-797.840027
0.235120	-798.179993
0.235200	-798.859985
0.235280	-799.880005
0.235360	-800.380005
0.235440	-800.469971
0.235520	-800.640015
0.235600	-801.479980
0.235680	-803.260010
0.235760	-804.700012
0.235840	-805.299988
0.235920	-805.469971
0.236000	-805.799988
0.236080	-806.739990
0.236160	-807.919983
0.236240	-809.619995
0.236320	-811.229980
0.236400	-812.409973
0.236480	-813.000000
0.236560	-812.919983
0.236640	-812.330017
0.236720	-812.409973
0.236800	-813.679993
0.236880	-815.119995
0.236960	-815.880005
0.237040	-815.380005
0.237120	-814.280029
0.237200	-813.510010
0.237280	-814.020020
0.237360	-815.630005
0.237440	-817.070007
0.237520	-818.419983
0.237600	-819.270020
0.237680	-820.119995
0.237760	-821.559998
0.237840	-823.169983
0.237920	-824.349976
0.238000	-824.609985
0.238080	-824.690002
0.238160	-824.520020
0.238240	-824.859985
0.238320	-826.049988
0.238400	-828.080017
0.238480	-830.450012
0.238560	-832.229980
0.238640	-833.080017
0.238720	-833.419983
0.238800	-833.500000
0.238880	-834.010010
0.238960	-834.690002
0.239040	-835.789978
0.239120	-836.969971
0.239200	-838.250000
0.239280	-839.260010
0.239360	-839.940002
0.239440	-839.090027
0.239520	-838.330017
0.239600	-838.250000
0.239680	-838.919983
0.239760	-839.599976
0.239840	-839.599976
0.239920	-839.260010
0.240000	-839.090027
0.240080	-840.190002
0.240160	-841.719971
0.240240	-843.070007
0.240320	-843.669983
0.240400	-843.919983
0.240480	-844.679993
0.240560	-845.530029
0.240640	-846.549988
0.240720	-847.309998
0.240800	-847.989990
0.240880	-848.409973
0.240960	-849.090027
0.241040	-849.770020
0.241120	-849.770020
0.241200	-850.270020
0.241280	-850.950012
0.241360	-851.710022
0.241440	-852.219971
0.241520	-852.650024
0.241600	-853.409973
0.241680	-854.340027
0.241760	-855.020020
0.241840	-855.359985
0.241920	-855.700012
0.242000	-855.950012
0.242080	-857.219971
0.242160	-859.080017
0.242240	-861.280029
0.242320	-862.299988
0.242400	-862.130005
0.242480	-861.030029
0.242560	-860.020020
0.242640	-860.020020
0.242720	-860.690002
0.242800	-861.710022
0.242880	-862.809998
0.242960	-863.909973
0.243040	-865.010010
0.243120	-866.109985
0.243200	-866.789978
0.243280	-867.210022
0.243360	-867.380005
0.243440	-867.719971
0.243520	-867.719971
0.243600	-867.719971
0.243680	-868.739990
0.243760	-870.179993
0.243840	-871.789978
0.243920	-873.140015
0.244000	-873.479980
0.244080	-873.229980
0.244160	-873.059998
0.244240	-873.570007
0.244320	-874.330017
0.244400	-875.010010
0.244480	-875.260010
0.244560	-876.020020
0.244640	-876.700012
0.244720	-877.890015
0.244800	-878.650024
0.244880	-879.500000
0.244960	-880.429993
0.245040	-881.190002
0.245120	-881.609985
0.245200	-881.450012
0.245280	-881.700012
0.245360	-882.630005
0.245440	-883.900024
0.245520	-884.659973
0.245600	-884.919983
0.245680	-885.169983
0.245760	-885.679993
0.245840	-886.700012
0.245920	-888.219971
0.246000	-889.580017
0.246080	-890.760010
0.246160	-891.690002
0.246240	-891.950012
0.246320	-891.349976
0.246400	-890.679993
0.246480	-890.679993
0.246560	-891.690002
0.246640	-894.150024
0.246720	-896.099976
0.246800	-897.109985
0.246880	-897.200012
0.246960	-897.200012
0.247040	-897.369995
0.247120	-898.130005
0.247200	-899.320007
0.247280	-900.669983
0.247360	-901.940002
0.247440	-902.280029
0.247520	-901.859985
0.247600	-901.099976
0.247680	-900.669983
0.247760	-901.940002
0.247840	-904.820007
0.247920	-907.280029
0.248000	-908.630005
0.248080	-908.719971
0.248160	-908.549988
0.248240	-909.400024
0.248320	-910.919983
0.248400	-912.280029
0.248480	-912.950012
0.248560	-912.950012
0.248640	-912.609985
0.248720	-913.119995
0.248800	-914.049988
0.248880	-915.580017
0.248960	-917.020020
0.249040	-917.700012
0.249120	-917.780029
0.249200	-917.609985
0.249280	-918.289978
0.249360	-920.070007
0.249440	-922.530029
0.249520	-924.809998
0.249600	-925.830017
0.249680	-925.580017
0.249760	-925.070007
0.249840	-924.979980
0.249920	-926.250000
0.250000	-928.280029
0.250080	-930.320007
0.250160	-931.669983
0.250240	-932.690002
0.250320	-933.619995
0.250400	-935.229980
0.250480	-937.090027
0.250560	-938.280029
0.250640	-938.200012
0.250720	-937.520020
0.250800	-936.840027
0.250880	-936.669983
0.250960	-937.940002
0.251040	-939.380005
0.251120	-940.400024
0.251200	-940.909973
0.251280	-940.909973
0.251360	-941.330017
0.251440	-942.179993
0.251520	-942.849976
0.251600	-943.020020
0.251680	-943.020020
0.251760	-943.280029
0.251840	-944.380005
0.251920	-946.330017
0.252000	-948.450012
0.252080	-950.309998
0.252160	-950.820007
0.252240	-950.820007
0.252320	-951.070007
0.252400	-951.750000
0.252480	-953.020020
0.252560	-953.869995
0.252640	-954.539978
0.252720	-954.799988
0.252800	-955.650024
0.252880	-956.830017
0.252960	-958.440002
0.253040	-959.539978
0.253120	-959.880005
0.253200	-959.119995
0.253280	-958.099976
0.253360	-957.679993
0.253440	-958.099976
0.253520	-959.460022
0.253600	-961.150024
0.253680	-963.270020
0.253760	-965.390015
0.253840	-966.739990
0.253920	-967.500000
0.254000	-967.929993
0.254080	-968.010010
0.254160	-968.690002
0.254240	-969.369995
0.254320	-970.130005
0.254400	-970.130005
0.254480	-969.710022
0.254560	-969.619995
0.254640	-969.619995
0.254720	-969.880005
0.254800	-970.549988
0.254880	-971.400024
0.254960	-971.570007
0.255040	-971.320007
0.255120	-971.400024
0.255200	-971.820007
0.255280	-972.250000
0.255360	-972.500000
0.255440	-972.669983
0.255520	-973.349976
0.255600	-973.770020
0.255680	-973.520020
0.255760	-971.989990
0.255840	-970.130005
0.255920	-968.599976
0.256000	-968.179993
0.256080	-968.599976
0.256160	-969.200012
0.256240	-969.539978
0.256320	-968.859985
0.256400	-967.590027
0.256480	-966.320007
0.256560	-965.890015
0.256640	-966.489990
0.256720	-968.099976
0.256800	-969.539978
0.256880	-969.710022
0.256960	-968.520020
0.257040	-967.080017
0.257120	-965.979980
0.257200	-965.469971
0.257280	-965.219971
0.257360	-965.049988
0.257440	-964.960022
0.257520	-964.539978
0.257600	-962.929993
0.257680	-960.809998
0.257760	-958.859985
0.257840	-957.760010
0.257920	-957.929993
0.258000	-958.690002
0.258080	-959.200012
0.258160	-958.099976
0.258240	-955.809998
0.258320	-953.270020
0.258400	-951.330017
0.258480	-950.559998
0.258560	-950.559998
0.258640	-950.219971
0.258720	-949.630005
0.258800	-948.780029
0.258880	-947.679993
0.258960	-947.169983
0.259040	-946.239990
0.259120	-945.479980
0.259200	-943.789978
0.259280	-942.429993
0.259360	-941.409973
0.259440	-940.309998
0.259520	-939.299988
0.259600	-938.280029
0.259680	-937.260010
0.259760	-935.820007
0.259840	-934.039978
0.259920	-932.520020
0.260000	-931.840027
0.260080	-931.419983
0.260160	-931.159973
0.260240	-929.809998
0.260320	-927.520020
0.260400	-924.559998
0.260480	-922.020020
0.260560	-919.979980
0.260640	-919.309998
0.260720	-919.900024
0.260800	-920.750000
0.260880	-920.830017
0.260960	-920.409973
0.261040	-919.479980
0.261120	-918.799988
0.261200	-918.119995
0.261280	-917.190002
0.261360	-916.260010
0.261440	-914.989990
0.261520	-913.969971
0.261600	-913.039978
0.261680	-912.109985
0.261760	-910.750000
0.261840	-909.309998
0.261920	-908.130005
0.262000	-906.849976
0.262080	-905.590027
0.262160	-903.469971
0.262240	-900.929993
0.262320	-899.320007
0.262400	-898.809998
0.262480	-898.719971
0.262560	-898.219971
0.262640	-897.030029
0.262720	-895.169983
0.262800	-892.960022
0.262880	-891.099976
0.262960	-890.760010
0.263040	-891.270020
0.263120	-892.119995
0.263200	-892.030029
0.263280	-890.679993
0.263360	-887.969971
0.263440	-885.260010
0.263520	-883.309998
0.263600	-882.210022
0.263680	-880.940002
0.263760	-879.159973
0.263840	-877.460022
0.263920	-876.109985
0.264000	-875.429993
0.264080	-874.580017
0.264160	-873.309998
0.264240	-871.450012
0.264320	-869.760010
0.264400	-867.890015
0.264480	-865.440002
0.264560	-863.830017
0.264640	-863.400024
0.264720	-863.659973
0.264800	-863.830017
0.264880	-863.400024
0.264960	-862.469971
0.265040	-861.280029
0.265120	-860.270020
0.265200	-859.250000
0.265280	-857.900024
0.265360	-856.119995
0.265440	-853.659973
0.265520	-851.380005
0.265600	-849.510010
0.265680	-848.409973
0.265760	-847.390015
0.265840	-845.530029
0.265920	-843.070007
0.266000	-840.030029
0.266080	-837.400024
0.266160	-835.869995
0.266240	-835.869995
0.266320	-836.380005
0.266400	-836.719971
0.266480	-836.380005
0.266560	-835.030029
0.266640	-832.739990
0.266720	-830.450012
0.266800	-828.340027
0.266880	-826.809998
0.266960	-825.460022
0.267040	-824.099976
0.267120	-822.150024
0.267200	-820.119995
0.267280	-818.340027
0.267360	-816.820007
0.267440	-815.799988
0.267520	-814.869995
0.267600	-813.849976
0.267680	-812.919983
0.267760	-811.820007
0.267840	-809.869995
0.267920	-807.239990
0.268000	-805.130005
0.268080	-803.179993
0.268160	-801.820007
0.268240	-800.299988
0.268320	-798.010010
0.268400	-795.049988
0.268480	-791.739990
0.268560	-788.780029
0.268640	-786.489990
0.268720	-784.880005
0.268800	-783.950012
0.268880	-783.359985
0.268960	-783.270020
0.269040	-783.099976
0.269120	-782.849976
0.269200	-781.239990
0.269280	-778.109985
0.269360	-774.380005
0.269440	-771.080017
0.269520	-769.039978
0.269600	-768.369995
0.269680	-768.450012
0.269760	-768.369995
0.269840	-768.030029
0.269920	-767.010010
0.270000	-765.739990
0.270080	-763.619995
0.270160	-760.400024
0.270240	-757.349976
0.270320	-754.559998
0.270400	-752.700012
0.270480	-751.590027
0.270560	-750.580017
0.270640	-749.309998
0.270720	-747.869995
0.270800	-746.599976
0.270880	-745.070007
0.270960	-742.960022
0.271040	-740.919983
0.271120	-739.229980
0.271200	-738.130005
0.271280	-737.200012
0.271360	-736.090027
0.271440	-734.400024
0.271520	-733.039978
0.271600	-731.770020
0.271680	-730.840027
0.271760	-730.080017
0.271840	-728.809998
0.271920	-727.030029
0.272000	-724.739990
0.272080	-722.630005
0.272160	-720.590027
0.272240	-718.900024
0.272320	-717.289978
0.272400	-715.510010
0.272480	-713.820007
0.272560	-712.380005
0.272640	-711.190002
0.272720	-709.840027
0.272800	-708.400024
0.272880	-706.450012
0.272960	-704.330017
0.273040	-701.960022
0.273120	-699.929993
0.273200	-698.909973
0.273280	-697.809998
0.273360	-697.130005
0.273440	-695.859985
0.273520	-693.909973
0.273600	-691.710022
0.273680	-689.590027
0.273760	-688.409973
0.273840	-688.489990
0.273920	-689.510010
0.274000	-689.849976
0.274080	-688.739990
0.274160	-686.880005
0.274240	-685.440002
0.274320	-684.679993
0.274400	-683.830017
0.274480	-682.650024
0.274560	-680.359985
0.274640	-677.729980
0.274720	-675.280029
0.274800	-673.919983
0.274880	-672.909973
0.274960	-672.309998
0.275040	-671.969971
0.275120	-671.130005
0.275200	-669.859985
0.275280	-667.650024
0.275360	-664.770020
0.275440	-662.229980
0.275520	-661.049988
0.275600	-660.960022
0.275680	-661.130005
0.275760	-659.859985
0.275840	-657.320007
0.275920	-654.609985
0.276000	-652.489990
0.276080	-651.809998
0.276160	-651.729980
0.276240	-651.390015
0.276320	-649.780029
0.276400	-647.159973
0.276480	-644.280029
0.276560	-642.330017
0.276640	-641.229980
0.276720	-640.380005
0.276800	-638.849976
0.276880	-636.309998
0.276960	-633.690002
0.277040	-631.820007
0.277120	-631.479980
0.277200	-632.330017
0.277280	-633.429993
0.277360	-633.090027
0.277440	-631.150024
0.277520	-628.099976
0.277600	-624.960022
0.277680	-621.739990
0.277760	-619.119995
0.277840	-617.000000
0.277920	-615.479980
0.278000	-614.630005
0.278080	-613.780029
0.278160	-612.510010
0.278240	-611.239990
0.278320	-610.479980
0.278400	-609.549988
0.278480	-608.359985
0.278560	-607.010010
0.278640	-605.739990
0.278720	-604.630005
0.278800	-603.200012
0.278880	-601.500000
0.278960	-599.979980
0.279040	-599.210022
0.279120	-599.210022
0.279200	-598.960022
0.279280	-597.520020
0.279360	-594.979980
0.279440	-592.440002
0.279520	-591.080017
0.279600	-590.659973
0.279680	-590.570007
0.279760	-589.809998
0.279840	-587.859985
0.279920	-585.239990
0.280000	-583.030029
0.280080	-581.340027
0.280160	-580.489990
0.280240	-580.409973
0.280320	-580.580017
0.280400	-580.659973
0.280480	-579.219971
0.280560	-576.599976
0.280640	-572.960022
0.280720	-569.989990
0.280800	-568.640015
0.280880	-568.469971
0.280960	-569.059998
0.281040	-568.640015
0.281120	-567.109985
0.281200	-564.320007
0.281280	-561.440002
0.281360	-559.400024
0.281440	-558.640015
0.281520	-558.130005
0.281600	-556.950012
0.281680	-555.080017
0.281760	-553.299988
0.281840	-552.460022
0.281920	-552.030029
0.282000	-551.609985
0.282080	-550.590027
0.282160	-548.219971
0.282240	-545.599976
0.282320	-543.729980
0.282400	-542.289978
0.282480	-540.770020
0.282560	-538.400024
0.282640	-536.030029
0.282720	-534.500000
0.282800	-534.330017
0.282880	-533.909973
0.282960	-533.479980
0.283040	-532.809998
0.283120	-532.039978
0.283200	-530.940002
0.283280	-529.419983
0.283360	-527.390015
0.283440	-525.099976
0.283520	-522.900024
0.283600	-520.690002
0.283680	-518.830017
0.283760	-517.299988
0.283840	-515.950012
0.283920	-514.510010
0.284000	-512.989990
0.284080	-511.459991
0.284160	-510.869995
0.284240	-510.950012
0.284320	-510.359985
0.284400	-508.670013
0.284480	-505.950012
0.284560	-502.820007
0.284640	-500.279999
0.284720	-498.250000
0.284800	-496.809998
0.284880	-495.200012
0.284960	-495.029999
0.285040	-495.619995
0.285120	-496.209991
0.285200	-495.619995
0.285280	-493.420013
0.285360	-490.119995
0.285440	-487.489990
0.285520	-486.299988
0.285600	-485.709991
0.285680	-485.290009
0.285760	-483.510010
0.285840	-481.559998
0.285920	-479.700012
0.286000	-477.750000
0.286080	-475.720001
0.286160	-473.679993
0.286240	-471.820007
0.286320	-470.380005
0.286400	-469.359985
0.286480	-468.519989
0.286560	-467.750000
0.286640	-466.570007
0.286720	-463.690002
0.286800	-460.130005
0.286880	-456.910004
0.286960	-454.709991
0.287040	-454.200012
0.287120	-454.200012
0.287200	-454.369995
0.287280	-453.950012
0.287360	-453.179993
0.287440	-452.420013
0.287520	-451.579987
0.287600	-450.559998
0.287680	-448.779999
0.287760	-446.320007
0.287840	-442.940002
0.287920	-439.380005
0.288000	-436.079987
0.288080	-433.619995
0.288160	-431.589996
0.288240	-430.320007
0.288320	-429.720001
0.288400	-429.549988
0.288480	-429.809998
0.288560	-430.149994
0.288640	-429.380005
0.288720	-426.839996
0.288800	-423.709991
0.288880	-420.320007
0.288960	-417.779999
0.289040	-415.149994
0.289120	-413.630005
0.289200	-412.950012
0.289280	-413.040009
0.289360	-412.779999
0.289440	-411.600006
0.289520	-409.220001
0.289600	-406.429993
0.289680	-404.230011
0.289760	-402.790009
0.289840	-402.790009
0.289920	-402.619995
0.290000	-401.940002
0.290080	-400.670013
0.290160	-398.980011
0.290240	-396.769989
0.290320	-393.980011
0.290400	-391.350006
0.290480	-388.980011
0.290560	-387.200012
0.290640	-386.100006
0.290720	-384.739990
0.290800	-382.540009
0.290880	-379.920013
0.290960	-377.549988
0.291040	-375.769989
0.291120	-374.750000
0.291200	-373.140015
0.291280	-370.769989
0.291360	-368.480011
0.291440	-367.040009
0.291520	-366.109985
0.291600	-365.089996
0.291680	-363.570007
0.291760	-361.369995
0.291840	-358.989990
0.291920	-357.470001
0.292000	-356.880005
0.292080	-356.790009
0.292160	-356.200012
0.292240	-354.850006
0.292320	-352.730011
0.292400	-350.359985
0.292480	-348.149994
0.292560	-345.269989
0.292640	-341.970001
0.292720	-339.260010
0.292800	-337.399994
0.292880	-335.700012
0.292960	-334.260010
0.293040	-332.480011
0.293120	-330.450012
0.293200	-328.329987
0.293280	-326.299988
0.293360	-324.269989
0.293440	-321.809998
0.293520	-319.440002
0.293600	-317.489990
0.293680	-316.730011
0.293760	-316.559998
0.293840	-315.970001
0.293920	-314.700012
0.294000	-312.579987
0.294080	-310.630005
0.294160	-309.190002
0.294240	-307.920013
0.294320	-306.390015
0.294400	-304.619995
0.294480	-302.500000
0.294560	-300.720001
0.294640	-299.109985
0.294720	-297.250000
0.294800	-295.380005
0.294880	-294.109985
0.294960	-293.519989
0.295040	-292.670013
0.295120	-290.549988
0.295200	-287.339996
0.295280	-283.690002
0.295360	-280.899994
0.295440	-279.540009
0.295520	-279.040009
0.295600	-278.609985
0.295680	-277.769989
0.295760	-276.920013
0.295840	-276.070007
0.295920	-275.140015
0.296000	-273.779999
0.296080	-271.839996
0.296160	-268.619995
0.296240	-265.399994
0.296320	-262.600006
0.296400	-260.649994
0.296480	-259.470001
0.296560	-258.029999
0.296640	-256.000000
0.296720	-254.050003
0.296800	-252.270004
0.296880	-250.910004
0.296960	-249.220001
0.297040	-246.929993
0.297120	-244.729996
0.297200	-243.039993
0.297280	-241.770004
0.297360	-240.830002
0.297440	-239.729996
0.297520	-237.949997
0.297600	-236.089996
0.297680	-233.800003
0.297760	-231.520004
0.297840	-229.649994
0.297920	-228.720001
0.298000	-228.210007
0.298080	-227.539993
0.298160	-225.839996
0.298240	-223.809998
0.298320	-221.270004
0.298400	-218.559998
0.298480	-215.679993
0.298560	-213.139999
0.298640	-211.190002
0.298720	-209.240005
0.298800	-207.210007
0.298880	-205.429993
0.298960	-203.729996
0.299040	-202.380005
0.299120	-201.789993
0.299200	-201.619995
0.299280	-201.279999
0.299360	-199.669998
0.299440	-196.789993
0.299520	-193.649994
0.299600	-190.940002
0.299680	-189.250000
0.299760	-188.740005
0.299840	-188.149994
0.299920	-187.130005
0.300000	-185.270004
0.300080	-182.899994
0.300160	-180.610001
0.300240	-178.919998
0.300320	-177.979996
0.300400	-176.970001
0.300480	-175.360001
0.300560	-173.070007
0.300640	-170.110001
0.300720	-167.479996
0.300800	-165.619995
0.300880	-164.690002
0.300960	-164.089996
0.301040	-163.330002
0.301120	-162.149994
0.301200	-160.539993
0.301280	-158.669998
0.301360	-156.300003
0.301440	-153.509995
0.301520	-150.630005
0.301600	-148.250000
0.301680	-146.729996
0.301760	-145.800003
0.301840	-145.539993
0.301920	-144.270004
0.302000	-141.649994
0.302080	-138.259995
0.302160	-135.550003
0.302240	-133.600006
0.302320	-132.750000
0.302400	-131.570007
0.302480	-130.300003
0.302560	-128.600006
0.302640	-126.739998
0.302720	-125.550003
0.302800	-125.300003
0.302880	-125.129997
0.302960	-124.279999
0.303040	-122.839996
0.303120	-121.230003
0.303200	-119.959999
0.303280	-119.290001
0.303360	-118.269997
0.303440	-116.830002
0.303520	-115.470001
0.303600	-114.370003
0.303680	-113.610001
0.303760	-113.190002
0.303840	-112.419998
0.303920	-111.239998
0.304000	-109.459999
0.304080	-107.260002
0.304160	-105.480003
0.304240	-104.290001
0.304320	-103.279999
0.304400	-101.330002
0.304480	-98.278999
0.304560	-94.297997
0.304640	-90.232002
0.304720	-86.844002
0.304800	-84.641998
0.304880	-83.286003
0.304960	-81.507004
0.305040	-79.136002
0.305120	-76.086998
0.305200	-73.122002
0.305280	-69.564003
0.305360	-66.346001
0.305440	-63.549999
0.305520	-61.263000
0.305600	-59.400002
0.305680	-57.535999
0.305760	-55.504002
0.305840	-54.741001
0.305920	-54.233002
0.306000	-53.555000
0.306080	-52.453999
0.306160	-51.183998
0.306240	-49.912998
0.306320	-48.557999
0.306400	-46.271000
0.306480	-43.476002
0.306560	-41.104000
0.306640	-39.917999
0.306720	-39.833000
0.306800	-39.155998
0.306880	-37.547001
0.306960	-34.921001
0.307040	-32.717999
0.307120	-31.702000
0.307200	-31.448000
0.307280	-31.533001
0.307360	-30.770000
0.307440	-29.500000
0.307520	-28.907000
0.307600	-27.975000
0.307680	-26.620001
0.307760	-25.518999
0.307840	-24.587000
0.307920	-23.570000
0.308000	-22.299999
0.308080	-20.521000
0.308160	-18.827000
0.308240	-17.472000
0.308320	-16.709000
0.308400	-15.863000
0.308480	-14.507000
0.308560	-12.390000
0.308640	-9.509800
0.308720	-6.460400
0.308800	-3.919300
0.308880	-2.648800
0.308960	-2.310000
0.309040	-1.971200
0.309120	-0.870030
0.309200	1.671100
0.309280	4.889800
0.309360	7.939100
0.309440	9.548500
0.309520	9.972000
0.309600	9.802600
0.309680	9.972000
0.309760	11.243000
0.309840	12.513000
0.309920	13.699000
