-0.020080	0.028566
-0.020000	0.028566
-0.019920	0.028566
-0.019840	0.016481
-0.019760	0.016481
-0.019680	0.028566
-0.019600	0.004395
-0.019520	0.016481
-0.019440	0.028566
-0.019360	-0.007691
-0.019280	0.004395
-0.019200	0.016481
-0.019120	0.004395
-0.019040	0.016481
-0.018960	0.028566
-0.018880	0.004395
-0.018800	0.004395
-0.018720	0.004395
-0.018640	0.016481
-0.018560	-0.007691
-0.018480	0.016481
-0.018400	0.040652
-0.018320	0.004395
-0.018240	0.004395
-0.018160	0.004395
-0.018080	0.004395
-0.018000	0.004395
-0.017920	0.028566
-0.017840	0.016481
-0.017760	0.016481
-0.017680	0.004395
-0.017600	0.016481
-0.017520	-0.007691
-0.017440	0.028566
-0.017360	0.028566
-0.017280	0.040652
-0.017200	0.004395
-0.017120	-0.007691
-0.017040	0.028566
-0.016960	0.028566
-0.016880	0.016481
-0.016800	0.016481
-0.016720	0.016481
-0.016640	0.028566
-0.016560	0.028566
-0.016480	0.016481
-0.016400	0.016481
-0.016320	0.028566
-0.016240	0.040652
-0.016160	0.040652
-0.016080	0.016481
-0.016000	0.016481
-0.015920	0.028566
-0.015840	0.040652
-0.015760	0.040652
-0.015680	0.028566
-0.015600	0.040652
-0.015520	0.028566
-0.015440	0.040652
-0.015360	0.040652
-0.015280	0.052737
-0.015200	0.052737
-0.015120	0.028566
-0.015040	0.052737
-0.014960	0.052737
-0.014880	0.064823
-0.014800	0.064823
-0.014720	0.064823
-0.014640	0.052737
-0.014560	0.040652
-0.014480	0.052737
-0.014400	0.052737
-0.014320	0.028566
-0.014240	0.052737
-0.014160	0.064823
-0.014080	0.052737
-0.014000	0.076909
-0.013920	0.064823
-0.013840	0.064823
-0.013760	0.076909
-0.013680	0.052737
-0.013600	0.052737
-0.013520	0.064823
-0.013440	0.076909
-0.013360	0.064823
-0.013280	0.052737
-0.013200	0.040652
-0.013120	0.040652
-0.013040	0.076909
-0.012960	0.101080
-0.012880	0.076909
-0.012800	0.101080
-0.012720	0.088994
-0.012640	0.076909
-0.012560	0.076909
-0.012480	0.076909
-0.012400	0.088994
-0.012320	0.088994
-0.012240	0.076909
-0.012160	0.076909
-0.012080	0.076909
-0.012000	0.076909
-0.011920	0.088994
-0.011840	0.088994
-0.011760	0.101080
-0.011680	0.113160
-0.011600	0.101080
-0.011520	0.101080
-0.011440	0.101080
-0.011360	0.088994
-0.011280	0.088994
-0.011200	0.101080
-0.011120	0.101080
-0.011040	0.125250
-0.010960	0.113160
-0.010880	0.101080
-0.010800	0.113160
-0.010720	0.113160
-0.010640	0.149420
-0.010560	0.137340
-0.010480	0.125250
-0.010400	0.137340
-0.010320	0.137340
-0.010240	0.125250
-0.010160	0.137340
-0.010080	0.125250
-0.010000	0.149420
-0.009920	0.125250
-0.009840	0.125250
-0.009760	0.125250
-0.009680	0.137340
-0.009600	0.125250
-0.009520	0.113160
-0.009440	0.125250
-0.009360	0.149420
-0.009280	0.149420
-0.009200	0.149420
-0.009120	0.125250
-0.009040	0.149420
-0.008960	0.125250
-0.008880	0.149420
-0.008800	0.137340
-0.008720	0.137340
-0.008640	0.161510
-0.008560	0.161510
-0.008480	0.149420
-0.008400	0.149420
-0.008320	0.149420
-0.008240	0.149420
-0.008160	0.137340
-0.008080	0.149420
-0.008000	0.137340
-0.007920	0.149420
-0.007840	0.149420
-0.007760	0.161510
-0.007680	0.149420
-0.007600	0.161510
-0.007520	0.137340
-0.007440	0.161510
-0.007360	0.173590
-0.007280	0.173590
-0.007200	0.173590
-0.007120	0.173590
-0.007040	0.173590
-0.006960	0.088994
-0.006880	0.137340
-0.006800	0.149420
-0.006720	0.209850
-0.006640	0.197760
-0.006560	0.221940
-0.006480	0.173590
-0.006400	0.173590
-0.006320	0.197760
-0.006240	0.221940
-0.006160	0.185680
-0.006080	0.197760
-0.006000	0.197760
-0.005920	0.209850
-0.005840	0.185680
-0.005760	0.185680
-0.005680	0.197760
-0.005600	0.185680
-0.005520	0.209850
-0.005440	0.209850
-0.005360	0.197760
-0.005280	0.185680
-0.005200	0.209850
-0.005120	0.197760
-0.005040	0.197760
-0.004960	0.209850
-0.004880	0.197760
-0.004800	0.221940
-0.004720	0.209850
-0.004640	0.221940
-0.004560	0.234020
-0.004480	0.197760
-0.004400	0.209850
-0.004320	0.221940
-0.004240	0.234020
-0.004160	0.209850
-0.004080	0.234020
-0.004000	0.234020
-0.003920	0.221940
-0.003840	0.221940
-0.003760	0.209850
-0.003680	0.221940
-0.003600	0.221940
-0.003520	0.221940
-0.003440	0.221940
-0.003360	0.234020
-0.003280	0.234020
-0.003200	0.221940
-0.003120	0.209850
-0.003040	0.246110
-0.002960	0.246110
-0.002880	0.246110
-0.002800	0.234020
-0.002720	0.234020
-0.002640	0.209850
-0.002560	0.221940
-0.002480	0.234020
-0.002400	0.234020
-0.002320	0.246110
-0.002240	0.258190
-0.002160	0.234020
-0.002080	0.246110
-0.002000	0.258190
-0.001920	0.258190
-0.001840	0.246110
-0.001760	0.258190
-0.001680	0.270280
-0.001600	0.270280
-0.001520	0.246110
-0.001440	0.246110
-0.001360	0.258190
-0.001280	0.246110
-0.001200	0.270280
-0.001120	0.282360
-0.001040	0.270280
-0.000960	0.294450
-0.000880	0.270280
-0.000800	0.282360
-0.000720	0.294450
-0.000640	0.306540
-0.000560	0.306540
-0.000480	0.294450
-0.000400	0.318620
-0.000320	0.306540
-0.000240	0.330710
-0.000160	0.330710
-0.000080	0.342790
0.000000	0.330710
0.000080	0.330710
0.000160	0.330710
0.000240	0.318620
0.000320	0.318620
0.000400	0.318620
0.000480	0.330710
0.000560	0.330710
0.000640	0.330710
0.000720	0.330710
0.000800	0.354880
0.000880	0.354880
0.000960	0.366960
0.001040	0.366960
0.001120	0.354880
0.001200	0.342790
0.001280	0.366960
0.001360	0.379050
0.001440	0.379050
0.001520	0.366960
0.001600	0.366960
0.001680	0.379050
0.001760	0.379050
0.001840	0.391130
0.001920	0.391130
0.002000	0.379050
0.002080	0.403220
0.002160	0.403220
0.002240	0.403220
0.002320	0.415300
0.002400	0.427390
0.002480	0.427390
0.002560	0.427390
0.002640	0.415300
0.002720	0.427390
0.002800	0.451560
0.002880	0.463650
0.002960	0.463650
0.003040	0.475730
0.003120	0.511990
0.003200	0.511990
0.003280	0.524080
0.003360	0.536160
0.003440	0.536160
0.003520	0.536160
0.003600	0.536160
0.003680	0.536160
0.003760	0.584500
0.003840	0.560330
0.003920	0.560330
0.004000	0.560330
0.004080	0.596590
0.004160	0.620760
0.004240	0.644930
0.004320	0.632850
0.004400	0.657020
0.004480	0.669100
0.004560	0.681190
0.004640	0.681190
0.004720	0.681190
0.004800	0.693270
0.004880	0.681190
0.004960	0.741620
0.005040	0.753700
0.005120	0.777870
0.005200	0.765790
0.005280	0.777870
0.005360	0.789960
0.005440	0.814130
0.005520	0.826220
0.005600	0.850390
0.005680	0.838300
0.005760	0.850390
0.005840	0.886640
0.005920	0.874560
0.006000	0.922900
0.006080	0.934990
0.006160	0.947070
0.006240	0.959160
0.006320	0.971240
0.006400	0.983330
0.006480	1.007500
0.006560	1.043800
0.006640	1.055800
0.006720	1.043800
0.006800	1.055800
0.006880	1.080000
0.006960	1.080000
0.007040	1.104200
0.007120	1.140400
0.007200	1.128400
0.007280	1.152500
0.007360	1.164600
0.007440	1.188800
0.007520	1.200900
0.007600	1.237100
0.007680	1.212900
0.007760	1.249200
0.007840	1.273400
0.007920	1.297500
0.008000	1.285500
0.008080	1.309600
0.008160	1.309600
0.008240	1.309600
0.008320	1.321700
0.008400	1.358000
0.008480	1.358000
0.008560	1.382200
0.008640	1.382200
0.008720	1.394200
0.008800	1.382200
0.008880	1.418400
0.008960	1.430500
0.009040	1.418400
0.009120	1.430500
0.009200	1.430500
0.009280	1.454700
0.009360	1.454700
0.009440	1.478800
0.009520	1.490900
0.009600	1.478800
0.009680	1.490900
0.009760	1.490900
0.009840	1.515100
0.009920	1.490900
0.010000	1.539300
0.010080	1.587600
0.010160	1.611800
0.010240	1.599700
0.010320	1.599700
0.010400	1.587600
0.010480	1.611800
0.010560	1.623900
0.010640	1.648000
0.010720	1.623900
0.010800	1.623900
0.010880	1.660100
0.010960	1.696400
0.011040	1.696400
0.011120	1.708500
0.011200	1.708500
0.011280	1.720500
0.011360	1.720500
0.011440	1.756800
0.011520	1.781000
0.011600	1.793100
0.011680	1.793100
0.011760	1.805200
0.011840	1.805200
0.011920	1.841400
0.012000	1.865600
0.012080	1.853500
0.012160	1.865600
0.012240	1.865600
0.012320	1.901800
0.012400	1.938100
0.012480	1.938100
0.012560	1.950200
0.012640	1.974300
0.012720	1.974300
0.012800	1.950200
0.012880	1.986400
0.012960	1.986400
0.013040	1.998500
0.013120	2.058900
0.013200	2.071000
0.013280	2.083100
0.013360	2.083100
0.013440	2.095200
0.013520	2.107300
0.013600	2.095200
0.013680	2.119400
0.013760	2.119400
0.013840	2.119400
0.013920	2.119400
0.014000	2.167700
0.014080	2.167700
0.014160	2.167700
0.014240	2.179800
0.014320	2.191900
0.014400	2.191900
0.014480	2.204000
0.014560	2.204000
0.014640	2.228100
0.014720	2.240200
0.014800	2.228100
0.014880	2.240200
0.014960	2.264400
0.015040	2.252300
0.015120	2.288600
0.015200	2.312700
0.015280	2.324800
0.015360	2.349000
0.015440	2.336900
0.015520	2.373200
0.015600	2.373200
0.015680	2.397300
0.015760	2.373200
0.015840	2.361100
0.015920	2.409400
0.016000	2.385300
0.016080	2.385300
0.016160	2.385300
0.016240	2.409400
0.016320	2.421500
0.016400	2.421500
0.016480	2.445700
0.016560	2.457800
0.016640	2.457800
0.016720	2.445700
0.016800	2.457800
0.016880	2.469900
0.016960	2.506100
0.017040	2.494000
0.017120	2.518200
0.017200	2.542400
0.017280	2.554500
0.017360	2.530300
0.017440	2.530300
0.017520	2.506100
0.017600	2.554500
0.017680	2.542400
0.017760	2.578600
0.017840	2.578600
0.017920	2.590700
0.018000	2.614900
0.018080	2.614900
0.018160	2.614900
0.018240	2.614900
0.018320	2.651100
0.018400	2.651100
0.018480	2.651100
0.018560	2.663200
0.018640	2.699500
0.018720	2.711600
0.018800	2.735700
0.018880	2.747800
0.018960	2.735700
0.019040	2.759900
0.019120	2.796200
0.019200	2.820300
0.019280	2.832400
0.019360	2.832400
0.019440	2.832400
0.019520	2.868700
0.019600	2.880800
0.019680	2.904900
0.019760	2.929100
0.019840	2.929100
0.019920	2.953300
0.020000	2.965400
0.020080	2.989500
0.020160	3.001600
0.020240	3.025800
0.020320	3.025800
0.020400	3.050000
0.020480	3.086200
0.020560	3.098300
0.020640	3.122500
0.020720	3.098300
0.020800	3.110400
0.020880	3.122500
0.020960	3.134600
0.021040	3.134600
0.021120	3.158700
0.021200	3.158700
0.021280	3.182900
0.021360	3.219200
0.021440	3.231300
0.021520	3.243300
0.021600	3.291700
0.021680	3.291700
0.021760	3.303800
0.021840	3.327900
0.021920	3.412500
0.022000	3.521300
0.022080	3.666300
0.022160	3.787200
0.022240	3.883900
0.022320	3.932200
0.022400	3.920100
0.022480	3.908000
0.022560	3.883900
0.022640	3.908000
0.022720	3.896000
0.022800	3.896000
0.022880	3.908000
0.022960	3.920100
0.023040	3.968500
0.023120	4.016800
0.023200	4.065200
0.023280	4.065200
0.023360	4.089300
0.023440	4.101400
0.023520	4.089300
0.023600	4.089300
0.023680	4.137700
0.023760	4.173900
0.023840	4.198100
0.023920	4.222300
0.024000	4.246400
0.024080	4.294800
0.024160	4.306900
0.024240	4.343100
0.024320	4.391500
0.024400	4.439800
0.024480	4.451900
0.024560	4.512300
0.024640	4.584800
0.024720	4.621100
0.024800	4.742000
0.024880	4.790300
0.024960	4.862800
0.025040	4.923200
0.025120	5.019900
0.025200	5.080300
0.025280	5.164900
0.025360	5.237500
0.025440	5.346200
0.025520	5.467100
0.025600	5.527500
0.025680	5.624200
0.025760	5.720900
0.025840	5.781300
0.025920	5.878000
0.026000	5.950500
0.026080	6.010900
0.026160	6.107600
0.026240	6.192200
0.026320	6.325200
0.026400	6.433900
0.026480	6.482300
0.026560	6.458100
0.026640	6.554800
0.026720	6.627300
0.026800	6.711900
0.026880	6.784400
0.026960	6.820700
0.027040	6.881100
0.027120	6.929400
0.027200	6.989900
0.027280	7.038200
0.027360	7.062400
0.027440	7.122800
0.027520	7.159100
0.027600	7.183200
0.027680	7.219500
0.027760	7.243700
0.027840	7.279900
0.027920	7.292000
0.028000	7.316200
0.028080	7.340400
0.028160	7.376600
0.028240	7.425000
0.028320	7.412900
0.028400	7.412900
0.028480	7.449100
0.028560	7.461200
0.028640	7.485400
0.028720	7.509600
0.028800	7.509600
0.028880	7.521600
0.028960	7.521600
0.029040	7.545800
0.029120	7.582100
0.029200	7.570000
0.029280	7.582100
0.029360	7.606200
0.029440	7.594200
0.029520	7.594200
0.029600	7.606200
0.029680	7.618300
0.029760	7.666700
0.029840	7.702900
0.029920	7.702900
0.030000	7.715000
0.030080	7.702900
0.030160	7.702900
0.030240	7.715000
0.030320	7.739200
0.030400	7.763400
0.030480	7.751300
0.030560	7.763400
0.030640	7.751300
0.030720	7.787500
0.030800	7.799600
0.030880	7.823800
0.030960	7.860000
0.031040	7.860000
0.031120	7.872100
0.031200	7.896300
0.031280	7.908400
0.031360	7.944600
0.031440	7.968800
0.031520	7.993000
0.031600	8.005100
0.031680	8.053400
0.031760	8.065500
0.031840	8.053400
0.031920	8.101800
0.032000	8.125900
0.032080	8.162200
0.032160	8.162200
0.032240	8.198400
0.032320	8.246800
0.032400	8.295100
0.032480	8.343500
0.032560	8.367600
0.032640	8.391800
0.032720	8.403900
0.032800	8.440100
0.032880	8.476400
0.032960	8.512700
0.033040	8.561000
0.033120	8.585200
0.033200	8.633500
0.033280	8.669800
0.033360	8.693900
0.033440	8.730200
0.033520	8.754400
0.033600	8.790600
0.033680	8.839000
0.033760	8.863100
0.033840	8.935600
0.033920	8.971900
0.034000	9.008200
0.034080	9.032300
0.034160	9.056500
0.034240	9.068600
0.034320	9.068600
0.034400	9.116900
0.034480	9.141100
0.034560	9.165300
0.034640	9.165300
0.034720	9.189500
0.034800	9.177400
0.034880	9.201500
0.034960	9.213600
0.035040	9.225700
0.035120	9.262000
0.035200	9.298200
0.035280	9.298200
0.035360	9.310300
0.035440	9.334500
0.035520	9.346600
0.035600	9.346600
0.035680	9.358700
0.035760	9.382800
0.035840	9.370700
0.035920	9.358700
0.036000	9.358700
0.036080	9.358700
0.036160	9.382800
0.036240	9.370700
0.036320	9.394900
0.036400	9.394900
0.036480	9.382800
0.036560	9.370700
0.036640	9.382800
0.036720	9.370700
0.036800	9.358700
0.036880	9.358700
0.036960	9.322400
0.037040	9.322400
0.037120	9.310300
0.037200	9.310300
0.037280	9.310300
0.037360	9.322400
0.037440	9.310300
0.037520	9.262000
0.037600	9.237800
0.037680	9.237800
0.037760	9.237800
0.037840	9.237800
0.037920	9.213600
0.038000	9.213600
0.038080	9.225700
0.038160	9.201500
0.038240	9.177400
0.038320	9.177400
0.038400	9.165300
0.038480	9.153200
0.038560	9.165300
0.038640	9.141100
0.038720	9.129000
0.038800	9.116900
0.038880	9.116900
0.038960	9.104800
0.039040	9.092800
0.039120	9.116900
0.039200	9.092800
0.039280	9.104800
0.039360	9.116900
0.039440	9.116900
0.039520	9.104800
0.039600	9.104800
0.039680	9.104800
0.039760	9.092800
0.039840	9.080700
0.039920	9.068600
0.040000	9.056500
0.040080	9.080700
0.040160	9.068600
0.040240	9.092800
0.040320	9.068600
0.040400	9.080700
0.040480	9.044400
0.040560	9.032300
0.040640	9.044400
0.040720	9.044400
0.040800	9.020300
0.040880	9.020300
0.040960	9.008200
0.041040	9.020300
0.041120	9.020300
0.041200	8.996100
0.041280	8.971900
0.041360	8.971900
0.041440	8.923600
0.041520	8.971900
0.041600	8.959800
0.041680	8.996100
0.041760	9.008200
0.041840	8.971900
0.041920	8.935600
0.042000	8.899400
0.042080	8.887300
0.042160	8.887300
0.042240	8.899400
0.042320	8.899400
0.042400	8.887300
0.042480	8.875200
0.042560	8.851100
0.042640	8.826900
0.042720	8.826900
0.042800	8.814800
0.042880	8.814800
0.042960	8.802700
0.043040	8.778500
0.043120	8.754400
0.043200	8.693900
0.043280	8.693900
0.043360	8.718100
0.043440	8.778500
0.043520	8.718100
0.043600	8.669800
0.043680	8.657700
0.043760	8.621400
0.043840	8.597300
0.043920	8.609300
0.044000	8.669800
0.044080	8.693900
0.044160	8.681900
0.044240	8.621400
0.044320	8.585200
0.044400	8.609300
0.044480	8.645600
0.044560	8.706000
0.044640	8.730200
0.044720	8.718100
0.044800	8.693900
0.044880	8.621400
0.044960	8.573100
0.045040	8.561000
0.045120	8.573100
0.045200	8.597300
0.045280	8.633500
0.045360	8.585200
0.045440	8.597300
0.045520	8.609300
0.045600	8.597300
0.045680	8.609300
0.045760	8.597300
0.045840	8.585200
0.045920	8.548900
0.046000	8.536800
0.046080	8.536800
0.046160	8.512700
0.046240	8.500600
0.046320	8.476400
0.046400	8.464300
0.046480	8.464300
0.046560	8.428100
0.046640	8.416000
0.046720	8.379700
0.046800	8.343500
0.046880	8.295100
0.046960	8.295100
0.047040	8.270900
0.047120	8.283000
0.047200	8.270900
0.047280	8.258900
0.047360	8.258900
0.047440	8.234700
0.047520	8.222600
0.047600	8.222600
0.047680	8.210500
0.047760	8.198400
0.047840	8.186300
0.047920	8.162200
0.048000	8.150100
0.048080	8.101800
0.048160	8.089700
0.048240	8.053400
0.048320	8.005100
0.048400	7.980900
0.048480	7.968800
0.048560	7.920500
0.048640	7.896300
0.048720	7.884200
0.048800	7.823800
0.048880	7.811700
0.048960	7.799600
0.049040	7.811700
0.049120	7.787500
0.049200	7.787500
0.049280	7.763400
0.049360	7.751300
0.049440	7.727100
0.049520	7.702900
0.049600	7.702900
0.049680	7.654600
0.049760	7.618300
0.049840	7.582100
0.049920	7.557900
0.050000	7.497500
0.050080	7.461200
0.050160	7.425000
0.050240	7.376600
0.050320	7.316200
0.050400	7.255800
0.050480	7.219500
0.050560	7.147000
0.050640	7.086600
0.050720	7.050300
0.050800	7.038200
0.050880	7.038200
0.050960	7.002000
0.051040	6.929400
0.051120	6.917400
0.051200	6.869000
0.051280	6.869000
0.051360	6.869000
0.051440	6.905300
0.051520	6.917400
0.051600	6.917400
0.051680	6.917400
0.051760	6.905300
0.051840	6.929400
0.051920	6.917400
0.052000	6.917400
0.052080	6.917400
0.052160	6.893200
0.052240	6.905300
0.052320	6.893200
0.052400	6.905300
0.052480	6.905300
0.052560	6.917400
0.052640	6.929400
0.052720	6.929400
0.052800	6.965700
0.052880	6.953600
0.052960	6.977800
0.053040	7.014000
0.053120	7.038200
0.053200	7.026100
0.053280	7.014000
0.053360	7.062400
0.053440	7.110700
0.053520	7.147000
0.053600	7.219500
0.053680	7.255800
0.053760	7.316200
0.053840	7.364500
0.053920	7.400800
0.054000	7.425000
0.054080	7.437000
0.054160	7.485400
0.054240	7.497500
0.054320	7.485400
0.054400	7.509600
0.054480	7.533700
0.054560	7.582100
0.054640	7.642500
0.054720	7.654600
0.054800	7.690800
0.054880	7.690800
0.054960	7.727100
0.055040	7.739200
0.055120	7.751300
0.055200	7.787500
0.055280	7.799600
0.055360	7.835900
0.055440	7.860000
0.055520	7.908400
0.055600	7.944600
0.055680	7.968800
0.055760	8.005100
0.055840	8.029200
0.055920	8.029200
0.056000	8.005100
0.056080	7.968800
0.056160	7.920500
0.056240	7.872100
0.056320	7.799600
0.056400	7.727100
0.056480	7.690800
0.056560	7.666700
0.056640	7.678800
0.056720	7.702900
0.056800	7.702900
0.056880	7.702900
0.056960	7.618300
0.057040	7.521600
0.057120	7.425000
0.057200	7.328300
0.057280	7.243700
0.057360	7.159100
0.057440	7.074500
0.057520	6.989900
0.057600	6.893200
0.057680	6.772300
0.057760	6.627300
0.057840	6.506500
0.057920	6.421900
0.058000	6.361400
0.058080	6.301000
0.058160	6.228500
0.058240	6.180100
0.058320	6.083400
0.058400	5.998800
0.058480	5.902200
0.058560	5.805500
0.058640	5.745000
0.058720	5.612100
0.058800	5.491300
0.058880	5.382500
0.058960	5.273700
0.059040	5.177000
0.059120	5.019900
0.059200	4.887000
0.059280	4.754000
0.059360	4.633200
0.059440	4.548600
0.059520	4.536500
0.059600	4.572800
0.059680	4.645300
0.059760	4.705700
0.059840	4.729900
0.059920	4.742000
0.060000	4.705700
0.060080	4.669400
0.060160	4.633200
0.060240	4.584800
0.060320	4.548600
0.060400	4.488200
0.060480	4.427700
0.060560	4.391500
0.060640	4.343100
0.060720	4.294800
0.060800	4.258500
0.060880	4.222300
0.060960	4.149800
0.061040	4.149800
0.061120	4.222300
0.061200	4.294800
0.061280	4.270600
0.061360	4.246400
0.061440	4.222300
0.061520	4.222300
0.061600	4.210200
0.061680	4.198100
0.061760	4.186000
0.061840	4.149800
0.061920	4.149800
0.062000	4.113500
0.062080	4.101400
0.062160	4.113500
0.062240	4.125600
0.062320	4.137700
0.062400	4.149800
0.062480	4.173900
0.062560	4.186000
0.062640	4.210200
0.062720	4.282700
0.062800	4.294800
0.062880	4.355200
0.062960	4.403600
0.063040	4.427700
0.063120	4.476100
0.063200	4.464000
0.063280	4.524400
0.063360	4.584800
0.063440	4.609000
0.063520	4.633200
0.063600	4.705700
0.063680	4.766100
0.063760	4.790300
0.063840	4.838600
0.063920	4.874900
0.064000	4.874900
0.064080	4.923200
0.064160	4.971600
0.064240	4.959500
0.064320	4.947400
0.064400	4.995700
0.064480	5.019900
0.064560	5.032000
0.064640	5.044100
0.064720	5.044100
0.064800	5.007800
0.064880	4.995700
0.064960	4.995700
0.065040	4.971600
0.065120	4.947400
0.065200	4.947400
0.065280	4.923200
0.065360	4.899100
0.065440	4.887000
0.065520	4.874900
0.065600	4.850700
0.065680	4.826600
0.065760	4.850700
0.065840	4.838600
0.065920	4.874900
0.066000	4.911100
0.066080	4.959500
0.066160	4.971600
0.066240	4.971600
0.066320	4.995700
0.066400	4.995700
0.066480	5.019900
0.066560	5.019900
0.066640	5.056200
0.066720	5.116600
0.066800	5.249500
0.066880	5.297900
0.066960	5.261600
0.067040	5.092400
0.067120	4.959500
0.067200	4.874900
0.067280	4.923200
0.067360	5.068300
0.067440	5.297900
0.067520	5.515400
0.067600	5.684600
0.067680	5.817600
0.067760	5.950500
0.067840	6.023000
0.067920	6.035100
0.068000	6.023000
0.068080	5.962600
0.068160	5.938400
0.068240	5.926300
0.068320	5.986800
0.068400	6.047200
0.068480	6.107600
0.068560	6.180100
0.068640	6.252600
0.068720	6.337300
0.068800	6.385600
0.068880	6.409800
0.068960	6.470200
0.069040	6.518500
0.069120	6.579000
0.069200	6.603100
0.069280	6.639400
0.069360	6.687700
0.069440	6.724000
0.069520	6.796500
0.069600	6.844800
0.069680	6.905300
0.069760	6.977800
0.069840	7.002000
0.069920	7.050300
0.070000	7.110700
0.070080	7.159100
0.070160	7.231600
0.070240	7.328300
0.070320	7.376600
0.070400	7.437000
0.070480	7.509600
0.070560	7.570000
0.070640	7.642500
0.070720	7.702900
0.070800	7.763400
0.070880	7.835900
0.070960	7.920500
0.071040	8.005100
0.071120	8.065500
0.071200	8.162200
0.071280	8.174300
0.071360	8.222600
0.071440	8.270900
0.071520	8.331400
0.071600	8.391800
0.071680	8.476400
0.071760	8.548900
0.071840	8.597300
0.071920	8.681900
0.072000	8.742300
0.072080	8.790600
0.072160	8.851100
0.072240	8.875200
0.072320	8.935600
0.072400	8.971900
0.072480	9.008200
0.072560	9.056500
0.072640	9.080700
0.072720	9.116900
0.072800	9.129000
0.072880	9.165300
0.072960	9.249900
0.073040	9.286100
0.073120	9.358700
0.073200	9.419100
0.073280	9.455300
0.073360	9.527900
0.073440	9.552000
0.073520	9.588300
0.073600	9.648700
0.073680	9.697100
0.073760	9.733300
0.073840	9.757500
0.073920	9.817900
0.074000	9.842100
0.074080	9.866200
0.074160	9.914600
0.074240	9.914600
0.074320	9.962900
0.074400	9.962900
0.074480	9.938800
0.074560	9.890400
0.074640	9.842100
0.074720	9.745400
0.074800	9.600400
0.074880	9.455300
0.074960	9.322400
0.075040	9.165300
0.075120	9.044400
0.075200	8.971900
0.075280	8.899400
0.075360	8.875200
0.075440	8.899400
0.075520	8.947700
0.075600	9.032300
0.075680	9.165300
0.075760	9.249900
0.075840	9.358700
0.075920	9.419100
0.076000	9.431200
0.076080	9.479500
0.076160	9.503700
0.076240	9.515800
0.076320	9.527900
0.076400	9.576200
0.076480	9.539900
0.076560	9.624500
0.076640	9.697100
0.076720	9.830000
0.076800	9.890400
0.076880	10.011000
0.076960	10.156000
0.077040	10.325000
0.077120	10.470000
0.077200	10.604000
0.077280	10.736000
0.077360	10.881000
0.077440	10.990000
0.077520	11.111000
0.077600	11.208000
0.077680	11.329000
0.077760	11.425000
0.077840	11.498000
0.077920	11.570000
0.078000	11.594000
0.078080	11.582000
0.078160	11.582000
0.078240	11.558000
0.078320	11.534000
0.078400	11.462000
0.078480	11.425000
0.078560	11.329000
0.078640	11.232000
0.078720	11.123000
0.078800	11.026000
0.078880	10.930000
0.078960	10.845000
0.079040	10.797000
0.079120	10.821000
0.079200	10.906000
0.079280	10.966000
0.079360	11.014000
0.079440	11.063000
0.079520	11.087000
0.079600	11.135000
0.079680	11.147000
0.079760	11.172000
0.079840	11.159000
0.079920	11.159000
0.080000	11.159000
0.080080	11.159000
0.080160	11.135000
0.080240	11.111000
0.080320	11.087000
0.080400	11.099000
0.080480	11.099000
0.080560	11.087000
0.080640	11.038000
0.080720	11.002000
0.080800	10.906000
0.080880	10.869000
0.080960	10.761000
0.081040	10.700000
0.081120	10.616000
0.081200	10.483000
0.081280	10.362000
0.081360	10.253000
0.081440	10.108000
0.081520	9.975000
0.081600	9.854200
0.081680	9.733300
0.081760	9.588300
0.081840	9.455300
0.081920	9.298200
0.082000	9.092800
0.082080	8.923600
0.082160	8.766400
0.082240	8.609300
0.082320	8.452200
0.082400	8.307200
0.082480	8.186300
0.082560	8.065500
0.082640	7.968800
0.082720	7.908400
0.082800	7.835900
0.082880	7.775400
0.082960	7.727100
0.083040	7.642500
0.083120	7.582100
0.083200	7.485400
0.083280	7.412900
0.083360	7.328300
0.083440	7.219500
0.083520	7.086600
0.083600	6.977800
0.083680	6.844800
0.083760	6.748200
0.083840	6.651500
0.083920	6.530600
0.084000	6.458100
0.084080	6.409800
0.084160	6.337300
0.084240	6.325200
0.084320	6.349300
0.084400	6.361400
0.084480	6.385600
0.084560	6.385600
0.084640	6.458100
0.084720	6.470200
0.084800	6.458100
0.084880	6.458100
0.084960	6.446000
0.085040	6.409800
0.085120	6.397700
0.085200	6.337300
0.085280	6.301000
0.085360	6.204300
0.085440	6.131800
0.085520	6.071400
0.085600	6.010900
0.085680	5.938400
0.085760	5.853800
0.085840	5.781300
0.085920	5.757100
0.086000	5.745000
0.086080	5.745000
0.086160	5.733000
0.086240	5.720900
0.086320	5.745000
0.086400	5.733000
0.086480	5.757100
0.086560	5.757100
0.086640	5.733000
0.086720	5.720900
0.086800	5.672500
0.086880	5.612100
0.086960	5.539600
0.087040	5.467100
0.087120	5.418700
0.087200	5.358300
0.087280	5.310000
0.087360	5.249500
0.087440	5.225400
0.087520	5.177000
0.087600	5.140800
0.087680	5.140800
0.087760	5.104500
0.087840	5.044100
0.087920	5.007800
0.088000	4.959500
0.088080	4.923200
0.088160	4.899100
0.088240	4.850700
0.088320	4.766100
0.088400	4.705700
0.088480	4.645300
0.088560	4.596900
0.088640	4.536500
0.088720	4.488200
0.088800	4.439800
0.088880	4.391500
0.088960	4.306900
0.089040	4.210200
0.089120	4.113500
0.089200	3.992600
0.089280	3.908000
0.089360	3.799300
0.089440	3.702600
0.089520	3.605900
0.089600	3.473000
0.089680	3.376300
0.089760	3.267500
0.089840	3.158700
0.089920	3.050000
0.090000	2.941200
0.090080	2.844500
0.090160	2.711600
0.090240	2.639100
0.090320	2.506100
0.090400	2.385300
0.090480	2.276500
0.090560	2.155600
0.090640	2.046900
0.090720	1.938100
0.090800	1.841400
0.090880	1.732600
0.090960	1.623900
0.091040	1.551300
0.091120	1.466800
0.091200	1.370100
0.091280	1.297500
0.091360	1.225000
0.091440	1.140400
0.091520	1.092100
0.091600	1.007500
0.091680	0.934990
0.091760	0.862470
0.091840	0.814130
0.091920	0.729530
0.092000	0.705360
0.092080	0.669100
0.092160	0.608680
0.092240	0.596590
0.092320	0.536160
0.092400	0.499900
0.092480	0.475730
0.092560	0.439480
0.092640	0.427390
0.092720	0.415300
0.092800	0.403220
0.092880	0.379050
0.092960	0.366960
0.093040	0.330710
0.093120	0.318620
0.093200	0.234020
0.093280	0.258190
0.093360	0.234020
0.093440	0.209850
0.093520	0.149420
0.093600	0.125250
0.093680	0.113160
0.093760	0.088994
0.093840	0.076909
0.093920	0.028566
0.094000	-0.031862
0.094080	-0.080204
0.094160	-0.104370
0.094240	-0.116460
0.094320	-0.080204
0.094400	-0.080204
0.094480	-0.116460
0.094560	-0.164800
0.094640	-0.164800
0.094720	-0.152720
0.094800	-0.152720
0.094880	-0.164800
0.094960	-0.201060
0.095040	-0.213150
0.095120	-0.225230
0.095200	-0.213150
0.095280	-0.225230
0.095360	-0.249400
0.095440	-0.249400
0.095520	-0.249400
0.095600	-0.261490
0.095680	-0.285660
0.095760	-0.297740
0.095840	-0.309830
0.095920	-0.321920
0.096000	-0.358170
0.096080	-0.358170
0.096160	-0.394430
0.096240	-0.382340
0.096320	-0.406520
0.096400	-0.418600
0.096480	-0.406520
0.096560	-0.406520
0.096640	-0.430690
0.096720	-0.442770
0.096800	-0.442770
0.096880	-0.454860
0.096960	-0.442770
0.097040	-0.442770
0.097120	-0.430690
0.097200	-0.442770
0.097280	-0.430690
0.097360	-0.430690
0.097440	-0.430690
0.097520	-0.430690
0.097600	-0.442770
0.097680	-0.418600
0.097760	-0.394430
0.097840	-0.394430
0.097920	-0.394430
0.098000	-0.382340
0.098080	-0.406520
0.098160	-0.358170
0.098240	-0.370260
0.098320	-0.334000
0.098400	-0.297740
0.098480	-0.297740
0.098560	-0.285660
0.098640	-0.285660
0.098720	-0.261490
0.098800	-0.249400
0.098880	-0.249400
0.098960	-0.213150
0.099040	-0.213150
0.099120	-0.164800
0.099200	-0.164800
0.099280	-0.152720
0.099360	-0.140630
0.099440	-0.140630
0.099520	-0.092290
0.099600	-0.092290
0.099680	-0.068119
0.099760	-0.068119
0.099840	-0.043947
0.099920	-0.007691
0.100000	0.040652
0.100080	0.076909
0.100160	0.088994
0.100240	0.101080
0.100320	0.113160
0.100400	0.113160
0.100480	0.137340
0.100560	0.137340
0.100640	0.161510
0.100720	0.161510
0.100800	0.185680
0.100880	0.221940
0.100960	0.246110
0.101040	0.258190
0.101120	0.270280
0.101200	0.306540
0.101280	0.318620
0.101360	0.366960
0.101440	0.391130
0.101520	0.415300
0.101600	0.439480
0.101680	0.451560
0.101760	0.451560
0.101840	0.487820
0.101920	0.524080
0.102000	0.548250
0.102080	0.572420
0.102160	0.620760
0.102240	0.632850
0.102320	0.657020
0.102400	0.681190
0.102480	0.705360
0.102560	0.717450
0.102640	0.693270
0.102720	0.693270
0.102800	0.693270
0.102880	0.717450
0.102960	0.717450
0.103040	0.717450
0.103120	0.705360
0.103200	0.717450
0.103280	0.729530
0.103360	0.765790
0.103440	0.765790
0.103520	0.741620
0.103600	0.741620
0.103680	0.741620
0.103760	0.729530
0.103840	0.741620
0.103920	0.741620
0.104000	0.765790
0.104080	0.777870
0.104160	0.753700
0.104240	0.753700
0.104320	0.741620
0.104400	0.777870
0.104480	0.789960
0.104560	0.765790
0.104640	0.741620
0.104720	0.741620
0.104800	0.765790
0.104880	0.741620
0.104960	0.741620
0.105040	0.741620
0.105120	0.741620
0.105200	0.717450
0.105280	0.681190
0.105360	0.632850
0.105440	0.608680
0.105520	0.608680
0.105600	0.548250
0.105680	0.536160
0.105760	0.511990
0.105840	0.499900
0.105920	0.475730
0.106000	0.463650
0.106080	0.439480
0.106160	0.415300
0.106240	0.391130
0.106320	0.342790
0.106400	0.318620
0.106480	0.270280
0.106560	0.234020
0.106640	0.221940
0.106720	0.173590
0.106800	0.137340
0.106880	0.101080
0.106960	0.064823
0.107040	0.028566
0.107120	0.004395
0.107200	-0.031862
0.107280	-0.068119
0.107360	-0.116460
0.107440	-0.128550
0.107520	-0.152720
0.107600	-0.188980
0.107680	-0.213150
0.107760	-0.285660
0.107840	-0.309830
0.107920	-0.358170
0.108000	-0.418600
0.108080	-0.442770
0.108160	-0.491120
0.108240	-0.551540
0.108320	-0.551540
0.108400	-0.587800
0.108480	-0.599880
0.108560	-0.611970
0.108640	-0.624060
0.108720	-0.660310
0.108800	-0.672400
0.108880	-0.708650
0.108960	-0.684480
0.109040	-0.672400
0.109120	-0.684480
0.109200	-0.660310
0.109280	-0.648230
0.109360	-0.684480
0.109440	-0.672400
0.109520	-0.696570
0.109600	-0.684480
0.109680	-0.696570
0.109760	-0.720740
0.109840	-0.805340
0.109920	-0.817430
0.110000	-0.889940
0.110080	-0.902020
0.110160	-0.962450
0.110240	-1.047000
0.110320	-1.131600
0.110400	-1.192100
0.110480	-1.276700
0.110560	-1.337100
0.110640	-1.433800
0.110720	-1.518400
0.110800	-1.639300
0.110880	-1.748000
0.110960	-1.929300
0.111040	-2.122700
0.111120	-2.291900
0.111200	-2.521500
0.111280	-2.787400
0.111360	-3.065400
0.111440	-3.440000
0.111520	-3.826700
0.111600	-4.261800
0.111680	-4.612300
0.111760	-4.926500
0.111840	-5.204500
0.111920	-5.446200
0.112000	-5.651700
0.112080	-5.857100
0.112160	-6.050500
0.112240	-6.219700
0.112320	-6.364700
0.112400	-6.497700
0.112480	-6.642700
0.112560	-6.739400
0.112640	-6.860200
0.112720	-6.956900
0.112800	-7.065700
0.112880	-7.174400
0.112960	-7.307400
0.113040	-7.379900
0.113120	-7.440300
0.113200	-7.500800
0.113280	-7.549100
0.113360	-7.621600
0.113440	-7.670000
0.113520	-7.682100
0.113600	-7.645800
0.113680	-7.657900
0.113760	-7.633700
0.113840	-7.609500
0.113920	-7.573300
0.114000	-7.500800
0.114080	-7.464500
0.114160	-7.355700
0.114240	-7.271100
0.114320	-7.138200
0.114400	-7.065700
0.114480	-6.993200
0.114560	-6.932700
0.114640	-6.860200
0.114720	-6.836100
0.114800	-6.775600
0.114880	-6.715200
0.114960	-6.666900
0.115040	-6.606400
0.115120	-6.558100
0.115200	-6.497700
0.115280	-6.497700
0.115360	-6.425100
0.115440	-6.401000
0.115520	-6.316400
0.115600	-6.243900
0.115680	-6.183400
0.115760	-6.135100
0.115840	-6.098800
0.115920	-6.026300
0.116000	-6.002200
0.116080	-5.941700
0.116160	-5.869200
0.116240	-5.833000
0.116320	-5.784600
0.116400	-5.760400
0.116480	-5.748400
0.116560	-5.712100
0.116640	-5.700000
0.116720	-5.687900
0.116800	-5.663800
0.116880	-5.651700
0.116960	-5.651700
0.117040	-5.675800
0.117120	-5.663800
0.117200	-5.675800
0.117280	-5.651700
0.117360	-5.639600
0.117440	-5.651700
0.117520	-5.627500
0.117600	-5.627500
0.117680	-5.627500
0.117760	-5.615400
0.117840	-5.627500
0.117920	-5.615400
0.118000	-5.603300
0.118080	-5.591200
0.118160	-5.627500
0.118240	-5.615400
0.118320	-5.627500
0.118400	-5.603300
0.118480	-5.603300
0.118560	-5.579200
0.118640	-5.567100
0.118720	-5.603300
0.118800	-5.579200
0.118880	-5.567100
0.118960	-5.567100
0.119040	-5.542900
0.119120	-5.518700
0.119200	-5.506600
0.119280	-5.470400
0.119360	-5.470400
0.119440	-5.446200
0.119520	-5.446200
0.119600	-5.409900
0.119680	-5.373700
0.119760	-5.361600
0.119840	-5.349500
0.119920	-5.301200
0.120000	-5.277000
0.120080	-5.240800
0.120160	-5.228700
0.120240	-5.216600
0.120320	-5.204500
0.120400	-5.180300
0.120480	-5.168200
0.120560	-5.144100
0.120640	-5.132000
0.120720	-5.119900
0.120800	-5.083600
0.120880	-5.047400
0.120960	-4.999000
0.121040	-4.962800
0.121120	-4.950700
0.121200	-4.914400
0.121280	-4.878200
0.121360	-4.854000
0.121440	-4.817800
0.121520	-4.793600
0.121600	-4.745300
0.121680	-4.721100
0.121760	-4.684800
0.121840	-4.672700
0.121920	-4.660600
0.122000	-4.648600
0.122080	-4.624400
0.122160	-4.551900
0.122240	-4.527700
0.122320	-4.467300
0.122400	-4.394800
0.122480	-4.382700
0.122560	-4.322200
0.122640	-4.273900
0.122720	-4.249700
0.122800	-4.201400
0.122880	-4.201400
0.122960	-4.165100
0.123040	-4.141000
0.123120	-4.104700
0.123200	-4.092600
0.123280	-4.020100
0.123360	-3.947600
0.123440	-3.899300
0.123520	-3.850900
0.123600	-3.766300
0.123680	-3.730100
0.123760	-3.669600
0.123840	-3.572900
0.123920	-3.500400
0.124000	-3.440000
0.124080	-3.391700
0.124160	-3.367500
0.124240	-3.319100
0.124320	-3.210400
0.124400	-3.125800
0.124480	-3.004900
0.124560	-2.884100
0.124640	-2.799500
0.124720	-2.726900
0.124800	-2.666500
0.124880	-2.594000
0.124960	-2.521500
0.125040	-2.485200
0.125120	-2.400600
0.125200	-2.352300
0.125280	-2.316000
0.125360	-2.243500
0.125440	-2.183100
0.125520	-2.146800
0.125600	-2.062200
0.125680	-2.026000
0.125760	-1.929300
0.125840	-1.868900
0.125920	-1.796400
0.126000	-1.723900
0.126080	-1.675500
0.126160	-1.603000
0.126240	-1.554600
0.126320	-1.470000
0.126400	-1.409600
0.126480	-1.349200
0.126560	-1.300900
0.126640	-1.252500
0.126720	-1.180000
0.126800	-1.131600
0.126880	-1.095400
0.126960	-1.071200
0.127040	-1.059100
0.127120	-1.047000
0.127200	-1.022900
0.127280	-0.962450
0.127360	-0.986620
0.127440	-1.010800
0.127520	-1.083300
0.127600	-1.204200
0.127680	-1.312900
0.127760	-1.421700
0.127840	-1.494200
0.127920	-1.578800
0.128000	-1.663400
0.128080	-1.760100
0.128160	-1.868900
0.128240	-1.929300
0.128320	-2.026000
0.128400	-2.074300
0.128480	-2.158900
0.128560	-2.243500
0.128640	-2.291900
0.128720	-2.352300
0.128800	-2.364400
0.128880	-2.412700
0.128960	-2.412700
0.129040	-2.388600
0.129120	-2.304000
0.129200	-2.255600
0.129280	-2.207300
0.129360	-2.171000
0.129440	-2.098500
0.129520	-2.134800
0.129600	-2.098500
0.129680	-2.038100
0.129760	-2.038100
0.129840	-2.062200
0.129920	-2.062200
0.130000	-2.026000
0.130080	-2.026000
0.130160	-1.977600
0.130240	-1.929300
0.130320	-1.856800
0.130400	-1.760100
0.130480	-1.675500
0.130560	-1.578800
0.130640	-1.482100
0.130720	-1.373400
0.130800	-1.264600
0.130880	-1.167900
0.130960	-1.071200
0.131040	-1.010800
0.131120	-0.962450
0.131200	-0.817430
0.131280	-0.732830
0.131360	-0.611970
0.131440	-0.503200
0.131520	-0.418600
0.131600	-0.346090
0.131680	-0.285660
0.131760	-0.201060
0.131840	-0.092290
0.131920	0.004395
0.132000	0.088994
0.132080	0.161510
0.132160	0.270280
0.132240	0.354880
0.132320	0.439480
0.132400	0.524080
0.132480	0.572420
0.132560	0.608680
0.132640	0.644930
0.132720	0.729530
0.132800	0.802040
0.132880	0.874560
0.132960	0.922900
0.133040	0.971240
0.133120	1.031700
0.133200	1.092100
0.133280	1.152500
0.133360	1.225000
0.133440	1.321700
0.133520	1.358000
0.133600	1.442600
0.133680	1.515100
0.133760	1.575500
0.133840	1.648000
0.133920	1.720500
0.134000	1.768900
0.134080	1.817200
0.134160	1.865600
0.134240	1.913900
0.134320	1.962300
0.134400	1.986400
0.134480	1.998500
0.134560	2.022700
0.134640	2.058900
0.134720	2.095200
0.134800	2.143500
0.134880	2.167700
0.134960	2.204000
0.135040	2.228100
0.135120	2.252300
0.135200	2.252300
0.135280	2.264400
0.135360	2.300700
0.135440	2.324800
0.135520	2.336900
0.135600	2.349000
0.135680	2.397300
0.135760	2.409400
0.135840	2.421500
0.135920	2.433600
0.136000	2.445700
0.136080	2.445700
0.136160	2.469900
0.136240	2.494000
0.136320	2.481900
0.136400	2.494000
0.136480	2.506100
0.136560	2.518200
0.136640	2.530300
0.136720	2.506100
0.136800	2.530300
0.136880	2.542400
0.136960	2.530300
0.137040	2.506100
0.137120	2.506100
0.137200	2.506100
0.137280	2.518200
0.137360	2.542400
0.137440	2.554500
0.137520	2.566500
0.137600	2.590700
0.137680	2.578600
0.137760	2.566500
0.137840	2.578600
0.137920	2.590700
0.138000	2.614900
0.138080	2.639100
0.138160	2.639100
0.138240	2.675300
0.138320	2.699500
0.138400	2.699500
0.138480	2.747800
0.138560	2.784100
0.138640	2.808200
0.138720	2.856600
0.138800	2.880800
0.138880	2.953300
0.138960	2.977400
0.139040	3.062100
0.139120	3.170800
0.139200	3.219200
0.139280	3.279600
0.139360	3.315900
0.139440	3.352100
0.139520	3.364200
0.139600	3.376300
0.139680	3.364200
0.139760	3.376300
0.139840	3.424600
0.139920	3.485000
0.140000	3.521300
0.140080	3.569600
0.140160	3.605900
0.140240	3.654200
0.140320	3.666300
0.140400	3.702600
0.140480	3.702600
0.140560	3.726800
0.140640	3.775100
0.140720	3.896000
0.140800	4.041000
0.140880	4.210200
0.140960	4.331000
0.141040	4.500200
0.141120	4.596900
0.141200	4.681500
0.141280	4.790300
0.141360	4.887000
0.141440	4.995700
0.141520	5.092400
0.141600	5.225400
0.141680	5.297900
0.141760	5.382500
0.141840	5.455000
0.141920	5.515400
0.142000	5.575900
0.142080	5.648400
0.142160	5.696700
0.142240	5.805500
0.142320	5.890100
0.142400	5.962600
0.142480	6.023000
0.142560	6.107600
0.142640	6.156000
0.142720	6.204300
0.142800	6.228500
0.142880	6.276800
0.142960	6.313100
0.143040	6.361400
0.143120	6.361400
0.143200	6.361400
0.143280	6.397700
0.143360	6.421900
0.143440	6.397700
0.143520	6.433900
0.143600	6.409800
0.143680	6.458100
0.143760	6.433900
0.143840	6.470200
0.143920	6.446000
0.144000	6.446000
0.144080	6.446000
0.144160	6.470200
0.144240	6.458100
0.144320	6.446000
0.144400	6.421900
0.144480	6.385600
0.144560	6.361400
0.144640	6.337300
0.144720	6.301000
0.144800	6.252600
0.144880	6.216400
0.144960	6.143900
0.145040	6.119700
0.145120	6.083400
0.145200	6.047200
0.145280	6.010900
0.145360	5.974700
0.145440	5.950500
0.145520	5.890100
0.145600	5.841700
0.145680	5.805500
0.145760	5.781300
0.145840	5.769200
0.145920	5.745000
0.146000	5.708800
0.146080	5.672500
0.146160	5.612100
0.146240	5.575900
0.146320	5.527500
0.146400	5.491300
0.146480	5.467100
0.146560	5.442900
0.146640	5.370400
0.146720	5.322100
0.146800	5.273700
0.146880	5.273700
0.146960	5.225400
0.147040	5.177000
0.147120	5.140800
0.147200	5.080300
0.147280	5.056200
0.147360	4.995700
0.147440	4.995700
0.147520	4.971600
0.147600	4.947400
0.147680	4.935300
0.147760	4.911100
0.147840	4.887000
0.147920	4.862800
0.148000	4.826600
0.148080	4.826600
0.148160	4.814500
0.148240	4.814500
0.148320	4.790300
0.148400	4.778200
0.148480	4.814500
0.148560	4.790300
0.148640	4.814500
0.148720	4.862800
0.148800	4.911100
0.148880	4.959500
0.148960	4.995700
0.149040	5.032000
0.149120	5.080300
0.149200	5.164900
0.149280	5.225400
0.149360	5.297900
0.149440	5.334100
0.149520	5.382500
0.149600	5.394600
0.149680	5.430800
0.149760	5.455000
0.149840	5.539600
0.149920	5.624200
0.150000	5.720900
0.150080	5.769200
0.150160	5.853800
0.150240	5.914200
0.150320	5.998800
0.150400	6.095500
0.150480	6.156000
0.150560	6.240600
0.150640	6.313100
0.150720	6.349300
0.150800	6.385600
0.150880	6.433900
0.150960	6.518500
0.151040	6.566900
0.151120	6.615200
0.151200	6.651500
0.151280	6.699800
0.151360	6.736100
0.151440	6.784400
0.151520	6.844800
0.151600	6.905300
0.151680	6.953600
0.151760	7.014000
0.151840	7.050300
0.151920	7.062400
0.152000	7.122800
0.152080	7.147000
0.152160	7.195300
0.152240	7.231600
0.152320	7.231600
0.152400	7.279900
0.152480	7.292000
0.152560	7.316200
0.152640	7.340400
0.152720	7.364500
0.152800	7.376600
0.152880	7.388700
0.152960	7.388700
0.153040	7.400800
0.153120	7.388700
0.153200	7.400800
0.153280	7.400800
0.153360	7.425000
0.153440	7.425000
0.153520	7.412900
0.153600	7.400800
0.153680	7.388700
0.153760	7.376600
0.153840	7.352400
0.153920	7.316200
0.154000	7.279900
0.154080	7.255800
0.154160	7.231600
0.154240	7.219500
0.154320	7.171200
0.154400	7.122800
0.154480	7.074500
0.154560	7.026100
0.154640	6.965700
0.154720	6.881100
0.154800	6.832800
0.154880	6.772300
0.154960	6.711900
0.155040	6.651500
0.155120	6.591100
0.155200	6.530600
0.155280	6.470200
0.155360	6.421900
0.155440	6.337300
0.155520	6.288900
0.155600	6.192200
0.155680	6.119700
0.155760	6.047200
0.155840	5.974700
0.155920	5.950500
0.156000	5.878000
0.156080	5.805500
0.156160	5.745000
0.156240	5.708800
0.156320	5.660500
0.156400	5.612100
0.156480	5.551700
0.156560	5.515400
0.156640	5.455000
0.156720	5.430800
0.156800	5.358300
0.156880	5.310000
0.156960	5.261600
0.157040	5.164900
0.157120	5.116600
0.157200	5.068300
0.157280	5.056200
0.157360	5.056200
0.157440	5.044100
0.157520	5.044100
0.157600	5.007800
0.157680	4.995700
0.157760	5.032000
0.157840	5.032000
0.157920	5.032000
0.158000	5.007800
0.158080	4.983700
0.158160	4.959500
0.158240	4.947400
0.158320	4.971600
0.158400	4.971600
0.158480	4.983700
0.158560	4.983700
0.158640	4.947400
0.158720	4.923200
0.158800	4.923200
0.158880	4.911100
0.158960	4.923200
0.159040	4.911100
0.159120	4.935300
0.159200	4.959500
0.159280	4.971600
0.159360	4.995700
0.159440	5.032000
0.159520	5.019900
0.159600	5.044100
0.159680	5.019900
0.159760	4.995700
0.159840	4.983700
0.159920	5.068300
0.160000	5.116600
0.160080	5.128700
0.160160	5.104500
0.160240	5.116600
0.160320	5.128700
0.160400	5.128700
0.160480	5.128700
0.160560	5.128700
0.160640	5.128700
0.160720	5.152900
0.160800	5.140800
0.160880	5.152900
0.160960	5.152900
0.161040	5.164900
0.161120	5.152900
0.161200	5.152900
0.161280	5.177000
0.161360	5.177000
0.161440	5.164900
0.161520	5.164900
0.161600	5.177000
0.161680	5.177000
0.161760	5.164900
0.161840	5.164900
0.161920	5.164900
0.162000	5.140800
0.162080	5.152900
0.162160	5.128700
0.162240	5.116600
0.162320	5.116600
0.162400	5.092400
0.162480	5.068300
0.162560	5.056200
0.162640	5.056200
0.162720	5.056200
0.162800	5.032000
0.162880	5.007800
0.162960	4.983700
0.163040	4.983700
0.163120	4.959500
0.163200	4.959500
0.163280	4.935300
0.163360	4.923200
0.163440	4.887000
0.163520	4.887000
0.163600	4.874900
0.163680	4.850700
0.163760	4.826600
0.163840	4.814500
0.163920	4.790300
0.164000	4.778200
0.164080	4.742000
0.164160	4.729900
0.164240	4.705700
0.164320	4.693600
0.164400	4.681500
0.164480	4.657400
0.164560	4.633200
0.164640	4.609000
0.164720	4.621100
0.164800	4.596900
0.164880	4.584800
0.164960	4.572800
0.165040	4.524400
0.165120	4.488200
0.165200	4.476100
0.165280	4.464000
0.165360	4.464000
0.165440	4.476100
0.165520	4.451900
0.165600	4.451900
0.165680	4.439800
0.165760	4.415600
0.165840	4.427700
0.165920	4.415600
0.166000	4.391500
0.166080	4.391500
0.166160	4.379400
0.166240	4.367300
0.166320	4.355200
0.166400	4.343100
0.166480	4.343100
0.166560	4.343100
0.166640	4.331000
0.166720	4.306900
0.166800	4.319000
0.166880	4.319000
0.166960	4.306900
0.167040	4.294800
0.167120	4.282700
0.167200	4.282700
0.167280	4.306900
0.167360	4.294800
0.167440	4.270600
0.167520	4.282700
0.167600	4.270600
0.167680	4.270600
0.167760	4.258500
0.167840	4.270600
0.167920	4.282700
0.168000	4.270600
0.168080	4.258500
0.168160	4.258500
0.168240	4.282700
0.168320	4.270600
0.168400	4.294800
0.168480	4.294800
0.168560	4.294800
0.168640	4.306900
0.168720	4.294800
0.168800	4.294800
0.168880	4.331000
0.168960	4.343100
0.169040	4.331000
0.169120	4.367300
0.169200	4.343100
0.169280	4.367300
0.169360	4.391500
0.169440	4.391500
0.169520	4.427700
0.169600	4.427700
0.169680	4.439800
0.169760	4.464000
0.169840	4.476100
0.169920	4.512300
0.170000	4.536500
0.170080	4.572800
0.170160	4.572800
0.170240	4.572800
0.170320	4.584800
0.170400	4.584800
0.170480	4.609000
0.170560	4.633200
0.170640	4.657400
0.170720	4.681500
0.170800	4.693600
0.170880	4.705700
0.170960	4.705700
0.171040	4.717800
0.171120	4.729900
0.171200	4.742000
0.171280	4.766100
0.171360	4.802400
0.171440	4.838600
0.171520	4.874900
0.171600	4.899100
0.171680	4.911100
0.171760	4.935300
0.171840	4.959500
0.171920	4.983700
0.172000	4.983700
0.172080	4.971600
0.172160	4.995700
0.172240	5.019900
0.172320	4.995700
0.172400	5.044100
0.172480	5.056200
0.172560	5.044100
0.172640	5.068300
0.172720	5.080300
0.172800	5.080300
0.172880	5.080300
0.172960	5.104500
0.173040	5.116600
0.173120	5.104500
0.173200	5.116600
0.173280	5.116600
0.173360	5.140800
0.173440	5.152900
0.173520	5.140800
0.173600	5.140800
0.173680	5.152900
0.173760	5.140800
0.173840	5.140800
0.173920	5.140800
0.174000	5.152900
0.174080	5.140800
0.174160	5.152900
0.174240	5.164900
0.174320	5.177000
0.174400	5.152900
0.174480	5.177000
0.174560	5.164900
0.174640	5.140800
0.174720	5.128700
0.174800	5.152900
0.174880	5.152900
0.174960	5.140800
0.175040	5.152900
0.175120	5.164900
0.175200	5.152900
0.175280	5.128700
0.175360	5.128700
0.175440	5.104500
0.175520	5.116600
0.175600	5.104500
0.175680	5.104500
0.175760	5.116600
0.175840	5.104500
0.175920	5.080300
0.176000	5.068300
0.176080	5.080300
0.176160	5.080300
0.176240	5.116600
0.176320	5.104500
0.176400	5.092400
0.176480	5.032000
0.176560	5.032000
0.176640	5.019900
0.176720	5.068300
0.176800	5.044100
0.176880	4.983700
0.176960	4.995700
0.177040	4.995700
0.177120	4.983700
0.177200	4.995700
0.177280	4.995700
0.177360	5.007800
0.177440	4.971600
0.177520	4.959500
0.177600	4.947400
0.177680	4.947400
0.177760	4.935300
0.177840	4.935300
0.177920	4.947400
0.178000	4.935300
0.178080	4.935300
0.178160	4.935300
0.178240	4.923200
0.178320	4.923200
0.178400	4.935300
0.178480	4.923200
0.178560	4.911100
0.178640	4.935300
0.178720	4.923200
0.178800	4.923200
0.178880	4.935300
0.178960	4.911100
0.179040	4.935300
0.179120	4.923200
0.179200	4.947400
0.179280	4.935300
0.179360	4.899100
0.179440	4.911100
0.179520	4.899100
0.179600	4.911100
0.179680	4.899100
0.179760	4.911100
0.179840	4.911100
0.179920	4.923200
0.180000	4.911100
0.180080	4.935300
0.180160	4.911100
0.180240	4.911100
0.180320	4.923200
0.180400	4.899100
0.180480	4.911100
0.180560	4.899100
0.180640	4.899100
0.180720	4.887000
0.180800	4.862800
0.180880	4.874900
0.180960	4.874900
0.181040	4.862800
0.181120	4.887000
0.181200	4.899100
0.181280	4.887000
0.181360	4.887000
0.181440	4.899100
0.181520	4.923200
0.181600	4.911100
0.181680	4.935300
0.181760	4.923200
0.181840	4.923200
0.181920	4.911100
0.182000	4.911100
0.182080	4.887000
0.182160	4.899100
0.182240	4.899100
0.182320	4.874900
0.182400	4.874900
0.182480	4.887000
0.182560	4.899100
0.182640	4.935300
0.182720	4.923200
0.182800	4.959500
0.182880	4.959500
0.182960	4.959500
0.183040	4.971600
0.183120	4.971600
0.183200	4.959500
0.183280	4.935300
0.183360	4.947400
0.183440	4.947400
0.183520	4.935300
0.183600	4.935300
0.183680	4.911100
0.183760	4.923200
0.183840	4.911100
0.183920	4.935300
0.184000	4.935300
0.184080	4.935300
0.184160	4.923200
0.184240	4.935300
0.184320	4.935300
0.184400	4.959500
0.184480	4.935300
0.184560	4.935300
0.184640	4.947400
0.184720	4.959500
0.184800	4.947400
0.184880	4.947400
0.184960	4.947400
0.185040	4.947400
0.185120	4.947400
0.185200	4.959500
0.185280	4.947400
0.185360	4.935300
0.185440	4.947400
0.185520	4.947400
0.185600	4.947400
0.185680	4.923200
0.185760	4.911100
0.185840	4.911100
0.185920	4.911100
0.186000	4.911100
0.186080	4.923200
0.186160	4.923200
0.186240	4.923200
0.186320	4.923200
0.186400	4.899100
0.186480	4.899100
0.186560	4.911100
0.186640	4.911100
0.186720	4.899100
0.186800	4.874900
0.186880	4.899100
0.186960	4.874900
0.187040	4.874900
0.187120	4.850700
0.187200	4.862800
0.187280	4.862800
0.187360	4.887000
0.187440	4.874900
0.187520	4.826600
0.187600	4.826600
0.187680	4.802400
0.187760	4.838600
0.187840	4.850700
0.187920	4.850700
0.188000	4.850700
0.188080	4.838600
0.188160	4.790300
0.188240	4.814500
0.188320	4.814500
0.188400	4.802400
0.188480	4.814500
0.188560	4.778200
0.188640	4.778200
0.188720	4.766100
0.188800	4.754000
0.188880	4.754000
0.188960	4.766100
0.189040	4.754000
0.189120	4.742000
0.189200	4.754000
0.189280	4.729900
0.189360	4.729900
0.189440	4.766100
0.189520	4.742000
0.189600	4.754000
0.189680	4.766100
0.189760	4.742000
0.189840	4.766100
0.189920	4.717800
0.190000	4.742000
0.190080	4.717800
0.190160	4.729900
0.190240	4.742000
0.190320	4.766100
0.190400	4.766100
0.190480	4.766100
0.190560	4.729900
0.190640	4.729900
0.190720	4.717800
0.190800	4.705700
0.190880	4.705700
0.190960	4.705700
0.191040	4.717800
0.191120	4.705700
0.191200	4.705700
0.191280	4.717800
0.191360	4.693600
0.191440	4.681500
0.191520	4.705700
0.191600	4.705700
0.191680	4.693600
0.191760	4.669400
0.191840	4.693600
0.191920	4.693600
0.192000	4.681500
0.192080	4.657400
0.192160	4.669400
0.192240	4.657400
0.192320	4.645300
0.192400	4.681500
0.192480	4.681500
0.192560	4.681500
0.192640	4.669400
0.192720	4.681500
0.192800	4.693600
0.192880	4.742000
0.192960	4.742000
0.193040	4.705700
0.193120	4.681500
0.193200	4.669400
0.193280	4.633200
0.193360	4.645300
0.193440	4.669400
0.193520	4.657400
0.193600	4.669400
0.193680	4.669400
0.193760	4.657400
0.193840	4.657400
0.193920	4.633200
0.194000	4.633200
0.194080	4.621100
0.194160	4.645300
0.194240	4.645300
0.194320	4.645300
0.194400	4.645300
0.194480	4.609000
0.194560	4.596900
0.194640	4.584800
0.194720	4.584800
0.194800	4.596900
0.194880	4.584800
0.194960	4.609000
0.195040	4.609000
0.195120	4.584800
0.195200	4.572800
0.195280	4.572800
0.195360	4.572800
0.195440	4.548600
0.195520	4.548600
0.195600	4.536500
0.195680	4.548600
0.195760	4.548600
0.195840	4.548600
0.195920	4.536500
0.196000	4.548600
0.196080	4.536500
0.196160	4.524400
0.196240	4.524400
0.196320	4.500200
0.196400	4.524400
0.196480	4.524400
0.196560	4.512300
0.196640	4.512300
0.196720	4.512300
0.196800	4.524400
0.196880	4.500200
0.196960	4.488200
0.197040	4.500200
0.197120	4.488200
0.197200	4.488200
0.197280	4.476100
0.197360	4.488200
0.197440	4.476100
0.197520	4.488200
0.197600	4.464000
0.197680	4.476100
0.197760	4.464000
0.197840	4.464000
0.197920	4.464000
0.198000	4.451900
0.198080	4.500200
0.198160	4.476100
0.198240	4.512300
0.198320	4.500200
0.198400	4.524400
0.198480	4.488200
0.198560	4.500200
0.198640	4.488200
0.198720	4.500200
0.198800	4.500200
0.198880	4.500200
0.198960	4.512300
0.199040	4.500200
0.199120	4.500200
0.199200	4.500200
0.199280	4.488200
0.199360	4.488200
0.199440	4.476100
0.199520	4.500200
0.199600	4.512300
0.199680	4.512300
0.199760	4.512300
0.199840	4.524400
0.199920	4.500200
0.200000	4.512300
0.200080	4.488200
0.200160	4.512300
0.200240	4.524400
0.200320	4.524400
0.200400	4.512300
0.200480	4.524400
0.200560	4.524400
0.200640	4.524400
0.200720	4.524400
0.200800	4.476100
0.200880	4.488200
0.200960	4.488200
0.201040	4.476100
0.201120	4.464000
0.201200	4.476100
0.201280	4.476100
0.201360	4.488200
0.201440	4.488200
0.201520	4.488200
0.201600	4.488200
0.201680	4.464000
0.201760	4.488200
0.201840	4.464000
0.201920	4.476100
0.202000	4.488200
0.202080	4.464000
0.202160	4.476100
0.202240	4.476100
0.202320	4.464000
0.202400	4.476100
0.202480	4.488200
0.202560	4.488200
0.202640	4.476100
0.202720	4.476100
0.202800	4.464000
0.202880	4.464000
0.202960	4.464000
0.203040	4.476100
0.203120	4.451900
0.203200	4.476100
0.203280	4.439800
0.203360	4.464000
0.203440	4.451900
0.203520	4.439800
0.203600	4.451900
0.203680	4.451900
0.203760	4.439800
0.203840	4.451900
0.203920	4.476100
0.204000	4.476100
0.204080	4.464000
0.204160	4.464000
0.204240	4.464000
0.204320	4.439800
0.204400	4.451900
0.204480	4.476100
0.204560	4.488200
0.204640	4.500200
0.204720	4.500200
0.204800	4.500200
0.204880	4.488200
0.204960	4.512300
0.205040	4.476100
0.205120	4.488200
0.205200	4.464000
0.205280	4.451900
0.205360	4.451900
0.205440	4.476100
0.205520	4.476100
0.205600	4.464000
0.205680	4.476100
0.205760	4.464000
0.205840	4.488200
0.205920	4.464000
0.206000	4.488200
0.206080	4.500200
0.206160	4.488200
0.206240	4.500200
0.206320	4.488200
0.206400	4.476100
0.206480	4.476100
0.206560	4.476100
0.206640	4.488200
0.206720	4.524400
0.206800	4.536500
0.206880	4.548600
0.206960	4.524400
0.207040	4.524400
0.207120	4.524400
0.207200	4.524400
0.207280	4.524400
0.207360	4.548600
0.207440	4.572800
0.207520	4.548600
0.207600	4.572800
0.207680	4.572800
0.207760	4.548600
0.207840	4.536500
0.207920	4.584800
0.208000	4.560700
0.208080	4.572800
0.208160	4.596900
0.208240	4.584800
0.208320	4.572800
0.208400	4.572800
0.208480	4.584800
0.208560	4.596900
0.208640	4.584800
0.208720	4.584800
0.208800	4.584800
0.208880	4.572800
0.208960	4.609000
0.209040	4.609000
0.209120	4.609000
0.209200	4.609000
0.209280	4.645300
0.209360	4.633200
0.209440	4.609000
0.209520	4.633200
0.209600	4.609000
0.209680	4.621100
0.209760	4.633200
0.209840	4.669400
0.209920	4.633200
0.210000	4.633200
0.210080	4.633200
0.210160	4.657400
0.210240	4.657400
0.210320	4.669400
0.210400	4.657400
0.210480	4.645300
0.210560	4.633200
0.210640	4.669400
0.210720	4.669400
0.210800	4.657400
0.210880	4.669400
0.210960	4.645300
0.211040	4.669400
0.211120	4.693600
0.211200	4.705700
0.211280	4.609000
0.211360	4.645300
0.211440	4.645300
0.211520	4.669400
0.211600	4.657400
0.211680	4.669400
0.211760	4.657400
0.211840	4.681500
0.211920	4.669400
0.212000	4.681500
0.212080	4.681500
0.212160	4.705700
0.212240	4.693600
0.212320	4.705700
0.212400	4.705700
0.212480	4.693600
0.212560	4.693600
0.212640	4.705700
0.212720	4.705700
0.212800	4.705700
0.212880	4.742000
0.212960	4.729900
0.213040	4.742000
0.213120	4.729900
0.213200	4.742000
0.213280	4.717800
0.213360	4.717800
0.213440	4.729900
0.213520	4.742000
0.213600	4.754000
0.213680	4.754000
0.213760	4.754000
0.213840	4.717800
0.213920	4.742000
0.214000	4.693600
0.214080	4.742000
0.214160	4.742000
0.214240	4.742000
0.214320	4.754000
0.214400	4.754000
0.214480	4.766100
0.214560	4.754000
0.214640	4.790300
0.214720	4.778200
0.214800	4.790300
0.214880	4.766100
0.214960	4.790300
0.215040	4.790300
0.215120	4.802400
0.215200	4.778200
0.215280	4.766100
0.215360	4.778200
0.215440	4.790300
0.215520	4.790300
0.215600	4.790300
0.215680	4.790300
0.215760	4.790300
0.215840	4.790300
0.215920	4.814500
0.216000	4.814500
0.216080	4.802400
0.216160	4.826600
0.216240	4.826600
0.216320	4.826600
0.216400	4.826600
0.216480	4.826600
0.216560	4.838600
0.216640	4.826600
0.216720	4.862800
0.216800	4.850700
0.216880	4.850700
0.216960	4.862800
0.217040	4.862800
0.217120	4.838600
0.217200	4.850700
0.217280	4.862800
0.217360	4.826600
0.217440	4.838600
0.217520	4.850700
0.217600	4.862800
0.217680	4.887000
0.217760	4.862800
0.217840	4.874900
0.217920	4.874900
0.218000	4.862800
0.218080	4.862800
0.218160	4.850700
0.218240	4.874900
0.218320	4.874900
0.218400	4.874900
0.218480	4.899100
0.218560	4.911100
0.218640	4.923200
0.218720	4.923200
0.218800	4.935300
0.218880	4.935300
0.218960	4.935300
0.219040	4.935300
0.219120	4.947400
0.219200	4.971600
0.219280	4.959500
0.219360	4.923200
0.219440	4.947400
0.219520	4.935300
0.219600	4.923200
0.219680	4.935300
0.219760	4.947400
0.219840	4.959500
0.219920	4.983700
0.220000	4.947400
0.220080	4.935300
0.220160	4.935300
0.220240	4.923200
0.220320	4.935300
0.220400	4.935300
0.220480	4.947400
0.220560	4.935300
0.220640	4.923200
0.220720	4.935300
0.220800	4.935300
0.220880	4.947400
0.220960	4.935300
0.221040	4.923200
0.221120	4.935300
0.221200	4.935300
0.221280	4.935300
0.221360	4.935300
0.221440	4.947400
0.221520	4.935300
0.221600	4.935300
0.221680	4.923200
0.221760	4.923200
0.221840	4.923200
0.221920	4.935300
0.222000	4.935300
0.222080	4.923200
0.222160	4.923200
0.222240	4.947400
0.222320	4.935300
0.222400	4.923200
0.222480	4.911100
0.222560	4.899100
0.222640	4.911100
0.222720	4.899100
0.222800	4.899100
0.222880	4.887000
0.222960	4.899100
0.223040	4.887000
0.223120	4.899100
0.223200	4.874900
0.223280	4.887000
0.223360	4.862800
0.223440	4.862800
0.223520	4.887000
0.223600	4.874900
0.223680	4.862800
0.223760	4.887000
0.223840	4.887000
0.223920	4.874900
0.224000	4.874900
0.224080	4.862800
0.224160	4.887000
0.224240	4.887000
0.224320	4.874900
0.224400	4.874900
0.224480	4.862800
0.224560	4.862800
0.224640	4.862800
0.224720	4.862800
0.224800	4.874900
0.224880	4.850700
0.224960	4.850700
0.225040	4.862800
0.225120	4.838600
0.225200	4.850700
0.225280	4.838600
0.225360	4.850700
0.225440	4.826600
0.225520	4.826600
0.225600	4.814500
0.225680	4.814500
0.225760	4.838600
0.225840	4.838600
0.225920	4.838600
0.226000	4.814500
0.226080	4.814500
0.226160	4.814500
0.226240	4.838600
0.226320	4.790300
0.226400	4.814500
0.226480	4.778200
0.226560	4.790300
0.226640	4.838600
0.226720	4.850700
0.226800	4.814500
0.226880	4.814500
0.226960	4.826600
0.227040	4.814500
0.227120	4.814500
0.227200	4.814500
0.227280	4.802400
0.227360	4.850700
0.227440	4.862800
0.227520	4.874900
0.227600	4.850700
0.227680	4.874900
0.227760	4.899100
0.227840	4.911100
0.227920	4.923200
0.228000	4.935300
0.228080	4.935300
0.228160	4.935300
0.228240	4.935300
0.228320	4.947400
0.228400	4.971600
0.228480	4.983700
0.228560	5.007800
0.228640	5.032000
0.228720	5.044100
0.228800	5.032000
0.228880	5.044100
0.228960	5.068300
0.229040	5.068300
0.229120	5.104500
0.229200	5.104500
0.229280	5.092400
0.229360	5.104500
0.229440	5.116600
0.229520	5.116600
0.229600	5.152900
0.229680	5.140800
0.229760	5.152900
0.229840	5.152900
0.229920	5.152900
0.230000	5.164900
0.230080	5.164900
0.230160	5.189100
0.230240	5.201200
0.230320	5.213300
0.230400	5.201200
0.230480	5.177000
0.230560	5.177000
0.230640	5.201200
0.230720	5.201200
0.230800	5.249500
0.230880	5.261600
0.230960	5.261600
0.231040	5.273700
0.231120	5.297900
0.231200	5.310000
0.231280	5.334100
0.231360	5.322100
0.231440	5.334100
0.231520	5.358300
0.231600	5.358300
0.231680	5.370400
0.231760	5.382500
0.231840	5.382500
0.231920	5.406700
0.232000	5.418700
0.232080	5.418700
0.232160	5.418700
0.232240	5.418700
0.232320	5.430800
0.232400	5.430800
0.232480	5.430800
0.232560	5.455000
0.232640	5.430800
0.232720	5.430800
0.232800	5.455000
0.232880	5.491300
0.232960	5.467100
0.233040	5.479200
0.233120	5.503300
0.233200	5.515400
0.233280	5.539600
0.233360	5.539600
0.233440	5.551700
0.233520	5.539600
0.233600	5.539600
0.233680	5.551700
0.233760	5.551700
0.233840	5.539600
0.233920	5.539600
0.234000	5.563800
0.234080	5.575900
0.234160	5.563800
0.234240	5.600000
0.234320	5.575900
0.234400	5.587900
0.234480	5.575900
0.234560	5.587900
0.234640	5.612100
0.234720	5.624200
0.234800	5.636300
0.234880	5.624200
0.234960	5.600000
0.235040	5.660500
0.235120	5.636300
0.235200	5.660500
0.235280	5.660500
0.235360	5.684600
0.235440	5.684600
0.235520	5.696700
0.235600	5.733000
0.235680	5.733000
0.235760	5.708800
0.235840	5.745000
0.235920	5.745000
0.236000	5.769200
0.236080	5.769200
0.236160	5.781300
0.236240	5.793400
0.236320	5.793400
0.236400	5.829600
0.236480	5.817600
0.236560	5.841700
0.236640	5.841700
0.236720	5.865900
0.236800	5.853800
0.236880	5.865900
0.236960	5.890100
0.237040	5.902200
0.237120	5.914200
0.237200	5.914200
0.237280	5.950500
0.237360	5.950500
0.237440	5.974700
0.237520	5.974700
0.237600	5.998800
0.237680	6.010900
0.237760	6.010900
0.237840	6.023000
0.237920	6.047200
0.238000	6.047200
0.238080	6.047200
0.238160	6.083400
0.238240	6.071400
0.238320	6.083400
0.238400	6.095500
0.238480	6.071400
0.238560	6.107600
0.238640	6.131800
0.238720	6.156000
0.238800	6.131800
0.238880	6.168000
0.238960	6.180100
0.239040	6.192200
0.239120	6.180100
0.239200	6.192200
0.239280	6.192200
0.239360	6.192200
0.239440	6.192200
0.239520	6.180100
0.239600	6.192200
0.239680	6.192200
0.239760	6.192200
0.239840	6.156000
0.239920	6.180100
0.240000	6.168000
0.240080	6.180100
0.240160	6.168000
0.240240	6.180100
0.240320	6.180100
0.240400	6.180100
0.240480	6.180100
0.240560	6.216400
0.240640	6.204300
0.240720	6.216400
0.240800	6.216400
0.240880	6.216400
0.240960	6.192200
0.241040	6.216400
0.241120	6.216400
0.241200	6.204300
0.241280	6.180100
0.241360	6.180100
0.241440	6.156000
0.241520	6.156000
0.241600	6.180100
0.241680	6.180100
0.241760	6.156000
0.241840	6.143900
0.241920	6.143900
0.242000	6.143900
0.242080	6.143900
0.242160	6.156000
0.242240	6.156000
0.242320	6.180100
0.242400	6.143900
0.242480	6.119700
0.242560	6.095500
0.242640	6.107600
0.242720	6.119700
0.242800	6.131800
0.242880	6.131800
0.242960	6.131800
0.243040	6.083400
0.243120	6.143900
0.243200	6.156000
0.243280	6.143900
0.243360	6.059300
0.243440	6.143900
0.243520	6.131800
0.243600	6.143900
0.243680	6.119700
0.243760	6.131800
0.243840	6.119700
0.243920	6.119700
0.244000	6.131800
0.244080	6.143900
0.244160	6.131800
0.244240	6.119700
0.244320	6.131800
0.244400	6.143900
0.244480	6.156000
0.244560	6.156000
0.244640	6.168000
0.244720	6.180100
0.244800	6.204300
0.244880	6.204300
0.244960	6.192200
0.245040	6.192200
0.245120	6.204300
0.245200	6.216400
0.245280	6.216400
0.245360	6.216400
0.245440	6.240600
0.245520	6.240600
0.245600	6.240600
0.245680	6.240600
0.245760	6.264700
0.245840	6.264700
0.245920	6.276800
0.246000	6.264700
0.246080	6.276800
0.246160	6.288900
0.246240	6.301000
0.246320	6.313100
0.246400	6.325200
0.246480	6.313100
0.246560	6.337300
0.246640	6.349300
0.246720	6.373500
0.246800	6.385600
0.246880	6.421900
0.246960	6.409800
0.247040	6.433900
0.247120	6.433900
0.247200	6.421900
0.247280	6.433900
0.247360	6.433900
0.247440	6.421900
0.247520	6.446000
0.247600	6.446000
0.247680	6.446000
0.247760	6.446000
0.247840	6.458100
0.247920	6.458100
0.248000	6.494400
0.248080	6.470200
0.248160	6.518500
0.248240	6.494400
0.248320	6.506500
0.248400	6.494400
0.248480	6.506500
0.248560	6.482300
0.248640	6.506500
0.248720	6.494400
0.248800	6.518500
0.248880	6.506500
0.248960	6.506500
0.249040	6.506500
0.249120	6.506500
0.249200	6.518500
0.249280	6.506500
0.249360	6.506500
0.249440	6.506500
0.249520	6.494400
0.249600	6.494400
0.249680	6.494400
0.249760	6.494400
0.249840	6.494400
0.249920	6.482300
0.250000	6.482300
0.250080	6.494400
0.250160	6.446000
0.250240	6.458100
0.250320	6.446000
0.250400	6.458100
0.250480	6.421900
0.250560	6.446000
0.250640	6.458100
0.250720	6.433900
0.250800	6.409800
0.250880	6.409800
0.250960	6.421900
0.251040	6.409800
0.251120	6.409800
0.251200	6.373500
0.251280	6.385600
0.251360	6.385600
0.251440	6.361400
0.251520	6.361400
0.251600	6.349300
0.251680	6.361400
0.251760	6.361400
0.251840	6.373500
0.251920	6.337300
0.252000	6.349300
0.252080	6.337300
0.252160	6.337300
0.252240	6.337300
0.252320	6.361400
0.252400	6.361400
0.252480	6.361400
0.252560	6.349300
0.252640	6.337300
0.252720	6.337300
0.252800	6.337300
0.252880	6.361400
0.252960	6.385600
0.253040	6.385600
0.253120	6.397700
0.253200	6.373500
0.253280	6.385600
0.253360	6.397700
0.253440	6.397700
0.253520	6.409800
0.253600	6.385600
0.253680	6.397700
0.253760	6.385600
0.253840	6.397700
0.253920	6.409800
0.254000	6.409800
0.254080	6.409800
0.254160	6.397700
0.254240	6.409800
0.254320	6.409800
0.254400	6.397700
0.254480	6.421900
0.254560	6.433900
0.254640	6.433900
0.254720	6.446000
0.254800	6.409800
0.254880	6.421900
0.254960	6.421900
0.255040	6.409800
0.255120	6.421900
0.255200	6.421900
0.255280	6.458100
0.255360	6.458100
0.255440	6.482300
0.255520	6.470200
0.255600	6.482300
0.255680	6.482300
0.255760	6.494400
0.255840	6.506500
0.255920	6.530600
0.256000	6.506500
0.256080	6.518500
0.256160	6.506500
0.256240	6.518500
0.256320	6.530600
0.256400	6.518500
0.256480	6.542700
0.256560	6.530600
0.256640	6.542700
0.256720	6.530600
0.256800	6.566900
0.256880	6.579000
0.256960	6.554800
0.257040	6.554800
0.257120	6.566900
0.257200	6.530600
0.257280	6.554800
0.257360	6.554800
0.257440	6.579000
0.257520	6.579000
0.257600	6.566900
0.257680	6.566900
0.257760	6.554800
0.257840	6.554800
0.257920	6.566900
0.258000	6.566900
0.258080	6.579000
0.258160	6.542700
0.258240	6.554800
0.258320	6.554800
0.258400	6.566900
0.258480	6.554800
0.258560	6.554800
0.258640	6.530600
0.258720	6.530600
0.258800	6.518500
0.258880	6.530600
0.258960	6.530600
0.259040	6.530600
0.259120	6.518500
0.259200	6.506500
0.259280	6.518500
0.259360	6.542700
0.259440	6.530600
0.259520	6.554800
0.259600	6.566900
0.259680	6.566900
0.259760	6.482300
0.259840	6.530600
0.259920	6.530600
0.260000	6.518500
0.260080	6.530600
0.260160	6.506500
0.260240	6.506500
0.260320	6.530600
0.260400	6.542700
0.260480	6.542700
0.260560	6.530600
0.260640	6.518500
0.260720	6.506500
0.260800	6.506500
0.260880	6.482300
0.260960	6.470200
0.261040	6.470200
0.261120	6.482300
0.261200	6.458100
0.261280	6.458100
0.261360	6.433900
0.261440	6.421900
0.261520	6.421900
0.261600	6.409800
0.261680	6.409800
0.261760	6.397700
0.261840	6.385600
0.261920	6.373500
0.262000	6.373500
0.262080	6.361400
0.262160	6.361400
0.262240	6.373500
0.262320	6.325200
0.262400	6.325200
0.262480	6.313100
0.262560	6.301000
0.262640	6.288900
0.262720	6.301000
0.262800	6.313100
0.262880	6.301000
0.262960	6.288900
0.263040	6.264700
0.263120	6.264700
0.263200	6.228500
0.263280	6.228500
0.263360	6.240600
0.263440	6.204300
0.263520	6.216400
0.263600	6.228500
0.263680	6.216400
0.263760	6.192200
0.263840	6.156000
0.263920	6.192200
0.264000	6.156000
0.264080	6.131800
0.264160	6.143900
0.264240	6.131800
0.264320	6.131800
0.264400	6.131800
0.264480	6.131800
0.264560	6.119700
0.264640	6.095500
0.264720	6.131800
0.264800	6.083400
0.264880	6.059300
0.264960	6.047200
0.265040	6.023000
0.265120	6.023000
0.265200	6.023000
0.265280	6.023000
0.265360	6.023000
0.265440	5.998800
0.265520	5.998800
0.265600	6.010900
0.265680	6.010900
0.265760	6.010900
0.265840	5.974700
0.265920	5.974700
0.266000	5.974700
0.266080	5.998800
0.266160	5.986800
0.266240	5.986800
0.266320	5.974700
0.266400	5.986800
0.266480	5.974700
0.266560	5.974700
0.266640	5.998800
0.266720	5.998800
0.266800	5.986800
0.266880	5.998800
0.266960	5.998800
0.267040	5.998800
0.267120	6.023000
0.267200	6.035100
0.267280	6.023000
0.267360	6.010900
0.267440	5.998800
0.267520	6.010900
0.267600	6.010900
0.267680	6.010900
0.267760	5.998800
0.267840	6.035100
0.267920	6.023000
0.268000	6.023000
0.268080	6.023000
0.268160	6.047200
0.268240	6.023000
0.268320	6.035100
0.268400	6.035100
0.268480	6.035100
0.268560	6.035100
0.268640	6.059300
0.268720	6.047200
0.268800	6.059300
0.268880	6.059300
0.268960	6.059300
0.269040	6.035100
0.269120	6.059300
0.269200	6.035100
0.269280	6.035100
0.269360	6.047200
0.269440	6.059300
0.269520	6.071400
0.269600	6.095500
0.269680	6.107600
0.269760	6.107600
0.269840	6.071400
0.269920	6.095500
0.270000	6.083400
0.270080	6.071400
0.270160	6.047200
0.270240	6.035100
0.270320	6.035100
0.270400	6.035100
0.270480	6.035100
0.270560	6.071400
0.270640	6.071400
0.270720	6.083400
0.270800	6.107600
0.270880	6.095500
0.270960	6.071400
0.271040	6.083400
0.271120	6.071400
0.271200	6.107600
0.271280	6.095500
0.271360	6.095500
0.271440	6.107600
0.271520	6.119700
0.271600	6.119700
0.271680	6.143900
0.271760	6.131800
0.271840	6.143900
0.271920	6.143900
0.272000	6.156000
0.272080	6.192200
0.272160	6.216400
0.272240	6.216400
0.272320	6.228500
0.272400	6.216400
0.272480	6.240600
0.272560	6.228500
0.272640	6.252600
0.272720	6.264700
0.272800	6.276800
0.272880	6.276800
0.272960	6.264700
0.273040	6.288900
0.273120	6.301000
0.273200	6.325200
0.273280	6.337300
0.273360	6.325200
0.273440	6.349300
0.273520	6.349300
0.273600	6.385600
0.273680	6.373500
0.273760	6.385600
0.273840	6.421900
0.273920	6.421900
0.274000	6.470200
0.274080	6.458100
0.274160	6.494400
0.274240	6.530600
0.274320	6.554800
0.274400	6.579000
0.274480	6.579000
0.274560	6.615200
0.274640	6.615200
0.274720	6.663600
0.274800	6.663600
0.274880	6.675700
0.274960	6.711900
0.275040	6.748200
0.275120	6.760200
0.275200	6.784400
0.275280	6.808600
0.275360	6.832800
0.275440	6.869000
0.275520	6.893200
0.275600	6.905300
0.275680	6.941500
0.275760	6.953600
0.275840	6.965700
0.275920	7.002000
0.276000	7.014000
0.276080	7.038200
0.276160	7.038200
0.276240	7.050300
0.276320	7.086600
0.276400	7.086600
0.276480	7.086600
0.276560	7.098600
0.276640	7.098600
0.276720	7.098600
0.276800	7.098600
0.276880	7.098600
0.276960	7.098600
0.277040	7.110700
0.277120	7.086600
0.277200	7.086600
0.277280	7.050300
0.277360	7.026100
0.277440	7.014000
0.277520	7.026100
0.277600	6.989900
0.277680	6.989900
0.277760	6.977800
0.277840	6.953600
0.277920	6.917400
0.278000	6.893200
0.278080	6.869000
0.278160	6.856900
0.278240	6.796500
0.278320	6.808600
0.278400	6.772300
0.278480	6.724000
0.278560	6.724000
0.278640	6.687700
0.278720	6.663600
0.278800	6.615200
0.278880	6.566900
0.278960	6.542700
0.279040	6.494400
0.279120	6.458100
0.279200	6.433900
0.279280	6.349300
0.279360	6.252600
0.279440	6.192200
0.279520	6.131800
0.279600	6.168000
0.279680	6.095500
0.279760	6.059300
0.279840	5.974700
0.279920	5.902200
0.280000	5.865900
0.280080	5.817600
0.280160	5.781300
0.280240	5.720900
0.280320	5.648400
0.280400	5.612100
0.280480	5.563800
0.280560	5.527500
0.280640	5.467100
0.280720	5.430800
0.280800	5.382500
0.280880	5.322100
0.280960	5.310000
0.281040	5.261600
0.281120	5.213300
0.281200	5.164900
0.281280	5.128700
0.281360	5.080300
0.281440	5.068300
0.281520	5.019900
0.281600	4.971600
0.281680	4.935300
0.281760	4.911100
0.281840	4.874900
0.281920	4.838600
0.282000	4.802400
0.282080	4.754000
0.282160	4.717800
0.282240	4.681500
0.282320	4.645300
0.282400	4.584800
0.282480	4.584800
0.282560	4.524400
0.282640	4.512300
0.282720	4.464000
0.282800	4.427700
0.282880	4.403600
0.282960	4.391500
0.283040	4.355200
0.283120	4.306900
0.283200	4.282700
0.283280	4.258500
0.283360	4.234400
0.283440	4.198100
0.283520	4.161800
0.283600	4.101400
0.283680	4.077200
0.283760	4.077200
0.283840	4.028900
0.283920	4.004700
0.284000	3.968500
0.284080	3.944300
0.284160	3.932200
0.284240	3.883900
0.284320	3.859700
0.284400	3.859700
0.284480	3.835500
0.284560	3.811400
0.284640	3.775100
0.284720	3.750900
0.284800	3.738800
0.284880	3.690500
0.284960	3.678400
0.285040	3.666300
0.285120	3.618000
0.285200	3.605900
0.285280	3.569600
0.285360	3.557600
0.285440	3.521300
0.285520	3.497100
0.285600	3.460900
0.285680	3.424600
0.285760	3.400400
0.285840	3.388400
0.285920	3.352100
0.286000	3.315900
0.286080	3.291700
0.286160	3.279600
0.286240	3.255400
0.286320	3.255400
0.286400	3.219200
0.286480	3.219200
0.286560	3.219200
0.286640	3.207100
0.286720	3.182900
0.286800	3.158700
0.286880	3.146700
0.286960	3.122500
0.287040	3.134600
0.287120	3.122500
0.287200	3.110400
0.287280	3.074100
0.287360	3.062100
0.287440	3.050000
0.287520	3.050000
0.287600	3.050000
0.287680	3.013700
0.287760	3.001600
0.287840	2.989500
0.287920	2.965400
0.288000	2.941200
0.288080	2.941200
0.288160	2.941200
0.288240	2.904900
0.288320	2.904900
0.288400	2.892800
0.288480	2.856600
0.288560	2.832400
0.288640	2.820300
0.288720	2.808200
0.288800	2.784100
0.288880	2.759900
0.288960	2.723600
0.289040	2.675300
0.289120	2.675300
0.289200	2.627000
0.289280	2.602800
0.289360	2.566500
0.289440	2.542400
0.289520	2.518200
0.289600	2.494000
0.289680	2.494000
0.289760	2.457800
0.289840	2.445700
0.289920	2.421500
0.290000	2.409400
0.290080	2.373200
0.290160	2.361100
0.290240	2.336900
0.290320	2.324800
0.290400	2.324800
0.290480	2.300700
0.290560	2.288600
0.290640	2.264400
0.290720	2.228100
0.290800	2.228100
0.290880	2.228100
0.290960	2.252300
0.291040	2.264400
0.291120	2.276500
0.291200	2.288600
0.291280	2.264400
0.291360	2.240200
0.291440	2.191900
0.291520	2.167700
0.291600	2.131500
0.291680	2.071000
0.291760	2.034800
0.291840	1.962300
0.291920	1.901800
0.292000	1.865600
0.292080	1.805200
0.292160	1.781000
0.292240	1.781000
0.292320	1.768900
0.292400	1.744700
0.292480	1.744700
0.292560	1.720500
0.292640	1.672200
0.292720	1.635900
0.292800	1.599700
0.292880	1.599700
0.292960	1.575500
0.293040	1.490900
0.293120	1.503000
0.293200	1.478800
0.293280	1.478800
0.293360	1.394200
0.293440	1.309600
0.293520	1.249200
0.293600	1.212900
0.293680	1.164600
0.293760	1.104200
0.293840	1.019600
0.293920	0.886640
0.294000	0.789960
0.294080	0.681190
0.294160	0.584500
0.294240	0.499900
0.294320	0.403220
0.294400	0.306540
0.294480	0.197760
0.294560	0.088994
0.294640	-0.007691
0.294720	-0.128550
0.294800	-0.249400
0.294880	-0.370260
0.294960	-0.491120
0.295040	-0.599880
0.295120	-0.757000
0.295200	-0.865770
0.295280	-1.010800
0.295360	-1.131600
0.295440	-1.276700
0.295520	-1.385500
0.295600	-1.470000
0.295680	-1.590900
0.295760	-1.687600
0.295840	-1.760100
0.295920	-1.856800
0.296000	-1.917200
0.296080	-1.965600
0.296160	-2.050200
0.296240	-2.110600
0.296320	-2.158900
0.296400	-2.219400
0.296480	-2.267700
0.296560	-2.304000
0.296640	-2.352300
0.296720	-2.400600
0.296800	-2.485200
0.296880	-2.521500
0.296960	-2.533600
0.297040	-2.545700
0.297120	-2.594000
0.297200	-2.606100
0.297280	-2.642300
0.297360	-2.666500
0.297440	-2.666500
0.297520	-2.654400
0.297600	-2.654400
0.297680	-2.642300
0.297760	-2.618200
0.297840	-2.594000
0.297920	-2.545700
0.298000	-2.509400
0.298080	-2.485200
0.298160	-2.473200
0.298240	-2.436900
0.298320	-2.412700
0.298400	-2.388600
0.298480	-2.364400
0.298560	-2.316000
0.298640	-2.279800
0.298720	-2.207300
0.298800	-2.171000
0.298880	-2.122700
0.298960	-2.086400
0.299040	-2.026000
0.299120	-1.953500
0.299200	-1.905100
0.299280	-1.844700
0.299360	-1.760100
0.299440	-1.735900
0.299520	-1.675500
0.299600	-1.627200
0.299680	-1.554600
0.299760	-1.470000
0.299840	-1.421700
0.299920	-1.397500
0.300000	-1.337100
0.300080	-1.288800
0.300160	-1.240400
0.300240	-1.180000
0.300320	-1.131600
0.300400	-1.095400
0.300480	-1.071200
0.300560	-1.047000
0.300640	-1.022900
0.300720	-1.010800
0.300800	-0.986620
0.300880	-0.974540
0.300960	-0.950370
0.301040	-0.914110
0.301120	-0.902020
0.301200	-0.877850
0.301280	-0.877850
0.301360	-0.841600
0.301440	-0.817430
0.301520	-0.805340
0.301600	-0.829510
0.301680	-0.805340
0.301760	-0.829510
0.301840	-0.841600
0.301920	-0.829510
0.302000	-0.829510
0.302080	-0.841600
0.302160	-0.853680
0.302240	-0.853680
0.302320	-0.865770
0.302400	-0.889940
0.302480	-0.889940
0.302560	-0.914110
0.302640	-0.938280
0.302720	-0.974540
0.302800	-0.986620
0.302880	-1.035000
0.302960	-1.035000
0.303040	-1.059100
0.303120	-1.119600
0.303200	-1.131600
0.303280	-1.167900
0.303360	-1.216200
0.303440	-1.228300
0.303520	-1.264600
0.303600	-1.300900
0.303680	-1.312900
0.303760	-1.361300
0.303840	-1.397500
0.303920	-1.445900
0.304000	-1.494200
0.304080	-1.494200
0.304160	-1.518400
0.304240	-1.578800
0.304320	-1.590900
0.304400	-1.627200
0.304480	-1.639300
0.304560	-1.675500
0.304640	-1.711800
0.304720	-1.735900
0.304800	-1.748000
0.304880	-1.784300
0.304960	-1.796400
0.305040	-1.844700
0.305120	-1.856800
0.305200	-1.893000
0.305280	-1.893000
0.305360	-1.917200
0.305440	-1.905100
0.305520	-1.941400
0.305600	-1.965600
0.305680	-1.965600
0.305760	-1.989700
0.305840	-2.001800
0.305920	-1.977600
0.306000	-1.989700
0.306080	-2.013900
0.306160	-2.001800
0.306240	-2.026000
0.306320	-2.013900
0.306400	-2.013900
0.306480	-2.026000
0.306560	-2.026000
0.306640	-1.989700
0.306720	-1.989700
0.306800	-1.977600
0.306880	-1.953500
0.306960	-1.965600
0.307040	-1.929300
0.307120	-1.929300
0.307200	-1.881000
0.307280	-1.868900
0.307360	-1.868900
0.307440	-1.856800
0.307520	-1.844700
0.307600	-1.808400
0.307680	-1.760100
0.307760	-1.723900
0.307840	-1.748000
0.307920	-1.711800
0.308000	-1.663400
0.308080	-1.639300
0.308160	-1.651300
0.308240	-1.615100
0.308320	-1.578800
0.308400	-1.578800
0.308480	-1.530500
0.308560	-1.506300
0.308640	-1.506300
0.308720	-1.433800
0.308800	-1.409600
0.308880	-1.385500
0.308960	-1.361300
0.309040	-1.361300
0.309120	-1.325000
0.309200	-1.300900
0.309280	-1.264600
0.309360	-1.228300
0.309440	-1.216200
0.309520	-1.216200
0.309600	-1.192100
0.309680	-1.204200
0.309760	-1.155800
0.309840	-1.131600
0.309920	-1.071200
