-0.020080	-0.154310
-0.020000	0.038637
-0.019920	0.038637
-0.019840	0.038637
-0.019760	0.038637
-0.019680	0.038637
-0.019600	0.038637
-0.019520	0.038637
-0.019440	-0.154310
-0.019360	0.038637
-0.019280	0.038637
-0.019200	-0.154310
-0.019120	0.038637
-0.019040	0.038637
-0.018960	-0.154310
-0.018880	0.038637
-0.018800	0.038637
-0.018720	-0.154310
-0.018640	0.038637
-0.018560	-0.154310
-0.018480	-0.154310
-0.018400	0.038637
-0.018320	-0.154310
-0.018240	0.038637
-0.018160	0.038637
-0.018080	0.038637
-0.018000	0.038637
-0.017920	0.038637
-0.017840	-0.154310
-0.017760	-0.154310
-0.017680	0.038637
-0.017600	0.038637
-0.017520	-0.154310
-0.017440	0.038637
-0.017360	-0.154310
-0.017280	0.038637
-0.017200	-0.154310
-0.017120	-0.154310
-0.017040	0.038637
-0.016960	0.038637
-0.016880	0.038637
-0.016800	0.038637
-0.016720	0.038637
-0.016640	-0.154310
-0.016560	0.038637
-0.016480	0.038637
-0.016400	0.038637
-0.016320	0.038637
-0.016240	0.038637
-0.016160	0.038637
-0.016080	0.038637
-0.016000	-0.154310
-0.015920	0.038637
-0.015840	0.038637
-0.015760	0.038637
-0.015680	0.038637
-0.015600	0.038637
-0.015520	-0.154310
-0.015440	-0.154310
-0.015360	-0.154310
-0.015280	0.038637
-0.015200	0.038637
-0.015120	-0.154310
-0.015040	0.038637
-0.014960	0.038637
-0.014880	0.038637
-0.014800	0.038637
-0.014720	0.038637
-0.014640	0.038637
-0.014560	0.038637
-0.014480	-0.154310
-0.014400	0.038637
-0.014320	0.038637
-0.014240	0.038637
-0.014160	-0.154310
-0.014080	-0.154310
-0.014000	-0.154310
-0.013920	0.038637
-0.013840	-0.154310
-0.013760	0.038637
-0.013680	0.038637
-0.013600	0.038637
-0.013520	0.038637
-0.013440	0.038637
-0.013360	0.038637
-0.013280	-0.154310
-0.013200	-0.154310
-0.013120	0.038637
-0.013040	0.038637
-0.012960	0.038637
-0.012880	-0.154310
-0.012800	-0.154310
-0.012720	0.038637
-0.012640	0.038637
-0.012560	-0.154310
-0.012480	-0.154310
-0.012400	0.038637
-0.012320	0.038637
-0.012240	0.038637
-0.012160	0.038637
-0.012080	0.038637
-0.012000	0.038637
-0.011920	0.038637
-0.011840	0.038637
-0.011760	-0.154310
-0.011680	0.038637
-0.011600	0.038637
-0.011520	-0.154310
-0.011440	-0.154310
-0.011360	0.038637
-0.011280	0.038637
-0.011200	-0.154310
-0.011120	0.038637
-0.011040	-0.154310
-0.010960	0.038637
-0.010880	0.038637
-0.010800	0.038637
-0.010720	0.038637
-0.010640	-0.154310
-0.010560	-0.154310
-0.010480	0.038637
-0.010400	0.038637
-0.010320	-0.154310
-0.010240	0.038637
-0.010160	0.038637
-0.010080	-0.154310
-0.010000	-0.154310
-0.009920	0.038637
-0.009840	0.038637
-0.009760	0.038637
-0.009680	0.038637
-0.009600	-0.154310
-0.009520	0.038637
-0.009440	-0.154310
-0.009360	-0.154310
-0.009280	0.038637
-0.009200	-0.154310
-0.009120	0.038637
-0.009040	0.038637
-0.008960	0.038637
-0.008880	0.038637
-0.008800	-0.154310
-0.008720	-0.154310
-0.008640	0.038637
-0.008560	0.038637
-0.008480	0.038637
-0.008400	-0.154310
-0.008320	-0.154310
-0.008240	-0.154310
-0.008160	0.038637
-0.008080	-0.154310
-0.008000	-0.154310
-0.007920	-0.154310
-0.007840	-0.154310
-0.007760	-0.154310
-0.007680	0.038637
-0.007600	-0.154310
-0.007520	-0.154310
-0.007440	-0.154310
-0.007360	-0.154310
-0.007280	-0.154310
-0.007200	-0.154310
-0.007120	0.038637
-0.007040	0.038637
-0.006960	-0.154310
-0.006880	0.038637
-0.006800	0.038637
-0.006720	0.038637
-0.006640	0.038637
-0.006560	-0.154310
-0.006480	-0.154310
-0.006400	-0.154310
-0.006320	-0.154310
-0.006240	0.038637
-0.006160	-0.154310
-0.006080	0.038637
-0.006000	0.038637
-0.005920	-0.154310
-0.005840	-0.154310
-0.005760	0.038637
-0.005680	-0.154310
-0.005600	-0.154310
-0.005520	-0.154310
-0.005440	-0.154310
-0.005360	-0.154310
-0.005280	-0.154310
-0.005200	-0.154310
-0.005120	-0.154310
-0.005040	-0.154310
-0.004960	-0.154310
-0.004880	-0.154310
-0.004800	0.038637
-0.004720	0.038637
-0.004640	0.038637
-0.004560	-0.154310
-0.004480	-0.154310
-0.004400	-0.154310
-0.004320	-0.154310
-0.004240	-0.154310
-0.004160	-0.154310
-0.004080	-0.154310
-0.004000	-0.154310
-0.003920	-0.154310
-0.003840	-0.154310
-0.003760	-0.154310
-0.003680	-0.154310
-0.003600	-0.154310
-0.003520	-0.154310
-0.003440	-0.154310
-0.003360	-0.154310
-0.003280	-0.154310
-0.003200	-0.154310
-0.003120	-0.154310
-0.003040	-0.154310
-0.002960	-0.154310
-0.002880	-0.154310
-0.002800	-0.154310
-0.002720	-0.154310
-0.002640	-0.154310
-0.002560	-0.154310
-0.002480	-0.154310
-0.002400	-0.154310
-0.002320	-0.154310
-0.002240	-0.154310
-0.002160	-0.154310
-0.002080	-0.154310
-0.002000	-0.154310
-0.001920	-0.154310
-0.001840	-0.154310
-0.001760	-0.154310
-0.001680	-0.154310
-0.001600	-0.154310
-0.001520	-0.154310
-0.001440	-0.154310
-0.001360	-0.154310
-0.001280	-0.154310
-0.001200	-0.347260
-0.001120	-0.154310
-0.001040	-0.154310
-0.000960	-0.154310
-0.000880	-0.154310
-0.000800	-0.154310
-0.000720	-0.154310
-0.000640	-0.154310
-0.000560	-0.154310
-0.000480	-0.154310
-0.000400	-0.154310
-0.000320	-0.154310
-0.000240	-0.154310
-0.000160	-0.154310
-0.000080	-0.154310
0.000000	-0.347260
0.000080	-0.154310
0.000160	-0.154310
0.000240	-0.154310
0.000320	-0.154310
0.000400	-0.347260
0.000480	-0.347260
0.000560	-0.154310
0.000640	-0.154310
0.000720	-0.154310
0.000800	-0.347260
0.000880	-0.347260
0.000960	-0.347260
0.001040	-0.154310
0.001120	-0.347260
0.001200	-0.347260
0.001280	-0.347260
0.001360	-0.347260
0.001440	-0.347260
0.001520	-0.347260
0.001600	-0.347260
0.001680	-0.347260
0.001760	-0.347260
0.001840	-0.540210
0.001920	-0.540210
0.002000	-0.540210
0.002080	-0.347260
0.002160	-0.347260
0.002240	-0.347260
0.002320	-0.347260
0.002400	-0.540210
0.002480	-0.540210
0.002560	-0.347260
0.002640	-0.347260
0.002720	-0.540210
0.002800	-0.540210
0.002880	-0.540210
0.002960	-0.540210
0.003040	-0.540210
0.003120	-0.347260
0.003200	-0.347260
0.003280	-0.347260
0.003360	-0.347260
0.003440	-0.540210
0.003520	-0.540210
0.003600	-0.540210
0.003680	-0.540210
0.003760	-0.540210
0.003840	-0.540210
0.003920	-0.540210
0.004000	-0.540210
0.004080	-0.540210
0.004160	-0.540210
0.004240	-0.540210
0.004320	-0.540210
0.004400	-0.540210
0.004480	-0.540210
0.004560	-0.540210
0.004640	-0.540210
0.004720	-0.540210
0.004800	-0.540210
0.004880	-0.540210
0.004960	-0.540210
0.005040	-0.540210
0.005120	-0.733160
0.005200	-0.540210
0.005280	-0.733160
0.005360	-0.540210
0.005440	-0.540210
0.005520	-0.540210
0.005600	-0.540210
0.005680	-0.540210
0.005760	-0.540210
0.005840	-0.733160
0.005920	-0.733160
0.006000	-0.733160
0.006080	-0.540210
0.006160	-0.540210
0.006240	-0.540210
0.006320	-0.540210
0.006400	-0.540210
0.006480	-0.540210
0.006560	-0.733160
0.006640	-0.733160
0.006720	-0.733160
0.006800	-0.733160
0.006880	-0.733160
0.006960	-0.733160
0.007040	-0.733160
0.007120	-0.733160
0.007200	-0.733160
0.007280	-0.733160
0.007360	-0.733160
0.007440	-0.733160
0.007520	-0.733160
0.007600	-0.733160
0.007680	-0.733160
0.007760	-0.733160
0.007840	-0.733160
0.007920	-0.733160
0.008000	-0.733160
0.008080	-0.733160
0.008160	-0.733160
0.008240	-0.733160
0.008320	-0.733160
0.008400	-0.733160
0.008480	-0.733160
0.008560	-0.733160
0.008640	-0.733160
0.008720	-0.733160
0.008800	-0.733160
0.008880	-0.926110
0.008960	-0.926110
0.009040	-0.926110
0.009120	-0.926110
0.009200	-0.926110
0.009280	-0.733160
0.009360	-0.926110
0.009440	-0.926110
0.009520	-0.926110
0.009600	-0.926110
0.009680	-0.926110
0.009760	-0.926110
0.009840	-0.926110
0.009920	-0.926110
0.010000	-0.926110
0.010080	-0.926110
0.010160	-0.926110
0.010240	-1.119100
0.010320	-1.119100
0.010400	-1.119100
0.010480	-1.119100
0.010560	-1.119100
0.010640	-1.119100
0.010720	-1.119100
0.010800	-1.119100
0.010880	-1.119100
0.010960	-1.119100
0.011040	-1.119100
0.011120	-1.119100
0.011200	-1.119100
0.011280	-1.119100
0.011360	-1.119100
0.011440	-1.119100
0.011520	-1.119100
0.011600	-1.119100
0.011680	-1.119100
0.011760	-1.312000
0.011840	-1.312000
0.011920	-1.312000
0.012000	-1.312000
0.012080	-1.312000
0.012160	-1.312000
0.012240	-1.312000
0.012320	-1.312000
0.012400	-1.312000
0.012480	-1.312000
0.012560	-1.312000
0.012640	-1.312000
0.012720	-1.505000
0.012800	-1.505000
0.012880	-1.505000
0.012960	-1.312000
0.013040	-1.505000
0.013120	-1.505000
0.013200	-1.505000
0.013280	-1.505000
0.013360	-1.505000
0.013440	-1.505000
0.013520	-1.697900
0.013600	-1.697900
0.013680	-1.697900
0.013760	-1.697900
0.013840	-1.697900
0.013920	-1.697900
0.014000	-1.697900
0.014080	-1.697900
0.014160	-1.890800
0.014240	-1.890800
0.014320	-1.890800
0.014400	-1.890800
0.014480	-1.890800
0.014560	-1.890800
0.014640	-1.890800
0.014720	-1.890800
0.014800	-1.890800
0.014880	-1.890800
0.014960	-1.890800
0.015040	-2.083800
0.015120	-1.890800
0.015200	-2.083800
0.015280	-2.083800
0.015360	-2.083800
0.015440	-2.083800
0.015520	-2.083800
0.015600	-2.083800
0.015680	-2.276800
0.015760	-2.083800
0.015840	-2.276800
0.015920	-2.276800
0.016000	-2.276800
0.016080	-2.276800
0.016160	-2.276800
0.016240	-2.276800
0.016320	-2.276800
0.016400	-2.276800
0.016480	-2.469700
0.016560	-2.469700
0.016640	-2.469700
0.016720	-2.469700
0.016800	-2.469700
0.016880	-2.469700
0.016960	-2.469700
0.017040	-2.662700
0.017120	-2.662700
0.017200	-2.662700
0.017280	-2.662700
0.017360	-2.662700
0.017440	-2.662700
0.017520	-2.662700
0.017600	-2.662700
0.017680	-2.662700
0.017760	-2.662700
0.017840	-2.855600
0.017920	-2.662700
0.018000	-2.662700
0.018080	-2.662700
0.018160	-2.855600
0.018240	-2.855600
0.018320	-2.855600
0.018400	-2.855600
0.018480	-2.855600
0.018560	-2.855600
0.018640	-3.048500
0.018720	-2.855600
0.018800	-3.048500
0.018880	-3.048500
0.018960	-3.048500
0.019040	-3.048500
0.019120	-3.048500
0.019200	-3.048500
0.019280	-3.048500
0.019360	-3.048500
0.019440	-3.241500
0.019520	-3.241500
0.019600	-3.241500
0.019680	-3.241500
0.019760	-3.241500
0.019840	-3.241500
0.019920	-3.241500
0.020000	-3.434400
0.020080	-3.434400
0.020160	-3.434400
0.020240	-3.434400
0.020320	-3.434400
0.020400	-3.434400
0.020480	-3.434400
0.020560	-3.627400
0.020640	-3.627400
0.020720	-3.627400
0.020800	-3.627400
0.020880	-3.627400
0.020960	-3.627400
0.021040	-3.820300
0.021120	-3.820300
0.021200	-3.820300
0.021280	-3.820300
0.021360	-3.820300
0.021440	-3.820300
0.021520	-3.820300
0.021600	-3.820300
0.021680	-4.013300
0.021760	-4.013300
0.021840	-4.013300
0.021920	-4.013300
0.022000	-4.013300
0.022080	-4.013300
0.022160	-4.206200
0.022240	-4.206200
0.022320	-4.013300
0.022400	-4.206200
0.022480	-4.206200
0.022560	-4.206200
0.022640	-4.206200
0.022720	-4.206200
0.022800	-4.206200
0.022880	-4.206200
0.022960	-4.206200
0.023040	-4.206200
0.023120	-4.206200
0.023200	-4.206200
0.023280	-4.206200
0.023360	-4.206200
0.023440	-4.206200
0.023520	-4.206200
0.023600	-4.206200
0.023680	-4.206200
0.023760	-4.206200
0.023840	-4.206200
0.023920	-4.399200
0.024000	-4.399200
0.024080	-4.399200
0.024160	-4.399200
0.024240	-4.399200
0.024320	-4.399200
0.024400	-4.399200
0.024480	-4.592100
0.024560	-4.592100
0.024640	-4.592100
0.024720	-4.592100
0.024800	-4.592100
0.024880	-4.592100
0.024960	-4.592100
0.025040	-4.592100
0.025120	-4.592100
0.025200	-4.592100
0.025280	-4.592100
0.025360	-4.592100
0.025440	-4.785100
0.025520	-4.592100
0.025600	-4.785100
0.025680	-4.785100
0.025760	-4.785100
0.025840	-4.785100
0.025920	-4.978000
0.026000	-4.785100
0.026080	-4.785100
0.026160	-4.978000
0.026240	-4.978000
0.026320	-4.978000
0.026400	-4.978000
0.026480	-4.978000
0.026560	-4.978000
0.026640	-4.978000
0.026720	-4.978000
0.026800	-4.978000
0.026880	-5.171000
0.026960	-5.171000
0.027040	-5.171000
0.027120	-5.171000
0.027200	-5.171000
0.027280	-5.171000
0.027360	-5.171000
0.027440	-5.171000
0.027520	-5.363900
0.027600	-5.363900
0.027680	-5.363900
0.027760	-5.363900
0.027840	-5.363900
0.027920	-5.363900
0.028000	-5.363900
0.028080	-5.556900
0.028160	-5.556900
0.028240	-5.556900
0.028320	-5.556900
0.028400	-5.556900
0.028480	-5.556900
0.028560	-5.749800
0.028640	-5.749800
0.028720	-5.749800
0.028800	-5.749800
0.028880	-5.749800
0.028960	-5.749800
0.029040	-5.749800
0.029120	-5.942800
0.029200	-5.942800
0.029280	-5.749800
0.029360	-5.942800
0.029440	-5.942800
0.029520	-5.942800
0.029600	-5.942800
0.029680	-6.135700
0.029760	-6.135700
0.029840	-6.135700
0.029920	-6.135700
0.030000	-6.135700
0.030080	-6.135700
0.030160	-6.135700
0.030240	-6.328700
0.030320	-6.328700
0.030400	-6.328700
0.030480	-6.328700
0.030560	-6.328700
0.030640	-6.521600
0.030720	-6.521600
0.030800	-6.521600
0.030880	-6.521600
0.030960	-6.521600
0.031040	-6.714600
0.031120	-6.714600
0.031200	-6.521600
0.031280	-6.714600
0.031360	-6.714600
0.031440	-6.714600
0.031520	-6.714600
0.031600	-6.907500
0.031680	-6.907500
0.031760	-6.907500
0.031840	-6.907500
0.031920	-6.907500
0.032000	-6.907500
0.032080	-7.100500
0.032160	-7.100500
0.032240	-7.100500
0.032320	-7.293400
0.032400	-7.293400
0.032480	-7.293400
0.032560	-7.293400
0.032640	-7.293400
0.032720	-7.486400
0.032800	-7.486400
0.032880	-7.486400
0.032960	-7.486400
0.033040	-7.679300
0.033120	-7.679300
0.033200	-7.679300
0.033280	-7.679300
0.033360	-7.679300
0.033440	-7.872300
0.033520	-7.872300
0.033600	-7.872300
0.033680	-7.872300
0.033760	-8.065200
0.033840	-8.065200
0.033920	-8.065200
0.034000	-8.065200
0.034080	-8.258200
0.034160	-8.258200
0.034240	-8.258200
0.034320	-8.258200
0.034400	-8.258200
0.034480	-8.258200
0.034560	-8.451100
0.034640	-8.451100
0.034720	-8.644100
0.034800	-8.644100
0.034880	-8.644100
0.034960	-8.644100
0.035040	-8.644100
0.035120	-8.837000
0.035200	-8.837000
0.035280	-8.837000
0.035360	-9.030000
0.035440	-9.030000
0.035520	-9.030000
0.035600	-9.030000
0.035680	-9.030000
0.035760	-9.222900
0.035840	-9.222900
0.035920	-9.222900
0.036000	-9.222900
0.036080	-9.415800
0.036160	-9.415800
0.036240	-9.415800
0.036320	-9.415800
0.036400	-9.608800
0.036480	-9.415800
0.036560	-9.608800
0.036640	-9.608800
0.036720	-9.801800
0.036800	-9.801800
0.036880	-9.801800
0.036960	-9.994700
0.037040	-9.801800
0.037120	-9.994700
0.037200	-9.994700
0.037280	-9.994700
0.037360	-9.994700
0.037440	-9.994700
0.037520	-9.994700
0.037600	-10.188000
0.037680	-10.188000
0.037760	-10.188000
0.037840	-10.188000
0.037920	-10.381000
0.038000	-10.381000
0.038080	-10.381000
0.038160	-10.381000
0.038240	-10.381000
0.038320	-10.381000
0.038400	-10.381000
0.038480	-10.381000
0.038560	-10.381000
0.038640	-10.573000
0.038720	-10.573000
0.038800	-10.573000
0.038880	-10.767000
0.038960	-10.767000
0.039040	-10.767000
0.039120	-10.959000
0.039200	-10.959000
0.039280	-10.959000
0.039360	-11.152000
0.039440	-11.152000
0.039520	-11.345000
0.039600	-11.345000
0.039680	-11.345000
0.039760	-11.345000
0.039840	-11.538000
0.039920	-11.345000
0.040000	-11.538000
0.040080	-11.538000
0.040160	-11.538000
0.040240	-11.345000
0.040320	-11.345000
0.040400	-11.345000
0.040480	-11.345000
0.040560	-11.152000
0.040640	-11.152000
0.040720	-11.152000
0.040800	-11.152000
0.040880	-11.152000
0.040960	-11.152000
0.041040	-11.345000
0.041120	-11.345000
0.041200	-11.345000
0.041280	-11.345000
0.041360	-11.538000
0.041440	-11.538000
0.041520	-11.538000
0.041600	-11.731000
0.041680	-11.731000
0.041760	-11.924000
0.041840	-11.924000
0.041920	-11.924000
0.042000	-11.924000
0.042080	-12.117000
0.042160	-12.117000
0.042240	-12.310000
0.042320	-12.310000
0.042400	-12.310000
0.042480	-12.503000
0.042560	-12.503000
0.042640	-12.503000
0.042720	-12.503000
0.042800	-12.696000
0.042880	-12.696000
0.042960	-12.696000
0.043040	-12.696000
0.043120	-12.696000
0.043200	-12.889000
0.043280	-12.889000
0.043360	-13.082000
0.043440	-13.082000
0.043520	-13.082000
0.043600	-13.082000
0.043680	-13.082000
0.043760	-13.082000
0.043840	-13.275000
0.043920	-13.275000
0.044000	-13.468000
0.044080	-13.468000
0.044160	-13.468000
0.044240	-13.468000
0.044320	-13.468000
0.044400	-13.661000
0.044480	-13.661000
0.044560	-13.661000
0.044640	-13.661000
0.044720	-13.661000
0.044800	-13.661000
0.044880	-13.661000
0.044960	-13.661000
0.045040	-13.661000
0.045120	-13.661000
0.045200	-13.661000
0.045280	-13.661000
0.045360	-13.661000
0.045440	-13.468000
0.045520	-13.468000
0.045600	-13.468000
0.045680	-13.661000
0.045760	-13.661000
0.045840	-13.661000
0.045920	-13.661000
0.046000	-13.854000
0.046080	-13.854000
0.046160	-13.854000
0.046240	-13.854000
0.046320	-14.047000
0.046400	-14.047000
0.046480	-14.240000
0.046560	-14.432000
0.046640	-14.432000
0.046720	-14.625000
0.046800	-14.625000
0.046880	-14.625000
0.046960	-14.818000
0.047040	-15.011000
0.047120	-15.011000
0.047200	-15.204000
0.047280	-15.204000
0.047360	-15.397000
0.047440	-15.397000
0.047520	-15.590000
0.047600	-15.590000
0.047680	-15.590000
0.047760	-15.590000
0.047840	-15.783000
0.047920	-15.783000
0.048000	-15.783000
0.048080	-15.783000
0.048160	-15.976000
0.048240	-15.976000
0.048320	-15.976000
0.048400	-16.169001
0.048480	-16.169001
0.048560	-16.169001
0.048640	-16.169001
0.048720	-16.169001
0.048800	-16.362000
0.048880	-16.362000
0.048960	-16.362000
0.049040	-16.362000
0.049120	-16.555000
0.049200	-16.555000
0.049280	-16.555000
0.049360	-16.555000
0.049440	-16.747999
0.049520	-16.747999
0.049600	-16.747999
0.049680	-16.747999
0.049760	-16.747999
0.049840	-16.941000
0.049920	-16.941000
0.050000	-16.941000
0.050080	-16.941000
0.050160	-16.941000
0.050240	-16.941000
0.050320	-16.941000
0.050400	-17.134001
0.050480	-17.134001
0.050560	-17.134001
0.050640	-17.134001
0.050720	-17.327000
0.050800	-17.134001
0.050880	-17.134001
0.050960	-17.327000
0.051040	-17.327000
0.051120	-17.327000
0.051200	-17.520000
0.051280	-17.520000
0.051360	-17.327000
0.051440	-17.520000
0.051520	-17.520000
0.051600	-17.520000
0.051680	-17.520000
0.051760	-17.520000
0.051840	-17.520000
0.051920	-17.520000
0.052000	-17.520000
0.052080	-17.712999
0.052160	-17.712999
0.052240	-17.712999
0.052320	-17.712999
0.052400	-17.712999
0.052480	-17.906000
0.052560	-17.906000
0.052640	-17.906000
0.052720	-17.906000
0.052800	-17.906000
0.052880	-18.099001
0.052960	-18.099001
0.053040	-18.099001
0.053120	-18.099001
0.053200	-18.099001
0.053280	-18.099001
0.053360	-18.292000
0.053440	-18.292000
0.053520	-18.292000
0.053600	-18.292000
0.053680	-18.292000
0.053760	-18.483999
0.053840	-18.483999
0.053920	-18.483999
0.054000	-18.483999
0.054080	-18.483999
0.054160	-18.483999
0.054240	-18.483999
0.054320	-18.483999
0.054400	-18.483999
0.054480	-18.677000
0.054560	-18.677000
0.054640	-18.677000
0.054720	-18.677000
0.054800	-18.677000
0.054880	-18.677000
0.054960	-18.677000
0.055040	-18.870001
0.055120	-18.870001
0.055200	-18.870001
0.055280	-18.870001
0.055360	-18.870001
0.055440	-19.063000
0.055520	-19.063000
0.055600	-19.063000
0.055680	-19.256001
0.055760	-19.256001
0.055840	-19.256001
0.055920	-19.256001
0.056000	-19.256001
0.056080	-19.448999
0.056160	-19.448999
0.056240	-19.448999
0.056320	-19.448999
0.056400	-19.448999
0.056480	-19.642000
0.056560	-19.642000
0.056640	-19.642000
0.056720	-19.642000
0.056800	-19.642000
0.056880	-19.642000
0.056960	-19.642000
0.057040	-19.642000
0.057120	-19.834999
0.057200	-19.834999
0.057280	-20.028000
0.057360	-20.028000
0.057440	-20.028000
0.057520	-20.028000
0.057600	-20.028000
0.057680	-20.028000
0.057760	-20.221001
0.057840	-20.221001
0.057920	-20.221001
0.058000	-20.221001
0.058080	-20.221001
0.058160	-20.221001
0.058240	-20.414000
0.058320	-20.414000
0.058400	-20.414000
0.058480	-20.414000
0.058560	-20.414000
0.058640	-20.607000
0.058720	-20.607000
0.058800	-20.607000
0.058880	-20.607000
0.058960	-20.799999
0.059040	-20.799999
0.059120	-20.799999
0.059200	-20.799999
0.059280	-20.799999
0.059360	-20.993000
0.059440	-20.993000
0.059520	-20.993000
0.059600	-20.993000
0.059680	-21.186001
0.059760	-21.186001
0.059840	-21.186001
0.059920	-21.186001
0.060000	-21.186001
0.060080	-21.379000
0.060160	-21.379000
0.060240	-21.379000
0.060320	-21.379000
0.060400	-21.379000
0.060480	-21.379000
0.060560	-21.379000
0.060640	-21.379000
0.060720	-21.379000
0.060800	-21.379000
0.060880	-21.572001
0.060960	-21.572001
0.061040	-21.572001
0.061120	-21.572001
0.061200	-21.379000
0.061280	-21.572001
0.061360	-21.379000
0.061440	-21.572001
0.061520	-21.572001
0.061600	-21.572001
0.061680	-21.572001
0.061760	-21.572001
0.061840	-21.572001
0.061920	-21.572001
0.062000	-21.572001
0.062080	-21.764999
0.062160	-21.764999
0.062240	-21.764999
0.062320	-21.764999
0.062400	-21.764999
0.062480	-21.764999
0.062560	-21.764999
0.062640	-21.958000
0.062720	-21.764999
0.062800	-21.958000
0.062880	-21.958000
0.062960	-21.958000
0.063040	-21.958000
0.063120	-21.958000
0.063200	-22.150000
0.063280	-22.150000
0.063360	-22.150000
0.063440	-22.150000
0.063520	-22.150000
0.063600	-22.150000
0.063680	-22.150000
0.063760	-22.150000
0.063840	-22.150000
0.063920	-22.150000
0.064000	-22.150000
0.064080	-22.150000
0.064160	-22.150000
0.064240	-22.150000
0.064320	-22.150000
0.064400	-22.150000
0.064480	-22.150000
0.064560	-22.150000
0.064640	-22.150000
0.064720	-22.150000
0.064800	-22.343000
0.064880	-22.343000
0.064960	-22.343000
0.065040	-22.343000
0.065120	-22.343000
0.065200	-22.343000
0.065280	-22.343000
0.065360	-22.343000
0.065440	-22.535999
0.065520	-22.535999
0.065600	-22.535999
0.065680	-22.535999
0.065760	-22.535999
0.065840	-22.535999
0.065920	-22.535999
0.066000	-22.535999
0.066080	-22.535999
0.066160	-22.535999
0.066240	-22.535999
0.066320	-22.535999
0.066400	-22.535999
0.066480	-22.535999
0.066560	-22.535999
0.066640	-22.535999
0.066720	-22.343000
0.066800	-22.343000
0.066880	-22.535999
0.066960	-22.343000
0.067040	-22.343000
0.067120	-22.343000
0.067200	-22.343000
0.067280	-22.150000
0.067360	-22.343000
0.067440	-22.150000
0.067520	-22.343000
0.067600	-22.150000
0.067680	-22.150000
0.067760	-22.150000
0.067840	-22.150000
0.067920	-22.150000
0.068000	-22.150000
0.068080	-22.150000
0.068160	-22.150000
0.068240	-22.150000
0.068320	-22.150000
0.068400	-22.150000
0.068480	-22.150000
0.068560	-22.150000
0.068640	-22.150000
0.068720	-22.150000
0.068800	-22.343000
0.068880	-22.343000
0.068960	-22.343000
0.069040	-22.343000
0.069120	-22.343000
0.069200	-22.343000
0.069280	-22.343000
0.069360	-22.343000
0.069440	-22.343000
0.069520	-22.343000
0.069600	-22.343000
0.069680	-22.343000
0.069760	-22.343000
0.069840	-22.343000
0.069920	-22.150000
0.070000	-22.343000
0.070080	-22.343000
0.070160	-22.343000
0.070240	-22.343000
0.070320	-22.343000
0.070400	-22.150000
0.070480	-22.150000
0.070560	-22.150000
0.070640	-21.958000
0.070720	-22.150000
0.070800	-21.958000
0.070880	-21.958000
0.070960	-21.958000
0.071040	-21.958000
0.071120	-21.764999
0.071200	-21.764999
0.071280	-21.764999
0.071360	-21.764999
0.071440	-21.764999
0.071520	-21.764999
0.071600	-21.764999
0.071680	-21.764999
0.071760	-21.764999
0.071840	-21.764999
0.071920	-21.764999
0.072000	-21.764999
0.072080	-21.958000
0.072160	-21.764999
0.072240	-21.958000
0.072320	-21.958000
0.072400	-21.958000
0.072480	-21.958000
0.072560	-21.958000
0.072640	-21.958000
0.072720	-21.958000
0.072800	-22.150000
0.072880	-22.150000
0.072960	-22.150000
0.073040	-22.150000
0.073120	-22.150000
0.073200	-22.150000
0.073280	-22.150000
0.073360	-22.150000
0.073440	-22.150000
0.073520	-22.150000
0.073600	-22.150000
0.073680	-22.150000
0.073760	-22.150000
0.073840	-22.150000
0.073920	-22.150000
0.074000	-21.958000
0.074080	-22.150000
0.074160	-22.150000
0.074240	-22.150000
0.074320	-22.150000
0.074400	-22.150000
0.074480	-22.150000
0.074560	-22.150000
0.074640	-22.150000
0.074720	-21.958000
0.074800	-21.958000
0.074880	-21.958000
0.074960	-21.958000
0.075040	-21.958000
0.075120	-21.764999
0.075200	-21.958000
0.075280	-21.764999
0.075360	-21.764999
0.075440	-21.764999
0.075520	-21.764999
0.075600	-21.764999
0.075680	-21.572001
0.075760	-21.572001
0.075840	-21.572001
0.075920	-21.572001
0.076000	-21.572001
0.076080	-21.572001
0.076160	-21.572001
0.076240	-21.379000
0.076320	-21.379000
0.076400	-21.379000
0.076480	-21.186001
0.076560	-21.186001
0.076640	-21.186001
0.076720	-21.186001
0.076800	-21.186001
0.076880	-21.186001
0.076960	-21.186001
0.077040	-21.186001
0.077120	-20.993000
0.077200	-20.993000
0.077280	-20.993000
0.077360	-20.799999
0.077440	-20.799999
0.077520	-20.799999
0.077600	-20.993000
0.077680	-20.799999
0.077760	-20.799999
0.077840	-20.799999
0.077920	-20.799999
0.078000	-20.607000
0.078080	-20.607000
0.078160	-20.607000
0.078240	-20.607000
0.078320	-20.607000
0.078400	-20.414000
0.078480	-20.607000
0.078560	-20.414000
0.078640	-20.414000
0.078720	-20.414000
0.078800	-20.414000
0.078880	-20.414000
0.078960	-20.221001
0.079040	-20.221001
0.079120	-20.221001
0.079200	-20.221001
0.079280	-20.221001
0.079360	-20.028000
0.079440	-20.028000
0.079520	-20.028000
0.079600	-20.028000
0.079680	-20.028000
0.079760	-19.834999
0.079840	-19.834999
0.079920	-19.834999
0.080000	-19.834999
0.080080	-19.834999
0.080160	-19.642000
0.080240	-19.642000
0.080320	-19.642000
0.080400	-19.642000
0.080480	-19.642000
0.080560	-19.642000
0.080640	-19.448999
0.080720	-19.448999
0.080800	-19.448999
0.080880	-19.448999
0.080960	-19.448999
0.081040	-19.256001
0.081120	-19.256001
0.081200	-19.256001
0.081280	-19.256001
0.081360	-19.256001
0.081440	-19.256001
0.081520	-19.063000
0.081600	-19.063000
0.081680	-19.063000
0.081760	-19.063000
0.081840	-19.063000
0.081920	-19.063000
0.082000	-18.870001
0.082080	-18.870001
0.082160	-18.870001
0.082240	-18.677000
0.082320	-18.677000
0.082400	-18.677000
0.082480	-18.483999
0.082560	-18.483999
0.082640	-18.483999
0.082720	-18.292000
0.082800	-18.292000
0.082880	-18.292000
0.082960	-18.099001
0.083040	-18.099001
0.083120	-17.906000
0.083200	-17.906000
0.083280	-17.906000
0.083360	-17.712999
0.083440	-17.712999
0.083520	-17.520000
0.083600	-17.520000
0.083680	-17.327000
0.083760	-17.327000
0.083840	-17.134001
0.083920	-16.941000
0.084000	-16.941000
0.084080	-16.941000
0.084160	-16.747999
0.084240	-16.747999
0.084320	-16.747999
0.084400	-16.555000
0.084480	-16.555000
0.084560	-16.362000
0.084640	-16.362000
0.084720	-16.169001
0.084800	-16.169001
0.084880	-16.169001
0.084960	-15.976000
0.085040	-15.783000
0.085120	-15.783000
0.085200	-15.783000
0.085280	-15.590000
0.085360	-15.397000
0.085440	-15.397000
0.085520	-15.397000
0.085600	-15.397000
0.085680	-15.204000
0.085760	-15.204000
0.085840	-15.011000
0.085920	-15.011000
0.086000	-14.818000
0.086080	-14.818000
0.086160	-14.625000
0.086240	-14.625000
0.086320	-14.432000
0.086400	-14.432000
0.086480	-14.240000
0.086560	-14.240000
0.086640	-14.047000
0.086720	-14.047000
0.086800	-13.854000
0.086880	-13.854000
0.086960	-13.854000
0.087040	-13.661000
0.087120	-13.468000
0.087200	-13.468000
0.087280	-13.468000
0.087360	-13.468000
0.087440	-13.275000
0.087520	-13.275000
0.087600	-13.082000
0.087680	-13.082000
0.087760	-13.082000
0.087840	-13.082000
0.087920	-12.889000
0.088000	-12.889000
0.088080	-12.696000
0.088160	-12.696000
0.088240	-12.696000
0.088320	-12.503000
0.088400	-12.503000
0.088480	-12.503000
0.088560	-12.310000
0.088640	-12.310000
0.088720	-12.310000
0.088800	-12.310000
0.088880	-12.310000
0.088960	-12.117000
0.089040	-12.117000
0.089120	-12.117000
0.089200	-12.117000
0.089280	-12.310000
0.089360	-12.310000
0.089440	-12.310000
0.089520	-12.310000
0.089600	-12.310000
0.089680	-12.310000
0.089760	-12.310000
0.089840	-12.310000
0.089920	-12.503000
0.090000	-12.503000
0.090080	-12.503000
0.090160	-12.696000
0.090240	-12.696000
0.090320	-12.696000
0.090400	-12.696000
0.090480	-12.696000
0.090560	-12.696000
0.090640	-12.696000
0.090720	-12.889000
0.090800	-12.696000
0.090880	-12.889000
0.090960	-12.889000
0.091040	-12.889000
0.091120	-12.696000
0.091200	-12.889000
0.091280	-12.696000
0.091360	-12.696000
0.091440	-12.696000
0.091520	-12.889000
0.091600	-12.889000
0.091680	-12.889000
0.091760	-12.889000
0.091840	-12.889000
0.091920	-12.889000
0.092000	-12.889000
0.092080	-12.889000
0.092160	-12.889000
0.092240	-12.889000
0.092320	-12.889000
0.092400	-12.889000
0.092480	-12.889000
0.092560	-12.889000
0.092640	-12.889000
0.092720	-12.889000
0.092800	-13.082000
0.092880	-12.889000
0.092960	-12.889000
0.093040	-13.082000
0.093120	-13.082000
0.093200	-13.082000
0.093280	-13.082000
0.093360	-12.889000
0.093440	-13.082000
0.093520	-13.082000
0.093600	-13.082000
0.093680	-13.082000
0.093760	-12.889000
0.093840	-13.082000
0.093920	-12.889000
0.094000	-12.889000
0.094080	-12.889000
0.094160	-12.889000
0.094240	-12.889000
0.094320	-12.889000
0.094400	-12.889000
0.094480	-12.889000
0.094560	-12.889000
0.094640	-12.889000
0.094720	-12.889000
0.094800	-12.889000
0.094880	-12.889000
0.094960	-12.889000
0.095040	-12.889000
0.095120	-12.696000
0.095200	-12.696000
0.095280	-12.696000
0.095360	-12.696000
0.095440	-12.696000
0.095520	-12.696000
0.095600	-12.696000
0.095680	-12.696000
0.095760	-12.696000
0.095840	-12.696000
0.095920	-12.696000
0.096000	-12.696000
0.096080	-12.503000
0.096160	-12.503000
0.096240	-12.503000
0.096320	-12.503000
0.096400	-12.503000
0.096480	-12.503000
0.096560	-12.503000
0.096640	-12.503000
0.096720	-12.503000
0.096800	-12.310000
0.096880	-12.310000
0.096960	-12.310000
0.097040	-12.310000
0.097120	-12.310000
0.097200	-12.503000
0.097280	-12.503000
0.097360	-12.696000
0.097440	-12.696000
0.097520	-12.889000
0.097600	-12.889000
0.097680	-13.082000
0.097760	-13.082000
0.097840	-13.082000
0.097920	-13.082000
0.098000	-13.082000
0.098080	-13.082000
0.098160	-13.082000
0.098240	-13.082000
0.098320	-13.082000
0.098400	-12.889000
0.098480	-12.889000
0.098560	-12.889000
0.098640	-12.889000
0.098720	-12.889000
0.098800	-12.889000
0.098880	-12.696000
0.098960	-12.696000
0.099040	-12.696000
0.099120	-12.696000
0.099200	-12.696000
0.099280	-12.696000
0.099360	-12.696000
0.099440	-12.696000
0.099520	-12.696000
0.099600	-12.696000
0.099680	-12.696000
0.099760	-12.696000
0.099840	-12.696000
0.099920	-12.889000
0.100000	-12.889000
0.100080	-12.889000
0.100160	-12.696000
0.100240	-12.889000
0.100320	-12.889000
0.100400	-12.889000
0.100480	-12.889000
0.100560	-12.889000
0.100640	-12.889000
0.100720	-12.696000
0.100800	-12.696000
0.100880	-12.696000
0.100960	-12.696000
0.101040	-12.503000
0.101120	-12.696000
0.101200	-12.503000
0.101280	-12.696000
0.101360	-12.503000
0.101440	-12.503000
0.101520	-12.696000
0.101600	-12.503000
0.101680	-12.503000
0.101760	-12.503000
0.101840	-12.696000
0.101920	-12.503000
0.102000	-12.503000
0.102080	-12.696000
0.102160	-12.696000
0.102240	-12.696000
0.102320	-12.696000
0.102400	-12.696000
0.102480	-12.696000
0.102560	-12.696000
0.102640	-12.696000
0.102720	-12.696000
0.102800	-12.503000
0.102880	-12.503000
0.102960	-12.503000
0.103040	-12.503000
0.103120	-12.503000
0.103200	-12.503000
0.103280	-12.503000
0.103360	-12.503000
0.103440	-12.503000
0.103520	-12.503000
0.103600	-12.503000
0.103680	-12.503000
0.103760	-12.503000
0.103840	-12.503000
0.103920	-12.503000
0.104000	-12.503000
0.104080	-12.503000
0.104160	-12.503000
0.104240	-12.503000
0.104320	-12.503000
0.104400	-12.503000
0.104480	-12.503000
0.104560	-12.310000
0.104640	-12.310000
0.104720	-12.503000
0.104800	-12.310000
0.104880	-12.310000
0.104960	-12.310000
0.105040	-12.310000
0.105120	-12.117000
0.105200	-12.310000
0.105280	-12.310000
0.105360	-12.310000
0.105440	-12.117000
0.105520	-12.117000
0.105600	-12.117000
0.105680	-12.117000
0.105760	-12.310000
0.105840	-12.117000
0.105920	-12.117000
0.106000	-12.310000
0.106080	-12.310000
0.106160	-12.117000
0.106240	-12.117000
0.106320	-12.117000
0.106400	-12.117000
0.106480	-12.117000
0.106560	-12.310000
0.106640	-12.117000
0.106720	-12.117000
0.106800	-12.117000
0.106880	-12.117000
0.106960	-12.117000
0.107040	-12.117000
0.107120	-12.117000
0.107200	-12.117000
0.107280	-11.924000
0.107360	-11.924000
0.107440	-11.924000
0.107520	-11.924000
0.107600	-11.924000
0.107680	-11.924000
0.107760	-11.924000
0.107840	-11.924000
0.107920	-11.924000
0.108000	-11.924000
0.108080	-11.924000
0.108160	-11.924000
0.108240	-11.731000
0.108320	-11.924000
0.108400	-11.731000
0.108480	-11.731000
0.108560	-11.924000
0.108640	-11.731000
0.108720	-11.731000
0.108800	-11.731000
0.108880	-11.731000
0.108960	-11.731000
0.109040	-11.731000
0.109120	-11.731000
0.109200	-11.538000
0.109280	-11.538000
0.109360	-11.538000
0.109440	-11.538000
0.109520	-11.538000
0.109600	-11.538000
0.109680	-11.538000
0.109760	-11.538000
0.109840	-11.538000
0.109920	-11.538000
0.110000	-11.538000
0.110080	-11.538000
0.110160	-11.345000
0.110240	-11.345000
0.110320	-11.345000
0.110400	-11.345000
0.110480	-11.345000
0.110560	-11.345000
0.110640	-11.345000
0.110720	-11.152000
0.110800	-11.152000
0.110880	-11.152000
0.110960	-11.152000
0.111040	-10.959000
0.111120	-10.959000
0.111200	-10.959000
0.111280	-10.959000
0.111360	-10.959000
0.111440	-10.959000
0.111520	-10.767000
0.111600	-10.767000
0.111680	-10.767000
0.111760	-10.573000
0.111840	-10.573000
0.111920	-10.381000
0.112000	-10.381000
0.112080	-10.188000
0.112160	-10.188000
0.112240	-9.994700
0.112320	-9.994700
0.112400	-9.801800
0.112480	-9.608800
0.112560	-9.415800
0.112640	-9.415800
0.112720	-9.222900
0.112800	-9.030000
0.112880	-9.030000
0.112960	-8.837000
0.113040	-8.644100
0.113120	-8.451100
0.113200	-8.451100
0.113280	-8.258200
0.113360	-8.065200
0.113440	-8.065200
0.113520	-7.872300
0.113600	-7.679300
0.113680	-7.679300
0.113760	-7.486400
0.113840	-7.486400
0.113920	-7.293400
0.114000	-7.100500
0.114080	-7.100500
0.114160	-6.907500
0.114240	-6.714600
0.114320	-6.714600
0.114400	-6.521600
0.114480	-6.521600
0.114560	-6.328700
0.114640	-6.328700
0.114720	-6.135700
0.114800	-6.135700
0.114880	-5.942800
0.114960	-5.749800
0.115040	-5.749800
0.115120	-5.749800
0.115200	-5.556900
0.115280	-5.556900
0.115360	-5.556900
0.115440	-5.363900
0.115520	-5.363900
0.115600	-5.171000
0.115680	-4.978000
0.115760	-4.978000
0.115840	-4.785100
0.115920	-4.785100
0.116000	-4.592100
0.116080	-4.592100
0.116160	-4.592100
0.116240	-4.399200
0.116320	-4.399200
0.116400	-4.206200
0.116480	-4.206200
0.116560	-4.013300
0.116640	-4.013300
0.116720	-3.820300
0.116800	-3.820300
0.116880	-3.627400
0.116960	-3.627400
0.117040	-3.434400
0.117120	-3.434400
0.117200	-3.434400
0.117280	-3.241500
0.117360	-3.241500
0.117440	-3.048500
0.117520	-3.048500
0.117600	-3.048500
0.117680	-2.855600
0.117760	-2.855600
0.117840	-2.662700
0.117920	-2.662700
0.118000	-2.662700
0.118080	-2.469700
0.118160	-2.469700
0.118240	-2.276800
0.118320	-2.276800
0.118400	-2.083800
0.118480	-2.083800
0.118560	-1.890800
0.118640	-1.890800
0.118720	-1.890800
0.118800	-1.890800
0.118880	-1.697900
0.118960	-1.697900
0.119040	-1.697900
0.119120	-1.505000
0.119200	-1.505000
0.119280	-1.505000
0.119360	-1.312000
0.119440	-1.312000
0.119520	-1.312000
0.119600	-1.119100
0.119680	-1.119100
0.119760	-1.119100
0.119840	-0.926110
0.119920	-0.926110
0.120000	-0.926110
0.120080	-0.733160
0.120160	-0.733160
0.120240	-0.733160
0.120320	-0.733160
0.120400	-0.733160
0.120480	-0.540210
0.120560	-0.540210
0.120640	-0.347260
0.120720	-0.347260
0.120800	-0.347260
0.120880	-0.347260
0.120960	-0.154310
0.121040	-0.154310
0.121120	-0.154310
0.121200	0.038637
0.121280	0.038637
0.121360	0.038637
0.121440	0.038637
0.121520	0.231590
0.121600	0.231590
0.121680	0.231590
0.121760	0.424540
0.121840	0.231590
0.121920	0.424540
0.122000	0.424540
0.122080	0.424540
0.122160	0.617480
0.122240	0.617480
0.122320	0.617480
0.122400	0.617480
0.122480	0.810430
0.122560	0.810430
0.122640	0.810430
0.122720	1.003400
0.122800	1.003400
0.122880	1.003400
0.122960	1.003400
0.123040	1.196300
0.123120	1.196300
0.123200	1.196300
0.123280	1.196300
0.123360	1.389300
0.123440	1.389300
0.123520	1.389300
0.123600	1.389300
0.123680	1.582200
0.123760	1.582200
0.123840	1.582200
0.123920	1.582200
0.124000	1.582200
0.124080	1.582200
0.124160	1.775200
0.124240	1.775200
0.124320	1.775200
0.124400	1.775200
0.124480	1.775200
0.124560	1.968100
0.124640	1.968100
0.124720	1.968100
0.124800	1.968100
0.124880	2.161100
0.124960	2.161100
0.125040	2.354000
0.125120	2.354000
0.125200	2.354000
0.125280	2.547000
0.125360	2.547000
0.125440	2.547000
0.125520	2.547000
0.125600	2.547000
0.125680	2.739900
0.125760	2.739900
0.125840	2.739900
0.125920	2.739900
0.126000	2.932900
0.126080	3.125800
0.126160	3.318800
0.126240	3.511700
0.126320	3.704700
0.126400	3.704700
0.126480	3.897600
0.126560	3.897600
0.126640	4.090600
0.126720	4.090600
0.126800	4.090600
0.126880	4.090600
0.126960	4.090600
0.127040	4.283500
0.127120	4.090600
0.127200	4.090600
0.127280	4.283500
0.127360	4.283500
0.127440	4.283500
0.127520	4.283500
0.127600	4.283500
0.127680	4.283500
0.127760	4.283500
0.127840	4.283500
0.127920	4.283500
0.128000	4.283500
0.128080	4.090600
0.128160	4.090600
0.128240	4.090600
0.128320	4.090600
0.128400	4.283500
0.128480	4.090600
0.128560	4.090600
0.128640	4.283500
0.128720	4.283500
0.128800	4.283500
0.128880	4.283500
0.128960	4.283500
0.129040	4.283500
0.129120	4.283500
0.129200	4.283500
0.129280	4.476500
0.129360	4.476500
0.129440	4.476500
0.129520	4.476500
0.129600	4.669400
0.129680	4.476500
0.129760	4.669400
0.129840	4.862400
0.129920	4.862400
0.130000	4.862400
0.130080	4.862400
0.130160	4.862400
0.130240	4.862400
0.130320	5.055300
0.130400	5.055300
0.130480	5.055300
0.130560	5.055300
0.130640	5.055300
0.130720	5.055300
0.130800	5.248300
0.130880	5.248300
0.130960	5.248300
0.131040	5.248300
0.131120	5.248300
0.131200	5.248300
0.131280	5.441200
0.131360	5.441200
0.131440	5.441200
0.131520	5.441200
0.131600	5.441200
0.131680	5.441200
0.131760	5.441200
0.131840	5.634200
0.131920	5.634200
0.132000	5.634200
0.132080	5.634200
0.132160	5.634200
0.132240	5.634200
0.132320	5.634200
0.132400	5.634200
0.132480	5.827100
0.132560	6.020100
0.132640	6.020100
0.132720	6.020100
0.132800	6.213000
0.132880	6.213000
0.132960	6.213000
0.133040	6.213000
0.133120	6.213000
0.133200	6.406000
0.133280	6.406000
0.133360	6.406000
0.133440	6.406000
0.133520	6.598900
0.133600	6.598900
0.133680	6.598900
0.133760	6.598900
0.133840	6.598900
0.133920	6.791900
0.134000	6.791900
0.134080	6.791900
0.134160	6.984800
0.134240	6.791900
0.134320	6.984800
0.134400	6.984800
0.134480	7.177700
0.134560	7.177700
0.134640	7.177700
0.134720	7.370700
0.134800	7.370700
0.134880	7.370700
0.134960	7.370700
0.135040	7.370700
0.135120	7.563600
0.135200	7.563600
0.135280	7.563600
0.135360	7.563600
0.135440	7.756600
0.135520	7.756600
0.135600	7.756600
0.135680	7.756600
0.135760	7.949500
0.135840	7.949500
0.135920	7.949500
0.136000	7.949500
0.136080	8.142500
0.136160	8.142500
0.136240	8.142500
0.136320	8.142500
0.136400	8.142500
0.136480	8.142500
0.136560	8.142500
0.136640	8.142500
0.136720	8.142500
0.136800	8.335400
0.136880	8.335400
0.136960	8.335400
0.137040	8.335400
0.137120	8.528400
0.137200	8.528400
0.137280	8.528400
0.137360	8.528400
0.137440	8.528400
0.137520	8.721300
0.137600	8.721300
0.137680	8.721300
0.137760	8.721300
0.137840	8.914300
0.137920	8.914300
0.138000	8.914300
0.138080	9.107200
0.138160	9.107200
0.138240	9.107200
0.138320	9.107200
0.138400	9.107200
0.138480	9.300200
0.138560	9.300200
0.138640	9.300200
0.138720	9.300200
0.138800	9.300200
0.138880	9.493100
0.138960	9.493100
0.139040	9.493100
0.139120	9.686100
0.139200	9.686100
0.139280	9.686100
0.139360	9.686100
0.139440	9.686100
0.139520	9.686100
0.139600	9.879000
0.139680	9.879000
0.139760	9.879000
0.139840	9.879000
0.139920	9.879000
0.140000	10.072000
0.140080	10.072000
0.140160	10.072000
0.140240	10.072000
0.140320	10.072000
0.140400	10.072000
0.140480	10.265000
0.140560	10.072000
0.140640	10.265000
0.140720	10.265000
0.140800	10.265000
0.140880	10.265000
0.140960	10.265000
0.141040	10.265000
0.141120	10.265000
0.141200	10.458000
0.141280	10.458000
0.141360	10.458000
0.141440	10.458000
0.141520	10.458000
0.141600	10.458000
0.141680	10.651000
0.141760	10.651000
0.141840	10.651000
0.141920	10.651000
0.142000	10.651000
0.142080	10.844000
0.142160	10.651000
0.142240	10.844000
0.142320	10.844000
0.142400	10.844000
0.142480	10.844000
0.142560	10.844000
0.142640	10.844000
0.142720	10.844000
0.142800	10.844000
0.142880	10.844000
0.142960	10.844000
0.143040	10.844000
0.143120	11.037000
0.143200	11.037000
0.143280	11.037000
0.143360	10.844000
0.143440	10.844000
0.143520	11.037000
0.143600	11.037000
0.143680	11.037000
0.143760	11.230000
0.143840	11.037000
0.143920	11.230000
0.144000	11.230000
0.144080	11.230000
0.144160	11.230000
0.144240	11.230000
0.144320	11.230000
0.144400	11.230000
0.144480	11.230000
0.144560	11.230000
0.144640	11.230000
0.144720	11.423000
0.144800	11.423000
0.144880	11.423000
0.144960	11.423000
0.145040	11.423000
0.145120	11.616000
0.145200	11.616000
0.145280	11.423000
0.145360	11.616000
0.145440	11.616000
0.145520	11.616000
0.145600	11.616000
0.145680	11.616000
0.145760	11.616000
0.145840	11.616000
0.145920	11.616000
0.146000	11.616000
0.146080	11.809000
0.146160	11.616000
0.146240	11.809000
0.146320	11.809000
0.146400	11.809000
0.146480	11.809000
0.146560	12.002000
0.146640	12.002000
0.146720	12.002000
0.146800	12.002000
0.146880	12.002000
0.146960	12.002000
0.147040	12.002000
0.147120	12.002000
0.147200	12.002000
0.147280	12.002000
0.147360	12.002000
0.147440	12.002000
0.147520	12.002000
0.147600	12.002000
0.147680	12.002000
0.147760	12.194000
0.147840	12.002000
0.147920	12.002000
0.148000	12.002000
0.148080	12.194000
0.148160	12.194000
0.148240	12.194000
0.148320	12.194000
0.148400	12.194000
0.148480	12.194000
0.148560	12.194000
0.148640	12.194000
0.148720	12.194000
0.148800	12.194000
0.148880	12.194000
0.148960	12.194000
0.149040	12.194000
0.149120	12.194000
0.149200	12.194000
0.149280	12.194000
0.149360	12.194000
0.149440	12.194000
0.149520	12.194000
0.149600	12.194000
0.149680	12.194000
0.149760	12.194000
0.149840	12.194000
0.149920	12.194000
0.150000	12.194000
0.150080	12.194000
0.150160	12.194000
0.150240	12.194000
0.150320	12.194000
0.150400	12.194000
0.150480	12.194000
0.150560	12.194000
0.150640	12.194000
0.150720	12.194000
0.150800	12.194000
0.150880	12.194000
0.150960	12.194000
0.151040	12.194000
0.151120	12.387000
0.151200	12.387000
0.151280	12.194000
0.151360	12.194000
0.151440	12.194000
0.151520	12.194000
0.151600	12.194000
0.151680	12.194000
0.151760	12.194000
0.151840	12.194000
0.151920	12.194000
0.152000	12.194000
0.152080	12.194000
0.152160	12.194000
0.152240	12.194000
0.152320	12.194000
0.152400	12.194000
0.152480	12.194000
0.152560	12.194000
0.152640	12.194000
0.152720	12.194000
0.152800	12.194000
0.152880	12.194000
0.152960	12.194000
0.153040	12.194000
0.153120	12.194000
0.153200	12.194000
0.153280	12.194000
0.153360	12.194000
0.153440	12.194000
0.153520	12.194000
0.153600	12.194000
0.153680	12.194000
0.153760	12.194000
0.153840	12.194000
0.153920	12.002000
0.154000	12.002000
0.154080	12.002000
0.154160	12.002000
0.154240	12.002000
0.154320	12.002000
0.154400	12.002000
0.154480	12.002000
0.154560	11.809000
0.154640	11.809000
0.154720	12.002000
0.154800	12.002000
0.154880	12.002000
0.154960	11.809000
0.155040	11.809000
0.155120	11.809000
0.155200	11.809000
0.155280	11.809000
0.155360	11.809000
0.155440	11.809000
0.155520	11.809000
0.155600	11.809000
0.155680	11.809000
0.155760	11.809000
0.155840	11.809000
0.155920	11.809000
0.156000	11.616000
0.156080	11.616000
0.156160	11.616000
0.156240	11.616000
0.156320	11.616000
0.156400	11.616000
0.156480	11.616000
0.156560	11.616000
0.156640	11.616000
0.156720	11.616000
0.156800	11.423000
0.156880	11.423000
0.156960	11.423000
0.157040	11.423000
0.157120	11.423000
0.157200	11.616000
0.157280	11.423000
0.157360	11.423000
0.157440	11.230000
0.157520	11.230000
0.157600	11.230000
0.157680	11.230000
0.157760	11.230000
0.157840	11.230000
0.157920	11.230000
0.158000	11.230000
0.158080	11.037000
0.158160	11.037000
0.158240	11.037000
0.158320	11.037000
0.158400	10.844000
0.158480	10.844000
0.158560	10.844000
0.158640	10.844000
0.158720	10.651000
0.158800	10.651000
0.158880	10.651000
0.158960	10.458000
0.159040	10.458000
0.159120	10.458000
0.159200	10.458000
0.159280	10.265000
0.159360	10.265000
0.159440	10.265000
0.159520	10.072000
0.159600	10.072000
0.159680	9.879000
0.159760	9.686100
0.159840	9.686100
0.159920	9.686100
0.160000	9.686100
0.160080	9.493100
0.160160	9.493100
0.160240	9.300200
0.160320	9.300200
0.160400	9.107200
0.160480	9.107200
0.160560	8.914300
0.160640	8.914300
0.160720	8.721300
0.160800	8.721300
0.160880	8.528400
0.160960	8.528400
0.161040	8.335400
0.161120	8.335400
0.161200	8.142500
0.161280	8.142500
0.161360	7.949500
0.161440	7.949500
0.161520	7.756600
0.161600	7.756600
0.161680	7.756600
0.161760	7.563600
0.161840	7.563600
0.161920	7.563600
0.162000	7.563600
0.162080	7.370700
0.162160	7.370700
0.162240	7.177700
0.162320	7.177700
0.162400	6.984800
0.162480	6.984800
0.162560	6.984800
0.162640	6.984800
0.162720	6.791900
0.162800	6.791900
0.162880	6.791900
0.162960	6.598900
0.163040	6.598900
0.163120	6.406000
0.163200	6.406000
0.163280	6.213000
0.163360	6.213000
0.163440	6.020100
0.163520	6.020100
0.163600	6.020100
0.163680	6.020100
0.163760	5.827100
0.163840	5.634200
0.163920	5.634200
0.164000	5.441200
0.164080	5.248300
0.164160	5.248300
0.164240	5.248300
0.164320	5.055300
0.164400	5.055300
0.164480	4.862400
0.164560	4.862400
0.164640	4.669400
0.164720	4.669400
0.164800	4.669400
0.164880	4.476500
0.164960	4.283500
0.165040	4.283500
0.165120	4.283500
0.165200	4.090600
0.165280	3.897600
0.165360	3.897600
0.165440	3.704700
0.165520	3.704700
0.165600	3.704700
0.165680	3.704700
0.165760	3.511700
0.165840	3.511700
0.165920	3.318800
0.166000	3.318800
0.166080	3.318800
0.166160	3.125800
0.166240	3.125800
0.166320	2.932900
0.166400	2.932900
0.166480	2.739900
0.166560	2.739900
0.166640	2.547000
0.166720	2.547000
0.166800	2.354000
0.166880	2.354000
0.166960	2.161100
0.167040	1.968100
0.167120	1.968100
0.167200	1.968100
0.167280	1.775200
0.167360	1.582200
0.167440	1.582200
0.167520	1.582200
0.167600	1.389300
0.167680	1.389300
0.167760	1.196300
0.167840	1.196300
0.167920	1.003400
0.168000	0.810430
0.168080	0.810430
0.168160	0.617480
0.168240	0.424540
0.168320	0.424540
0.168400	0.424540
0.168480	0.424540
0.168560	0.231590
0.168640	0.231590
0.168720	0.231590
0.168800	0.231590
0.168880	0.038637
0.168960	0.038637
0.169040	0.038637
0.169120	0.038637
0.169200	0.038637
0.169280	0.038637
0.169360	-0.154310
0.169440	0.038637
0.169520	-0.154310
0.169600	-0.154310
0.169680	-0.154310
0.169760	-0.154310
0.169840	-0.347260
0.169920	-0.540210
0.170000	-0.540210
0.170080	-0.540210
0.170160	-0.733160
0.170240	-0.733160
0.170320	-0.926110
0.170400	-0.926110
0.170480	-1.119100
0.170560	-1.505000
0.170640	-1.697900
0.170720	-2.276800
0.170800	-2.662700
0.170880	-3.241500
0.170960	-3.627400
0.171040	-4.013300
0.171120	-4.206200
0.171200	-4.399200
0.171280	-4.785100
0.171360	-5.171000
0.171440	-5.363900
0.171520	-5.556900
0.171600	-5.942800
0.171680	-6.135700
0.171760	-6.328700
0.171840	-6.521600
0.171920	-6.714600
0.172000	-6.521600
0.172080	-6.521600
0.172160	-6.328700
0.172240	-6.135700
0.172320	-6.135700
0.172400	-5.942800
0.172480	-5.749800
0.172560	-5.749800
0.172640	-5.749800
0.172720	-5.942800
0.172800	-6.135700
0.172880	-6.328700
0.172960	-6.521600
0.173040	-6.714600
0.173120	-6.907500
0.173200	-7.100500
0.173280	-7.293400
0.173360	-7.679300
0.173440	-7.679300
0.173520	-7.872300
0.173600	-7.872300
0.173680	-8.065200
0.173760	-8.451100
0.173840	-8.451100
0.173920	-8.644100
0.174000	-8.837000
0.174080	-9.030000
0.174160	-9.222900
0.174240	-9.222900
0.174320	-9.415800
0.174400	-9.415800
0.174480	-9.608800
0.174560	-9.608800
0.174640	-9.801800
0.174720	-9.801800
0.174800	-9.801800
0.174880	-9.801800
0.174960	-9.801800
0.175040	-9.994700
0.175120	-9.994700
0.175200	-9.994700
0.175280	-9.994700
0.175360	-9.994700
0.175440	-10.188000
0.175520	-10.188000
0.175600	-10.381000
0.175680	-10.573000
0.175760	-10.573000
0.175840	-10.767000
0.175920	-10.959000
0.176000	-10.959000
0.176080	-11.152000
0.176160	-11.538000
0.176240	-11.538000
0.176320	-11.731000
0.176400	-11.924000
0.176480	-11.924000
0.176560	-11.924000
0.176640	-12.117000
0.176720	-12.310000
0.176800	-12.310000
0.176880	-12.503000
0.176960	-12.503000
0.177040	-12.503000
0.177120	-12.503000
0.177200	-12.503000
0.177280	-12.696000
0.177360	-12.696000
0.177440	-12.889000
0.177520	-13.082000
0.177600	-13.275000
0.177680	-13.275000
0.177760	-13.468000
0.177840	-13.468000
0.177920	-13.468000
0.178000	-13.661000
0.178080	-13.661000
0.178160	-13.854000
0.178240	-13.854000
0.178320	-14.047000
0.178400	-14.047000
0.178480	-14.047000
0.178560	-14.047000
0.178640	-14.240000
0.178720	-14.240000
0.178800	-14.432000
0.178880	-14.432000
0.178960	-14.432000
0.179040	-14.240000
0.179120	-14.240000
0.179200	-14.047000
0.179280	-14.047000
0.179360	-13.854000
0.179440	-13.854000
0.179520	-13.661000
0.179600	-13.661000
0.179680	-13.661000
0.179760	-13.661000
0.179840	-13.854000
0.179920	-13.854000
0.180000	-14.047000
0.180080	-14.047000
0.180160	-14.240000
0.180240	-14.240000
0.180320	-14.240000
0.180400	-14.240000
0.180480	-14.240000
0.180560	-14.240000
0.180640	-14.240000
0.180720	-14.432000
0.180800	-14.432000
0.180880	-14.432000
0.180960	-14.625000
0.181040	-14.432000
0.181120	-14.625000
0.181200	-14.432000
0.181280	-14.432000
0.181360	-14.432000
0.181440	-14.240000
0.181520	-14.240000
0.181600	-14.047000
0.181680	-14.047000
0.181760	-13.854000
0.181840	-13.854000
0.181920	-13.854000
0.182000	-13.661000
0.182080	-13.661000
0.182160	-13.468000
0.182240	-13.275000
0.182320	-13.082000
0.182400	-12.889000
0.182480	-12.889000
0.182560	-12.696000
0.182640	-12.696000
0.182720	-12.889000
0.182800	-13.082000
0.182880	-13.468000
0.182960	-13.661000
0.183040	-14.047000
0.183120	-14.432000
0.183200	-14.818000
0.183280	-15.011000
0.183360	-15.011000
0.183440	-15.204000
0.183520	-15.011000
0.183600	-15.011000
0.183680	-15.011000
0.183760	-14.818000
0.183840	-14.625000
0.183920	-14.432000
0.184000	-14.432000
0.184080	-14.240000
0.184160	-14.240000
0.184240	-14.047000
0.184320	-13.854000
0.184400	-13.854000
0.184480	-13.661000
0.184560	-13.468000
0.184640	-13.468000
0.184720	-13.275000
0.184800	-13.082000
0.184880	-13.082000
0.184960	-13.082000
0.185040	-13.082000
0.185120	-13.082000
0.185200	-13.082000
0.185280	-13.275000
0.185360	-13.468000
0.185440	-13.468000
0.185520	-13.661000
0.185600	-13.661000
0.185680	-13.854000
0.185760	-13.854000
0.185840	-13.854000
0.185920	-13.854000
0.186000	-13.661000
0.186080	-13.661000
0.186160	-13.661000
0.186240	-13.661000
0.186320	-13.661000
0.186400	-13.468000
0.186480	-13.468000
0.186560	-13.468000
0.186640	-13.468000
0.186720	-13.275000
0.186800	-13.082000
0.186880	-13.082000
0.186960	-13.082000
0.187040	-12.889000
0.187120	-12.889000
0.187200	-12.889000
0.187280	-12.889000
0.187360	-12.889000
0.187440	-12.889000
0.187520	-12.696000
0.187600	-12.889000
0.187680	-12.889000
0.187760	-12.889000
0.187840	-12.889000
0.187920	-12.889000
0.188000	-12.889000
0.188080	-13.082000
0.188160	-13.082000
0.188240	-13.082000
0.188320	-12.889000
0.188400	-13.082000
0.188480	-13.082000
0.188560	-13.082000
0.188640	-13.082000
0.188720	-13.275000
0.188800	-13.082000
0.188880	-13.082000
0.188960	-13.082000
0.189040	-13.082000
0.189120	-13.082000
0.189200	-13.082000
0.189280	-12.889000
0.189360	-12.889000
0.189440	-12.889000
0.189520	-12.889000
0.189600	-12.889000
0.189680	-12.696000
0.189760	-12.696000
0.189840	-12.696000
0.189920	-12.696000
0.190000	-12.503000
0.190080	-12.503000
0.190160	-12.503000
0.190240	-12.503000
0.190320	-12.503000
0.190400	-12.310000
0.190480	-12.310000
0.190560	-12.310000
0.190640	-12.310000
0.190720	-12.117000
0.190800	-12.310000
0.190880	-12.310000
0.190960	-12.117000
0.191040	-12.310000
0.191120	-12.117000
0.191200	-12.117000
0.191280	-11.924000
0.191360	-11.924000
0.191440	-12.117000
0.191520	-12.117000
0.191600	-12.310000
0.191680	-12.310000
0.191760	-12.310000
0.191840	-12.117000
0.191920	-12.117000
0.192000	-12.117000
0.192080	-12.117000
0.192160	-12.117000
0.192240	-11.924000
0.192320	-11.924000
0.192400	-11.924000
0.192480	-11.731000
0.192560	-11.731000
0.192640	-11.538000
0.192720	-11.538000
0.192800	-11.538000
0.192880	-11.345000
0.192960	-11.345000
0.193040	-11.152000
0.193120	-11.152000
0.193200	-11.152000
0.193280	-11.152000
0.193360	-10.959000
0.193440	-11.152000
0.193520	-10.959000
0.193600	-10.959000
0.193680	-11.152000
0.193760	-11.152000
0.193840	-11.152000
0.193920	-11.152000
0.194000	-10.959000
0.194080	-11.152000
0.194160	-11.152000
0.194240	-11.345000
0.194320	-11.152000
0.194400	-11.345000
0.194480	-11.345000
0.194560	-11.345000
0.194640	-11.345000
0.194720	-11.345000
0.194800	-11.345000
0.194880	-11.345000
0.194960	-11.345000
0.195040	-11.152000
0.195120	-11.152000
0.195200	-11.152000
0.195280	-11.152000
0.195360	-11.152000
0.195440	-10.959000
0.195520	-10.959000
0.195600	-10.959000
0.195680	-10.767000
0.195760	-10.767000
0.195840	-10.573000
0.195920	-10.573000
0.196000	-10.573000
0.196080	-10.767000
0.196160	-10.573000
0.196240	-10.573000
0.196320	-10.573000
0.196400	-10.573000
0.196480	-10.573000
0.196560	-10.573000
0.196640	-10.573000
0.196720	-10.573000
0.196800	-10.573000
0.196880	-10.767000
0.196960	-10.767000
0.197040	-10.573000
0.197120	-10.767000
0.197200	-10.767000
0.197280	-10.767000
0.197360	-10.767000
0.197440	-10.573000
0.197520	-10.767000
0.197600	-10.767000
0.197680	-10.573000
0.197760	-10.573000
0.197840	-10.573000
0.197920	-10.573000
0.198000	-10.573000
0.198080	-10.381000
0.198160	-10.381000
0.198240	-10.381000
0.198320	-10.381000
0.198400	-10.381000
0.198480	-10.381000
0.198560	-10.381000
0.198640	-10.381000
0.198720	-10.188000
0.198800	-10.188000
0.198880	-10.381000
0.198960	-10.188000
0.199040	-10.381000
0.199120	-10.381000
0.199200	-10.381000
0.199280	-10.381000
0.199360	-10.381000
0.199440	-10.381000
0.199520	-10.381000
0.199600	-10.381000
0.199680	-10.381000
0.199760	-10.381000
0.199840	-10.381000
0.199920	-10.573000
0.200000	-10.381000
0.200080	-10.381000
0.200160	-10.381000
0.200240	-10.381000
0.200320	-10.381000
0.200400	-10.381000
0.200480	-10.381000
0.200560	-10.188000
0.200640	-10.188000
0.200720	-9.994700
0.200800	-9.994700
0.200880	-9.994700
0.200960	-9.994700
0.201040	-9.994700
0.201120	-9.801800
0.201200	-9.801800
0.201280	-9.801800
0.201360	-9.801800
0.201440	-9.801800
0.201520	-9.801800
0.201600	-9.801800
0.201680	-9.801800
0.201760	-9.801800
0.201840	-9.801800
0.201920	-9.801800
0.202000	-9.801800
0.202080	-9.801800
0.202160	-9.801800
0.202240	-9.801800
0.202320	-9.801800
0.202400	-9.801800
0.202480	-9.801800
0.202560	-9.801800
0.202640	-9.801800
0.202720	-9.801800
0.202800	-9.801800
0.202880	-9.801800
0.202960	-9.608800
0.203040	-9.801800
0.203120	-9.608800
0.203200	-9.608800
0.203280	-9.608800
0.203360	-9.608800
0.203440	-9.608800
0.203520	-9.415800
0.203600	-9.608800
0.203680	-9.608800
0.203760	-9.415800
0.203840	-9.415800
0.203920	-9.415800
0.204000	-9.415800
0.204080	-9.415800
0.204160	-9.415800
0.204240	-9.415800
0.204320	-9.222900
0.204400	-9.222900
0.204480	-9.222900
0.204560	-9.222900
0.204640	-9.222900
0.204720	-9.222900
0.204800	-9.222900
0.204880	-9.222900
0.204960	-9.222900
0.205040	-9.030000
0.205120	-9.030000
0.205200	-9.222900
0.205280	-9.030000
0.205360	-9.030000
0.205440	-9.030000
0.205520	-9.030000
0.205600	-9.030000
0.205680	-8.837000
0.205760	-8.837000
0.205840	-8.837000
0.205920	-8.837000
0.206000	-8.644100
0.206080	-8.644100
0.206160	-8.451100
0.206240	-8.451100
0.206320	-8.451100
0.206400	-8.451100
0.206480	-8.258200
0.206560	-8.065200
0.206640	-7.872300
0.206720	-7.872300
0.206800	-7.679300
0.206880	-7.486400
0.206960	-7.293400
0.207040	-7.100500
0.207120	-7.100500
0.207200	-6.714600
0.207280	-6.521600
0.207360	-6.328700
0.207440	-6.135700
0.207520	-5.942800
0.207600	-5.749800
0.207680	-5.363900
0.207760	-5.171000
0.207840	-4.978000
0.207920	-4.785100
0.208000	-4.592100
0.208080	-4.206200
0.208160	-4.013300
0.208240	-3.820300
0.208320	-3.820300
0.208400	-3.627400
0.208480	-3.434400
0.208560	-3.434400
0.208640	-3.241500
0.208720	-3.048500
0.208800	-2.855600
0.208880	-2.855600
0.208960	-2.855600
0.209040	-2.662700
0.209120	-2.662700
0.209200	-2.662700
0.209280	-2.469700
0.209360	-2.469700
0.209440	-2.276800
0.209520	-2.276800
0.209600	-2.276800
0.209680	-2.083800
0.209760	-2.083800
0.209840	-1.890800
0.209920	-1.890800
0.210000	-1.697900
0.210080	-1.505000
0.210160	-1.505000
0.210240	-1.312000
0.210320	-1.119100
0.210400	-0.926110
0.210480	-0.926110
0.210560	-0.733160
0.210640	-0.540210
0.210720	-0.347260
0.210800	-0.154310
0.210880	-0.154310
0.210960	0.038637
0.211040	0.231590
0.211120	0.424540
0.211200	0.424540
0.211280	0.617480
0.211360	0.617480
0.211440	0.810430
0.211520	0.810430
0.211600	1.003400
0.211680	1.196300
0.211760	1.196300
0.211840	1.389300
0.211920	1.389300
0.212000	1.389300
0.212080	1.389300
0.212160	1.582200
0.212240	1.582200
0.212320	1.582200
0.212400	1.582200
0.212480	1.775200
0.212560	1.775200
0.212640	1.775200
0.212720	1.968100
0.212800	1.968100
0.212880	1.968100
0.212960	1.968100
0.213040	2.161100
0.213120	2.161100
0.213200	2.161100
0.213280	2.161100
0.213360	2.354000
0.213440	2.354000
0.213520	2.354000
0.213600	2.354000
0.213680	2.547000
0.213760	2.547000
0.213840	2.739900
0.213920	2.739900
0.214000	2.932900
0.214080	2.932900
0.214160	2.932900
0.214240	2.932900
0.214320	3.125800
0.214400	3.125800
0.214480	3.125800
0.214560	3.318800
0.214640	3.511700
0.214720	3.511700
0.214800	3.511700
0.214880	3.704700
0.214960	3.897600
0.215040	4.090600
0.215120	4.090600
0.215200	4.283500
0.215280	4.476500
0.215360	4.476500
0.215440	4.669400
0.215520	4.862400
0.215600	4.862400
0.215680	5.055300
0.215760	5.055300
0.215840	5.248300
0.215920	5.441200
0.216000	5.441200
0.216080	5.634200
0.216160	5.634200
0.216240	5.827100
0.216320	5.827100
0.216400	6.020100
0.216480	6.020100
0.216560	6.213000
0.216640	6.213000
0.216720	6.213000
0.216800	6.213000
0.216880	6.213000
0.216960	6.213000
0.217040	6.406000
0.217120	6.406000
0.217200	6.406000
0.217280	6.406000
0.217360	6.406000
0.217440	6.406000
0.217520	6.406000
0.217600	6.406000
0.217680	6.598900
0.217760	6.598900
0.217840	6.598900
0.217920	6.791900
0.218000	6.791900
0.218080	6.984800
0.218160	6.984800
0.218240	7.177700
0.218320	7.177700
0.218400	7.370700
0.218480	7.563600
0.218560	7.563600
0.218640	7.563600
0.218720	7.756600
0.218800	7.756600
0.218880	7.756600
0.218960	7.756600
0.219040	7.756600
0.219120	7.756600
0.219200	7.756600
0.219280	7.756600
0.219360	7.756600
0.219440	7.756600
0.219520	7.756600
0.219600	7.949500
0.219680	7.949500
0.219760	7.949500
0.219840	7.949500
0.219920	7.949500
0.220000	8.142500
0.220080	8.142500
0.220160	8.142500
0.220240	8.335400
0.220320	8.335400
0.220400	8.528400
0.220480	8.528400
0.220560	8.528400
0.220640	8.721300
0.220720	8.721300
0.220800	8.914300
0.220880	9.107200
0.220960	9.107200
0.221040	9.300200
0.221120	9.300200
0.221200	9.493100
0.221280	9.493100
0.221360	9.686100
0.221440	9.879000
0.221520	9.879000
0.221600	10.072000
0.221680	10.072000
0.221760	10.072000
0.221840	10.265000
0.221920	10.458000
0.222000	10.458000
0.222080	10.458000
0.222160	10.651000
0.222240	10.651000
0.222320	10.651000
0.222400	10.844000
0.222480	10.844000
0.222560	11.037000
0.222640	11.230000
0.222720	11.230000
0.222800	11.230000
0.222880	11.423000
0.222960	11.616000
0.223040	11.616000
0.223120	11.616000
0.223200	11.616000
0.223280	11.616000
0.223360	11.809000
0.223440	11.809000
0.223520	11.809000
0.223600	11.809000
0.223680	11.809000
0.223760	11.809000
0.223840	11.809000
0.223920	12.002000
0.224000	12.002000
0.224080	12.002000
0.224160	12.002000
0.224240	12.002000
0.224320	12.002000
0.224400	12.194000
0.224480	12.194000
0.224560	12.194000
0.224640	12.194000
0.224720	12.194000
0.224800	12.194000
0.224880	12.387000
0.224960	12.387000
0.225040	12.387000
0.225120	12.387000
0.225200	12.580000
0.225280	12.580000
0.225360	12.580000
0.225440	12.580000
0.225520	12.773000
0.225600	12.773000
0.225680	12.773000
0.225760	12.966000
0.225840	12.966000
0.225920	12.966000
0.226000	13.159000
0.226080	13.159000
0.226160	13.352000
0.226240	13.352000
0.226320	13.545000
0.226400	13.545000
0.226480	13.545000
0.226560	13.738000
0.226640	13.738000
0.226720	13.738000
0.226800	13.738000
0.226880	13.931000
0.226960	13.931000
0.227040	13.931000
0.227120	13.931000
0.227200	13.931000
0.227280	13.931000
0.227360	14.124000
0.227440	14.124000
0.227520	14.124000
0.227600	14.124000
0.227680	14.124000
0.227760	14.317000
0.227840	14.317000
0.227920	14.317000
0.228000	14.317000
0.228080	14.317000
0.228160	14.317000
0.228240	14.510000
0.228320	14.510000
0.228400	14.510000
0.228480	14.510000
0.228560	14.703000
0.228640	14.510000
0.228720	14.703000
0.228800	14.703000
0.228880	14.703000
0.228960	14.703000
0.229040	14.703000
0.229120	14.703000
0.229200	14.896000
0.229280	14.896000
0.229360	14.896000
0.229440	14.896000
0.229520	14.896000
0.229600	14.896000
0.229680	15.089000
0.229760	15.089000
0.229840	15.089000
0.229920	14.896000
0.230000	15.089000
0.230080	15.089000
0.230160	15.089000
0.230240	15.282000
0.230320	15.089000
0.230400	15.089000
0.230480	15.089000
0.230560	15.089000
0.230640	15.282000
0.230720	15.282000
0.230800	15.282000
0.230880	15.282000
0.230960	15.282000
0.231040	15.282000
0.231120	15.282000
0.231200	15.282000
0.231280	15.282000
0.231360	15.282000
0.231440	15.474000
0.231520	15.474000
0.231600	15.474000
0.231680	15.474000
0.231760	15.474000
0.231840	15.474000
0.231920	15.474000
0.232000	15.282000
0.232080	15.474000
0.232160	15.474000
0.232240	15.474000
0.232320	15.474000
0.232400	15.474000
0.232480	15.474000
0.232560	15.474000
0.232640	15.474000
0.232720	15.474000
0.232800	15.474000
0.232880	15.474000
0.232960	15.474000
0.233040	15.474000
0.233120	15.474000
0.233200	15.474000
0.233280	15.474000
0.233360	15.282000
0.233440	15.282000
0.233520	15.282000
0.233600	15.282000
0.233680	15.282000
0.233760	15.282000
0.233840	15.282000
0.233920	15.089000
0.234000	15.089000
0.234080	15.089000
0.234160	15.089000
0.234240	15.089000
0.234320	15.089000
0.234400	15.089000
0.234480	15.089000
0.234560	14.896000
0.234640	14.703000
0.234720	14.896000
0.234800	14.703000
0.234880	14.703000
0.234960	14.510000
0.235040	14.510000
0.235120	14.317000
0.235200	14.317000
0.235280	14.124000
0.235360	14.124000
0.235440	13.931000
0.235520	13.931000
0.235600	13.738000
0.235680	13.738000
0.235760	13.738000
0.235840	13.545000
0.235920	13.352000
0.236000	13.352000
0.236080	13.352000
0.236160	13.159000
0.236240	13.159000
0.236320	12.966000
0.236400	12.773000
0.236480	12.966000
0.236560	12.966000
0.236640	12.773000
0.236720	12.773000
0.236800	12.773000
0.236880	12.580000
0.236960	12.580000
0.237040	12.387000
0.237120	12.387000
0.237200	12.387000
0.237280	12.387000
0.237360	12.194000
0.237440	12.194000
0.237520	12.194000
0.237600	12.002000
0.237680	12.002000
0.237760	11.809000
0.237840	11.809000
0.237920	11.616000
0.238000	11.616000
0.238080	11.423000
0.238160	11.423000
0.238240	11.230000
0.238320	11.230000
0.238400	11.037000
0.238480	11.037000
0.238560	10.844000
0.238640	10.844000
0.238720	10.651000
0.238800	10.651000
0.238880	10.651000
0.238960	10.458000
0.239040	10.458000
0.239120	10.265000
0.239200	10.072000
0.239280	10.265000
0.239360	10.072000
0.239440	9.879000
0.239520	9.879000
0.239600	9.879000
0.239680	9.879000
0.239760	9.686100
0.239840	9.686100
0.239920	9.686100
0.240000	9.493100
0.240080	9.493100
0.240160	9.493100
0.240240	9.493100
0.240320	9.300200
0.240400	9.300200
0.240480	9.107200
0.240560	9.107200
0.240640	9.107200
0.240720	8.914300
0.240800	8.914300
0.240880	8.914300
0.240960	8.721300
0.241040	8.721300
0.241120	8.528400
0.241200	8.528400
0.241280	8.528400
0.241360	8.335400
0.241440	8.335400
0.241520	8.142500
0.241600	8.142500
0.241680	8.142500
0.241760	8.142500
0.241840	7.949500
0.241920	7.949500
0.242000	7.756600
0.242080	7.756600
0.242160	7.563600
0.242240	7.563600
0.242320	7.370700
0.242400	7.370700
0.242480	7.177700
0.242560	6.984800
0.242640	6.984800
0.242720	6.791900
0.242800	6.598900
0.242880	6.598900
0.242960	6.406000
0.243040	6.213000
0.243120	6.020100
0.243200	5.827100
0.243280	5.827100
0.243360	5.634200
0.243440	5.441200
0.243520	5.248300
0.243600	5.055300
0.243680	5.055300
0.243760	4.669400
0.243840	4.669400
0.243920	4.476500
0.244000	4.283500
0.244080	4.283500
0.244160	4.283500
0.244240	4.090600
0.244320	3.897600
0.244400	3.897600
0.244480	3.897600
0.244560	3.897600
0.244640	3.704700
0.244720	3.704700
0.244800	3.511700
0.244880	3.511700
0.244960	3.511700
0.245040	3.511700
0.245120	3.511700
0.245200	3.318800
0.245280	3.318800
0.245360	3.318800
0.245440	3.318800
0.245520	3.125800
0.245600	3.125800
0.245680	3.125800
0.245760	3.125800
0.245840	2.932900
0.245920	2.932900
0.246000	2.932900
0.246080	2.932900
0.246160	2.739900
0.246240	2.547000
0.246320	2.547000
0.246400	2.739900
0.246480	2.547000
0.246560	2.547000
0.246640	2.354000
0.246720	2.354000
0.246800	2.354000
0.246880	2.161100
0.246960	2.161100
0.247040	2.161100
0.247120	1.968100
0.247200	1.968100
0.247280	1.968100
0.247360	1.968100
0.247440	1.775200
0.247520	1.775200
0.247600	1.775200
0.247680	1.582200
0.247760	1.582200
0.247840	1.389300
0.247920	1.389300
0.248000	1.389300
0.248080	1.196300
0.248160	1.196300
0.248240	1.196300
0.248320	1.003400
0.248400	0.810430
0.248480	0.810430
0.248560	0.810430
0.248640	0.810430
0.248720	0.617480
0.248800	0.617480
0.248880	0.424540
0.248960	0.424540
0.249040	0.424540
0.249120	0.231590
0.249200	0.231590
0.249280	0.231590
0.249360	0.231590
0.249440	0.038637
0.249520	0.038637
0.249600	0.038637
0.249680	0.038637
0.249760	-0.154310
0.249840	-0.154310
0.249920	-0.154310
0.250000	-0.347260
0.250080	-0.347260
0.250160	-0.347260
0.250240	-0.540210
0.250320	-0.540210
0.250400	-0.540210
0.250480	-0.733160
0.250560	-0.733160
0.250640	-0.733160
0.250720	-0.733160
0.250800	-0.733160
0.250880	-0.926110
0.250960	-0.926110
0.251040	-0.926110
0.251120	-0.926110
0.251200	-0.926110
0.251280	-1.119100
0.251360	-1.119100
0.251440	-1.119100
0.251520	-1.119100
0.251600	-1.312000
0.251680	-1.312000
0.251760	-1.505000
0.251840	-1.505000
0.251920	-1.505000
0.252000	-1.697900
0.252080	-1.697900
0.252160	-1.890800
0.252240	-1.890800
0.252320	-2.083800
0.252400	-2.083800
0.252480	-2.083800
0.252560	-2.276800
0.252640	-2.469700
0.252720	-2.662700
0.252800	-3.048500
0.252880	-3.434400
0.252960	-3.820300
0.253040	-4.013300
0.253120	-4.206200
0.253200	-4.399200
0.253280	-4.592100
0.253360	-4.785100
0.253440	-4.978000
0.253520	-4.978000
0.253600	-4.978000
0.253680	-4.978000
0.253760	-4.978000
0.253840	-4.978000
0.253920	-4.978000
0.254000	-4.785100
0.254080	-4.592100
0.254160	-4.592100
0.254240	-4.399200
0.254320	-4.206200
0.254400	-4.013300
0.254480	-3.820300
0.254560	-3.820300
0.254640	-3.627400
0.254720	-3.434400
0.254800	-3.241500
0.254880	-3.241500
0.254960	-3.048500
0.255040	-2.855600
0.255120	-2.662700
0.255200	-2.662700
0.255280	-2.469700
0.255360	-2.469700
0.255440	-2.276800
0.255520	-2.276800
0.255600	-2.276800
0.255680	-2.083800
0.255760	-2.083800
0.255840	-2.276800
0.255920	-2.276800
0.256000	-2.276800
0.256080	-2.469700
0.256160	-2.662700
0.256240	-2.855600
0.256320	-3.048500
0.256400	-3.241500
0.256480	-3.434400
0.256560	-3.627400
0.256640	-3.820300
0.256720	-4.013300
0.256800	-4.206200
0.256880	-4.206200
0.256960	-4.399200
0.257040	-4.592100
0.257120	-4.592100
0.257200	-4.592100
0.257280	-4.592100
0.257360	-4.592100
0.257440	-4.592100
0.257520	-4.592100
0.257600	-4.592100
0.257680	-4.399200
0.257760	-4.592100
0.257840	-4.592100
0.257920	-4.399200
0.258000	-4.399200
0.258080	-4.206200
0.258160	-4.206200
0.258240	-4.206200
0.258320	-4.206200
0.258400	-4.206200
0.258480	-4.206200
0.258560	-4.206200
0.258640	-4.399200
0.258720	-4.592100
0.258800	-4.592100
0.258880	-4.785100
0.258960	-4.785100
0.259040	-4.978000
0.259120	-4.978000
0.259200	-5.171000
0.259280	-5.363900
0.259360	-5.363900
0.259440	-5.556900
0.259520	-5.749800
0.259600	-5.749800
0.259680	-5.942800
0.259760	-5.942800
0.259840	-6.135700
0.259920	-6.135700
0.260000	-6.328700
0.260080	-6.135700
0.260160	-6.328700
0.260240	-6.328700
0.260320	-6.328700
0.260400	-6.328700
0.260480	-6.521600
0.260560	-6.328700
0.260640	-6.328700
0.260720	-6.328700
0.260800	-6.328700
0.260880	-6.135700
0.260960	-6.135700
0.261040	-6.135700
0.261120	-6.135700
0.261200	-6.135700
0.261280	-6.135700
0.261360	-6.135700
0.261440	-6.135700
0.261520	-6.135700
0.261600	-5.942800
0.261680	-6.135700
0.261760	-5.942800
0.261840	-6.135700
0.261920	-6.135700
0.262000	-5.942800
0.262080	-5.942800
0.262160	-5.942800
0.262240	-6.135700
0.262320	-6.135700
0.262400	-5.942800
0.262480	-5.942800
0.262560	-5.942800
0.262640	-5.942800
0.262720	-5.942800
0.262800	-5.749800
0.262880	-5.749800
0.262960	-5.749800
0.263040	-5.749800
0.263120	-5.749800
0.263200	-5.749800
0.263280	-5.749800
0.263360	-5.556900
0.263440	-5.749800
0.263520	-5.556900
0.263600	-5.556900
0.263680	-5.556900
0.263760	-5.363900
0.263840	-5.363900
0.263920	-5.363900
0.264000	-5.363900
0.264080	-5.363900
0.264160	-5.363900
0.264240	-5.171000
0.264320	-5.171000
0.264400	-5.171000
0.264480	-5.171000
0.264560	-5.171000
0.264640	-5.171000
0.264720	-5.171000
0.264800	-4.978000
0.264880	-4.978000
0.264960	-4.785100
0.265040	-4.785100
0.265120	-4.592100
0.265200	-4.592100
0.265280	-4.399200
0.265360	-4.399200
0.265440	-4.206200
0.265520	-4.206200
0.265600	-4.013300
0.265680	-4.013300
0.265760	-4.013300
0.265840	-4.013300
0.265920	-4.013300
0.266000	-3.820300
0.266080	-3.820300
0.266160	-3.820300
0.266240	-3.820300
0.266320	-3.627400
0.266400	-3.627400
0.266480	-3.627400
0.266560	-3.627400
0.266640	-3.627400
0.266720	-3.434400
0.266800	-3.434400
0.266880	-3.434400
0.266960	-3.241500
0.267040	-3.241500
0.267120	-3.241500
0.267200	-3.048500
0.267280	-3.048500
0.267360	-2.855600
0.267440	-2.855600
0.267520	-2.662700
0.267600	-2.469700
0.267680	-2.469700
0.267760	-2.276800
0.267840	-2.083800
0.267920	-2.083800
0.268000	-1.890800
0.268080	-1.890800
0.268160	-1.890800
0.268240	-1.697900
0.268320	-1.890800
0.268400	-1.697900
0.268480	-1.697900
0.268560	-1.697900
0.268640	-1.697900
0.268720	-1.697900
0.268800	-1.697900
0.268880	-1.697900
0.268960	-1.697900
0.269040	-1.697900
0.269120	-1.697900
0.269200	-1.697900
0.269280	-1.697900
0.269360	-1.697900
0.269440	-1.890800
0.269520	-1.697900
0.269600	-1.890800
0.269680	-1.697900
0.269760	-1.697900
0.269840	-1.890800
0.269920	-1.697900
0.270000	-1.697900
0.270080	-1.697900
0.270160	-1.697900
0.270240	-1.505000
0.270320	-1.505000
0.270400	-1.505000
0.270480	-1.505000
0.270560	-1.312000
0.270640	-1.312000
0.270720	-1.312000
0.270800	-1.119100
0.270880	-1.119100
0.270960	-0.926110
0.271040	-0.926110
0.271120	-0.733160
0.271200	-0.733160
0.271280	-0.733160
0.271360	-0.733160
0.271440	-0.733160
0.271520	-0.540210
0.271600	-0.540210
0.271680	-0.347260
0.271760	-0.347260
0.271840	-0.347260
0.271920	-0.154310
0.272000	-0.154310
0.272080	-0.154310
0.272160	-0.154310
0.272240	-0.154310
0.272320	-0.154310
0.272400	-0.154310
0.272480	-0.154310
0.272560	-0.154310
0.272640	-0.154310
0.272720	0.038637
0.272800	0.038637
0.272880	0.038637
0.272960	0.038637
0.273040	0.038637
0.273120	0.038637
0.273200	0.231590
0.273280	0.231590
0.273360	0.231590
0.273440	0.424540
0.273520	0.424540
0.273600	0.617480
0.273680	0.617480
0.273760	0.617480
0.273840	0.617480
0.273920	0.617480
0.274000	0.810430
0.274080	0.810430
0.274160	0.810430
0.274240	0.810430
0.274320	0.810430
0.274400	1.003400
0.274480	1.003400
0.274560	1.003400
0.274640	1.003400
0.274720	1.196300
0.274800	1.196300
0.274880	1.196300
0.274960	1.196300
0.275040	1.389300
0.275120	1.582200
0.275200	1.775200
0.275280	1.968100
0.275360	2.161100
0.275440	2.161100
0.275520	2.354000
0.275600	2.354000
0.275680	2.547000
0.275760	2.547000
0.275840	2.739900
0.275920	2.739900
0.276000	2.932900
0.276080	2.932900
0.276160	2.932900
0.276240	2.932900
0.276320	2.932900
0.276400	2.932900
0.276480	2.932900
0.276560	2.932900
0.276640	2.932900
0.276720	2.932900
0.276800	2.739900
0.276880	2.739900
0.276960	2.739900
0.277040	2.739900
0.277120	2.739900
0.277200	2.547000
0.277280	2.547000
0.277360	2.547000
0.277440	2.547000
0.277520	2.547000
0.277600	2.547000
0.277680	2.547000
0.277760	2.547000
0.277840	2.547000
0.277920	2.547000
0.278000	2.547000
0.278080	2.547000
0.278160	2.547000
0.278240	2.739900
0.278320	2.739900
0.278400	2.739900
0.278480	2.739900
0.278560	2.932900
0.278640	2.932900
0.278720	2.932900
0.278800	2.932900
0.278880	2.932900
0.278960	3.125800
0.279040	3.125800
0.279120	3.125800
0.279200	3.318800
0.279280	3.318800
0.279360	3.511700
0.279440	3.704700
0.279520	3.704700
0.279600	3.704700
0.279680	3.897600
0.279760	3.897600
0.279840	3.897600
0.279920	3.897600
0.280000	4.090600
0.280080	4.090600
0.280160	4.090600
0.280240	4.090600
0.280320	4.090600
0.280400	4.090600
0.280480	4.283500
0.280560	4.090600
0.280640	4.090600
0.280720	4.090600
0.280800	3.897600
0.280880	4.090600
0.280960	3.897600
0.281040	3.897600
0.281120	4.090600
0.281200	3.897600
0.281280	3.897600
0.281360	3.897600
0.281440	3.897600
0.281520	3.897600
0.281600	3.897600
0.281680	3.897600
0.281760	3.897600
0.281840	3.897600
0.281920	3.897600
0.282000	3.897600
0.282080	3.897600
0.282160	3.897600
0.282240	4.090600
0.282320	4.090600
0.282400	4.090600
0.282480	4.090600
0.282560	4.090600
0.282640	4.283500
0.282720	4.283500
0.282800	4.283500
0.282880	4.283500
0.282960	4.283500
0.283040	4.283500
0.283120	4.476500
0.283200	4.476500
0.283280	4.476500
0.283360	4.476500
0.283440	4.476500
0.283520	4.669400
0.283600	4.669400
0.283680	4.669400
0.283760	4.669400
0.283840	4.669400
0.283920	4.669400
0.284000	4.862400
0.284080	4.862400
0.284160	4.862400
0.284240	4.862400
0.284320	4.862400
0.284400	4.862400
0.284480	5.055300
0.284560	5.055300
0.284640	5.055300
0.284720	5.055300
0.284800	5.055300
0.284880	5.055300
0.284960	5.248300
0.285040	5.248300
0.285120	5.248300
0.285200	5.248300
0.285280	5.248300
0.285360	5.441200
0.285440	5.248300
0.285520	5.441200
0.285600	5.441200
0.285680	5.441200
0.285760	5.634200
0.285840	5.634200
0.285920	5.634200
0.286000	5.827100
0.286080	5.827100
0.286160	5.827100
0.286240	5.827100
0.286320	5.827100
0.286400	5.827100
0.286480	5.827100
0.286560	5.634200
0.286640	5.634200
0.286720	5.441200
0.286800	5.441200
0.286880	5.441200
0.286960	5.248300
0.287040	5.248300
0.287120	5.055300
0.287200	5.248300
0.287280	5.248300
0.287360	5.055300
0.287440	5.055300
0.287520	5.055300
0.287600	5.055300
0.287680	5.055300
0.287760	5.055300
0.287840	5.055300
0.287920	5.055300
0.288000	5.055300
0.288080	5.055300
0.288160	5.055300
0.288240	5.055300
0.288320	5.055300
0.288400	5.055300
0.288480	5.055300
0.288560	5.055300
0.288640	5.055300
0.288720	5.055300
0.288800	5.055300
0.288880	5.055300
0.288960	5.055300
0.289040	5.055300
0.289120	4.862400
0.289200	4.862400
0.289280	4.862400
0.289360	4.862400
0.289440	4.862400
0.289520	4.862400
0.289600	4.862400
0.289680	4.669400
0.289760	4.669400
0.289840	4.669400
0.289920	4.669400
0.290000	4.669400
0.290080	4.669400
0.290160	4.476500
0.290240	4.476500
0.290320	4.476500
0.290400	4.476500
0.290480	4.476500
0.290560	4.476500
0.290640	4.283500
0.290720	4.283500
0.290800	4.283500
0.290880	4.283500
0.290960	4.283500
0.291040	4.283500
0.291120	4.090600
0.291200	4.090600
0.291280	4.090600
0.291360	4.090600
0.291440	3.897600
0.291520	3.897600
0.291600	3.704700
0.291680	3.704700
0.291760	3.704700
0.291840	3.704700
0.291920	3.511700
0.292000	3.511700
0.292080	3.318800
0.292160	3.318800
0.292240	3.125800
0.292320	3.318800
0.292400	3.125800
0.292480	3.125800
0.292560	3.125800
0.292640	3.125800
0.292720	2.932900
0.292800	2.932900
0.292880	2.932900
0.292960	2.932900
0.293040	2.932900
0.293120	2.932900
0.293200	2.739900
0.293280	2.739900
0.293360	2.739900
0.293440	2.739900
0.293520	2.739900
0.293600	2.547000
0.293680	2.739900
0.293760	2.739900
0.293840	2.547000
0.293920	2.547000
0.294000	2.547000
0.294080	2.547000
0.294160	2.547000
0.294240	2.547000
0.294320	2.547000
0.294400	2.547000
0.294480	2.547000
0.294560	2.354000
0.294640	2.354000
0.294720	2.547000
0.294800	2.354000
0.294880	2.354000
0.294960	2.354000
0.295040	2.354000
0.295120	2.354000
0.295200	2.354000
0.295280	2.354000
0.295360	2.161100
0.295440	2.354000
0.295520	2.161100
0.295600	2.161100
0.295680	2.161100
0.295760	2.161100
0.295840	2.161100
0.295920	2.161100
0.296000	2.161100
0.296080	1.968100
0.296160	1.968100
0.296240	1.968100
0.296320	1.968100
0.296400	1.968100
0.296480	1.968100
0.296560	1.968100
0.296640	1.775200
0.296720	1.775200
0.296800	1.775200
0.296880	1.775200
0.296960	1.582200
0.297040	1.582200
0.297120	1.582200
0.297200	1.582200
0.297280	1.582200
0.297360	1.582200
0.297440	1.582200
0.297520	1.389300
0.297600	1.389300
0.297680	1.196300
0.297760	1.196300
0.297840	1.196300
0.297920	1.196300
0.298000	1.196300
0.298080	1.196300
0.298160	1.003400
0.298240	1.003400
0.298320	1.003400
0.298400	1.003400
0.298480	1.003400
0.298560	0.810430
0.298640	0.810430
0.298720	0.810430
0.298800	0.810430
0.298880	0.810430
0.298960	0.810430
0.299040	0.810430
0.299120	0.810430
0.299200	0.810430
0.299280	0.617480
0.299360	0.617480
0.299440	0.617480
0.299520	0.617480
0.299600	0.617480
0.299680	0.617480
0.299760	0.617480
0.299840	0.424540
0.299920	0.424540
0.300000	0.424540
0.300080	0.424540
0.300160	0.424540
0.300240	0.231590
0.300320	0.424540
0.300400	0.424540
0.300480	0.424540
0.300560	0.424540
0.300640	0.424540
0.300720	0.424540
0.300800	0.424540
0.300880	0.424540
0.300960	0.424540
0.301040	0.424540
0.301120	0.617480
0.301200	0.617480
0.301280	0.617480
0.301360	0.617480
0.301440	0.617480
0.301520	0.617480
0.301600	0.617480
0.301680	0.617480
0.301760	0.424540
0.301840	0.617480
0.301920	0.617480
0.302000	0.424540
0.302080	0.424540
0.302160	0.424540
0.302240	0.424540
0.302320	0.424540
0.302400	0.424540
0.302480	0.424540
0.302560	0.424540
0.302640	0.424540
0.302720	0.424540
0.302800	0.424540
0.302880	0.231590
0.302960	0.231590
0.303040	0.231590
0.303120	0.231590
0.303200	0.231590
0.303280	0.231590
0.303360	0.231590
0.303440	0.038637
0.303520	0.231590
0.303600	0.231590
0.303680	0.231590
0.303760	0.038637
0.303840	0.038637
0.303920	0.038637
0.304000	0.038637
0.304080	0.038637
0.304160	0.038637
0.304240	0.038637
0.304320	0.038637
0.304400	0.038637
0.304480	0.038637
0.304560	0.038637
0.304640	-0.154310
0.304720	-0.154310
0.304800	-0.154310
0.304880	-0.154310
0.304960	-0.154310
0.305040	-0.347260
0.305120	-0.154310
0.305200	-0.154310
0.305280	-0.347260
0.305360	-0.347260
0.305440	-0.347260
0.305520	-0.540210
0.305600	-0.540210
0.305680	-0.540210
0.305760	-0.540210
0.305840	-0.540210
0.305920	-0.540210
0.306000	-0.540210
0.306080	-0.540210
0.306160	-0.733160
0.306240	-0.733160
0.306320	-0.733160
0.306400	-0.733160
0.306480	-0.733160
0.306560	-0.733160
0.306640	-0.733160
0.306720	-0.733160
0.306800	-0.733160
0.306880	-0.733160
0.306960	-0.926110
0.307040	-1.119100
0.307120	-1.119100
0.307200	-1.312000
0.307280	-1.312000
0.307360	-1.505000
0.307440	-1.505000
0.307520	-1.505000
0.307600	-1.697900
0.307680	-1.697900
0.307760	-1.697900
0.307840	-1.697900
0.307920	-1.697900
0.308000	-1.697900
0.308080	-1.697900
0.308160	-1.697900
0.308240	-1.697900
0.308320	-1.697900
0.308400	-1.697900
0.308480	-1.697900
0.308560	-1.697900
0.308640	-1.505000
0.308720	-1.697900
0.308800	-1.697900
0.308880	-1.697900
0.308960	-1.697900
0.309040	-1.505000
0.309120	-1.697900
0.309200	-1.505000
0.309280	-1.697900
0.309360	-1.505000
0.309440	-1.505000
0.309520	-1.697900
0.309600	-1.505000
0.309680	-1.505000
0.309760	-1.697900
0.309840	-1.697900
0.309920	-1.697900
