-0.020080	0.009973
-0.020000	0.009973
-0.019920	0.009973
-0.019840	0.009973
-0.019760	0.009973
-0.019680	0.009973
-0.019600	0.009973
-0.019520	0.009973
-0.019440	0.009973
-0.019360	-0.183320
-0.019280	-0.183320
-0.019200	0.009973
-0.019120	0.009973
-0.019040	0.009973
-0.018960	0.009973
-0.018880	0.009973
-0.018800	0.009973
-0.018720	0.009973
-0.018640	0.009973
-0.018560	0.009973
-0.018480	0.009973
-0.018400	-0.183320
-0.018320	0.009973
-0.018240	0.009973
-0.018160	0.009973
-0.018080	0.009973
-0.018000	0.009973
-0.017920	0.009973
-0.017840	0.009973
-0.017760	0.009973
-0.017680	0.009973
-0.017600	0.009973
-0.017520	0.009973
-0.017440	0.009973
-0.017360	0.009973
-0.017280	0.009973
-0.017200	0.009973
-0.017120	0.009973
-0.017040	0.009973
-0.016960	0.009973
-0.016880	-0.183320
-0.016800	0.009973
-0.016720	0.009973
-0.016640	0.009973
-0.016560	0.009973
-0.016480	0.009973
-0.016400	0.009973
-0.016320	0.009973
-0.016240	0.009973
-0.016160	0.009973
-0.016080	0.009973
-0.016000	0.009973
-0.015920	0.009973
-0.015840	0.009973
-0.015760	-0.183320
-0.015680	0.009973
-0.015600	0.009973
-0.015520	0.009973
-0.015440	0.009973
-0.015360	0.009973
-0.015280	0.009973
-0.015200	0.009973
-0.015120	0.009973
-0.015040	0.009973
-0.014960	0.009973
-0.014880	0.009973
-0.014800	0.009973
-0.014720	0.009973
-0.014640	0.009973
-0.014560	0.009973
-0.014480	0.009973
-0.014400	0.009973
-0.014320	0.009973
-0.014240	0.009973
-0.014160	0.009973
-0.014080	0.009973
-0.014000	0.009973
-0.013920	0.009973
-0.013840	0.009973
-0.013760	0.009973
-0.013680	0.009973
-0.013600	0.009973
-0.013520	0.009973
-0.013440	0.009973
-0.013360	0.009973
-0.013280	0.009973
-0.013200	0.009973
-0.013120	0.009973
-0.013040	0.009973
-0.012960	0.009973
-0.012880	0.009973
-0.012800	0.009973
-0.012720	0.009973
-0.012640	0.009973
-0.012560	0.009973
-0.012480	0.009973
-0.012400	-0.183320
-0.012320	0.009973
-0.012240	0.009973
-0.012160	0.009973
-0.012080	0.009973
-0.012000	0.009973
-0.011920	-0.183320
-0.011840	0.009973
-0.011760	0.009973
-0.011680	0.009973
-0.011600	0.009973
-0.011520	0.009973
-0.011440	0.009973
-0.011360	0.009973
-0.011280	0.009973
-0.011200	0.009973
-0.011120	0.009973
-0.011040	0.009973
-0.010960	0.009973
-0.010880	0.009973
-0.010800	0.009973
-0.010720	0.009973
-0.010640	0.009973
-0.010560	0.009973
-0.010480	0.009973
-0.010400	0.009973
-0.010320	0.009973
-0.010240	0.009973
-0.010160	0.009973
-0.010080	0.009973
-0.010000	0.009973
-0.009920	0.009973
-0.009840	0.009973
-0.009760	0.009973
-0.009680	0.009973
-0.009600	0.009973
-0.009520	0.009973
-0.009440	0.009973
-0.009360	0.009973
-0.009280	0.009973
-0.009200	0.009973
-0.009120	0.009973
-0.009040	0.009973
-0.008960	0.009973
-0.008880	0.009973
-0.008800	0.009973
-0.008720	0.009973
-0.008640	0.009973
-0.008560	0.009973
-0.008480	0.009973
-0.008400	0.009973
-0.008320	0.009973
-0.008240	0.009973
-0.008160	0.009973
-0.008080	0.009973
-0.008000	0.009973
-0.007920	0.009973
-0.007840	0.009973
-0.007760	0.009973
-0.007680	0.009973
-0.007600	0.009973
-0.007520	0.009973
-0.007440	0.009973
-0.007360	0.009973
-0.007280	0.009973
-0.007200	0.009973
-0.007120	0.009973
-0.007040	0.009973
-0.006960	0.009973
-0.006880	0.009973
-0.006800	0.009973
-0.006720	0.009973
-0.006640	0.009973
-0.006560	0.009973
-0.006480	0.009973
-0.006400	0.009973
-0.006320	0.009973
-0.006240	0.009973
-0.006160	0.009973
-0.006080	0.009973
-0.006000	0.009973
-0.005920	0.009973
-0.005840	0.009973
-0.005760	0.009973
-0.005680	0.009973
-0.005600	0.009973
-0.005520	-0.183320
-0.005440	0.009973
-0.005360	0.009973
-0.005280	0.009973
-0.005200	0.009973
-0.005120	0.009973
-0.005040	0.009973
-0.004960	0.009973
-0.004880	0.009973
-0.004800	0.009973
-0.004720	0.009973
-0.004640	0.009973
-0.004560	0.009973
-0.004480	0.009973
-0.004400	0.009973
-0.004320	0.009973
-0.004240	0.009973
-0.004160	0.009973
-0.004080	0.009973
-0.004000	0.009973
-0.003920	0.009973
-0.003840	0.009973
-0.003760	0.009973
-0.003680	0.009973
-0.003600	0.009973
-0.003520	0.009973
-0.003440	0.009973
-0.003360	0.009973
-0.003280	0.009973
-0.003200	0.009973
-0.003120	0.009973
-0.003040	0.009973
-0.002960	0.009973
-0.002880	0.009973
-0.002800	0.009973
-0.002720	0.009973
-0.002640	0.009973
-0.002560	0.009973
-0.002480	0.009973
-0.002400	0.009973
-0.002320	0.009973
-0.002240	0.009973
-0.002160	0.009973
-0.002080	0.009973
-0.002000	0.009973
-0.001920	0.009973
-0.001840	0.009973
-0.001760	0.009973
-0.001680	0.009973
-0.001600	0.009973
-0.001520	0.009973
-0.001440	0.009973
-0.001360	0.009973
-0.001280	0.009973
-0.001200	0.009973
-0.001120	0.009973
-0.001040	0.009973
-0.000960	0.009973
-0.000880	0.009973
-0.000800	0.009973
-0.000720	0.009973
-0.000640	0.009973
-0.000560	0.009973
-0.000480	0.009973
-0.000400	0.009973
-0.000320	0.009973
-0.000240	0.009973
-0.000160	0.009973
-0.000080	0.009973
0.000000	0.009973
0.000080	0.009973
0.000160	0.009973
0.000240	0.009973
0.000320	0.009973
0.000400	0.009973
0.000480	0.009973
0.000560	0.009973
0.000640	0.009973
0.000720	0.009973
0.000800	0.009973
0.000880	0.009973
0.000960	0.009973
0.001040	0.009973
0.001120	0.009973
0.001200	0.009973
0.001280	0.009973
0.001360	0.009973
0.001440	0.009973
0.001520	0.009973
0.001600	0.009973
0.001680	0.009973
0.001760	0.009973
0.001840	0.009973
0.001920	0.009973
0.002000	0.009973
0.002080	0.009973
0.002160	0.009973
0.002240	0.009973
0.002320	0.009973
0.002400	0.009973
0.002480	0.009973
0.002560	0.009973
0.002640	0.009973
0.002720	0.009973
0.002800	0.009973
0.002880	0.009973
0.002960	0.009973
0.003040	0.009973
0.003120	0.203270
0.003200	0.009973
0.003280	0.009973
0.003360	0.009973
0.003440	0.009973
0.003520	0.009973
0.003600	0.009973
0.003680	0.009973
0.003760	0.009973
0.003840	0.009973
0.003920	0.009973
0.004000	0.009973
0.004080	0.009973
0.004160	0.009973
0.004240	0.009973
0.004320	0.009973
0.004400	0.009973
0.004480	0.009973
0.004560	0.009973
0.004640	0.009973
0.004720	0.009973
0.004800	0.009973
0.004880	0.009973
0.004960	0.009973
0.005040	0.009973
0.005120	0.009973
0.005200	0.009973
0.005280	0.009973
0.005360	0.009973
0.005440	0.009973
0.005520	0.009973
0.005600	0.009973
0.005680	0.009973
0.005760	0.009973
0.005840	0.009973
0.005920	0.009973
0.006000	0.009973
0.006080	0.009973
0.006160	0.009973
0.006240	0.009973
0.006320	0.009973
0.006400	0.009973
0.006480	0.009973
0.006560	0.009973
0.006640	0.009973
0.006720	0.009973
0.006800	0.009973
0.006880	0.009973
0.006960	0.009973
0.007040	0.009973
0.007120	0.009973
0.007200	0.009973
0.007280	0.009973
0.007360	0.009973
0.007440	0.009973
0.007520	0.009973
0.007600	0.009973
0.007680	0.009973
0.007760	0.009973
0.007840	0.009973
0.007920	0.009973
0.008000	0.009973
0.008080	0.009973
0.008160	0.009973
0.008240	0.009973
0.008320	0.009973
0.008400	0.009973
0.008480	0.009973
0.008560	0.009973
0.008640	0.009973
0.008720	0.009973
0.008800	0.203270
0.008880	0.009973
0.008960	0.009973
0.009040	0.009973
0.009120	0.009973
0.009200	0.009973
0.009280	0.009973
0.009360	0.009973
0.009440	0.009973
0.009520	0.009973
0.009600	0.009973
0.009680	0.009973
0.009760	0.009973
0.009840	0.009973
0.009920	0.009973
0.010000	0.203270
0.010080	0.009973
0.010160	0.009973
0.010240	0.009973
0.010320	0.009973
0.010400	0.009973
0.010480	0.009973
0.010560	0.009973
0.010640	0.009973
0.010720	0.009973
0.010800	0.009973
0.010880	0.009973
0.010960	0.009973
0.011040	0.009973
0.011120	0.009973
0.011200	0.203270
0.011280	0.009973
0.011360	0.009973
0.011440	0.009973
0.011520	0.009973
0.011600	0.009973
0.011680	0.009973
0.011760	0.203270
0.011840	0.203270
0.011920	0.009973
0.012000	0.009973
0.012080	0.009973
0.012160	0.009973
0.012240	0.009973
0.012320	0.203270
0.012400	0.203270
0.012480	0.009973
0.012560	0.009973
0.012640	0.009973
0.012720	0.203270
0.012800	0.203270
0.012880	0.009973
0.012960	0.203270
0.013040	0.203270
0.013120	0.203270
0.013200	0.009973
0.013280	0.203270
0.013360	0.009973
0.013440	0.203270
0.013520	0.203270
0.013600	0.203270
0.013680	0.203270
0.013760	0.203270
0.013840	0.203270
0.013920	0.203270
0.014000	0.203270
0.014080	0.009973
0.014160	0.203270
0.014240	0.203270
0.014320	0.203270
0.014400	0.203270
0.014480	0.203270
0.014560	0.203270
0.014640	0.203270
0.014720	0.203270
0.014800	0.009973
0.014880	0.203270
0.014960	0.203270
0.015040	0.203270
0.015120	0.203270
0.015200	0.203270
0.015280	0.203270
0.015360	0.203270
0.015440	0.203270
0.015520	0.203270
0.015600	0.203270
0.015680	0.203270
0.015760	0.203270
0.015840	0.203270
0.015920	0.203270
0.016000	0.203270
0.016080	0.203270
0.016160	0.203270
0.016240	0.203270
0.016320	0.203270
0.016400	0.203270
0.016480	0.203270
0.016560	0.203270
0.016640	0.203270
0.016720	0.203270
0.016800	0.203270
0.016880	0.396560
0.016960	0.203270
0.017040	0.203270
0.017120	0.203270
0.017200	0.396560
0.017280	0.396560
0.017360	0.396560
0.017440	0.396560
0.017520	0.396560
0.017600	0.396560
0.017680	0.396560
0.017760	0.396560
0.017840	0.396560
0.017920	0.396560
0.018000	0.203270
0.018080	0.396560
0.018160	0.396560
0.018240	0.396560
0.018320	0.396560
0.018400	0.396560
0.018480	0.203270
0.018560	0.396560
0.018640	0.396560
0.018720	0.203270
0.018800	0.396560
0.018880	0.396560
0.018960	0.396560
0.019040	0.396560
0.019120	0.203270
0.019200	0.396560
0.019280	0.396560
0.019360	0.396560
0.019440	0.203270
0.019520	0.396560
0.019600	0.396560
0.019680	0.396560
0.019760	0.396560
0.019840	0.396560
0.019920	0.203270
0.020000	0.396560
0.020080	0.396560
0.020160	0.203270
0.020240	0.396560
0.020320	0.396560
0.020400	0.396560
0.020480	0.396560
0.020560	0.396560
0.020640	0.396560
0.020720	0.396560
0.020800	0.396560
0.020880	0.396560
0.020960	0.396560
0.021040	0.396560
0.021120	0.396560
0.021200	0.396560
0.021280	0.396560
0.021360	0.396560
0.021440	0.396560
0.021520	0.396560
0.021600	0.396560
0.021680	0.396560
0.021760	0.396560
0.021840	0.396560
0.021920	0.396560
0.022000	0.396560
0.022080	0.396560
0.022160	0.396560
0.022240	0.396560
0.022320	0.396560
0.022400	0.396560
0.022480	0.396560
0.022560	0.396560
0.022640	0.396560
0.022720	0.396560
0.022800	0.396560
0.022880	0.396560
0.022960	0.396560
0.023040	0.396560
0.023120	0.396560
0.023200	0.396560
0.023280	0.396560
0.023360	0.396560
0.023440	0.396560
0.023520	0.396560
0.023600	0.396560
0.023680	0.396560
0.023760	0.396560
0.023840	0.396560
0.023920	0.396560
0.024000	0.203270
0.024080	0.203270
0.024160	0.396560
0.024240	0.203270
0.024320	0.396560
0.024400	0.396560
0.024480	0.396560
0.024560	0.203270
0.024640	0.203270
0.024720	0.396560
0.024800	0.203270
0.024880	0.396560
0.024960	0.203270
0.025040	0.396560
0.025120	0.203270
0.025200	0.203270
0.025280	0.203270
0.025360	0.203270
0.025440	0.396560
0.025520	0.203270
0.025600	0.203270
0.025680	0.203270
0.025760	0.396560
0.025840	0.396560
0.025920	0.396560
0.026000	0.396560
0.026080	0.203270
0.026160	0.203270
0.026240	0.396560
0.026320	0.203270
0.026400	0.203270
0.026480	0.203270
0.026560	0.396560
0.026640	0.203270
0.026720	0.396560
0.026800	0.396560
0.026880	0.203270
0.026960	0.203270
0.027040	0.203270
0.027120	0.203270
0.027200	0.203270
0.027280	0.203270
0.027360	0.203270
0.027440	0.203270
0.027520	0.203270
0.027600	0.203270
0.027680	0.203270
0.027760	0.203270
0.027840	0.396560
0.027920	0.203270
0.028000	0.203270
0.028080	0.203270
0.028160	0.203270
0.028240	0.203270
0.028320	0.203270
0.028400	0.203270
0.028480	0.203270
0.028560	0.203270
0.028640	0.203270
0.028720	0.203270
0.028800	0.203270
0.028880	0.009973
0.028960	0.203270
0.029040	0.203270
0.029120	0.203270
0.029200	0.203270
0.029280	0.203270
0.029360	0.009973
0.029440	0.203270
0.029520	0.009973
0.029600	0.203270
0.029680	0.203270
0.029760	0.203270
0.029840	0.009973
0.029920	0.203270
0.030000	0.009973
0.030080	0.009973
0.030160	0.203270
0.030240	0.009973
0.030320	0.009973
0.030400	0.203270
0.030480	0.009973
0.030560	0.009973
0.030640	0.009973
0.030720	0.009973
0.030800	0.009973
0.030880	0.009973
0.030960	0.009973
0.031040	0.009973
0.031120	0.009973
0.031200	0.009973
0.031280	0.009973
0.031360	0.009973
0.031440	0.009973
0.031520	0.009973
0.031600	0.009973
0.031680	0.009973
0.031760	0.009973
0.031840	0.009973
0.031920	0.009973
0.032000	-0.183320
0.032080	-0.183320
0.032160	-0.183320
0.032240	-0.183320
0.032320	-0.183320
0.032400	-0.183320
0.032480	-0.183320
0.032560	-0.183320
0.032640	-0.183320
0.032720	-0.376620
0.032800	-0.183320
0.032880	-0.183320
0.032960	-0.376620
0.033040	-0.376620
0.033120	-0.376620
0.033200	-0.376620
0.033280	-0.183320
0.033360	-0.183320
0.033440	-0.183320
0.033520	-0.183320
0.033600	-0.183320
0.033680	-0.183320
0.033760	-0.376620
0.033840	-0.376620
0.033920	-0.183320
0.034000	-0.376620
0.034080	-0.376620
0.034160	-0.183320
0.034240	-0.183320
0.034320	-0.376620
0.034400	-0.183320
0.034480	-0.183320
0.034560	-0.183320
0.034640	-0.376620
0.034720	-0.376620
0.034800	-0.376620
0.034880	-0.376620
0.034960	-0.376620
0.035040	-0.376620
0.035120	-0.376620
0.035200	-0.376620
0.035280	-0.376620
0.035360	-0.376620
0.035440	-0.376620
0.035520	-0.376620
0.035600	-0.376620
0.035680	-0.376620
0.035760	-0.376620
0.035840	-0.376620
0.035920	-0.376620
0.036000	-0.376620
0.036080	-0.376620
0.036160	-0.376620
0.036240	-0.376620
0.036320	-0.376620
0.036400	-0.376620
0.036480	-0.376620
0.036560	-0.376620
0.036640	-0.376620
0.036720	-0.376620
0.036800	-0.376620
0.036880	-0.569910
0.036960	-0.569910
0.037040	-0.376620
0.037120	-0.376620
0.037200	-0.376620
0.037280	-0.376620
0.037360	-0.376620
0.037440	-0.376620
0.037520	-0.376620
0.037600	-0.569910
0.037680	-0.376620
0.037760	-0.569910
0.037840	-0.376620
0.037920	-0.569910
0.038000	-0.376620
0.038080	-0.376620
0.038160	-0.376620
0.038240	-0.569910
0.038320	-0.376620
0.038400	-0.569910
0.038480	-0.376620
0.038560	-0.376620
0.038640	-0.569910
0.038720	-0.376620
0.038800	-0.569910
0.038880	-0.569910
0.038960	-0.376620
0.039040	-0.569910
0.039120	-0.376620
0.039200	-0.376620
0.039280	-0.569910
0.039360	-0.376620
0.039440	-0.376620
0.039520	-0.376620
0.039600	-0.569910
0.039680	-0.376620
0.039760	-0.569910
0.039840	-0.569910
0.039920	-0.569910
0.040000	-0.376620
0.040080	-0.376620
0.040160	-0.376620
0.040240	-0.376620
0.040320	-0.569910
0.040400	-0.376620
0.040480	-0.376620
0.040560	-0.376620
0.040640	-0.376620
0.040720	-0.376620
0.040800	-0.376620
0.040880	-0.376620
0.040960	-0.376620
0.041040	-0.376620
0.041120	-0.376620
0.041200	-0.376620
0.041280	-0.569910
0.041360	-0.569910
0.041440	-0.376620
0.041520	-0.376620
0.041600	-0.376620
0.041680	-0.376620
0.041760	-0.376620
0.041840	-0.376620
0.041920	-0.376620
0.042000	-0.376620
0.042080	-0.376620
0.042160	-0.376620
0.042240	-0.376620
0.042320	-0.376620
0.042400	-0.376620
0.042480	-0.376620
0.042560	-0.376620
0.042640	-0.376620
0.042720	-0.376620
0.042800	-0.183320
0.042880	-0.376620
0.042960	-0.183320
0.043040	-0.183320
0.043120	-0.183320
0.043200	-0.183320
0.043280	-0.183320
0.043360	-0.183320
0.043440	-0.183320
0.043520	-0.183320
0.043600	-0.183320
0.043680	-0.183320
0.043760	-0.183320
0.043840	-0.183320
0.043920	-0.183320
0.044000	-0.183320
0.044080	-0.183320
0.044160	-0.183320
0.044240	-0.183320
0.044320	-0.183320
0.044400	-0.183320
0.044480	-0.376620
0.044560	-0.376620
0.044640	-0.376620
0.044720	-0.569910
0.044800	-0.376620
0.044880	-0.376620
0.044960	-0.376620
0.045040	-0.376620
0.045120	-0.376620
0.045200	-0.376620
0.045280	-0.183320
0.045360	-0.183320
0.045440	-0.376620
0.045520	-0.376620
0.045600	-0.376620
0.045680	-0.183320
0.045760	-0.183320
0.045840	-0.183320
0.045920	-0.376620
0.046000	-0.183320
0.046080	-0.183320
0.046160	-0.183320
0.046240	-0.376620
0.046320	-0.183320
0.046400	-0.376620
0.046480	-0.183320
0.046560	-0.183320
0.046640	-0.376620
0.046720	-0.183320
0.046800	-0.183320
0.046880	-0.376620
0.046960	-0.183320
0.047040	-0.183320
0.047120	-0.183320
0.047200	-0.183320
0.047280	-0.183320
0.047360	-0.376620
0.047440	-0.183320
0.047520	-0.183320
0.047600	-0.183320
0.047680	-0.183320
0.047760	-0.183320
0.047840	-0.183320
0.047920	-0.183320
0.048000	-0.183320
0.048080	-0.183320
0.048160	-0.376620
0.048240	-0.376620
0.048320	-0.376620
0.048400	-0.376620
0.048480	-0.376620
0.048560	-0.376620
0.048640	-0.376620
0.048720	-0.376620
0.048800	-0.376620
0.048880	-0.376620
0.048960	-0.376620
0.049040	-0.376620
0.049120	-0.376620
0.049200	-0.376620
0.049280	-0.376620
0.049360	-0.376620
0.049440	-0.376620
0.049520	-0.376620
0.049600	-0.376620
0.049680	-0.376620
0.049760	-0.376620
0.049840	-0.376620
0.049920	-0.569910
0.050000	-0.376620
0.050080	-0.569910
0.050160	-0.376620
0.050240	-0.376620
0.050320	-0.376620
0.050400	-0.376620
0.050480	-0.376620
0.050560	-0.376620
0.050640	-0.376620
0.050720	-0.376620
0.050800	-0.376620
0.050880	-0.376620
0.050960	-0.376620
0.051040	-0.376620
0.051120	-0.376620
0.051200	-0.376620
0.051280	-0.376620
0.051360	-0.376620
0.051440	-0.183320
0.051520	-0.376620
0.051600	-0.376620
0.051680	-0.183320
0.051760	-0.376620
0.051840	-0.376620
0.051920	-0.376620
0.052000	-0.183320
0.052080	-0.183320
0.052160	-0.183320
0.052240	-0.183320
0.052320	-0.183320
0.052400	-0.376620
0.052480	-0.376620
0.052560	-0.376620
0.052640	-0.376620
0.052720	-0.376620
0.052800	-0.183320
0.052880	0.009973
0.052960	0.009973
0.053040	0.009973
0.053120	0.203270
0.053200	0.203270
0.053280	0.009973
0.053360	0.009973
0.053440	-0.183320
0.053520	-0.183320
0.053600	-0.376620
0.053680	-0.183320
0.053760	-0.183320
0.053840	-0.183320
0.053920	-0.376620
0.054000	-0.763210
0.054080	-0.956510
0.054160	-0.956510
0.054240	-0.569910
0.054320	-0.183320
0.054400	0.009973
0.054480	-0.183320
0.054560	-0.376620
0.054640	-0.569910
0.054720	-0.763210
0.054800	-0.569910
0.054880	-0.569910
0.054960	-0.763210
0.055040	-0.763210
0.055120	-0.956510
0.055200	-0.956510
0.055280	-0.956510
0.055360	-0.763210
0.055440	-0.763210
0.055520	-0.763210
0.055600	-0.956510
0.055680	-0.956510
0.055760	-0.956510
0.055840	-0.956510
0.055920	-0.956510
0.056000	-0.956510
0.056080	-0.956510
0.056160	-0.956510
0.056240	-1.149800
0.056320	-1.149800
0.056400	-1.149800
0.056480	-1.149800
0.056560	-0.956510
0.056640	-1.149800
0.056720	-1.149800
0.056800	-1.149800
0.056880	-1.149800
0.056960	-0.956510
0.057040	-0.956510
0.057120	-0.956510
0.057200	-1.149800
0.057280	-0.956510
0.057360	-0.956510
0.057440	-0.956510
0.057520	-0.956510
0.057600	-0.956510
0.057680	-0.956510
0.057760	-0.956510
0.057840	-0.956510
0.057920	-0.956510
0.058000	-0.956510
0.058080	-0.956510
0.058160	-0.956510
0.058240	-1.149800
0.058320	-1.149800
0.058400	-1.149800
0.058480	-1.149800
0.058560	-0.956510
0.058640	-0.956510
0.058720	-0.956510
0.058800	-0.956510
0.058880	-0.956510
0.058960	-0.956510
0.059040	-0.956510
0.059120	-0.956510
0.059200	-0.956510
0.059280	-0.956510
0.059360	-0.956510
0.059440	-0.956510
0.059520	-0.956510
0.059600	-0.956510
0.059680	-0.956510
0.059760	-0.956510
0.059840	-0.956510
0.059920	-0.956510
0.060000	-0.956510
0.060080	-0.763210
0.060160	-0.763210
0.060240	-0.956510
0.060320	-0.956510
0.060400	-0.956510
0.060480	-0.956510
0.060560	-0.956510
0.060640	-0.956510
0.060720	-0.956510
0.060800	-0.956510
0.060880	-0.956510
0.060960	-1.149800
0.061040	-0.956510
0.061120	-1.149800
0.061200	-1.149800
0.061280	-1.149800
0.061360	-1.149800
0.061440	-1.149800
0.061520	-1.149800
0.061600	-1.149800
0.061680	-1.343100
0.061760	-1.149800
0.061840	-1.343100
0.061920	-1.343100
0.062000	-1.343100
0.062080	-1.343100
0.062160	-1.343100
0.062240	-1.343100
0.062320	-1.536400
0.062400	-1.536400
0.062480	-1.536400
0.062560	-1.536400
0.062640	-1.536400
0.062720	-1.536400
0.062800	-1.536400
0.062880	-1.729700
0.062960	-1.536400
0.063040	-1.729700
0.063120	-1.729700
0.063200	-1.729700
0.063280	-1.729700
0.063360	-1.729700
0.063440	-1.729700
0.063520	-1.729700
0.063600	-1.729700
0.063680	-1.729700
0.063760	-1.923000
0.063840	-1.923000
0.063920	-1.923000
0.064000	-1.923000
0.064080	-1.923000
0.064160	-1.923000
0.064240	-1.923000
0.064320	-2.116300
0.064400	-2.116300
0.064480	-2.116300
0.064560	-2.116300
0.064640	-2.116300
0.064720	-2.116300
0.064800	-2.309600
0.064880	-2.309600
0.064960	-2.309600
0.065040	-2.309600
0.065120	-2.309600
0.065200	-2.309600
0.065280	-2.309600
0.065360	-2.502900
0.065440	-2.502900
0.065520	-2.502900
0.065600	-2.502900
0.065680	-2.502900
0.065760	-2.502900
0.065840	-2.502900
0.065920	-2.502900
0.066000	-2.502900
0.066080	-2.502900
0.066160	-2.502900
0.066240	-2.502900
0.066320	-2.696200
0.066400	-2.502900
0.066480	-2.696200
0.066560	-2.502900
0.066640	-2.502900
0.066720	-2.696200
0.066800	-2.696200
0.066880	-2.696200
0.066960	-2.696200
0.067040	-2.696200
0.067120	-2.696200
0.067200	-2.696200
0.067280	-2.696200
0.067360	-2.889500
0.067440	-2.696200
0.067520	-2.696200
0.067600	-2.889500
0.067680	-2.889500
0.067760	-2.889500
0.067840	-2.696200
0.067920	-2.696200
0.068000	-2.696200
0.068080	-2.696200
0.068160	-2.889500
0.068240	-2.889500
0.068320	-2.889500
0.068400	-2.889500
0.068480	-2.889500
0.068560	-2.889500
0.068640	-2.889500
0.068720	-2.889500
0.068800	-2.889500
0.068880	-2.889500
0.068960	-2.889500
0.069040	-2.889500
0.069120	-2.889500
0.069200	-2.889500
0.069280	-3.082800
0.069360	-3.082800
0.069440	-3.082800
0.069520	-3.082800
0.069600	-3.082800
0.069680	-3.276100
0.069760	-3.276100
0.069840	-3.276100
0.069920	-3.276100
0.070000	-3.469400
0.070080	-3.276100
0.070160	-3.469400
0.070240	-3.469400
0.070320	-3.469400
0.070400	-3.469400
0.070480	-3.469400
0.070560	-3.662700
0.070640	-3.662700
0.070720	-3.856000
0.070800	-3.856000
0.070880	-3.856000
0.070960	-3.662700
0.071040	-3.662700
0.071120	-3.856000
0.071200	-3.662700
0.071280	-3.856000
0.071360	-3.662700
0.071440	-3.856000
0.071520	-3.662700
0.071600	-3.662700
0.071680	-3.662700
0.071760	-3.662700
0.071840	-3.856000
0.071920	-3.856000
0.072000	-3.856000
0.072080	-3.856000
0.072160	-3.856000
0.072240	-3.856000
0.072320	-3.856000
0.072400	-3.856000
0.072480	-3.856000
0.072560	-3.856000
0.072640	-3.662700
0.072720	-3.662700
0.072800	-3.662700
0.072880	-3.662700
0.072960	-3.662700
0.073040	-3.469400
0.073120	-3.469400
0.073200	-3.469400
0.073280	-3.469400
0.073360	-3.276100
0.073440	-3.276100
0.073520	-3.276100
0.073600	-3.276100
0.073680	-3.276100
0.073760	-3.276100
0.073840	-3.276100
0.073920	-3.082800
0.074000	-3.276100
0.074080	-3.082800
0.074160	-3.082800
0.074240	-3.082800
0.074320	-3.276100
0.074400	-3.276100
0.074480	-3.276100
0.074560	-3.082800
0.074640	-3.276100
0.074720	-3.082800
0.074800	-3.276100
0.074880	-3.082800
0.074960	-3.276100
0.075040	-3.276100
0.075120	-3.082800
0.075200	-3.082800
0.075280	-3.082800
0.075360	-3.082800
0.075440	-3.082800
0.075520	-3.082800
0.075600	-3.082800
0.075680	-3.082800
0.075760	-3.082800
0.075840	-3.082800
0.075920	-3.082800
0.076000	-3.082800
0.076080	-3.082800
0.076160	-3.082800
0.076240	-3.082800
0.076320	-3.082800
0.076400	-3.082800
0.076480	-3.082800
0.076560	-3.276100
0.076640	-3.276100
0.076720	-3.469400
0.076800	-3.469400
0.076880	-3.662700
0.076960	-3.662700
0.077040	-3.662700
0.077120	-3.662700
0.077200	-3.662700
0.077280	-3.662700
0.077360	-3.662700
0.077440	-3.662700
0.077520	-3.662700
0.077600	-3.662700
0.077680	-3.469400
0.077760	-3.469400
0.077840	-3.469400
0.077920	-3.469400
0.078000	-3.276100
0.078080	-3.276100
0.078160	-3.276100
0.078240	-3.082800
0.078320	-3.082800
0.078400	-3.082800
0.078480	-3.082800
0.078560	-3.082800
0.078640	-3.082800
0.078720	-3.082800
0.078800	-2.889500
0.078880	-2.889500
0.078960	-2.889500
0.079040	-2.889500
0.079120	-2.889500
0.079200	-2.889500
0.079280	-2.696200
0.079360	-2.696200
0.079440	-2.696200
0.079520	-2.696200
0.079600	-2.696200
0.079680	-2.502900
0.079760	-2.696200
0.079840	-2.696200
0.079920	-2.696200
0.080000	-2.889500
0.080080	-2.889500
0.080160	-2.889500
0.080240	-3.082800
0.080320	-3.276100
0.080400	-3.276100
0.080480	-3.276100
0.080560	-3.469400
0.080640	-3.469400
0.080720	-3.469400
0.080800	-3.469400
0.080880	-3.469400
0.080960	-3.469400
0.081040	-3.469400
0.081120	-3.469400
0.081200	-3.469400
0.081280	-3.469400
0.081360	-3.469400
0.081440	-3.469400
0.081520	-3.469400
0.081600	-3.469400
0.081680	-3.469400
0.081760	-3.469400
0.081840	-3.469400
0.081920	-3.469400
0.082000	-3.662700
0.082080	-3.662700
0.082160	-3.469400
0.082240	-3.469400
0.082320	-3.469400
0.082400	-3.469400
0.082480	-3.469400
0.082560	-3.276100
0.082640	-3.276100
0.082720	-3.276100
0.082800	-3.082800
0.082880	-3.082800
0.082960	-2.889500
0.083040	-2.889500
0.083120	-2.696200
0.083200	-2.696200
0.083280	-2.696200
0.083360	-2.502900
0.083440	-2.502900
0.083520	-2.502900
0.083600	-2.309600
0.083680	-2.309600
0.083760	-2.116300
0.083840	-2.116300
0.083920	-2.116300
0.084000	-1.923000
0.084080	-1.923000
0.084160	-1.729700
0.084240	-1.729700
0.084320	-1.536400
0.084400	-1.536400
0.084480	-1.343100
0.084560	-1.149800
0.084640	-0.956510
0.084720	-0.763210
0.084800	-0.569910
0.084880	-0.183320
0.084960	0.009973
0.085040	0.396560
0.085120	0.589860
0.085200	0.783160
0.085280	0.783160
0.085360	0.976450
0.085440	1.169700
0.085520	1.169700
0.085600	1.556300
0.085680	1.749600
0.085760	2.136200
0.085840	2.329500
0.085920	2.522800
0.086000	2.716100
0.086080	3.102700
0.086160	3.102700
0.086240	3.296000
0.086320	3.489300
0.086400	3.682600
0.086480	3.875900
0.086560	4.069200
0.086640	4.069200
0.086720	4.069200
0.086800	3.875900
0.086880	3.875900
0.086960	3.682600
0.087040	3.489300
0.087120	3.296000
0.087200	3.296000
0.087280	3.102700
0.087360	3.296000
0.087440	3.489300
0.087520	3.296000
0.087600	3.682600
0.087680	3.682600
0.087760	3.682600
0.087840	3.682600
0.087920	3.682600
0.088000	3.682600
0.088080	3.875900
0.088160	3.875900
0.088240	3.875900
0.088320	3.875900
0.088400	4.069200
0.088480	3.875900
0.088560	4.069200
0.088640	3.875900
0.088720	3.875900
0.088800	4.069200
0.088880	4.069200
0.088960	4.069200
0.089040	4.069200
0.089120	3.875900
0.089200	4.069200
0.089280	4.069200
0.089360	4.069200
0.089440	4.069200
0.089520	4.069200
0.089600	4.069200
0.089680	4.069200
0.089760	4.069200
0.089840	4.069200
0.089920	4.069200
0.090000	4.069200
0.090080	4.069200
0.090160	4.262500
0.090240	4.069200
0.090320	4.262500
0.090400	4.262500
0.090480	4.262500
0.090560	4.262500
0.090640	4.262500
0.090720	4.262500
0.090800	4.262500
0.090880	4.455800
0.090960	4.262500
0.091040	4.262500
0.091120	4.455800
0.091200	4.455800
0.091280	4.262500
0.091360	4.455800
0.091440	4.455800
0.091520	4.455800
0.091600	4.455800
0.091680	4.455800
0.091760	4.455800
0.091840	4.455800
0.091920	4.455800
0.092000	4.649100
0.092080	4.455800
0.092160	4.649100
0.092240	4.649100
0.092320	4.649100
0.092400	4.649100
0.092480	4.649100
0.092560	4.649100
0.092640	4.649100
0.092720	4.649100
0.092800	4.649100
0.092880	4.455800
0.092960	4.455800
0.093040	4.649100
0.093120	4.649100
0.093200	4.455800
0.093280	4.455800
0.093360	4.649100
0.093440	4.455800
0.093520	4.649100
0.093600	4.649100
0.093680	4.455800
0.093760	4.649100
0.093840	4.649100
0.093920	4.649100
0.094000	4.649100
0.094080	4.649100
0.094160	4.649100
0.094240	4.649100
0.094320	4.649100
0.094400	4.649100
0.094480	4.649100
0.094560	4.649100
0.094640	4.649100
0.094720	4.649100
0.094800	4.842400
0.094880	4.842400
0.094960	4.842400
0.095040	4.649100
0.095120	4.649100
0.095200	4.842400
0.095280	4.842400
0.095360	4.842400
0.095440	4.842400
0.095520	4.842400
0.095600	4.649100
0.095680	4.649100
0.095760	4.842400
0.095840	4.842400
0.095920	4.842400
0.096000	4.842400
0.096080	4.842400
0.096160	4.842400
0.096240	4.842400
0.096320	4.649100
0.096400	4.649100
0.096480	4.649100
0.096560	4.649100
0.096640	4.649100
0.096720	4.649100
0.096800	4.649100
0.096880	4.649100
0.096960	4.649100
0.097040	4.649100
0.097120	4.649100
0.097200	4.649100
0.097280	4.649100
0.097360	4.649100
0.097440	4.649100
0.097520	4.649100
0.097600	4.455800
0.097680	4.455800
0.097760	4.455800
0.097840	4.455800
0.097920	4.455800
0.098000	4.455800
0.098080	4.455800
0.098160	4.455800
0.098240	4.455800
0.098320	4.455800
0.098400	4.455800
0.098480	4.262500
0.098560	4.455800
0.098640	4.262500
0.098720	4.455800
0.098800	4.262500
0.098880	4.455800
0.098960	4.455800
0.099040	4.455800
0.099120	4.262500
0.099200	4.262500
0.099280	4.262500
0.099360	4.262500
0.099440	4.262500
0.099520	4.262500
0.099600	4.262500
0.099680	4.262500
0.099760	4.262500
0.099840	4.262500
0.099920	4.262500
0.100000	4.262500
0.100080	4.262500
0.100160	4.262500
0.100240	4.069200
0.100320	4.069200
0.100400	4.069200
0.100480	4.262500
0.100560	4.262500
0.100640	4.262500
0.100720	4.262500
0.100800	4.262500
0.100880	4.262500
0.100960	4.262500
0.101040	4.069200
0.101120	4.069200
0.101200	4.262500
0.101280	4.069200
0.101360	4.069200
0.101440	4.069200
0.101520	4.069200
0.101600	4.262500
0.101680	4.069200
0.101760	4.069200
0.101840	4.069200
0.101920	4.069200
0.102000	4.069200
0.102080	4.069200
0.102160	4.069200
0.102240	4.069200
0.102320	4.069200
0.102400	4.069200
0.102480	4.262500
0.102560	4.262500
0.102640	4.262500
0.102720	4.262500
0.102800	4.262500
0.102880	4.069200
0.102960	4.262500
0.103040	4.069200
0.103120	4.069200
0.103200	4.069200
0.103280	4.069200
0.103360	4.262500
0.103440	4.069200
0.103520	4.069200
0.103600	4.069200
0.103680	4.069200
0.103760	4.069200
0.103840	4.069200
0.103920	4.069200
0.104000	4.069200
0.104080	4.069200
0.104160	4.069200
0.104240	4.069200
0.104320	4.069200
0.104400	4.069200
0.104480	4.069200
0.104560	4.069200
0.104640	4.069200
0.104720	4.069200
0.104800	4.069200
0.104880	4.069200
0.104960	4.069200
0.105040	3.875900
0.105120	4.069200
0.105200	4.069200
0.105280	4.069200
0.105360	3.875900
0.105440	4.069200
0.105520	3.875900
0.105600	4.069200
0.105680	3.875900
0.105760	3.875900
0.105840	3.875900
0.105920	3.875900
0.106000	4.069200
0.106080	3.875900
0.106160	3.875900
0.106240	3.875900
0.106320	3.875900
0.106400	3.875900
0.106480	3.875900
0.106560	3.875900
0.106640	3.875900
0.106720	3.875900
0.106800	3.682600
0.106880	3.875900
0.106960	3.682600
0.107040	3.682600
0.107120	3.875900
0.107200	3.875900
0.107280	3.682600
0.107360	3.682600
0.107440	3.682600
0.107520	3.875900
0.107600	3.682600
0.107680	3.682600
0.107760	3.875900
0.107840	3.682600
0.107920	3.875900
0.108000	3.682600
0.108080	3.682600
0.108160	3.682600
0.108240	3.682600
0.108320	3.682600
0.108400	3.682600
0.108480	3.682600
0.108560	3.682600
0.108640	3.682600
0.108720	3.682600
0.108800	3.682600
0.108880	3.682600
0.108960	3.682600
0.109040	3.682600
0.109120	3.682600
0.109200	3.682600
0.109280	3.489300
0.109360	3.682600
0.109440	3.682600
0.109520	3.682600
0.109600	3.682600
0.109680	3.489300
0.109760	3.489300
0.109840	3.489300
0.109920	3.682600
0.110000	3.682600
0.110080	3.489300
0.110160	3.489300
0.110240	3.489300
0.110320	3.682600
0.110400	3.489300
0.110480	3.489300
0.110560	3.682600
0.110640	3.489300
0.110720	3.489300
0.110800	3.489300
0.110880	3.489300
0.110960	3.489300
0.111040	3.489300
0.111120	3.489300
0.111200	3.489300
0.111280	3.489300
0.111360	3.489300
0.111440	3.489300
0.111520	3.489300
0.111600	3.489300
0.111680	3.489300
0.111760	3.489300
0.111840	3.489300
0.111920	3.489300
0.112000	3.489300
0.112080	3.489300
0.112160	3.296000
0.112240	3.489300
0.112320	3.489300
0.112400	3.296000
0.112480	3.296000
0.112560	3.489300
0.112640	3.296000
0.112720	3.296000
0.112800	3.296000
0.112880	3.296000
0.112960	3.296000
0.113040	3.296000
0.113120	3.296000
0.113200	3.296000
0.113280	3.296000
0.113360	3.296000
0.113440	3.296000
0.113520	3.296000
0.113600	3.296000
0.113680	3.102700
0.113760	3.102700
0.113840	3.102700
0.113920	3.102700
0.114000	3.102700
0.114080	3.102700
0.114160	3.102700
0.114240	3.102700
0.114320	2.909400
0.114400	2.909400
0.114480	2.909400
0.114560	3.102700
0.114640	2.909400
0.114720	2.909400
0.114800	2.909400
0.114880	2.909400
0.114960	2.909400
0.115040	2.909400
0.115120	2.909400
0.115200	2.909400
0.115280	2.716100
0.115360	2.716100
0.115440	2.716100
0.115520	2.716100
0.115600	2.716100
0.115680	2.716100
0.115760	2.716100
0.115840	2.716100
0.115920	2.716100
0.116000	2.522800
0.116080	2.522800
0.116160	2.522800
0.116240	2.522800
0.116320	2.522800
0.116400	2.522800
0.116480	2.522800
0.116560	2.522800
0.116640	2.522800
0.116720	2.522800
0.116800	2.329500
0.116880	2.522800
0.116960	2.522800
0.117040	2.522800
0.117120	2.522800
0.117200	2.522800
0.117280	2.329500
0.117360	2.522800
0.117440	2.329500
0.117520	2.329500
0.117600	2.329500
0.117680	2.329500
0.117760	2.329500
0.117840	2.329500
0.117920	2.329500
0.118000	2.329500
0.118080	2.329500
0.118160	2.329500
0.118240	2.136200
0.118320	2.136200
0.118400	2.136200
0.118480	2.136200
0.118560	2.136200
0.118640	2.329500
0.118720	2.136200
0.118800	2.136200
0.118880	2.136200
0.118960	2.136200
0.119040	2.136200
0.119120	2.329500
0.119200	2.329500
0.119280	2.136200
0.119360	2.136200
0.119440	2.136200
0.119520	2.136200
0.119600	2.136200
0.119680	2.136200
0.119760	2.136200
0.119840	2.136200
0.119920	2.136200
0.120000	2.136200
0.120080	2.136200
0.120160	2.136200
0.120240	2.136200
0.120320	2.136200
0.120400	1.942900
0.120480	1.942900
0.120560	1.942900
0.120640	1.942900
0.120720	1.942900
0.120800	1.942900
0.120880	1.942900
0.120960	1.942900
0.121040	1.942900
0.121120	1.942900
0.121200	1.942900
0.121280	1.942900
0.121360	1.942900
0.121440	1.942900
0.121520	1.942900
0.121600	1.942900
0.121680	1.942900
0.121760	1.942900
0.121840	1.942900
0.121920	1.942900
0.122000	1.942900
0.122080	1.942900
0.122160	1.749600
0.122240	1.942900
0.122320	1.749600
0.122400	1.749600
0.122480	1.749600
0.122560	1.749600
0.122640	1.942900
0.122720	1.942900
0.122800	1.749600
0.122880	1.749600
0.122960	1.749600
0.123040	1.942900
0.123120	1.749600
0.123200	1.749600
0.123280	1.749600
0.123360	1.749600
0.123440	1.749600
0.123520	1.749600
0.123600	1.749600
0.123680	1.749600
0.123760	1.749600
0.123840	1.749600
0.123920	1.749600
0.124000	1.749600
0.124080	1.749600
0.124160	1.942900
0.124240	1.749600
0.124320	1.749600
0.124400	1.749600
0.124480	1.749600
0.124560	1.749600
0.124640	1.749600
0.124720	1.749600
0.124800	1.749600
0.124880	1.749600
0.124960	1.556300
0.125040	1.556300
0.125120	1.556300
0.125200	1.556300
0.125280	1.556300
0.125360	1.556300
0.125440	1.363000
0.125520	1.363000
0.125600	1.363000
0.125680	1.363000
0.125760	1.363000
0.125840	1.363000
0.125920	1.363000
0.126000	1.363000
0.126080	1.363000
0.126160	1.363000
0.126240	1.363000
0.126320	1.363000
0.126400	1.363000
0.126480	1.556300
0.126560	1.556300
0.126640	1.556300
0.126720	1.363000
0.126800	1.363000
0.126880	1.363000
0.126960	1.556300
0.127040	1.363000
0.127120	1.363000
0.127200	1.556300
0.127280	1.556300
0.127360	1.556300
0.127440	1.556300
0.127520	1.556300
0.127600	1.556300
0.127680	1.556300
0.127760	1.556300
0.127840	1.556300
0.127920	1.556300
0.128000	1.556300
0.128080	1.556300
0.128160	1.556300
0.128240	1.749600
0.128320	1.749600
0.128400	1.749600
0.128480	1.749600
0.128560	1.749600
0.128640	1.749600
0.128720	1.749600
0.128800	1.749600
0.128880	1.749600
0.128960	1.749600
0.129040	1.556300
0.129120	1.556300
0.129200	1.556300
0.129280	1.556300
0.129360	1.556300
0.129440	1.556300
0.129520	1.556300
0.129600	1.363000
0.129680	1.363000
0.129760	1.363000
0.129840	1.363000
0.129920	1.363000
0.130000	1.363000
0.130080	1.363000
0.130160	1.363000
0.130240	1.556300
0.130320	1.556300
0.130400	1.556300
0.130480	1.556300
0.130560	1.556300
0.130640	1.363000
0.130720	1.556300
0.130800	1.556300
0.130880	1.556300
0.130960	1.363000
0.131040	1.556300
0.131120	1.556300
0.131200	1.556300
0.131280	1.363000
0.131360	1.363000
0.131440	1.363000
0.131520	1.363000
0.131600	1.363000
0.131680	1.363000
0.131760	1.363000
0.131840	1.363000
0.131920	1.363000
0.132000	1.363000
0.132080	1.363000
0.132160	1.363000
0.132240	1.363000
0.132320	1.363000
0.132400	1.169700
0.132480	1.363000
0.132560	1.363000
0.132640	1.363000
0.132720	1.363000
0.132800	1.363000
0.132880	1.169700
0.132960	1.363000
0.133040	1.169700
0.133120	1.169700
0.133200	1.169700
0.133280	1.363000
0.133360	1.363000
0.133440	1.363000
0.133520	1.363000
0.133600	1.363000
0.133680	1.363000
0.133760	1.363000
0.133840	1.363000
0.133920	1.363000
0.134000	1.363000
0.134080	1.363000
0.134160	1.363000
0.134240	1.363000
0.134320	1.363000
0.134400	1.363000
0.134480	1.363000
0.134560	1.363000
0.134640	1.363000
0.134720	1.363000
0.134800	1.363000
0.134880	1.363000
0.134960	1.363000
0.135040	1.363000
0.135120	1.556300
0.135200	1.363000
0.135280	1.363000
0.135360	1.556300
0.135440	1.363000
0.135520	1.556300
0.135600	1.556300
0.135680	1.556300
0.135760	1.556300
0.135840	1.556300
0.135920	1.749600
0.136000	1.556300
0.136080	1.556300
0.136160	1.556300
0.136240	1.749600
0.136320	1.749600
0.136400	1.749600
0.136480	1.556300
0.136560	1.749600
0.136640	1.749600
0.136720	1.749600
0.136800	1.749600
0.136880	1.749600
0.136960	1.749600
0.137040	1.749600
0.137120	1.556300
0.137200	1.556300
0.137280	1.749600
0.137360	1.749600
0.137440	1.749600
0.137520	1.749600
0.137600	1.749600
0.137680	1.749600
0.137760	1.749600
0.137840	1.749600
0.137920	1.749600
0.138000	1.749600
0.138080	1.749600
0.138160	1.749600
0.138240	1.942900
0.138320	1.749600
0.138400	1.749600
0.138480	1.749600
0.138560	1.749600
0.138640	1.942900
0.138720	1.749600
0.138800	1.749600
0.138880	1.749600
0.138960	1.749600
0.139040	1.749600
0.139120	1.749600
0.139200	1.749600
0.139280	1.749600
0.139360	1.749600
0.139440	1.749600
0.139520	1.749600
0.139600	1.942900
0.139680	1.749600
0.139760	1.749600
0.139840	1.749600
0.139920	1.749600
0.140000	1.749600
0.140080	1.749600
0.140160	1.749600
0.140240	1.749600
0.140320	1.749600
0.140400	1.749600
0.140480	1.749600
0.140560	1.749600
0.140640	1.749600
0.140720	1.749600
0.140800	1.749600
0.140880	1.749600
0.140960	1.556300
0.141040	1.749600
0.141120	1.556300
0.141200	1.556300
0.141280	1.556300
0.141360	1.556300
0.141440	1.556300
0.141520	1.556300
0.141600	1.556300
0.141680	1.749600
0.141760	1.556300
0.141840	1.556300
0.141920	1.556300
0.142000	1.556300
0.142080	1.556300
0.142160	1.556300
0.142240	1.556300
0.142320	1.556300
0.142400	1.556300
0.142480	1.556300
0.142560	1.556300
0.142640	1.556300
0.142720	1.363000
0.142800	1.556300
0.142880	1.556300
0.142960	1.556300
0.143040	1.556300
0.143120	1.556300
0.143200	1.363000
0.143280	1.556300
0.143360	1.363000
0.143440	1.363000
0.143520	1.556300
0.143600	1.556300
0.143680	1.363000
0.143760	1.363000
0.143840	1.363000
0.143920	1.363000
0.144000	1.556300
0.144080	1.363000
0.144160	1.363000
0.144240	1.363000
0.144320	1.363000
0.144400	1.363000
0.144480	1.363000
0.144560	1.363000
0.144640	1.363000
0.144720	1.363000
0.144800	1.363000
0.144880	1.363000
0.144960	1.363000
0.145040	1.363000
0.145120	1.363000
0.145200	1.363000
0.145280	1.363000
0.145360	1.363000
0.145440	1.363000
0.145520	1.363000
0.145600	1.363000
0.145680	1.363000
0.145760	1.363000
0.145840	1.169700
0.145920	1.363000
0.146000	1.363000
0.146080	1.363000
0.146160	1.363000
0.146240	1.363000
0.146320	1.363000
0.146400	1.363000
0.146480	1.169700
0.146560	1.363000
0.146640	1.363000
0.146720	1.363000
0.146800	1.363000
0.146880	1.363000
0.146960	1.363000
0.147040	1.363000
0.147120	1.363000
0.147200	1.363000
0.147280	1.363000
0.147360	1.363000
0.147440	1.363000
0.147520	1.363000
0.147600	1.363000
0.147680	1.363000
0.147760	1.363000
0.147840	1.169700
0.147920	1.363000
0.148000	1.169700
0.148080	1.169700
0.148160	1.363000
0.148240	1.363000
0.148320	1.363000
0.148400	1.363000
0.148480	1.169700
0.148560	1.169700
0.148640	1.363000
0.148720	1.363000
0.148800	1.169700
0.148880	1.169700
0.148960	1.363000
0.149040	1.363000
0.149120	1.169700
0.149200	1.169700
0.149280	1.169700
0.149360	1.363000
0.149440	1.363000
0.149520	1.363000
0.149600	1.363000
0.149680	1.363000
0.149760	1.363000
0.149840	1.363000
0.149920	1.363000
0.150000	1.363000
0.150080	1.169700
0.150160	1.363000
0.150240	1.169700
0.150320	1.169700
0.150400	1.169700
0.150480	1.363000
0.150560	1.169700
0.150640	1.169700
0.150720	1.169700
0.150800	1.169700
0.150880	1.169700
0.150960	1.169700
0.151040	1.169700
0.151120	1.169700
0.151200	1.169700
0.151280	1.169700
0.151360	1.169700
0.151440	1.169700
0.151520	1.169700
0.151600	1.169700
0.151680	1.169700
0.151760	1.363000
0.151840	1.169700
0.151920	1.363000
0.152000	1.169700
0.152080	1.169700
0.152160	1.169700
0.152240	1.169700
0.152320	1.169700
0.152400	1.169700
0.152480	1.169700
0.152560	1.169700
0.152640	1.169700
0.152720	1.169700
0.152800	1.169700
0.152880	1.169700
0.152960	1.169700
0.153040	1.169700
0.153120	1.169700
0.153200	1.169700
0.153280	1.169700
0.153360	1.169700
0.153440	1.169700
0.153520	1.169700
0.153600	1.169700
0.153680	1.169700
0.153760	1.169700
0.153840	1.169700
0.153920	1.169700
0.154000	1.169700
0.154080	1.169700
0.154160	1.169700
0.154240	1.169700
0.154320	1.169700
0.154400	1.169700
0.154480	1.169700
0.154560	1.169700
0.154640	1.169700
0.154720	1.169700
0.154800	0.976450
0.154880	0.976450
0.154960	1.169700
0.155040	1.169700
0.155120	1.169700
0.155200	1.169700
0.155280	1.169700
0.155360	1.169700
0.155440	1.169700
0.155520	1.169700
0.155600	1.169700
0.155680	1.169700
0.155760	0.976450
0.155840	0.976450
0.155920	0.976450
0.156000	0.976450
0.156080	0.976450
0.156160	0.976450
0.156240	0.976450
0.156320	1.169700
0.156400	0.976450
0.156480	1.169700
0.156560	1.169700
0.156640	1.169700
0.156720	0.976450
0.156800	0.976450
0.156880	1.169700
0.156960	1.169700
0.157040	1.169700
0.157120	0.976450
0.157200	1.169700
0.157280	0.976450
0.157360	0.976450
0.157440	1.169700
0.157520	0.976450
0.157600	1.169700
0.157680	0.976450
0.157760	0.976450
0.157840	1.169700
0.157920	0.976450
0.158000	1.169700
0.158080	1.169700
0.158160	1.169700
0.158240	1.169700
0.158320	0.976450
0.158400	1.169700
0.158480	1.169700
0.158560	0.976450
0.158640	1.169700
0.158720	1.169700
0.158800	1.169700
0.158880	1.169700
0.158960	1.169700
0.159040	1.169700
0.159120	1.169700
0.159200	1.169700
0.159280	1.169700
0.159360	1.169700
0.159440	1.169700
0.159520	0.976450
0.159600	1.169700
0.159680	1.169700
0.159760	1.169700
0.159840	0.976450
0.159920	1.169700
0.160000	1.169700
0.160080	1.169700
0.160160	1.169700
0.160240	1.169700
0.160320	1.169700
0.160400	1.169700
0.160480	1.169700
0.160560	1.169700
0.160640	0.976450
0.160720	1.169700
0.160800	1.169700
0.160880	1.169700
0.160960	1.169700
0.161040	1.169700
0.161120	1.169700
0.161200	1.169700
0.161280	1.169700
0.161360	1.169700
0.161440	0.976450
0.161520	0.976450
0.161600	1.169700
0.161680	1.169700
0.161760	1.169700
0.161840	1.169700
0.161920	1.169700
0.162000	0.976450
0.162080	0.976450
0.162160	0.976450
0.162240	0.976450
0.162320	0.976450
0.162400	1.169700
0.162480	0.976450
0.162560	0.976450
0.162640	0.976450
0.162720	0.976450
0.162800	0.976450
0.162880	0.976450
0.162960	0.976450
0.163040	0.976450
0.163120	0.976450
0.163200	0.976450
0.163280	0.976450
0.163360	0.976450
0.163440	0.976450
0.163520	0.976450
0.163600	0.976450
0.163680	0.976450
0.163760	0.976450
0.163840	0.976450
0.163920	0.976450
0.164000	0.976450
0.164080	0.976450
0.164160	0.976450
0.164240	0.976450
0.164320	0.976450
0.164400	0.976450
0.164480	0.976450
0.164560	0.976450
0.164640	0.976450
0.164720	0.976450
0.164800	0.783160
0.164880	0.976450
0.164960	0.976450
0.165040	0.783160
0.165120	0.783160
0.165200	0.783160
0.165280	0.976450
0.165360	0.783160
0.165440	0.976450
0.165520	0.976450
0.165600	0.976450
0.165680	0.783160
0.165760	0.783160
0.165840	0.976450
0.165920	0.976450
0.166000	0.976450
0.166080	0.783160
0.166160	0.976450
0.166240	0.976450
0.166320	0.783160
0.166400	0.783160
0.166480	0.783160
0.166560	0.783160
0.166640	0.783160
0.166720	0.783160
0.166800	0.783160
0.166880	0.783160
0.166960	0.783160
0.167040	0.783160
0.167120	0.783160
0.167200	0.783160
0.167280	0.783160
0.167360	0.783160
0.167440	0.783160
0.167520	0.783160
0.167600	0.783160
0.167680	0.783160
0.167760	0.783160
0.167840	0.783160
0.167920	0.783160
0.168000	0.783160
0.168080	0.783160
0.168160	0.783160
0.168240	0.783160
0.168320	0.783160
0.168400	0.783160
0.168480	0.783160
0.168560	0.783160
0.168640	0.783160
0.168720	0.783160
0.168800	0.783160
0.168880	0.783160
0.168960	0.783160
0.169040	0.783160
0.169120	0.783160
0.169200	0.783160
0.169280	0.783160
0.169360	0.783160
0.169440	0.783160
0.169520	0.783160
0.169600	0.783160
0.169680	0.783160
0.169760	0.783160
0.169840	0.783160
0.169920	0.783160
0.170000	0.783160
0.170080	0.783160
0.170160	0.783160
0.170240	0.783160
0.170320	0.783160
0.170400	0.783160
0.170480	0.783160
0.170560	0.783160
0.170640	0.783160
0.170720	0.783160
0.170800	0.783160
0.170880	0.783160
0.170960	0.783160
0.171040	0.783160
0.171120	0.783160
0.171200	0.783160
0.171280	0.589860
0.171360	0.783160
0.171440	0.783160
0.171520	0.783160
0.171600	0.783160
0.171680	0.783160
0.171760	0.783160
0.171840	0.589860
0.171920	0.589860
0.172000	0.589860
0.172080	0.783160
0.172160	0.589860
0.172240	0.589860
0.172320	0.589860
0.172400	0.783160
0.172480	0.589860
0.172560	0.589860
0.172640	0.589860
0.172720	0.589860
0.172800	0.589860
0.172880	0.589860
0.172960	0.589860
0.173040	0.589860
0.173120	0.589860
0.173200	0.589860
0.173280	0.783160
0.173360	0.589860
0.173440	0.589860
0.173520	0.589860
0.173600	0.589860
0.173680	0.589860
0.173760	0.589860
0.173840	0.589860
0.173920	0.589860
0.174000	0.589860
0.174080	0.589860
0.174160	0.589860
0.174240	0.589860
0.174320	0.589860
0.174400	0.783160
0.174480	0.783160
0.174560	0.783160
0.174640	0.783160
0.174720	0.783160
0.174800	0.783160
0.174880	0.783160
0.174960	0.783160
0.175040	0.783160
0.175120	0.783160
0.175200	0.783160
0.175280	0.783160
0.175360	0.783160
0.175440	0.783160
0.175520	0.783160
0.175600	0.783160
0.175680	0.783160
0.175760	0.783160
0.175840	0.976450
0.175920	0.976450
0.176000	0.976450
0.176080	0.976450
0.176160	0.976450
0.176240	0.976450
0.176320	1.169700
0.176400	0.976450
0.176480	0.976450
0.176560	0.976450
0.176640	1.169700
0.176720	1.169700
0.176800	1.169700
0.176880	1.169700
0.176960	1.169700
0.177040	1.169700
0.177120	1.169700
0.177200	1.169700
0.177280	1.169700
0.177360	1.169700
0.177440	1.169700
0.177520	1.169700
0.177600	1.169700
0.177680	1.169700
0.177760	1.363000
0.177840	1.363000
0.177920	1.556300
0.178000	1.556300
0.178080	1.556300
0.178160	1.556300
0.178240	1.556300
0.178320	1.556300
0.178400	1.556300
0.178480	1.556300
0.178560	1.556300
0.178640	1.556300
0.178720	1.556300
0.178800	1.556300
0.178880	1.556300
0.178960	1.749600
0.179040	1.556300
0.179120	1.749600
0.179200	1.749600
0.179280	1.749600
0.179360	1.749600
0.179440	1.749600
0.179520	1.942900
0.179600	1.942900
0.179680	1.942900
0.179760	1.942900
0.179840	1.749600
0.179920	1.942900
0.180000	1.749600
0.180080	1.749600
0.180160	1.749600
0.180240	1.556300
0.180320	1.556300
0.180400	1.556300
0.180480	1.556300
0.180560	1.363000
0.180640	1.363000
0.180720	1.556300
0.180800	1.363000
0.180880	1.363000
0.180960	1.363000
0.181040	1.363000
0.181120	1.363000
0.181200	1.556300
0.181280	1.556300
0.181360	1.556300
0.181440	1.556300
0.181520	1.556300
0.181600	1.556300
0.181680	1.556300
0.181760	1.749600
0.181840	1.749600
0.181920	1.749600
0.182000	1.749600
0.182080	1.749600
0.182160	1.749600
0.182240	1.749600
0.182320	1.749600
0.182400	1.942900
0.182480	1.942900
0.182560	1.749600
0.182640	1.942900
0.182720	1.942900
0.182800	1.942900
0.182880	1.942900
0.182960	1.942900
0.183040	2.136200
0.183120	1.942900
0.183200	2.136200
0.183280	2.136200
0.183360	2.136200
0.183440	2.329500
0.183520	2.329500
0.183600	2.329500
0.183680	2.329500
0.183760	2.522800
0.183840	2.522800
0.183920	2.522800
0.184000	2.522800
0.184080	2.522800
0.184160	2.522800
0.184240	2.716100
0.184320	2.909400
0.184400	2.909400
0.184480	2.909400
0.184560	3.102700
0.184640	3.102700
0.184720	3.296000
0.184800	3.489300
0.184880	3.682600
0.184960	3.682600
0.185040	3.682600
0.185120	3.682600
0.185200	3.682600
0.185280	3.682600
0.185360	3.682600
0.185440	3.682600
0.185520	3.682600
0.185600	3.682600
0.185680	3.489300
0.185760	3.489300
0.185840	3.489300
0.185920	3.296000
0.186000	3.102700
0.186080	3.296000
0.186160	3.102700
0.186240	3.102700
0.186320	3.102700
0.186400	3.102700
0.186480	2.909400
0.186560	3.102700
0.186640	3.102700
0.186720	3.102700
0.186800	3.102700
0.186880	3.102700
0.186960	3.296000
0.187040	3.296000
0.187120	3.296000
0.187200	3.296000
0.187280	3.296000
0.187360	3.296000
0.187440	3.296000
0.187520	3.296000
0.187600	3.102700
0.187680	3.102700
0.187760	2.909400
0.187840	2.909400
0.187920	2.716100
0.188000	2.716100
0.188080	2.716100
0.188160	2.716100
0.188240	2.716100
0.188320	2.522800
0.188400	2.522800
0.188480	2.522800
0.188560	2.522800
0.188640	2.522800
0.188720	2.522800
0.188800	2.522800
0.188880	2.522800
0.188960	2.522800
0.189040	2.522800
0.189120	2.716100
0.189200	2.716100
0.189280	2.522800
0.189360	2.522800
0.189440	2.522800
0.189520	2.522800
0.189600	2.522800
0.189680	2.329500
0.189760	2.329500
0.189840	2.329500
0.189920	2.329500
0.190000	2.329500
0.190080	2.329500
0.190160	2.329500
0.190240	2.329500
0.190320	2.329500
0.190400	2.329500
0.190480	2.329500
0.190560	2.329500
0.190640	2.136200
0.190720	2.329500
0.190800	2.329500
0.190880	2.329500
0.190960	2.329500
0.191040	2.329500
0.191120	2.329500
0.191200	2.136200
0.191280	2.136200
0.191360	2.136200
0.191440	2.136200
0.191520	2.136200
0.191600	2.329500
0.191680	2.329500
0.191760	2.329500
0.191840	2.522800
0.191920	2.329500
0.192000	2.329500
0.192080	2.136200
0.192160	2.136200
0.192240	2.136200
0.192320	2.136200
0.192400	1.942900
0.192480	2.136200
0.192560	2.136200
0.192640	2.136200
0.192720	2.136200
0.192800	2.136200
0.192880	2.136200
0.192960	2.136200
0.193040	2.136200
0.193120	1.942900
0.193200	2.136200
0.193280	2.136200
0.193360	2.136200
0.193440	2.136200
0.193520	2.329500
0.193600	2.136200
0.193680	2.329500
0.193760	2.329500
0.193840	2.329500
0.193920	2.329500
0.194000	2.329500
0.194080	2.329500
0.194160	2.329500
0.194240	2.329500
0.194320	2.329500
0.194400	2.329500
0.194480	2.329500
0.194560	2.329500
0.194640	2.329500
0.194720	2.329500
0.194800	2.329500
0.194880	2.329500
0.194960	2.329500
0.195040	2.329500
0.195120	2.329500
0.195200	2.136200
0.195280	2.136200
0.195360	2.329500
0.195440	2.329500
0.195520	2.522800
0.195600	2.716100
0.195680	2.716100
0.195760	2.522800
0.195840	2.329500
0.195920	2.329500
0.196000	2.136200
0.196080	2.136200
0.196160	2.136200
0.196240	2.136200
0.196320	2.136200
0.196400	1.942900
0.196480	1.749600
0.196560	1.749600
0.196640	1.556300
0.196720	1.556300
0.196800	1.556300
0.196880	1.556300
0.196960	1.556300
0.197040	1.556300
0.197120	1.749600
0.197200	1.942900
0.197280	2.136200
0.197360	2.136200
0.197440	2.136200
0.197520	2.329500
0.197600	2.522800
0.197680	2.329500
0.197760	2.329500
0.197840	2.329500
0.197920	2.136200
0.198000	2.136200
0.198080	1.942900
0.198160	1.942900
0.198240	1.942900
0.198320	1.749600
0.198400	1.749600
0.198480	1.556300
0.198560	1.363000
0.198640	1.363000
0.198720	1.363000
0.198800	1.363000
0.198880	1.363000
0.198960	1.556300
0.199040	1.556300
0.199120	1.556300
0.199200	1.556300
0.199280	1.556300
0.199360	1.556300
0.199440	1.556300
0.199520	1.556300
0.199600	1.556300
0.199680	1.749600
0.199760	1.749600
0.199840	1.749600
0.199920	1.749600
0.200000	1.749600
0.200080	1.556300
0.200160	1.556300
0.200240	1.556300
0.200320	1.556300
0.200400	1.556300
0.200480	1.363000
0.200560	1.363000
0.200640	1.363000
0.200720	1.363000
0.200800	1.363000
0.200880	1.363000
0.200960	1.363000
0.201040	1.169700
0.201120	1.169700
0.201200	1.169700
0.201280	1.169700
0.201360	1.363000
0.201440	1.169700
0.201520	1.363000
0.201600	1.363000
0.201680	1.363000
0.201760	1.169700
0.201840	1.169700
0.201920	1.363000
0.202000	1.169700
0.202080	1.169700
0.202160	1.169700
0.202240	1.169700
0.202320	1.169700
0.202400	1.169700
0.202480	1.169700
0.202560	0.976450
0.202640	0.976450
0.202720	0.976450
0.202800	0.976450
0.202880	1.169700
0.202960	0.976450
0.203040	1.169700
0.203120	0.976450
0.203200	0.976450
0.203280	0.976450
0.203360	0.976450
0.203440	0.976450
0.203520	0.976450
0.203600	0.976450
0.203680	0.976450
0.203760	0.976450
0.203840	0.976450
0.203920	0.976450
0.204000	0.976450
0.204080	1.169700
0.204160	0.976450
0.204240	0.976450
0.204320	0.976450
0.204400	0.976450
0.204480	0.976450
0.204560	0.976450
0.204640	0.976450
0.204720	0.976450
0.204800	0.976450
0.204880	0.976450
0.204960	0.976450
0.205040	0.976450
0.205120	0.976450
0.205200	0.976450
0.205280	0.976450
0.205360	0.976450
0.205440	0.976450
0.205520	0.976450
0.205600	0.976450
0.205680	0.976450
0.205760	0.976450
0.205840	0.976450
0.205920	0.976450
0.206000	0.976450
0.206080	0.976450
0.206160	0.976450
0.206240	0.976450
0.206320	0.976450
0.206400	0.976450
0.206480	0.976450
0.206560	0.976450
0.206640	0.976450
0.206720	0.976450
0.206800	0.976450
0.206880	0.976450
0.206960	0.976450
0.207040	0.976450
0.207120	0.783160
0.207200	0.976450
0.207280	0.976450
0.207360	0.976450
0.207440	0.976450
0.207520	0.783160
0.207600	0.976450
0.207680	0.976450
0.207760	0.976450
0.207840	0.976450
0.207920	0.976450
0.208000	0.976450
0.208080	0.976450
0.208160	0.976450
0.208240	0.976450
0.208320	0.976450
0.208400	1.169700
0.208480	0.976450
0.208560	0.976450
0.208640	1.169700
0.208720	1.169700
0.208800	1.169700
0.208880	1.169700
0.208960	1.169700
0.209040	1.169700
0.209120	1.363000
0.209200	1.363000
0.209280	1.363000
0.209360	1.363000
0.209440	1.363000
0.209520	1.363000
0.209600	1.556300
0.209680	1.363000
0.209760	1.556300
0.209840	1.556300
0.209920	1.556300
0.210000	1.556300
0.210080	1.556300
0.210160	1.556300
0.210240	1.556300
0.210320	1.556300
0.210400	1.556300
0.210480	1.556300
0.210560	1.749600
0.210640	1.749600
0.210720	1.749600
0.210800	1.749600
0.210880	1.749600
0.210960	1.942900
0.211040	1.749600
0.211120	1.942900
0.211200	1.942900
0.211280	1.942900
0.211360	1.942900
0.211440	1.942900
0.211520	2.136200
0.211600	2.136200
0.211680	1.942900
0.211760	1.942900
0.211840	2.136200
0.211920	1.942900
0.212000	2.136200
0.212080	1.942900
0.212160	2.136200
0.212240	2.136200
0.212320	2.136200
0.212400	2.136200
0.212480	2.136200
0.212560	2.329500
0.212640	2.329500
0.212720	2.329500
0.212800	2.329500
0.212880	2.329500
0.212960	2.329500
0.213040	2.329500
0.213120	2.522800
0.213200	2.522800
0.213280	2.522800
0.213360	2.522800
0.213440	2.329500
0.213520	2.522800
0.213600	2.522800
0.213680	2.522800
0.213760	2.522800
0.213840	2.522800
0.213920	2.522800
0.214000	2.522800
0.214080	2.716100
0.214160	2.716100
0.214240	2.716100
0.214320	2.716100
0.214400	2.716100
0.214480	2.716100
0.214560	2.716100
0.214640	2.716100
0.214720	2.716100
0.214800	2.716100
0.214880	2.909400
0.214960	2.909400
0.215040	2.909400
0.215120	2.909400
0.215200	2.909400
0.215280	2.909400
0.215360	2.909400
0.215440	2.909400
0.215520	2.909400
0.215600	2.909400
0.215680	2.909400
0.215760	2.909400
0.215840	2.909400
0.215920	2.909400
0.216000	3.102700
0.216080	2.909400
0.216160	2.909400
0.216240	3.102700
0.216320	3.102700
0.216400	3.102700
0.216480	3.102700
0.216560	2.909400
0.216640	3.102700
0.216720	3.102700
0.216800	3.102700
0.216880	3.102700
0.216960	3.102700
0.217040	3.102700
0.217120	3.296000
0.217200	3.296000
0.217280	3.296000
0.217360	3.296000
0.217440	3.102700
0.217520	3.102700
0.217600	3.296000
0.217680	3.296000
0.217760	3.296000
0.217840	3.296000
0.217920	3.102700
0.218000	3.102700
0.218080	3.102700
0.218160	3.102700
0.218240	3.102700
0.218320	3.102700
0.218400	3.102700
0.218480	3.296000
0.218560	3.296000
0.218640	3.296000
0.218720	3.296000
0.218800	3.296000
0.218880	3.296000
0.218960	3.296000
0.219040	3.102700
0.219120	3.296000
0.219200	3.296000
0.219280	3.296000
0.219360	3.296000
0.219440	3.296000
0.219520	3.296000
0.219600	3.489300
0.219680	3.296000
0.219760	3.296000
0.219840	3.296000
0.219920	3.296000
0.220000	3.296000
0.220080	3.296000
0.220160	3.296000
0.220240	3.296000
0.220320	3.296000
0.220400	3.296000
0.220480	3.296000
0.220560	3.296000
0.220640	3.296000
0.220720	3.296000
0.220800	3.296000
0.220880	3.296000
0.220960	3.102700
0.221040	3.296000
0.221120	3.102700
0.221200	3.296000
0.221280	3.296000
0.221360	3.296000
0.221440	3.296000
0.221520	3.296000
0.221600	3.296000
0.221680	3.296000
0.221760	3.102700
0.221840	3.102700
0.221920	3.102700
0.222000	3.102700
0.222080	3.102700
0.222160	3.102700
0.222240	3.102700
0.222320	3.102700
0.222400	3.102700
0.222480	3.102700
0.222560	3.102700
0.222640	3.102700
0.222720	3.102700
0.222800	3.102700
0.222880	2.909400
0.222960	3.102700
0.223040	3.102700
0.223120	2.909400
0.223200	3.102700
0.223280	2.909400
0.223360	3.102700
0.223440	2.909400
0.223520	2.909400
0.223600	2.909400
0.223680	2.909400
0.223760	2.909400
0.223840	2.909400
0.223920	2.909400
0.224000	2.909400
0.224080	2.909400
0.224160	2.909400
0.224240	2.909400
0.224320	2.909400
0.224400	2.909400
0.224480	2.909400
0.224560	2.909400
0.224640	2.909400
0.224720	2.909400
0.224800	2.909400
0.224880	2.909400
0.224960	2.716100
0.225040	2.716100
0.225120	2.909400
0.225200	2.909400
0.225280	2.716100
0.225360	2.716100
0.225440	2.909400
0.225520	2.716100
0.225600	2.716100
0.225680	2.716100
0.225760	2.716100
0.225840	2.716100
0.225920	2.716100
0.226000	2.716100
0.226080	2.716100
0.226160	2.716100
0.226240	2.716100
0.226320	2.716100
0.226400	2.716100
0.226480	2.522800
0.226560	2.522800
0.226640	2.522800
0.226720	2.522800
0.226800	2.716100
0.226880	2.522800
0.226960	2.522800
0.227040	2.522800
0.227120	2.522800
0.227200	2.522800
0.227280	2.522800
0.227360	2.522800
0.227440	2.522800
0.227520	2.522800
0.227600	2.716100
0.227680	2.716100
0.227760	2.716100
0.227840	2.716100
0.227920	2.716100
0.228000	2.716100
0.228080	2.716100
0.228160	2.716100
0.228240	2.716100
0.228320	2.716100
0.228400	2.716100
0.228480	2.716100
0.228560	2.716100
0.228640	2.716100
0.228720	2.522800
0.228800	2.522800
0.228880	2.329500
0.228960	2.329500
0.229040	2.329500
0.229120	2.329500
0.229200	2.329500
0.229280	2.329500
0.229360	2.329500
0.229440	2.329500
0.229520	2.329500
0.229600	2.329500
0.229680	2.329500
0.229760	2.329500
0.229840	2.329500
0.229920	2.329500
0.230000	2.329500
0.230080	2.329500
0.230160	2.329500
0.230240	2.522800
0.230320	2.522800
0.230400	2.329500
0.230480	2.522800
0.230560	2.329500
0.230640	2.522800
0.230720	2.329500
0.230800	2.329500
0.230880	2.329500
0.230960	2.329500
0.231040	2.329500
0.231120	2.329500
0.231200	2.136200
0.231280	2.136200
0.231360	2.136200
0.231440	2.136200
0.231520	2.136200
0.231600	2.136200
0.231680	2.136200
0.231760	2.136200
0.231840	2.136200
0.231920	1.942900
0.232000	2.136200
0.232080	1.942900
0.232160	2.136200
0.232240	1.942900
0.232320	2.136200
0.232400	2.136200
0.232480	1.942900
0.232560	1.942900
0.232640	2.136200
0.232720	2.136200
0.232800	1.942900
0.232880	1.942900
0.232960	2.136200
0.233040	1.942900
0.233120	1.942900
0.233200	1.942900
0.233280	1.942900
0.233360	1.942900
0.233440	1.942900
0.233520	1.942900
0.233600	1.942900
0.233680	1.942900
0.233760	1.942900
0.233840	1.942900
0.233920	1.749600
0.234000	1.942900
0.234080	1.749600
0.234160	1.749600
0.234240	1.749600
0.234320	1.749600
0.234400	1.749600
0.234480	1.749600
0.234560	1.749600
0.234640	1.749600
0.234720	1.556300
0.234800	1.749600
0.234880	1.556300
0.234960	1.556300
0.235040	1.556300
0.235120	1.556300
0.235200	1.363000
0.235280	1.556300
0.235360	1.556300
0.235440	1.556300
0.235520	1.363000
0.235600	1.363000
0.235680	1.363000
0.235760	1.363000
0.235840	1.363000
0.235920	1.363000
0.236000	1.363000
0.236080	1.363000
0.236160	1.556300
0.236240	1.363000
0.236320	1.363000
0.236400	1.363000
0.236480	1.363000
0.236560	1.363000
0.236640	1.363000
0.236720	1.363000
0.236800	1.169700
0.236880	1.169700
0.236960	1.169700
0.237040	1.169700
0.237120	1.169700
0.237200	1.169700
0.237280	1.169700
0.237360	1.169700
0.237440	1.169700
0.237520	1.169700
0.237600	1.169700
0.237680	0.976450
0.237760	1.169700
0.237840	0.976450
0.237920	1.169700
0.238000	0.976450
0.238080	0.976450
0.238160	1.169700
0.238240	0.976450
0.238320	0.976450
0.238400	0.976450
0.238480	0.976450
0.238560	0.976450
0.238640	0.976450
0.238720	0.976450
0.238800	0.976450
0.238880	0.976450
0.238960	0.976450
0.239040	0.976450
0.239120	0.976450
0.239200	0.976450
0.239280	0.783160
0.239360	0.783160
0.239440	0.783160
0.239520	0.783160
0.239600	0.783160
0.239680	0.783160
0.239760	0.783160
0.239840	0.589860
0.239920	0.783160
0.240000	0.589860
0.240080	0.589860
0.240160	0.589860
0.240240	0.589860
0.240320	0.589860
0.240400	0.396560
0.240480	0.589860
0.240560	0.589860
0.240640	0.589860
0.240720	0.396560
0.240800	0.589860
0.240880	0.396560
0.240960	0.396560
0.241040	0.396560
0.241120	0.396560
0.241200	0.203270
0.241280	0.203270
0.241360	0.203270
0.241440	0.203270
0.241520	0.203270
0.241600	0.203270
0.241680	0.203270
0.241760	0.203270
0.241840	0.203270
0.241920	0.009973
0.242000	0.009973
0.242080	0.009973
0.242160	0.009973
0.242240	0.009973
0.242320	-0.183320
0.242400	-0.183320
0.242480	-0.183320
0.242560	-0.183320
0.242640	-0.183320
0.242720	-0.183320
0.242800	-0.376620
0.242880	-0.376620
0.242960	-0.376620
0.243040	-0.183320
0.243120	-0.376620
0.243200	-0.376620
0.243280	-0.376620
0.243360	-0.376620
0.243440	-0.376620
0.243520	-0.376620
0.243600	-0.569910
0.243680	-0.569910
0.243760	-0.569910
0.243840	-0.569910
0.243920	-0.569910
0.244000	-0.569910
0.244080	-0.569910
0.244160	-0.569910
0.244240	-0.569910
0.244320	-0.763210
0.244400	-0.569910
0.244480	-0.763210
0.244560	-0.763210
0.244640	-0.763210
0.244720	-0.763210
0.244800	-0.763210
0.244880	-0.763210
0.244960	-0.763210
0.245040	-0.763210
0.245120	-0.763210
0.245200	-0.763210
0.245280	-0.763210
0.245360	-0.956510
0.245440	-0.763210
0.245520	-0.956510
0.245600	-0.763210
0.245680	-0.956510
0.245760	-0.956510
0.245840	-0.956510
0.245920	-0.763210
0.246000	-0.956510
0.246080	-0.956510
0.246160	-0.956510
0.246240	-0.956510
0.246320	-0.763210
0.246400	-0.763210
0.246480	-0.956510
0.246560	-0.763210
0.246640	-0.763210
0.246720	-0.956510
0.246800	-0.956510
0.246880	-0.763210
0.246960	-0.763210
0.247040	-0.956510
0.247120	-0.763210
0.247200	-0.956510
0.247280	-0.956510
0.247360	-0.763210
0.247440	-0.763210
0.247520	-0.956510
0.247600	-0.956510
0.247680	-0.956510
0.247760	-0.956510
0.247840	-0.956510
0.247920	-0.956510
0.248000	-0.956510
0.248080	-0.956510
0.248160	-0.956510
0.248240	-0.956510
0.248320	-0.956510
0.248400	-0.956510
0.248480	-0.956510
0.248560	-0.956510
0.248640	-1.149800
0.248720	-1.149800
0.248800	-1.149800
0.248880	-1.149800
0.248960	-1.149800
0.249040	-1.149800
0.249120	-1.149800
0.249200	-1.149800
0.249280	-1.149800
0.249360	-1.149800
0.249440	-1.149800
0.249520	-1.149800
0.249600	-1.149800
0.249680	-1.343100
0.249760	-1.343100
0.249840	-1.343100
0.249920	-1.149800
0.250000	-1.343100
0.250080	-1.343100
0.250160	-1.343100
0.250240	-1.343100
0.250320	-1.343100
0.250400	-1.343100
0.250480	-1.343100
0.250560	-1.343100
0.250640	-1.343100
0.250720	-1.343100
0.250800	-1.343100
0.250880	-1.536400
0.250960	-1.343100
0.251040	-1.536400
0.251120	-1.536400
0.251200	-1.536400
0.251280	-1.536400
0.251360	-1.536400
0.251440	-1.536400
0.251520	-1.536400
0.251600	-1.729700
0.251680	-1.729700
0.251760	-1.729700
0.251840	-1.729700
0.251920	-1.729700
0.252000	-1.729700
0.252080	-1.729700
0.252160	-1.729700
0.252240	-1.729700
0.252320	-1.729700
0.252400	-1.729700
0.252480	-1.729700
0.252560	-1.729700
0.252640	-1.729700
0.252720	-1.729700
0.252800	-1.729700
0.252880	-1.923000
0.252960	-1.729700
0.253040	-1.729700
0.253120	-1.729700
0.253200	-1.729700
0.253280	-1.729700
0.253360	-1.729700
0.253440	-1.729700
0.253520	-1.729700
0.253600	-1.729700
0.253680	-1.729700
0.253760	-1.729700
0.253840	-1.729700
0.253920	-1.729700
0.254000	-1.729700
0.254080	-1.729700
0.254160	-1.923000
0.254240	-1.729700
0.254320	-1.923000
0.254400	-1.923000
0.254480	-1.923000
0.254560	-1.923000
0.254640	-1.923000
0.254720	-1.923000
0.254800	-1.923000
0.254880	-1.923000
0.254960	-1.923000
0.255040	-1.923000
0.255120	-2.116300
0.255200	-1.923000
0.255280	-1.923000
0.255360	-2.116300
0.255440	-2.116300
0.255520	-2.116300
0.255600	-2.116300
0.255680	-2.116300
0.255760	-2.116300
0.255840	-1.923000
0.255920	-2.116300
0.256000	-2.116300
0.256080	-1.923000
0.256160	-2.116300
0.256240	-2.116300
0.256320	-2.116300
0.256400	-2.116300
0.256480	-1.923000
0.256560	-1.923000
0.256640	-1.923000
0.256720	-1.923000
0.256800	-1.923000
0.256880	-1.923000
0.256960	-1.923000
0.257040	-1.923000
0.257120	-1.923000
0.257200	-1.923000
0.257280	-1.923000
0.257360	-1.923000
0.257440	-1.923000
0.257520	-1.923000
0.257600	-1.923000
0.257680	-1.923000
0.257760	-1.923000
0.257840	-1.923000
0.257920	-1.923000
0.258000	-1.923000
0.258080	-1.923000
0.258160	-1.923000
0.258240	-1.923000
0.258320	-1.923000
0.258400	-1.923000
0.258480	-1.923000
0.258560	-1.923000
0.258640	-1.923000
0.258720	-1.923000
0.258800	-1.923000
0.258880	-1.923000
0.258960	-1.923000
0.259040	-1.923000
0.259120	-1.923000
0.259200	-1.923000
0.259280	-2.116300
0.259360	-2.116300
0.259440	-2.116300
0.259520	-2.116300
0.259600	-2.116300
0.259680	-2.309600
0.259760	-2.309600
0.259840	-2.309600
0.259920	-2.309600
0.260000	-2.309600
0.260080	-2.309600
0.260160	-2.502900
0.260240	-2.502900
0.260320	-2.502900
0.260400	-2.502900
0.260480	-2.309600
0.260560	-2.502900
0.260640	-2.309600
0.260720	-2.502900
0.260800	-2.502900
0.260880	-2.502900
0.260960	-2.502900
0.261040	-2.502900
0.261120	-2.502900
0.261200	-2.502900
0.261280	-2.502900
0.261360	-2.502900
0.261440	-2.502900
0.261520	-2.502900
0.261600	-2.502900
0.261680	-2.502900
0.261760	-2.502900
0.261840	-2.502900
0.261920	-2.502900
0.262000	-2.502900
0.262080	-2.502900
0.262160	-2.696200
0.262240	-2.889500
0.262320	-2.889500
0.262400	-2.889500
0.262480	-3.082800
0.262560	-3.082800
0.262640	-3.276100
0.262720	-3.276100
0.262800	-3.276100
0.262880	-3.276100
0.262960	-3.276100
0.263040	-3.276100
0.263120	-3.469400
0.263200	-3.469400
0.263280	-3.469400
0.263360	-3.469400
0.263440	-3.469400
0.263520	-3.469400
0.263600	-3.469400
0.263680	-3.469400
0.263760	-3.469400
0.263840	-3.469400
0.263920	-3.469400
0.264000	-3.469400
0.264080	-3.469400
0.264160	-3.469400
0.264240	-3.469400
0.264320	-3.469400
0.264400	-3.469400
0.264480	-3.276100
0.264560	-3.469400
0.264640	-3.276100
0.264720	-3.276100
0.264800	-3.276100
0.264880	-3.276100
0.264960	-3.276100
0.265040	-3.082800
0.265120	-3.082800
0.265200	-3.082800
0.265280	-2.889500
0.265360	-2.889500
0.265440	-2.889500
0.265520	-2.889500
0.265600	-2.889500
0.265680	-2.696200
0.265760	-2.696200
0.265840	-2.696200
0.265920	-2.889500
0.266000	-2.696200
0.266080	-2.889500
0.266160	-2.889500
0.266240	-2.889500
0.266320	-2.889500
0.266400	-2.889500
0.266480	-3.082800
0.266560	-3.082800
0.266640	-3.082800
0.266720	-3.082800
0.266800	-3.082800
0.266880	-3.082800
0.266960	-3.276100
0.267040	-3.082800
0.267120	-3.082800
0.267200	-3.082800
0.267280	-3.082800
0.267360	-3.082800
0.267440	-3.082800
0.267520	-3.082800
0.267600	-3.082800
0.267680	-3.082800
0.267760	-3.082800
0.267840	-3.082800
0.267920	-3.082800
0.268000	-3.082800
0.268080	-3.082800
0.268160	-3.082800
0.268240	-3.082800
0.268320	-3.082800
0.268400	-3.082800
0.268480	-3.082800
0.268560	-3.082800
0.268640	-3.082800
0.268720	-3.082800
0.268800	-3.082800
0.268880	-3.082800
0.268960	-3.082800
0.269040	-3.082800
0.269120	-3.082800
0.269200	-3.082800
0.269280	-3.082800
0.269360	-3.276100
0.269440	-3.082800
0.269520	-3.082800
0.269600	-3.082800
0.269680	-3.082800
0.269760	-3.082800
0.269840	-3.082800
0.269920	-3.082800
0.270000	-3.082800
0.270080	-3.082800
0.270160	-3.082800
0.270240	-3.082800
0.270320	-3.082800
0.270400	-3.082800
0.270480	-3.082800
0.270560	-2.889500
0.270640	-2.889500
0.270720	-3.082800
0.270800	-3.082800
0.270880	-3.082800
0.270960	-3.082800
0.271040	-3.082800
0.271120	-3.082800
0.271200	-3.082800
0.271280	-3.082800
0.271360	-3.082800
0.271440	-2.889500
0.271520	-3.082800
0.271600	-2.889500
0.271680	-2.889500
0.271760	-3.082800
0.271840	-3.082800
0.271920	-2.889500
0.272000	-3.082800
0.272080	-2.889500
0.272160	-3.082800
0.272240	-2.889500
0.272320	-2.889500
0.272400	-2.889500
0.272480	-2.889500
0.272560	-2.889500
0.272640	-2.889500
0.272720	-2.889500
0.272800	-2.696200
0.272880	-2.696200
0.272960	-2.696200
0.273040	-2.696200
0.273120	-2.696200
0.273200	-2.696200
0.273280	-2.696200
0.273360	-2.696200
0.273440	-2.889500
0.273520	-2.889500
0.273600	-2.889500
0.273680	-2.889500
0.273760	-2.889500
0.273840	-2.889500
0.273920	-2.889500
0.274000	-2.889500
0.274080	-2.889500
0.274160	-2.889500
0.274240	-2.889500
0.274320	-2.889500
0.274400	-2.889500
0.274480	-2.889500
0.274560	-2.889500
0.274640	-2.889500
0.274720	-2.696200
0.274800	-2.696200
0.274880	-2.696200
0.274960	-2.696200
0.275040	-2.696200
0.275120	-2.696200
0.275200	-2.696200
0.275280	-2.696200
0.275360	-2.696200
0.275440	-2.696200
0.275520	-2.696200
0.275600	-2.696200
0.275680	-2.889500
0.275760	-2.696200
0.275840	-2.889500
0.275920	-2.889500
0.276000	-2.889500
0.276080	-2.889500
0.276160	-2.889500
0.276240	-2.889500
0.276320	-2.889500
0.276400	-2.889500
0.276480	-2.889500
0.276560	-2.889500
0.276640	-2.889500
0.276720	-2.889500
0.276800	-2.889500
0.276880	-2.889500
0.276960	-2.889500
0.277040	-2.889500
0.277120	-2.889500
0.277200	-2.889500
0.277280	-2.889500
0.277360	-2.889500
0.277440	-2.696200
0.277520	-2.696200
0.277600	-2.696200
0.277680	-2.696200
0.277760	-2.696200
0.277840	-2.696200
0.277920	-2.696200
0.278000	-2.696200
0.278080	-2.696200
0.278160	-2.696200
0.278240	-2.696200
0.278320	-2.696200
0.278400	-2.696200
0.278480	-2.696200
0.278560	-2.696200
0.278640	-2.502900
0.278720	-2.502900
0.278800	-2.502900
0.278880	-2.502900
0.278960	-2.502900
0.279040	-2.502900
0.279120	-2.502900
0.279200	-2.502900
0.279280	-2.502900
0.279360	-2.502900
0.279440	-2.502900
0.279520	-2.502900
0.279600	-2.309600
0.279680	-2.309600
0.279760	-2.309600
0.279840	-2.309600
0.279920	-2.309600
0.280000	-2.309600
0.280080	-2.309600
0.280160	-2.309600
0.280240	-2.309600
0.280320	-2.116300
0.280400	-2.116300
0.280480	-2.116300
0.280560	-2.116300
0.280640	-2.116300
0.280720	-2.116300
0.280800	-2.116300
0.280880	-2.116300
0.280960	-1.923000
0.281040	-1.923000
0.281120	-2.116300
0.281200	-1.923000
0.281280	-1.923000
0.281360	-1.923000
0.281440	-1.923000
0.281520	-2.116300
0.281600	-1.923000
0.281680	-1.923000
0.281760	-1.923000
0.281840	-1.923000
0.281920	-1.923000
0.282000	-1.729700
0.282080	-1.923000
0.282160	-1.923000
0.282240	-1.729700
0.282320	-1.923000
0.282400	-1.923000
0.282480	-1.729700
0.282560	-1.923000
0.282640	-1.923000
0.282720	-1.923000
0.282800	-1.923000
0.282880	-1.729700
0.282960	-1.729700
0.283040	-1.729700
0.283120	-1.729700
0.283200	-1.729700
0.283280	-1.729700
0.283360	-1.729700
0.283440	-1.923000
0.283520	-1.729700
0.283600	-1.729700
0.283680	-1.729700
0.283760	-1.729700
0.283840	-1.729700
0.283920	-1.729700
0.284000	-1.729700
0.284080	-1.729700
0.284160	-1.729700
0.284240	-1.729700
0.284320	-1.729700
0.284400	-1.729700
0.284480	-1.729700
0.284560	-1.729700
0.284640	-1.729700
0.284720	-1.729700
0.284800	-1.729700
0.284880	-1.729700
0.284960	-1.729700
0.285040	-1.729700
0.285120	-1.729700
0.285200	-1.729700
0.285280	-1.729700
0.285360	-1.729700
0.285440	-1.729700
0.285520	-1.729700
0.285600	-1.729700
0.285680	-1.729700
0.285760	-1.729700
0.285840	-1.729700
0.285920	-1.729700
0.286000	-1.729700
0.286080	-1.729700
0.286160	-1.729700
0.286240	-1.729700
0.286320	-1.729700
0.286400	-1.729700
0.286480	-1.729700
0.286560	-1.729700
0.286640	-1.729700
0.286720	-1.729700
0.286800	-1.729700
0.286880	-1.729700
0.286960	-1.729700
0.287040	-1.729700
0.287120	-1.729700
0.287200	-1.729700
0.287280	-1.729700
0.287360	-1.729700
0.287440	-1.729700
0.287520	-1.729700
0.287600	-1.729700
0.287680	-1.729700
0.287760	-1.536400
0.287840	-1.729700
0.287920	-1.729700
0.288000	-1.729700
0.288080	-1.729700
0.288160	-1.729700
0.288240	-1.729700
0.288320	-1.729700
0.288400	-1.729700
0.288480	-1.729700
0.288560	-1.729700
0.288640	-1.729700
0.288720	-1.729700
0.288800	-1.729700
0.288880	-1.729700
0.288960	-1.729700
0.289040	-1.536400
0.289120	-1.536400
0.289200	-1.536400
0.289280	-1.536400
0.289360	-1.536400
0.289440	-1.729700
0.289520	-1.536400
0.289600	-1.536400
0.289680	-1.536400
0.289760	-1.536400
0.289840	-1.536400
0.289920	-1.536400
0.290000	-1.536400
0.290080	-1.536400
0.290160	-1.536400
0.290240	-1.536400
0.290320	-1.536400
0.290400	-1.729700
0.290480	-1.536400
0.290560	-1.536400
0.290640	-1.536400
0.290720	-1.536400
0.290800	-1.536400
0.290880	-1.536400
0.290960	-1.536400
0.291040	-1.536400
0.291120	-1.536400
0.291200	-1.536400
0.291280	-1.536400
0.291360	-1.536400
0.291440	-1.536400
0.291520	-1.343100
0.291600	-1.343100
0.291680	-1.343100
0.291760	-1.343100
0.291840	-1.343100
0.291920	-1.343100
0.292000	-1.343100
0.292080	-1.343100
0.292160	-1.343100
0.292240	-1.343100
0.292320	-1.343100
0.292400	-1.343100
0.292480	-1.149800
0.292560	-1.343100
0.292640	-1.343100
0.292720	-1.149800
0.292800	-1.343100
0.292880	-1.149800
0.292960	-1.149800
0.293040	-1.149800
0.293120	-1.149800
0.293200	-1.149800
0.293280	-1.149800
0.293360	-0.956510
0.293440	-1.149800
0.293520	-1.149800
0.293600	-1.149800
0.293680	-1.149800
0.293760	-1.149800
0.293840	-1.149800
0.293920	-1.149800
0.294000	-1.149800
0.294080	-1.149800
0.294160	-1.149800
0.294240	-1.149800
0.294320	-1.149800
0.294400	-1.149800
0.294480	-1.149800
0.294560	-1.149800
0.294640	-1.149800
0.294720	-1.149800
0.294800	-1.149800
0.294880	-1.149800
0.294960	-1.149800
0.295040	-1.343100
0.295120	-1.343100
0.295200	-1.343100
0.295280	-1.343100
0.295360	-1.343100
0.295440	-1.343100
0.295520	-1.343100
0.295600	-1.343100
0.295680	-1.343100
0.295760	-1.536400
0.295840	-1.536400
0.295920	-1.343100
0.296000	-1.343100
0.296080	-1.343100
0.296160	-1.536400
0.296240	-1.536400
0.296320	-1.343100
0.296400	-1.343100
0.296480	-1.343100
0.296560	-1.536400
0.296640	-1.343100
0.296720	-1.343100
0.296800	-1.536400
0.296880	-1.343100
0.296960	-1.343100
0.297040	-1.343100
0.297120	-1.343100
0.297200	-1.343100
0.297280	-1.343100
0.297360	-1.343100
0.297440	-1.536400
0.297520	-1.343100
0.297600	-1.343100
0.297680	-1.343100
0.297760	-1.343100
0.297840	-1.343100
0.297920	-1.343100
0.298000	-1.343100
0.298080	-1.343100
0.298160	-1.343100
0.298240	-1.343100
0.298320	-1.149800
0.298400	-1.343100
0.298480	-1.149800
0.298560	-1.343100
0.298640	-1.149800
0.298720	-1.149800
0.298800	-1.149800
0.298880	-1.149800
0.298960	-1.149800
0.299040	-1.149800
0.299120	-1.149800
0.299200	-1.149800
0.299280	-1.149800
0.299360	-1.149800
0.299440	-1.149800
0.299520	-1.149800
0.299600	-0.956510
0.299680	-0.956510
0.299760	-0.956510
0.299840	-0.956510
0.299920	-0.956510
0.300000	-0.956510
0.300080	-0.956510
0.300160	-0.956510
0.300240	-0.956510
0.300320	-0.956510
0.300400	-0.956510
0.300480	-0.956510
0.300560	-0.956510
0.300640	-0.956510
0.300720	-0.956510
0.300800	-0.763210
0.300880	-0.956510
0.300960	-0.763210
0.301040	-0.956510
0.301120	-0.763210
0.301200	-0.956510
0.301280	-0.763210
0.301360	-0.763210
0.301440	-0.763210
0.301520	-0.763210
0.301600	-0.956510
0.301680	-0.763210
0.301760	-0.763210
0.301840	-0.763210
0.301920	-0.763210
0.302000	-0.763210
0.302080	-0.763210
0.302160	-0.956510
0.302240	-0.956510
0.302320	-0.763210
0.302400	-0.956510
0.302480	-0.763210
0.302560	-0.956510
0.302640	-0.956510
0.302720	-0.956510
0.302800	-0.763210
0.302880	-0.956510
0.302960	-0.956510
0.303040	-0.956510
0.303120	-0.956510
0.303200	-0.956510
0.303280	-0.956510
0.303360	-0.763210
0.303440	-0.956510
0.303520	-0.956510
0.303600	-0.956510
0.303680	-0.956510
0.303760	-0.956510
0.303840	-0.956510
0.303920	-0.956510
0.304000	-0.956510
0.304080	-0.956510
0.304160	-0.763210
0.304240	-0.956510
0.304320	-0.956510
0.304400	-0.956510
0.304480	-0.763210
0.304560	-0.763210
0.304640	-0.763210
0.304720	-0.763210
0.304800	-0.763210
0.304880	-0.763210
0.304960	-0.763210
0.305040	-0.763210
0.305120	-0.763210
0.305200	-0.763210
0.305280	-0.763210
0.305360	-0.763210
0.305440	-0.763210
0.305520	-0.763210
0.305600	-0.763210
0.305680	-0.763210
0.305760	-0.763210
0.305840	-0.763210
0.305920	-0.763210
0.306000	-0.763210
0.306080	-0.763210
0.306160	-0.763210
0.306240	-0.763210
0.306320	-0.763210
0.306400	-0.763210
0.306480	-0.763210
0.306560	-0.956510
0.306640	-0.956510
0.306720	-0.763210
0.306800	-0.956510
0.306880	-0.763210
0.306960	-0.763210
0.307040	-0.763210
0.307120	-0.763210
0.307200	-0.763210
0.307280	-0.763210
0.307360	-0.763210
0.307440	-0.763210
0.307520	-0.763210
0.307600	-0.569910
0.307680	-0.569910
0.307760	-0.763210
0.307840	-0.763210
0.307920	-0.763210
0.308000	-0.763210
0.308080	-0.763210
0.308160	-0.763210
0.308240	-0.956510
0.308320	-0.956510
0.308400	-0.956510
0.308480	-0.956510
0.308560	-0.956510
0.308640	-0.956510
0.308720	-0.956510
0.308800	-0.956510
0.308880	-0.956510
0.308960	-0.763210
0.309040	-0.763210
0.309120	-0.763210
0.309200	-0.569910
0.309280	-0.569910
0.309360	-0.569910
0.309440	-0.569910
0.309520	-0.569910
0.309600	-0.569910
0.309680	-0.569910
0.309760	-0.569910
0.309840	-0.569910
0.309920	-0.569910
