-0.020080	2.393400
-0.020000	2.393400
-0.019920	2.393400
-0.019840	2.393400
-0.019760	2.393400
-0.019680	-3.033500
-0.019600	2.393400
-0.019520	2.393400
-0.019440	2.393400
-0.019360	-3.033500
-0.019280	2.393400
-0.019200	2.393400
-0.019120	2.393400
-0.019040	2.393400
-0.018960	-3.033500
-0.018880	-3.033500
-0.018800	-3.033500
-0.018720	2.393400
-0.018640	2.393400
-0.018560	-3.033500
-0.018480	2.393400
-0.018400	2.393400
-0.018320	2.393400
-0.018240	2.393400
-0.018160	2.393400
-0.018080	-3.033500
-0.018000	-3.033500
-0.017920	2.393400
-0.017840	2.393400
-0.017760	2.393400
-0.017680	2.393400
-0.017600	-3.033500
-0.017520	2.393400
-0.017440	2.393400
-0.017360	-3.033500
-0.017280	2.393400
-0.017200	-3.033500
-0.017120	2.393400
-0.017040	-3.033500
-0.016960	2.393400
-0.016880	-3.033500
-0.016800	-3.033500
-0.016720	2.393400
-0.016640	-3.033500
-0.016560	-3.033500
-0.016480	-3.033500
-0.016400	2.393400
-0.016320	2.393400
-0.016240	2.393400
-0.016160	-3.033500
-0.016080	-3.033500
-0.016000	2.393400
-0.015920	2.393400
-0.015840	-3.033500
-0.015760	2.393400
-0.015680	2.393400
-0.015600	-3.033500
-0.015520	2.393400
-0.015440	2.393400
-0.015360	-3.033500
-0.015280	-3.033500
-0.015200	-3.033500
-0.015120	2.393400
-0.015040	2.393400
-0.014960	-3.033500
-0.014880	2.393400
-0.014800	-3.033500
-0.014720	-3.033500
-0.014640	-3.033500
-0.014560	-3.033500
-0.014480	2.393400
-0.014400	-3.033500
-0.014320	2.393400
-0.014240	-3.033500
-0.014160	2.393400
-0.014080	2.393400
-0.014000	2.393400
-0.013920	-3.033500
-0.013840	2.393400
-0.013760	-3.033500
-0.013680	2.393400
-0.013600	2.393400
-0.013520	2.393400
-0.013440	2.393400
-0.013360	2.393400
-0.013280	2.393400
-0.013200	2.393400
-0.013120	2.393400
-0.013040	2.393400
-0.012960	2.393400
-0.012880	-3.033500
-0.012800	-3.033500
-0.012720	-3.033500
-0.012640	-3.033500
-0.012560	-3.033500
-0.012480	2.393400
-0.012400	-3.033500
-0.012320	2.393400
-0.012240	2.393400
-0.012160	2.393400
-0.012080	-3.033500
-0.012000	-3.033500
-0.011920	2.393400
-0.011840	-3.033500
-0.011760	-3.033500
-0.011680	-3.033500
-0.011600	2.393400
-0.011520	2.393400
-0.011440	2.393400
-0.011360	-3.033500
-0.011280	2.393400
-0.011200	2.393400
-0.011120	-3.033500
-0.011040	2.393400
-0.010960	-3.033500
-0.010880	-3.033500
-0.010800	-3.033500
-0.010720	2.393400
-0.010640	2.393400
-0.010560	2.393400
-0.010480	-3.033500
-0.010400	2.393400
-0.010320	-3.033500
-0.010240	2.393400
-0.010160	2.393400
-0.010080	2.393400
-0.010000	-3.033500
-0.009920	2.393400
-0.009840	-3.033500
-0.009760	2.393400
-0.009680	-3.033500
-0.009600	2.393400
-0.009520	2.393400
-0.009440	-3.033500
-0.009360	2.393400
-0.009280	2.393400
-0.009200	2.393400
-0.009120	2.393400
-0.009040	-3.033500
-0.008960	2.393400
-0.008880	-3.033500
-0.008800	-3.033500
-0.008720	-3.033500
-0.008640	-3.033500
-0.008560	2.393400
-0.008480	-3.033500
-0.008400	2.393400
-0.008320	2.393400
-0.008240	2.393400
-0.008160	2.393400
-0.008080	2.393400
-0.008000	-3.033500
-0.007920	-3.033500
-0.007840	-3.033500
-0.007760	-3.033500
-0.007680	2.393400
-0.007600	2.393400
-0.007520	-3.033500
-0.007440	-3.033500
-0.007360	-3.033500
-0.007280	-3.033500
-0.007200	-3.033500
-0.007120	2.393400
-0.007040	-3.033500
-0.006960	2.393400
-0.006880	-3.033500
-0.006800	-3.033500
-0.006720	-3.033500
-0.006640	-3.033500
-0.006560	-3.033500
-0.006480	2.393400
-0.006400	2.393400
-0.006320	2.393400
-0.006240	-3.033500
-0.006160	-3.033500
-0.006080	2.393400
-0.006000	2.393400
-0.005920	2.393400
-0.005840	2.393400
-0.005760	-3.033500
-0.005680	-3.033500
-0.005600	-3.033500
-0.005520	-3.033500
-0.005440	-3.033500
-0.005360	-3.033500
-0.005280	-3.033500
-0.005200	-3.033500
-0.005120	-3.033500
-0.005040	-3.033500
-0.004960	2.393400
-0.004880	-3.033500
-0.004800	2.393400
-0.004720	2.393400
-0.004640	-3.033500
-0.004560	-3.033500
-0.004480	2.393400
-0.004400	2.393400
-0.004320	2.393400
-0.004240	2.393400
-0.004160	2.393400
-0.004080	-3.033500
-0.004000	-3.033500
-0.003920	-3.033500
-0.003840	-3.033500
-0.003760	2.393400
-0.003680	2.393400
-0.003600	2.393400
-0.003520	2.393400
-0.003440	2.393400
-0.003360	-3.033500
-0.003280	-3.033500
-0.003200	-3.033500
-0.003120	-3.033500
-0.003040	2.393400
-0.002960	2.393400
-0.002880	2.393400
-0.002800	-3.033500
-0.002720	2.393400
-0.002640	-3.033500
-0.002560	-3.033500
-0.002480	-3.033500
-0.002400	-3.033500
-0.002320	-3.033500
-0.002240	-3.033500
-0.002160	2.393400
-0.002080	2.393400
-0.002000	-3.033500
-0.001920	-3.033500
-0.001840	-3.033500
-0.001760	2.393400
-0.001680	2.393400
-0.001600	2.393400
-0.001520	2.393400
-0.001440	2.393400
-0.001360	2.393400
-0.001280	-3.033500
-0.001200	2.393400
-0.001120	2.393400
-0.001040	2.393400
-0.000960	-3.033500
-0.000880	-3.033500
-0.000800	-3.033500
-0.000720	-3.033500
-0.000640	-3.033500
-0.000560	-3.033500
-0.000480	-3.033500
-0.000400	2.393400
-0.000320	-3.033500
-0.000240	2.393400
-0.000160	-3.033500
-0.000080	-3.033500
0.000000	-3.033500
0.000080	-3.033500
0.000160	2.393400
0.000240	-3.033500
0.000320	-3.033500
0.000400	-3.033500
0.000480	-3.033500
0.000560	-3.033500
0.000640	-3.033500
0.000720	2.393400
0.000800	-3.033500
0.000880	-3.033500
0.000960	-3.033500
0.001040	-3.033500
0.001120	-3.033500
0.001200	-3.033500
0.001280	-3.033500
0.001360	-3.033500
0.001440	-3.033500
0.001520	-3.033500
0.001600	-3.033500
0.001680	-3.033500
0.001760	-3.033500
0.001840	-3.033500
0.001920	-3.033500
0.002000	-3.033500
0.002080	-3.033500
0.002160	-3.033500
0.002240	-3.033500
0.002320	-3.033500
0.002400	-3.033500
0.002480	-3.033500
0.002560	-3.033500
0.002640	-3.033500
0.002720	-3.033500
0.002800	-3.033500
0.002880	-3.033500
0.002960	-3.033500
0.003040	-3.033500
0.003120	-3.033500
0.003200	-3.033500
0.003280	-3.033500
0.003360	-3.033500
0.003440	-3.033500
0.003520	-3.033500
0.003600	-3.033500
0.003680	-3.033500
0.003760	-3.033500
0.003840	-3.033500
0.003920	-3.033500
0.004000	-3.033500
0.004080	-3.033500
0.004160	-3.033500
0.004240	-3.033500
0.004320	-3.033500
0.004400	-3.033500
0.004480	-3.033500
0.004560	-3.033500
0.004640	-3.033500
0.004720	-3.033500
0.004800	-3.033500
0.004880	-3.033500
0.004960	-3.033500
0.005040	-3.033500
0.005120	-3.033500
0.005200	-3.033500
0.005280	-3.033500
0.005360	-3.033500
0.005440	-3.033500
0.005520	-3.033500
0.005600	-3.033500
0.005680	-3.033500
0.005760	-3.033500
0.005840	-3.033500
0.005920	-3.033500
0.006000	-3.033500
0.006080	-3.033500
0.006160	-3.033500
0.006240	-3.033500
0.006320	2.393400
0.006400	-3.033500
0.006480	-3.033500
0.006560	-3.033500
0.006640	-3.033500
0.006720	-3.033500
0.006800	-3.033500
0.006880	-3.033500
0.006960	-3.033500
0.007040	-3.033500
0.007120	-3.033500
0.007200	-3.033500
0.007280	-3.033500
0.007360	-3.033500
0.007440	-3.033500
0.007520	-3.033500
0.007600	-3.033500
0.007680	-3.033500
0.007760	-3.033500
0.007840	-3.033500
0.007920	-3.033500
0.008000	2.393400
0.008080	-3.033500
0.008160	-3.033500
0.008240	-3.033500
0.008320	-3.033500
0.008400	-3.033500
0.008480	-3.033500
0.008560	-3.033500
0.008640	-3.033500
0.008720	-3.033500
0.008800	-3.033500
0.008880	-3.033500
0.008960	-3.033500
0.009040	-3.033500
0.009120	-3.033500
0.009200	-3.033500
0.009280	-3.033500
0.009360	-3.033500
0.009440	-3.033500
0.009520	-3.033500
0.009600	-3.033500
0.009680	-3.033500
0.009760	-3.033500
0.009840	-3.033500
0.009920	-3.033500
0.010000	-3.033500
0.010080	-3.033500
0.010160	-3.033500
0.010240	-3.033500
0.010320	-3.033500
0.010400	-3.033500
0.010480	-3.033500
0.010560	-3.033500
0.010640	-3.033500
0.010720	-3.033500
0.010800	-3.033500
0.010880	-3.033500
0.010960	-3.033500
0.011040	-3.033500
0.011120	-3.033500
0.011200	-3.033500
0.011280	-3.033500
0.011360	-3.033500
0.011440	-3.033500
0.011520	-3.033500
0.011600	-3.033500
0.011680	-3.033500
0.011760	-3.033500
0.011840	-3.033500
0.011920	-3.033500
0.012000	-3.033500
0.012080	-3.033500
0.012160	-3.033500
0.012240	-3.033500
0.012320	-3.033500
0.012400	-3.033500
0.012480	-3.033500
0.012560	-3.033500
0.012640	-3.033500
0.012720	-3.033500
0.012800	-3.033500
0.012880	-3.033500
0.012960	-3.033500
0.013040	-3.033500
0.013120	-3.033500
0.013200	-3.033500
0.013280	-3.033500
0.013360	-3.033500
0.013440	-3.033500
0.013520	-3.033500
0.013600	-3.033500
0.013680	-3.033500
0.013760	-3.033500
0.013840	-3.033500
0.013920	-3.033500
0.014000	-3.033500
0.014080	-3.033500
0.014160	-3.033500
0.014240	-3.033500
0.014320	-3.033500
0.014400	-3.033500
0.014480	-3.033500
0.014560	-3.033500
0.014640	-3.033500
0.014720	-3.033500
0.014800	-3.033500
0.014880	-3.033500
0.014960	-3.033500
0.015040	-3.033500
0.015120	-3.033500
0.015200	-3.033500
0.015280	-3.033500
0.015360	-3.033500
0.015440	-3.033500
0.015520	-8.460400
0.015600	-3.033500
0.015680	-3.033500
0.015760	-3.033500
0.015840	-3.033500
0.015920	-3.033500
0.016000	-3.033500
0.016080	-3.033500
0.016160	-3.033500
0.016240	-3.033500
0.016320	-3.033500
0.016400	-3.033500
0.016480	-3.033500
0.016560	-3.033500
0.016640	-3.033500
0.016720	-3.033500
0.016800	-3.033500
0.016880	-8.460400
0.016960	-8.460400
0.017040	-8.460400
0.017120	-8.460400
0.017200	-3.033500
0.017280	-8.460400
0.017360	-8.460400
0.017440	-8.460400
0.017520	-3.033500
0.017600	-8.460400
0.017680	-8.460400
0.017760	-8.460400
0.017840	-8.460400
0.017920	-8.460400
0.018000	-8.460400
0.018080	-8.460400
0.018160	-8.460400
0.018240	-8.460400
0.018320	-8.460400
0.018400	-8.460400
0.018480	-8.460400
0.018560	-8.460400
0.018640	-8.460400
0.018720	-8.460400
0.018800	-3.033500
0.018880	-3.033500
0.018960	-3.033500
0.019040	-8.460400
0.019120	-3.033500
0.019200	-8.460400
0.019280	-8.460400
0.019360	-3.033500
0.019440	-8.460400
0.019520	-3.033500
0.019600	-3.033500
0.019680	-3.033500
0.019760	-3.033500
0.019840	-3.033500
0.019920	-3.033500
0.020000	-8.460400
0.020080	-3.033500
0.020160	-3.033500
0.020240	-3.033500
0.020320	-3.033500
0.020400	-8.460400
0.020480	-8.460400
0.020560	-8.460400
0.020640	-8.460400
0.020720	-8.460400
0.020800	-8.460400
0.020880	-3.033500
0.020960	-3.033500
0.021040	-3.033500
0.021120	-3.033500
0.021200	-8.460400
0.021280	-8.460400
0.021360	-8.460400
0.021440	-8.460400
0.021520	-3.033500
0.021600	-8.460400
0.021680	-8.460400
0.021760	-8.460400
0.021840	-8.460400
0.021920	-8.460400
0.022000	-8.460400
0.022080	-8.460400
0.022160	-8.460400
0.022240	-8.460400
0.022320	-8.460400
0.022400	-8.460400
0.022480	-8.460400
0.022560	-8.460400
0.022640	-8.460400
0.022720	-8.460400
0.022800	-8.460400
0.022880	-8.460400
0.022960	-13.887000
0.023040	-8.460400
0.023120	-8.460400
0.023200	-8.460400
0.023280	-8.460400
0.023360	-13.887000
0.023440	-8.460400
0.023520	-8.460400
0.023600	-8.460400
0.023680	-8.460400
0.023760	-8.460400
0.023840	-8.460400
0.023920	-8.460400
0.024000	-13.887000
0.024080	-8.460400
0.024160	-8.460400
0.024240	-8.460400
0.024320	-8.460400
0.024400	-8.460400
0.024480	-8.460400
0.024560	-8.460400
0.024640	-8.460400
0.024720	-8.460400
0.024800	-8.460400
0.024880	-8.460400
0.024960	-8.460400
0.025040	-8.460400
0.025120	-8.460400
0.025200	-8.460400
0.025280	-8.460400
0.025360	-8.460400
0.025440	-8.460400
0.025520	-8.460400
0.025600	-13.887000
0.025680	-13.887000
0.025760	-8.460400
0.025840	-8.460400
0.025920	-8.460400
0.026000	-8.460400
0.026080	-8.460400
0.026160	-8.460400
0.026240	-8.460400
0.026320	-13.887000
0.026400	-13.887000
0.026480	-13.887000
0.026560	-13.887000
0.026640	-13.887000
0.026720	-13.887000
0.026800	-13.887000
0.026880	-8.460400
0.026960	-13.887000
0.027040	-13.887000
0.027120	-13.887000
0.027200	-13.887000
0.027280	-13.887000
0.027360	-8.460400
0.027440	-8.460400
0.027520	-8.460400
0.027600	-13.887000
0.027680	-13.887000
0.027760	-13.887000
0.027840	-13.887000
0.027920	-13.887000
0.028000	-13.887000
0.028080	-13.887000
0.028160	-13.887000
0.028240	-8.460400
0.028320	-8.460400
0.028400	-13.887000
0.028480	-13.887000
0.028560	-13.887000
0.028640	-13.887000
0.028720	-8.460400
0.028800	-13.887000
0.028880	-13.887000
0.028960	-13.887000
0.029040	-13.887000
0.029120	-13.887000
0.029200	-13.887000
0.029280	-8.460400
0.029360	-13.887000
0.029440	-13.887000
0.029520	-13.887000
0.029600	-13.887000
0.029680	-8.460400
0.029760	-13.887000
0.029840	-13.887000
0.029920	-13.887000
0.030000	-13.887000
0.030080	-13.887000
0.030160	-13.887000
0.030240	-13.887000
0.030320	-19.313999
0.030400	-13.887000
0.030480	-13.887000
0.030560	-19.313999
0.030640	-13.887000
0.030720	-13.887000
0.030800	-13.887000
0.030880	-13.887000
0.030960	-19.313999
0.031040	-13.887000
0.031120	-13.887000
0.031200	-13.887000
0.031280	-19.313999
0.031360	-13.887000
0.031440	-13.887000
0.031520	-13.887000
0.031600	-13.887000
0.031680	-13.887000
0.031760	-13.887000
0.031840	-13.887000
0.031920	-13.887000
0.032000	-13.887000
0.032080	-13.887000
0.032160	-13.887000
0.032240	-13.887000
0.032320	-13.887000
0.032400	-13.887000
0.032480	-13.887000
0.032560	-13.887000
0.032640	-13.887000
0.032720	-13.887000
0.032800	-13.887000
0.032880	-13.887000
0.032960	-13.887000
0.033040	-13.887000
0.033120	-13.887000
0.033200	-13.887000
0.033280	-13.887000
0.033360	-13.887000
0.033440	-19.313999
0.033520	-13.887000
0.033600	-19.313999
0.033680	-13.887000
0.033760	-19.313999
0.033840	-13.887000
0.033920	-13.887000
0.034000	-13.887000
0.034080	-13.887000
0.034160	-13.887000
0.034240	-13.887000
0.034320	-13.887000
0.034400	-13.887000
0.034480	-13.887000
0.034560	-13.887000
0.034640	-19.313999
0.034720	-19.313999
0.034800	-19.313999
0.034880	-19.313999
0.034960	-19.313999
0.035040	-19.313999
0.035120	-19.313999
0.035200	-13.887000
0.035280	-19.313999
0.035360	-13.887000
0.035440	-19.313999
0.035520	-19.313999
0.035600	-19.313999
0.035680	-19.313999
0.035760	-13.887000
0.035840	-19.313999
0.035920	-13.887000
0.036000	-13.887000
0.036080	-19.313999
0.036160	-13.887000
0.036240	-13.887000
0.036320	-13.887000
0.036400	-13.887000
0.036480	-13.887000
0.036560	-19.313999
0.036640	-19.313999
0.036720	-19.313999
0.036800	-19.313999
0.036880	-13.887000
0.036960	-13.887000
0.037040	-8.460400
0.037120	-13.887000
0.037200	-13.887000
0.037280	-13.887000
0.037360	-13.887000
0.037440	-8.460400
0.037520	-8.460400
0.037600	-13.887000
0.037680	-13.887000
0.037760	-13.887000
0.037840	-13.887000
0.037920	-13.887000
0.038000	-19.313999
0.038080	-19.313999
0.038160	-19.313999
0.038240	-19.313999
0.038320	-19.313999
0.038400	-13.887000
0.038480	-13.887000
0.038560	-19.313999
0.038640	-19.313999
0.038720	-19.313999
0.038800	-19.313999
0.038880	-19.313999
0.038960	-19.313999
0.039040	-19.313999
0.039120	-19.313999
0.039200	-19.313999
0.039280	-19.313999
0.039360	-19.313999
0.039440	-19.313999
0.039520	-19.313999
0.039600	-19.313999
0.039680	-19.313999
0.039760	-19.313999
0.039840	-13.887000
0.039920	-19.313999
0.040000	-13.887000
0.040080	-19.313999
0.040160	-19.313999
0.040240	-19.313999
0.040320	-19.313999
0.040400	-19.313999
0.040480	-19.313999
0.040560	-13.887000
0.040640	-13.887000
0.040720	-13.887000
0.040800	-13.887000
0.040880	-13.887000
0.040960	-19.313999
0.041040	-19.313999
0.041120	-19.313999
0.041200	-19.313999
0.041280	-19.313999
0.041360	-19.313999
0.041440	-19.313999
0.041520	-19.313999
0.041600	-13.887000
0.041680	-13.887000
0.041760	-13.887000
0.041840	-13.887000
0.041920	-19.313999
0.042000	-19.313999
0.042080	-19.313999
0.042160	-19.313999
0.042240	-19.313999
0.042320	-19.313999
0.042400	-19.313999
0.042480	-19.313999
0.042560	-13.887000
0.042640	-19.313999
0.042720	-19.313999
0.042800	-19.313999
0.042880	-19.313999
0.042960	-24.740999
0.043040	-24.740999
0.043120	-19.313999
0.043200	-24.740999
0.043280	-19.313999
0.043360	-19.313999
0.043440	-13.887000
0.043520	-13.887000
0.043600	-13.887000
0.043680	-8.460400
0.043760	-13.887000
0.043840	-19.313999
0.043920	-19.313999
0.044000	-24.740999
0.044080	-24.740999
0.044160	-19.313999
0.044240	-19.313999
0.044320	-19.313999
0.044400	-19.313999
0.044480	-19.313999
0.044560	-19.313999
0.044640	-19.313999
0.044720	-19.313999
0.044800	-19.313999
0.044880	-19.313999
0.044960	-19.313999
0.045040	-19.313999
0.045120	-24.740999
0.045200	-24.740999
0.045280	-24.740999
0.045360	-24.740999
0.045440	-19.313999
0.045520	-24.740999
0.045600	-24.740999
0.045680	-24.740999
0.045760	-24.740999
0.045840	-24.740999
0.045920	-24.740999
0.046000	-24.740999
0.046080	-24.740999
0.046160	-24.740999
0.046240	-24.740999
0.046320	-19.313999
0.046400	-19.313999
0.046480	-19.313999
0.046560	-19.313999
0.046640	-19.313999
0.046720	-19.313999
0.046800	-19.313999
0.046880	-24.740999
0.046960	-19.313999
0.047040	-19.313999
0.047120	-24.740999
0.047200	-24.740999
0.047280	-24.740999
0.047360	-19.313999
0.047440	-19.313999
0.047520	-19.313999
0.047600	-24.740999
0.047680	-30.167999
0.047760	-30.167999
0.047840	-30.167999
0.047920	-30.167999
0.048000	-30.167999
0.048080	-30.167999
0.048160	-30.167999
0.048240	-24.740999
0.048320	-24.740999
0.048400	-24.740999
0.048480	-30.167999
0.048560	-30.167999
0.048640	-30.167999
0.048720	-30.167999
0.048800	-30.167999
0.048880	-19.313999
0.048960	-13.887000
0.049040	-13.887000
0.049120	-13.887000
0.049200	-19.313999
0.049280	-35.595001
0.049360	-41.021999
0.049440	-46.449001
0.049520	-35.595001
0.049600	-19.313999
0.049680	-19.313999
0.049760	-19.313999
0.049840	-24.740999
0.049920	-24.740999
0.050000	-24.740999
0.050080	-19.313999
0.050160	-19.313999
0.050240	-13.887000
0.050320	-13.887000
0.050400	-13.887000
0.050480	-13.887000
0.050560	-13.887000
0.050640	-13.887000
0.050720	-13.887000
0.050800	-13.887000
0.050880	-13.887000
0.050960	-13.887000
0.051040	-13.887000
0.051120	-19.313999
0.051200	-19.313999
0.051280	-19.313999
0.051360	-19.313999
0.051440	-19.313999
0.051520	-19.313999
0.051600	-19.313999
0.051680	-24.740999
0.051760	-19.313999
0.051840	-19.313999
0.051920	-19.313999
0.052000	-19.313999
0.052080	-19.313999
0.052160	-24.740999
0.052240	-24.740999
0.052320	-19.313999
0.052400	-19.313999
0.052480	-19.313999
0.052560	-19.313999
0.052640	-19.313999
0.052720	-19.313999
0.052800	-24.740999
0.052880	-30.167999
0.052960	-30.167999
0.053040	-30.167999
0.053120	-24.740999
0.053200	-24.740999
0.053280	-24.740999
0.053360	-30.167999
0.053440	-30.167999
0.053520	-35.595001
0.053600	-35.595001
0.053680	-35.595001
0.053760	-30.167999
0.053840	-30.167999
0.053920	-30.167999
0.054000	-30.167999
0.054080	-30.167999
0.054160	-30.167999
0.054240	-24.740999
0.054320	-24.740999
0.054400	-19.313999
0.054480	-19.313999
0.054560	-13.887000
0.054640	-19.313999
0.054720	-19.313999
0.054800	-19.313999
0.054880	-24.740999
0.054960	-24.740999
0.055040	-19.313999
0.055120	-19.313999
0.055200	-19.313999
0.055280	-19.313999
0.055360	-19.313999
0.055440	-24.740999
0.055520	-19.313999
0.055600	-19.313999
0.055680	-13.887000
0.055760	-13.887000
0.055840	-13.887000
0.055920	-13.887000
0.056000	-19.313999
0.056080	-19.313999
0.056160	-19.313999
0.056240	-19.313999
0.056320	-19.313999
0.056400	-19.313999
0.056480	-19.313999
0.056560	-13.887000
0.056640	-13.887000
0.056720	-13.887000
0.056800	-19.313999
0.056880	-19.313999
0.056960	-19.313999
0.057040	-19.313999
0.057120	-19.313999
0.057200	-19.313999
0.057280	-19.313999
0.057360	-19.313999
0.057440	-19.313999
0.057520	-19.313999
0.057600	-19.313999
0.057680	-19.313999
0.057760	-19.313999
0.057840	-19.313999
0.057920	-19.313999
0.058000	-19.313999
0.058080	-13.887000
0.058160	-13.887000
0.058240	-19.313999
0.058320	-13.887000
0.058400	-13.887000
0.058480	-13.887000
0.058560	-13.887000
0.058640	-13.887000
0.058720	-13.887000
0.058800	-13.887000
0.058880	-13.887000
0.058960	-13.887000
0.059040	-13.887000
0.059120	-8.460400
0.059200	-13.887000
0.059280	-13.887000
0.059360	-8.460400
0.059440	-8.460400
0.059520	-8.460400
0.059600	-8.460400
0.059680	-13.887000
0.059760	-13.887000
0.059840	-13.887000
0.059920	-13.887000
0.060000	-13.887000
0.060080	-13.887000
0.060160	-13.887000
0.060240	-13.887000
0.060320	-13.887000
0.060400	-8.460400
0.060480	-13.887000
0.060560	-8.460400
0.060640	-8.460400
0.060720	-8.460400
0.060800	-8.460400
0.060880	-8.460400
0.060960	-8.460400
0.061040	-8.460400
0.061120	-8.460400
0.061200	-8.460400
0.061280	-8.460400
0.061360	-8.460400
0.061440	-8.460400
0.061520	-8.460400
0.061600	-3.033500
0.061680	-3.033500
0.061760	-3.033500
0.061840	-3.033500
0.061920	-3.033500
0.062000	-3.033500
0.062080	-3.033500
0.062160	-3.033500
0.062240	2.393400
0.062320	2.393400
0.062400	2.393400
0.062480	-3.033500
0.062560	2.393400
0.062640	2.393400
0.062720	-3.033500
0.062800	2.393400
0.062880	-3.033500
0.062960	2.393400
0.063040	2.393400
0.063120	2.393400
0.063200	2.393400
0.063280	2.393400
0.063360	2.393400
0.063440	2.393400
0.063520	2.393400
0.063600	2.393400
0.063680	2.393400
0.063760	2.393400
0.063840	2.393400
0.063920	2.393400
0.064000	2.393400
0.064080	2.393400
0.064160	7.820400
0.064240	2.393400
0.064320	7.820400
0.064400	2.393400
0.064480	2.393400
0.064560	2.393400
0.064640	7.820400
0.064720	7.820400
0.064800	7.820400
0.064880	2.393400
0.064960	2.393400
0.065040	2.393400
0.065120	7.820400
0.065200	7.820400
0.065280	7.820400
0.065360	7.820400
0.065440	7.820400
0.065520	7.820400
0.065600	7.820400
0.065680	7.820400
0.065760	7.820400
0.065840	7.820400
0.065920	7.820400
0.066000	7.820400
0.066080	13.247000
0.066160	7.820400
0.066240	13.247000
0.066320	13.247000
0.066400	13.247000
0.066480	13.247000
0.066560	13.247000
0.066640	13.247000
0.066720	13.247000
0.066800	13.247000
0.066880	13.247000
0.066960	13.247000
0.067040	13.247000
0.067120	18.674000
0.067200	13.247000
0.067280	13.247000
0.067360	13.247000
0.067440	13.247000
0.067520	13.247000
0.067600	18.674000
0.067680	24.101000
0.067760	24.101000
0.067840	29.528000
0.067920	24.101000
0.068000	24.101000
0.068080	24.101000
0.068160	24.101000
0.068240	24.101000
0.068320	24.101000
0.068400	24.101000
0.068480	24.101000
0.068560	29.528000
0.068640	29.528000
0.068720	29.528000
0.068800	29.528000
0.068880	29.528000
0.068960	29.528000
0.069040	29.528000
0.069120	29.528000
0.069200	34.955002
0.069280	34.955002
0.069360	34.955002
0.069440	34.955002
0.069520	34.955002
0.069600	34.955002
0.069680	34.955002
0.069760	34.955002
0.069840	40.382000
0.069920	40.382000
0.070000	40.382000
0.070080	45.808998
0.070160	45.808998
0.070240	45.808998
0.070320	45.808998
0.070400	45.808998
0.070480	45.808998
0.070560	40.382000
0.070640	45.808998
0.070720	40.382000
0.070800	40.382000
0.070880	40.382000
0.070960	40.382000
0.071040	45.808998
0.071120	45.808998
0.071200	51.236000
0.071280	51.236000
0.071360	45.808998
0.071440	45.808998
0.071520	40.382000
0.071600	40.382000
0.071680	40.382000
0.071760	40.382000
0.071840	40.382000
0.071920	34.955002
0.072000	34.955002
0.072080	34.955002
0.072160	29.528000
0.072240	34.955002
0.072320	34.955002
0.072400	34.955002
0.072480	34.955002
0.072560	34.955002
0.072640	29.528000
0.072720	34.955002
0.072800	34.955002
0.072880	34.955002
0.072960	29.528000
0.073040	29.528000
0.073120	24.101000
0.073200	24.101000
0.073280	18.674000
0.073360	18.674000
0.073440	13.247000
0.073520	13.247000
0.073600	7.820400
0.073680	7.820400
0.073760	13.247000
0.073840	13.247000
0.073920	18.674000
0.074000	18.674000
0.074080	18.674000
0.074160	13.247000
0.074240	13.247000
0.074320	13.247000
0.074400	13.247000
0.074480	13.247000
0.074560	13.247000
0.074640	13.247000
0.074720	7.820400
0.074800	2.393400
0.074880	7.820400
0.074960	7.820400
0.075040	7.820400
0.075120	7.820400
0.075200	7.820400
0.075280	2.393400
0.075360	2.393400
0.075440	2.393400
0.075520	2.393400
0.075600	2.393400
0.075680	7.820400
0.075760	2.393400
0.075840	2.393400
0.075920	2.393400
0.076000	2.393400
0.076080	2.393400
0.076160	2.393400
0.076240	-3.033500
0.076320	-3.033500
0.076400	2.393400
0.076480	-3.033500
0.076560	2.393400
0.076640	-3.033500
0.076720	-3.033500
0.076800	-3.033500
0.076880	-3.033500
0.076960	-3.033500
0.077040	-3.033500
0.077120	-8.460400
0.077200	-8.460400
0.077280	-8.460400
0.077360	-13.887000
0.077440	-8.460400
0.077520	-8.460400
0.077600	-13.887000
0.077680	-13.887000
0.077760	-13.887000
0.077840	-19.313999
0.077920	-19.313999
0.078000	-19.313999
0.078080	-19.313999
0.078160	-19.313999
0.078240	-19.313999
0.078320	-13.887000
0.078400	-13.887000
0.078480	-13.887000
0.078560	-13.887000
0.078640	-19.313999
0.078720	-19.313999
0.078800	-24.740999
0.078880	-24.740999
0.078960	-30.167999
0.079040	-30.167999
0.079120	-30.167999
0.079200	-35.595001
0.079280	-35.595001
0.079360	-35.595001
0.079440	-35.595001
0.079520	-30.167999
0.079600	-35.595001
0.079680	-35.595001
0.079760	-35.595001
0.079840	-41.021999
0.079920	-41.021999
0.080000	-41.021999
0.080080	-41.021999
0.080160	-41.021999
0.080240	-41.021999
0.080320	-41.021999
0.080400	-46.449001
0.080480	-46.449001
0.080560	-46.449001
0.080640	-46.449001
0.080720	-46.449001
0.080800	-51.875999
0.080880	-46.449001
0.080960	-51.875999
0.081040	-46.449001
0.081120	-46.449001
0.081200	-46.449001
0.081280	-46.449001
0.081360	-51.875999
0.081440	-51.875999
0.081520	-57.303001
0.081600	-51.875999
0.081680	-51.875999
0.081760	-51.875999
0.081840	-51.875999
0.081920	-57.303001
0.082000	-57.303001
0.082080	-57.303001
0.082160	-57.303001
0.082240	-51.875999
0.082320	-51.875999
0.082400	-57.303001
0.082480	-57.303001
0.082560	-57.303001
0.082640	-57.303001
0.082720	-57.303001
0.082800	-57.303001
0.082880	-57.303001
0.082960	-62.729000
0.083040	-62.729000
0.083120	-68.155998
0.083200	-73.583000
0.083280	-73.583000
0.083360	-73.583000
0.083440	-73.583000
0.083520	-73.583000
0.083600	-68.155998
0.083680	-62.729000
0.083760	-62.729000
0.083840	-68.155998
0.083920	-68.155998
0.084000	-68.155998
0.084080	-73.583000
0.084160	-68.155998
0.084240	-73.583000
0.084320	-68.155998
0.084400	-68.155998
0.084480	-68.155998
0.084560	-73.583000
0.084640	-73.583000
0.084720	-73.583000
0.084800	-68.155998
0.084880	-68.155998
0.084960	-68.155998
0.085040	-68.155998
0.085120	-68.155998
0.085200	-73.583000
0.085280	-73.583000
0.085360	-73.583000
0.085440	-73.583000
0.085520	-68.155998
0.085600	-68.155998
0.085680	-68.155998
0.085760	-68.155998
0.085840	-68.155998
0.085920	-68.155998
0.086000	-68.155998
0.086080	-68.155998
0.086160	-68.155998
0.086240	-68.155998
0.086320	-68.155998
0.086400	-68.155998
0.086480	-68.155998
0.086560	-73.583000
0.086640	-73.583000
0.086720	-73.583000
0.086800	-73.583000
0.086880	-68.155998
0.086960	-68.155998
0.087040	-68.155998
0.087120	-68.155998
0.087200	-73.583000
0.087280	-73.583000
0.087360	-73.583000
0.087440	-68.155998
0.087520	-68.155998
0.087600	-62.729000
0.087680	-68.155998
0.087760	-68.155998
0.087840	-73.583000
0.087920	-68.155998
0.088000	-73.583000
0.088080	-68.155998
0.088160	-68.155998
0.088240	-68.155998
0.088320	-68.155998
0.088400	-68.155998
0.088480	-68.155998
0.088560	-68.155998
0.088640	-62.729000
0.088720	-62.729000
0.088800	-68.155998
0.088880	-62.729000
0.088960	-62.729000
0.089040	-62.729000
0.089120	-62.729000
0.089200	-57.303001
0.089280	-57.303001
0.089360	-62.729000
0.089440	-62.729000
0.089520	-62.729000
0.089600	-62.729000
0.089680	-62.729000
0.089760	-62.729000
0.089840	-57.303001
0.089920	-57.303001
0.090000	-62.729000
0.090080	-62.729000
0.090160	-62.729000
0.090240	-62.729000
0.090320	-57.303001
0.090400	-62.729000
0.090480	-57.303001
0.090560	-57.303001
0.090640	-57.303001
0.090720	-57.303001
0.090800	-57.303001
0.090880	-51.875999
0.090960	-51.875999
0.091040	-57.303001
0.091120	-57.303001
0.091200	-57.303001
0.091280	-57.303001
0.091360	-57.303001
0.091440	-51.875999
0.091520	-51.875999
0.091600	-57.303001
0.091680	-57.303001
0.091760	-57.303001
0.091840	-57.303001
0.091920	-62.729000
0.092000	-57.303001
0.092080	-57.303001
0.092160	-57.303001
0.092240	-57.303001
0.092320	-51.875999
0.092400	-51.875999
0.092480	-51.875999
0.092560	-57.303001
0.092640	-57.303001
0.092720	-57.303001
0.092800	-51.875999
0.092880	-51.875999
0.092960	-51.875999
0.093040	-51.875999
0.093120	-51.875999
0.093200	-51.875999
0.093280	-51.875999
0.093360	-46.449001
0.093440	-51.875999
0.093520	-46.449001
0.093600	-46.449001
0.093680	-51.875999
0.093760	-46.449001
0.093840	-46.449001
0.093920	-51.875999
0.094000	-51.875999
0.094080	-46.449001
0.094160	-46.449001
0.094240	-46.449001
0.094320	-46.449001
0.094400	-46.449001
0.094480	-46.449001
0.094560	-46.449001
0.094640	-46.449001
0.094720	-46.449001
0.094800	-51.875999
0.094880	-46.449001
0.094960	-51.875999
0.095040	-46.449001
0.095120	-46.449001
0.095200	-46.449001
0.095280	-46.449001
0.095360	-51.875999
0.095440	-51.875999
0.095520	-51.875999
0.095600	-51.875999
0.095680	-51.875999
0.095760	-46.449001
0.095840	-46.449001
0.095920	-46.449001
0.096000	-51.875999
0.096080	-46.449001
0.096160	-51.875999
0.096240	-46.449001
0.096320	-46.449001
0.096400	-46.449001
0.096480	-46.449001
0.096560	-46.449001
0.096640	-46.449001
0.096720	-46.449001
0.096800	-46.449001
0.096880	-46.449001
0.096960	-46.449001
0.097040	-46.449001
0.097120	-41.021999
0.097200	-46.449001
0.097280	-46.449001
0.097360	-46.449001
0.097440	-41.021999
0.097520	-41.021999
0.097600	-41.021999
0.097680	-41.021999
0.097760	-41.021999
0.097840	-46.449001
0.097920	-46.449001
0.098000	-46.449001
0.098080	-46.449001
0.098160	-46.449001
0.098240	-46.449001
0.098320	-46.449001
0.098400	-46.449001
0.098480	-46.449001
0.098560	-46.449001
0.098640	-46.449001
0.098720	-46.449001
0.098800	-51.875999
0.098880	-46.449001
0.098960	-51.875999
0.099040	-51.875999
0.099120	-51.875999
0.099200	-51.875999
0.099280	-46.449001
0.099360	-46.449001
0.099440	-46.449001
0.099520	-46.449001
0.099600	-41.021999
0.099680	-46.449001
0.099760	-46.449001
0.099840	-46.449001
0.099920	-46.449001
0.100000	-46.449001
0.100080	-46.449001
0.100160	-46.449001
0.100240	-46.449001
0.100320	-46.449001
0.100400	-46.449001
0.100480	-51.875999
0.100560	-51.875999
0.100640	-51.875999
0.100720	-51.875999
0.100800	-51.875999
0.100880	-51.875999
0.100960	-51.875999
0.101040	-51.875999
0.101120	-51.875999
0.101200	-51.875999
0.101280	-51.875999
0.101360	-51.875999
0.101440	-51.875999
0.101520	-57.303001
0.101600	-51.875999
0.101680	-51.875999
0.101760	-51.875999
0.101840	-51.875999
0.101920	-51.875999
0.102000	-51.875999
0.102080	-57.303001
0.102160	-51.875999
0.102240	-51.875999
0.102320	-51.875999
0.102400	-51.875999
0.102480	-57.303001
0.102560	-57.303001
0.102640	-57.303001
0.102720	-57.303001
0.102800	-57.303001
0.102880	-62.729000
0.102960	-57.303001
0.103040	-57.303001
0.103120	-57.303001
0.103200	-57.303001
0.103280	-57.303001
0.103360	-57.303001
0.103440	-62.729000
0.103520	-62.729000
0.103600	-62.729000
0.103680	-62.729000
0.103760	-62.729000
0.103840	-62.729000
0.103920	-62.729000
0.104000	-62.729000
0.104080	-62.729000
0.104160	-62.729000
0.104240	-68.155998
0.104320	-68.155998
0.104400	-68.155998
0.104480	-68.155998
0.104560	-62.729000
0.104640	-68.155998
0.104720	-68.155998
0.104800	-68.155998
0.104880	-68.155998
0.104960	-68.155998
0.105040	-68.155998
0.105120	-68.155998
0.105200	-68.155998
0.105280	-68.155998
0.105360	-68.155998
0.105440	-68.155998
0.105520	-68.155998
0.105600	-73.583000
0.105680	-68.155998
0.105760	-68.155998
0.105840	-73.583000
0.105920	-73.583000
0.106000	-73.583000
0.106080	-73.583000
0.106160	-68.155998
0.106240	-73.583000
0.106320	-73.583000
0.106400	-73.583000
0.106480	-68.155998
0.106560	-73.583000
0.106640	-73.583000
0.106720	-73.583000
0.106800	-73.583000
0.106880	-73.583000
0.106960	-73.583000
0.107040	-73.583000
0.107120	-73.583000
0.107200	-73.583000
0.107280	-73.583000
0.107360	-73.583000
0.107440	-73.583000
0.107520	-73.583000
0.107600	-79.010002
0.107680	-73.583000
0.107760	-73.583000
0.107840	-73.583000
0.107920	-73.583000
0.108000	-73.583000
0.108080	-73.583000
0.108160	-73.583000
0.108240	-73.583000
0.108320	-73.583000
0.108400	-73.583000
0.108480	-73.583000
0.108560	-73.583000
0.108640	-73.583000
0.108720	-73.583000
0.108800	-73.583000
0.108880	-73.583000
0.108960	-73.583000
0.109040	-73.583000
0.109120	-73.583000
0.109200	-73.583000
0.109280	-73.583000
0.109360	-73.583000
0.109440	-73.583000
0.109520	-73.583000
0.109600	-73.583000
0.109680	-73.583000
0.109760	-73.583000
0.109840	-73.583000
0.109920	-73.583000
0.110000	-73.583000
0.110080	-73.583000
0.110160	-73.583000
0.110240	-73.583000
0.110320	-73.583000
0.110400	-73.583000
0.110480	-73.583000
0.110560	-73.583000
0.110640	-73.583000
0.110720	-73.583000
0.110800	-73.583000
0.110880	-73.583000
0.110960	-73.583000
0.111040	-73.583000
0.111120	-73.583000
0.111200	-73.583000
0.111280	-73.583000
0.111360	-73.583000
0.111440	-73.583000
0.111520	-73.583000
0.111600	-73.583000
0.111680	-73.583000
0.111760	-73.583000
0.111840	-73.583000
0.111920	-73.583000
0.112000	-73.583000
0.112080	-73.583000
0.112160	-68.155998
0.112240	-68.155998
0.112320	-68.155998
0.112400	-68.155998
0.112480	-73.583000
0.112560	-73.583000
0.112640	-73.583000
0.112720	-68.155998
0.112800	-68.155998
0.112880	-68.155998
0.112960	-68.155998
0.113040	-68.155998
0.113120	-68.155998
0.113200	-68.155998
0.113280	-68.155998
0.113360	-68.155998
0.113440	-68.155998
0.113520	-68.155998
0.113600	-68.155998
0.113680	-68.155998
0.113760	-62.729000
0.113840	-68.155998
0.113920	-68.155998
0.114000	-68.155998
0.114080	-68.155998
0.114160	-68.155998
0.114240	-68.155998
0.114320	-62.729000
0.114400	-62.729000
0.114480	-62.729000
0.114560	-62.729000
0.114640	-68.155998
0.114720	-68.155998
0.114800	-68.155998
0.114880	-68.155998
0.114960	-68.155998
0.115040	-62.729000
0.115120	-62.729000
0.115200	-62.729000
0.115280	-62.729000
0.115360	-62.729000
0.115440	-62.729000
0.115520	-62.729000
0.115600	-62.729000
0.115680	-62.729000
0.115760	-57.303001
0.115840	-57.303001
0.115920	-57.303001
0.116000	-62.729000
0.116080	-57.303001
0.116160	-57.303001
0.116240	-57.303001
0.116320	-57.303001
0.116400	-57.303001
0.116480	-57.303001
0.116560	-57.303001
0.116640	-57.303001
0.116720	-57.303001
0.116800	-62.729000
0.116880	-57.303001
0.116960	-62.729000
0.117040	-62.729000
0.117120	-62.729000
0.117200	-62.729000
0.117280	-57.303001
0.117360	-57.303001
0.117440	-57.303001
0.117520	-57.303001
0.117600	-57.303001
0.117680	-57.303001
0.117760	-57.303001
0.117840	-57.303001
0.117920	-57.303001
0.118000	-57.303001
0.118080	-57.303001
0.118160	-51.875999
0.118240	-51.875999
0.118320	-57.303001
0.118400	-51.875999
0.118480	-51.875999
0.118560	-51.875999
0.118640	-51.875999
0.118720	-57.303001
0.118800	-51.875999
0.118880	-57.303001
0.118960	-51.875999
0.119040	-51.875999
0.119120	-51.875999
0.119200	-51.875999
0.119280	-51.875999
0.119360	-51.875999
0.119440	-51.875999
0.119520	-51.875999
0.119600	-51.875999
0.119680	-51.875999
0.119760	-51.875999
0.119840	-51.875999
0.119920	-51.875999
0.120000	-51.875999
0.120080	-51.875999
0.120160	-51.875999
0.120240	-51.875999
0.120320	-51.875999
0.120400	-51.875999
0.120480	-51.875999
0.120560	-51.875999
0.120640	-51.875999
0.120720	-46.449001
0.120800	-51.875999
0.120880	-51.875999
0.120960	-46.449001
0.121040	-51.875999
0.121120	-51.875999
0.121200	-51.875999
0.121280	-46.449001
0.121360	-46.449001
0.121440	-46.449001
0.121520	-46.449001
0.121600	-51.875999
0.121680	-46.449001
0.121760	-46.449001
0.121840	-51.875999
0.121920	-46.449001
0.122000	-51.875999
0.122080	-46.449001
0.122160	-46.449001
0.122240	-51.875999
0.122320	-51.875999
0.122400	-46.449001
0.122480	-46.449001
0.122560	-46.449001
0.122640	-46.449001
0.122720	-46.449001
0.122800	-46.449001
0.122880	-46.449001
0.122960	-46.449001
0.123040	-46.449001
0.123120	-46.449001
0.123200	-46.449001
0.123280	-46.449001
0.123360	-46.449001
0.123440	-41.021999
0.123520	-41.021999
0.123600	-46.449001
0.123680	-41.021999
0.123760	-41.021999
0.123840	-41.021999
0.123920	-46.449001
0.124000	-46.449001
0.124080	-46.449001
0.124160	-41.021999
0.124240	-46.449001
0.124320	-46.449001
0.124400	-46.449001
0.124480	-46.449001
0.124560	-46.449001
0.124640	-46.449001
0.124720	-51.875999
0.124800	-46.449001
0.124880	-46.449001
0.124960	-46.449001
0.125040	-46.449001
0.125120	-46.449001
0.125200	-46.449001
0.125280	-46.449001
0.125360	-46.449001
0.125440	-46.449001
0.125520	-46.449001
0.125600	-46.449001
0.125680	-51.875999
0.125760	-51.875999
0.125840	-51.875999
0.125920	-51.875999
0.126000	-51.875999
0.126080	-51.875999
0.126160	-46.449001
0.126240	-41.021999
0.126320	-41.021999
0.126400	-41.021999
0.126480	-41.021999
0.126560	-41.021999
0.126640	-35.595001
0.126720	-35.595001
0.126800	-30.167999
0.126880	-30.167999
0.126960	-35.595001
0.127040	-35.595001
0.127120	-35.595001
0.127200	-35.595001
0.127280	-35.595001
0.127360	-35.595001
0.127440	-35.595001
0.127520	-35.595001
0.127600	-41.021999
0.127680	-35.595001
0.127760	-41.021999
0.127840	-41.021999
0.127920	-41.021999
0.128000	-41.021999
0.128080	-41.021999
0.128160	-41.021999
0.128240	-41.021999
0.128320	-41.021999
0.128400	-41.021999
0.128480	-41.021999
0.128560	-41.021999
0.128640	-41.021999
0.128720	-41.021999
0.128800	-41.021999
0.128880	-41.021999
0.128960	-41.021999
0.129040	-41.021999
0.129120	-41.021999
0.129200	-41.021999
0.129280	-41.021999
0.129360	-41.021999
0.129440	-41.021999
0.129520	-41.021999
0.129600	-41.021999
0.129680	-41.021999
0.129760	-41.021999
0.129840	-41.021999
0.129920	-41.021999
0.130000	-41.021999
0.130080	-35.595001
0.130160	-41.021999
0.130240	-41.021999
0.130320	-41.021999
0.130400	-35.595001
0.130480	-41.021999
0.130560	-35.595001
0.130640	-41.021999
0.130720	-41.021999
0.130800	-41.021999
0.130880	-41.021999
0.130960	-41.021999
0.131040	-41.021999
0.131120	-41.021999
0.131200	-41.021999
0.131280	-41.021999
0.131360	-41.021999
0.131440	-35.595001
0.131520	-41.021999
0.131600	-41.021999
0.131680	-41.021999
0.131760	-41.021999
0.131840	-41.021999
0.131920	-41.021999
0.132000	-35.595001
0.132080	-35.595001
0.132160	-35.595001
0.132240	-35.595001
0.132320	-35.595001
0.132400	-35.595001
0.132480	-35.595001
0.132560	-30.167999
0.132640	-30.167999
0.132720	-30.167999
0.132800	-30.167999
0.132880	-35.595001
0.132960	-35.595001
0.133040	-35.595001
0.133120	-35.595001
0.133200	-35.595001
0.133280	-35.595001
0.133360	-30.167999
0.133440	-35.595001
0.133520	-35.595001
0.133600	-35.595001
0.133680	-35.595001
0.133760	-35.595001
0.133840	-35.595001
0.133920	-35.595001
0.134000	-35.595001
0.134080	-35.595001
0.134160	-35.595001
0.134240	-35.595001
0.134320	-35.595001
0.134400	-35.595001
0.134480	-35.595001
0.134560	-35.595001
0.134640	-35.595001
0.134720	-35.595001
0.134800	-35.595001
0.134880	-35.595001
0.134960	-35.595001
0.135040	-35.595001
0.135120	-35.595001
0.135200	-35.595001
0.135280	-35.595001
0.135360	-30.167999
0.135440	-30.167999
0.135520	-30.167999
0.135600	-30.167999
0.135680	-30.167999
0.135760	-24.740999
0.135840	-30.167999
0.135920	-30.167999
0.136000	-24.740999
0.136080	-30.167999
0.136160	-30.167999
0.136240	-30.167999
0.136320	-30.167999
0.136400	-35.595001
0.136480	-35.595001
0.136560	-35.595001
0.136640	-35.595001
0.136720	-35.595001
0.136800	-35.595001
0.136880	-35.595001
0.136960	-35.595001
0.137040	-30.167999
0.137120	-30.167999
0.137200	-30.167999
0.137280	-30.167999
0.137360	-30.167999
0.137440	-35.595001
0.137520	-35.595001
0.137600	-35.595001
0.137680	-35.595001
0.137760	-35.595001
0.137840	-35.595001
0.137920	-35.595001
0.138000	-35.595001
0.138080	-35.595001
0.138160	-35.595001
0.138240	-35.595001
0.138320	-35.595001
0.138400	-35.595001
0.138480	-30.167999
0.138560	-35.595001
0.138640	-30.167999
0.138720	-30.167999
0.138800	-30.167999
0.138880	-30.167999
0.138960	-30.167999
0.139040	-30.167999
0.139120	-30.167999
0.139200	-30.167999
0.139280	-30.167999
0.139360	-30.167999
0.139440	-30.167999
0.139520	-24.740999
0.139600	-24.740999
0.139680	-24.740999
0.139760	-24.740999
0.139840	-24.740999
0.139920	-24.740999
0.140000	-24.740999
0.140080	-19.313999
0.140160	-19.313999
0.140240	-24.740999
0.140320	-30.167999
0.140400	-30.167999
0.140480	-30.167999
0.140560	-30.167999
0.140640	-30.167999
0.140720	-24.740999
0.140800	-24.740999
0.140880	-24.740999
0.140960	-24.740999
0.141040	-24.740999
0.141120	-24.740999
0.141200	-30.167999
0.141280	-24.740999
0.141360	-24.740999
0.141440	-30.167999
0.141520	-30.167999
0.141600	-30.167999
0.141680	-30.167999
0.141760	-30.167999
0.141840	-24.740999
0.141920	-24.740999
0.142000	-24.740999
0.142080	-30.167999
0.142160	-35.595001
0.142240	-41.021999
0.142320	-41.021999
0.142400	-41.021999
0.142480	-41.021999
0.142560	-35.595001
0.142640	-30.167999
0.142720	-30.167999
0.142800	-30.167999
0.142880	-35.595001
0.142960	-35.595001
0.143040	-35.595001
0.143120	-35.595001
0.143200	-30.167999
0.143280	-24.740999
0.143360	-30.167999
0.143440	-24.740999
0.143520	-24.740999
0.143600	-24.740999
0.143680	-24.740999
0.143760	-30.167999
0.143840	-30.167999
0.143920	-30.167999
0.144000	-30.167999
0.144080	-24.740999
0.144160	-24.740999
0.144240	-24.740999
0.144320	-24.740999
0.144400	-24.740999
0.144480	-24.740999
0.144560	-24.740999
0.144640	-24.740999
0.144720	-24.740999
0.144800	-24.740999
0.144880	-24.740999
0.144960	-24.740999
0.145040	-24.740999
0.145120	-24.740999
0.145200	-24.740999
0.145280	-24.740999
0.145360	-24.740999
0.145440	-24.740999
0.145520	-24.740999
0.145600	-24.740999
0.145680	-24.740999
0.145760	-24.740999
0.145840	-24.740999
0.145920	-24.740999
0.146000	-24.740999
0.146080	-24.740999
0.146160	-24.740999
0.146240	-24.740999
0.146320	-24.740999
0.146400	-19.313999
0.146480	-24.740999
0.146560	-24.740999
0.146640	-24.740999
0.146720	-24.740999
0.146800	-24.740999
0.146880	-24.740999
0.146960	-24.740999
0.147040	-24.740999
0.147120	-24.740999
0.147200	-24.740999
0.147280	-24.740999
0.147360	-30.167999
0.147440	-24.740999
0.147520	-24.740999
0.147600	-24.740999
0.147680	-24.740999
0.147760	-24.740999
0.147840	-24.740999
0.147920	-24.740999
0.148000	-24.740999
0.148080	-24.740999
0.148160	-24.740999
0.148240	-24.740999
0.148320	-24.740999
0.148400	-24.740999
0.148480	-24.740999
0.148560	-24.740999
0.148640	-24.740999
0.148720	-19.313999
0.148800	-24.740999
0.148880	-24.740999
0.148960	-24.740999
0.149040	-24.740999
0.149120	-24.740999
0.149200	-19.313999
0.149280	-24.740999
0.149360	-24.740999
0.149440	-24.740999
0.149520	-24.740999
0.149600	-19.313999
0.149680	-24.740999
0.149760	-24.740999
0.149840	-24.740999
0.149920	-24.740999
0.150000	-24.740999
0.150080	-24.740999
0.150160	-24.740999
0.150240	-24.740999
0.150320	-24.740999
0.150400	-24.740999
0.150480	-24.740999
0.150560	-24.740999
0.150640	-24.740999
0.150720	-24.740999
0.150800	-24.740999
0.150880	-24.740999
0.150960	-24.740999
0.151040	-24.740999
0.151120	-24.740999
0.151200	-24.740999
0.151280	-24.740999
0.151360	-24.740999
0.151440	-24.740999
0.151520	-24.740999
0.151600	-24.740999
0.151680	-24.740999
0.151760	-24.740999
0.151840	-24.740999
0.151920	-24.740999
0.152000	-24.740999
0.152080	-24.740999
0.152160	-24.740999
0.152240	-24.740999
0.152320	-24.740999
0.152400	-24.740999
0.152480	-24.740999
0.152560	-24.740999
0.152640	-24.740999
0.152720	-24.740999
0.152800	-24.740999
0.152880	-24.740999
0.152960	-24.740999
0.153040	-24.740999
0.153120	-24.740999
0.153200	-24.740999
0.153280	-24.740999
0.153360	-24.740999
0.153440	-24.740999
0.153520	-24.740999
0.153600	-24.740999
0.153680	-24.740999
0.153760	-24.740999
0.153840	-24.740999
0.153920	-24.740999
0.154000	-24.740999
0.154080	-24.740999
0.154160	-24.740999
0.154240	-24.740999
0.154320	-30.167999
0.154400	-24.740999
0.154480	-30.167999
0.154560	-30.167999
0.154640	-30.167999
0.154720	-24.740999
0.154800	-24.740999
0.154880	-24.740999
0.154960	-24.740999
0.155040	-24.740999
0.155120	-24.740999
0.155200	-24.740999
0.155280	-30.167999
0.155360	-24.740999
0.155440	-24.740999
0.155520	-30.167999
0.155600	-30.167999
0.155680	-24.740999
0.155760	-24.740999
0.155840	-24.740999
0.155920	-24.740999
0.156000	-24.740999
0.156080	-24.740999
0.156160	-24.740999
0.156240	-24.740999
0.156320	-30.167999
0.156400	-24.740999
0.156480	-24.740999
0.156560	-24.740999
0.156640	-24.740999
0.156720	-24.740999
0.156800	-30.167999
0.156880	-24.740999
0.156960	-24.740999
0.157040	-30.167999
0.157120	-24.740999
0.157200	-24.740999
0.157280	-30.167999
0.157360	-24.740999
0.157440	-24.740999
0.157520	-24.740999
0.157600	-30.167999
0.157680	-24.740999
0.157760	-30.167999
0.157840	-30.167999
0.157920	-30.167999
0.158000	-30.167999
0.158080	-30.167999
0.158160	-30.167999
0.158240	-30.167999
0.158320	-30.167999
0.158400	-30.167999
0.158480	-30.167999
0.158560	-30.167999
0.158640	-30.167999
0.158720	-24.740999
0.158800	-30.167999
0.158880	-30.167999
0.158960	-30.167999
0.159040	-30.167999
0.159120	-30.167999
0.159200	-30.167999
0.159280	-30.167999
0.159360	-30.167999
0.159440	-30.167999
0.159520	-30.167999
0.159600	-30.167999
0.159680	-30.167999
0.159760	-30.167999
0.159840	-30.167999
0.159920	-30.167999
0.160000	-30.167999
0.160080	-30.167999
0.160160	-30.167999
0.160240	-30.167999
0.160320	-30.167999
0.160400	-30.167999
0.160480	-30.167999
0.160560	-30.167999
0.160640	-30.167999
0.160720	-30.167999
0.160800	-30.167999
0.160880	-30.167999
0.160960	-30.167999
0.161040	-30.167999
0.161120	-30.167999
0.161200	-30.167999
0.161280	-30.167999
0.161360	-30.167999
0.161440	-30.167999
0.161520	-30.167999
0.161600	-30.167999
0.161680	-35.595001
0.161760	-30.167999
0.161840	-35.595001
0.161920	-30.167999
0.162000	-30.167999
0.162080	-30.167999
0.162160	-30.167999
0.162240	-35.595001
0.162320	-35.595001
0.162400	-35.595001
0.162480	-35.595001
0.162560	-35.595001
0.162640	-35.595001
0.162720	-35.595001
0.162800	-35.595001
0.162880	-35.595001
0.162960	-35.595001
0.163040	-35.595001
0.163120	-35.595001
0.163200	-35.595001
0.163280	-35.595001
0.163360	-35.595001
0.163440	-35.595001
0.163520	-41.021999
0.163600	-35.595001
0.163680	-35.595001
0.163760	-41.021999
0.163840	-41.021999
0.163920	-35.595001
0.164000	-35.595001
0.164080	-41.021999
0.164160	-41.021999
0.164240	-41.021999
0.164320	-41.021999
0.164400	-41.021999
0.164480	-46.449001
0.164560	-46.449001
0.164640	-46.449001
0.164720	-46.449001
0.164800	-46.449001
0.164880	-46.449001
0.164960	-41.021999
0.165040	-41.021999
0.165120	-41.021999
0.165200	-41.021999
0.165280	-41.021999
0.165360	-46.449001
0.165440	-46.449001
0.165520	-46.449001
0.165600	-46.449001
0.165680	-46.449001
0.165760	-46.449001
0.165840	-46.449001
0.165920	-51.875999
0.166000	-46.449001
0.166080	-46.449001
0.166160	-51.875999
0.166240	-51.875999
0.166320	-51.875999
0.166400	-46.449001
0.166480	-51.875999
0.166560	-51.875999
0.166640	-51.875999
0.166720	-51.875999
0.166800	-51.875999
0.166880	-51.875999
0.166960	-51.875999
0.167040	-51.875999
0.167120	-51.875999
0.167200	-57.303001
0.167280	-51.875999
0.167360	-51.875999
0.167440	-51.875999
0.167520	-51.875999
0.167600	-57.303001
0.167680	-57.303001
0.167760	-57.303001
0.167840	-57.303001
0.167920	-57.303001
0.168000	-62.729000
0.168080	-62.729000
0.168160	-62.729000
0.168240	-62.729000
0.168320	-62.729000
0.168400	-62.729000
0.168480	-62.729000
0.168560	-62.729000
0.168640	-68.155998
0.168720	-68.155998
0.168800	-68.155998
0.168880	-68.155998
0.168960	-62.729000
0.169040	-62.729000
0.169120	-62.729000
0.169200	-62.729000
0.169280	-62.729000
0.169360	-62.729000
0.169440	-62.729000
0.169520	-62.729000
0.169600	-62.729000
0.169680	-68.155998
0.169760	-68.155998
0.169840	-68.155998
0.169920	-68.155998
0.170000	-68.155998
0.170080	-68.155998
0.170160	-68.155998
0.170240	-68.155998
0.170320	-73.583000
0.170400	-73.583000
0.170480	-79.010002
0.170560	-84.436996
0.170640	-89.863998
0.170720	-89.863998
0.170800	-95.291000
0.170880	-95.291000
0.170960	-95.291000
0.171040	-95.291000
0.171120	-100.720001
0.171200	-100.720001
0.171280	-100.720001
0.171360	-106.139999
0.171440	-106.139999
0.171520	-100.720001
0.171600	-106.139999
0.171680	-106.139999
0.171760	-111.570000
0.171840	-117.000000
0.171920	-122.430000
0.172000	-122.430000
0.172080	-127.849998
0.172160	-122.430000
0.172240	-127.849998
0.172320	-127.849998
0.172400	-127.849998
0.172480	-122.430000
0.172560	-122.430000
0.172640	-117.000000
0.172720	-117.000000
0.172800	-117.000000
0.172880	-117.000000
0.172960	-117.000000
0.173040	-122.430000
0.173120	-122.430000
0.173200	-127.849998
0.173280	-127.849998
0.173360	-127.849998
0.173440	-127.849998
0.173520	-127.849998
0.173600	-133.279999
0.173680	-133.279999
0.173760	-127.849998
0.173840	-133.279999
0.173920	-133.279999
0.174000	-138.710007
0.174080	-138.710007
0.174160	-138.710007
0.174240	-144.130005
0.174320	-144.130005
0.174400	-149.559998
0.174480	-154.990005
0.174560	-160.410004
0.174640	-160.410004
0.174720	-160.410004
0.174800	-160.410004
0.174880	-165.839996
0.174960	-165.839996
0.175040	-160.410004
0.175120	-160.410004
0.175200	-154.990005
0.175280	-154.990005
0.175360	-154.990005
0.175440	-154.990005
0.175520	-154.990005
0.175600	-154.990005
0.175680	-160.410004
0.175760	-160.410004
0.175840	-160.410004
0.175920	-160.410004
0.176000	-160.410004
0.176080	-165.839996
0.176160	-165.839996
0.176240	-165.839996
0.176320	-165.839996
0.176400	-160.410004
0.176480	-160.410004
0.176560	-160.410004
0.176640	-160.410004
0.176720	-154.990005
0.176800	-154.990005
0.176880	-154.990005
0.176960	-154.990005
0.177040	-160.410004
0.177120	-154.990005
0.177200	-160.410004
0.177280	-171.270004
0.177360	-176.699997
0.177440	-187.550003
0.177520	-198.399994
0.177600	-203.830002
0.177680	-198.399994
0.177760	-192.979996
0.177840	-187.550003
0.177920	-176.699997
0.178000	-176.699997
0.178080	-176.699997
0.178160	-176.699997
0.178240	-176.699997
0.178320	-176.699997
0.178400	-176.699997
0.178480	-176.699997
0.178560	-182.119995
0.178640	-182.119995
0.178720	-182.119995
0.178800	-182.119995
0.178880	-176.699997
0.178960	-171.270004
0.179040	-165.839996
0.179120	-165.839996
0.179200	-165.839996
0.179280	-160.410004
0.179360	-160.410004
0.179440	-160.410004
0.179520	-160.410004
0.179600	-165.839996
0.179680	-165.839996
0.179760	-165.839996
0.179840	-165.839996
0.179920	-171.270004
0.180000	-176.699997
0.180080	-176.699997
0.180160	-182.119995
0.180240	-182.119995
0.180320	-187.550003
0.180400	-187.550003
0.180480	-187.550003
0.180560	-187.550003
0.180640	-182.119995
0.180720	-182.119995
0.180800	-176.699997
0.180880	-176.699997
0.180960	-171.270004
0.181040	-165.839996
0.181120	-165.839996
0.181200	-165.839996
0.181280	-165.839996
0.181360	-165.839996
0.181440	-165.839996
0.181520	-165.839996
0.181600	-165.839996
0.181680	-171.270004
0.181760	-171.270004
0.181840	-171.270004
0.181920	-171.270004
0.182000	-171.270004
0.182080	-171.270004
0.182160	-171.270004
0.182240	-171.270004
0.182320	-171.270004
0.182400	-171.270004
0.182480	-165.839996
0.182560	-160.410004
0.182640	-154.990005
0.182720	-154.990005
0.182800	-160.410004
0.182880	-165.839996
0.182960	-165.839996
0.183040	-160.410004
0.183120	-154.990005
0.183200	-154.990005
0.183280	-160.410004
0.183360	-165.839996
0.183440	-165.839996
0.183520	-165.839996
0.183600	-165.839996
0.183680	-165.839996
0.183760	-165.839996
0.183840	-165.839996
0.183920	-165.839996
0.184000	-160.410004
0.184080	-160.410004
0.184160	-160.410004
0.184240	-160.410004
0.184320	-154.990005
0.184400	-154.990005
0.184480	-154.990005
0.184560	-154.990005
0.184640	-154.990005
0.184720	-149.559998
0.184800	-149.559998
0.184880	-149.559998
0.184960	-144.130005
0.185040	-144.130005
0.185120	-144.130005
0.185200	-144.130005
0.185280	-138.710007
0.185360	-138.710007
0.185440	-138.710007
0.185520	-138.710007
0.185600	-138.710007
0.185680	-138.710007
0.185760	-133.279999
0.185840	-133.279999
0.185920	-133.279999
0.186000	-133.279999
0.186080	-133.279999
0.186160	-133.279999
0.186240	-133.279999
0.186320	-133.279999
0.186400	-133.279999
0.186480	-133.279999
0.186560	-133.279999
0.186640	-127.849998
0.186720	-133.279999
0.186800	-127.849998
0.186880	-127.849998
0.186960	-127.849998
0.187040	-127.849998
0.187120	-127.849998
0.187200	-127.849998
0.187280	-122.430000
0.187360	-117.000000
0.187440	-117.000000
0.187520	-111.570000
0.187600	-111.570000
0.187680	-111.570000
0.187760	-106.139999
0.187840	-106.139999
0.187920	-106.139999
0.188000	-106.139999
0.188080	-106.139999
0.188160	-106.139999
0.188240	-106.139999
0.188320	-106.139999
0.188400	-106.139999
0.188480	-106.139999
0.188560	-106.139999
0.188640	-106.139999
0.188720	-106.139999
0.188800	-106.139999
0.188880	-100.720001
0.188960	-100.720001
0.189040	-100.720001
0.189120	-100.720001
0.189200	-100.720001
0.189280	-95.291000
0.189360	-95.291000
0.189440	-95.291000
0.189520	-95.291000
0.189600	-89.863998
0.189680	-89.863998
0.189760	-89.863998
0.189840	-89.863998
0.189920	-84.436996
0.190000	-84.436996
0.190080	-84.436996
0.190160	-84.436996
0.190240	-79.010002
0.190320	-79.010002
0.190400	-79.010002
0.190480	-79.010002
0.190560	-73.583000
0.190640	-79.010002
0.190720	-73.583000
0.190800	-73.583000
0.190880	-73.583000
0.190960	-73.583000
0.191040	-73.583000
0.191120	-79.010002
0.191200	-73.583000
0.191280	-73.583000
0.191360	-73.583000
0.191440	-73.583000
0.191520	-73.583000
0.191600	-73.583000
0.191680	-73.583000
0.191760	-73.583000
0.191840	-73.583000
0.191920	-68.155998
0.192000	-68.155998
0.192080	-68.155998
0.192160	-68.155998
0.192240	-62.729000
0.192320	-68.155998
0.192400	-62.729000
0.192480	-62.729000
0.192560	-62.729000
0.192640	-57.303001
0.192720	-57.303001
0.192800	-57.303001
0.192880	-57.303001
0.192960	-57.303001
0.193040	-57.303001
0.193120	-57.303001
0.193200	-57.303001
0.193280	-57.303001
0.193360	-57.303001
0.193440	-57.303001
0.193520	-57.303001
0.193600	-57.303001
0.193680	-57.303001
0.193760	-57.303001
0.193840	-57.303001
0.193920	-57.303001
0.194000	-57.303001
0.194080	-57.303001
0.194160	-57.303001
0.194240	-57.303001
0.194320	-57.303001
0.194400	-51.875999
0.194480	-51.875999
0.194560	-57.303001
0.194640	-51.875999
0.194720	-57.303001
0.194800	-57.303001
0.194880	-57.303001
0.194960	-51.875999
0.195040	-57.303001
0.195120	-51.875999
0.195200	-51.875999
0.195280	-51.875999
0.195360	-51.875999
0.195440	-51.875999
0.195520	-51.875999
0.195600	-51.875999
0.195680	-51.875999
0.195760	-51.875999
0.195840	-51.875999
0.195920	-51.875999
0.196000	-46.449001
0.196080	-51.875999
0.196160	-46.449001
0.196240	-46.449001
0.196320	-46.449001
0.196400	-51.875999
0.196480	-46.449001
0.196560	-46.449001
0.196640	-46.449001
0.196720	-46.449001
0.196800	-46.449001
0.196880	-46.449001
0.196960	-46.449001
0.197040	-46.449001
0.197120	-46.449001
0.197200	-46.449001
0.197280	-46.449001
0.197360	-46.449001
0.197440	-46.449001
0.197520	-46.449001
0.197600	-46.449001
0.197680	-46.449001
0.197760	-46.449001
0.197840	-51.875999
0.197920	-51.875999
0.198000	-51.875999
0.198080	-51.875999
0.198160	-46.449001
0.198240	-51.875999
0.198320	-51.875999
0.198400	-51.875999
0.198480	-51.875999
0.198560	-51.875999
0.198640	-51.875999
0.198720	-51.875999
0.198800	-51.875999
0.198880	-51.875999
0.198960	-51.875999
0.199040	-51.875999
0.199120	-51.875999
0.199200	-51.875999
0.199280	-46.449001
0.199360	-51.875999
0.199440	-51.875999
0.199520	-51.875999
0.199600	-51.875999
0.199680	-51.875999
0.199760	-51.875999
0.199840	-51.875999
0.199920	-51.875999
0.200000	-46.449001
0.200080	-51.875999
0.200160	-51.875999
0.200240	-51.875999
0.200320	-46.449001
0.200400	-46.449001
0.200480	-46.449001
0.200560	-46.449001
0.200640	-46.449001
0.200720	-46.449001
0.200800	-46.449001
0.200880	-46.449001
0.200960	-46.449001
0.201040	-41.021999
0.201120	-41.021999
0.201200	-41.021999
0.201280	-41.021999
0.201360	-41.021999
0.201440	-41.021999
0.201520	-41.021999
0.201600	-46.449001
0.201680	-46.449001
0.201760	-41.021999
0.201840	-41.021999
0.201920	-41.021999
0.202000	-41.021999
0.202080	-41.021999
0.202160	-41.021999
0.202240	-41.021999
0.202320	-41.021999
0.202400	-41.021999
0.202480	-41.021999
0.202560	-41.021999
0.202640	-41.021999
0.202720	-46.449001
0.202800	-46.449001
0.202880	-46.449001
0.202960	-41.021999
0.203040	-41.021999
0.203120	-41.021999
0.203200	-41.021999
0.203280	-46.449001
0.203360	-41.021999
0.203440	-41.021999
0.203520	-41.021999
0.203600	-46.449001
0.203680	-46.449001
0.203760	-41.021999
0.203840	-46.449001
0.203920	-41.021999
0.204000	-41.021999
0.204080	-41.021999
0.204160	-41.021999
0.204240	-41.021999
0.204320	-41.021999
0.204400	-41.021999
0.204480	-41.021999
0.204560	-41.021999
0.204640	-41.021999
0.204720	-41.021999
0.204800	-41.021999
0.204880	-41.021999
0.204960	-41.021999
0.205040	-41.021999
0.205120	-41.021999
0.205200	-41.021999
0.205280	-41.021999
0.205360	-41.021999
0.205440	-41.021999
0.205520	-41.021999
0.205600	-41.021999
0.205680	-41.021999
0.205760	-41.021999
0.205840	-41.021999
0.205920	-41.021999
0.206000	-41.021999
0.206080	-41.021999
0.206160	-41.021999
0.206240	-41.021999
0.206320	-41.021999
0.206400	-41.021999
0.206480	-41.021999
0.206560	-35.595001
0.206640	-35.595001
0.206720	-35.595001
0.206800	-35.595001
0.206880	-35.595001
0.206960	-35.595001
0.207040	-30.167999
0.207120	-30.167999
0.207200	-35.595001
0.207280	-30.167999
0.207360	-35.595001
0.207440	-30.167999
0.207520	-30.167999
0.207600	-30.167999
0.207680	-30.167999
0.207760	-30.167999
0.207840	-30.167999
0.207920	-30.167999
0.208000	-24.740999
0.208080	-30.167999
0.208160	-24.740999
0.208240	-24.740999
0.208320	-24.740999
0.208400	-24.740999
0.208480	-24.740999
0.208560	-24.740999
0.208640	-24.740999
0.208720	-19.313999
0.208800	-19.313999
0.208880	-24.740999
0.208960	-24.740999
0.209040	-19.313999
0.209120	-24.740999
0.209200	-19.313999
0.209280	-19.313999
0.209360	-19.313999
0.209440	-19.313999
0.209520	-19.313999
0.209600	-19.313999
0.209680	-19.313999
0.209760	-19.313999
0.209840	-19.313999
0.209920	-24.740999
0.210000	-19.313999
0.210080	-24.740999
0.210160	-24.740999
0.210240	-19.313999
0.210320	-19.313999
0.210400	-24.740999
0.210480	-19.313999
0.210560	-19.313999
0.210640	-19.313999
0.210720	-19.313999
0.210800	-19.313999
0.210880	-19.313999
0.210960	-19.313999
0.211040	-19.313999
0.211120	-13.887000
0.211200	-13.887000
0.211280	-13.887000
0.211360	-13.887000
0.211440	-8.460400
0.211520	-13.887000
0.211600	-13.887000
0.211680	-13.887000
0.211760	-13.887000
0.211840	-8.460400
0.211920	-8.460400
0.212000	-13.887000
0.212080	-13.887000
0.212160	-8.460400
0.212240	-13.887000
0.212320	-13.887000
0.212400	-13.887000
0.212480	-13.887000
0.212560	-13.887000
0.212640	-13.887000
0.212720	-13.887000
0.212800	-13.887000
0.212880	-13.887000
0.212960	-13.887000
0.213040	-13.887000
0.213120	-13.887000
0.213200	-13.887000
0.213280	-13.887000
0.213360	-13.887000
0.213440	-13.887000
0.213520	-19.313999
0.213600	-13.887000
0.213680	-13.887000
0.213760	-13.887000
0.213840	-13.887000
0.213920	-13.887000
0.214000	-13.887000
0.214080	-13.887000
0.214160	-13.887000
0.214240	-13.887000
0.214320	-13.887000
0.214400	-13.887000
0.214480	-13.887000
0.214560	-13.887000
0.214640	-8.460400
0.214720	-8.460400
0.214800	-13.887000
0.214880	-8.460400
0.214960	-8.460400
0.215040	-8.460400
0.215120	-8.460400
0.215200	-3.033500
0.215280	-8.460400
0.215360	-3.033500
0.215440	-3.033500
0.215520	-3.033500
0.215600	-3.033500
0.215680	-3.033500
0.215760	-8.460400
0.215840	-3.033500
0.215920	-3.033500
0.216000	-3.033500
0.216080	-3.033500
0.216160	-3.033500
0.216240	-8.460400
0.216320	-3.033500
0.216400	-3.033500
0.216480	-3.033500
0.216560	-3.033500
0.216640	-3.033500
0.216720	-3.033500
0.216800	-3.033500
0.216880	-3.033500
0.216960	-3.033500
0.217040	2.393400
0.217120	2.393400
0.217200	2.393400
0.217280	-3.033500
0.217360	2.393400
0.217440	2.393400
0.217520	2.393400
0.217600	2.393400
0.217680	2.393400
0.217760	7.820400
0.217840	13.247000
0.217920	13.247000
0.218000	13.247000
0.218080	18.674000
0.218160	18.674000
0.218240	24.101000
0.218320	24.101000
0.218400	24.101000
0.218480	24.101000
0.218560	29.528000
0.218640	24.101000
0.218720	24.101000
0.218800	24.101000
0.218880	18.674000
0.218960	18.674000
0.219040	18.674000
0.219120	18.674000
0.219200	18.674000
0.219280	18.674000
0.219360	13.247000
0.219440	13.247000
0.219520	13.247000
0.219600	7.820400
0.219680	13.247000
0.219760	13.247000
0.219840	13.247000
0.219920	13.247000
0.220000	13.247000
0.220080	18.674000
0.220160	18.674000
0.220240	18.674000
0.220320	18.674000
0.220400	18.674000
0.220480	18.674000
0.220560	18.674000
0.220640	18.674000
0.220720	18.674000
0.220800	18.674000
0.220880	18.674000
0.220960	18.674000
0.221040	24.101000
0.221120	24.101000
0.221200	24.101000
0.221280	24.101000
0.221360	29.528000
0.221440	29.528000
0.221520	29.528000
0.221600	29.528000
0.221680	29.528000
0.221760	34.955002
0.221840	29.528000
0.221920	29.528000
0.222000	29.528000
0.222080	24.101000
0.222160	24.101000
0.222240	24.101000
0.222320	24.101000
0.222400	24.101000
0.222480	24.101000
0.222560	29.528000
0.222640	29.528000
0.222720	29.528000
0.222800	29.528000
0.222880	34.955002
0.222960	34.955002
0.223040	34.955002
0.223120	40.382000
0.223200	40.382000
0.223280	40.382000
0.223360	40.382000
0.223440	40.382000
0.223520	40.382000
0.223600	45.808998
0.223680	40.382000
0.223760	40.382000
0.223840	40.382000
0.223920	45.808998
0.224000	45.808998
0.224080	45.808998
0.224160	45.808998
0.224240	45.808998
0.224320	40.382000
0.224400	40.382000
0.224480	40.382000
0.224560	40.382000
0.224640	40.382000
0.224720	40.382000
0.224800	45.808998
0.224880	40.382000
0.224960	40.382000
0.225040	40.382000
0.225120	40.382000
0.225200	40.382000
0.225280	45.808998
0.225360	45.808998
0.225440	40.382000
0.225520	45.808998
0.225600	40.382000
0.225680	45.808998
0.225760	45.808998
0.225840	45.808998
0.225920	45.808998
0.226000	45.808998
0.226080	51.236000
0.226160	51.236000
0.226240	51.236000
0.226320	51.236000
0.226400	51.236000
0.226480	51.236000
0.226560	51.236000
0.226640	56.662998
0.226720	56.662998
0.226800	51.236000
0.226880	51.236000
0.226960	51.236000
0.227040	51.236000
0.227120	51.236000
0.227200	51.236000
0.227280	51.236000
0.227360	51.236000
0.227440	51.236000
0.227520	51.236000
0.227600	51.236000
0.227680	56.662998
0.227760	56.662998
0.227840	56.662998
0.227920	51.236000
0.228000	56.662998
0.228080	56.662998
0.228160	56.662998
0.228240	56.662998
0.228320	56.662998
0.228400	56.662998
0.228480	56.662998
0.228560	56.662998
0.228640	62.090000
0.228720	62.090000
0.228800	62.090000
0.228880	62.090000
0.228960	62.090000
0.229040	62.090000
0.229120	62.090000
0.229200	62.090000
0.229280	62.090000
0.229360	62.090000
0.229440	62.090000
0.229520	62.090000
0.229600	62.090000
0.229680	62.090000
0.229760	67.515999
0.229840	67.515999
0.229920	67.515999
0.230000	67.515999
0.230080	67.515999
0.230160	67.515999
0.230240	67.515999
0.230320	67.515999
0.230400	72.943001
0.230480	67.515999
0.230560	67.515999
0.230640	67.515999
0.230720	72.943001
0.230800	67.515999
0.230880	67.515999
0.230960	67.515999
0.231040	72.943001
0.231120	67.515999
0.231200	72.943001
0.231280	72.943001
0.231360	72.943001
0.231440	72.943001
0.231520	72.943001
0.231600	72.943001
0.231680	72.943001
0.231760	72.943001
0.231840	72.943001
0.231920	72.943001
0.232000	72.943001
0.232080	78.370003
0.232160	78.370003
0.232240	78.370003
0.232320	78.370003
0.232400	72.943001
0.232480	72.943001
0.232560	72.943001
0.232640	72.943001
0.232720	72.943001
0.232800	78.370003
0.232880	72.943001
0.232960	72.943001
0.233040	72.943001
0.233120	72.943001
0.233200	78.370003
0.233280	72.943001
0.233360	72.943001
0.233440	72.943001
0.233520	72.943001
0.233600	72.943001
0.233680	72.943001
0.233760	78.370003
0.233840	72.943001
0.233920	72.943001
0.234000	72.943001
0.234080	78.370003
0.234160	78.370003
0.234240	78.370003
0.234320	78.370003
0.234400	72.943001
0.234480	72.943001
0.234560	78.370003
0.234640	78.370003
0.234720	78.370003
0.234800	78.370003
0.234880	78.370003
0.234960	78.370003
0.235040	78.370003
0.235120	78.370003
0.235200	78.370003
0.235280	78.370003
0.235360	72.943001
0.235440	72.943001
0.235520	78.370003
0.235600	78.370003
0.235680	72.943001
0.235760	72.943001
0.235840	72.943001
0.235920	72.943001
0.236000	72.943001
0.236080	72.943001
0.236160	72.943001
0.236240	72.943001
0.236320	72.943001
0.236400	72.943001
0.236480	72.943001
0.236560	72.943001
0.236640	72.943001
0.236720	72.943001
0.236800	72.943001
0.236880	72.943001
0.236960	72.943001
0.237040	72.943001
0.237120	72.943001
0.237200	72.943001
0.237280	72.943001
0.237360	72.943001
0.237440	72.943001
0.237520	72.943001
0.237600	72.943001
0.237680	72.943001
0.237760	72.943001
0.237840	72.943001
0.237920	67.515999
0.238000	72.943001
0.238080	72.943001
0.238160	67.515999
0.238240	72.943001
0.238320	67.515999
0.238400	67.515999
0.238480	67.515999
0.238560	67.515999
0.238640	67.515999
0.238720	67.515999
0.238800	67.515999
0.238880	67.515999
0.238960	67.515999
0.239040	67.515999
0.239120	67.515999
0.239200	67.515999
0.239280	62.090000
0.239360	62.090000
0.239440	62.090000
0.239520	62.090000
0.239600	62.090000
0.239680	62.090000
0.239760	62.090000
0.239840	62.090000
0.239920	62.090000
0.240000	62.090000
0.240080	62.090000
0.240160	62.090000
0.240240	62.090000
0.240320	62.090000
0.240400	62.090000
0.240480	56.662998
0.240560	56.662998
0.240640	56.662998
0.240720	56.662998
0.240800	56.662998
0.240880	56.662998
0.240960	56.662998
0.241040	56.662998
0.241120	56.662998
0.241200	56.662998
0.241280	56.662998
0.241360	56.662998
0.241440	56.662998
0.241520	56.662998
0.241600	51.236000
0.241680	56.662998
0.241760	51.236000
0.241840	51.236000
0.241920	51.236000
0.242000	56.662998
0.242080	51.236000
0.242160	51.236000
0.242240	51.236000
0.242320	51.236000
0.242400	56.662998
0.242480	56.662998
0.242560	56.662998
0.242640	51.236000
0.242720	51.236000
0.242800	51.236000
0.242880	51.236000
0.242960	51.236000
0.243040	45.808998
0.243120	45.808998
0.243200	45.808998
0.243280	45.808998
0.243360	45.808998
0.243440	45.808998
0.243520	45.808998
0.243600	45.808998
0.243680	45.808998
0.243760	45.808998
0.243840	40.382000
0.243920	40.382000
0.244000	40.382000
0.244080	40.382000
0.244160	34.955002
0.244240	40.382000
0.244320	34.955002
0.244400	34.955002
0.244480	40.382000
0.244560	34.955002
0.244640	34.955002
0.244720	34.955002
0.244800	40.382000
0.244880	40.382000
0.244960	40.382000
0.245040	40.382000
0.245120	40.382000
0.245200	40.382000
0.245280	40.382000
0.245360	40.382000
0.245440	40.382000
0.245520	40.382000
0.245600	40.382000
0.245680	40.382000
0.245760	40.382000
0.245840	40.382000
0.245920	40.382000
0.246000	40.382000
0.246080	40.382000
0.246160	40.382000
0.246240	40.382000
0.246320	34.955002
0.246400	40.382000
0.246480	40.382000
0.246560	40.382000
0.246640	40.382000
0.246720	34.955002
0.246800	34.955002
0.246880	34.955002
0.246960	34.955002
0.247040	34.955002
0.247120	34.955002
0.247200	34.955002
0.247280	34.955002
0.247360	34.955002
0.247440	34.955002
0.247520	34.955002
0.247600	34.955002
0.247680	34.955002
0.247760	34.955002
0.247840	29.528000
0.247920	29.528000
0.248000	29.528000
0.248080	29.528000
0.248160	29.528000
0.248240	29.528000
0.248320	29.528000
0.248400	29.528000
0.248480	29.528000
0.248560	29.528000
0.248640	29.528000
0.248720	34.955002
0.248800	29.528000
0.248880	29.528000
0.248960	29.528000
0.249040	34.955002
0.249120	34.955002
0.249200	34.955002
0.249280	34.955002
0.249360	34.955002
0.249440	34.955002
0.249520	34.955002
0.249600	29.528000
0.249680	29.528000
0.249760	29.528000
0.249840	29.528000
0.249920	29.528000
0.250000	29.528000
0.250080	29.528000
0.250160	29.528000
0.250240	29.528000
0.250320	29.528000
0.250400	29.528000
0.250480	29.528000
0.250560	29.528000
0.250640	29.528000
0.250720	29.528000
0.250800	29.528000
0.250880	29.528000
0.250960	29.528000
0.251040	29.528000
0.251120	29.528000
0.251200	29.528000
0.251280	29.528000
0.251360	29.528000
0.251440	29.528000
0.251520	29.528000
0.251600	29.528000
0.251680	29.528000
0.251760	29.528000
0.251840	29.528000
0.251920	29.528000
0.252000	29.528000
0.252080	29.528000
0.252160	29.528000
0.252240	29.528000
0.252320	29.528000
0.252400	24.101000
0.252480	24.101000
0.252560	24.101000
0.252640	18.674000
0.252720	18.674000
0.252800	13.247000
0.252880	18.674000
0.252960	18.674000
0.253040	24.101000
0.253120	18.674000
0.253200	18.674000
0.253280	18.674000
0.253360	18.674000
0.253440	24.101000
0.253520	24.101000
0.253600	18.674000
0.253680	18.674000
0.253760	13.247000
0.253840	13.247000
0.253920	18.674000
0.254000	18.674000
0.254080	18.674000
0.254160	18.674000
0.254240	18.674000
0.254320	18.674000
0.254400	18.674000
0.254480	18.674000
0.254560	18.674000
0.254640	18.674000
0.254720	24.101000
0.254800	29.528000
0.254880	24.101000
0.254960	29.528000
0.255040	29.528000
0.255120	29.528000
0.255200	34.955002
0.255280	29.528000
0.255360	34.955002
0.255440	34.955002
0.255520	34.955002
0.255600	40.382000
0.255680	40.382000
0.255760	40.382000
0.255840	40.382000
0.255920	40.382000
0.256000	40.382000
0.256080	40.382000
0.256160	40.382000
0.256240	40.382000
0.256320	40.382000
0.256400	40.382000
0.256480	40.382000
0.256560	40.382000
0.256640	40.382000
0.256720	40.382000
0.256800	34.955002
0.256880	34.955002
0.256960	29.528000
0.257040	24.101000
0.257120	29.528000
0.257200	29.528000
0.257280	29.528000
0.257360	29.528000
0.257440	29.528000
0.257520	29.528000
0.257600	29.528000
0.257680	34.955002
0.257760	34.955002
0.257840	29.528000
0.257920	29.528000
0.258000	34.955002
0.258080	34.955002
0.258160	34.955002
0.258240	34.955002
0.258320	29.528000
0.258400	34.955002
0.258480	29.528000
0.258560	29.528000
0.258640	29.528000
0.258720	24.101000
0.258800	24.101000
0.258880	24.101000
0.258960	24.101000
0.259040	24.101000
0.259120	18.674000
0.259200	18.674000
0.259280	13.247000
0.259360	13.247000
0.259440	13.247000
0.259520	13.247000
0.259600	13.247000
0.259680	13.247000
0.259760	13.247000
0.259840	7.820400
0.259920	7.820400
0.260000	7.820400
0.260080	7.820400
0.260160	7.820400
0.260240	7.820400
0.260320	2.393400
0.260400	2.393400
0.260480	2.393400
0.260560	7.820400
0.260640	7.820400
0.260720	7.820400
0.260800	7.820400
0.260880	7.820400
0.260960	7.820400
0.261040	7.820400
0.261120	7.820400
0.261200	13.247000
0.261280	7.820400
0.261360	7.820400
0.261440	7.820400
0.261520	7.820400
0.261600	2.393400
0.261680	7.820400
0.261760	2.393400
0.261840	2.393400
0.261920	2.393400
0.262000	2.393400
0.262080	2.393400
0.262160	2.393400
0.262240	2.393400
0.262320	2.393400
0.262400	2.393400
0.262480	2.393400
0.262560	2.393400
0.262640	2.393400
0.262720	2.393400
0.262800	7.820400
0.262880	2.393400
0.262960	2.393400
0.263040	2.393400
0.263120	2.393400
0.263200	2.393400
0.263280	2.393400
0.263360	2.393400
0.263440	2.393400
0.263520	2.393400
0.263600	2.393400
0.263680	2.393400
0.263760	2.393400
0.263840	2.393400
0.263920	2.393400
0.264000	2.393400
0.264080	2.393400
0.264160	2.393400
0.264240	2.393400
0.264320	2.393400
0.264400	2.393400
0.264480	-3.033500
0.264560	2.393400
0.264640	-3.033500
0.264720	-3.033500
0.264800	-3.033500
0.264880	-3.033500
0.264960	-3.033500
0.265040	-3.033500
0.265120	-3.033500
0.265200	-3.033500
0.265280	-3.033500
0.265360	-3.033500
0.265440	-3.033500
0.265520	-3.033500
0.265600	2.393400
0.265680	2.393400
0.265760	2.393400
0.265840	2.393400
0.265920	2.393400
0.266000	-3.033500
0.266080	-3.033500
0.266160	-3.033500
0.266240	-3.033500
0.266320	-3.033500
0.266400	-3.033500
0.266480	-3.033500
0.266560	-3.033500
0.266640	-3.033500
0.266720	-3.033500
0.266800	-3.033500
0.266880	-3.033500
0.266960	-3.033500
0.267040	-3.033500
0.267120	-3.033500
0.267200	-3.033500
0.267280	-3.033500
0.267360	-3.033500
0.267440	-3.033500
0.267520	-3.033500
0.267600	-3.033500
0.267680	-3.033500
0.267760	-3.033500
0.267840	-3.033500
0.267920	-3.033500
0.268000	-3.033500
0.268080	-3.033500
0.268160	-3.033500
0.268240	-3.033500
0.268320	-3.033500
0.268400	-8.460400
0.268480	-3.033500
0.268560	-3.033500
0.268640	-3.033500
0.268720	-3.033500
0.268800	-3.033500
0.268880	-8.460400
0.268960	-8.460400
0.269040	-8.460400
0.269120	-8.460400
0.269200	-8.460400
0.269280	-13.887000
0.269360	-8.460400
0.269440	-13.887000
0.269520	-13.887000
0.269600	-13.887000
0.269680	-13.887000
0.269760	-13.887000
0.269840	-13.887000
0.269920	-19.313999
0.270000	-19.313999
0.270080	-19.313999
0.270160	-19.313999
0.270240	-19.313999
0.270320	-13.887000
0.270400	-13.887000
0.270480	-19.313999
0.270560	-19.313999
0.270640	-19.313999
0.270720	-19.313999
0.270800	-19.313999
0.270880	-19.313999
0.270960	-13.887000
0.271040	-13.887000
0.271120	-13.887000
0.271200	-13.887000
0.271280	-19.313999
0.271360	-13.887000
0.271440	-19.313999
0.271520	-13.887000
0.271600	-13.887000
0.271680	-13.887000
0.271760	-19.313999
0.271840	-19.313999
0.271920	-13.887000
0.272000	-19.313999
0.272080	-19.313999
0.272160	-19.313999
0.272240	-13.887000
0.272320	-13.887000
0.272400	-19.313999
0.272480	-19.313999
0.272560	-19.313999
0.272640	-19.313999
0.272720	-19.313999
0.272800	-19.313999
0.272880	-19.313999
0.272960	-19.313999
0.273040	-19.313999
0.273120	-19.313999
0.273200	-19.313999
0.273280	-13.887000
0.273360	-13.887000
0.273440	-13.887000
0.273520	-13.887000
0.273600	-19.313999
0.273680	-13.887000
0.273760	-13.887000
0.273840	-13.887000
0.273920	-13.887000
0.274000	-13.887000
0.274080	-13.887000
0.274160	-13.887000
0.274240	-13.887000
0.274320	-13.887000
0.274400	-13.887000
0.274480	-13.887000
0.274560	-13.887000
0.274640	-13.887000
0.274720	-13.887000
0.274800	-13.887000
0.274880	-13.887000
0.274960	-13.887000
0.275040	-13.887000
0.275120	-8.460400
0.275200	-8.460400
0.275280	-8.460400
0.275360	-8.460400
0.275440	-8.460400
0.275520	-8.460400
0.275600	-3.033500
0.275680	-3.033500
0.275760	-3.033500
0.275840	-3.033500
0.275920	-3.033500
0.276000	-3.033500
0.276080	-3.033500
0.276160	-3.033500
0.276240	-3.033500
0.276320	-8.460400
0.276400	-3.033500
0.276480	-8.460400
0.276560	-3.033500
0.276640	-8.460400
0.276720	-8.460400
0.276800	-3.033500
0.276880	-3.033500
0.276960	-3.033500
0.277040	-8.460400
0.277120	-8.460400
0.277200	-8.460400
0.277280	-3.033500
0.277360	-8.460400
0.277440	-13.887000
0.277520	-13.887000
0.277600	-13.887000
0.277680	-13.887000
0.277760	-13.887000
0.277840	-19.313999
0.277920	-13.887000
0.278000	-19.313999
0.278080	-13.887000
0.278160	-13.887000
0.278240	-13.887000
0.278320	-13.887000
0.278400	-13.887000
0.278480	-13.887000
0.278560	-8.460400
0.278640	-8.460400
0.278720	-8.460400
0.278800	-8.460400
0.278880	-8.460400
0.278960	-8.460400
0.279040	-3.033500
0.279120	-3.033500
0.279200	-3.033500
0.279280	-3.033500
0.279360	-3.033500
0.279440	-3.033500
0.279520	-3.033500
0.279600	2.393400
0.279680	2.393400
0.279760	2.393400
0.279840	2.393400
0.279920	2.393400
0.280000	2.393400
0.280080	2.393400
0.280160	-3.033500
0.280240	-3.033500
0.280320	2.393400
0.280400	2.393400
0.280480	-3.033500
0.280560	-3.033500
0.280640	-3.033500
0.280720	-3.033500
0.280800	-3.033500
0.280880	-3.033500
0.280960	-3.033500
0.281040	-3.033500
0.281120	-3.033500
0.281200	-3.033500
0.281280	-3.033500
0.281360	-3.033500
0.281440	-3.033500
0.281520	-3.033500
0.281600	-3.033500
0.281680	-8.460400
0.281760	-3.033500
0.281840	-3.033500
0.281920	-3.033500
0.282000	-3.033500
0.282080	-3.033500
0.282160	-3.033500
0.282240	-3.033500
0.282320	-3.033500
0.282400	-3.033500
0.282480	-3.033500
0.282560	-3.033500
0.282640	-3.033500
0.282720	-3.033500
0.282800	-3.033500
0.282880	-3.033500
0.282960	-3.033500
0.283040	-3.033500
0.283120	-3.033500
0.283200	-3.033500
0.283280	-3.033500
0.283360	-3.033500
0.283440	-3.033500
0.283520	-3.033500
0.283600	-3.033500
0.283680	-3.033500
0.283760	-3.033500
0.283840	-3.033500
0.283920	-8.460400
0.284000	-3.033500
0.284080	-3.033500
0.284160	-3.033500
0.284240	-3.033500
0.284320	-8.460400
0.284400	-3.033500
0.284480	-8.460400
0.284560	-3.033500
0.284640	-3.033500
0.284720	-3.033500
0.284800	-3.033500
0.284880	-3.033500
0.284960	-3.033500
0.285040	-3.033500
0.285120	-8.460400
0.285200	-8.460400
0.285280	-8.460400
0.285360	-8.460400
0.285440	-8.460400
0.285520	-8.460400
0.285600	-3.033500
0.285680	-3.033500
0.285760	-3.033500
0.285840	-3.033500
0.285920	-3.033500
0.286000	-3.033500
0.286080	-3.033500
0.286160	-3.033500
0.286240	2.393400
0.286320	2.393400
0.286400	2.393400
0.286480	2.393400
0.286560	7.820400
0.286640	7.820400
0.286720	7.820400
0.286800	7.820400
0.286880	7.820400
0.286960	2.393400
0.287040	2.393400
0.287120	2.393400
0.287200	2.393400
0.287280	2.393400
0.287360	-3.033500
0.287440	-3.033500
0.287520	2.393400
0.287600	2.393400
0.287680	2.393400
0.287760	2.393400
0.287840	2.393400
0.287920	2.393400
0.288000	2.393400
0.288080	2.393400
0.288160	2.393400
0.288240	2.393400
0.288320	2.393400
0.288400	2.393400
0.288480	2.393400
0.288560	2.393400
0.288640	2.393400
0.288720	2.393400
0.288800	-3.033500
0.288880	-3.033500
0.288960	2.393400
0.289040	2.393400
0.289120	2.393400
0.289200	2.393400
0.289280	2.393400
0.289360	-3.033500
0.289440	2.393400
0.289520	2.393400
0.289600	2.393400
0.289680	2.393400
0.289760	2.393400
0.289840	2.393400
0.289920	-3.033500
0.290000	-3.033500
0.290080	-3.033500
0.290160	-3.033500
0.290240	-3.033500
0.290320	-3.033500
0.290400	-8.460400
0.290480	-3.033500
0.290560	-8.460400
0.290640	-8.460400
0.290720	-8.460400
0.290800	-3.033500
0.290880	-8.460400
0.290960	-8.460400
0.291040	-8.460400
0.291120	-8.460400
0.291200	-8.460400
0.291280	-8.460400
0.291360	-8.460400
0.291440	-8.460400
0.291520	-8.460400
0.291600	-8.460400
0.291680	-8.460400
0.291760	-13.887000
0.291840	-13.887000
0.291920	-8.460400
0.292000	-13.887000
0.292080	-13.887000
0.292160	-13.887000
0.292240	-13.887000
0.292320	-13.887000
0.292400	-13.887000
0.292480	-13.887000
0.292560	-13.887000
0.292640	-13.887000
0.292720	-13.887000
0.292800	-13.887000
0.292880	-13.887000
0.292960	-13.887000
0.293040	-13.887000
0.293120	-19.313999
0.293200	-19.313999
0.293280	-19.313999
0.293360	-19.313999
0.293440	-19.313999
0.293520	-19.313999
0.293600	-19.313999
0.293680	-19.313999
0.293760	-19.313999
0.293840	-19.313999
0.293920	-19.313999
0.294000	-24.740999
0.294080	-19.313999
0.294160	-19.313999
0.294240	-24.740999
0.294320	-19.313999
0.294400	-24.740999
0.294480	-19.313999
0.294560	-24.740999
0.294640	-24.740999
0.294720	-19.313999
0.294800	-19.313999
0.294880	-19.313999
0.294960	-24.740999
0.295040	-19.313999
0.295120	-19.313999
0.295200	-19.313999
0.295280	-19.313999
0.295360	-24.740999
0.295440	-24.740999
0.295520	-24.740999
0.295600	-19.313999
0.295680	-24.740999
0.295760	-24.740999
0.295840	-24.740999
0.295920	-19.313999
0.296000	-24.740999
0.296080	-24.740999
0.296160	-24.740999
0.296240	-24.740999
0.296320	-24.740999
0.296400	-24.740999
0.296480	-24.740999
0.296560	-24.740999
0.296640	-24.740999
0.296720	-24.740999
0.296800	-24.740999
0.296880	-24.740999
0.296960	-24.740999
0.297040	-30.167999
0.297120	-24.740999
0.297200	-24.740999
0.297280	-24.740999
0.297360	-24.740999
0.297440	-19.313999
0.297520	-19.313999
0.297600	-24.740999
0.297680	-24.740999
0.297760	-24.740999
0.297840	-24.740999
0.297920	-24.740999
0.298000	-24.740999
0.298080	-24.740999
0.298160	-24.740999
0.298240	-24.740999
0.298320	-24.740999
0.298400	-24.740999
0.298480	-24.740999
0.298560	-30.167999
0.298640	-24.740999
0.298720	-24.740999
0.298800	-30.167999
0.298880	-30.167999
0.298960	-30.167999
0.299040	-30.167999
0.299120	-30.167999
0.299200	-30.167999
0.299280	-30.167999
0.299360	-30.167999
0.299440	-30.167999
0.299520	-30.167999
0.299600	-30.167999
0.299680	-35.595001
0.299760	-30.167999
0.299840	-35.595001
0.299920	-30.167999
0.300000	-35.595001
0.300080	-35.595001
0.300160	-35.595001
0.300240	-35.595001
0.300320	-35.595001
0.300400	-35.595001
0.300480	-35.595001
0.300560	-41.021999
0.300640	-41.021999
0.300720	-41.021999
0.300800	-41.021999
0.300880	-41.021999
0.300960	-41.021999
0.301040	-41.021999
0.301120	-41.021999
0.301200	-41.021999
0.301280	-41.021999
0.301360	-41.021999
0.301440	-35.595001
0.301520	-35.595001
0.301600	-41.021999
0.301680	-41.021999
0.301760	-41.021999
0.301840	-41.021999
0.301920	-41.021999
0.302000	-41.021999
0.302080	-41.021999
0.302160	-41.021999
0.302240	-41.021999
0.302320	-41.021999
0.302400	-41.021999
0.302480	-41.021999
0.302560	-41.021999
0.302640	-41.021999
0.302720	-41.021999
0.302800	-41.021999
0.302880	-41.021999
0.302960	-41.021999
0.303040	-41.021999
0.303120	-41.021999
0.303200	-41.021999
0.303280	-41.021999
0.303360	-41.021999
0.303440	-41.021999
0.303520	-41.021999
0.303600	-41.021999
0.303680	-41.021999
0.303760	-41.021999
0.303840	-41.021999
0.303920	-41.021999
0.304000	-35.595001
0.304080	-41.021999
0.304160	-41.021999
0.304240	-41.021999
0.304320	-41.021999
0.304400	-41.021999
0.304480	-35.595001
0.304560	-35.595001
0.304640	-41.021999
0.304720	-35.595001
0.304800	-41.021999
0.304880	-41.021999
0.304960	-35.595001
0.305040	-41.021999
0.305120	-35.595001
0.305200	-41.021999
0.305280	-41.021999
0.305360	-41.021999
0.305440	-41.021999
0.305520	-41.021999
0.305600	-41.021999
0.305680	-41.021999
0.305760	-41.021999
0.305840	-41.021999
0.305920	-41.021999
0.306000	-41.021999
0.306080	-41.021999
0.306160	-41.021999
0.306240	-41.021999
0.306320	-46.449001
0.306400	-41.021999
0.306480	-46.449001
0.306560	-41.021999
0.306640	-41.021999
0.306720	-41.021999
0.306800	-41.021999
0.306880	-46.449001
0.306960	-46.449001
0.307040	-46.449001
0.307120	-46.449001
0.307200	-46.449001
0.307280	-46.449001
0.307360	-46.449001
0.307440	-46.449001
0.307520	-46.449001
0.307600	-46.449001
0.307680	-46.449001
0.307760	-46.449001
0.307840	-41.021999
0.307920	-46.449001
0.308000	-46.449001
0.308080	-46.449001
0.308160	-41.021999
0.308240	-46.449001
0.308320	-46.449001
0.308400	-46.449001
0.308480	-46.449001
0.308560	-41.021999
0.308640	-41.021999
0.308720	-41.021999
0.308800	-41.021999
0.308880	-46.449001
0.308960	-41.021999
0.309040	-41.021999
0.309120	-41.021999
0.309200	-41.021999
0.309280	-41.021999
0.309360	-41.021999
0.309440	-41.021999
0.309520	-41.021999
0.309600	-41.021999
0.309680	-41.021999
0.309760	-41.021999
0.309840	-41.021999
0.309920	-41.021999
