-0.020080	-0.027164
-0.020000	-0.027164
-0.019920	-0.019560
-0.019840	-0.027164
-0.019760	-0.027164
-0.019680	-0.027164
-0.019600	-0.019560
-0.019520	-0.019560
-0.019440	-0.019560
-0.019360	-0.019560
-0.019280	-0.019560
-0.019200	-0.019560
-0.019120	-0.019560
-0.019040	-0.019560
-0.018960	-0.011956
-0.018880	-0.011956
-0.018800	-0.019560
-0.018720	-0.011956
-0.018640	-0.019560
-0.018560	-0.019560
-0.018480	-0.019560
-0.018400	-0.011956
-0.018320	-0.019560
-0.018240	-0.004353
-0.018160	0.003251
-0.018080	-0.004353
-0.018000	0.003251
-0.017920	-0.011956
-0.017840	0.003251
-0.017760	-0.011956
-0.017680	0.018458
-0.017600	0.010855
-0.017520	0.010855
-0.017440	0.003251
-0.017360	0.003251
-0.017280	0.003251
-0.017200	0.010855
-0.017120	0.010855
-0.017040	0.018458
-0.016960	0.018458
-0.016880	0.018458
-0.016800	0.010855
-0.016720	0.018458
-0.016640	0.003251
-0.016560	0.003251
-0.016480	0.010855
-0.016400	0.018458
-0.016320	0.018458
-0.016240	0.018458
-0.016160	0.026062
-0.016080	0.010855
-0.016000	0.026062
-0.015920	0.010855
-0.015840	0.003251
-0.015760	0.026062
-0.015680	0.003251
-0.015600	0.010855
-0.015520	0.010855
-0.015440	0.018458
-0.015360	0.003251
-0.015280	0.026062
-0.015200	0.026062
-0.015120	0.026062
-0.015040	0.018458
-0.014960	0.018458
-0.014880	0.010855
-0.014800	0.018458
-0.014720	0.026062
-0.014640	0.010855
-0.014560	0.026062
-0.014480	0.018458
-0.014400	0.018458
-0.014320	0.018458
-0.014240	0.018458
-0.014160	0.018458
-0.014080	0.026062
-0.014000	0.003251
-0.013920	0.003251
-0.013840	0.003251
-0.013760	0.003251
-0.013680	0.010855
-0.013600	0.010855
-0.013520	0.003251
-0.013440	0.003251
-0.013360	0.010855
-0.013280	0.018458
-0.013200	-0.004353
-0.013120	0.010855
-0.013040	0.010855
-0.012960	0.010855
-0.012880	0.010855
-0.012800	0.026062
-0.012720	0.041269
-0.012640	0.018458
-0.012560	-0.004353
-0.012480	-0.019560
-0.012400	-0.004353
-0.012320	0.018458
-0.012240	0.026062
-0.012160	0.010855
-0.012080	0.026062
-0.012000	0.018458
-0.011920	0.026062
-0.011840	0.018458
-0.011760	0.026062
-0.011680	0.010855
-0.011600	0.010855
-0.011520	0.026062
-0.011440	0.018458
-0.011360	0.018458
-0.011280	0.026062
-0.011200	0.033666
-0.011120	0.026062
-0.011040	0.026062
-0.010960	0.033666
-0.010880	0.026062
-0.010800	0.026062
-0.010720	0.041269
-0.010640	0.026062
-0.010560	0.033666
-0.010480	0.033666
-0.010400	0.033666
-0.010320	0.033666
-0.010240	0.018458
-0.010160	0.026062
-0.010080	0.018458
-0.010000	0.018458
-0.009920	0.026062
-0.009840	0.026062
-0.009760	0.018458
-0.009680	0.026062
-0.009600	0.026062
-0.009520	0.026062
-0.009440	0.026062
-0.009360	0.026062
-0.009280	0.010855
-0.009200	0.010855
-0.009120	0.026062
-0.009040	0.026062
-0.008960	0.026062
-0.008880	0.018458
-0.008800	0.026062
-0.008720	0.026062
-0.008640	0.026062
-0.008560	0.026062
-0.008480	0.041269
-0.008400	0.033666
-0.008320	0.033666
-0.008240	0.026062
-0.008160	0.018458
-0.008080	0.033666
-0.008000	0.026062
-0.007920	0.018458
-0.007840	0.018458
-0.007760	0.018458
-0.007680	0.018458
-0.007600	0.018458
-0.007520	0.018458
-0.007440	0.026062
-0.007360	0.026062
-0.007280	0.026062
-0.007200	0.010855
-0.007120	0.033666
-0.007040	0.026062
-0.006960	0.026062
-0.006880	0.018458
-0.006800	0.018458
-0.006720	0.026062
-0.006640	0.018458
-0.006560	0.018458
-0.006480	0.026062
-0.006400	0.033666
-0.006320	0.026062
-0.006240	0.041269
-0.006160	0.033666
-0.006080	0.026062
-0.006000	0.026062
-0.005920	0.026062
-0.005840	0.033666
-0.005760	0.041269
-0.005680	0.041269
-0.005600	0.056477
-0.005520	0.041269
-0.005440	0.033666
-0.005360	0.041269
-0.005280	0.041269
-0.005200	0.041269
-0.005120	0.033666
-0.005040	0.048873
-0.004960	0.041269
-0.004880	0.033666
-0.004800	0.056477
-0.004720	0.041269
-0.004640	0.041269
-0.004560	0.041269
-0.004480	0.048873
-0.004400	0.056477
-0.004320	0.056477
-0.004240	0.048873
-0.004160	0.048873
-0.004080	0.033666
-0.004000	0.048873
-0.003920	0.041269
-0.003840	0.041269
-0.003760	0.048873
-0.003680	0.048873
-0.003600	0.064081
-0.003520	0.056477
-0.003440	0.056477
-0.003360	0.041269
-0.003280	0.048873
-0.003200	0.041269
-0.003120	0.048873
-0.003040	0.048873
-0.002960	0.041269
-0.002880	0.041269
-0.002800	0.048873
-0.002720	0.056477
-0.002640	0.048873
-0.002560	0.056477
-0.002480	0.041269
-0.002400	0.064081
-0.002320	0.056477
-0.002240	0.071684
-0.002160	0.064081
-0.002080	0.056477
-0.002000	0.056477
-0.001920	0.056477
-0.001840	0.048873
-0.001760	0.056477
-0.001680	0.064081
-0.001600	0.064081
-0.001520	0.048873
-0.001440	0.056477
-0.001360	0.064081
-0.001280	0.041269
-0.001200	0.048873
-0.001120	0.048873
-0.001040	0.041269
-0.000960	0.033666
-0.000880	0.048873
-0.000800	0.048873
-0.000720	0.056477
-0.000640	0.048873
-0.000560	0.041269
-0.000480	0.048873
-0.000400	0.041269
-0.000320	0.041269
-0.000240	0.048873
-0.000160	0.026062
-0.000080	0.041269
0.000000	0.041269
0.000080	0.056477
0.000160	0.048873
0.000240	0.056477
0.000320	0.048873
0.000400	0.041269
0.000480	0.048873
0.000560	0.056477
0.000640	0.056477
0.000720	0.041269
0.000800	0.041269
0.000880	0.048873
0.000960	0.041269
0.001040	0.033666
0.001120	0.048873
0.001200	0.041269
0.001280	0.041269
0.001360	0.041269
0.001440	0.033666
0.001520	0.041269
0.001600	0.041269
0.001680	0.041269
0.001760	0.064081
0.001840	0.048873
0.001920	0.048873
0.002000	0.056477
0.002080	0.056477
0.002160	0.048873
0.002240	0.048873
0.002320	0.056477
0.002400	0.048873
0.002480	0.056477
0.002560	0.056477
0.002640	0.048873
0.002720	0.056477
0.002800	0.056477
0.002880	0.041269
0.002960	0.033666
0.003040	0.041269
0.003120	0.056477
0.003200	0.048873
0.003280	0.056477
0.003360	0.048873
0.003440	0.086892
0.003520	0.079288
0.003600	0.064081
0.003680	0.071684
0.003760	0.064081
0.003840	0.026062
0.003920	0.033666
0.004000	0.102100
0.004080	0.086892
0.004160	0.109700
0.004240	0.071684
0.004320	0.071684
0.004400	0.079288
0.004480	0.079288
0.004560	0.094495
0.004640	0.094495
0.004720	0.109700
0.004800	0.086892
0.004880	0.102100
0.004960	0.094495
0.005040	0.086892
0.005120	0.094495
0.005200	0.086892
0.005280	0.086892
0.005360	0.086892
0.005440	0.086892
0.005520	0.094495
0.005600	0.079288
0.005680	0.086892
0.005760	0.102100
0.005840	0.094495
0.005920	0.079288
0.006000	0.094495
0.006080	0.094495
0.006160	0.102100
0.006240	0.102100
0.006320	0.086892
0.006400	0.102100
0.006480	0.086892
0.006560	0.094495
0.006640	0.086892
0.006720	0.094495
0.006800	0.102100
0.006880	0.102100
0.006960	0.102100
0.007040	0.102100
0.007120	0.102100
0.007200	0.102100
0.007280	0.109700
0.007360	0.109700
0.007440	0.117310
0.007520	0.109700
0.007600	0.109700
0.007680	0.117310
0.007760	0.109700
0.007840	0.124910
0.007920	0.117310
0.008000	0.140120
0.008080	0.140120
0.008160	0.140120
0.008240	0.140120
0.008320	0.140120
0.008400	0.140120
0.008480	0.147720
0.008560	0.147720
0.008640	0.155320
0.008720	0.170530
0.008800	0.162930
0.008880	0.162930
0.008960	0.162930
0.009040	0.147720
0.009120	0.155320
0.009200	0.162930
0.009280	0.155320
0.009360	0.155320
0.009440	0.162930
0.009520	0.170530
0.009600	0.170530
0.009680	0.200950
0.009760	0.200950
0.009840	0.200950
0.009920	0.200950
0.010000	0.193340
0.010080	0.200950
0.010160	0.193340
0.010240	0.200950
0.010320	0.200950
0.010400	0.185740
0.010480	0.200950
0.010560	0.200950
0.010640	0.200950
0.010720	0.208550
0.010800	0.208550
0.010880	0.216150
0.010960	0.216150
0.011040	0.238970
0.011120	0.231360
0.011200	0.238970
0.011280	0.231360
0.011360	0.231360
0.011440	0.231360
0.011520	0.231360
0.011600	0.238970
0.011680	0.231360
0.011760	0.254170
0.011840	0.254170
0.011920	0.254170
0.012000	0.261780
0.012080	0.261780
0.012160	0.254170
0.012240	0.254170
0.012320	0.254170
0.012400	0.261780
0.012480	0.276980
0.012560	0.276980
0.012640	0.269380
0.012720	0.284590
0.012800	0.292190
0.012880	0.284590
0.012960	0.292190
0.013040	0.292190
0.013120	0.299800
0.013200	0.299800
0.013280	0.292190
0.013360	0.299800
0.013440	0.299800
0.013520	0.299800
0.013600	0.315000
0.013680	0.322610
0.013760	0.315000
0.013840	0.330210
0.013920	0.330210
0.014000	0.315000
0.014080	0.330210
0.014160	0.345420
0.014240	0.337810
0.014320	0.345420
0.014400	0.353020
0.014480	0.368230
0.014560	0.368230
0.014640	0.368230
0.014720	0.360620
0.014800	0.360620
0.014880	0.383440
0.014960	0.391040
0.015040	0.391040
0.015120	0.398640
0.015200	0.406250
0.015280	0.391040
0.015360	0.406250
0.015440	0.406250
0.015520	0.406250
0.015600	0.413850
0.015680	0.421450
0.015760	0.421450
0.015840	0.421450
0.015920	0.413850
0.016000	0.406250
0.016080	0.406250
0.016160	0.421450
0.016240	0.421450
0.016320	0.421450
0.016400	0.421450
0.016480	0.444270
0.016560	0.413850
0.016640	0.436660
0.016720	0.436660
0.016800	0.436660
0.016880	0.429060
0.016960	0.451870
0.017040	0.444270
0.017120	0.451870
0.017200	0.459470
0.017280	0.459470
0.017360	0.459470
0.017440	0.467080
0.017520	0.474680
0.017600	0.459470
0.017680	0.482280
0.017760	0.467080
0.017840	0.474680
0.017920	0.497490
0.018000	0.505100
0.018080	0.505100
0.018160	0.497490
0.018240	0.512700
0.018320	0.505100
0.018400	0.520300
0.018480	0.535510
0.018560	0.527910
0.018640	0.527910
0.018720	0.512700
0.018800	0.527910
0.018880	0.535510
0.018960	0.543110
0.019040	0.550720
0.019120	0.550720
0.019200	0.535510
0.019280	0.543110
0.019360	0.558320
0.019440	0.581130
0.019520	0.588740
0.019600	0.588740
0.019680	0.588740
0.019760	0.588740
0.019840	0.588740
0.019920	0.611550
0.020000	0.603940
0.020080	0.619150
0.020160	0.634360
0.020240	0.619150
0.020320	0.626750
0.020400	0.626750
0.020480	0.626750
0.020560	0.626750
0.020640	0.641960
0.020720	0.603940
0.020800	0.626750
0.020880	0.626750
0.020960	0.641960
0.021040	0.649560
0.021120	0.649560
0.021200	0.649560
0.021280	0.649560
0.021360	0.641960
0.021440	0.664770
0.021520	0.679980
0.021600	0.679980
0.021680	0.672380
0.021760	0.679980
0.021840	0.679980
0.021920	0.679980
0.022000	0.702790
0.022080	0.710390
0.022160	0.710390
0.022240	0.718000
0.022320	0.718000
0.022400	0.710390
0.022480	0.718000
0.022560	0.740810
0.022640	0.740810
0.022720	0.748410
0.022800	0.748410
0.022880	0.748410
0.022960	0.740810
0.023040	0.748410
0.023120	0.763620
0.023200	0.763620
0.023280	0.771220
0.023360	0.771220
0.023440	0.771220
0.023520	0.778830
0.023600	0.771220
0.023680	0.786430
0.023760	0.801640
0.023840	0.771220
0.023920	0.786430
0.024000	0.778830
0.024080	0.794040
0.024160	0.801640
0.024240	0.809240
0.024320	0.824450
0.024400	0.832050
0.024480	0.832050
0.024560	0.847260
0.024640	0.854870
0.024720	0.870070
0.024800	0.862470
0.024880	0.870070
0.024960	0.862470
0.025040	0.862470
0.025120	0.870070
0.025200	0.870070
0.025280	0.862470
0.025360	0.862470
0.025440	0.832050
0.025520	0.832050
0.025600	0.839660
0.025680	0.862470
0.025760	0.885280
0.025840	0.877680
0.025920	0.892880
0.026000	0.900490
0.026080	0.892880
0.026160	0.900490
0.026240	0.915700
0.026320	0.930900
0.026400	0.923300
0.026480	0.923300
0.026560	0.923300
0.026640	0.923300
0.026720	0.908090
0.026800	0.923300
0.026880	0.908090
0.026960	0.900490
0.027040	0.908090
0.027120	0.900490
0.027200	0.923300
0.027280	0.923300
0.027360	0.938510
0.027440	0.946110
0.027520	0.953710
0.027600	0.968920
0.027680	0.984130
0.027760	0.968920
0.027840	0.976530
0.027920	0.984130
0.028000	0.984130
0.028080	0.991730
0.028160	0.984130
0.028240	0.991730
0.028320	1.006900
0.028400	1.006900
0.028480	1.014500
0.028560	1.014500
0.028640	1.014500
0.028720	1.022200
0.028800	1.022200
0.028880	1.045000
0.028960	1.029700
0.029040	1.014500
0.029120	0.984130
0.029200	0.968920
0.029280	0.961320
0.029360	0.991730
0.029440	1.006900
0.029520	1.052600
0.029600	1.083000
0.029680	1.121000
0.029760	1.136200
0.029840	1.159000
0.029920	1.159000
0.030000	1.151400
0.030080	1.128600
0.030160	1.121000
0.030240	1.105800
0.030320	1.105800
0.030400	1.121000
0.030480	1.105800
0.030560	1.121000
0.030640	1.151400
0.030720	1.151400
0.030800	1.143800
0.030880	1.136200
0.030960	1.143800
0.031040	1.143800
0.031120	1.151400
0.031200	1.166600
0.031280	1.166600
0.031360	1.166600
0.031440	1.166600
0.031520	1.143800
0.031600	1.113400
0.031680	1.098200
0.031760	1.090600
0.031840	1.113400
0.031920	1.098200
0.032000	1.083000
0.032080	1.075400
0.032160	1.045000
0.032240	1.067800
0.032320	1.098200
0.032400	1.159000
0.032480	1.174200
0.032560	1.227500
0.032640	1.235000
0.032720	1.227500
0.032800	1.219800
0.032880	1.227500
0.032960	1.235000
0.033040	1.250300
0.033120	1.273100
0.033200	1.295900
0.033280	1.326300
0.033360	1.333900
0.033440	1.364300
0.033520	1.379500
0.033600	1.387100
0.033680	1.387100
0.033760	1.402300
0.033840	1.394700
0.033920	1.394700
0.034000	1.394700
0.034080	1.402300
0.034160	1.387100
0.034240	1.402300
0.034320	1.409900
0.034400	1.394700
0.034480	1.394700
0.034560	1.379500
0.034640	1.364300
0.034720	1.356700
0.034800	1.364300
0.034880	1.341500
0.034960	1.311100
0.035040	1.280700
0.035120	1.273100
0.035200	1.265500
0.035280	1.265500
0.035360	1.257900
0.035440	1.250300
0.035520	1.235000
0.035600	1.250300
0.035680	1.257900
0.035760	1.280700
0.035840	1.288300
0.035920	1.295900
0.036000	1.288300
0.036080	1.273100
0.036160	1.273100
0.036240	1.265500
0.036320	1.265500
0.036400	1.273100
0.036480	1.303500
0.036560	1.318700
0.036640	1.349100
0.036720	1.387100
0.036800	1.379500
0.036880	1.371900
0.036960	1.364300
0.037040	1.326300
0.037120	1.318700
0.037200	1.341500
0.037280	1.394700
0.037360	1.371900
0.037440	1.387100
0.037520	1.417500
0.037600	1.425100
0.037680	1.417500
0.037760	1.402300
0.037840	1.394700
0.037920	1.409900
0.038000	1.387100
0.038080	1.387100
0.038160	1.379500
0.038240	1.402300
0.038320	1.394700
0.038400	1.409900
0.038480	1.425100
0.038560	1.432700
0.038640	1.440400
0.038720	1.463200
0.038800	1.455600
0.038880	1.448000
0.038960	1.394700
0.039040	1.364300
0.039120	1.318700
0.039200	1.311100
0.039280	1.326300
0.039360	1.356700
0.039440	1.409900
0.039520	1.448000
0.039600	1.478400
0.039680	1.463200
0.039760	1.463200
0.039840	1.448000
0.039920	1.440400
0.040000	1.440400
0.040080	1.448000
0.040160	1.425100
0.040240	1.448000
0.040320	1.440400
0.040400	1.440400
0.040480	1.455600
0.040560	1.470800
0.040640	1.486000
0.040720	1.493600
0.040800	1.524000
0.040880	1.531600
0.040960	1.554400
0.041040	1.562000
0.041120	1.577200
0.041200	1.584800
0.041280	1.584800
0.041360	1.592400
0.041440	1.584800
0.041520	1.569600
0.041600	1.584800
0.041680	1.584800
0.041760	1.569600
0.041840	1.546800
0.041920	1.516400
0.042000	1.486000
0.042080	1.501200
0.042160	1.508800
0.042240	1.546800
0.042320	1.562000
0.042400	1.539200
0.042480	1.516400
0.042560	1.524000
0.042640	1.531600
0.042720	1.524000
0.042800	1.531600
0.042880	1.524000
0.042960	1.524000
0.043040	1.524000
0.043120	1.516400
0.043200	1.524000
0.043280	1.539200
0.043360	1.546800
0.043440	1.569600
0.043520	1.569600
0.043600	1.584800
0.043680	1.607600
0.043760	1.622800
0.043840	1.622800
0.043920	1.638000
0.044000	1.638000
0.044080	1.630400
0.044160	1.630400
0.044240	1.615200
0.044320	1.592400
0.044400	1.592400
0.044480	1.592400
0.044560	1.607600
0.044640	1.622800
0.044720	1.638000
0.044800	1.668500
0.044880	1.676100
0.044960	1.691300
0.045040	1.676100
0.045120	1.676100
0.045200	1.660900
0.045280	1.638000
0.045360	1.615200
0.045440	1.600000
0.045520	1.600000
0.045600	1.600000
0.045680	1.638000
0.045760	1.729300
0.045840	1.949800
0.045920	2.147500
0.046000	2.185500
0.046080	2.003000
0.046160	1.721700
0.046240	1.501200
0.046320	1.463200
0.046400	1.615200
0.046480	1.820500
0.046560	1.942200
0.046640	1.942200
0.046720	1.828100
0.046800	1.706500
0.046880	1.653200
0.046960	1.653200
0.047040	1.691300
0.047120	1.736900
0.047200	1.797700
0.047280	1.889000
0.047360	1.980200
0.047440	2.003000
0.047520	1.942200
0.047600	1.896600
0.047680	1.851000
0.047760	1.866200
0.047840	1.911800
0.047920	1.942200
0.048000	1.949800
0.048080	1.904200
0.048160	1.881400
0.048240	1.873800
0.048320	1.873800
0.048400	1.896600
0.048480	1.927000
0.048560	1.934600
0.048640	1.934600
0.048720	1.949800
0.048800	1.972600
0.048880	2.010600
0.048960	2.003000
0.049040	1.995400
0.049120	1.957400
0.049200	1.896600
0.049280	1.873800
0.049360	1.881400
0.049440	1.889000
0.049520	1.927000
0.049600	1.972600
0.049680	2.003000
0.049760	2.041000
0.049840	2.056300
0.049920	2.071500
0.050000	2.109500
0.050080	2.124700
0.050160	2.147500
0.050240	2.155100
0.050320	2.139900
0.050400	2.132300
0.050480	2.132300
0.050560	2.132300
0.050640	2.139900
0.050720	2.132300
0.050800	2.101900
0.050880	2.079100
0.050960	2.086700
0.051040	2.079100
0.051120	2.086700
0.051200	2.109500
0.051280	2.094300
0.051360	2.117100
0.051440	2.117100
0.051520	2.162700
0.051600	2.223500
0.051680	2.292000
0.051760	2.337600
0.051840	2.360400
0.051920	2.368000
0.052000	2.368000
0.052080	2.360400
0.052160	2.398400
0.052240	2.406000
0.052320	2.383200
0.052400	2.360400
0.052480	2.337600
0.052560	2.345200
0.052640	2.345200
0.052720	2.368000
0.052800	2.375600
0.052880	2.368000
0.052960	2.375600
0.053040	2.383200
0.053120	2.383200
0.053200	2.390800
0.053280	2.406000
0.053360	2.444000
0.053440	2.466900
0.053520	2.451600
0.053600	2.421200
0.053680	2.390800
0.053760	2.375600
0.053840	2.375600
0.053920	2.398400
0.054000	2.421200
0.054080	2.398400
0.054160	2.368000
0.054240	2.307200
0.054320	2.292000
0.054400	2.292000
0.054480	2.330000
0.054560	2.352800
0.054640	2.398400
0.054720	2.444000
0.054800	2.451600
0.054880	2.459200
0.054960	2.451600
0.055040	2.444000
0.055120	2.428800
0.055200	2.444000
0.055280	2.504900
0.055360	2.596100
0.055440	2.634100
0.055520	2.695000
0.055600	2.725400
0.055680	2.801400
0.055760	2.869800
0.055840	2.900300
0.055920	2.907900
0.056000	2.945900
0.056080	2.983900
0.056160	3.014300
0.056240	3.037100
0.056320	3.029500
0.056400	3.029500
0.056480	3.014300
0.056560	3.029500
0.056640	3.075200
0.056720	3.098000
0.056800	3.113200
0.056880	3.143600
0.056960	3.181600
0.057040	3.219600
0.057120	3.250000
0.057200	3.265200
0.057280	3.280500
0.057360	3.272800
0.057440	3.280500
0.057520	3.280500
0.057600	3.303300
0.057680	3.295700
0.057760	3.265200
0.057840	3.234800
0.057920	3.189200
0.058000	3.166400
0.058080	3.196800
0.058160	3.227200
0.058240	3.272800
0.058320	3.310900
0.058400	3.326100
0.058480	3.341300
0.058560	3.386900
0.058640	3.455300
0.058720	3.501000
0.058800	3.470500
0.058880	3.379300
0.058960	3.295700
0.059040	3.265200
0.059120	3.310900
0.059200	3.402100
0.059280	3.508600
0.059360	3.531400
0.059440	3.554200
0.059520	3.546600
0.059600	3.577000
0.059680	3.607400
0.059760	3.645400
0.059840	3.675800
0.059920	3.698600
0.060000	3.706200
0.060080	3.736700
0.060160	3.812700
0.060240	3.903900
0.060320	4.010400
0.060400	4.056000
0.060480	4.086400
0.060560	4.071200
0.060640	4.071200
0.060720	4.124500
0.060800	4.170100
0.060880	4.215700
0.060960	4.253700
0.061040	4.268900
0.061120	4.253700
0.061200	4.246100
0.061280	4.238500
0.061360	4.230900
0.061440	4.246100
0.061520	4.268900
0.061600	4.261300
0.061680	4.299300
0.061760	4.306900
0.061840	4.329800
0.061920	4.322200
0.062000	4.329800
0.062080	4.291700
0.062160	4.291700
0.062240	4.284100
0.062320	4.291700
0.062400	4.299300
0.062480	4.299300
0.062560	4.291700
0.062640	4.284100
0.062720	4.268900
0.062800	4.238500
0.062880	4.238500
0.062960	4.268900
0.063040	4.299300
0.063120	4.352600
0.063200	4.360200
0.063280	4.345000
0.063360	4.337400
0.063440	4.306900
0.063520	4.291700
0.063600	4.299300
0.063680	4.345000
0.063760	4.383000
0.063840	4.413400
0.063920	4.421000
0.064000	4.405800
0.064080	4.421000
0.064160	4.443800
0.064240	4.459000
0.064320	4.504600
0.064400	4.542700
0.064480	4.573100
0.064560	4.595900
0.064640	4.618700
0.064720	4.641500
0.064800	4.649100
0.064880	4.687100
0.064960	4.732700
0.065040	4.770800
0.065120	4.786000
0.065200	4.801200
0.065280	4.793600
0.065360	4.801200
0.065440	4.831600
0.065520	4.869600
0.065600	4.900000
0.065680	4.907600
0.065760	4.907600
0.065840	4.938000
0.065920	5.006500
0.066000	5.074900
0.066080	5.151000
0.066160	5.196600
0.066240	5.196600
0.066320	5.196600
0.066400	5.181400
0.066480	5.173800
0.066560	5.166200
0.066640	5.166200
0.066720	5.166200
0.066800	5.158600
0.066880	5.173800
0.066960	5.173800
0.067040	5.166200
0.067120	5.166200
0.067200	5.158600
0.067280	5.143400
0.067360	5.143400
0.067440	5.151000
0.067520	5.143400
0.067600	5.151000
0.067680	5.143400
0.067760	5.112900
0.067840	5.120500
0.067920	5.143400
0.068000	5.181400
0.068080	5.242200
0.068160	5.287800
0.068240	5.325800
0.068320	5.341100
0.068400	5.348600
0.068480	5.325800
0.068560	5.348600
0.068640	5.409500
0.068720	5.500700
0.068800	5.561600
0.068880	5.599600
0.068960	5.584400
0.069040	5.553900
0.069120	5.523500
0.069200	5.485500
0.069280	5.470300
0.069360	5.485500
0.069440	5.508300
0.069520	5.546400
0.069600	5.553900
0.069680	5.531100
0.069760	5.508300
0.069840	5.493100
0.069920	5.477900
0.070000	5.439900
0.070080	5.424700
0.070160	5.432300
0.070240	5.432300
0.070320	5.455100
0.070400	5.439900
0.070480	5.439900
0.070560	5.432300
0.070640	5.439900
0.070720	5.439900
0.070800	5.424700
0.070880	5.417100
0.070960	5.409500
0.071040	5.401900
0.071120	5.401900
0.071200	5.371500
0.071280	5.363900
0.071360	5.363900
0.071440	5.371500
0.071520	5.424700
0.071600	5.455100
0.071680	5.477900
0.071760	5.462700
0.071840	5.470300
0.071920	5.455100
0.072000	5.447500
0.072080	5.401900
0.072160	5.386700
0.072240	5.371500
0.072320	5.341100
0.072400	5.371500
0.072480	5.417100
0.072560	5.485500
0.072640	5.493100
0.072720	5.508300
0.072800	5.493100
0.072880	5.477900
0.072960	5.485500
0.073040	5.477900
0.073120	5.455100
0.073200	5.409500
0.073280	5.386700
0.073360	5.401900
0.073440	5.432300
0.073520	5.508300
0.073600	5.553900
0.073680	5.569200
0.073760	5.584400
0.073840	5.607200
0.073920	5.637600
0.074000	5.706000
0.074080	5.744000
0.074160	5.804900
0.074240	5.835300
0.074320	5.858100
0.074400	5.880900
0.074480	5.873300
0.074560	5.850500
0.074640	5.820100
0.074720	5.744000
0.074800	5.675600
0.074880	5.645200
0.074960	5.645200
0.075040	5.713600
0.075120	5.804900
0.075200	5.827700
0.075280	5.774500
0.075360	5.675600
0.075440	5.637600
0.075520	5.668000
0.075600	5.751600
0.075680	5.804900
0.075760	5.835300
0.075840	5.804900
0.075920	5.782100
0.076000	5.789700
0.076080	5.789700
0.076160	5.827700
0.076240	5.835300
0.076320	5.865700
0.076400	5.926500
0.076480	5.987400
0.076560	6.010200
0.076640	5.926500
0.076720	5.759300
0.076800	5.652800
0.076880	5.690800
0.076960	5.858100
0.077040	6.017800
0.077120	6.093800
0.077200	6.055800
0.077280	6.010200
0.077360	6.010200
0.077440	6.086200
0.077520	6.185100
0.077600	6.238300
0.077680	6.200300
0.077760	6.162300
0.077840	6.169800
0.077920	6.268700
0.078000	6.359900
0.078080	6.398000
0.078160	6.352300
0.078240	6.306700
0.078320	6.276300
0.078400	6.306700
0.078480	6.359900
0.078560	6.382800
0.078640	6.337100
0.078720	6.283900
0.078800	6.238300
0.078880	6.223100
0.078960	6.230700
0.079040	6.230700
0.079120	6.215500
0.079200	6.192700
0.079280	6.200300
0.079360	6.192700
0.079440	6.162300
0.079520	6.124200
0.079600	6.086200
0.079680	6.040600
0.079760	6.010200
0.079840	5.972100
0.079920	5.949300
0.080000	5.934100
0.080080	5.941700
0.080160	5.934100
0.080240	5.934100
0.080320	5.926500
0.080400	5.911300
0.080480	5.896100
0.080560	5.827700
0.080640	5.766900
0.080720	5.690800
0.080800	5.668000
0.080880	5.706000
0.080960	5.797300
0.081040	5.888500
0.081120	5.964600
0.081200	6.002600
0.081280	6.063400
0.081360	6.124200
0.081440	6.162300
0.081520	6.162300
0.081600	6.147000
0.081680	6.139400
0.081760	6.147000
0.081840	6.177500
0.081920	6.185100
0.082000	6.154600
0.082080	6.131800
0.082160	6.101400
0.082240	6.101400
0.082320	6.131800
0.082400	6.154600
0.082480	6.185100
0.082560	6.200300
0.082640	6.185100
0.082720	6.154600
0.082800	6.116600
0.082880	6.109000
0.082960	6.131800
0.083040	6.124200
0.083120	6.116600
0.083200	6.109000
0.083280	6.116600
0.083360	6.078600
0.083440	6.093800
0.083520	6.071000
0.083600	6.048200
0.083680	6.071000
0.083760	6.131800
0.083840	6.200300
0.083920	6.245900
0.084000	6.230700
0.084080	6.192700
0.084160	6.124200
0.084240	6.078600
0.084320	6.063400
0.084400	6.055800
0.084480	6.048200
0.084560	6.040600
0.084640	6.048200
0.084720	6.048200
0.084800	6.055800
0.084880	6.048200
0.084960	6.040600
0.085040	6.048200
0.085120	6.048200
0.085200	6.063400
0.085280	6.078600
0.085360	6.078600
0.085440	6.063400
0.085520	6.025400
0.085600	6.017800
0.085680	5.964600
0.085760	5.918900
0.085840	5.918900
0.085920	5.926500
0.086000	5.926500
0.086080	5.926500
0.086160	5.911300
0.086240	5.858100
0.086320	5.820100
0.086400	5.789700
0.086480	5.759300
0.086560	5.728800
0.086640	5.713600
0.086720	5.706000
0.086800	5.690800
0.086880	5.683200
0.086960	5.690800
0.087040	5.645200
0.087120	5.607200
0.087200	5.599600
0.087280	5.569200
0.087360	5.531100
0.087440	5.531100
0.087520	5.508300
0.087600	5.515900
0.087680	5.500700
0.087760	5.500700
0.087840	5.500700
0.087920	5.470300
0.088000	5.470300
0.088080	5.439900
0.088160	5.409500
0.088240	5.371500
0.088320	5.379100
0.088400	5.371500
0.088480	5.394300
0.088560	5.417100
0.088640	5.417100
0.088720	5.424700
0.088800	5.409500
0.088880	5.401900
0.088960	5.417100
0.089040	5.401900
0.089120	5.386700
0.089200	5.363900
0.089280	5.325800
0.089360	5.325800
0.089440	5.303000
0.089520	5.310600
0.089600	5.295400
0.089680	5.272600
0.089760	5.234600
0.089840	5.204200
0.089920	5.173800
0.090000	5.143400
0.090080	5.120500
0.090160	5.059700
0.090240	4.991300
0.090320	4.922800
0.090400	4.862000
0.090480	4.816400
0.090560	4.755600
0.090640	4.702300
0.090720	4.656700
0.090800	4.664300
0.090880	4.702300
0.090960	4.732700
0.091040	4.778400
0.091120	4.831600
0.091200	4.892400
0.091280	4.938000
0.091360	4.983700
0.091440	4.968500
0.091520	4.892400
0.091600	4.801200
0.091680	4.740400
0.091760	4.709900
0.091840	4.717500
0.091920	4.709900
0.092000	4.694700
0.092080	4.671900
0.092160	4.618700
0.092240	4.588300
0.092320	4.573100
0.092400	4.595900
0.092480	4.641500
0.092560	4.671900
0.092640	4.664300
0.092720	4.595900
0.092800	4.512200
0.092880	4.405800
0.092960	4.337400
0.093040	4.306900
0.093120	4.299300
0.093200	4.268900
0.093280	4.253700
0.093360	4.215700
0.093440	4.177700
0.093520	4.132100
0.093600	4.116800
0.093680	4.094000
0.093760	4.063600
0.093840	4.040800
0.093920	4.033200
0.094000	4.040800
0.094080	4.025600
0.094160	4.002800
0.094240	3.942000
0.094320	3.926800
0.094400	3.896300
0.094480	3.865900
0.094560	3.812700
0.094640	3.751900
0.094720	3.668200
0.094800	3.599800
0.094880	3.546600
0.094960	3.554200
0.095040	3.569400
0.095120	3.577000
0.095200	3.569400
0.095280	3.523800
0.095360	3.485700
0.095440	3.440100
0.095520	3.417300
0.095600	3.386900
0.095680	3.364100
0.095760	3.356500
0.095840	3.326100
0.095920	3.272800
0.096000	3.227200
0.096080	3.181600
0.096160	3.158800
0.096240	3.166400
0.096320	3.143600
0.096400	3.105600
0.096480	3.044700
0.096560	2.991500
0.096640	2.945900
0.096720	2.900300
0.096800	2.839400
0.096880	2.786200
0.096960	2.755800
0.097040	2.763400
0.097120	2.771000
0.097200	2.793800
0.097280	2.801400
0.097360	2.763400
0.097440	2.717800
0.097520	2.695000
0.097600	2.672100
0.097680	2.626500
0.097760	2.580900
0.097840	2.512500
0.097920	2.451600
0.098000	2.390800
0.098080	2.368000
0.098160	2.337600
0.098240	2.337600
0.098320	2.322400
0.098400	2.299600
0.098480	2.276800
0.098560	2.246300
0.098640	2.223500
0.098720	2.193100
0.098800	2.177900
0.098880	2.139900
0.098960	2.101900
0.099040	2.071500
0.099120	2.025800
0.099200	1.995400
0.099280	1.972600
0.099360	1.942200
0.099440	1.911800
0.099520	1.881400
0.099600	1.851000
0.099680	1.805300
0.099760	1.759700
0.099840	1.729300
0.099920	1.698900
0.100000	1.676100
0.100080	1.645700
0.100160	1.607600
0.100240	1.592400
0.100320	1.554400
0.100400	1.531600
0.100480	1.516400
0.100560	1.493600
0.100640	1.463200
0.100720	1.448000
0.100800	1.417500
0.100880	1.371900
0.100960	1.333900
0.101040	1.311100
0.101120	1.273100
0.101200	1.257900
0.101280	1.250300
0.101360	1.227500
0.101440	1.235000
0.101520	1.235000
0.101600	1.219800
0.101680	1.159000
0.101760	1.136200
0.101840	1.136200
0.101920	1.098200
0.102000	1.083000
0.102080	1.067800
0.102160	1.029700
0.102240	1.022200
0.102320	1.006900
0.102400	0.976530
0.102480	0.976530
0.102560	0.968920
0.102640	0.953710
0.102720	0.968920
0.102800	0.968920
0.102880	0.961320
0.102960	0.938510
0.103040	0.938510
0.103120	0.923300
0.103200	0.900490
0.103280	0.900490
0.103360	0.877680
0.103440	0.870070
0.103520	0.832050
0.103600	0.801640
0.103680	0.771220
0.103760	0.740810
0.103840	0.748410
0.103920	0.740810
0.104000	0.740810
0.104080	0.756020
0.104160	0.748410
0.104240	0.725600
0.104320	0.687580
0.104400	0.649560
0.104480	0.619150
0.104560	0.588740
0.104640	0.596340
0.104720	0.573530
0.104800	0.550720
0.104880	0.543110
0.104960	0.527910
0.105040	0.535510
0.105120	0.550720
0.105200	0.543110
0.105280	0.550720
0.105360	0.535510
0.105440	0.527910
0.105520	0.489890
0.105600	0.474680
0.105680	0.451870
0.105760	0.436660
0.105840	0.429060
0.105920	0.421450
0.106000	0.421450
0.106080	0.413850
0.106160	0.406250
0.106240	0.391040
0.106320	0.375830
0.106400	0.345420
0.106480	0.337810
0.106560	0.315000
0.106640	0.299800
0.106720	0.299800
0.106800	0.276980
0.106880	0.238970
0.106960	0.231360
0.107040	0.200950
0.107120	0.178140
0.107200	0.147720
0.107280	0.132510
0.107360	0.124910
0.107440	0.132510
0.107520	0.147720
0.107600	0.132510
0.107680	0.102100
0.107760	0.094495
0.107840	0.079288
0.107920	0.079288
0.108000	0.056477
0.108080	0.071684
0.108160	0.041269
0.108240	0.048873
0.108320	0.033666
0.108400	0.026062
0.108480	0.003251
0.108560	0.003251
0.108640	-0.019560
0.108720	-0.027164
0.108800	-0.049975
0.108880	-0.065182
0.108960	-0.065182
0.109040	-0.087993
0.109120	-0.103200
0.109200	-0.141220
0.109280	-0.156430
0.109360	-0.171630
0.109440	-0.156430
0.109520	-0.179240
0.109600	-0.186840
0.109680	-0.194440
0.109760	-0.217260
0.109840	-0.224860
0.109920	-0.240070
0.110000	-0.255280
0.110080	-0.270480
0.110160	-0.293290
0.110240	-0.308500
0.110320	-0.316100
0.110400	-0.316100
0.110480	-0.308500
0.110560	-0.293290
0.110640	-0.285690
0.110720	-0.293290
0.110800	-0.285690
0.110880	-0.308500
0.110960	-0.300900
0.111040	-0.293290
0.111120	-0.331310
0.111200	-0.338920
0.111280	-0.354120
0.111360	-0.346520
0.111440	-0.346520
0.111520	-0.361730
0.111600	-0.384540
0.111680	-0.392140
0.111760	-0.354120
0.111840	-0.270480
0.111920	-0.186840
0.112000	-0.202050
0.112080	-0.308500
0.112160	-0.430160
0.112240	-0.521400
0.112320	-0.559420
0.112400	-0.574630
0.112480	-0.589840
0.112560	-0.620250
0.112640	-0.635460
0.112720	-0.627860
0.112800	-0.582230
0.112880	-0.536610
0.112960	-0.498590
0.113040	-0.521400
0.113120	-0.574630
0.113200	-0.643060
0.113280	-0.703890
0.113360	-0.711500
0.113440	-0.696290
0.113520	-0.681080
0.113600	-0.696290
0.113680	-0.711500
0.113760	-0.719100
0.113840	-0.711500
0.113920	-0.734310
0.114000	-0.764720
0.114080	-0.810340
0.114160	-0.855970
0.114240	-0.909190
0.114320	-0.977630
0.114400	-1.046100
0.114480	-1.114500
0.114560	-1.190500
0.114640	-1.198100
0.114720	-1.205700
0.114800	-1.190500
0.114880	-1.167700
0.114960	-1.137300
0.115040	-1.076500
0.115120	-1.053700
0.115200	-1.015700
0.115280	-1.000400
0.115360	-1.015700
0.115440	-1.046100
0.115520	-1.084100
0.115600	-1.129700
0.115680	-1.190500
0.115760	-1.228500
0.115840	-1.228500
0.115920	-1.221000
0.116000	-1.236200
0.116080	-1.251400
0.116160	-1.243800
0.116240	-1.243800
0.116320	-1.228500
0.116400	-1.198100
0.116480	-1.182900
0.116560	-1.160100
0.116640	-1.137300
0.116720	-1.122100
0.116800	-1.114500
0.116880	-1.114500
0.116960	-1.114500
0.117040	-1.122100
0.117120	-1.160100
0.117200	-1.190500
0.117280	-1.243800
0.117360	-1.289400
0.117440	-1.304600
0.117520	-1.327400
0.117600	-1.342600
0.117680	-1.350200
0.117760	-1.357800
0.117840	-1.365400
0.117920	-1.380600
0.118000	-1.388200
0.118080	-1.403400
0.118160	-1.426200
0.118240	-1.464300
0.118320	-1.494700
0.118400	-1.540300
0.118480	-1.540300
0.118560	-1.563100
0.118640	-1.585900
0.118720	-1.601100
0.118800	-1.639200
0.118880	-1.654400
0.118960	-1.677200
0.119040	-1.669600
0.119120	-1.684800
0.119200	-1.684800
0.119280	-1.684800
0.119360	-1.669600
0.119440	-1.654400
0.119520	-1.616300
0.119600	-1.601100
0.119680	-1.616300
0.119760	-1.593500
0.119840	-1.616300
0.119920	-1.616300
0.120000	-1.631500
0.120080	-1.631500
0.120160	-1.631500
0.120240	-1.616300
0.120320	-1.601100
0.120400	-1.593500
0.120480	-1.555500
0.120560	-1.525100
0.120640	-1.487100
0.120720	-1.464300
0.120800	-1.433900
0.120880	-1.395800
0.120960	-1.373000
0.121040	-1.373000
0.121120	-1.357800
0.121200	-1.335000
0.121280	-1.327400
0.121360	-1.327400
0.121440	-1.319800
0.121520	-1.327400
0.121600	-1.327400
0.121680	-1.319800
0.121760	-1.289400
0.121840	-1.251400
0.121920	-1.236200
0.122000	-1.190500
0.122080	-1.175300
0.122160	-1.144900
0.122240	-1.129700
0.122320	-1.114500
0.122400	-1.099300
0.122480	-1.084100
0.122560	-1.061300
0.122640	-1.038500
0.122720	-1.015700
0.122800	-0.985230
0.122880	-0.985230
0.122960	-1.008000
0.123040	-1.015700
0.123120	-1.046100
0.123200	-1.084100
0.123280	-1.129700
0.123360	-1.198100
0.123440	-1.259000
0.123520	-1.297000
0.123600	-1.365400
0.123680	-1.380600
0.123760	-1.449100
0.123840	-1.532700
0.123920	-1.601100
0.124000	-1.692400
0.124080	-1.760800
0.124160	-1.776000
0.124240	-1.776000
0.124320	-1.783600
0.124400	-1.768400
0.124480	-1.760800
0.124560	-1.745600
0.124640	-1.753200
0.124720	-1.760800
0.124800	-1.806400
0.124880	-1.821600
0.124960	-1.852000
0.125040	-1.814000
0.125120	-1.753200
0.125200	-1.654400
0.125280	-1.532700
0.125360	-1.464300
0.125440	-1.395800
0.125520	-1.395800
0.125600	-1.403400
0.125680	-1.403400
0.125760	-1.380600
0.125840	-1.327400
0.125920	-1.319800
0.126000	-1.319800
0.126080	-1.327400
0.126160	-1.297000
0.126240	-1.274200
0.126320	-1.274200
0.126400	-1.289400
0.126480	-1.342600
0.126560	-1.395800
0.126640	-1.441400
0.126720	-1.479500
0.126800	-1.509900
0.126880	-1.517500
0.126960	-1.547900
0.127040	-1.570700
0.127120	-1.601100
0.127200	-1.601100
0.127280	-1.593500
0.127360	-1.578300
0.127440	-1.547900
0.127520	-1.525100
0.127600	-1.555500
0.127680	-1.654400
0.127760	-1.760800
0.127840	-1.852000
0.127920	-1.882500
0.128000	-1.821600
0.128080	-1.738000
0.128160	-1.669600
0.128240	-1.677200
0.128320	-1.677200
0.128400	-1.700000
0.128480	-1.730400
0.128560	-1.745600
0.128640	-1.753200
0.128720	-1.753200
0.128800	-1.738000
0.128880	-1.715200
0.128960	-1.700000
0.129040	-1.662000
0.129120	-1.646700
0.129200	-1.631500
0.129280	-1.585900
0.129360	-1.555500
0.129440	-1.517500
0.129520	-1.487100
0.129600	-1.456700
0.129680	-1.426200
0.129760	-1.403400
0.129840	-1.380600
0.129920	-1.350200
0.130000	-1.327400
0.130080	-1.319800
0.130160	-1.319800
0.130240	-1.289400
0.130320	-1.289400
0.130400	-1.281800
0.130480	-1.266600
0.130560	-1.281800
0.130640	-1.281800
0.130720	-1.274200
0.130800	-1.259000
0.130880	-1.259000
0.130960	-1.236200
0.131040	-1.213300
0.131120	-1.205700
0.131200	-1.175300
0.131280	-1.152500
0.131360	-1.137300
0.131440	-1.099300
0.131520	-1.084100
0.131600	-1.076500
0.131680	-1.076500
0.131760	-1.046100
0.131840	-1.030900
0.131920	-1.008000
0.132000	-0.985230
0.132080	-0.939610
0.132160	-0.893990
0.132240	-0.855970
0.132320	-0.825550
0.132400	-0.810340
0.132480	-0.764720
0.132560	-0.741910
0.132640	-0.719100
0.132720	-0.696290
0.132800	-0.665880
0.132880	-0.620250
0.132960	-0.597440
0.133040	-0.559420
0.133120	-0.551820
0.133200	-0.536610
0.133280	-0.536610
0.133360	-0.513800
0.133440	-0.483390
0.133520	-0.452970
0.133600	-0.452970
0.133680	-0.445370
0.133760	-0.445370
0.133840	-0.445370
0.133920	-0.445370
0.134000	-0.437760
0.134080	-0.430160
0.134160	-0.452970
0.134240	-0.475780
0.134320	-0.490990
0.134400	-0.506200
0.134480	-0.521400
0.134560	-0.529010
0.134640	-0.536610
0.134720	-0.559420
0.134800	-0.582230
0.134880	-0.589840
0.134960	-0.605050
0.135040	-0.612650
0.135120	-0.620250
0.135200	-0.650670
0.135280	-0.665880
0.135360	-0.703890
0.135440	-0.719100
0.135520	-0.734310
0.135600	-0.734310
0.135680	-0.734310
0.135760	-0.734310
0.135840	-0.734310
0.135920	-0.726700
0.136000	-0.711500
0.136080	-0.703890
0.136160	-0.711500
0.136240	-0.711500
0.136320	-0.719100
0.136400	-0.734310
0.136480	-0.719100
0.136560	-0.711500
0.136640	-0.688690
0.136720	-0.696290
0.136800	-0.696290
0.136880	-0.703890
0.136960	-0.703890
0.137040	-0.688690
0.137120	-0.681080
0.137200	-0.673480
0.137280	-0.688690
0.137360	-0.673480
0.137440	-0.635460
0.137520	-0.612650
0.137600	-0.551820
0.137680	-0.574630
0.137760	-0.589840
0.137840	-0.612650
0.137920	-0.612650
0.138000	-0.612650
0.138080	-0.612650
0.138160	-0.620250
0.138240	-0.620250
0.138320	-0.643060
0.138400	-0.643060
0.138480	-0.650670
0.138560	-0.650670
0.138640	-0.650670
0.138720	-0.658270
0.138800	-0.658270
0.138880	-0.665880
0.138960	-0.681080
0.139040	-0.696290
0.139120	-0.696290
0.139200	-0.688690
0.139280	-0.703890
0.139360	-0.696290
0.139440	-0.711500
0.139520	-0.734310
0.139600	-0.734310
0.139680	-0.734310
0.139760	-0.734310
0.139840	-0.726700
0.139920	-0.726700
0.140000	-0.734310
0.140080	-0.734310
0.140160	-0.741910
0.140240	-0.734310
0.140320	-0.741910
0.140400	-0.719100
0.140480	-0.719100
0.140560	-0.703890
0.140640	-0.688690
0.140720	-0.681080
0.140800	-0.696290
0.140880	-0.681080
0.140960	-0.665880
0.141040	-0.658270
0.141120	-0.658270
0.141200	-0.658270
0.141280	-0.658270
0.141360	-0.665880
0.141440	-0.673480
0.141520	-0.673480
0.141600	-0.673480
0.141680	-0.658270
0.141760	-0.658270
0.141840	-0.650670
0.141920	-0.643060
0.142000	-0.643060
0.142080	-0.635460
0.142160	-0.605050
0.142240	-0.620250
0.142320	-0.605050
0.142400	-0.612650
0.142480	-0.627860
0.142560	-0.643060
0.142640	-0.658270
0.142720	-0.673480
0.142800	-0.673480
0.142880	-0.681080
0.142960	-0.650670
0.143040	-0.665880
0.143120	-0.658270
0.143200	-0.650670
0.143280	-0.673480
0.143360	-0.688690
0.143440	-0.696290
0.143520	-0.711500
0.143600	-0.711500
0.143680	-0.711500
0.143760	-0.688690
0.143840	-0.688690
0.143920	-0.658270
0.144000	-0.650670
0.144080	-0.635460
0.144160	-0.635460
0.144240	-0.650670
0.144320	-0.650670
0.144400	-0.635460
0.144480	-0.635460
0.144560	-0.597440
0.144640	-0.597440
0.144720	-0.574630
0.144800	-0.582230
0.144880	-0.574630
0.144960	-0.544220
0.145040	-0.529010
0.145120	-0.521400
0.145200	-0.498590
0.145280	-0.490990
0.145360	-0.468180
0.145440	-0.452970
0.145520	-0.445370
0.145600	-0.430160
0.145680	-0.422560
0.145760	-0.392140
0.145840	-0.392140
0.145920	-0.376930
0.146000	-0.354120
0.146080	-0.323710
0.146160	-0.323710
0.146240	-0.300900
0.146320	-0.270480
0.146400	-0.262880
0.146480	-0.278090
0.146560	-0.278090
0.146640	-0.308500
0.146720	-0.323710
0.146800	-0.346520
0.146880	-0.361730
0.146960	-0.338920
0.147040	-0.354120
0.147120	-0.376930
0.147200	-0.407350
0.147280	-0.430160
0.147360	-0.468180
0.147440	-0.490990
0.147520	-0.521400
0.147600	-0.551820
0.147680	-0.582230
0.147760	-0.627860
0.147840	-0.703890
0.147920	-0.757120
0.148000	-0.833160
0.148080	-0.886380
0.148160	-0.932000
0.148240	-0.947210
0.148320	-0.962420
0.148400	-0.970020
0.148480	-0.985230
0.148560	-1.038500
0.148640	-1.084100
0.148720	-1.129700
0.148800	-1.137300
0.148880	-1.122100
0.148960	-1.076500
0.149040	-1.061300
0.149120	-1.023200
0.149200	-1.015700
0.149280	-1.046100
0.149360	-1.030900
0.149440	-1.008000
0.149520	-0.977630
0.149600	-0.947210
0.149680	-0.924400
0.149760	-0.909190
0.149840	-0.893990
0.149920	-0.886380
0.150000	-0.871170
0.150080	-0.848360
0.150160	-0.825550
0.150240	-0.817950
0.150320	-0.787530
0.150400	-0.772330
0.150480	-0.757120
0.150560	-0.764720
0.150640	-0.757120
0.150720	-0.757120
0.150800	-0.741910
0.150880	-0.711500
0.150960	-0.681080
0.151040	-0.696290
0.151120	-0.688690
0.151200	-0.696290
0.151280	-0.688690
0.151360	-0.696290
0.151440	-0.658270
0.151520	-0.658270
0.151600	-0.643060
0.151680	-0.635460
0.151760	-0.620250
0.151840	-0.635460
0.151920	-0.627860
0.152000	-0.635460
0.152080	-0.620250
0.152160	-0.627860
0.152240	-0.620250
0.152320	-0.635460
0.152400	-0.650670
0.152480	-0.643060
0.152560	-0.650670
0.152640	-0.650670
0.152720	-0.658270
0.152800	-0.673480
0.152880	-0.627860
0.152960	-0.605050
0.153040	-0.559420
0.153120	-0.567030
0.153200	-0.567030
0.153280	-0.559420
0.153360	-0.559420
0.153440	-0.551820
0.153520	-0.521400
0.153600	-0.506200
0.153680	-0.483390
0.153760	-0.468180
0.153840	-0.430160
0.153920	-0.422560
0.154000	-0.414950
0.154080	-0.452970
0.154160	-0.445370
0.154240	-0.407350
0.154320	-0.407350
0.154400	-0.392140
0.154480	-0.399740
0.154560	-0.384540
0.154640	-0.384540
0.154720	-0.376930
0.154800	-0.384540
0.154880	-0.392140
0.154960	-0.392140
0.155040	-0.407350
0.155120	-0.399740
0.155200	-0.414950
0.155280	-0.422560
0.155360	-0.422560
0.155440	-0.422560
0.155520	-0.430160
0.155600	-0.445370
0.155680	-0.460580
0.155760	-0.483390
0.155840	-0.490990
0.155920	-0.529010
0.156000	-0.551820
0.156080	-0.551820
0.156160	-0.536610
0.156240	-0.544220
0.156320	-0.513800
0.156400	-0.521400
0.156480	-0.513800
0.156560	-0.498590
0.156640	-0.483390
0.156720	-0.490990
0.156800	-0.490990
0.156880	-0.498590
0.156960	-0.490990
0.157040	-0.498590
0.157120	-0.506200
0.157200	-0.513800
0.157280	-0.490990
0.157360	-0.506200
0.157440	-0.498590
0.157520	-0.506200
0.157600	-0.498590
0.157680	-0.498590
0.157760	-0.490990
0.157840	-0.452970
0.157920	-0.437760
0.158000	-0.430160
0.158080	-0.414950
0.158160	-0.399740
0.158240	-0.369330
0.158320	-0.369330
0.158400	-0.346520
0.158480	-0.338920
0.158560	-0.338920
0.158640	-0.346520
0.158720	-0.354120
0.158800	-0.399740
0.158880	-0.414950
0.158960	-0.460580
0.159040	-0.468180
0.159120	-0.437760
0.159200	-0.376930
0.159280	-0.308500
0.159360	-0.232460
0.159440	-0.186840
0.159520	-0.141220
0.159600	-0.148820
0.159680	-0.141220
0.159760	-0.164030
0.159840	-0.186840
0.159920	-0.194440
0.160000	-0.194440
0.160080	-0.179240
0.160160	-0.164030
0.160240	-0.126010
0.160320	-0.087993
0.160400	-0.065182
0.160480	-0.049975
0.160560	-0.049975
0.160640	-0.027164
0.160720	-0.019560
0.160800	0.003251
0.160880	0.003251
0.160960	0.003251
0.161040	-0.004353
0.161120	0.018458
0.161200	0.033666
0.161280	0.048873
0.161360	0.056477
0.161440	0.064081
0.161520	0.064081
0.161600	0.056477
0.161680	0.048873
0.161760	0.071684
0.161840	0.071684
0.161920	0.102100
0.162000	0.086892
0.162080	0.086892
0.162160	0.079288
0.162240	0.071684
0.162320	0.079288
0.162400	0.086892
0.162480	0.094495
0.162560	0.094495
0.162640	0.079288
0.162720	0.094495
0.162800	0.086892
0.162880	0.094495
0.162960	0.102100
0.163040	0.109700
0.163120	0.117310
0.163200	0.109700
0.163280	0.117310
0.163360	0.117310
0.163440	0.109700
0.163520	0.132510
0.163600	0.124910
0.163680	0.109700
0.163760	0.086892
0.163840	0.079288
0.163920	0.079288
0.164000	0.086892
0.164080	0.086892
0.164160	0.064081
0.164240	0.071684
0.164320	0.086892
0.164400	0.094495
0.164480	0.117310
0.164560	0.117310
0.164640	0.102100
0.164720	0.094495
0.164800	0.117310
0.164880	0.147720
0.164960	0.178140
0.165040	0.223760
0.165120	0.246570
0.165200	0.276980
0.165280	0.307400
0.165360	0.330210
0.165440	0.345420
0.165520	0.368230
0.165600	0.375830
0.165680	0.391040
0.165760	0.398640
0.165840	0.375830
0.165920	0.368230
0.166000	0.337810
0.166080	0.337810
0.166160	0.337810
0.166240	0.337810
0.166320	0.345420
0.166400	0.337810
0.166480	0.345420
0.166560	0.330210
0.166640	0.322610
0.166720	0.292190
0.166800	0.299800
0.166880	0.292190
0.166960	0.299800
0.167040	0.315000
0.167120	0.330210
0.167200	0.337810
0.167280	0.360620
0.167360	0.375830
0.167440	0.375830
0.167520	0.375830
0.167600	0.375830
0.167680	0.360620
0.167760	0.345420
0.167840	0.307400
0.167920	0.299800
0.168000	0.299800
0.168080	0.322610
0.168160	0.360620
0.168240	0.375830
0.168320	0.360620
0.168400	0.360620
0.168480	0.368230
0.168560	0.353020
0.168640	0.368230
0.168720	0.360620
0.168800	0.353020
0.168880	0.353020
0.168960	0.360620
0.169040	0.383440
0.169120	0.413850
0.169200	0.436660
0.169280	0.474680
0.169360	0.482280
0.169440	0.489890
0.169520	0.505100
0.169600	0.512700
0.169680	0.489890
0.169760	0.497490
0.169840	0.505100
0.169920	0.497490
0.170000	0.520300
0.170080	0.505100
0.170160	0.527910
0.170240	0.527910
0.170320	0.558320
0.170400	0.558320
0.170480	0.543110
0.170560	0.588740
0.170640	0.558320
0.170720	0.565930
0.170800	0.535510
0.170880	0.512700
0.170960	0.550720
0.171040	0.543110
0.171120	0.527910
0.171200	0.535510
0.171280	0.543110
0.171360	0.550720
0.171440	0.535510
0.171520	0.527910
0.171600	0.512700
0.171680	0.489890
0.171760	0.482280
0.171840	0.489890
0.171920	0.482280
0.172000	0.497490
0.172080	0.489890
0.172160	0.482280
0.172240	0.497490
0.172320	0.520300
0.172400	0.535510
0.172480	0.558320
0.172560	0.543110
0.172640	0.543110
0.172720	0.543110
0.172800	0.535510
0.172880	0.543110
0.172960	0.550720
0.173040	0.596340
0.173120	0.626750
0.173200	0.634360
0.173280	0.581130
0.173360	0.505100
0.173440	0.451870
0.173520	0.474680
0.173600	0.535510
0.173680	0.634360
0.173760	0.725600
0.173840	0.778830
0.173920	0.771220
0.174000	0.733210
0.174080	0.687580
0.174160	0.672380
0.174240	0.679980
0.174320	0.687580
0.174400	0.718000
0.174480	0.702790
0.174560	0.679980
0.174640	0.664770
0.174720	0.649560
0.174800	0.664770
0.174880	0.702790
0.174960	0.748410
0.175040	0.740810
0.175120	0.725600
0.175200	0.695190
0.175280	0.679980
0.175360	0.672380
0.175440	0.672380
0.175520	0.695190
0.175600	0.702790
0.175680	0.695190
0.175760	0.710390
0.175840	0.733210
0.175920	0.756020
0.176000	0.756020
0.176080	0.725600
0.176160	0.702790
0.176240	0.672380
0.176320	0.687580
0.176400	0.740810
0.176480	0.801640
0.176560	0.824450
0.176640	0.816850
0.176720	0.771220
0.176800	0.718000
0.176880	0.702790
0.176960	0.710390
0.177040	0.778830
0.177120	0.809240
0.177200	0.832050
0.177280	0.832050
0.177360	0.809240
0.177440	0.778830
0.177520	0.748410
0.177600	0.748410
0.177680	0.748410
0.177760	0.740810
0.177840	0.725600
0.177920	0.725600
0.178000	0.733210
0.178080	0.733210
0.178160	0.756020
0.178240	0.763620
0.178320	0.756020
0.178400	0.756020
0.178480	0.748410
0.178560	0.771220
0.178640	0.778830
0.178720	0.786430
0.178800	0.771220
0.178880	0.786430
0.178960	0.778830
0.179040	0.763620
0.179120	0.756020
0.179200	0.740810
0.179280	0.725600
0.179360	0.725600
0.179440	0.725600
0.179520	0.725600
0.179600	0.740810
0.179680	0.763620
0.179760	0.756020
0.179840	0.771220
0.179920	0.771220
0.180000	0.778830
0.180080	0.809240
0.180160	0.809240
0.180240	0.794040
0.180320	0.771220
0.180400	0.756020
0.180480	0.763620
0.180560	0.809240
0.180640	0.854870
0.180720	0.854870
0.180800	0.877680
0.180880	0.862470
0.180960	0.824450
0.181040	0.809240
0.181120	0.794040
0.181200	0.786430
0.181280	0.801640
0.181360	0.816850
0.181440	0.832050
0.181520	0.832050
0.181600	0.832050
0.181680	0.824450
0.181760	0.801640
0.181840	0.786430
0.181920	0.740810
0.182000	0.748410
0.182080	0.748410
0.182160	0.748410
0.182240	0.748410
0.182320	0.740810
0.182400	0.733210
0.182480	0.748410
0.182560	0.748410
0.182640	0.740810
0.182720	0.725600
0.182800	0.733210
0.182880	0.740810
0.182960	0.733210
0.183040	0.725600
0.183120	0.740810
0.183200	0.740810
0.183280	0.763620
0.183360	0.763620
0.183440	0.763620
0.183520	0.778830
0.183600	0.771220
0.183680	0.771220
0.183760	0.778830
0.183840	0.778830
0.183920	0.778830
0.184000	0.786430
0.184080	0.794040
0.184160	0.786430
0.184240	0.778830
0.184320	0.756020
0.184400	0.763620
0.184480	0.756020
0.184560	0.778830
0.184640	0.771220
0.184720	0.786430
0.184800	0.794040
0.184880	0.794040
0.184960	0.771220
0.185040	0.778830
0.185120	0.778830
0.185200	0.778830
0.185280	0.794040
0.185360	0.786430
0.185440	0.771220
0.185520	0.756020
0.185600	0.763620
0.185680	0.756020
0.185760	0.740810
0.185840	0.725600
0.185920	0.718000
0.186000	0.718000
0.186080	0.733210
0.186160	0.740810
0.186240	0.740810
0.186320	0.733210
0.186400	0.740810
0.186480	0.710390
0.186560	0.725600
0.186640	0.710390
0.186720	0.710390
0.186800	0.710390
0.186880	0.733210
0.186960	0.733210
0.187040	0.756020
0.187120	0.710390
0.187200	0.679980
0.187280	0.619150
0.187360	0.649560
0.187440	0.679980
0.187520	0.718000
0.187600	0.733210
0.187680	0.740810
0.187760	0.725600
0.187840	0.702790
0.187920	0.679980
0.188000	0.664770
0.188080	0.649560
0.188160	0.664770
0.188240	0.679980
0.188320	0.702790
0.188400	0.718000
0.188480	0.748410
0.188560	0.748410
0.188640	0.740810
0.188720	0.733210
0.188800	0.718000
0.188880	0.702790
0.188960	0.695190
0.189040	0.695190
0.189120	0.695190
0.189200	0.702790
0.189280	0.710390
0.189360	0.718000
0.189440	0.725600
0.189520	0.725600
0.189600	0.725600
0.189680	0.725600
0.189760	0.740810
0.189840	0.733210
0.189920	0.740810
0.190000	0.710390
0.190080	0.695190
0.190160	0.679980
0.190240	0.672380
0.190320	0.664770
0.190400	0.672380
0.190480	0.649560
0.190560	0.664770
0.190640	0.649560
0.190720	0.672380
0.190800	0.664770
0.190880	0.657170
0.190960	0.649560
0.191040	0.649560
0.191120	0.657170
0.191200	0.679980
0.191280	0.695190
0.191360	0.702790
0.191440	0.702790
0.191520	0.710390
0.191600	0.718000
0.191680	0.695190
0.191760	0.687580
0.191840	0.679980
0.191920	0.679980
0.192000	0.664770
0.192080	0.664770
0.192160	0.664770
0.192240	0.672380
0.192320	0.664770
0.192400	0.672380
0.192480	0.664770
0.192560	0.664770
0.192640	0.672380
0.192720	0.679980
0.192800	0.687580
0.192880	0.687580
0.192960	0.695190
0.193040	0.687580
0.193120	0.657170
0.193200	0.634360
0.193280	0.611550
0.193360	0.581130
0.193440	0.588740
0.193520	0.581130
0.193600	0.588740
0.193680	0.581130
0.193760	0.573530
0.193840	0.581130
0.193920	0.588740
0.194000	0.611550
0.194080	0.611550
0.194160	0.611550
0.194240	0.619150
0.194320	0.619150
0.194400	0.619150
0.194480	0.619150
0.194560	0.634360
0.194640	0.634360
0.194720	0.626750
0.194800	0.634360
0.194880	0.611550
0.194960	0.611550
0.195040	0.596340
0.195120	0.603940
0.195200	0.573530
0.195280	0.558320
0.195360	0.543110
0.195440	0.550720
0.195520	0.543110
0.195600	0.558320
0.195680	0.535510
0.195760	0.543110
0.195840	0.527910
0.195920	0.527910
0.196000	0.520300
0.196080	0.505100
0.196160	0.505100
0.196240	0.512700
0.196320	0.520300
0.196400	0.505100
0.196480	0.482280
0.196560	0.482280
0.196640	0.482280
0.196720	0.467080
0.196800	0.459470
0.196880	0.444270
0.196960	0.444270
0.197040	0.444270
0.197120	0.429060
0.197200	0.429060
0.197280	0.436660
0.197360	0.436660
0.197440	0.436660
0.197520	0.436660
0.197600	0.436660
0.197680	0.429060
0.197760	0.444270
0.197840	0.429060
0.197920	0.451870
0.198000	0.451870
0.198080	0.467080
0.198160	0.444270
0.198240	0.444270
0.198320	0.444270
0.198400	0.436660
0.198480	0.429060
0.198560	0.436660
0.198640	0.459470
0.198720	0.444270
0.198800	0.444270
0.198880	0.451870
0.198960	0.451870
0.199040	0.467080
0.199120	0.474680
0.199200	0.459470
0.199280	0.482280
0.199360	0.474680
0.199440	0.459470
0.199520	0.451870
0.199600	0.459470
0.199680	0.444270
0.199760	0.436660
0.199840	0.421450
0.199920	0.421450
0.200000	0.413850
0.200080	0.421450
0.200160	0.421450
0.200240	0.429060
0.200320	0.429060
0.200400	0.413850
0.200480	0.406250
0.200560	0.398640
0.200640	0.391040
0.200720	0.413850
0.200800	0.391040
0.200880	0.398640
0.200960	0.391040
0.201040	0.398640
0.201120	0.391040
0.201200	0.391040
0.201280	0.398640
0.201360	0.368230
0.201440	0.368230
0.201520	0.353020
0.201600	0.360620
0.201680	0.345420
0.201760	0.368230
0.201840	0.353020
0.201920	0.345420
0.202000	0.345420
0.202080	0.337810
0.202160	0.345420
0.202240	0.353020
0.202320	0.353020
0.202400	0.353020
0.202480	0.345420
0.202560	0.345420
0.202640	0.360620
0.202720	0.368230
0.202800	0.383440
0.202880	0.368230
0.202960	0.383440
0.203040	0.391040
0.203120	0.375830
0.203200	0.383440
0.203280	0.383440
0.203360	0.398640
0.203440	0.406250
0.203520	0.406250
0.203600	0.398640
0.203680	0.375830
0.203760	0.375830
0.203840	0.368230
0.203920	0.360620
0.204000	0.383440
0.204080	0.391040
0.204160	0.406250
0.204240	0.406250
0.204320	0.398640
0.204400	0.383440
0.204480	0.398640
0.204560	0.391040
0.204640	0.398640
0.204720	0.398640
0.204800	0.368230
0.204880	0.368230
0.204960	0.406250
0.205040	0.413850
0.205120	0.406250
0.205200	0.421450
0.205280	0.421450
0.205360	0.436660
0.205440	0.459470
0.205520	0.482280
0.205600	0.482280
0.205680	0.451870
0.205760	0.413850
0.205840	0.444270
0.205920	0.467080
0.206000	0.505100
0.206080	0.497490
0.206160	0.497490
0.206240	0.482280
0.206320	0.482280
0.206400	0.482280
0.206480	0.482280
0.206560	0.482280
0.206640	0.497490
0.206720	0.505100
0.206800	0.520300
0.206880	0.505100
0.206960	0.505100
0.207040	0.512700
0.207120	0.520300
0.207200	0.505100
0.207280	0.489890
0.207360	0.505100
0.207440	0.497490
0.207520	0.482280
0.207600	0.482280
0.207680	0.497490
0.207760	0.489890
0.207840	0.497490
0.207920	0.489890
0.208000	0.482280
0.208080	0.482280
0.208160	0.474680
0.208240	0.489890
0.208320	0.482280
0.208400	0.497490
0.208480	0.489890
0.208560	0.482280
0.208640	0.482280
0.208720	0.497490
0.208800	0.489890
0.208880	0.489890
0.208960	0.497490
0.209040	0.497490
0.209120	0.489890
0.209200	0.489890
0.209280	0.497490
0.209360	0.497490
0.209440	0.497490
0.209520	0.505100
0.209600	0.505100
0.209680	0.505100
0.209760	0.489890
0.209840	0.482280
0.209920	0.489890
0.210000	0.482280
0.210080	0.489890
0.210160	0.474680
0.210240	0.489890
0.210320	0.489890
0.210400	0.482280
0.210480	0.467080
0.210560	0.451870
0.210640	0.459470
0.210720	0.482280
0.210800	0.527910
0.210880	0.558320
0.210960	0.581130
0.211040	0.565930
0.211120	0.535510
0.211200	0.527910
0.211280	0.512700
0.211360	0.505100
0.211440	0.520300
0.211520	0.535510
0.211600	0.535510
0.211680	0.527910
0.211760	0.520300
0.211840	0.527910
0.211920	0.543110
0.212000	0.565930
0.212080	0.581130
0.212160	0.596340
0.212240	0.581130
0.212320	0.581130
0.212400	0.573530
0.212480	0.588740
0.212560	0.573530
0.212640	0.573530
0.212720	0.588740
0.212800	0.565930
0.212880	0.558320
0.212960	0.550720
0.213040	0.565930
0.213120	0.573530
0.213200	0.581130
0.213280	0.581130
0.213360	0.581130
0.213440	0.588740
0.213520	0.588740
0.213600	0.581130
0.213680	0.588740
0.213760	0.603940
0.213840	0.619150
0.213920	0.611550
0.214000	0.641960
0.214080	0.634360
0.214160	0.634360
0.214240	0.596340
0.214320	0.588740
0.214400	0.565930
0.214480	0.565930
0.214560	0.565930
0.214640	0.581130
0.214720	0.581130
0.214800	0.611550
0.214880	0.626750
0.214960	0.611550
0.215040	0.603940
0.215120	0.588740
0.215200	0.588740
0.215280	0.573530
0.215360	0.611550
0.215440	0.611550
0.215520	0.619150
0.215600	0.626750
0.215680	0.626750
0.215760	0.634360
0.215840	0.634360
0.215920	0.634360
0.216000	0.641960
0.216080	0.641960
0.216160	0.649560
0.216240	0.641960
0.216320	0.641960
0.216400	0.641960
0.216480	0.641960
0.216560	0.649560
0.216640	0.634360
0.216720	0.634360
0.216800	0.619150
0.216880	0.619150
0.216960	0.611550
0.217040	0.626750
0.217120	0.603940
0.217200	0.596340
0.217280	0.603940
0.217360	0.588740
0.217440	0.626750
0.217520	0.626750
0.217600	0.626750
0.217680	0.634360
0.217760	0.626750
0.217840	0.634360
0.217920	0.641960
0.218000	0.634360
0.218080	0.641960
0.218160	0.626750
0.218240	0.619150
0.218320	0.634360
0.218400	0.626750
0.218480	0.626750
0.218560	0.634360
0.218640	0.626750
0.218720	0.634360
0.218800	0.619150
0.218880	0.634360
0.218960	0.634360
0.219040	0.657170
0.219120	0.679980
0.219200	0.687580
0.219280	0.657170
0.219360	0.611550
0.219440	0.543110
0.219520	0.520300
0.219600	0.535510
0.219680	0.573530
0.219760	0.619150
0.219840	0.634360
0.219920	0.641960
0.220000	0.603940
0.220080	0.603940
0.220160	0.611550
0.220240	0.641960
0.220320	0.649560
0.220400	0.641960
0.220480	0.619150
0.220560	0.611550
0.220640	0.596340
0.220720	0.588740
0.220800	0.581130
0.220880	0.611550
0.220960	0.634360
0.221040	0.649560
0.221120	0.649560
0.221200	0.664770
0.221280	0.649560
0.221360	0.634360
0.221440	0.626750
0.221520	0.603940
0.221600	0.611550
0.221680	0.573530
0.221760	0.573530
0.221840	0.558320
0.221920	0.543110
0.222000	0.535510
0.222080	0.543110
0.222160	0.543110
0.222240	0.550720
0.222320	0.543110
0.222400	0.550720
0.222480	0.565930
0.222560	0.581130
0.222640	0.588740
0.222720	0.581130
0.222800	0.573530
0.222880	0.565930
0.222960	0.565930
0.223040	0.565930
0.223120	0.558320
0.223200	0.581130
0.223280	0.573530
0.223360	0.573530
0.223440	0.565930
0.223520	0.565930
0.223600	0.565930
0.223680	0.581130
0.223760	0.588740
0.223840	0.588740
0.223920	0.588740
0.224000	0.596340
0.224080	0.588740
0.224160	0.581130
0.224240	0.596340
0.224320	0.588740
0.224400	0.603940
0.224480	0.588740
0.224560	0.581130
0.224640	0.581130
0.224720	0.573530
0.224800	0.581130
0.224880	0.581130
0.224960	0.558320
0.225040	0.558320
0.225120	0.535510
0.225200	0.535510
0.225280	0.543110
0.225360	0.550720
0.225440	0.573530
0.225520	0.573530
0.225600	0.565930
0.225680	0.565930
0.225760	0.543110
0.225840	0.535510
0.225920	0.543110
0.226000	0.543110
0.226080	0.527910
0.226160	0.512700
0.226240	0.512700
0.226320	0.482280
0.226400	0.489890
0.226480	0.489890
0.226560	0.489890
0.226640	0.497490
0.226720	0.505100
0.226800	0.489890
0.226880	0.489890
0.226960	0.497490
0.227040	0.505100
0.227120	0.505100
0.227200	0.497490
0.227280	0.505100
0.227360	0.505100
0.227440	0.505100
0.227520	0.512700
0.227600	0.505100
0.227680	0.497490
0.227760	0.482280
0.227840	0.482280
0.227920	0.482280
0.228000	0.497490
0.228080	0.505100
0.228160	0.505100
0.228240	0.489890
0.228320	0.489890
0.228400	0.482280
0.228480	0.459470
0.228560	0.459470
0.228640	0.482280
0.228720	0.474680
0.228800	0.474680
0.228880	0.474680
0.228960	0.474680
0.229040	0.474680
0.229120	0.474680
0.229200	0.474680
0.229280	0.474680
0.229360	0.474680
0.229440	0.482280
0.229520	0.482280
0.229600	0.467080
0.229680	0.459470
0.229760	0.467080
0.229840	0.474680
0.229920	0.467080
0.230000	0.467080
0.230080	0.459470
0.230160	0.474680
0.230240	0.474680
0.230320	0.482280
0.230400	0.474680
0.230480	0.489890
0.230560	0.482280
0.230640	0.482280
0.230720	0.489890
0.230800	0.482280
0.230880	0.482280
0.230960	0.467080
0.231040	0.467080
0.231120	0.467080
0.231200	0.482280
0.231280	0.482280
0.231360	0.474680
0.231440	0.444270
0.231520	0.429060
0.231600	0.406250
0.231680	0.406250
0.231760	0.421450
0.231840	0.413850
0.231920	0.406250
0.232000	0.413850
0.232080	0.413850
0.232160	0.421450
0.232240	0.398640
0.232320	0.413850
0.232400	0.413850
0.232480	0.413850
0.232560	0.421450
0.232640	0.436660
0.232720	0.421450
0.232800	0.459470
0.232880	0.474680
0.232960	0.482280
0.233040	0.482280
0.233120	0.467080
0.233200	0.444270
0.233280	0.436660
0.233360	0.429060
0.233440	0.429060
0.233520	0.436660
0.233600	0.436660
0.233680	0.451870
0.233760	0.451870
0.233840	0.444270
0.233920	0.451870
0.234000	0.444270
0.234080	0.459470
0.234160	0.444270
0.234240	0.459470
0.234320	0.451870
0.234400	0.421450
0.234480	0.398640
0.234560	0.391040
0.234640	0.413850
0.234720	0.421450
0.234800	0.413850
0.234880	0.421450
0.234960	0.413850
0.235040	0.413850
0.235120	0.413850
0.235200	0.413850
0.235280	0.391040
0.235360	0.398640
0.235440	0.391040
0.235520	0.383440
0.235600	0.383440
0.235680	0.375830
0.235760	0.375830
0.235840	0.368230
0.235920	0.360620
0.236000	0.360620
0.236080	0.368230
0.236160	0.360620
0.236240	0.360620
0.236320	0.368230
0.236400	0.375830
0.236480	0.375830
0.236560	0.360620
0.236640	0.368230
0.236720	0.368230
0.236800	0.360620
0.236880	0.360620
0.236960	0.398640
0.237040	0.398640
0.237120	0.391040
0.237200	0.315000
0.237280	0.322610
0.237360	0.337810
0.237440	0.315000
0.237520	0.322610
0.237600	0.337810
0.237680	0.345420
0.237760	0.330210
0.237840	0.330210
0.237920	0.315000
0.238000	0.299800
0.238080	0.299800
0.238160	0.284590
0.238240	0.269380
0.238320	0.246570
0.238400	0.238970
0.238480	0.238970
0.238560	0.246570
0.238640	0.238970
0.238720	0.254170
0.238800	0.238970
0.238880	0.223760
0.238960	0.193340
0.239040	0.193340
0.239120	0.193340
0.239200	0.200950
0.239280	0.193340
0.239360	0.185740
0.239440	0.200950
0.239520	0.193340
0.239600	0.185740
0.239680	0.185740
0.239760	0.193340
0.239840	0.178140
0.239920	0.178140
0.240000	0.155320
0.240080	0.147720
0.240160	0.117310
0.240240	0.109700
0.240320	0.117310
0.240400	0.140120
0.240480	0.231360
0.240560	0.307400
0.240640	0.261780
0.240720	0.041269
0.240800	-0.209650
0.240880	-0.323710
0.240960	-0.224860
0.241040	0.048873
0.241120	0.307400
0.241200	0.299800
0.241280	0.102100
0.241360	-0.095597
0.241440	-0.141220
0.241520	-0.019560
0.241600	0.147720
0.241680	0.208550
0.241760	0.140120
0.241840	0.018458
0.241920	-0.049975
0.242000	-0.004353
0.242080	0.086892
0.242160	0.162930
0.242240	0.140120
0.242320	0.102100
0.242400	0.048873
0.242480	0.041269
0.242560	0.079288
0.242640	0.094495
0.242720	0.109700
0.242800	0.094495
0.242880	0.056477
0.242960	0.056477
0.243040	0.056477
0.243120	0.079288
0.243200	0.071684
0.243280	0.071684
0.243360	0.071684
0.243440	0.064081
0.243520	0.064081
0.243600	0.071684
0.243680	0.048873
0.243760	0.056477
0.243840	0.033666
0.243920	0.010855
0.244000	0.018458
0.244080	0.018458
0.244160	0.018458
0.244240	0.018458
0.244320	0.010855
0.244400	-0.004353
0.244480	-0.034768
0.244560	-0.027164
0.244640	-0.019560
0.244720	-0.011956
0.244800	-0.004353
0.244880	-0.004353
0.244960	-0.004353
0.245040	-0.027164
0.245120	-0.065182
0.245200	-0.087993
0.245280	-0.118410
0.245360	-0.110800
0.245440	-0.087993
0.245520	-0.080390
0.245600	-0.042371
0.245680	-0.011956
0.245760	-0.004353
0.245840	-0.011956
0.245920	-0.004353
0.246000	-0.011956
0.246080	-0.019560
0.246160	-0.027164
0.246240	-0.057579
0.246320	-0.027164
0.246400	-0.049975
0.246480	-0.049975
0.246560	-0.072786
0.246640	-0.065182
0.246720	-0.042371
0.246800	-0.049975
0.246880	-0.057579
0.246960	-0.049975
0.247040	-0.049975
0.247120	-0.034768
0.247200	-0.034768
0.247280	-0.027164
0.247360	-0.042371
0.247440	-0.034768
0.247520	-0.057579
0.247600	-0.065182
0.247680	-0.080390
0.247760	-0.095597
0.247840	-0.103200
0.247920	-0.110800
0.248000	-0.110800
0.248080	-0.118410
0.248160	-0.110800
0.248240	-0.118410
0.248320	-0.126010
0.248400	-0.118410
0.248480	-0.103200
0.248560	-0.065182
0.248640	-0.049975
0.248720	-0.034768
0.248800	-0.049975
0.248880	-0.095597
0.248960	-0.103200
0.249040	-0.141220
0.249120	-0.133620
0.249200	-0.156430
0.249280	-0.126010
0.249360	-0.110800
0.249440	-0.110800
0.249520	-0.103200
0.249600	-0.103200
0.249680	-0.095597
0.249760	-0.080390
0.249840	-0.057579
0.249920	-0.042371
0.250000	-0.019560
0.250080	-0.004353
0.250160	-0.004353
0.250240	-0.004353
0.250320	-0.011956
0.250400	-0.019560
0.250480	-0.011956
0.250560	-0.019560
0.250640	-0.034768
0.250720	-0.011956
0.250800	-0.011956
0.250880	0.026062
0.250960	0.048873
0.251040	0.086892
0.251120	0.102100
0.251200	0.109700
0.251280	0.132510
0.251360	0.117310
0.251440	0.124910
0.251520	0.117310
0.251600	0.109700
0.251680	0.086892
0.251760	0.094495
0.251840	0.071684
0.251920	0.071684
0.252000	0.071684
0.252080	0.071684
0.252160	0.079288
0.252240	0.086892
0.252320	0.109700
0.252400	0.132510
0.252480	0.132510
0.252560	0.147720
0.252640	0.140120
0.252720	0.162930
0.252800	0.162930
0.252880	0.147720
0.252960	0.109700
0.253040	0.102100
0.253120	0.102100
0.253200	0.109700
0.253280	0.086892
0.253360	0.094495
0.253440	0.079288
0.253520	0.102100
0.253600	0.124910
0.253680	0.155320
0.253760	0.155320
0.253840	0.178140
0.253920	0.155320
0.254000	0.132510
0.254080	0.140120
0.254160	0.162930
0.254240	0.155320
0.254320	0.147720
0.254400	0.162930
0.254480	0.140120
0.254560	0.155320
0.254640	0.178140
0.254720	0.185740
0.254800	0.208550
0.254880	0.185740
0.254960	0.200950
0.255040	0.216150
0.255120	0.216150
0.255200	0.223760
0.255280	0.231360
0.255360	0.231360
0.255440	0.246570
0.255520	0.269380
0.255600	0.276980
0.255680	0.299800
0.255760	0.315000
0.255840	0.315000
0.255920	0.292190
0.256000	0.276980
0.256080	0.261780
0.256160	0.231360
0.256240	0.223760
0.256320	0.216150
0.256400	0.185740
0.256480	0.178140
0.256560	0.162930
0.256640	0.140120
0.256720	0.132510
0.256800	0.140120
0.256880	0.147720
0.256960	0.155320
0.257040	0.170530
0.257120	0.162930
0.257200	0.162930
0.257280	0.140120
0.257360	0.147720
0.257440	0.140120
0.257520	0.147720
0.257600	0.132510
0.257680	0.102100
0.257760	0.086892
0.257840	0.056477
0.257920	0.079288
0.258000	0.086892
0.258080	0.102100
0.258160	0.102100
0.258240	0.117310
0.258320	0.102100
0.258400	0.102100
0.258480	0.102100
0.258560	0.102100
0.258640	0.109700
0.258720	0.109700
0.258800	0.086892
0.258880	0.086892
0.258960	0.086892
0.259040	0.079288
0.259120	0.086892
0.259200	0.094495
0.259280	0.102100
0.259360	0.109700
0.259440	0.102100
0.259520	0.109700
0.259600	0.094495
0.259680	0.086892
0.259760	0.094495
0.259840	0.086892
0.259920	0.071684
0.260000	0.071684
0.260080	0.056477
0.260160	0.048873
0.260240	0.041269
0.260320	0.033666
0.260400	0.018458
0.260480	0.026062
0.260560	0.026062
0.260640	0.026062
0.260720	0.026062
0.260800	0.041269
0.260880	0.048873
0.260960	0.041269
0.261040	0.033666
0.261120	0.026062
0.261200	0.026062
0.261280	0.033666
0.261360	0.041269
0.261440	0.056477
0.261520	0.056477
0.261600	0.056477
0.261680	0.071684
0.261760	0.071684
0.261840	0.079288
0.261920	0.079288
0.262000	0.079288
0.262080	0.071684
0.262160	0.086892
0.262240	0.079288
0.262320	0.086892
0.262400	0.079288
0.262480	0.079288
0.262560	0.086892
0.262640	0.086892
0.262720	0.086892
0.262800	0.094495
0.262880	0.102100
0.262960	0.102100
0.263040	0.102100
0.263120	0.102100
0.263200	0.102100
0.263280	0.094495
0.263360	0.094495
0.263440	0.102100
0.263520	0.086892
0.263600	0.086892
0.263680	0.079288
0.263760	0.056477
0.263840	0.056477
0.263920	0.048873
0.264000	0.041269
0.264080	0.048873
0.264160	0.033666
0.264240	0.048873
0.264320	0.048873
0.264400	0.056477
0.264480	0.071684
0.264560	0.064081
0.264640	0.079288
0.264720	0.056477
0.264800	0.071684
0.264880	0.048873
0.264960	0.056477
0.265040	0.041269
0.265120	0.056477
0.265200	0.064081
0.265280	0.071684
0.265360	0.064081
0.265440	0.071684
0.265520	0.079288
0.265600	0.079288
0.265680	0.079288
0.265760	0.071684
0.265840	0.086892
0.265920	0.064081
0.266000	0.079288
0.266080	0.079288
0.266160	0.079288
0.266240	0.079288
0.266320	0.086892
0.266400	0.086892
0.266480	0.064081
0.266560	0.056477
0.266640	0.064081
0.266720	0.048873
0.266800	0.056477
0.266880	0.056477
0.266960	0.048873
0.267040	0.048873
0.267120	0.056477
0.267200	0.056477
0.267280	0.056477
0.267360	0.041269
0.267440	0.033666
0.267520	0.033666
0.267600	0.033666
0.267680	0.048873
0.267760	0.041269
0.267840	0.041269
0.267920	0.033666
0.268000	0.018458
0.268080	0.026062
0.268160	0.033666
0.268240	0.026062
0.268320	0.026062
0.268400	0.018458
0.268480	0.003251
0.268560	0.003251
0.268640	0.018458
0.268720	0.010855
0.268800	0.026062
0.268880	0.033666
0.268960	0.010855
0.269040	0.010855
0.269120	0.018458
0.269200	0.010855
0.269280	0.003251
0.269360	0.010855
0.269440	0.018458
0.269520	0.018458
0.269600	0.026062
0.269680	-0.004353
0.269760	0.003251
0.269840	-0.011956
0.269920	-0.004353
0.270000	-0.004353
0.270080	-0.004353
0.270160	-0.004353
0.270240	-0.011956
0.270320	-0.034768
0.270400	-0.027164
0.270480	-0.042371
0.270560	-0.057579
0.270640	-0.034768
0.270720	-0.034768
0.270800	-0.042371
0.270880	-0.042371
0.270960	-0.049975
0.271040	-0.049975
0.271120	-0.034768
0.271200	-0.057579
0.271280	-0.057579
0.271360	-0.065182
0.271440	-0.065182
0.271520	-0.087993
0.271600	-0.087993
0.271680	-0.087993
0.271760	-0.095597
0.271840	-0.087993
0.271920	-0.087993
0.272000	-0.087993
0.272080	-0.095597
0.272160	-0.095597
0.272240	-0.110800
0.272320	-0.103200
0.272400	-0.103200
0.272480	-0.103200
0.272560	-0.103200
0.272640	-0.103200
0.272720	-0.095597
0.272800	-0.095597
0.272880	-0.087993
0.272960	-0.103200
0.273040	-0.103200
0.273120	-0.110800
0.273200	-0.133620
0.273280	-0.133620
0.273360	-0.156430
0.273440	-0.141220
0.273520	-0.141220
0.273600	-0.110800
0.273680	-0.118410
0.273760	-0.110800
0.273840	-0.133620
0.273920	-0.133620
0.274000	-0.126010
0.274080	-0.118410
0.274160	-0.095597
0.274240	-0.126010
0.274320	-0.126010
0.274400	-0.110800
0.274480	-0.080390
0.274560	-0.072786
0.274640	-0.057579
0.274720	-0.065182
0.274800	-0.095597
0.274880	-0.141220
0.274960	-0.148820
0.275040	-0.133620
0.275120	-0.133620
0.275200	-0.141220
0.275280	-0.126010
0.275360	-0.118410
0.275440	-0.110800
0.275520	-0.110800
0.275600	-0.103200
0.275680	-0.087993
0.275760	-0.103200
0.275840	-0.110800
0.275920	-0.110800
0.276000	-0.118410
0.276080	-0.133620
0.276160	-0.133620
0.276240	-0.156430
0.276320	-0.179240
0.276400	-0.164030
0.276480	-0.164030
0.276560	-0.156430
0.276640	-0.148820
0.276720	-0.141220
0.276800	-0.156430
0.276880	-0.164030
0.276960	-0.156430
0.277040	-0.148820
0.277120	-0.156430
0.277200	-0.148820
0.277280	-0.148820
0.277360	-0.156430
0.277440	-0.164030
0.277520	-0.164030
0.277600	-0.164030
0.277680	-0.171630
0.277760	-0.171630
0.277840	-0.164030
0.277920	-0.171630
0.278000	-0.171630
0.278080	-0.171630
0.278160	-0.186840
0.278240	-0.179240
0.278320	-0.186840
0.278400	-0.164030
0.278480	-0.148820
0.278560	-0.156430
0.278640	-0.148820
0.278720	-0.156430
0.278800	-0.156430
0.278880	-0.164030
0.278960	-0.141220
0.279040	-0.148820
0.279120	-0.164030
0.279200	-0.148820
0.279280	-0.141220
0.279360	-0.133620
0.279440	-0.126010
0.279520	-0.133620
0.279600	-0.126010
0.279680	-0.126010
0.279760	-0.133620
0.279840	-0.126010
0.279920	-0.118410
0.280000	-0.110800
0.280080	-0.110800
0.280160	-0.126010
0.280240	-0.118410
0.280320	-0.118410
0.280400	-0.126010
0.280480	-0.126010
0.280560	-0.126010
0.280640	-0.126010
0.280720	-0.133620
0.280800	-0.126010
0.280880	-0.118410
0.280960	-0.118410
0.281040	-0.118410
0.281120	-0.103200
0.281200	-0.095597
0.281280	-0.118410
0.281360	-0.126010
0.281440	-0.133620
0.281520	-0.126010
0.281600	-0.126010
0.281680	-0.126010
0.281760	-0.118410
0.281840	-0.118410
0.281920	-0.118410
0.282000	-0.126010
0.282080	-0.118410
0.282160	-0.110800
0.282240	-0.118410
0.282320	-0.126010
0.282400	-0.126010
0.282480	-0.141220
0.282560	-0.141220
0.282640	-0.141220
0.282720	-0.141220
0.282800	-0.141220
0.282880	-0.133620
0.282960	-0.133620
0.283040	-0.133620
0.283120	-0.126010
0.283200	-0.133620
0.283280	-0.133620
0.283360	-0.126010
0.283440	-0.118410
0.283520	-0.110800
0.283600	-0.110800
0.283680	-0.126010
0.283760	-0.126010
0.283840	-0.126010
0.283920	-0.126010
0.284000	-0.110800
0.284080	-0.110800
0.284160	-0.110800
0.284240	-0.110800
0.284320	-0.110800
0.284400	-0.110800
0.284480	-0.118410
0.284560	-0.133620
0.284640	-0.118410
0.284720	-0.126010
0.284800	-0.103200
0.284880	-0.118410
0.284960	-0.133620
0.285040	-0.141220
0.285120	-0.156430
0.285200	-0.133620
0.285280	-0.141220
0.285360	-0.141220
0.285440	-0.118410
0.285520	-0.118410
0.285600	-0.133620
0.285680	-0.126010
0.285760	-0.126010
0.285840	-0.095597
0.285920	-0.110800
0.286000	-0.103200
0.286080	-0.095597
0.286160	-0.110800
0.286240	-0.103200
0.286320	-0.103200
0.286400	-0.080390
0.286480	-0.080390
0.286560	-0.080390
0.286640	-0.072786
0.286720	-0.065182
0.286800	-0.072786
0.286880	-0.065182
0.286960	-0.065182
0.287040	-0.057579
0.287120	-0.072786
0.287200	-0.042371
0.287280	-0.042371
0.287360	-0.042371
0.287440	-0.011956
0.287520	-0.049975
0.287600	-0.057579
0.287680	-0.080390
0.287760	-0.057579
0.287840	-0.019560
0.287920	-0.027164
0.288000	-0.027164
0.288080	-0.027164
0.288160	-0.027164
0.288240	-0.027164
0.288320	-0.019560
0.288400	-0.034768
0.288480	0.003251
0.288560	0.003251
0.288640	0.018458
0.288720	0.018458
0.288800	0.026062
0.288880	0.026062
0.288960	0.018458
0.289040	-0.019560
0.289120	-0.027164
0.289200	-0.034768
0.289280	-0.034768
0.289360	-0.034768
0.289440	-0.034768
0.289520	-0.042371
0.289600	-0.042371
0.289680	-0.049975
0.289760	-0.042371
0.289840	-0.034768
0.289920	-0.042371
0.290000	-0.027164
0.290080	-0.034768
0.290160	-0.034768
0.290240	-0.034768
0.290320	-0.049975
0.290400	-0.049975
0.290480	-0.049975
0.290560	-0.049975
0.290640	-0.034768
0.290720	-0.042371
0.290800	-0.049975
0.290880	-0.049975
0.290960	-0.057579
0.291040	-0.057579
0.291120	-0.057579
0.291200	-0.057579
0.291280	-0.065182
0.291360	-0.072786
0.291440	-0.080390
0.291520	-0.080390
0.291600	-0.065182
0.291680	-0.072786
0.291760	-0.072786
0.291840	-0.072786
0.291920	-0.065182
0.292000	-0.065182
0.292080	-0.065182
0.292160	-0.087993
0.292240	-0.072786
0.292320	-0.080390
0.292400	-0.072786
0.292480	-0.080390
0.292560	-0.087993
0.292640	-0.087993
0.292720	-0.110800
0.292800	-0.103200
0.292880	-0.103200
0.292960	-0.095597
0.293040	-0.080390
0.293120	-0.065182
0.293200	-0.080390
0.293280	-0.087993
0.293360	-0.065182
0.293440	-0.065182
0.293520	-0.072786
0.293600	-0.080390
0.293680	-0.072786
0.293760	-0.065182
0.293840	-0.065182
0.293920	-0.072786
0.294000	-0.065182
0.294080	-0.072786
0.294160	-0.087993
0.294240	-0.072786
0.294320	-0.065182
0.294400	-0.065182
0.294480	-0.065182
0.294560	-0.057579
0.294640	-0.065182
0.294720	-0.072786
0.294800	-0.065182
0.294880	-0.057579
0.294960	-0.057579
0.295040	-0.072786
0.295120	-0.065182
0.295200	-0.087993
0.295280	-0.080390
0.295360	-0.103200
0.295440	-0.095597
0.295520	-0.103200
0.295600	-0.080390
0.295680	-0.095597
0.295760	-0.080390
0.295840	-0.087993
0.295920	-0.095597
0.296000	-0.080390
0.296080	-0.065182
0.296160	-0.087993
0.296240	-0.095597
0.296320	-0.095597
0.296400	-0.110800
0.296480	-0.118410
0.296560	-0.118410
0.296640	-0.126010
0.296720	-0.118410
0.296800	-0.126010
0.296880	-0.118410
0.296960	-0.110800
0.297040	-0.126010
0.297120	-0.126010
0.297200	-0.126010
0.297280	-0.126010
0.297360	-0.103200
0.297440	-0.110800
0.297520	-0.110800
0.297600	-0.118410
0.297680	-0.126010
0.297760	-0.118410
0.297840	-0.133620
0.297920	-0.133620
0.298000	-0.141220
0.298080	-0.126010
0.298160	-0.118410
0.298240	-0.110800
0.298320	-0.126010
0.298400	-0.126010
0.298480	-0.133620
0.298560	-0.141220
0.298640	-0.133620
0.298720	-0.133620
0.298800	-0.141220
0.298880	-0.133620
0.298960	-0.118410
0.299040	-0.126010
0.299120	-0.141220
0.299200	-0.148820
0.299280	-0.156430
0.299360	-0.164030
0.299440	-0.156430
0.299520	-0.141220
0.299600	-0.141220
0.299680	-0.141220
0.299760	-0.133620
0.299840	-0.126010
0.299920	-0.133620
0.300000	-0.133620
0.300080	-0.133620
0.300160	-0.133620
0.300240	-0.126010
0.300320	-0.126010
0.300400	-0.133620
0.300480	-0.133620
0.300560	-0.126010
0.300640	-0.118410
0.300720	-0.110800
0.300800	-0.103200
0.300880	-0.103200
0.300960	-0.095597
0.301040	-0.087993
0.301120	-0.103200
0.301200	-0.095597
0.301280	-0.087993
0.301360	-0.080390
0.301440	-0.080390
0.301520	-0.065182
0.301600	-0.049975
0.301680	-0.034768
0.301760	-0.027164
0.301840	-0.004353
0.301920	0.018458
0.302000	0.056477
0.302080	0.109700
0.302160	0.178140
0.302240	0.246570
0.302320	0.375830
0.302400	0.550720
0.302480	0.816850
0.302560	1.166600
0.302640	1.600000
0.302720	2.079100
0.302800	2.580900
0.302880	3.021900
0.302960	3.356500
0.303040	3.577000
0.303120	3.668200
0.303200	3.691000
0.303280	3.637800
0.303360	3.554200
0.303440	3.424900
0.303520	3.242400
0.303600	2.999100
0.303680	2.702600
0.303760	2.292000
0.303840	1.835700
0.303920	1.326300
0.304000	0.702790
0.304080	0.018458
0.304160	-0.734310
0.304240	-1.449100
0.304320	-2.011700
0.304400	-2.315900
0.304480	-2.468000
0.304560	-2.566800
0.304640	-2.734100
0.304720	-2.992600
0.304800	-3.266300
0.304880	-3.456400
0.304960	-3.486900
0.305040	-3.433600
0.305120	-3.342400
0.305200	-3.251100
0.305280	-3.159900
0.305360	-3.053400
0.305440	-2.901400
0.305520	-2.688500
0.305600	-2.422300
0.305680	-2.171400
0.305760	-1.920500
0.305840	-1.654400
0.305920	-1.418600
0.306000	-1.160100
0.306080	-0.878780
0.306160	-0.612650
0.306240	-0.354120
0.306320	-0.126010
0.306400	0.056477
0.306480	0.231360
0.306560	0.375830
0.306640	0.482280
0.306720	0.581130
0.306800	0.641960
0.306880	0.664770
0.306960	0.672380
0.307040	0.649560
0.307120	0.619150
0.307200	0.573530
0.307280	0.535510
0.307360	0.467080
0.307440	0.360620
0.307520	0.261780
0.307600	0.178140
0.307680	0.094495
0.307760	0.003251
0.307840	-0.072786
0.307920	-0.141220
0.308000	-0.224860
0.308080	-0.278090
0.308160	-0.323710
0.308240	-0.384540
0.308320	-0.452970
0.308400	-0.521400
0.308480	-0.567030
0.308560	-0.612650
0.308640	-0.635460
0.308720	-0.665880
0.308800	-0.665880
0.308880	-0.665880
0.308960	-0.673480
0.309040	-0.665880
0.309120	-0.643060
0.309200	-0.612650
0.309280	-0.597440
0.309360	-0.567030
0.309440	-0.529010
0.309520	-0.483390
0.309600	-0.437760
0.309680	-0.392140
0.309760	-0.354120
0.309840	-0.323710
0.309920	-0.285690
