-0.020080	-0.004262
-0.020000	-0.028697
-0.019920	-0.016480
-0.019840	-0.004262
-0.019760	-0.016480
-0.019680	-0.004262
-0.019600	-0.004262
-0.019520	-0.004262
-0.019440	-0.004262
-0.019360	-0.016480
-0.019280	-0.040915
-0.019200	-0.004262
-0.019120	-0.016480
-0.019040	-0.004262
-0.018960	-0.004262
-0.018880	-0.004262
-0.018800	-0.028697
-0.018720	-0.004262
-0.018640	-0.040915
-0.018560	-0.040915
-0.018480	-0.028697
-0.018400	-0.028697
-0.018320	-0.016480
-0.018240	-0.028697
-0.018160	-0.004262
-0.018080	-0.004262
-0.018000	-0.004262
-0.017920	-0.004262
-0.017840	-0.028697
-0.017760	-0.004262
-0.017680	-0.004262
-0.017600	0.007955
-0.017520	-0.016480
-0.017440	-0.016480
-0.017360	-0.016480
-0.017280	-0.016480
-0.017200	-0.016480
-0.017120	-0.004262
-0.017040	0.007955
-0.016960	-0.016480
-0.016880	-0.016480
-0.016800	-0.028697
-0.016720	-0.016480
-0.016640	-0.016480
-0.016560	-0.016480
-0.016480	-0.016480
-0.016400	-0.016480
-0.016320	-0.004262
-0.016240	-0.016480
-0.016160	-0.016480
-0.016080	-0.004262
-0.016000	-0.028697
-0.015920	-0.028697
-0.015840	-0.028697
-0.015760	0.007955
-0.015680	-0.004262
-0.015600	-0.004262
-0.015520	-0.004262
-0.015440	-0.016480
-0.015360	0.007955
-0.015280	-0.016480
-0.015200	-0.004262
-0.015120	0.020173
-0.015040	-0.004262
-0.014960	-0.016480
-0.014880	-0.028697
-0.014800	0.007955
-0.014720	-0.016480
-0.014640	-0.028697
-0.014560	-0.016480
-0.014480	0.007955
-0.014400	0.020173
-0.014320	-0.016480
-0.014240	-0.016480
-0.014160	-0.004262
-0.014080	-0.004262
-0.014000	0.007955
-0.013920	0.007955
-0.013840	-0.004262
-0.013760	-0.028697
-0.013680	-0.028697
-0.013600	-0.016480
-0.013520	-0.016480
-0.013440	-0.016480
-0.013360	-0.016480
-0.013280	-0.004262
-0.013200	-0.004262
-0.013120	-0.016480
-0.013040	-0.016480
-0.012960	-0.004262
-0.012880	-0.004262
-0.012800	-0.004262
-0.012720	-0.004262
-0.012640	-0.004262
-0.012560	-0.028697
-0.012480	-0.004262
-0.012400	0.007955
-0.012320	-0.004262
-0.012240	-0.016480
-0.012160	-0.004262
-0.012080	-0.016480
-0.012000	-0.004262
-0.011920	-0.004262
-0.011840	-0.016480
-0.011760	-0.004262
-0.011680	0.007955
-0.011600	-0.016480
-0.011520	-0.004262
-0.011440	0.007955
-0.011360	0.020173
-0.011280	0.007955
-0.011200	0.007955
-0.011120	-0.004262
-0.011040	-0.004262
-0.010960	-0.016480
-0.010880	-0.016480
-0.010800	-0.004262
-0.010720	-0.028697
-0.010640	-0.016480
-0.010560	-0.028697
-0.010480	-0.004262
-0.010400	0.007955
-0.010320	0.007955
-0.010240	-0.004262
-0.010160	0.007955
-0.010080	0.007955
-0.010000	-0.004262
-0.009920	-0.004262
-0.009840	-0.016480
-0.009760	-0.016480
-0.009680	-0.016480
-0.009600	-0.016480
-0.009520	-0.004262
-0.009440	-0.004262
-0.009360	-0.004262
-0.009280	-0.004262
-0.009200	0.007955
-0.009120	-0.004262
-0.009040	0.007955
-0.008960	0.020173
-0.008880	0.032390
-0.008800	0.007955
-0.008720	0.007955
-0.008640	0.007955
-0.008560	0.007955
-0.008480	0.007955
-0.008400	0.007955
-0.008320	0.020173
-0.008240	-0.004262
-0.008160	-0.004262
-0.008080	-0.004262
-0.008000	-0.004262
-0.007920	-0.004262
-0.007840	-0.016480
-0.007760	-0.016480
-0.007680	0.007955
-0.007600	-0.004262
-0.007520	0.007955
-0.007440	-0.016480
-0.007360	-0.004262
-0.007280	0.007955
-0.007200	0.007955
-0.007120	0.020173
-0.007040	0.007955
-0.006960	-0.004262
-0.006880	-0.028697
-0.006800	0.020173
-0.006720	-0.004262
-0.006640	0.007955
-0.006560	0.020173
-0.006480	-0.004262
-0.006400	0.032390
-0.006320	0.007955
-0.006240	-0.016480
-0.006160	-0.004262
-0.006080	0.007955
-0.006000	0.020173
-0.005920	-0.016480
-0.005840	-0.004262
-0.005760	0.020173
-0.005680	0.020173
-0.005600	0.032390
-0.005520	0.020173
-0.005440	0.020173
-0.005360	0.020173
-0.005280	0.007955
-0.005200	0.007955
-0.005120	-0.004262
-0.005040	0.007955
-0.004960	-0.004262
-0.004880	-0.004262
-0.004800	0.007955
-0.004720	0.007955
-0.004640	0.007955
-0.004560	0.020173
-0.004480	0.020173
-0.004400	-0.004262
-0.004320	-0.004262
-0.004240	0.020173
-0.004160	0.007955
-0.004080	-0.004262
-0.004000	-0.004262
-0.003920	-0.016480
-0.003840	0.007955
-0.003760	0.007955
-0.003680	0.007955
-0.003600	0.020173
-0.003520	0.007955
-0.003440	0.007955
-0.003360	0.007955
-0.003280	-0.004262
-0.003200	0.007955
-0.003120	0.032390
-0.003040	0.007955
-0.002960	-0.016480
-0.002880	0.007955
-0.002800	0.007955
-0.002720	0.007955
-0.002640	0.020173
-0.002560	-0.004262
-0.002480	-0.004262
-0.002400	-0.004262
-0.002320	-0.004262
-0.002240	0.007955
-0.002160	0.020173
-0.002080	0.020173
-0.002000	0.007955
-0.001920	0.007955
-0.001840	0.007955
-0.001760	-0.004262
-0.001680	0.032390
-0.001600	0.032390
-0.001520	0.032390
-0.001440	0.032390
-0.001360	0.007955
-0.001280	0.007955
-0.001200	0.020173
-0.001120	-0.004262
-0.001040	-0.004262
-0.000960	0.007955
-0.000880	0.032390
-0.000800	0.020173
-0.000720	0.032390
-0.000640	0.032390
-0.000560	0.032390
-0.000480	0.044608
-0.000400	0.020173
-0.000320	0.020173
-0.000240	0.044608
-0.000160	0.007955
-0.000080	0.007955
0.000000	-0.004262
0.000080	0.007955
0.000160	0.020173
0.000240	0.032390
0.000320	0.020173
0.000400	0.007955
0.000480	0.007955
0.000560	-0.004262
0.000640	-0.004262
0.000720	-0.016480
0.000800	0.007955
0.000880	-0.004262
0.000960	0.007955
0.001040	0.007955
0.001120	-0.004262
0.001200	-0.016480
0.001280	-0.016480
0.001360	-0.004262
0.001440	0.020173
0.001520	0.007955
0.001600	0.007955
0.001680	0.007955
0.001760	0.032390
0.001840	0.007955
0.001920	0.032390
0.002000	0.032390
0.002080	0.020173
0.002160	0.007955
0.002240	0.007955
0.002320	0.032390
0.002400	0.020173
0.002480	0.007955
0.002560	0.032390
0.002640	0.032390
0.002720	0.007955
0.002800	0.032390
0.002880	-0.004262
0.002960	0.020173
0.003040	0.020173
0.003120	0.007955
0.003200	0.020173
0.003280	0.007955
0.003360	0.020173
0.003440	0.032390
0.003520	0.020173
0.003600	0.007955
0.003680	0.020173
0.003760	0.007955
0.003840	0.020173
0.003920	0.020173
0.004000	0.007955
0.004080	0.032390
0.004160	0.020173
0.004240	0.032390
0.004320	0.020173
0.004400	0.020173
0.004480	0.032390
0.004560	0.020173
0.004640	0.020173
0.004720	0.020173
0.004800	0.032390
0.004880	0.020173
0.004960	0.044608
0.005040	0.032390
0.005120	0.032390
0.005200	0.032390
0.005280	0.032390
0.005360	0.032390
0.005440	0.032390
0.005520	0.044608
0.005600	0.032390
0.005680	0.032390
0.005760	0.056825
0.005840	0.056825
0.005920	0.044608
0.006000	0.020173
0.006080	0.032390
0.006160	0.020173
0.006240	0.020173
0.006320	0.032390
0.006400	0.044608
0.006480	0.020173
0.006560	0.032390
0.006640	0.044608
0.006720	0.020173
0.006800	0.044608
0.006880	0.032390
0.006960	0.032390
0.007040	0.056825
0.007120	0.044608
0.007200	0.044608
0.007280	0.056825
0.007360	0.056825
0.007440	0.032390
0.007520	0.032390
0.007600	0.007955
0.007680	0.105700
0.007760	0.081260
0.007840	0.032390
0.007920	0.032390
0.008000	0.056825
0.008080	0.056825
0.008160	0.069043
0.008240	0.044608
0.008320	0.056825
0.008400	0.044608
0.008480	0.056825
0.008560	0.069043
0.008640	0.056825
0.008720	0.056825
0.008800	0.069043
0.008880	0.056825
0.008960	0.069043
0.009040	0.069043
0.009120	0.044608
0.009200	0.044608
0.009280	0.056825
0.009360	0.032390
0.009440	0.056825
0.009520	0.069043
0.009600	0.093478
0.009680	0.081260
0.009760	0.056825
0.009840	0.093478
0.009920	0.093478
0.010000	0.069043
0.010080	0.081260
0.010160	0.069043
0.010240	0.081260
0.010320	0.093478
0.010400	0.081260
0.010480	0.069043
0.010560	0.081260
0.010640	0.093478
0.010720	0.081260
0.010800	0.081260
0.010880	0.105700
0.010960	0.081260
0.011040	0.093478
0.011120	0.105700
0.011200	0.093478
0.011280	0.093478
0.011360	0.093478
0.011440	0.093478
0.011520	0.105700
0.011600	0.105700
0.011680	0.093478
0.011760	0.105700
0.011840	0.093478
0.011920	0.130130
0.012000	0.117910
0.012080	0.130130
0.012160	0.117910
0.012240	0.117910
0.012320	0.130130
0.012400	0.130130
0.012480	0.117910
0.012560	0.130130
0.012640	0.130130
0.012720	0.142350
0.012800	0.130130
0.012880	0.142350
0.012960	0.142350
0.013040	0.142350
0.013120	0.154570
0.013200	0.154570
0.013280	0.179000
0.013360	0.179000
0.013440	0.179000
0.013520	0.154570
0.013600	0.154570
0.013680	0.154570
0.013760	0.179000
0.013840	0.191220
0.013920	0.179000
0.014000	0.179000
0.014080	0.203440
0.014160	0.203440
0.014240	0.203440
0.014320	0.203440
0.014400	0.215650
0.014480	0.215650
0.014560	0.240090
0.014640	0.227870
0.014720	0.215650
0.014800	0.240090
0.014880	0.240090
0.014960	0.227870
0.015040	0.227870
0.015120	0.252310
0.015200	0.240090
0.015280	0.240090
0.015360	0.227870
0.015440	0.264520
0.015520	0.252310
0.015600	0.276740
0.015680	0.240090
0.015760	0.252310
0.015840	0.252310
0.015920	0.276740
0.016000	0.276740
0.016080	0.264520
0.016160	0.288960
0.016240	0.276740
0.016320	0.264520
0.016400	0.276740
0.016480	0.301170
0.016560	0.288960
0.016640	0.288960
0.016720	0.301170
0.016800	0.301170
0.016880	0.301170
0.016960	0.301170
0.017040	0.301170
0.017120	0.301170
0.017200	0.313390
0.017280	0.301170
0.017360	0.276740
0.017440	0.301170
0.017520	0.301170
0.017600	0.313390
0.017680	0.325610
0.017760	0.337830
0.017840	0.313390
0.017920	0.325610
0.018000	0.325610
0.018080	0.313390
0.018160	0.350040
0.018240	0.325610
0.018320	0.337830
0.018400	0.350040
0.018480	0.337830
0.018560	0.325610
0.018640	0.350040
0.018720	0.350040
0.018800	0.350040
0.018880	0.350040
0.018960	0.325610
0.019040	0.350040
0.019120	0.350040
0.019200	0.362260
0.019280	0.374480
0.019360	0.350040
0.019440	0.362260
0.019520	0.362260
0.019600	0.350040
0.019680	0.337830
0.019760	0.374480
0.019840	0.362260
0.019920	0.374480
0.020000	0.386700
0.020080	0.386700
0.020160	0.374480
0.020240	0.350040
0.020320	0.350040
0.020400	0.386700
0.020480	0.362260
0.020560	0.386700
0.020640	0.374480
0.020720	0.374480
0.020800	0.386700
0.020880	0.374480
0.020960	0.386700
0.021040	0.386700
0.021120	0.386700
0.021200	0.386700
0.021280	0.398910
0.021360	0.386700
0.021440	0.374480
0.021520	0.411130
0.021600	0.398910
0.021680	0.386700
0.021760	0.398910
0.021840	0.386700
0.021920	0.411130
0.022000	0.423350
0.022080	0.411130
0.022160	0.423350
0.022240	0.411130
0.022320	0.398910
0.022400	0.411130
0.022480	0.435570
0.022560	0.411130
0.022640	0.423350
0.022720	0.423350
0.022800	0.423350
0.022880	0.411130
0.022960	0.398910
0.023040	0.398910
0.023120	0.435570
0.023200	0.411130
0.023280	0.423350
0.023360	0.447780
0.023440	0.435570
0.023520	0.423350
0.023600	0.423350
0.023680	0.423350
0.023760	0.423350
0.023840	0.435570
0.023920	0.423350
0.024000	0.423350
0.024080	0.423350
0.024160	0.411130
0.024240	0.435570
0.024320	0.435570
0.024400	0.435570
0.024480	0.435570
0.024560	0.447780
0.024640	0.435570
0.024720	0.423350
0.024800	0.447780
0.024880	0.411130
0.024960	0.423350
0.025040	0.435570
0.025120	0.435570
0.025200	0.423350
0.025280	0.423350
0.025360	0.411130
0.025440	0.423350
0.025520	0.435570
0.025600	0.423350
0.025680	0.411130
0.025760	0.411130
0.025840	0.447780
0.025920	0.460000
0.026000	0.460000
0.026080	0.447780
0.026160	0.447780
0.026240	0.447780
0.026320	0.435570
0.026400	0.435570
0.026480	0.435570
0.026560	0.447780
0.026640	0.447780
0.026720	0.447780
0.026800	0.411130
0.026880	0.435570
0.026960	0.423350
0.027040	0.435570
0.027120	0.521090
0.027200	0.472220
0.027280	0.460000
0.027360	0.484440
0.027440	0.472220
0.027520	0.484440
0.027600	0.484440
0.027680	0.496650
0.027760	0.496650
0.027840	0.472220
0.027920	0.484440
0.028000	0.521090
0.028080	0.496650
0.028160	0.496650
0.028240	0.484440
0.028320	0.496650
0.028400	0.484440
0.028480	0.496650
0.028560	0.521090
0.028640	0.496650
0.028720	0.496650
0.028800	0.496650
0.028880	0.508870
0.028960	0.496650
0.029040	0.496650
0.029120	0.496650
0.029200	0.496650
0.029280	0.496650
0.029360	0.496650
0.029440	0.484440
0.029520	0.472220
0.029600	0.496650
0.029680	0.484440
0.029760	0.484440
0.029840	0.484440
0.029920	0.496650
0.030000	0.496650
0.030080	0.484440
0.030160	0.472220
0.030240	0.496650
0.030320	0.484440
0.030400	0.460000
0.030480	0.447780
0.030560	0.435570
0.030640	0.460000
0.030720	0.472220
0.030800	0.472220
0.030880	0.484440
0.030960	0.447780
0.031040	0.447780
0.031120	0.472220
0.031200	0.447780
0.031280	0.411130
0.031360	0.423350
0.031440	0.447780
0.031520	0.447780
0.031600	0.447780
0.031680	0.447780
0.031760	0.460000
0.031840	0.447780
0.031920	0.398910
0.032000	0.411130
0.032080	0.411130
0.032160	0.398910
0.032240	0.398910
0.032320	0.398910
0.032400	0.398910
0.032480	0.386700
0.032560	0.398910
0.032640	0.386700
0.032720	0.374480
0.032800	0.374480
0.032880	0.362260
0.032960	0.350040
0.033040	0.350040
0.033120	0.374480
0.033200	0.386700
0.033280	0.362260
0.033360	0.350040
0.033440	0.337830
0.033520	0.337830
0.033600	0.337830
0.033680	0.325610
0.033760	0.337830
0.033840	0.337830
0.033920	0.325610
0.034000	0.337830
0.034080	0.325610
0.034160	0.313390
0.034240	0.301170
0.034320	0.313390
0.034400	0.301170
0.034480	0.301170
0.034560	0.288960
0.034640	0.252310
0.034720	0.252310
0.034800	0.252310
0.034880	0.252310
0.034960	0.252310
0.035040	0.264520
0.035120	0.264520
0.035200	0.264520
0.035280	0.264520
0.035360	0.252310
0.035440	0.240090
0.035520	0.252310
0.035600	0.276740
0.035680	0.264520
0.035760	0.288960
0.035840	0.325610
0.035920	0.301170
0.036000	0.276740
0.036080	0.252310
0.036160	0.227870
0.036240	0.215650
0.036320	0.215650
0.036400	0.252310
0.036480	0.252310
0.036560	0.276740
0.036640	0.313390
0.036720	0.301170
0.036800	0.288960
0.036880	0.240090
0.036960	0.154570
0.037040	0.081260
0.037120	0.130130
0.037200	0.240090
0.037280	0.386700
0.037360	0.423350
0.037440	0.350040
0.037520	0.264520
0.037600	0.191220
0.037680	0.203440
0.037760	0.252310
0.037840	0.301170
0.037920	0.337830
0.038000	0.325610
0.038080	0.325610
0.038160	0.301170
0.038240	0.325610
0.038320	0.301170
0.038400	0.264520
0.038480	0.240090
0.038560	0.215650
0.038640	0.227870
0.038720	0.276740
0.038800	0.313390
0.038880	0.301170
0.038960	0.301170
0.039040	0.276740
0.039120	0.240090
0.039200	0.227870
0.039280	0.227870
0.039360	0.240090
0.039440	0.252310
0.039520	0.276740
0.039600	0.264520
0.039680	0.264520
0.039760	0.252310
0.039840	0.276740
0.039920	0.240090
0.040000	0.252310
0.040080	0.288960
0.040160	0.276740
0.040240	0.276740
0.040320	0.288960
0.040400	0.276740
0.040480	0.301170
0.040560	0.325610
0.040640	0.301170
0.040720	0.313390
0.040800	0.325610
0.040880	0.313390
0.040960	0.301170
0.041040	0.325610
0.041120	0.325610
0.041200	0.325610
0.041280	0.350040
0.041360	0.301170
0.041440	0.301170
0.041520	0.325610
0.041600	0.350040
0.041680	0.423350
0.041760	0.447780
0.041840	0.423350
0.041920	0.460000
0.042000	0.423350
0.042080	0.374480
0.042160	0.325610
0.042240	0.288960
0.042320	0.288960
0.042400	0.288960
0.042480	0.252310
0.042560	0.252310
0.042640	0.264520
0.042720	0.288960
0.042800	0.276740
0.042880	0.313390
0.042960	0.337830
0.043040	0.350040
0.043120	0.374480
0.043200	0.386700
0.043280	0.411130
0.043360	0.374480
0.043440	0.325610
0.043520	0.252310
0.043600	0.203440
0.043680	0.215650
0.043760	0.252310
0.043840	0.288960
0.043920	0.313390
0.044000	0.325610
0.044080	0.313390
0.044160	0.301170
0.044240	0.313390
0.044320	0.325610
0.044400	0.313390
0.044480	0.301170
0.044560	0.276740
0.044640	0.240090
0.044720	0.227870
0.044800	0.252310
0.044880	0.264520
0.044960	0.252310
0.045040	0.264520
0.045120	0.252310
0.045200	0.227870
0.045280	0.166780
0.045360	0.179000
0.045440	0.240090
0.045520	0.313390
0.045600	0.350040
0.045680	0.337830
0.045760	0.313390
0.045840	0.240090
0.045920	0.191220
0.046000	0.191220
0.046080	0.179000
0.046160	0.154570
0.046240	0.154570
0.046320	0.142350
0.046400	0.154570
0.046480	0.215650
0.046560	0.264520
0.046640	0.276740
0.046720	0.313390
0.046800	0.313390
0.046880	0.301170
0.046960	0.276740
0.047040	0.252310
0.047120	0.227870
0.047200	0.191220
0.047280	0.154570
0.047360	0.142350
0.047440	0.130130
0.047520	0.154570
0.047600	0.130130
0.047680	0.081260
0.047760	0.081260
0.047840	0.056825
0.047920	0.093478
0.048000	0.105700
0.048080	0.105700
0.048160	0.117910
0.048240	0.093478
0.048320	0.056825
0.048400	0.020173
0.048480	0.032390
0.048560	0.044608
0.048640	0.056825
0.048720	0.069043
0.048800	0.117910
0.048880	0.105700
0.048960	0.117910
0.049040	0.105700
0.049120	0.081260
0.049200	0.069043
0.049280	0.056825
0.049360	0.032390
0.049440	0.056825
0.049520	0.032390
0.049600	0.044608
0.049680	0.032390
0.049760	0.044608
0.049840	0.007955
0.049920	0.032390
0.050000	0.032390
0.050080	0.020173
0.050160	0.032390
0.050240	0.044608
0.050320	0.032390
0.050400	0.020173
0.050480	0.032390
0.050560	0.032390
0.050640	0.020173
0.050720	0.044608
0.050800	0.044608
0.050880	0.056825
0.050960	0.069043
0.051040	0.056825
0.051120	0.056825
0.051200	0.032390
0.051280	0.032390
0.051360	0.044608
0.051440	0.007955
0.051520	-0.004262
0.051600	-0.004262
0.051680	-0.004262
0.051760	0.032390
0.051840	0.020173
0.051920	0.007955
0.052000	-0.004262
0.052080	-0.004262
0.052160	-0.028697
0.052240	-0.016480
0.052320	-0.028697
0.052400	-0.028697
0.052480	-0.004262
0.052560	-0.016480
0.052640	0.007955
0.052720	0.007955
0.052800	-0.016480
0.052880	-0.028697
0.052960	-0.016480
0.053040	-0.016480
0.053120	-0.016480
0.053200	-0.016480
0.053280	-0.028697
0.053360	-0.016480
0.053440	-0.016480
0.053520	-0.016480
0.053600	-0.028697
0.053680	-0.040915
0.053760	-0.028697
0.053840	-0.016480
0.053920	-0.016480
0.054000	-0.004262
0.054080	-0.028697
0.054160	-0.053132
0.054240	-0.065350
0.054320	-0.077567
0.054400	-0.077567
0.054480	-0.053132
0.054560	-0.040915
0.054640	-0.040915
0.054720	-0.040915
0.054800	-0.040915
0.054880	-0.028697
0.054960	-0.016480
0.055040	0.020173
0.055120	-0.016480
0.055200	-0.040915
0.055280	-0.065350
0.055360	-0.065350
0.055440	-0.065350
0.055520	-0.065350
0.055600	-0.065350
0.055680	-0.077567
0.055760	-0.040915
0.055840	-0.053132
0.055920	-0.040915
0.056000	-0.053132
0.056080	-0.065350
0.056160	-0.089785
0.056240	-0.102000
0.056320	-0.150870
0.056400	-0.126440
0.056480	-0.126440
0.056560	-0.138660
0.056640	-0.138660
0.056720	-0.126440
0.056800	-0.114220
0.056880	-0.114220
0.056960	-0.114220
0.057040	-0.114220
0.057120	-0.114220
0.057200	-0.126440
0.057280	-0.102000
0.057360	-0.089785
0.057440	-0.077567
0.057520	-0.077567
0.057600	-0.089785
0.057680	-0.138660
0.057760	-0.114220
0.057840	-0.065350
0.057920	-0.102000
0.058000	-0.138660
0.058080	-0.126440
0.058160	-0.126440
0.058240	-0.114220
0.058320	-0.102000
0.058400	-0.102000
0.058480	-0.089785
0.058560	-0.053132
0.058640	-0.004262
0.058720	0.056825
0.058800	0.130130
0.058880	0.154570
0.058960	0.130130
0.059040	0.069043
0.059120	0.032390
0.059200	0.032390
0.059280	0.044608
0.059360	0.069043
0.059440	0.081260
0.059520	0.105700
0.059600	0.105700
0.059680	0.130130
0.059760	0.130130
0.059840	0.142350
0.059920	0.142350
0.060000	0.191220
0.060080	0.191220
0.060160	0.203440
0.060240	0.227870
0.060320	0.252310
0.060400	0.264520
0.060480	0.252310
0.060560	0.276740
0.060640	0.252310
0.060720	0.276740
0.060800	0.301170
0.060880	0.301170
0.060960	0.337830
0.061040	0.350040
0.061120	0.362260
0.061200	0.423350
0.061280	0.411130
0.061360	0.423350
0.061440	0.447780
0.061520	0.484440
0.061600	0.496650
0.061680	0.508870
0.061760	0.533310
0.061840	0.533310
0.061920	0.545530
0.062000	0.582180
0.062080	0.594390
0.062160	0.606610
0.062240	0.606610
0.062320	0.643270
0.062400	0.643270
0.062480	0.643270
0.062560	0.643270
0.062640	0.667700
0.062720	0.716570
0.062800	0.741010
0.062880	0.777660
0.062960	0.789870
0.063040	0.826530
0.063120	0.838740
0.063200	0.838740
0.063280	0.850960
0.063360	0.887620
0.063440	0.936480
0.063520	0.973140
0.063600	1.009800
0.063680	1.046400
0.063760	1.070900
0.063840	1.107500
0.063920	1.119800
0.064000	1.156400
0.064080	1.156400
0.064160	1.205300
0.064240	1.266400
0.064320	1.327400
0.064400	1.413000
0.064480	1.437400
0.064560	1.449600
0.064640	1.413000
0.064720	1.351900
0.064800	1.388500
0.064880	1.437400
0.064960	1.498500
0.065040	1.547400
0.065120	1.584000
0.065200	1.632900
0.065280	1.669500
0.065360	1.694000
0.065440	1.755100
0.065520	1.791700
0.065600	1.816100
0.065680	1.828400
0.065760	1.877200
0.065840	1.913900
0.065920	1.913900
0.066000	1.962700
0.066080	1.962700
0.066160	2.023800
0.066240	2.060500
0.066320	2.097200
0.066400	2.158200
0.066480	2.182700
0.066560	2.194900
0.066640	2.243800
0.066720	2.256000
0.066800	2.280400
0.066880	2.341500
0.066960	2.341500
0.067040	2.378100
0.067120	2.402600
0.067200	2.439200
0.067280	2.463700
0.067360	2.524800
0.067440	2.573600
0.067520	2.622500
0.067600	2.659100
0.067680	2.671400
0.067760	2.671400
0.067840	2.732500
0.067920	2.769100
0.068000	2.769100
0.068080	2.818000
0.068160	2.830200
0.068240	2.842400
0.068320	2.891300
0.068400	2.915700
0.068480	2.964600
0.068560	2.989000
0.068640	3.025700
0.068720	3.037900
0.068800	3.037900
0.068880	3.062300
0.068960	3.123400
0.069040	3.123400
0.069120	3.160100
0.069200	3.172300
0.069280	3.196700
0.069360	3.208900
0.069440	3.221200
0.069520	3.233400
0.069600	3.245600
0.069680	3.257800
0.069760	3.257800
0.069840	3.282200
0.069920	3.294500
0.070000	3.318900
0.070080	3.380000
0.070160	3.392200
0.070240	3.404400
0.070320	3.416600
0.070400	3.428800
0.070480	3.453300
0.070560	3.477700
0.070640	3.489900
0.070720	3.526600
0.070800	3.551000
0.070880	3.538800
0.070960	3.563300
0.071040	3.587700
0.071120	3.599900
0.071200	3.612100
0.071280	3.599900
0.071360	3.661000
0.071440	3.673200
0.071520	3.636500
0.071600	3.661000
0.071680	3.661000
0.071760	3.648800
0.071840	3.648800
0.071920	3.661000
0.072000	3.661000
0.072080	3.661000
0.072160	3.685400
0.072240	3.709900
0.072320	3.697600
0.072400	3.734300
0.072480	3.722100
0.072560	3.758700
0.072640	3.758700
0.072720	3.770900
0.072800	3.807600
0.072880	3.819800
0.072960	3.795400
0.073040	3.807600
0.073120	3.819800
0.073200	3.856500
0.073280	3.819800
0.073360	3.795400
0.073440	3.807600
0.073520	3.819800
0.073600	3.795400
0.073680	3.795400
0.073760	3.807600
0.073840	3.844200
0.073920	3.868700
0.074000	3.880900
0.074080	3.893100
0.074160	3.893100
0.074240	3.844200
0.074320	3.880900
0.074400	3.844200
0.074480	3.819800
0.074560	3.844200
0.074640	3.868700
0.074720	3.856500
0.074800	3.856500
0.074880	3.844200
0.074960	3.844200
0.075040	3.856500
0.075120	3.856500
0.075200	3.844200
0.075280	3.868700
0.075360	3.868700
0.075440	3.844200
0.075520	3.880900
0.075600	3.868700
0.075680	3.868700
0.075760	3.868700
0.075840	3.868700
0.075920	3.893100
0.076000	3.868700
0.076080	3.880900
0.076160	3.868700
0.076240	3.880900
0.076320	3.893100
0.076400	3.905300
0.076480	3.942000
0.076560	3.942000
0.076640	3.954200
0.076720	3.954200
0.076800	3.966400
0.076880	3.929800
0.076960	3.954200
0.077040	3.966400
0.077120	3.978600
0.077200	3.990900
0.077280	4.027500
0.077360	4.064200
0.077440	4.064200
0.077520	4.064200
0.077600	4.088600
0.077680	4.113000
0.077760	4.125200
0.077840	4.137500
0.077920	4.137500
0.078000	4.161900
0.078080	4.186300
0.078160	4.235200
0.078240	4.259600
0.078320	4.284100
0.078400	4.284100
0.078480	4.308500
0.078560	4.320700
0.078640	4.320700
0.078720	4.333000
0.078800	4.345200
0.078880	4.381800
0.078960	4.418500
0.079040	4.491800
0.079120	4.565100
0.079200	4.613900
0.079280	4.613900
0.079360	4.613900
0.079440	4.577300
0.079520	4.577300
0.079600	4.565100
0.079680	4.552900
0.079760	4.577300
0.079840	4.638400
0.079920	4.687300
0.080000	4.736100
0.080080	4.748300
0.080160	4.760600
0.080240	4.797200
0.080320	4.785000
0.080400	4.797200
0.080480	4.858300
0.080560	4.846100
0.080640	4.882700
0.080720	4.943800
0.080800	4.943800
0.080880	4.931600
0.080960	4.943800
0.081040	4.980500
0.081120	4.980500
0.081200	4.980500
0.081280	4.956000
0.081360	4.968300
0.081440	4.919400
0.081520	4.907200
0.081600	4.894900
0.081680	4.858300
0.081760	4.894900
0.081840	4.894900
0.081920	4.919400
0.082000	4.943800
0.082080	4.894900
0.082160	4.882700
0.082240	4.833900
0.082320	4.858300
0.082400	4.870500
0.082480	4.858300
0.082560	4.833900
0.082640	4.797200
0.082720	4.785000
0.082800	4.772800
0.082880	4.760600
0.082960	4.736100
0.083040	4.736100
0.083120	4.736100
0.083200	4.723900
0.083280	4.736100
0.083360	4.736100
0.083440	4.723900
0.083520	4.711700
0.083600	4.687300
0.083680	4.675000
0.083760	4.687300
0.083840	4.699500
0.083920	4.687300
0.084000	4.675000
0.084080	4.699500
0.084160	4.711700
0.084240	4.687300
0.084320	4.711700
0.084400	4.687300
0.084480	4.675000
0.084560	4.650600
0.084640	4.650600
0.084720	4.626200
0.084800	4.638400
0.084880	4.613900
0.084960	4.626200
0.085040	4.601700
0.085120	4.601700
0.085200	4.601700
0.085280	4.601700
0.085360	4.589500
0.085440	4.565100
0.085520	4.540600
0.085600	4.540600
0.085680	4.552900
0.085760	4.552900
0.085840	4.528400
0.085920	4.540600
0.086000	4.516200
0.086080	4.528400
0.086160	4.540600
0.086240	4.528400
0.086320	4.528400
0.086400	4.552900
0.086480	4.552900
0.086560	4.528400
0.086640	4.540600
0.086720	4.516200
0.086800	4.491800
0.086880	4.479600
0.086960	4.455100
0.087040	4.455100
0.087120	4.442900
0.087200	4.455100
0.087280	4.455100
0.087360	4.479600
0.087440	4.504000
0.087520	4.516200
0.087600	4.528400
0.087680	4.504000
0.087760	4.491800
0.087840	4.455100
0.087920	4.406300
0.088000	4.381800
0.088080	4.369600
0.088160	4.406300
0.088240	4.455100
0.088320	4.479600
0.088400	4.479600
0.088480	4.467300
0.088560	4.479600
0.088640	4.455100
0.088720	4.467300
0.088800	4.491800
0.088880	4.455100
0.088960	4.455100
0.089040	4.479600
0.089120	4.467300
0.089200	4.479600
0.089280	4.479600
0.089360	4.491800
0.089440	4.491800
0.089520	4.479600
0.089600	4.479600
0.089680	4.442900
0.089760	4.430700
0.089840	4.430700
0.089920	4.418500
0.090000	4.406300
0.090080	4.430700
0.090160	4.430700
0.090240	4.430700
0.090320	4.406300
0.090400	4.430700
0.090480	4.418500
0.090560	4.418500
0.090640	4.430700
0.090720	4.381800
0.090800	4.345200
0.090880	4.308500
0.090960	4.345200
0.091040	4.271900
0.091120	4.259600
0.091200	4.235200
0.091280	4.247400
0.091360	4.210800
0.091440	4.186300
0.091520	4.174100
0.091600	4.161900
0.091680	4.161900
0.091760	4.174100
0.091840	4.198600
0.091920	4.161900
0.092000	4.137500
0.092080	4.149700
0.092160	4.161900
0.092240	4.137500
0.092320	4.125200
0.092400	4.088600
0.092480	4.088600
0.092560	4.088600
0.092640	4.088600
0.092720	4.088600
0.092800	4.064200
0.092880	4.015300
0.092960	4.003100
0.093040	3.978600
0.093120	3.966400
0.093200	3.954200
0.093280	3.942000
0.093360	3.929800
0.093440	3.917600
0.093520	3.905300
0.093600	3.905300
0.093680	3.880900
0.093760	3.868700
0.093840	3.832000
0.093920	3.832000
0.094000	3.844200
0.094080	3.807600
0.094160	3.807600
0.094240	3.783200
0.094320	3.770900
0.094400	3.758700
0.094480	3.734300
0.094560	3.697600
0.094640	3.661000
0.094720	3.648800
0.094800	3.661000
0.094880	3.636500
0.094960	3.599900
0.095040	3.575500
0.095120	3.563300
0.095200	3.563300
0.095280	3.514400
0.095360	3.502200
0.095440	3.489900
0.095520	3.477700
0.095600	3.428800
0.095680	3.380000
0.095760	3.404400
0.095840	3.380000
0.095920	3.355600
0.096000	3.331100
0.096080	3.318900
0.096160	3.318900
0.096240	3.282200
0.096320	3.318900
0.096400	3.306700
0.096480	3.294500
0.096560	3.270000
0.096640	3.257800
0.096720	3.257800
0.096800	3.221200
0.096880	3.221200
0.096960	3.196700
0.097040	3.147900
0.097120	3.147900
0.097200	3.123400
0.097280	3.147900
0.097360	3.111200
0.097440	3.135600
0.097520	3.147900
0.097600	3.147900
0.097680	3.135600
0.097760	3.123400
0.097840	3.111200
0.097920	3.086800
0.098000	3.074500
0.098080	3.037900
0.098160	3.037900
0.098240	3.025700
0.098320	3.025700
0.098400	3.037900
0.098480	3.037900
0.098560	3.025700
0.098640	3.037900
0.098720	3.013500
0.098800	3.001200
0.098880	2.989000
0.098960	3.001200
0.099040	2.976800
0.099120	2.976800
0.099200	2.964600
0.099280	2.976800
0.099360	3.013500
0.099440	3.013500
0.099520	3.013500
0.099600	3.025700
0.099680	3.037900
0.099760	3.037900
0.099840	3.037900
0.099920	3.025700
0.100000	3.001200
0.100080	2.989000
0.100160	3.013500
0.100240	3.025700
0.100320	3.050100
0.100400	3.050100
0.100480	3.001200
0.100560	3.013500
0.100640	3.050100
0.100720	3.074500
0.100800	3.086800
0.100880	3.086800
0.100960	3.050100
0.101040	3.013500
0.101120	2.989000
0.101200	3.025700
0.101280	3.050100
0.101360	3.050100
0.101440	3.037900
0.101520	3.025700
0.101600	2.989000
0.101680	3.001200
0.101760	3.001200
0.101840	2.976800
0.101920	2.989000
0.102000	2.989000
0.102080	2.976800
0.102160	3.013500
0.102240	3.025700
0.102320	3.050100
0.102400	3.025700
0.102480	3.025700
0.102560	3.037900
0.102640	3.037900
0.102720	3.037900
0.102800	3.037900
0.102880	3.025700
0.102960	3.037900
0.103040	3.001200
0.103120	3.037900
0.103200	3.037900
0.103280	3.025700
0.103360	3.025700
0.103440	3.037900
0.103520	3.037900
0.103600	3.025700
0.103680	3.050100
0.103760	3.062300
0.103840	3.050100
0.103920	3.062300
0.104000	3.062300
0.104080	3.013500
0.104160	3.037900
0.104240	3.013500
0.104320	3.025700
0.104400	3.037900
0.104480	3.037900
0.104560	3.062300
0.104640	3.050100
0.104720	3.050100
0.104800	3.013500
0.104880	3.013500
0.104960	3.001200
0.105040	3.013500
0.105120	3.025700
0.105200	3.013500
0.105280	3.013500
0.105360	3.025700
0.105440	3.050100
0.105520	3.037900
0.105600	3.050100
0.105680	3.062300
0.105760	3.062300
0.105840	3.062300
0.105920	3.099000
0.106000	3.099000
0.106080	3.111200
0.106160	3.099000
0.106240	3.099000
0.106320	3.123400
0.106400	3.123400
0.106480	3.135600
0.106560	3.184500
0.106640	3.184500
0.106720	3.172300
0.106800	3.160100
0.106880	3.196700
0.106960	3.172300
0.107040	3.196700
0.107120	3.233400
0.107200	3.270000
0.107280	3.282200
0.107360	3.306700
0.107440	3.306700
0.107520	3.294500
0.107600	3.331100
0.107680	3.318900
0.107760	3.343300
0.107840	3.367800
0.107920	3.416600
0.108000	3.441100
0.108080	3.453300
0.108160	3.477700
0.108240	3.453300
0.108320	3.489900
0.108400	3.526600
0.108480	3.551000
0.108560	3.563300
0.108640	3.575500
0.108720	3.624300
0.108800	3.612100
0.108880	3.624300
0.108960	3.648800
0.109040	3.673200
0.109120	3.770900
0.109200	3.770900
0.109280	3.770900
0.109360	3.783200
0.109440	3.795400
0.109520	3.832000
0.109600	3.844200
0.109680	3.893100
0.109760	3.929800
0.109840	3.954200
0.109920	3.954200
0.110000	3.966400
0.110080	4.003100
0.110160	4.027500
0.110240	4.064200
0.110320	4.076400
0.110400	4.100800
0.110480	4.088600
0.110560	4.100800
0.110640	4.113000
0.110720	4.125200
0.110800	4.125200
0.110880	4.125200
0.110960	4.125200
0.111040	4.186300
0.111120	4.210800
0.111200	4.223000
0.111280	4.210800
0.111360	4.198600
0.111440	4.210800
0.111520	4.186300
0.111600	4.210800
0.111680	4.210800
0.111760	4.235200
0.111840	4.186300
0.111920	4.210800
0.112000	4.210800
0.112080	4.210800
0.112160	4.223000
0.112240	4.259600
0.112320	4.308500
0.112400	4.259600
0.112480	4.125200
0.112560	4.027500
0.112640	4.015300
0.112720	4.113000
0.112800	4.161900
0.112880	4.198600
0.112960	4.149700
0.113040	4.051900
0.113120	4.015300
0.113200	4.039700
0.113280	4.100800
0.113360	4.125200
0.113440	4.051900
0.113520	4.015300
0.113600	4.027500
0.113680	4.039700
0.113760	4.039700
0.113840	4.051900
0.113920	4.064200
0.114000	4.039700
0.114080	3.929800
0.114160	3.868700
0.114240	3.893100
0.114320	3.966400
0.114400	4.064200
0.114480	4.064200
0.114560	4.051900
0.114640	4.015300
0.114720	3.942000
0.114800	3.990900
0.114880	4.198600
0.114960	4.406300
0.115040	4.320700
0.115120	3.978600
0.115200	3.697600
0.115280	3.685400
0.115360	3.893100
0.115440	4.113000
0.115520	4.223000
0.115600	4.198600
0.115680	3.966400
0.115760	3.734300
0.115840	3.648800
0.115920	3.734300
0.116000	3.819800
0.116080	3.868700
0.116160	4.051900
0.116240	4.772800
0.116320	5.811300
0.116400	6.471000
0.116480	5.786800
0.116560	3.807600
0.116640	1.913900
0.116720	1.535100
0.116800	2.830200
0.116880	4.736100
0.116960	5.970100
0.117040	5.921200
0.117120	4.894900
0.117200	3.795400
0.117280	3.257800
0.117360	3.502200
0.117440	4.210800
0.117520	4.785000
0.117600	4.894900
0.117680	4.711700
0.117760	4.589500
0.117840	4.626200
0.117920	4.687300
0.118000	4.797200
0.118080	4.919400
0.118160	5.017100
0.118240	4.992700
0.118320	5.004900
0.118400	5.224800
0.118480	5.469200
0.118560	5.554700
0.118640	5.530300
0.118720	5.615800
0.118800	5.933400
0.118880	6.263300
0.118960	6.434400
0.119040	6.373300
0.119120	6.238900
0.119200	6.141100
0.119280	6.104500
0.119360	6.141100
0.119440	6.226700
0.119520	6.385500
0.119600	6.471000
0.119680	6.495500
0.119760	6.568700
0.119840	6.617600
0.119920	6.544300
0.120000	6.397700
0.120080	6.397700
0.120160	6.544300
0.120240	6.690900
0.120320	6.715400
0.120400	6.568700
0.120480	6.348800
0.120560	6.165600
0.120640	6.067800
0.120720	6.019000
0.120800	5.945700
0.120880	5.811300
0.120960	5.628000
0.121040	5.432500
0.121120	5.371400
0.121200	5.334800
0.121280	5.151500
0.121360	4.760600
0.121440	4.381800
0.121520	4.284100
0.121600	4.528400
0.121680	4.943800
0.121760	5.017100
0.121840	4.504000
0.121920	3.502200
0.122000	2.439200
0.122080	1.816100
0.122160	1.840600
0.122240	2.341500
0.122320	2.830200
0.122400	3.099000
0.122480	3.099000
0.122560	2.989000
0.122640	2.915700
0.122720	3.001200
0.122800	3.257800
0.122880	3.722100
0.122960	4.504000
0.123040	5.542500
0.123120	6.324400
0.123200	6.043400
0.123280	4.919400
0.123360	3.954200
0.123440	3.832000
0.123520	4.504000
0.123600	5.518100
0.123680	6.324400
0.123760	6.544300
0.123840	6.300000
0.123920	5.994500
0.124000	5.872400
0.124080	5.945700
0.124160	5.933400
0.124240	5.933400
0.124320	5.921200
0.124400	6.177800
0.124480	6.446600
0.124560	6.422100
0.124640	6.177800
0.124720	5.994500
0.124800	6.043400
0.124880	6.177800
0.124960	6.190000
0.125040	6.080000
0.125120	6.019000
0.125200	5.970100
0.125280	6.080000
0.125360	6.373300
0.125440	6.739800
0.125520	6.862000
0.125600	6.800900
0.125680	6.617600
0.125760	6.544300
0.125840	6.642100
0.125920	6.923100
0.126000	7.338400
0.126080	7.900500
0.126160	8.413600
0.126240	8.645700
0.126320	8.596900
0.126400	8.340300
0.126480	8.095900
0.126560	7.924900
0.126640	7.924900
0.126720	8.157000
0.126800	8.731200
0.126880	9.439900
0.126960	9.928600
0.127040	10.026000
0.127120	9.769700
0.127200	9.659800
0.127280	9.928600
0.127360	10.491000
0.127440	10.979000
0.127520	11.065000
0.127600	10.784000
0.127680	10.368000
0.127760	10.307000
0.127840	10.759000
0.127920	11.431000
0.128000	11.908000
0.128080	12.054000
0.128160	12.054000
0.128240	12.005000
0.128320	12.030000
0.128400	12.128000
0.128480	12.348000
0.128560	12.543000
0.128640	12.616000
0.128720	12.641000
0.128800	12.616000
0.128880	12.555000
0.128960	12.519000
0.129040	12.482000
0.129120	12.507000
0.129200	12.519000
0.129280	12.568000
0.129360	12.616000
0.129440	12.653000
0.129520	12.788000
0.129600	12.897000
0.129680	12.971000
0.129760	12.861000
0.129840	12.580000
0.129920	12.226000
0.130000	11.798000
0.130080	11.492000
0.130160	11.260000
0.130240	11.101000
0.130320	11.089000
0.130400	11.138000
0.130480	11.224000
0.130560	11.224000
0.130640	11.187000
0.130720	11.077000
0.130800	10.943000
0.130880	10.808000
0.130960	10.698000
0.131040	10.637000
0.131120	10.552000
0.131200	10.478000
0.131280	10.319000
0.131360	10.185000
0.131440	10.002000
0.131520	9.855300
0.131600	9.733100
0.131680	9.598700
0.131760	9.464300
0.131840	9.281000
0.131920	9.122200
0.132000	9.012200
0.132080	8.853400
0.132160	8.767900
0.132240	8.682400
0.132320	8.621300
0.132400	8.535800
0.132480	8.425800
0.132560	8.315900
0.132640	8.205900
0.132720	8.108200
0.132800	7.961600
0.132880	7.827100
0.132960	7.705000
0.133040	7.558400
0.133120	7.424000
0.133200	7.326200
0.133280	7.167400
0.133360	7.057400
0.133440	6.947500
0.133520	6.849800
0.133600	6.764200
0.133680	6.678700
0.133760	6.605400
0.133840	6.507700
0.133920	6.458800
0.134000	6.385500
0.134080	6.336600
0.134160	6.312200
0.134240	6.287700
0.134320	6.238900
0.134400	6.202200
0.134480	6.177800
0.134560	6.116700
0.134640	6.092300
0.134720	6.067800
0.134800	6.067800
0.134880	6.043400
0.134960	6.031200
0.135040	6.031200
0.135120	5.994500
0.135200	5.970100
0.135280	5.921200
0.135360	5.884600
0.135440	5.860100
0.135520	5.872400
0.135600	5.872400
0.135680	5.835700
0.135760	5.835700
0.135840	5.811300
0.135920	5.762400
0.136000	5.750200
0.136080	5.701300
0.136160	5.689100
0.136240	5.664700
0.136320	5.615800
0.136400	5.591400
0.136480	5.554700
0.136560	5.493600
0.136640	5.432500
0.136720	5.383700
0.136800	5.347000
0.136880	5.310300
0.136960	5.285900
0.137040	5.224800
0.137120	5.176000
0.137200	5.127100
0.137280	5.102700
0.137360	5.066000
0.137440	5.041600
0.137520	4.980500
0.137600	4.931600
0.137680	4.882700
0.137760	4.870500
0.137840	4.846100
0.137920	4.846100
0.138000	4.821700
0.138080	4.809400
0.138160	4.785000
0.138240	4.809400
0.138320	4.809400
0.138400	4.833900
0.138480	4.809400
0.138560	4.821700
0.138640	4.846100
0.138720	4.919400
0.138800	4.931600
0.138880	4.943800
0.138960	4.956000
0.139040	4.968300
0.139120	4.968300
0.139200	4.968300
0.139280	4.980500
0.139360	5.004900
0.139440	4.992700
0.139520	5.041600
0.139600	5.066000
0.139680	5.053800
0.139760	5.078200
0.139840	5.114900
0.139920	5.163700
0.140000	5.212600
0.140080	5.273700
0.140160	5.285900
0.140240	5.298100
0.140320	5.334800
0.140400	5.395900
0.140480	5.432500
0.140560	5.444700
0.140640	5.408100
0.140720	5.334800
0.140800	5.347000
0.140880	5.408100
0.140960	5.383700
0.141040	5.444700
0.141120	5.505800
0.141200	5.469200
0.141280	5.457000
0.141360	5.518100
0.141440	5.579100
0.141520	5.676900
0.141600	5.750200
0.141680	5.823500
0.141760	5.847900
0.141840	5.823500
0.141920	5.774600
0.142000	5.738000
0.142080	5.701300
0.142160	5.713500
0.142240	5.725700
0.142320	5.762400
0.142400	5.725700
0.142480	5.603600
0.142560	5.530300
0.142640	5.493600
0.142720	5.493600
0.142800	5.505800
0.142880	5.481400
0.142960	5.432500
0.143040	5.347000
0.143120	5.298100
0.143200	5.261500
0.143280	5.237000
0.143360	5.163700
0.143440	5.029300
0.143520	4.907200
0.143600	4.797200
0.143680	4.699500
0.143760	4.626200
0.143840	4.528400
0.143920	4.418500
0.144000	4.357400
0.144080	4.247400
0.144160	4.137500
0.144240	4.076400
0.144320	3.942000
0.144400	3.844200
0.144480	3.709900
0.144560	3.599900
0.144640	3.502200
0.144720	3.453300
0.144800	3.367800
0.144880	3.257800
0.144960	3.123400
0.145040	3.001200
0.145120	2.879100
0.145200	2.732500
0.145280	2.585900
0.145360	2.439200
0.145440	2.243800
0.145520	2.121600
0.145600	1.999400
0.145680	1.913900
0.145760	1.828400
0.145840	1.828400
0.145920	1.828400
0.146000	1.865000
0.146080	1.950500
0.146160	2.072700
0.146240	2.109400
0.146320	2.023800
0.146400	1.828400
0.146480	1.657300
0.146560	1.608500
0.146640	1.755100
0.146720	2.170400
0.146800	2.683600
0.146880	3.245600
0.146960	3.868700
0.147040	4.504000
0.147120	5.004900
0.147200	5.053800
0.147280	4.736100
0.147360	4.467300
0.147440	4.589500
0.147520	4.943800
0.147600	5.273700
0.147680	5.481400
0.147760	5.505800
0.147840	5.285900
0.147920	5.139300
0.148000	5.310300
0.148080	5.615800
0.148160	5.860100
0.148240	6.055600
0.148320	6.092300
0.148400	6.080000
0.148480	6.104500
0.148560	6.287700
0.148640	6.483200
0.148720	6.605400
0.148800	6.666500
0.148880	6.654300
0.148960	6.593200
0.149040	6.532100
0.149120	6.581000
0.149200	6.654300
0.149280	6.703100
0.149360	6.703100
0.149440	6.764200
0.149520	6.849800
0.149600	6.874200
0.149680	6.886400
0.149760	6.971900
0.149840	7.033000
0.149920	7.106300
0.150000	7.179600
0.150080	7.240700
0.150160	7.301800
0.150240	7.375100
0.150320	7.448400
0.150400	7.509500
0.150480	7.570600
0.150560	7.643900
0.150640	7.680500
0.150720	7.692800
0.150800	7.717200
0.150880	7.717200
0.150960	7.717200
0.151040	7.705000
0.151120	7.705000
0.151200	7.705000
0.151280	7.692800
0.151360	7.680500
0.151440	7.668300
0.151520	7.668300
0.151600	7.668300
0.151680	7.656100
0.151760	7.668300
0.151840	7.656100
0.151920	7.668300
0.152000	7.631700
0.152080	7.619500
0.152160	7.631700
0.152240	7.656100
0.152320	7.595000
0.152400	7.595000
0.152480	7.558400
0.152560	7.509500
0.152640	7.460600
0.152720	7.411800
0.152800	7.362900
0.152880	7.314000
0.152960	7.277400
0.153040	7.204100
0.153120	7.143000
0.153200	7.081900
0.153280	7.033000
0.153360	6.996400
0.153440	6.959700
0.153520	6.910800
0.153600	6.886400
0.153680	6.874200
0.153760	6.849800
0.153840	6.849800
0.153920	6.837500
0.154000	6.800900
0.154080	6.788700
0.154160	6.764200
0.154240	6.776500
0.154320	6.788700
0.154400	6.776500
0.154480	6.788700
0.154560	6.776500
0.154640	6.752000
0.154720	6.752000
0.154800	6.739800
0.154880	6.752000
0.154960	6.776500
0.155040	6.752000
0.155120	6.727600
0.155200	6.739800
0.155280	6.727600
0.155360	6.715400
0.155440	6.703100
0.155520	6.727600
0.155600	6.727600
0.155680	6.739800
0.155760	6.727600
0.155840	6.715400
0.155920	6.727600
0.156000	6.752000
0.156080	6.727600
0.156160	6.727600
0.156240	6.727600
0.156320	6.727600
0.156400	6.727600
0.156480	6.739800
0.156560	6.752000
0.156640	6.727600
0.156720	6.727600
0.156800	6.739800
0.156880	6.715400
0.156960	6.715400
0.157040	6.703100
0.157120	6.715400
0.157200	6.703100
0.157280	6.666500
0.157360	6.654300
0.157440	6.654300
0.157520	6.629800
0.157600	6.605400
0.157680	6.581000
0.157760	6.617600
0.157840	6.642100
0.157920	6.581000
0.158000	6.568700
0.158080	6.581000
0.158160	6.532100
0.158240	6.519900
0.158320	6.471000
0.158400	6.483200
0.158480	6.483200
0.158560	6.495500
0.158640	6.483200
0.158720	6.458800
0.158800	6.434400
0.158880	6.385500
0.158960	6.373300
0.159040	6.385500
0.159120	6.373300
0.159200	6.336600
0.159280	6.312200
0.159360	6.287700
0.159440	6.226700
0.159520	6.214400
0.159600	6.190000
0.159680	6.165600
0.159760	6.141100
0.159840	6.128900
0.159920	6.092300
0.160000	6.067800
0.160080	6.080000
0.160160	6.043400
0.160240	6.043400
0.160320	6.019000
0.160400	6.031200
0.160480	6.043400
0.160560	6.031200
0.160640	6.006800
0.160720	5.933400
0.160800	5.921200
0.160880	5.860100
0.160960	5.847900
0.161040	5.823500
0.161120	5.799000
0.161200	5.774600
0.161280	5.799000
0.161360	5.786800
0.161440	5.799000
0.161520	5.786800
0.161600	5.799000
0.161680	5.774600
0.161760	5.750200
0.161840	5.738000
0.161920	5.738000
0.162000	5.701300
0.162080	5.689100
0.162160	5.689100
0.162240	5.652400
0.162320	5.640200
0.162400	5.652400
0.162480	5.628000
0.162560	5.579100
0.162640	5.542500
0.162720	5.554700
0.162800	5.566900
0.162880	5.579100
0.162960	5.554700
0.163040	5.566900
0.163120	5.566900
0.163200	5.579100
0.163280	5.603600
0.163360	5.615800
0.163440	5.603600
0.163520	5.603600
0.163600	5.579100
0.163680	5.603600
0.163760	5.615800
0.163840	5.591400
0.163920	5.591400
0.164000	5.554700
0.164080	5.566900
0.164160	5.530300
0.164240	5.530300
0.164320	5.554700
0.164400	5.542500
0.164480	5.530300
0.164560	5.566900
0.164640	5.554700
0.164720	5.579100
0.164800	5.530300
0.164880	5.530300
0.164960	5.518100
0.165040	5.542500
0.165120	5.542500
0.165200	5.530300
0.165280	5.530300
0.165360	5.554700
0.165440	5.579100
0.165520	5.554700
0.165600	5.530300
0.165680	5.518100
0.165760	5.505800
0.165840	5.505800
0.165920	5.493600
0.166000	5.530300
0.166080	5.518100
0.166160	5.530300
0.166240	5.505800
0.166320	5.481400
0.166400	5.505800
0.166480	5.505800
0.166560	5.505800
0.166640	5.505800
0.166720	5.469200
0.166800	5.469200
0.166880	5.493600
0.166960	5.481400
0.167040	5.481400
0.167120	5.469200
0.167200	5.457000
0.167280	5.432500
0.167360	5.457000
0.167440	5.432500
0.167520	5.457000
0.167600	5.457000
0.167680	5.432500
0.167760	5.444700
0.167840	5.444700
0.167920	5.444700
0.168000	5.457000
0.168080	5.432500
0.168160	5.432500
0.168240	5.420300
0.168320	5.420300
0.168400	5.432500
0.168480	5.420300
0.168560	5.408100
0.168640	5.371400
0.168720	5.359200
0.168800	5.359200
0.168880	5.322600
0.168960	5.322600
0.169040	5.322600
0.169120	5.273700
0.169200	5.273700
0.169280	5.285900
0.169360	5.310300
0.169440	5.334800
0.169520	5.298100
0.169600	5.224800
0.169680	5.151500
0.169760	5.114900
0.169840	5.127100
0.169920	5.163700
0.170000	5.176000
0.170080	5.139300
0.170160	5.139300
0.170240	5.127100
0.170320	5.127100
0.170400	5.127100
0.170480	5.127100
0.170560	5.102700
0.170640	5.066000
0.170720	5.029300
0.170800	4.992700
0.170880	4.992700
0.170960	4.968300
0.171040	4.943800
0.171120	4.907200
0.171200	4.870500
0.171280	4.858300
0.171360	4.870500
0.171440	4.858300
0.171520	4.846100
0.171600	4.846100
0.171680	4.809400
0.171760	4.760600
0.171840	4.772800
0.171920	4.760600
0.172000	4.748300
0.172080	4.723900
0.172160	4.711700
0.172240	4.723900
0.172320	4.711700
0.172400	4.711700
0.172480	4.675000
0.172560	4.675000
0.172640	4.675000
0.172720	4.662800
0.172800	4.638400
0.172880	4.613900
0.172960	4.626200
0.173040	4.613900
0.173120	4.601700
0.173200	4.577300
0.173280	4.577300
0.173360	4.565100
0.173440	4.577300
0.173520	4.552900
0.173600	4.552900
0.173680	4.540600
0.173760	4.540600
0.173840	4.516200
0.173920	4.504000
0.174000	4.504000
0.174080	4.467300
0.174160	4.479600
0.174240	4.467300
0.174320	4.467300
0.174400	4.467300
0.174480	4.467300
0.174560	4.442900
0.174640	4.430700
0.174720	4.442900
0.174800	4.430700
0.174880	4.442900
0.174960	4.430700
0.175040	4.418500
0.175120	4.394000
0.175200	4.394000
0.175280	4.394000
0.175360	4.381800
0.175440	4.418500
0.175520	4.430700
0.175600	4.418500
0.175680	4.418500
0.175760	4.394000
0.175840	4.418500
0.175920	4.394000
0.176000	4.394000
0.176080	4.394000
0.176160	4.394000
0.176240	4.406300
0.176320	4.430700
0.176400	4.442900
0.176480	4.442900
0.176560	4.430700
0.176640	4.418500
0.176720	4.418500
0.176800	4.406300
0.176880	4.418500
0.176960	4.381800
0.177040	4.381800
0.177120	4.394000
0.177200	4.381800
0.177280	4.394000
0.177360	4.430700
0.177440	4.381800
0.177520	4.381800
0.177600	4.357400
0.177680	4.394000
0.177760	4.394000
0.177840	4.394000
0.177920	4.418500
0.178000	4.381800
0.178080	4.381800
0.178160	4.369600
0.178240	4.333000
0.178320	4.357400
0.178400	4.320700
0.178480	4.333000
0.178560	4.333000
0.178640	4.296300
0.178720	4.296300
0.178800	4.296300
0.178880	4.320700
0.178960	4.296300
0.179040	4.320700
0.179120	4.308500
0.179200	4.296300
0.179280	4.284100
0.179360	4.296300
0.179440	4.296300
0.179520	4.284100
0.179600	4.308500
0.179680	4.271900
0.179760	4.284100
0.179840	4.247400
0.179920	4.271900
0.180000	4.259600
0.180080	4.235200
0.180160	4.247400
0.180240	4.235200
0.180320	4.223000
0.180400	4.223000
0.180480	4.223000
0.180560	4.235200
0.180640	4.223000
0.180720	4.223000
0.180800	4.210800
0.180880	4.186300
0.180960	4.198600
0.181040	4.161900
0.181120	4.174100
0.181200	4.137500
0.181280	4.125200
0.181360	4.137500
0.181440	4.137500
0.181520	4.113000
0.181600	4.137500
0.181680	4.125200
0.181760	4.125200
0.181840	4.088600
0.181920	4.088600
0.182000	4.076400
0.182080	4.076400
0.182160	4.088600
0.182240	4.039700
0.182320	4.051900
0.182400	4.039700
0.182480	4.015300
0.182560	4.039700
0.182640	4.039700
0.182720	4.027500
0.182800	4.027500
0.182880	4.015300
0.182960	4.003100
0.183040	3.990900
0.183120	3.966400
0.183200	3.942000
0.183280	3.929800
0.183360	3.954200
0.183440	3.954200
0.183520	3.978600
0.183600	3.942000
0.183680	3.929800
0.183760	3.917600
0.183840	3.905300
0.183920	3.893100
0.184000	3.856500
0.184080	3.868700
0.184160	3.880900
0.184240	3.868700
0.184320	3.868700
0.184400	3.868700
0.184480	3.844200
0.184560	3.856500
0.184640	3.832000
0.184720	3.844200
0.184800	3.844200
0.184880	3.832000
0.184960	3.844200
0.185040	3.819800
0.185120	3.795400
0.185200	3.783200
0.185280	3.758700
0.185360	3.746500
0.185440	3.722100
0.185520	3.697600
0.185600	3.661000
0.185680	3.648800
0.185760	3.661000
0.185840	3.661000
0.185920	3.697600
0.186000	3.697600
0.186080	3.697600
0.186160	3.673200
0.186240	3.673200
0.186320	3.661000
0.186400	3.636500
0.186480	3.661000
0.186560	3.648800
0.186640	3.648800
0.186720	3.636500
0.186800	3.624300
0.186880	3.612100
0.186960	3.612100
0.187040	3.599900
0.187120	3.624300
0.187200	3.587700
0.187280	3.587700
0.187360	3.575500
0.187440	3.587700
0.187520	3.575500
0.187600	3.575500
0.187680	3.575500
0.187760	3.575500
0.187840	3.563300
0.187920	3.551000
0.188000	3.551000
0.188080	3.563300
0.188160	3.563300
0.188240	3.551000
0.188320	3.526600
0.188400	3.551000
0.188480	3.538800
0.188560	3.538800
0.188640	3.526600
0.188720	3.514400
0.188800	3.526600
0.188880	3.502200
0.188960	3.526600
0.189040	3.489900
0.189120	3.502200
0.189200	3.502200
0.189280	3.526600
0.189360	3.489900
0.189440	3.489900
0.189520	3.477700
0.189600	3.477700
0.189680	3.453300
0.189760	3.477700
0.189840	3.526600
0.189920	3.563300
0.190000	3.502200
0.190080	3.404400
0.190160	3.380000
0.190240	3.380000
0.190320	3.404400
0.190400	3.428800
0.190480	3.477700
0.190560	3.465500
0.190640	3.453300
0.190720	3.404400
0.190800	3.367800
0.190880	3.282200
0.190960	3.306700
0.191040	3.331100
0.191120	3.416600
0.191200	3.428800
0.191280	3.453300
0.191360	3.465500
0.191440	3.465500
0.191520	3.465500
0.191600	3.465500
0.191680	3.428800
0.191760	3.428800
0.191840	3.428800
0.191920	3.416600
0.192000	3.416600
0.192080	3.404400
0.192160	3.441100
0.192240	3.416600
0.192320	3.404400
0.192400	3.404400
0.192480	3.404400
0.192560	3.380000
0.192640	3.404400
0.192720	3.392200
0.192800	3.392200
0.192880	3.367800
0.192960	3.355600
0.193040	3.355600
0.193120	3.367800
0.193200	3.380000
0.193280	3.380000
0.193360	3.392200
0.193440	3.392200
0.193520	3.404400
0.193600	3.404400
0.193680	3.416600
0.193760	3.416600
0.193840	3.416600
0.193920	3.404400
0.194000	3.367800
0.194080	3.355600
0.194160	3.367800
0.194240	3.380000
0.194320	3.380000
0.194400	3.331100
0.194480	3.343300
0.194560	3.331100
0.194640	3.318900
0.194720	3.306700
0.194800	3.331100
0.194880	3.306700
0.194960	3.282200
0.195040	3.282200
0.195120	3.270000
0.195200	3.270000
0.195280	3.282200
0.195360	3.331100
0.195440	3.306700
0.195520	3.294500
0.195600	3.294500
0.195680	3.282200
0.195760	3.270000
0.195840	3.257800
0.195920	3.270000
0.196000	3.257800
0.196080	3.257800
0.196160	3.257800
0.196240	3.270000
0.196320	3.282200
0.196400	3.318900
0.196480	3.294500
0.196560	3.282200
0.196640	3.282200
0.196720	3.282200
0.196800	3.270000
0.196880	3.270000
0.196960	3.270000
0.197040	3.270000
0.197120	3.282200
0.197200	3.306700
0.197280	3.270000
0.197360	3.282200
0.197440	3.282200
0.197520	3.282200
0.197600	3.282200
0.197680	3.294500
0.197760	3.294500
0.197840	3.270000
0.197920	3.294500
0.198000	3.282200
0.198080	3.282200
0.198160	3.270000
0.198240	3.257800
0.198320	3.257800
0.198400	3.282200
0.198480	3.270000
0.198560	3.294500
0.198640	3.306700
0.198720	3.306700
0.198800	3.306700
0.198880	3.294500
0.198960	3.294500
0.199040	3.294500
0.199120	3.282200
0.199200	3.282200
0.199280	3.282200
0.199360	3.257800
0.199440	3.245600
0.199520	3.233400
0.199600	3.245600
0.199680	3.245600
0.199760	3.257800
0.199840	3.221200
0.199920	3.257800
0.200000	3.257800
0.200080	3.257800
0.200160	3.257800
0.200240	3.245600
0.200320	3.245600
0.200400	3.233400
0.200480	3.233400
0.200560	3.257800
0.200640	3.233400
0.200720	3.221200
0.200800	3.208900
0.200880	3.208900
0.200960	3.184500
0.201040	3.196700
0.201120	3.184500
0.201200	3.196700
0.201280	3.208900
0.201360	3.160100
0.201440	3.184500
0.201520	3.172300
0.201600	3.160100
0.201680	3.147900
0.201760	3.160100
0.201840	3.160100
0.201920	3.172300
0.202000	3.172300
0.202080	3.147900
0.202160	3.172300
0.202240	3.160100
0.202320	3.160100
0.202400	3.135600
0.202480	3.135600
0.202560	3.123400
0.202640	3.123400
0.202720	3.135600
0.202800	3.123400
0.202880	3.099000
0.202960	3.135600
0.203040	3.123400
0.203120	3.123400
0.203200	3.111200
0.203280	3.111200
0.203360	3.086800
0.203440	3.062300
0.203520	3.074500
0.203600	3.062300
0.203680	3.086800
0.203760	3.062300
0.203840	3.037900
0.203920	3.001200
0.204000	2.952400
0.204080	2.940200
0.204160	2.927900
0.204240	3.013500
0.204320	3.086800
0.204400	3.123400
0.204480	3.111200
0.204560	3.013500
0.204640	2.976800
0.204720	2.989000
0.204800	3.025700
0.204880	3.050100
0.204960	3.037900
0.205040	2.989000
0.205120	2.976800
0.205200	2.964600
0.205280	2.964600
0.205360	2.964600
0.205440	2.964600
0.205520	2.940200
0.205600	2.952400
0.205680	2.927900
0.205760	2.927900
0.205840	2.927900
0.205920	2.915700
0.206000	2.927900
0.206080	2.915700
0.206160	2.927900
0.206240	2.927900
0.206320	2.952400
0.206400	2.940200
0.206480	2.940200
0.206560	2.976800
0.206640	2.952400
0.206720	2.940200
0.206800	2.927900
0.206880	2.940200
0.206960	2.940200
0.207040	2.964600
0.207120	2.952400
0.207200	2.964600
0.207280	2.989000
0.207360	3.050100
0.207440	3.037900
0.207520	3.025700
0.207600	2.927900
0.207680	3.001200
0.207760	3.025700
0.207840	3.037900
0.207920	3.050100
0.208000	3.001200
0.208080	3.001200
0.208160	2.989000
0.208240	2.952400
0.208320	2.976800
0.208400	3.025700
0.208480	3.062300
0.208560	3.074500
0.208640	3.099000
0.208720	3.062300
0.208800	3.025700
0.208880	3.013500
0.208960	3.050100
0.209040	3.037900
0.209120	3.050100
0.209200	3.062300
0.209280	3.062300
0.209360	3.074500
0.209440	3.111200
0.209520	3.111200
0.209600	3.123400
0.209680	3.123400
0.209760	3.123400
0.209840	3.123400
0.209920	3.099000
0.210000	3.111200
0.210080	3.123400
0.210160	3.111200
0.210240	3.123400
0.210320	3.111200
0.210400	3.147900
0.210480	3.135600
0.210560	3.147900
0.210640	3.123400
0.210720	3.135600
0.210800	3.147900
0.210880	3.135600
0.210960	3.123400
0.211040	3.099000
0.211120	3.123400
0.211200	3.074500
0.211280	3.086800
0.211360	3.123400
0.211440	3.123400
0.211520	3.111200
0.211600	3.123400
0.211680	3.099000
0.211760	3.099000
0.211840	3.123400
0.211920	3.099000
0.212000	3.099000
0.212080	3.086800
0.212160	3.099000
0.212240	3.074500
0.212320	3.123400
0.212400	3.111200
0.212480	3.135600
0.212560	3.147900
0.212640	3.111200
0.212720	3.086800
0.212800	3.099000
0.212880	3.111200
0.212960	3.111200
0.213040	3.086800
0.213120	3.086800
0.213200	3.062300
0.213280	3.086800
0.213360	3.050100
0.213440	3.050100
0.213520	3.074500
0.213600	3.062300
0.213680	3.074500
0.213760	3.086800
0.213840	3.086800
0.213920	3.086800
0.214000	3.099000
0.214080	3.086800
0.214160	3.099000
0.214240	3.099000
0.214320	3.099000
0.214400	3.086800
0.214480	3.086800
0.214560	3.111200
0.214640	3.111200
0.214720	3.123400
0.214800	3.135600
0.214880	3.123400
0.214960	3.135600
0.215040	3.135600
0.215120	3.160100
0.215200	3.160100
0.215280	3.147900
0.215360	3.123400
0.215440	3.147900
0.215520	3.135600
0.215600	3.147900
0.215680	3.123400
0.215760	3.135600
0.215840	3.135600
0.215920	3.135600
0.216000	3.135600
0.216080	3.123400
0.216160	3.147900
0.216240	3.172300
0.216320	3.172300
0.216400	3.221200
0.216480	3.208900
0.216560	3.245600
0.216640	3.233400
0.216720	3.245600
0.216800	3.221200
0.216880	3.172300
0.216960	3.111200
0.217040	3.123400
0.217120	3.172300
0.217200	3.306700
0.217280	3.355600
0.217360	3.367800
0.217440	3.294500
0.217520	3.233400
0.217600	3.221200
0.217680	3.257800
0.217760	3.331100
0.217840	3.331100
0.217920	3.294500
0.218000	3.257800
0.218080	3.270000
0.218160	3.294500
0.218240	3.331100
0.218320	3.355600
0.218400	3.318900
0.218480	3.318900
0.218560	3.355600
0.218640	3.355600
0.218720	3.343300
0.218800	3.343300
0.218880	3.367800
0.218960	3.380000
0.219040	3.367800
0.219120	3.404400
0.219200	3.404400
0.219280	3.404400
0.219360	3.404400
0.219440	3.380000
0.219520	3.380000
0.219600	3.380000
0.219680	3.392200
0.219760	3.404400
0.219840	3.428800
0.219920	3.428800
0.220000	3.428800
0.220080	3.416600
0.220160	3.453300
0.220240	3.477700
0.220320	3.489900
0.220400	3.489900
0.220480	3.477700
0.220560	3.514400
0.220640	3.465500
0.220720	3.428800
0.220800	3.416600
0.220880	3.477700
0.220960	3.526600
0.221040	3.551000
0.221120	3.551000
0.221200	3.526600
0.221280	3.477700
0.221360	3.465500
0.221440	3.477700
0.221520	3.502200
0.221600	3.465500
0.221680	3.416600
0.221760	3.392200
0.221840	3.477700
0.221920	3.538800
0.222000	3.599900
0.222080	3.575500
0.222160	3.526600
0.222240	3.465500
0.222320	3.441100
0.222400	3.514400
0.222480	3.563300
0.222560	3.575500
0.222640	3.538800
0.222720	3.502200
0.222800	3.538800
0.222880	3.575500
0.222960	3.599900
0.223040	3.624300
0.223120	3.599900
0.223200	3.538800
0.223280	3.489900
0.223360	3.514400
0.223440	3.599900
0.223520	3.624300
0.223600	3.636500
0.223680	3.575500
0.223760	3.575500
0.223840	3.551000
0.223920	3.587700
0.224000	3.612100
0.224080	3.636500
0.224160	3.599900
0.224240	3.599900
0.224320	3.587700
0.224400	3.624300
0.224480	3.648800
0.224560	3.636500
0.224640	3.599900
0.224720	3.599900
0.224800	3.587700
0.224880	3.599900
0.224960	3.624300
0.225040	3.648800
0.225120	3.599900
0.225200	3.612100
0.225280	3.624300
0.225360	3.599900
0.225440	3.612100
0.225520	3.648800
0.225600	3.624300
0.225680	3.599900
0.225760	3.624300
0.225840	3.636500
0.225920	3.624300
0.226000	3.624300
0.226080	3.624300
0.226160	3.599900
0.226240	3.612100
0.226320	3.624300
0.226400	3.636500
0.226480	3.612100
0.226560	3.612100
0.226640	3.599900
0.226720	3.612100
0.226800	3.599900
0.226880	3.612100
0.226960	3.612100
0.227040	3.636500
0.227120	3.612100
0.227200	3.563300
0.227280	3.587700
0.227360	3.587700
0.227440	3.575500
0.227520	3.599900
0.227600	3.575500
0.227680	3.612100
0.227760	3.624300
0.227840	3.612100
0.227920	3.599900
0.228000	3.599900
0.228080	3.575500
0.228160	3.575500
0.228240	3.563300
0.228320	3.538800
0.228400	3.514400
0.228480	3.514400
0.228560	3.514400
0.228640	3.502200
0.228720	3.477700
0.228800	3.465500
0.228880	3.453300
0.228960	3.441100
0.229040	3.428800
0.229120	3.416600
0.229200	3.428800
0.229280	3.416600
0.229360	3.380000
0.229440	3.404400
0.229520	3.380000
0.229600	3.392200
0.229680	3.392200
0.229760	3.392200
0.229840	3.380000
0.229920	3.367800
0.230000	3.367800
0.230080	3.367800
0.230160	3.355600
0.230240	3.367800
0.230320	3.367800
0.230400	3.355600
0.230480	3.355600
0.230560	3.331100
0.230640	3.343300
0.230720	3.343300
0.230800	3.343300
0.230880	3.355600
0.230960	3.355600
0.231040	3.355600
0.231120	3.343300
0.231200	3.367800
0.231280	3.367800
0.231360	3.343300
0.231440	3.355600
0.231520	3.380000
0.231600	3.380000
0.231680	3.367800
0.231760	3.380000
0.231840	3.367800
0.231920	3.380000
0.232000	3.380000
0.232080	3.367800
0.232160	3.367800
0.232240	3.392200
0.232320	3.392200
0.232400	3.392200
0.232480	3.380000
0.232560	3.404400
0.232640	3.416600
0.232720	3.428800
0.232800	3.428800
0.232880	3.428800
0.232960	3.404400
0.233040	3.392200
0.233120	3.404400
0.233200	3.416600
0.233280	3.453300
0.233360	3.526600
0.233440	3.538800
0.233520	3.538800
0.233600	3.538800
0.233680	3.514400
0.233760	3.526600
0.233840	3.538800
0.233920	3.551000
0.234000	3.599900
0.234080	3.612100
0.234160	3.612100
0.234240	3.599900
0.234320	3.612100
0.234400	3.587700
0.234480	3.587700
0.234560	3.612100
0.234640	3.624300
0.234720	3.648800
0.234800	3.648800
0.234880	3.673200
0.234960	3.685400
0.235040	3.697600
0.235120	3.722100
0.235200	3.734300
0.235280	3.722100
0.235360	3.697600
0.235440	3.685400
0.235520	3.697600
0.235600	3.770900
0.235680	3.844200
0.235760	3.905300
0.235840	3.905300
0.235920	3.868700
0.236000	3.844200
0.236080	3.832000
0.236160	3.868700
0.236240	3.868700
0.236320	3.795400
0.236400	3.770900
0.236480	3.832000
0.236560	3.954200
0.236640	4.088600
0.236720	4.076400
0.236800	4.015300
0.236880	3.880900
0.236960	3.832000
0.237040	3.880900
0.237120	4.027500
0.237200	4.100800
0.237280	4.088600
0.237360	3.990900
0.237440	3.978600
0.237520	4.003100
0.237600	4.039700
0.237680	4.039700
0.237760	4.027500
0.237840	3.990900
0.237920	4.003100
0.238000	4.064200
0.238080	4.210800
0.238160	4.223000
0.238240	4.174100
0.238320	4.100800
0.238400	4.003100
0.238480	3.990900
0.238560	4.076400
0.238640	4.149700
0.238720	4.198600
0.238800	4.198600
0.238880	4.161900
0.238960	4.149700
0.239040	4.137500
0.239120	4.137500
0.239200	4.161900
0.239280	4.186300
0.239360	4.186300
0.239440	4.210800
0.239520	4.210800
0.239600	4.186300
0.239680	4.149700
0.239760	4.137500
0.239840	4.161900
0.239920	4.210800
0.240000	4.198600
0.240080	4.223000
0.240160	4.223000
0.240240	4.210800
0.240320	4.223000
0.240400	4.259600
0.240480	4.259600
0.240560	4.284100
0.240640	4.247400
0.240720	4.284100
0.240800	4.247400
0.240880	4.247400
0.240960	4.259600
0.241040	4.320700
0.241120	4.259600
0.241200	4.284100
0.241280	4.308500
0.241360	4.345200
0.241440	4.345200
0.241520	4.345200
0.241600	4.357400
0.241680	4.381800
0.241760	4.381800
0.241840	4.381800
0.241920	4.394000
0.242000	4.394000
0.242080	4.394000
0.242160	4.381800
0.242240	4.406300
0.242320	4.430700
0.242400	4.418500
0.242480	4.442900
0.242560	4.430700
0.242640	4.406300
0.242720	4.418500
0.242800	4.442900
0.242880	4.442900
0.242960	4.455100
0.243040	4.467300
0.243120	4.479600
0.243200	4.479600
0.243280	4.479600
0.243360	4.479600
0.243440	4.479600
0.243520	4.479600
0.243600	4.491800
0.243680	4.504000
0.243760	4.491800
0.243840	4.504000
0.243920	4.479600
0.244000	4.479600
0.244080	4.491800
0.244160	4.504000
0.244240	4.479600
0.244320	4.479600
0.244400	4.491800
0.244480	4.467300
0.244560	4.455100
0.244640	4.455100
0.244720	4.442900
0.244800	4.430700
0.244880	4.442900
0.244960	4.442900
0.245040	4.455100
0.245120	4.479600
0.245200	4.479600
0.245280	4.491800
0.245360	4.504000
0.245440	4.504000
0.245520	4.516200
0.245600	4.504000
0.245680	4.504000
0.245760	4.504000
0.245840	4.479600
0.245920	4.491800
0.246000	4.491800
0.246080	4.479600
0.246160	4.467300
0.246240	4.491800
0.246320	4.504000
0.246400	4.479600
0.246480	4.479600
0.246560	4.455100
0.246640	4.455100
0.246720	4.442900
0.246800	4.418500
0.246880	4.430700
0.246960	4.455100
0.247040	4.430700
0.247120	4.442900
0.247200	4.430700
0.247280	4.442900
0.247360	4.430700
0.247440	4.418500
0.247520	4.406300
0.247600	4.430700
0.247680	4.442900
0.247760	4.455100
0.247840	4.430700
0.247920	4.442900
0.248000	4.455100
0.248080	4.455100
0.248160	4.442900
0.248240	4.442900
0.248320	4.455100
0.248400	4.430700
0.248480	4.442900
0.248560	4.442900
0.248640	4.455100
0.248720	4.467300
0.248800	4.479600
0.248880	4.504000
0.248960	4.504000
0.249040	4.491800
0.249120	4.504000
0.249200	4.504000
0.249280	4.491800
0.249360	4.491800
0.249440	4.455100
0.249520	4.442900
0.249600	4.406300
0.249680	4.406300
0.249760	4.394000
0.249840	4.406300
0.249920	4.418500
0.250000	4.394000
0.250080	4.381800
0.250160	4.357400
0.250240	4.333000
0.250320	4.320700
0.250400	4.296300
0.250480	4.296300
0.250560	4.284100
0.250640	4.284100
0.250720	4.271900
0.250800	4.271900
0.250880	4.284100
0.250960	4.284100
0.251040	4.320700
0.251120	4.333000
0.251200	4.320700
0.251280	4.345200
0.251360	4.357400
0.251440	4.381800
0.251520	4.381800
0.251600	4.381800
0.251680	4.406300
0.251760	4.394000
0.251840	4.406300
0.251920	4.394000
0.252000	4.406300
0.252080	4.381800
0.252160	4.357400
0.252240	4.381800
0.252320	4.369600
0.252400	4.381800
0.252480	4.381800
0.252560	4.394000
0.252640	4.406300
0.252720	4.418500
0.252800	4.406300
0.252880	4.406300
0.252960	4.406300
0.253040	4.394000
0.253120	4.394000
0.253200	4.394000
0.253280	4.394000
0.253360	4.357400
0.253440	4.308500
0.253520	4.259600
0.253600	4.174100
0.253680	4.137500
0.253760	4.100800
0.253840	4.039700
0.253920	4.015300
0.254000	3.954200
0.254080	3.929800
0.254160	3.856500
0.254240	3.807600
0.254320	3.770900
0.254400	3.770900
0.254480	3.795400
0.254560	3.783200
0.254640	3.770900
0.254720	3.746500
0.254800	3.709900
0.254880	3.661000
0.254960	3.636500
0.255040	3.612100
0.255120	3.612100
0.255200	3.599900
0.255280	3.612100
0.255360	3.612100
0.255440	3.624300
0.255520	3.575500
0.255600	3.587700
0.255680	3.599900
0.255760	3.612100
0.255840	3.648800
0.255920	3.673200
0.256000	3.697600
0.256080	3.709900
0.256160	3.746500
0.256240	3.758700
0.256320	3.783200
0.256400	3.832000
0.256480	3.832000
0.256560	3.832000
0.256640	3.856500
0.256720	3.868700
0.256800	3.868700
0.256880	3.880900
0.256960	3.905300
0.257040	3.905300
0.257120	3.929800
0.257200	3.942000
0.257280	3.966400
0.257360	3.990900
0.257440	4.015300
0.257520	4.039700
0.257600	4.064200
0.257680	4.064200
0.257760	4.076400
0.257840	4.100800
0.257920	4.137500
0.258000	4.174100
0.258080	4.210800
0.258160	4.235200
0.258240	4.271900
0.258320	4.271900
0.258400	4.296300
0.258480	4.320700
0.258560	4.333000
0.258640	4.357400
0.258720	4.381800
0.258800	4.406300
0.258880	4.442900
0.258960	4.540600
0.259040	4.516200
0.259120	4.589500
0.259200	4.491800
0.259280	4.552900
0.259360	4.601700
0.259440	4.638400
0.259520	4.650600
0.259600	4.650600
0.259680	4.650600
0.259760	4.650600
0.259840	4.687300
0.259920	4.687300
0.260000	4.711700
0.260080	4.723900
0.260160	4.748300
0.260240	4.772800
0.260320	4.760600
0.260400	4.760600
0.260480	4.785000
0.260560	4.797200
0.260640	4.821700
0.260720	4.821700
0.260800	4.833900
0.260880	4.858300
0.260960	4.846100
0.261040	4.870500
0.261120	4.858300
0.261200	4.858300
0.261280	4.846100
0.261360	4.858300
0.261440	4.870500
0.261520	4.894900
0.261600	4.943800
0.261680	4.943800
0.261760	4.907200
0.261840	4.846100
0.261920	4.833900
0.262000	4.870500
0.262080	4.943800
0.262160	5.004900
0.262240	4.968300
0.262320	4.882700
0.262400	4.809400
0.262480	4.797200
0.262560	4.846100
0.262640	4.894900
0.262720	4.894900
0.262800	4.870500
0.262880	4.882700
0.262960	4.882700
0.263040	4.870500
0.263120	4.833900
0.263200	4.821700
0.263280	4.833900
0.263360	4.846100
0.263440	4.858300
0.263520	4.846100
0.263600	4.833900
0.263680	4.772800
0.263760	4.723900
0.263840	4.748300
0.263920	4.723900
0.264000	4.748300
0.264080	4.699500
0.264160	4.675000
0.264240	4.687300
0.264320	4.675000
0.264400	4.675000
0.264480	4.687300
0.264560	4.626200
0.264640	4.626200
0.264720	4.626200
0.264800	4.626200
0.264880	4.601700
0.264960	4.589500
0.265040	4.589500
0.265120	4.540600
0.265200	4.552900
0.265280	4.540600
0.265360	4.528400
0.265440	4.516200
0.265520	4.504000
0.265600	4.491800
0.265680	4.479600
0.265760	4.442900
0.265840	4.442900
0.265920	4.455100
0.266000	4.430700
0.266080	4.430700
0.266160	4.418500
0.266240	4.430700
0.266320	4.418500
0.266400	4.394000
0.266480	4.357400
0.266560	4.357400
0.266640	4.357400
0.266720	4.369600
0.266800	4.345200
0.266880	4.333000
0.266960	4.320700
0.267040	4.308500
0.267120	4.284100
0.267200	4.259600
0.267280	4.284100
0.267360	4.259600
0.267440	4.259600
0.267520	4.247400
0.267600	4.223000
0.267680	4.235200
0.267760	4.210800
0.267840	4.198600
0.267920	4.235200
0.268000	4.198600
0.268080	4.198600
0.268160	4.198600
0.268240	4.186300
0.268320	4.161900
0.268400	4.174100
0.268480	4.161900
0.268560	4.174100
0.268640	4.174100
0.268720	4.161900
0.268800	4.174100
0.268880	4.149700
0.268960	4.186300
0.269040	4.161900
0.269120	4.174100
0.269200	4.149700
0.269280	4.161900
0.269360	4.137500
0.269440	4.149700
0.269520	4.137500
0.269600	4.137500
0.269680	4.125200
0.269760	4.125200
0.269840	4.113000
0.269920	4.113000
0.270000	4.100800
0.270080	4.088600
0.270160	4.076400
0.270240	4.100800
0.270320	4.088600
0.270400	4.088600
0.270480	4.039700
0.270560	4.088600
0.270640	4.039700
0.270720	4.051900
0.270800	4.051900
0.270880	4.039700
0.270960	4.039700
0.271040	4.051900
0.271120	4.039700
0.271200	4.039700
0.271280	4.027500
0.271360	4.027500
0.271440	4.003100
0.271520	4.015300
0.271600	4.003100
0.271680	4.015300
0.271760	4.015300
0.271840	4.015300
0.271920	3.990900
0.272000	3.990900
0.272080	3.990900
0.272160	3.954200
0.272240	3.978600
0.272320	3.942000
0.272400	3.966400
0.272480	3.954200
0.272560	3.954200
0.272640	3.942000
0.272720	3.966400
0.272800	3.954200
0.272880	3.954200
0.272960	3.978600
0.273040	3.942000
0.273120	3.954200
0.273200	3.966400
0.273280	3.966400
0.273360	3.954200
0.273440	3.954200
0.273520	3.954200
0.273600	3.929800
0.273680	3.917600
0.273760	3.929800
0.273840	3.917600
0.273920	3.893100
0.274000	3.893100
0.274080	3.905300
0.274160	3.893100
0.274240	3.893100
0.274320	3.893100
0.274400	3.893100
0.274480	3.917600
0.274560	3.917600
0.274640	3.880900
0.274720	3.893100
0.274800	3.893100
0.274880	3.856500
0.274960	3.880900
0.275040	3.868700
0.275120	3.868700
0.275200	3.868700
0.275280	3.868700
0.275360	3.807600
0.275440	3.844200
0.275520	3.807600
0.275600	3.819800
0.275680	3.795400
0.275760	3.807600
0.275840	3.795400
0.275920	3.795400
0.276000	3.795400
0.276080	3.783200
0.276160	3.783200
0.276240	3.770900
0.276320	3.795400
0.276400	3.770900
0.276480	3.770900
0.276560	3.758700
0.276640	3.758700
0.276720	3.758700
0.276800	3.734300
0.276880	3.734300
0.276960	3.709900
0.277040	3.722100
0.277120	3.685400
0.277200	3.673200
0.277280	3.673200
0.277360	3.685400
0.277440	3.673200
0.277520	3.661000
0.277600	3.624300
0.277680	3.648800
0.277760	3.648800
0.277840	3.648800
0.277920	3.661000
0.278000	3.636500
0.278080	3.648800
0.278160	3.624300
0.278240	3.612100
0.278320	3.599900
0.278400	3.587700
0.278480	3.587700
0.278560	3.563300
0.278640	3.551000
0.278720	3.551000
0.278800	3.563300
0.278880	3.551000
0.278960	3.551000
0.279040	3.538800
0.279120	3.563300
0.279200	3.538800
0.279280	3.563300
0.279360	3.526600
0.279440	3.526600
0.279520	3.514400
0.279600	3.514400
0.279680	3.514400
0.279760	3.502200
0.279840	3.477700
0.279920	3.477700
0.280000	3.453300
0.280080	3.453300
0.280160	3.465500
0.280240	3.441100
0.280320	3.428800
0.280400	3.465500
0.280480	3.453300
0.280560	3.428800
0.280640	3.416600
0.280720	3.416600
0.280800	3.392200
0.280880	3.404400
0.280960	3.380000
0.281040	3.404400
0.281120	3.355600
0.281200	3.355600
0.281280	3.355600
0.281360	3.367800
0.281440	3.380000
0.281520	3.380000
0.281600	3.380000
0.281680	3.380000
0.281760	3.331100
0.281840	3.331100
0.281920	3.355600
0.282000	3.331100
0.282080	3.331100
0.282160	3.331100
0.282240	3.306700
0.282320	3.282200
0.282400	3.294500
0.282480	3.306700
0.282560	3.306700
0.282640	3.294500
0.282720	3.257800
0.282800	3.257800
0.282880	3.233400
0.282960	3.233400
0.283040	3.233400
0.283120	3.221200
0.283200	3.196700
0.283280	3.184500
0.283360	3.172300
0.283440	3.160100
0.283520	3.160100
0.283600	3.147900
0.283680	3.147900
0.283760	3.147900
0.283840	3.123400
0.283920	3.086800
0.284000	3.062300
0.284080	3.074500
0.284160	3.074500
0.284240	3.123400
0.284320	3.160100
0.284400	3.172300
0.284480	3.184500
0.284560	3.233400
0.284640	3.331100
0.284720	3.416600
0.284800	3.441100
0.284880	3.392200
0.284960	3.245600
0.285040	3.135600
0.285120	3.062300
0.285200	3.086800
0.285280	3.111200
0.285360	3.160100
0.285440	3.160100
0.285520	3.099000
0.285600	3.062300
0.285680	3.062300
0.285760	3.050100
0.285840	3.062300
0.285920	3.037900
0.286000	3.025700
0.286080	3.001200
0.286160	2.976800
0.286240	2.964600
0.286320	2.952400
0.286400	2.927900
0.286480	2.915700
0.286560	2.927900
0.286640	2.927900
0.286720	2.891300
0.286800	2.866800
0.286880	2.830200
0.286960	2.830200
0.287040	2.830200
0.287120	2.818000
0.287200	2.818000
0.287280	2.793500
0.287360	2.756900
0.287440	2.769100
0.287520	2.744700
0.287600	2.756900
0.287680	2.732500
0.287760	2.732500
0.287840	2.708000
0.287920	2.683600
0.288000	2.659100
0.288080	2.659100
0.288160	2.622500
0.288240	2.573600
0.288320	2.561400
0.288400	2.537000
0.288480	2.524800
0.288560	2.488100
0.288640	2.463700
0.288720	2.439200
0.288800	2.427000
0.288880	2.427000
0.288960	2.427000
0.289040	2.427000
0.289120	2.402600
0.289200	2.390400
0.289280	2.341500
0.289360	2.329300
0.289440	2.329300
0.289520	2.304800
0.289600	2.292600
0.289680	2.280400
0.289760	2.256000
0.289840	2.268200
0.289920	2.231500
0.290000	2.231500
0.290080	2.256000
0.290160	2.256000
0.290240	2.256000
0.290320	2.280400
0.290400	2.280400
0.290480	2.280400
0.290560	2.280400
0.290640	2.304800
0.290720	2.280400
0.290800	2.329300
0.290880	2.292600
0.290960	2.268200
0.291040	2.256000
0.291120	2.280400
0.291200	2.268200
0.291280	2.268200
0.291360	2.280400
0.291440	2.329300
0.291520	2.304800
0.291600	2.329300
0.291680	2.329300
0.291760	2.317100
0.291840	2.292600
0.291920	2.292600
0.292000	2.280400
0.292080	2.268200
0.292160	2.268200
0.292240	2.243800
0.292320	2.243800
0.292400	2.243800
0.292480	2.256000
0.292560	2.219300
0.292640	2.219300
0.292720	2.231500
0.292800	2.243800
0.292880	2.256000
0.292960	2.231500
0.293040	2.219300
0.293120	2.207100
0.293200	2.182700
0.293280	2.158200
0.293360	2.170400
0.293440	2.133800
0.293520	2.133800
0.293600	2.133800
0.293680	2.133800
0.293760	2.146000
0.293840	2.146000
0.293920	2.146000
0.294000	2.133800
0.294080	2.146000
0.294160	2.146000
0.294240	2.121600
0.294320	2.133800
0.294400	2.084900
0.294480	2.060500
0.294560	2.023800
0.294640	2.023800
0.294720	2.011600
0.294800	2.011600
0.294880	2.011600
0.294960	1.987200
0.295040	1.975000
0.295120	1.987200
0.295200	1.975000
0.295280	1.999400
0.295360	1.962700
0.295440	1.975000
0.295520	1.950500
0.295600	1.950500
0.295680	1.913900
0.295760	1.901700
0.295840	1.865000
0.295920	1.852800
0.296000	1.828400
0.296080	1.852800
0.296160	1.840600
0.296240	1.828400
0.296320	1.840600
0.296400	1.840600
0.296480	1.840600
0.296560	1.816100
0.296640	1.828400
0.296720	1.840600
0.296800	1.803900
0.296880	1.791700
0.296960	1.791700
0.297040	1.767300
0.297120	1.730600
0.297200	1.718400
0.297280	1.706200
0.297360	1.730600
0.297440	1.706200
0.297520	1.694000
0.297600	1.718400
0.297680	1.706200
0.297760	1.706200
0.297840	1.706200
0.297920	1.681800
0.298000	1.681800
0.298080	1.669500
0.298160	1.657300
0.298240	1.645100
0.298320	1.608500
0.298400	1.608500
0.298480	1.596200
0.298560	1.584000
0.298640	1.584000
0.298720	1.571800
0.298800	1.596200
0.298880	1.571800
0.298960	1.559600
0.299040	1.547400
0.299120	1.547400
0.299200	1.535100
0.299280	1.510700
0.299360	1.510700
0.299440	1.486300
0.299520	1.486300
0.299600	1.474100
0.299680	1.449600
0.299760	1.449600
0.299840	1.449600
0.299920	1.437400
0.300000	1.449600
0.300080	1.425200
0.300160	1.437400
0.300240	1.425200
0.300320	1.437400
0.300400	1.425200
0.300480	1.413000
0.300560	1.388500
0.300640	1.364100
0.300720	1.339700
0.300800	1.327400
0.300880	1.339700
0.300960	1.339700
0.301040	1.351900
0.301120	1.351900
0.301200	1.327400
0.301280	1.315200
0.301360	1.290800
0.301440	1.303000
0.301520	1.278600
0.301600	1.327400
0.301680	1.315200
0.301760	1.303000
0.301840	1.278600
0.301920	1.266400
0.302000	1.241900
0.302080	1.254100
0.302160	1.229700
0.302240	1.266400
0.302320	1.254100
0.302400	1.254100
0.302480	1.254100
0.302560	1.241900
0.302640	1.193100
0.302720	1.193100
0.302800	1.132000
0.302880	1.083100
0.302960	1.046400
0.303040	0.960920
0.303120	0.875400
0.303200	0.728790
0.303280	0.594390
0.303360	0.484440
0.303440	0.301170
0.303520	0.203440
0.303600	0.032390
0.303680	-0.089785
0.303760	-0.187530
0.303840	-0.297480
0.303920	-0.395220
0.304000	-0.456310
0.304080	-0.529610
0.304160	-0.554050
0.304240	-0.554050
0.304320	-0.541830
0.304400	-0.492960
0.304480	-0.407440
0.304560	-0.334130
0.304640	-0.187530
0.304720	-0.053132
0.304800	0.105700
0.304880	0.288960
0.304960	0.460000
0.305040	0.667700
0.305120	0.887620
0.305200	1.107500
0.305280	1.315200
0.305360	1.547400
0.305440	1.791700
0.305520	1.987200
0.305600	2.133800
0.305680	2.256000
0.305760	2.365900
0.305840	2.451500
0.305920	2.561400
0.306000	2.610300
0.306080	2.695800
0.306160	2.744700
0.306240	2.793500
0.306320	2.805800
0.306400	2.781300
0.306480	2.781300
0.306560	2.769100
0.306640	2.744700
0.306720	2.683600
0.306800	2.622500
0.306880	2.537000
0.306960	2.427000
0.307040	2.353700
0.307120	2.231500
0.307200	2.133800
0.307280	2.048300
0.307360	1.889400
0.307440	1.779500
0.307520	1.730600
0.307600	1.584000
0.307680	1.461800
0.307760	1.364100
0.307840	1.266400
0.307920	1.180800
0.308000	1.070900
0.308080	0.997570
0.308160	0.924270
0.308240	0.887620
0.308320	0.838740
0.308400	0.826530
0.308480	0.814310
0.308560	0.814310
0.308640	0.802090
0.308720	0.802090
0.308800	0.802090
0.308880	0.826530
0.308960	0.838740
0.309040	0.838740
0.309120	0.838740
0.309200	0.863180
0.309280	0.875400
0.309360	0.899830
0.309440	0.924270
0.309520	0.960920
0.309600	0.985360
0.309680	1.009800
0.309760	1.058700
0.309840	1.083100
0.309920	1.119800
