-0.020080	1.164000
-0.020000	0.824380
-0.019920	0.824380
-0.019840	0.145180
-0.019760	0.824380
-0.019680	1.843200
-0.019600	1.843200
-0.019520	1.503600
-0.019440	1.843200
-0.019360	1.164000
-0.019280	1.164000
-0.019200	0.824380
-0.019120	1.164000
-0.019040	1.164000
-0.018960	0.145180
-0.018880	0.484780
-0.018800	-0.534010
-0.018720	-0.194410
-0.018640	1.164000
-0.018560	1.164000
-0.018480	1.503600
-0.018400	-0.194410
-0.018320	-1.213200
-0.018240	-1.213200
-0.018160	-0.534010
-0.018080	0.824380
-0.018000	0.824380
-0.017920	0.824380
-0.017840	0.824380
-0.017760	-0.194410
-0.017680	-0.534010
-0.017600	-0.873610
-0.017520	-0.194410
-0.017440	0.145180
-0.017360	0.145180
-0.017280	0.145180
-0.017200	0.484780
-0.017120	0.484780
-0.017040	0.484780
-0.016960	0.145180
-0.016880	-0.534010
-0.016800	-0.534010
-0.016720	-0.873610
-0.016640	-0.194410
-0.016560	0.824380
-0.016480	0.145180
-0.016400	-0.194410
-0.016320	-0.194410
-0.016240	0.484780
-0.016160	1.503600
-0.016080	1.503600
-0.016000	1.164000
-0.015920	0.824380
-0.015840	-0.194410
-0.015760	-0.194410
-0.015680	0.145180
-0.015600	0.145180
-0.015520	-0.194410
-0.015440	0.824380
-0.015360	0.824380
-0.015280	0.824380
-0.015200	1.503600
-0.015120	1.164000
-0.015040	1.164000
-0.014960	1.503600
-0.014880	0.824380
-0.014800	1.164000
-0.014720	1.164000
-0.014640	1.164000
-0.014560	1.503600
-0.014480	1.503600
-0.014400	1.164000
-0.014320	1.503600
-0.014240	1.503600
-0.014160	0.824380
-0.014080	0.824380
-0.014000	0.824380
-0.013920	0.145180
-0.013840	0.824380
-0.013760	1.503600
-0.013680	1.503600
-0.013600	1.164000
-0.013520	1.164000
-0.013440	-0.194410
-0.013360	0.484780
-0.013280	0.145180
-0.013200	0.484780
-0.013120	0.824380
-0.013040	0.824380
-0.012960	0.824380
-0.012880	1.164000
-0.012800	1.503600
-0.012720	0.824380
-0.012640	0.824380
-0.012560	1.164000
-0.012480	1.164000
-0.012400	1.843200
-0.012320	1.503600
-0.012240	1.843200
-0.012160	2.182800
-0.012080	1.843200
-0.012000	0.824380
-0.011920	0.824380
-0.011840	0.824380
-0.011760	1.503600
-0.011680	1.503600
-0.011600	1.164000
-0.011520	0.824380
-0.011440	0.145180
-0.011360	-0.194410
-0.011280	-0.194410
-0.011200	0.484780
-0.011120	1.503600
-0.011040	1.843200
-0.010960	1.843200
-0.010880	1.503600
-0.010800	1.503600
-0.010720	0.824380
-0.010640	1.843200
-0.010560	1.843200
-0.010480	1.503600
-0.010400	0.824380
-0.010320	0.824380
-0.010240	0.824380
-0.010160	1.503600
-0.010080	1.503600
-0.010000	0.145180
-0.009920	-0.194410
-0.009840	-0.534010
-0.009760	0.145180
-0.009680	0.824380
-0.009600	2.182800
-0.009520	2.182800
-0.009440	2.522400
-0.009360	2.182800
-0.009280	1.503600
-0.009200	0.824380
-0.009120	0.484780
-0.009040	1.164000
-0.008960	1.503600
-0.008880	1.843200
-0.008800	2.522400
-0.008720	2.182800
-0.008640	1.164000
-0.008560	2.182800
-0.008480	2.862000
-0.008400	4.559900
-0.008320	4.899500
-0.008240	3.201600
-0.008160	1.843200
-0.008080	1.164000
-0.008000	0.824380
-0.007920	1.503600
-0.007840	2.522400
-0.007760	2.182800
-0.007680	1.843200
-0.007600	1.503600
-0.007520	1.503600
-0.007440	2.182800
-0.007360	1.503600
-0.007280	0.824380
-0.007200	0.824380
-0.007120	0.484780
-0.007040	0.824380
-0.006960	-0.194410
-0.006880	1.164000
-0.006800	0.824380
-0.006720	3.541200
-0.006640	4.220300
-0.006560	4.899500
-0.006480	3.201600
-0.006400	1.843200
-0.006320	1.503600
-0.006240	1.503600
-0.006160	1.503600
-0.006080	1.503600
-0.006000	1.843200
-0.005920	1.503600
-0.005840	2.182800
-0.005760	2.862000
-0.005680	3.201600
-0.005600	3.201600
-0.005520	2.862000
-0.005440	2.862000
-0.005360	2.862000
-0.005280	2.182800
-0.005200	2.182800
-0.005120	2.182800
-0.005040	2.182800
-0.004960	2.522400
-0.004880	3.880700
-0.004800	4.559900
-0.004720	3.541200
-0.004640	3.541200
-0.004560	2.862000
-0.004480	2.862000
-0.004400	3.201600
-0.004320	3.880700
-0.004240	3.541200
-0.004160	3.541200
-0.004080	3.201600
-0.004000	2.862000
-0.003920	2.862000
-0.003840	2.862000
-0.003760	3.541200
-0.003680	3.541200
-0.003600	4.220300
-0.003520	3.880700
-0.003440	3.880700
-0.003360	3.201600
-0.003280	3.541200
-0.003200	2.862000
-0.003120	3.541200
-0.003040	3.880700
-0.002960	3.201600
-0.002880	4.220300
-0.002800	4.899500
-0.002720	4.899500
-0.002640	4.899500
-0.002560	4.899500
-0.002480	4.899500
-0.002400	4.559900
-0.002320	4.899500
-0.002240	3.880700
-0.002160	3.880700
-0.002080	4.220300
-0.002000	3.880700
-0.001920	3.880700
-0.001840	4.220300
-0.001760	4.559900
-0.001680	4.220300
-0.001600	4.220300
-0.001520	3.201600
-0.001440	3.201600
-0.001360	4.220300
-0.001280	4.899500
-0.001200	4.220300
-0.001120	4.220300
-0.001040	4.899500
-0.000960	4.559900
-0.000880	4.220300
-0.000800	4.220300
-0.000720	3.880700
-0.000640	5.578700
-0.000560	5.578700
-0.000480	5.918300
-0.000400	5.578700
-0.000320	5.239100
-0.000240	5.239100
-0.000160	4.220300
-0.000080	4.220300
0.000000	3.541200
0.000080	3.541200
0.000160	4.220300
0.000240	4.899500
0.000320	5.578700
0.000400	5.578700
0.000480	5.239100
0.000560	5.578700
0.000640	5.578700
0.000720	5.578700
0.000800	5.239100
0.000880	5.578700
0.000960	4.559900
0.001040	4.559900
0.001120	4.559900
0.001200	4.899500
0.001280	5.918300
0.001360	6.597500
0.001440	6.597500
0.001520	6.597500
0.001600	6.257900
0.001680	5.918300
0.001760	6.257900
0.001840	5.578700
0.001920	5.239100
0.002000	5.918300
0.002080	6.597500
0.002160	6.937100
0.002240	7.616300
0.002320	7.955900
0.002400	7.955900
0.002480	7.276700
0.002560	6.937100
0.002640	6.257900
0.002720	5.918300
0.002800	6.597500
0.002880	7.616300
0.002960	7.955900
0.003040	8.974700
0.003120	8.635100
0.003200	8.974700
0.003280	8.635100
0.003360	8.635100
0.003440	8.974700
0.003520	8.295500
0.003600	8.295500
0.003680	7.955900
0.003760	7.955900
0.003840	8.295500
0.003920	8.295500
0.004000	8.974700
0.004080	8.635100
0.004160	8.295500
0.004240	8.295500
0.004320	8.974700
0.004400	9.653900
0.004480	10.333000
0.004560	9.993500
0.004640	9.653900
0.004720	8.974700
0.004800	8.295500
0.004880	8.974700
0.004960	9.653900
0.005040	10.333000
0.005120	11.352000
0.005200	11.352000
0.005280	12.031000
0.005360	11.691000
0.005440	12.371000
0.005520	12.031000
0.005600	11.691000
0.005680	12.371000
0.005760	11.352000
0.005840	11.352000
0.005920	11.691000
0.006000	12.031000
0.006080	12.371000
0.006160	12.371000
0.006240	13.389000
0.006320	13.729000
0.006400	14.748000
0.006480	14.408000
0.006560	14.408000
0.006640	14.408000
0.006720	14.748000
0.006800	14.408000
0.006880	14.069000
0.006960	14.748000
0.007040	15.427000
0.007120	14.748000
0.007200	15.087000
0.007280	15.427000
0.007360	15.087000
0.007440	14.408000
0.007520	14.408000
0.007600	15.087000
0.007680	15.767000
0.007760	15.767000
0.007840	16.106001
0.007920	15.767000
0.008000	15.087000
0.008080	16.106001
0.008160	16.445999
0.008240	17.125000
0.008320	17.465000
0.008400	16.785000
0.008480	16.445999
0.008560	15.767000
0.008640	16.106001
0.008720	16.106001
0.008800	18.143999
0.008880	19.502001
0.008960	20.521000
0.009040	19.502001
0.009120	19.841999
0.009200	19.502001
0.009280	19.841999
0.009360	20.521000
0.009440	21.200001
0.009520	21.540001
0.009600	20.861000
0.009680	19.841999
0.009760	20.521000
0.009840	22.559000
0.009920	21.200001
0.010000	21.540001
0.010080	21.540001
0.010160	20.521000
0.010240	19.841999
0.010320	20.861000
0.010400	20.861000
0.010480	22.219000
0.010560	23.238001
0.010640	23.577000
0.010720	23.238001
0.010800	23.917000
0.010880	23.917000
0.010960	25.275000
0.011040	26.634001
0.011120	26.294001
0.011200	27.313000
0.011280	27.992001
0.011360	26.294001
0.011440	25.615000
0.011520	25.275000
0.011600	25.955000
0.011680	25.955000
0.011760	24.596001
0.011840	22.898001
0.011920	21.879000
0.012000	21.879000
0.012080	23.577000
0.012160	25.955000
0.012240	29.351000
0.012320	30.709000
0.012400	30.030001
0.012480	29.351000
0.012560	28.671000
0.012640	29.351000
0.012720	29.690001
0.012800	29.351000
0.012880	26.973000
0.012960	25.615000
0.013040	27.313000
0.013120	31.049000
0.013200	35.803001
0.013280	37.840000
0.013360	37.500999
0.013440	34.784000
0.013520	32.745998
0.013600	31.388000
0.013680	30.709000
0.013760	31.728001
0.013840	33.425999
0.013920	36.481998
0.014000	38.859001
0.014080	39.877998
0.014160	38.520000
0.014240	36.143002
0.014320	35.124001
0.014400	34.105000
0.014480	34.105000
0.014560	33.425999
0.014640	32.407001
0.014720	32.745998
0.014800	34.105000
0.014880	36.143002
0.014960	38.859001
0.015040	41.236000
0.015120	42.595001
0.015200	42.933998
0.015280	41.576000
0.015360	40.896999
0.015440	41.576000
0.015520	43.952999
0.015600	44.292999
0.015680	44.632000
0.015760	42.255001
0.015840	40.896999
0.015920	41.576000
0.016000	43.613998
0.016080	46.330002
0.016160	46.330002
0.016240	44.972000
0.016320	42.255001
0.016400	39.199001
0.016480	38.520000
0.016560	39.537998
0.016640	42.595001
0.016720	45.651001
0.016800	47.009998
0.016880	47.348999
0.016960	46.669998
0.017040	47.009998
0.017120	47.009998
0.017200	48.028000
0.017280	48.028000
0.017360	48.368000
0.017440	48.708000
0.017520	47.348999
0.017600	47.009998
0.017680	47.348999
0.017760	49.047001
0.017840	49.726002
0.017920	51.764000
0.018000	51.084999
0.018080	49.726002
0.018160	49.726002
0.018240	49.047001
0.018320	50.404999
0.018400	51.764000
0.018480	53.462002
0.018560	54.480999
0.018640	55.160000
0.018720	53.800999
0.018800	53.122002
0.018880	52.443001
0.018960	52.443001
0.019040	52.783001
0.019120	53.462002
0.019200	54.820000
0.019280	55.160000
0.019360	55.500000
0.019440	55.500000
0.019520	55.839001
0.019600	57.196999
0.019680	57.876999
0.019760	57.196999
0.019840	56.179001
0.019920	55.839001
0.020000	55.500000
0.020080	55.839001
0.020160	57.196999
0.020240	56.858002
0.020320	56.858002
0.020400	57.876999
0.020480	59.914001
0.020560	61.272999
0.020640	62.291000
0.020720	60.254002
0.020800	58.216000
0.020880	57.536999
0.020960	57.196999
0.021040	56.858002
0.021120	56.858002
0.021200	55.500000
0.021280	54.480999
0.021360	55.500000
0.021440	57.196999
0.021520	59.575001
0.021600	61.272999
0.021680	62.631001
0.021760	63.310001
0.021840	63.310001
0.021920	62.291000
0.022000	59.575001
0.022080	57.196999
0.022160	56.518002
0.022240	57.196999
0.022320	60.254002
0.022400	61.612000
0.022480	62.291000
0.022560	61.952000
0.022640	61.612000
0.022720	60.254002
0.022800	60.592999
0.022880	59.914001
0.022960	59.914001
0.023040	61.272999
0.023120	64.329002
0.023200	67.045998
0.023280	68.744003
0.023360	68.744003
0.023440	68.065002
0.023520	68.744003
0.023600	70.101997
0.023680	72.139999
0.023760	74.177002
0.023840	74.516998
0.023920	73.158997
0.024000	72.139999
0.024080	72.139999
0.024160	71.800003
0.024240	71.460999
0.024320	70.442001
0.024400	68.744003
0.024480	67.385002
0.024560	68.403999
0.024640	70.101997
0.024720	73.158997
0.024800	74.177002
0.024880	73.158997
0.024960	71.800003
0.025040	70.101997
0.025120	69.763000
0.025200	72.139999
0.025280	74.856003
0.025360	78.252998
0.025440	78.252998
0.025520	75.536003
0.025600	72.819000
0.025680	72.139999
0.025760	72.819000
0.025840	74.856003
0.025920	75.536003
0.026000	75.875000
0.026080	75.195999
0.026160	74.177002
0.026240	72.139999
0.026320	71.121002
0.026400	70.780998
0.026480	70.101997
0.026560	69.083000
0.026640	72.139999
0.026720	72.478996
0.026800	73.837997
0.026880	73.837997
0.026960	73.498001
0.027040	72.819000
0.027120	72.819000
0.027200	74.177002
0.027280	77.234001
0.027360	78.592003
0.027440	79.611000
0.027520	78.592003
0.027600	75.875000
0.027680	73.498001
0.027760	73.158997
0.027840	75.195999
0.027920	77.913002
0.028000	79.271004
0.028080	79.271004
0.028160	78.931999
0.028240	78.592003
0.028320	78.931999
0.028400	78.931999
0.028480	79.271004
0.028560	79.950996
0.028640	80.290001
0.028720	80.969002
0.028800	81.308998
0.028880	80.290001
0.028960	79.611000
0.029040	78.931999
0.029120	80.290001
0.029200	81.308998
0.029280	82.328003
0.029360	81.308998
0.029440	79.950996
0.029520	77.234001
0.029600	74.856003
0.029680	72.819000
0.029760	71.121002
0.029840	71.460999
0.029920	73.158997
0.030000	74.516998
0.030080	77.234001
0.030160	77.913002
0.030240	77.572998
0.030320	77.572998
0.030400	77.572998
0.030480	77.572998
0.030560	77.913002
0.030640	78.252998
0.030720	78.592003
0.030800	77.572998
0.030880	77.234001
0.030960	76.554001
0.031040	76.893997
0.031120	77.234001
0.031200	78.592003
0.031280	78.592003
0.031360	76.893997
0.031440	75.195999
0.031520	73.837997
0.031600	74.856003
0.031680	76.554001
0.031760	79.611000
0.031840	79.611000
0.031920	78.931999
0.032000	77.572998
0.032080	78.252998
0.032160	79.611000
0.032240	80.290001
0.032320	80.969002
0.032400	78.931999
0.032480	75.875000
0.032560	74.177002
0.032640	73.498001
0.032720	76.554001
0.032800	79.950996
0.032880	84.026001
0.032960	87.761002
0.033040	89.459000
0.033120	89.120003
0.033200	87.761002
0.033280	84.705002
0.033360	80.969002
0.033440	76.893997
0.033520	74.516998
0.033600	72.478996
0.033680	73.498001
0.033760	75.875000
0.033840	79.271004
0.033920	80.629997
0.034000	81.987999
0.034080	81.987999
0.034160	81.648003
0.034240	81.308998
0.034320	80.969002
0.034400	81.648003
0.034480	82.328003
0.034560	83.685997
0.034640	83.685997
0.034720	81.648003
0.034800	79.271004
0.034880	78.252998
0.034960	79.271004
0.035040	80.969002
0.035120	81.648003
0.035200	82.328003
0.035280	80.290001
0.035360	79.950996
0.035440	80.629997
0.035520	81.308998
0.035600	81.648003
0.035680	80.629997
0.035760	79.950996
0.035840	78.931999
0.035920	77.234001
0.036000	77.572998
0.036080	77.234001
0.036160	77.572998
0.036240	77.234001
0.036320	77.572998
0.036400	77.572998
0.036480	79.950996
0.036560	83.007004
0.036640	84.364998
0.036720	84.026001
0.036800	81.648003
0.036880	79.271004
0.036960	76.554001
0.037040	76.214996
0.037120	77.572998
0.037200	79.950996
0.037280	83.346001
0.037360	85.384003
0.037440	85.723999
0.037520	84.364998
0.037600	81.987999
0.037680	80.629997
0.037760	80.969002
0.037840	82.328003
0.037920	83.007004
0.038000	84.026001
0.038080	83.685997
0.038160	82.328003
0.038240	83.007004
0.038320	83.007004
0.038400	82.667000
0.038480	81.648003
0.038560	79.950996
0.038640	77.913002
0.038720	77.913002
0.038800	79.950996
0.038880	83.007004
0.038960	86.403000
0.039040	88.100998
0.039120	88.440002
0.039200	88.440002
0.039280	89.120003
0.039360	90.138000
0.039440	90.818001
0.039520	88.779999
0.039600	87.761002
0.039680	84.364998
0.039760	82.328003
0.039840	80.629997
0.039920	80.290001
0.040000	80.629997
0.040080	81.648003
0.040160	83.346001
0.040240	86.741997
0.040320	90.138000
0.040400	91.835999
0.040480	91.497002
0.040560	90.477997
0.040640	89.459000
0.040720	88.779999
0.040800	88.779999
0.040880	87.082001
0.040960	84.364998
0.041040	83.007004
0.041120	82.328003
0.041200	83.685997
0.041280	83.685997
0.041360	84.364998
0.041440	85.043999
0.041520	86.403000
0.041600	90.138000
0.041680	94.553001
0.041760	96.930000
0.041840	95.232002
0.041920	90.138000
0.042000	79.611000
0.042080	69.083000
0.042160	62.631001
0.042240	63.310001
0.042320	66.706001
0.042400	69.083000
0.042480	72.139999
0.042560	76.214996
0.042640	83.007004
0.042720	88.779999
0.042800	89.120003
0.042880	81.987999
0.042960	72.478996
0.043040	65.348000
0.043120	63.310001
0.043200	63.650002
0.043280	68.065002
0.043360	71.460999
0.043440	73.837997
0.043520	71.800003
0.043600	70.101997
0.043680	66.706001
0.043760	66.027000
0.043840	71.800003
0.043920	83.346001
0.044000	91.835999
0.044080	92.176003
0.044160	87.761002
0.044240	85.723999
0.044320	87.082001
0.044400	86.403000
0.044480	78.931999
0.044560	72.139999
0.044640	76.214996
0.044720	90.818001
0.044800	103.379997
0.044880	102.019997
0.044960	89.120003
0.045040	74.177002
0.045120	65.008003
0.045200	66.027000
0.045280	71.800003
0.045360	78.592003
0.045440	80.629997
0.045520	78.931999
0.045600	73.837997
0.045680	70.442001
0.045760	70.442001
0.045840	72.819000
0.045920	75.195999
0.046000	79.950996
0.046080	82.667000
0.046160	83.346001
0.046240	80.290001
0.046320	74.516998
0.046400	69.422997
0.046480	69.763000
0.046560	73.498001
0.046640	76.893997
0.046720	79.271004
0.046800	79.271004
0.046880	78.592003
0.046960	77.572998
0.047040	77.572998
0.047120	78.252998
0.047200	79.611000
0.047280	80.290001
0.047360	79.611000
0.047440	78.592003
0.047520	77.234001
0.047600	74.516998
0.047680	72.478996
0.047760	72.478996
0.047840	73.158997
0.047920	75.536003
0.048000	77.913002
0.048080	76.554001
0.048160	73.158997
0.048240	70.780998
0.048320	71.460999
0.048400	74.856003
0.048480	79.271004
0.048560	80.629997
0.048640	78.252998
0.048720	75.875000
0.048800	75.195999
0.048880	77.913002
0.048960	81.648003
0.049040	81.648003
0.049120	77.572998
0.049200	69.422997
0.049280	61.612000
0.049360	61.272999
0.049440	65.348000
0.049520	70.780998
0.049600	72.819000
0.049680	73.158997
0.049760	70.780998
0.049840	69.763000
0.049920	71.460999
0.050000	74.177002
0.050080	78.252998
0.050160	82.328003
0.050240	86.403000
0.050320	89.459000
0.050400	89.799004
0.050480	86.403000
0.050560	81.648003
0.050640	78.252998
0.050720	75.536003
0.050800	73.837997
0.050880	72.139999
0.050960	70.780998
0.051040	69.422997
0.051120	67.045998
0.051200	64.668999
0.051280	61.952000
0.051360	62.631001
0.051440	66.706001
0.051520	73.837997
0.051600	80.969002
0.051680	85.723999
0.051760	86.063004
0.051840	82.328003
0.051920	76.214996
0.052000	71.800003
0.052080	69.422997
0.052160	68.065002
0.052240	65.348000
0.052320	61.612000
0.052400	59.235001
0.052480	59.235001
0.052560	62.971001
0.052640	68.744003
0.052720	75.536003
0.052800	80.969002
0.052880	84.026001
0.052960	85.384003
0.053040	84.364998
0.053120	81.308998
0.053200	78.931999
0.053280	78.252998
0.053360	79.611000
0.053440	80.969002
0.053520	81.987999
0.053600	79.950996
0.053680	77.234001
0.053760	75.195999
0.053840	75.875000
0.053920	76.893997
0.054000	75.875000
0.054080	74.516998
0.054160	72.139999
0.054240	71.460999
0.054320	72.478996
0.054400	73.498001
0.054480	75.875000
0.054560	78.592003
0.054640	80.969002
0.054720	83.346001
0.054800	85.043999
0.054880	85.723999
0.054960	84.364998
0.055040	78.931999
0.055120	70.780998
0.055200	61.272999
0.055280	52.443001
0.055360	48.028000
0.055440	46.669998
0.055520	48.028000
0.055600	47.348999
0.055680	43.273998
0.055760	37.500999
0.055840	29.690001
0.055920	22.219000
0.056000	17.125000
0.056080	19.163000
0.056160	29.690001
0.056240	44.292999
0.056320	55.500000
0.056400	63.310001
0.056480	66.706001
0.056560	66.027000
0.056640	60.932999
0.056720	56.858002
0.056800	53.122002
0.056880	49.047001
0.056960	48.368000
0.057040	61.272999
0.057120	89.459000
0.057200	108.480003
0.057280	98.627998
0.057360	63.310001
0.057440	26.973000
0.057520	16.445999
0.057600	31.388000
0.057680	58.556000
0.057760	78.252998
0.057840	80.969002
0.057920	68.065002
0.058000	46.330002
0.058080	25.955000
0.058160	11.352000
0.058240	-3.250800
0.058320	-16.156000
0.058400	-17.514000
0.058480	-6.986400
0.058560	6.937100
0.058640	13.050000
0.058720	12.031000
0.058800	4.220300
0.058880	-0.534010
0.058960	4.899500
0.059040	24.596001
0.059120	52.783001
0.059200	74.177002
0.059280	78.931999
0.059360	69.763000
0.059440	58.216000
0.059520	51.764000
0.059600	47.688999
0.059680	41.236000
0.059760	32.407001
0.059840	23.917000
0.059920	20.861000
0.060000	22.898001
0.060080	27.992001
0.060160	32.067001
0.060240	37.160999
0.060320	42.255001
0.060400	47.688999
0.060480	49.047001
0.060560	43.273998
0.060640	30.709000
0.060720	17.804001
0.060800	7.616300
0.060880	1.503600
0.060960	-3.930000
0.061040	-3.250800
0.061120	-0.534010
0.061200	6.597500
0.061280	18.143999
0.061360	32.745998
0.061440	43.613998
0.061520	48.028000
0.061600	47.009998
0.061680	43.273998
0.061760	42.933998
0.061840	44.292999
0.061920	47.688999
0.062000	52.104000
0.062080	53.462002
0.062160	52.443001
0.062240	48.708000
0.062320	44.292999
0.062400	39.537998
0.062480	37.840000
0.062560	40.217999
0.062640	44.632000
0.062720	51.084999
0.062800	56.518002
0.062880	59.914001
0.062960	61.612000
0.063040	63.310001
0.063120	61.272999
0.063200	56.518002
0.063280	49.726002
0.063360	43.613998
0.063440	40.217999
0.063520	37.840000
0.063600	35.803001
0.063680	34.784000
0.063760	35.124001
0.063840	37.500999
0.063920	40.896999
0.064000	40.217999
0.064080	38.520000
0.064160	34.784000
0.064240	32.067001
0.064320	30.030001
0.064400	28.671000
0.064480	28.671000
0.064560	28.671000
0.064640	27.992001
0.064720	26.634001
0.064800	25.275000
0.064880	25.275000
0.064960	26.634001
0.065040	30.030001
0.065120	33.425999
0.065200	35.463001
0.065280	37.160999
0.065360	36.143002
0.065440	34.784000
0.065520	32.067001
0.065600	30.368999
0.065680	30.368999
0.065760	32.745998
0.065840	35.463001
0.065920	36.821999
0.066000	35.124001
0.066080	35.124001
0.066160	38.180000
0.066240	46.330002
0.066320	56.858002
0.066400	66.027000
0.066480	69.083000
0.066560	63.988998
0.066640	52.104000
0.066720	39.199001
0.066800	32.407001
0.066880	33.764999
0.066960	38.859001
0.067040	42.255001
0.067120	39.537998
0.067200	32.407001
0.067280	23.917000
0.067360	14.408000
0.067440	9.653900
0.067520	8.295500
0.067600	9.653900
0.067680	12.371000
0.067760	17.804001
0.067840	24.596001
0.067920	29.690001
0.068000	33.425999
0.068080	35.463001
0.068160	35.124001
0.068240	30.709000
0.068320	22.559000
0.068400	14.748000
0.068480	8.974700
0.068560	9.993500
0.068640	14.408000
0.068720	19.502001
0.068800	23.238001
0.068880	25.275000
0.068960	26.294001
0.069040	25.615000
0.069120	23.577000
0.069200	22.559000
0.069280	23.238001
0.069360	25.615000
0.069440	26.973000
0.069520	25.275000
0.069600	22.559000
0.069680	19.163000
0.069760	17.804001
0.069840	19.502001
0.069920	24.257000
0.070000	30.709000
0.070080	37.160999
0.070160	41.576000
0.070240	42.595001
0.070320	40.556999
0.070400	36.481998
0.070480	32.745998
0.070560	29.011000
0.070640	26.634001
0.070720	25.615000
0.070800	26.294001
0.070880	27.992001
0.070960	29.351000
0.071040	30.709000
0.071120	31.388000
0.071200	30.368999
0.071280	29.351000
0.071360	29.351000
0.071440	32.067001
0.071520	35.463001
0.071600	36.143002
0.071680	36.143002
0.071760	36.143002
0.071840	37.500999
0.071920	39.537998
0.072000	39.537998
0.072080	35.463001
0.072160	30.709000
0.072240	24.936001
0.072320	20.861000
0.072400	18.143999
0.072480	17.465000
0.072560	17.804001
0.072640	18.823000
0.072720	20.181000
0.072800	19.841999
0.072880	18.823000
0.072960	18.483000
0.073040	17.804001
0.073120	17.125000
0.073200	16.106001
0.073280	14.069000
0.073360	15.427000
0.073440	17.465000
0.073520	19.841999
0.073600	19.841999
0.073680	18.483000
0.073760	15.767000
0.073840	11.352000
0.073920	6.597500
0.074000	2.522400
0.074080	-0.194410
0.074160	-1.552800
0.074240	0.145180
0.074320	2.862000
0.074400	9.653900
0.074480	17.804001
0.074560	26.634001
0.074640	33.425999
0.074720	37.840000
0.074800	39.877998
0.074880	38.520000
0.074960	37.160999
0.075040	37.500999
0.075120	41.576000
0.075200	48.708000
0.075280	55.160000
0.075360	58.896000
0.075440	60.932999
0.075520	59.575001
0.075600	57.196999
0.075680	56.518002
0.075760	59.575001
0.075840	64.329002
0.075920	70.780998
0.076000	76.893997
0.076080	78.252998
0.076160	71.460999
0.076240	55.500000
0.076320	36.821999
0.076400	24.596001
0.076480	22.559000
0.076560	27.313000
0.076640	31.388000
0.076720	35.124001
0.076800	34.105000
0.076880	34.444000
0.076960	36.143002
0.077040	40.217999
0.077120	42.595001
0.077200	41.916000
0.077280	39.877998
0.077360	39.199001
0.077440	40.217999
0.077520	41.916000
0.077600	40.556999
0.077680	36.481998
0.077760	30.030001
0.077840	26.634001
0.077920	31.049000
0.078000	44.632000
0.078080	63.310001
0.078160	77.572998
0.078240	80.969002
0.078320	71.121002
0.078400	55.160000
0.078480	40.217999
0.078560	35.463001
0.078640	42.933998
0.078720	57.876999
0.078800	71.460999
0.078880	79.271004
0.078960	79.611000
0.079040	78.252998
0.079120	77.913002
0.079200	77.234001
0.079280	77.572998
0.079360	76.214996
0.079440	75.195999
0.079520	73.837997
0.079600	74.516998
0.079680	74.516998
0.079760	76.214996
0.079840	77.234001
0.079920	77.234001
0.080000	77.234001
0.080080	72.819000
0.080160	68.065002
0.080240	64.668999
0.080320	62.631001
0.080400	63.988998
0.080480	66.027000
0.080560	66.706001
0.080640	64.668999
0.080720	61.952000
0.080800	58.556000
0.080880	57.536999
0.080960	55.839001
0.081040	54.140999
0.081120	53.800999
0.081200	53.462002
0.081280	54.140999
0.081360	56.518002
0.081440	56.518002
0.081520	56.858002
0.081600	54.480999
0.081680	52.443001
0.081760	52.104000
0.081840	54.480999
0.081920	60.592999
0.082000	66.027000
0.082080	68.065002
0.082160	67.045998
0.082240	65.008003
0.082320	65.686996
0.082400	68.065002
0.082480	69.763000
0.082560	69.422997
0.082640	65.348000
0.082720	59.914001
0.082800	55.839001
0.082880	54.820000
0.082960	57.536999
0.083040	61.272999
0.083120	63.988998
0.083200	66.027000
0.083280	67.045998
0.083360	68.744003
0.083440	70.780998
0.083520	72.139999
0.083600	72.478996
0.083680	71.800003
0.083760	71.800003
0.083840	72.819000
0.083920	76.893997
0.084000	83.007004
0.084080	88.100998
0.084160	93.874001
0.084240	96.930000
0.084320	98.289001
0.084400	97.609001
0.084480	95.232002
0.084560	93.195000
0.084640	91.497002
0.084720	90.138000
0.084800	88.779999
0.084880	88.100998
0.084960	87.421997
0.085040	89.120003
0.085120	91.835999
0.085200	95.571999
0.085280	98.289001
0.085360	98.968002
0.085440	97.948997
0.085520	97.269997
0.085600	96.591003
0.085680	98.968002
0.085760	104.059998
0.085840	109.830002
0.085920	114.930000
0.086000	116.970001
0.086080	116.629997
0.086160	114.930000
0.086240	113.910004
0.086320	112.550003
0.086400	111.190002
0.086480	108.480003
0.086560	105.419998
0.086640	104.739998
0.086720	105.760002
0.086800	108.480003
0.086880	112.889999
0.086960	117.650002
0.087040	121.040001
0.087120	125.120003
0.087200	126.820000
0.087280	129.190002
0.087360	129.869995
0.087440	129.190002
0.087520	129.529999
0.087600	129.190002
0.087680	130.210007
0.087760	131.229996
0.087840	131.910004
0.087920	131.229996
0.088000	130.889999
0.088080	129.869995
0.088160	128.850006
0.088240	126.820000
0.088320	125.120003
0.088400	122.059998
0.088480	119.339996
0.088560	117.309998
0.088640	116.290001
0.088720	116.290001
0.088800	117.650002
0.088880	119.339996
0.088960	121.720001
0.089040	122.059998
0.089120	120.699997
0.089200	116.629997
0.089280	111.190002
0.089360	107.800003
0.089440	105.419998
0.089520	105.080002
0.089600	104.400002
0.089680	104.400002
0.089760	105.080002
0.089840	104.059998
0.089920	101.680000
0.090000	96.250999
0.090080	89.799004
0.090160	81.987999
0.090240	76.214996
0.090320	73.837997
0.090400	75.195999
0.090480	78.931999
0.090560	83.007004
0.090640	85.043999
0.090720	85.723999
0.090800	84.705002
0.090880	85.043999
0.090960	86.403000
0.091040	86.403000
0.091120	84.364998
0.091200	81.308998
0.091280	76.893997
0.091360	74.856003
0.091440	74.516998
0.091520	77.572998
0.091600	81.308998
0.091680	85.723999
0.091760	88.779999
0.091840	88.779999
0.091920	86.063004
0.092000	81.308998
0.092080	76.893997
0.092160	74.516998
0.092240	79.271004
0.092320	91.835999
0.092400	105.419998
0.092480	107.120003
0.092560	91.835999
0.092640	69.422997
0.092720	52.104000
0.092800	46.669998
0.092880	51.764000
0.092960	61.952000
0.093040	70.101997
0.093120	73.498001
0.093200	70.780998
0.093280	69.083000
0.093360	68.065002
0.093440	71.121002
0.093520	74.177002
0.093600	75.195999
0.093680	74.516998
0.093760	71.800003
0.093840	69.422997
0.093920	70.101997
0.094000	74.177002
0.094080	77.572998
0.094160	78.252998
0.094240	74.856003
0.094320	68.744003
0.094400	62.291000
0.094480	56.858002
0.094560	56.179001
0.094640	56.858002
0.094720	57.876999
0.094800	57.196999
0.094880	54.140999
0.094960	49.726002
0.095040	45.651001
0.095120	42.255001
0.095200	40.896999
0.095280	43.613998
0.095360	46.330002
0.095440	46.330002
0.095520	43.613998
0.095600	42.255001
0.095680	43.273998
0.095760	48.368000
0.095840	54.140999
0.095920	58.216000
0.096000	59.235001
0.096080	57.536999
0.096160	54.140999
0.096240	50.404999
0.096320	46.669998
0.096400	42.933998
0.096480	39.199001
0.096560	34.784000
0.096640	31.049000
0.096720	28.671000
0.096800	28.671000
0.096880	30.368999
0.096960	33.425999
0.097040	37.500999
0.097120	40.896999
0.097200	42.255001
0.097280	40.556999
0.097360	37.840000
0.097440	34.105000
0.097520	32.407001
0.097600	32.407001
0.097680	34.444000
0.097760	36.821999
0.097840	38.859001
0.097920	38.180000
0.098000	35.463001
0.098080	31.728001
0.098160	27.992001
0.098240	24.596001
0.098320	22.559000
0.098400	21.879000
0.098480	21.540001
0.098560	21.540001
0.098640	20.521000
0.098720	19.841999
0.098800	20.521000
0.098880	23.238001
0.098960	28.332001
0.099040	33.425999
0.099120	35.463001
0.099200	33.764999
0.099280	28.671000
0.099360	22.898001
0.099440	17.465000
0.099520	14.408000
0.099600	12.371000
0.099680	10.333000
0.099760	8.974700
0.099840	9.314300
0.099920	12.371000
0.100000	16.445999
0.100080	21.540001
0.100160	24.596001
0.100240	24.596001
0.100320	21.879000
0.100400	17.125000
0.100480	13.729000
0.100560	13.050000
0.100640	13.729000
0.100720	16.106001
0.100800	17.125000
0.100880	17.465000
0.100960	16.445999
0.101040	15.427000
0.101120	15.767000
0.101200	17.125000
0.101280	17.465000
0.101360	17.465000
0.101440	17.804001
0.101520	19.163000
0.101600	19.841999
0.101680	20.181000
0.101760	20.181000
0.101840	19.841999
0.101920	20.861000
0.102000	20.861000
0.102080	20.861000
0.102160	19.502001
0.102240	16.106001
0.102320	12.371000
0.102400	11.352000
0.102480	12.031000
0.102560	11.691000
0.102640	10.333000
0.102720	7.616300
0.102800	6.937100
0.102880	8.974700
0.102960	15.087000
0.103040	19.163000
0.103120	21.540001
0.103200	19.841999
0.103280	18.823000
0.103360	15.087000
0.103440	12.031000
0.103520	8.974700
0.103600	7.616300
0.103680	7.276700
0.103760	11.691000
0.103840	18.143999
0.103920	23.238001
0.104000	23.917000
0.104080	19.502001
0.104160	13.050000
0.104240	8.635100
0.104320	9.314300
0.104400	14.408000
0.104480	20.861000
0.104560	23.917000
0.104640	23.238001
0.104720	20.181000
0.104800	17.125000
0.104880	14.408000
0.104960	14.408000
0.105040	14.748000
0.105120	15.427000
0.105200	16.106001
0.105280	15.087000
0.105360	12.710000
0.105440	9.653900
0.105520	7.955900
0.105600	7.616300
0.105680	10.673000
0.105760	14.748000
0.105840	19.841999
0.105920	22.219000
0.106000	24.257000
0.106080	25.615000
0.106160	25.275000
0.106240	24.596001
0.106320	21.879000
0.106400	18.483000
0.106480	14.408000
0.106560	10.333000
0.106640	6.257900
0.106720	3.541200
0.106800	3.541200
0.106880	6.257900
0.106960	11.012000
0.107040	15.767000
0.107120	19.841999
0.107200	21.879000
0.107280	22.559000
0.107360	23.577000
0.107440	23.238001
0.107520	23.917000
0.107600	23.917000
0.107680	22.559000
0.107760	21.540001
0.107840	20.861000
0.107920	20.521000
0.108000	20.521000
0.108080	21.200001
0.108160	23.238001
0.108240	24.257000
0.108320	25.615000
0.108400	24.936001
0.108480	22.559000
0.108560	22.219000
0.108640	21.540001
0.108720	22.219000
0.108800	20.861000
0.108880	18.143999
0.108960	16.445999
0.109040	16.785000
0.109120	19.502001
0.109200	23.917000
0.109280	28.671000
0.109360	34.105000
0.109440	36.821999
0.109520	35.803001
0.109600	32.407001
0.109680	28.671000
0.109760	25.955000
0.109840	26.634001
0.109920	29.011000
0.110000	27.653000
0.110080	26.294001
0.110160	25.955000
0.110240	26.973000
0.110320	26.973000
0.110400	26.973000
0.110480	24.596001
0.110560	21.879000
0.110640	19.502001
0.110720	19.502001
0.110800	21.540001
0.110880	26.294001
0.110960	32.745998
0.111040	38.859001
0.111120	41.916000
0.111200	40.217999
0.111280	32.745998
0.111360	22.898001
0.111440	12.710000
0.111520	8.974700
0.111600	11.012000
0.111680	19.163000
0.111760	29.011000
0.111840	38.859001
0.111920	45.651001
0.112000	50.404999
0.112080	51.764000
0.112160	52.443001
0.112240	53.122002
0.112320	53.122002
0.112400	51.424000
0.112480	44.292999
0.112560	36.143002
0.112640	30.709000
0.112720	30.030001
0.112800	34.105000
0.112880	37.840000
0.112960	37.840000
0.113040	35.124001
0.113120	30.709000
0.113200	26.634001
0.113280	26.294001
0.113360	29.690001
0.113440	33.425999
0.113520	37.160999
0.113600	38.859001
0.113680	41.236000
0.113760	42.255001
0.113840	41.916000
0.113920	41.576000
0.114000	39.199001
0.114080	38.520000
0.114160	39.877998
0.114240	40.556999
0.114320	41.576000
0.114400	42.595001
0.114480	42.933998
0.114560	41.576000
0.114640	40.217999
0.114720	38.859001
0.114800	37.840000
0.114880	38.859001
0.114960	44.292999
0.115040	48.368000
0.115120	49.047001
0.115200	44.292999
0.115280	37.160999
0.115360	32.745998
0.115440	32.407001
0.115520	37.840000
0.115600	45.991001
0.115680	51.424000
0.115760	54.480999
0.115840	56.518002
0.115920	58.556000
0.116000	60.592999
0.116080	60.254002
0.116160	59.575001
0.116240	57.876999
0.116320	57.196999
0.116400	60.592999
0.116480	65.348000
0.116560	68.065002
0.116640	68.744003
0.116720	67.724998
0.116800	66.027000
0.116880	64.668999
0.116960	65.008003
0.117040	63.988998
0.117120	60.932999
0.117200	57.196999
0.117280	54.140999
0.117360	51.424000
0.117440	52.443001
0.117520	54.820000
0.117600	59.235001
0.117680	63.310001
0.117760	64.668999
0.117840	62.291000
0.117920	57.536999
0.118000	54.140999
0.118080	54.480999
0.118160	56.179001
0.118240	57.536999
0.118320	57.196999
0.118400	55.160000
0.118480	51.764000
0.118560	51.084999
0.118640	51.764000
0.118720	53.122002
0.118800	53.462002
0.118880	53.122002
0.118960	52.104000
0.119040	51.424000
0.119120	52.783001
0.119200	57.536999
0.119280	62.631001
0.119360	67.385002
0.119440	69.763000
0.119520	70.780998
0.119600	70.780998
0.119680	70.780998
0.119760	72.139999
0.119840	72.478996
0.119920	72.819000
0.120000	73.498001
0.120080	73.498001
0.120160	74.516998
0.120240	73.498001
0.120320	72.478996
0.120400	71.800003
0.120480	69.763000
0.120560	67.385002
0.120640	65.348000
0.120720	62.291000
0.120800	59.914001
0.120880	58.216000
0.120960	56.858002
0.121040	56.179001
0.121120	57.196999
0.121200	58.556000
0.121280	60.932999
0.121360	64.668999
0.121440	66.706001
0.121520	66.706001
0.121600	64.668999
0.121680	63.650002
0.121760	63.310001
0.121840	65.348000
0.121920	68.403999
0.122000	70.442001
0.122080	70.780998
0.122160	68.065002
0.122240	65.008003
0.122320	63.650002
0.122400	64.329002
0.122480	66.366997
0.122560	66.027000
0.122640	65.008003
0.122720	63.310001
0.122800	63.988998
0.122880	67.724998
0.122960	70.780998
0.123040	70.442001
0.123120	67.045998
0.123200	62.971001
0.123280	60.592999
0.123360	61.612000
0.123440	65.348000
0.123520	67.724998
0.123600	68.065002
0.123680	66.366997
0.123760	63.988998
0.123840	62.971001
0.123920	62.971001
0.124000	63.988998
0.124080	63.310001
0.124160	61.952000
0.124240	59.575001
0.124320	56.858002
0.124400	54.820000
0.124480	55.500000
0.124560	56.858002
0.124640	58.896000
0.124720	60.592999
0.124800	60.592999
0.124880	58.556000
0.124960	56.858002
0.125040	56.179001
0.125120	55.160000
0.125200	55.839001
0.125280	57.536999
0.125360	61.272999
0.125440	65.008003
0.125520	70.442001
0.125600	72.819000
0.125680	71.800003
0.125760	67.385002
0.125840	59.575001
0.125920	52.783001
0.126000	48.708000
0.126080	49.726002
0.126160	52.443001
0.126240	56.518002
0.126320	59.235001
0.126400	58.896000
0.126480	57.536999
0.126560	55.500000
0.126640	52.104000
0.126720	49.726002
0.126800	47.348999
0.126880	46.669998
0.126960	50.066002
0.127040	54.480999
0.127120	60.592999
0.127200	64.329002
0.127280	65.348000
0.127360	62.291000
0.127440	57.536999
0.127520	50.404999
0.127600	43.613998
0.127680	41.576000
0.127760	42.933998
0.127840	47.348999
0.127920	52.443001
0.128000	55.160000
0.128080	57.196999
0.128160	57.196999
0.128240	55.160000
0.128320	50.744999
0.128400	43.613998
0.128480	34.105000
0.128560	26.634001
0.128640	23.238001
0.128720	27.992001
0.128800	35.124001
0.128880	43.273998
0.128960	46.669998
0.129040	45.991001
0.129120	45.651001
0.129200	46.330002
0.129280	49.726002
0.129360	58.896000
0.129440	71.800003
0.129520	80.629997
0.129600	83.007004
0.129680	74.177002
0.129760	55.160000
0.129840	34.784000
0.129920	18.823000
0.130000	12.371000
0.130080	14.408000
0.130160	20.521000
0.130240	25.275000
0.130320	31.388000
0.130400	41.576000
0.130480	53.800999
0.130560	66.706001
0.130640	74.516998
0.130720	74.177002
0.130800	68.065002
0.130880	61.272999
0.130960	54.140999
0.131040	50.066002
0.131120	48.368000
0.131200	50.744999
0.131280	54.820000
0.131360	60.592999
0.131440	65.686996
0.131520	69.422997
0.131600	73.158997
0.131680	77.234001
0.131760	79.950996
0.131840	80.290001
0.131920	76.554001
0.132000	69.763000
0.132080	64.668999
0.132160	62.631001
0.132240	65.008003
0.132320	68.403999
0.132400	69.083000
0.132480	65.008003
0.132560	59.914001
0.132640	55.160000
0.132720	53.122002
0.132800	51.764000
0.132880	49.726002
0.132960	47.348999
0.133040	47.688999
0.133120	49.387001
0.133200	53.122002
0.133280	57.196999
0.133360	59.914001
0.133440	60.254002
0.133520	59.235001
0.133600	57.876999
0.133680	55.500000
0.133760	53.462002
0.133840	51.764000
0.133920	51.424000
0.134000	52.443001
0.134080	54.820000
0.134160	57.876999
0.134240	61.272999
0.134320	63.310001
0.134400	66.706001
0.134480	69.763000
0.134560	72.478996
0.134640	74.177002
0.134720	72.819000
0.134800	72.139999
0.134880	73.837997
0.134960	77.572998
0.135040	82.667000
0.135120	85.043999
0.135200	84.364998
0.135280	81.648003
0.135360	79.611000
0.135440	79.271004
0.135520	80.290001
0.135600	80.969002
0.135680	81.308998
0.135760	80.969002
0.135840	79.950996
0.135920	78.252998
0.136000	77.913002
0.136080	77.913002
0.136160	77.234001
0.136240	75.195999
0.136320	71.121002
0.136400	64.668999
0.136480	60.592999
0.136560	57.536999
0.136640	55.500000
0.136720	55.160000
0.136800	52.443001
0.136880	51.764000
0.136960	51.764000
0.137040	54.480999
0.137120	58.556000
0.137200	61.272999
0.137280	62.291000
0.137360	61.612000
0.137440	60.592999
0.137520	60.254002
0.137600	60.592999
0.137680	60.254002
0.137760	59.914001
0.137840	58.556000
0.137920	58.556000
0.138000	59.914001
0.138080	61.612000
0.138160	62.631001
0.138240	61.952000
0.138320	61.272999
0.138400	60.592999
0.138480	60.932999
0.138560	62.631001
0.138640	66.027000
0.138720	69.083000
0.138800	70.780998
0.138880	71.800003
0.138960	71.460999
0.139040	70.780998
0.139120	69.083000
0.139200	67.385002
0.139280	67.045998
0.139360	67.385002
0.139440	67.045998
0.139520	66.027000
0.139600	65.348000
0.139680	66.027000
0.139760	66.027000
0.139840	66.706001
0.139920	67.045998
0.140000	67.385002
0.140080	69.083000
0.140160	72.139999
0.140240	79.950996
0.140320	91.835999
0.140400	101.000000
0.140480	98.627998
0.140560	84.026001
0.140640	66.706001
0.140720	54.140999
0.140800	48.708000
0.140880	48.708000
0.140960	51.764000
0.141040	54.820000
0.141120	58.216000
0.141200	61.952000
0.141280	66.366997
0.141360	72.478996
0.141440	77.913002
0.141520	83.007004
0.141600	85.043999
0.141680	84.364998
0.141760	81.987999
0.141840	77.234001
0.141920	71.800003
0.142000	66.027000
0.142080	58.556000
0.142160	52.104000
0.142240	48.368000
0.142320	49.726002
0.142400	52.783001
0.142480	58.216000
0.142560	62.971001
0.142640	67.045998
0.142720	70.101997
0.142800	71.460999
0.142880	72.478996
0.142960	70.101997
0.143040	67.724998
0.143120	65.348000
0.143200	63.988998
0.143280	65.008003
0.143360	66.027000
0.143440	65.686996
0.143520	67.385002
0.143600	67.045998
0.143680	66.027000
0.143760	63.650002
0.143840	59.575001
0.143920	55.500000
0.144000	52.783001
0.144080	50.066002
0.144160	50.066002
0.144240	51.424000
0.144320	53.800999
0.144400	55.839001
0.144480	56.858002
0.144560	58.216000
0.144640	56.179001
0.144720	55.160000
0.144800	54.480999
0.144880	55.839001
0.144960	58.556000
0.145040	63.650002
0.145120	68.065002
0.145200	71.460999
0.145280	73.837997
0.145360	74.516998
0.145440	75.195999
0.145520	76.214996
0.145600	76.893997
0.145680	76.893997
0.145760	71.460999
0.145840	66.027000
0.145920	61.272999
0.146000	60.932999
0.146080	65.686996
0.146160	72.478996
0.146240	77.234001
0.146320	77.234001
0.146400	74.516998
0.146480	70.101997
0.146560	66.366997
0.146640	63.988998
0.146720	61.272999
0.146800	57.876999
0.146880	54.480999
0.146960	53.122002
0.147040	53.122002
0.147120	53.122002
0.147200	52.783001
0.147280	54.140999
0.147360	57.536999
0.147440	61.952000
0.147520	63.310001
0.147600	60.932999
0.147680	56.179001
0.147760	51.764000
0.147840	50.066002
0.147920	50.404999
0.148000	51.084999
0.148080	49.726002
0.148160	49.726002
0.148240	54.480999
0.148320	67.385002
0.148400	85.384003
0.148480	98.289001
0.148560	99.987000
0.148640	92.515999
0.148720	85.043999
0.148800	85.723999
0.148880	91.497002
0.148960	94.553001
0.149040	88.100998
0.149120	74.516998
0.149200	62.291000
0.149280	54.820000
0.149360	48.708000
0.149440	42.255001
0.149520	33.425999
0.149600	27.653000
0.149680	31.388000
0.149760	45.651001
0.149840	65.008003
0.149920	77.572998
0.150000	79.950996
0.150080	70.442001
0.150160	56.858002
0.150240	43.613998
0.150320	35.124001
0.150400	32.067001
0.150480	34.784000
0.150560	41.236000
0.150640	49.387001
0.150720	56.179001
0.150800	61.612000
0.150880	65.348000
0.150960	65.348000
0.151040	61.952000
0.151120	56.518002
0.151200	49.726002
0.151280	44.292999
0.151360	41.236000
0.151440	41.576000
0.151520	44.972000
0.151600	50.404999
0.151680	54.820000
0.151760	57.876999
0.151840	57.536999
0.151920	55.839001
0.152000	53.800999
0.152080	51.084999
0.152160	47.688999
0.152240	45.991001
0.152320	46.669998
0.152400	48.708000
0.152480	52.104000
0.152560	55.160000
0.152640	55.839001
0.152720	54.480999
0.152800	51.084999
0.152880	47.009998
0.152960	44.632000
0.153040	44.292999
0.153120	44.632000
0.153200	45.991001
0.153280	48.708000
0.153360	51.084999
0.153440	51.084999
0.153520	50.404999
0.153600	48.368000
0.153680	47.009998
0.153760	47.009998
0.153840	47.688999
0.153920	49.387001
0.154000	50.744999
0.154080	52.783001
0.154160	53.462002
0.154240	54.140999
0.154320	51.764000
0.154400	49.726002
0.154480	49.047001
0.154560	51.084999
0.154640	55.160000
0.154720	59.575001
0.154800	61.612000
0.154880	61.952000
0.154960	61.952000
0.155040	62.631001
0.155120	62.971001
0.155200	63.650002
0.155280	62.971001
0.155360	61.272999
0.155440	58.216000
0.155520	56.858002
0.155600	56.179001
0.155680	56.858002
0.155760	58.896000
0.155840	61.612000
0.155920	62.631001
0.156000	62.291000
0.156080	60.932999
0.156160	60.592999
0.156240	60.592999
0.156320	60.932999
0.156400	59.914001
0.156480	57.536999
0.156560	55.500000
0.156640	54.820000
0.156720	56.518002
0.156800	61.612000
0.156880	68.065002
0.156960	72.819000
0.157040	76.214996
0.157120	75.195999
0.157200	73.158997
0.157280	68.744003
0.157360	65.008003
0.157440	60.592999
0.157520	57.876999
0.157600	57.196999
0.157680	60.592999
0.157760	66.027000
0.157840	72.139999
0.157920	76.893997
0.158000	78.252998
0.158080	75.875000
0.158160	73.498001
0.158240	73.158997
0.158320	73.498001
0.158400	72.478996
0.158480	68.065002
0.158560	62.291000
0.158640	59.914001
0.158720	62.971001
0.158800	71.460999
0.158880	79.950996
0.158960	82.328003
0.159040	78.931999
0.159120	74.177002
0.159200	71.460999
0.159280	72.139999
0.159360	74.177002
0.159440	74.516998
0.159520	74.516998
0.159600	72.819000
0.159680	70.780998
0.159760	70.780998
0.159840	68.744003
0.159920	69.763000
0.160000	71.460999
0.160080	73.498001
0.160160	74.177002
0.160240	73.498001
0.160320	71.460999
0.160400	67.724998
0.160480	65.348000
0.160560	66.706001
0.160640	72.139999
0.160720	81.308998
0.160800	87.761002
0.160880	89.799004
0.160960	86.741997
0.161040	80.969002
0.161120	75.536003
0.161200	71.460999
0.161280	70.442001
0.161360	71.460999
0.161440	74.856003
0.161520	76.214996
0.161600	77.913002
0.161680	77.913002
0.161760	76.214996
0.161840	74.177002
0.161920	72.139999
0.162000	71.460999
0.162080	74.177002
0.162160	77.234001
0.162240	79.271004
0.162320	80.290001
0.162400	79.271004
0.162480	79.950996
0.162560	82.328003
0.162640	85.384003
0.162720	88.100998
0.162800	88.440002
0.162880	86.403000
0.162960	83.007004
0.163040	80.629997
0.163120	79.950996
0.163200	81.308998
0.163280	82.667000
0.163360	83.685997
0.163440	83.685997
0.163520	82.667000
0.163600	82.328003
0.163680	82.328003
0.163760	82.667000
0.163840	83.346001
0.163920	83.007004
0.164000	83.007004
0.164080	83.346001
0.164160	83.685997
0.164240	84.364998
0.164320	83.007004
0.164400	80.969002
0.164480	79.950996
0.164560	80.290001
0.164640	82.328003
0.164720	83.685997
0.164800	85.723999
0.164880	87.082001
0.164960	87.761002
0.165040	86.741997
0.165120	85.043999
0.165200	83.007004
0.165280	82.667000
0.165360	83.007004
0.165440	85.384003
0.165520	87.082001
0.165600	89.799004
0.165680	90.477997
0.165760	90.138000
0.165840	88.779999
0.165920	88.440002
0.166000	87.761002
0.166080	87.421997
0.166160	87.761002
0.166240	89.459000
0.166320	89.799004
0.166400	89.799004
0.166480	89.799004
0.166560	88.779999
0.166640	89.120003
0.166720	89.120003
0.166800	88.440002
0.166880	89.459000
0.166960	90.477997
0.167040	91.835999
0.167120	93.874001
0.167200	92.515999
0.167280	91.497002
0.167360	90.138000
0.167440	89.120003
0.167520	87.761002
0.167600	87.082001
0.167680	86.741997
0.167760	87.761002
0.167840	88.779999
0.167920	90.477997
0.168000	90.138000
0.168080	91.497002
0.168160	90.477997
0.168240	90.477997
0.168320	89.120003
0.168400	87.082001
0.168480	86.741997
0.168560	86.403000
0.168640	87.761002
0.168720	89.459000
0.168800	90.138000
0.168880	91.156998
0.168960	91.497002
0.169040	91.497002
0.169120	90.477997
0.169200	89.799004
0.169280	89.799004
0.169360	91.497002
0.169440	91.835999
0.169520	93.195000
0.169600	92.176003
0.169680	91.497002
0.169760	90.477997
0.169840	90.477997
0.169920	90.138000
0.170000	91.497002
0.170080	93.874001
0.170160	95.911003
0.170240	95.911003
0.170320	95.232002
0.170400	94.892998
0.170480	94.553001
0.170560	95.911003
0.170640	97.269997
0.170720	99.307999
0.170800	99.647003
0.170880	99.307999
0.170960	97.269997
0.171040	96.250999
0.171120	94.892998
0.171200	94.213997
0.171280	92.855003
0.171360	92.515999
0.171440	91.835999
0.171520	91.497002
0.171600	92.515999
0.171680	93.195000
0.171760	92.176003
0.171840	90.477997
0.171920	89.120003
0.172000	89.459000
0.172080	90.477997
0.172160	92.515999
0.172240	94.892998
0.172320	95.911003
0.172400	94.213997
0.172480	91.497002
0.172560	89.799004
0.172640	89.459000
0.172720	91.497002
0.172800	93.874001
0.172880	95.911003
0.172960	96.250999
0.173040	94.213997
0.173120	92.176003
0.173200	89.799004
0.173280	87.761002
0.173360	88.100998
0.173440	88.440002
0.173520	88.779999
0.173600	91.156998
0.173680	95.911003
0.173760	102.360001
0.173840	106.440002
0.173920	109.160004
0.174000	107.120003
0.174080	102.699997
0.174160	98.627998
0.174240	96.250999
0.174320	95.911003
0.174400	96.591003
0.174480	96.591003
0.174560	96.250999
0.174640	96.250999
0.174720	95.911003
0.174800	95.911003
0.174880	94.892998
0.174960	93.874001
0.175040	94.553001
0.175120	96.930000
0.175200	98.627998
0.175280	99.987000
0.175360	102.360001
0.175440	103.379997
0.175520	103.720001
0.175600	101.349998
0.175680	96.591003
0.175760	91.835999
0.175840	90.138000
0.175920	92.515999
0.176000	97.948997
0.176080	102.019997
0.176160	103.040001
0.176240	101.680000
0.176320	99.647003
0.176400	99.307999
0.176480	99.307999
0.176560	104.059998
0.176640	106.779999
0.176720	109.500000
0.176800	108.139999
0.176880	104.739998
0.176960	102.019997
0.177040	99.647003
0.177120	97.609001
0.177200	97.948997
0.177280	99.987000
0.177360	103.040001
0.177440	106.099998
0.177520	106.779999
0.177600	106.779999
0.177680	105.760002
0.177760	104.739998
0.177840	105.419998
0.177920	106.779999
0.178000	108.480003
0.178080	109.160004
0.178160	109.160004
0.178240	106.440002
0.178320	104.059998
0.178400	103.720001
0.178480	103.720001
0.178560	104.739998
0.178640	104.059998
0.178720	105.080002
0.178800	104.059998
0.178880	103.720001
0.178960	103.040001
0.179040	104.059998
0.179120	106.099998
0.179200	109.500000
0.179280	111.529999
0.179360	110.849998
0.179440	107.459999
0.179520	103.379997
0.179600	98.968002
0.179680	97.269997
0.179760	94.892998
0.179840	95.911003
0.179920	95.232002
0.180000	97.269997
0.180080	99.647003
0.180160	101.680000
0.180240	102.019997
0.180320	102.019997
0.180400	101.000000
0.180480	101.000000
0.180560	101.000000
0.180640	103.379997
0.180720	105.080002
0.180800	105.080002
0.180880	106.099998
0.180960	105.419998
0.181040	104.400002
0.181120	104.059998
0.181200	103.040001
0.181280	101.680000
0.181360	99.647003
0.181440	97.609001
0.181520	96.591003
0.181600	96.250999
0.181680	97.269997
0.181760	100.669998
0.181840	102.699997
0.181920	106.779999
0.182000	110.180000
0.182080	111.529999
0.182160	109.830002
0.182240	103.040001
0.182320	94.892998
0.182400	91.497002
0.182480	94.553001
0.182560	103.720001
0.182640	112.550003
0.182720	115.269997
0.182800	111.190002
0.182880	104.739998
0.182960	101.000000
0.183040	101.680000
0.183120	104.400002
0.183200	105.760002
0.183280	103.720001
0.183360	99.307999
0.183440	96.250999
0.183520	96.930000
0.183600	99.987000
0.183680	102.699997
0.183760	103.720001
0.183840	103.720001
0.183920	104.059998
0.184000	104.059998
0.184080	105.080002
0.184160	104.739998
0.184240	103.720001
0.184320	102.019997
0.184400	100.330002
0.184480	98.968002
0.184560	98.968002
0.184640	100.669998
0.184720	102.360001
0.184800	102.019997
0.184880	100.330002
0.184960	97.269997
0.185040	95.232002
0.185120	94.213997
0.185200	93.874001
0.185280	93.533997
0.185360	95.911003
0.185440	101.000000
0.185520	104.739998
0.185600	104.739998
0.185680	100.330002
0.185760	95.232002
0.185840	92.515999
0.185920	93.533997
0.186000	94.553001
0.186080	97.269997
0.186160	99.987000
0.186240	102.360001
0.186320	104.059998
0.186400	104.400002
0.186480	103.040001
0.186560	99.647003
0.186640	94.892998
0.186720	91.156998
0.186800	89.120003
0.186880	89.120003
0.186960	90.477997
0.187040	94.892998
0.187120	98.627998
0.187200	101.000000
0.187280	103.040001
0.187360	102.019997
0.187440	100.669998
0.187520	98.968002
0.187600	98.627998
0.187680	97.609001
0.187760	95.911003
0.187840	94.892998
0.187920	94.553001
0.188000	95.911003
0.188080	97.269997
0.188160	97.269997
0.188240	96.930000
0.188320	95.911003
0.188400	94.892998
0.188480	94.553001
0.188560	93.874001
0.188640	93.874001
0.188720	93.195000
0.188800	93.533997
0.188880	94.553001
0.188960	95.911003
0.189040	95.911003
0.189120	95.911003
0.189200	94.892998
0.189280	93.533997
0.189360	92.176003
0.189440	92.176003
0.189520	93.533997
0.189600	94.213997
0.189680	94.553001
0.189760	93.533997
0.189840	92.515999
0.189920	91.835999
0.190000	91.497002
0.190080	90.138000
0.190160	87.761002
0.190240	88.100998
0.190320	89.459000
0.190400	93.533997
0.190480	97.269997
0.190560	99.987000
0.190640	100.669998
0.190720	98.627998
0.190800	94.892998
0.190880	91.835999
0.190960	91.156998
0.191040	91.156998
0.191120	92.855003
0.191200	93.874001
0.191280	96.250999
0.191360	95.911003
0.191440	95.911003
0.191520	96.250999
0.191600	95.911003
0.191680	96.591003
0.191760	94.553001
0.191840	91.156998
0.191920	87.082001
0.192000	86.063004
0.192080	87.082001
0.192160	89.459000
0.192240	93.195000
0.192320	94.892998
0.192400	95.911003
0.192480	93.533997
0.192560	90.477997
0.192640	87.761002
0.192720	86.063004
0.192800	85.043999
0.192880	87.082001
0.192960	88.779999
0.193040	90.138000
0.193120	91.497002
0.193200	93.195000
0.193280	91.835999
0.193360	92.176003
0.193440	90.818001
0.193520	90.138000
0.193600	89.799004
0.193680	90.818001
0.193760	92.515999
0.193840	94.213997
0.193920	94.892998
0.194000	94.553001
0.194080	93.195000
0.194160	92.176003
0.194240	91.497002
0.194320	90.818001
0.194400	91.497002
0.194480	93.874001
0.194560	95.571999
0.194640	96.591003
0.194720	97.948997
0.194800	98.289001
0.194880	97.609001
0.194960	96.591003
0.195040	95.911003
0.195120	95.571999
0.195200	95.911003
0.195280	95.911003
0.195360	96.250999
0.195440	95.911003
0.195520	95.232002
0.195600	93.874001
0.195680	93.533997
0.195760	93.195000
0.195840	93.533997
0.195920	93.533997
0.196000	94.213997
0.196080	94.213997
0.196160	93.874001
0.196240	93.533997
0.196320	93.874001
0.196400	94.213997
0.196480	94.892998
0.196560	94.553001
0.196640	94.553001
0.196720	94.553001
0.196800	95.232002
0.196880	95.571999
0.196960	96.591003
0.197040	97.609001
0.197120	98.627998
0.197200	99.307999
0.197280	100.669998
0.197360	101.349998
0.197440	101.349998
0.197520	102.019997
0.197600	102.699997
0.197680	103.720001
0.197760	104.400002
0.197840	104.059998
0.197920	103.720001
0.198000	103.720001
0.198080	102.699997
0.198160	104.059998
0.198240	104.059998
0.198320	103.040001
0.198400	101.349998
0.198480	97.609001
0.198560	97.269997
0.198640	97.948997
0.198720	101.680000
0.198800	105.419998
0.198880	107.459999
0.198960	105.760002
0.199040	103.040001
0.199120	101.000000
0.199200	99.647003
0.199280	98.968002
0.199360	98.968002
0.199440	100.669998
0.199520	103.720001
0.199600	107.800003
0.199680	110.849998
0.199760	110.849998
0.199840	107.120003
0.199920	102.699997
0.200000	97.609001
0.200080	93.533997
0.200160	93.533997
0.200240	98.289001
0.200320	105.080002
0.200400	110.849998
0.200480	112.209999
0.200560	109.500000
0.200640	106.779999
0.200720	104.739998
0.200800	103.720001
0.200880	102.019997
0.200960	102.019997
0.201040	101.349998
0.201120	101.680000
0.201200	102.019997
0.201280	102.699997
0.201360	102.699997
0.201440	103.720001
0.201520	104.739998
0.201600	105.760002
0.201680	107.800003
0.201760	110.849998
0.201840	114.250000
0.201920	115.610001
0.202000	114.589996
0.202080	109.830002
0.202160	105.419998
0.202240	102.360001
0.202320	102.360001
0.202400	103.720001
0.202480	106.440002
0.202560	107.459999
0.202640	107.800003
0.202720	108.139999
0.202800	107.800003
0.202880	108.139999
0.202960	106.779999
0.203040	105.080002
0.203120	104.400002
0.203200	104.400002
0.203280	106.779999
0.203360	110.510002
0.203440	113.910004
0.203520	115.269997
0.203600	113.570000
0.203680	111.529999
0.203760	110.510002
0.203840	109.830002
0.203920	109.830002
0.204000	108.480003
0.204080	105.760002
0.204160	104.059998
0.204240	103.720001
0.204320	105.760002
0.204400	108.139999
0.204480	109.500000
0.204560	110.180000
0.204640	108.480003
0.204720	108.139999
0.204800	107.459999
0.204880	107.459999
0.204960	108.139999
0.205040	109.830002
0.205120	111.529999
0.205200	112.889999
0.205280	114.250000
0.205360	114.589996
0.205440	113.570000
0.205520	112.889999
0.205600	111.529999
0.205680	110.849998
0.205760	107.800003
0.205840	106.440002
0.205920	106.099998
0.206000	105.760002
0.206080	107.120003
0.206160	109.500000
0.206240	111.529999
0.206320	113.570000
0.206400	114.930000
0.206480	114.930000
0.206560	113.230003
0.206640	113.910004
0.206720	112.889999
0.206800	112.550003
0.206880	112.209999
0.206960	111.190002
0.207040	111.190002
0.207120	112.550003
0.207200	113.910004
0.207280	116.290001
0.207360	116.290001
0.207440	115.610001
0.207520	114.589996
0.207600	113.910004
0.207680	113.230003
0.207760	114.250000
0.207840	114.930000
0.207920	115.269997
0.208000	114.589996
0.208080	114.250000
0.208160	113.910004
0.208240	112.889999
0.208320	112.550003
0.208400	112.889999
0.208480	113.910004
0.208560	116.629997
0.208640	117.989998
0.208720	119.000000
0.208800	118.669998
0.208880	116.970001
0.208960	115.949997
0.209040	115.610001
0.209120	115.949997
0.209200	117.989998
0.209280	118.320000
0.209360	118.669998
0.209440	118.669998
0.209520	117.989998
0.209600	117.989998
0.209680	117.989998
0.209760	118.669998
0.209840	119.000000
0.209920	120.360001
0.210000	120.019997
0.210080	118.669998
0.210160	114.250000
0.210240	110.510002
0.210320	107.800003
0.210400	107.800003
0.210480	111.529999
0.210560	116.970001
0.210640	122.400002
0.210720	126.470001
0.210800	129.529999
0.210880	131.229996
0.210960	131.229996
0.211040	130.550003
0.211120	128.509995
0.211200	124.440002
0.211280	118.320000
0.211360	115.949997
0.211440	114.250000
0.211520	115.269997
0.211600	116.629997
0.211680	119.339996
0.211760	122.400002
0.211840	125.800003
0.211920	126.820000
0.212000	124.779999
0.212080	121.379997
0.212160	115.949997
0.212240	112.889999
0.212320	112.550003
0.212400	114.930000
0.212480	117.989998
0.212560	121.040001
0.212640	124.440002
0.212720	126.139999
0.212800	127.150002
0.212880	127.489998
0.212960	126.470001
0.213040	125.800003
0.213120	125.120003
0.213200	123.419998
0.213280	121.379997
0.213360	118.669998
0.213440	116.970001
0.213520	117.650002
0.213600	119.680000
0.213680	124.440002
0.213760	128.850006
0.213840	129.869995
0.213920	129.190002
0.214000	126.470001
0.214080	123.419998
0.214160	120.019997
0.214240	119.339996
0.214320	119.680000
0.214400	121.720001
0.214480	123.419998
0.214560	125.800003
0.214640	128.169998
0.214720	129.869995
0.214800	130.210007
0.214880	130.210007
0.214960	128.169998
0.215040	125.459999
0.215120	122.739998
0.215200	121.040001
0.215280	120.699997
0.215360	121.720001
0.215440	123.419998
0.215520	126.820000
0.215600	129.529999
0.215680	130.889999
0.215760	131.570007
0.215840	131.229996
0.215920	131.229996
0.216000	131.910004
0.216080	132.929993
0.216160	133.949997
0.216240	132.929993
0.216320	130.550003
0.216400	128.509995
0.216480	126.470001
0.216560	127.489998
0.216640	128.850006
0.216720	131.229996
0.216800	132.929993
0.216880	134.630005
0.216960	135.300003
0.217040	134.960007
0.217120	132.929993
0.217200	130.889999
0.217280	127.489998
0.217360	123.419998
0.217440	123.419998
0.217520	124.779999
0.217600	127.489998
0.217680	129.869995
0.217760	132.250000
0.217840	133.949997
0.217920	134.630005
0.218000	134.289993
0.218080	134.289993
0.218160	133.949997
0.218240	133.949997
0.218320	134.960007
0.218400	135.639999
0.218480	135.300003
0.218560	134.960007
0.218640	133.610001
0.218720	132.929993
0.218800	132.250000
0.218880	132.589996
0.218960	133.270004
0.219040	134.630005
0.219120	135.639999
0.219200	137.339996
0.219280	137.000000
0.219360	137.000000
0.219440	135.639999
0.219520	135.300003
0.219600	134.630005
0.219680	134.630005
0.219760	134.960007
0.219840	134.960007
0.219920	135.979996
0.220000	137.000000
0.220080	138.699997
0.220160	139.720001
0.220240	139.720001
0.220320	139.380005
0.220400	138.360001
0.220480	136.660004
0.220560	136.660004
0.220640	138.699997
0.220720	138.360001
0.220800	139.380005
0.220880	139.720001
0.220960	138.699997
0.221040	138.360001
0.221120	138.020004
0.221200	138.360001
0.221280	138.360001
0.221360	140.059998
0.221440	141.080002
0.221520	141.419998
0.221600	141.080002
0.221680	140.399994
0.221760	139.720001
0.221840	139.720001
0.221920	140.059998
0.222000	141.419998
0.222080	142.100006
0.222160	142.779999
0.222240	143.119995
0.222320	143.119995
0.222400	142.779999
0.222480	142.779999
0.222560	143.119995
0.222640	144.130005
0.222720	144.809998
0.222800	145.490005
0.222880	147.190002
0.222960	147.869995
0.223040	148.550003
0.223120	148.889999
0.223200	147.529999
0.223280	147.190002
0.223360	146.169998
0.223440	146.509995
0.223520	146.850006
0.223600	148.210007
0.223680	149.229996
0.223760	149.910004
0.223840	149.910004
0.223920	149.910004
0.224000	150.250000
0.224080	150.589996
0.224160	150.589996
0.224240	151.270004
0.224320	150.929993
0.224400	150.929993
0.224480	150.929993
0.224560	150.929993
0.224640	151.600006
0.224720	151.600006
0.224800	152.289993
0.224880	151.600006
0.224960	150.250000
0.225040	149.229996
0.225120	148.889999
0.225200	149.229996
0.225280	148.550003
0.225360	148.889999
0.225440	148.550003
0.225520	148.889999
0.225600	147.869995
0.225680	148.550003
0.225760	147.869995
0.225840	148.889999
0.225920	148.889999
0.226000	148.210007
0.226080	147.869995
0.226160	147.869995
0.226240	148.210007
0.226320	148.550003
0.226400	149.570007
0.226480	148.550003
0.226560	150.250000
0.226640	151.270004
0.226720	152.960007
0.226800	152.960007
0.226880	152.289993
0.226960	151.270004
0.227040	149.229996
0.227120	147.529999
0.227200	147.869995
0.227280	148.889999
0.227360	148.889999
0.227440	149.570007
0.227520	149.570007
0.227600	148.889999
0.227680	150.589996
0.227760	151.270004
0.227840	151.949997
0.227920	151.949997
0.228000	152.960007
0.228080	153.979996
0.228160	154.660004
0.228240	155.679993
0.228320	155.679993
0.228400	155.000000
0.228480	155.000000
0.228560	154.320007
0.228640	154.660004
0.228720	155.679993
0.228800	157.380005
0.228880	158.740005
0.228960	159.080002
0.229040	159.759995
0.229120	159.759995
0.229200	159.759995
0.229280	160.100006
0.229360	160.429993
0.229440	160.100006
0.229520	160.100006
0.229600	158.399994
0.229680	157.720001
0.229760	157.039993
0.229840	156.360001
0.229920	157.039993
0.230000	158.399994
0.230080	159.759995
0.230160	160.100006
0.230240	160.429993
0.230320	161.110001
0.230400	161.449997
0.230480	161.449997
0.230560	162.130005
0.230640	162.470001
0.230720	162.470001
0.230800	163.490005
0.230880	164.509995
0.230960	164.850006
0.231040	165.529999
0.231120	164.169998
0.231200	164.509995
0.231280	165.190002
0.231360	165.869995
0.231440	166.889999
0.231520	167.570007
0.231600	168.250000
0.231680	168.589996
0.231760	167.229996
0.231840	166.889999
0.231920	166.550003
0.232000	166.550003
0.232080	167.910004
0.232160	169.259995
0.232240	169.940002
0.232320	169.600006
0.232400	169.600006
0.232480	169.259995
0.232560	169.940002
0.232640	170.279999
0.232720	170.619995
0.232800	170.619995
0.232880	171.300003
0.232960	171.979996
0.233040	172.660004
0.233120	173.339996
0.233200	173.339996
0.233280	173.000000
0.233360	172.660004
0.233440	173.339996
0.233520	172.660004
0.233600	171.639999
0.233680	170.960007
0.233760	171.639999
0.233840	171.979996
0.233920	173.000000
0.234000	174.699997
0.234080	174.699997
0.234160	174.020004
0.234240	174.020004
0.234320	173.679993
0.234400	174.020004
0.234480	174.699997
0.234560	176.059998
0.234640	175.380005
0.234720	176.059998
0.234800	174.699997
0.234880	173.679993
0.234960	174.020004
0.235040	175.039993
0.235120	175.720001
0.235200	176.059998
0.235280	177.070007
0.235360	177.750000
0.235440	177.070007
0.235520	177.410004
0.235600	177.410004
0.235680	178.089996
0.235760	179.110001
0.235840	179.449997
0.235920	179.449997
0.236000	179.110001
0.236080	179.449997
0.236160	179.789993
0.236240	179.789993
0.236320	179.110001
0.236400	178.429993
0.236480	178.429993
0.236560	179.110001
0.236640	180.470001
0.236720	179.449997
0.236800	179.110001
0.236880	179.449997
0.236960	180.130005
0.237040	180.809998
0.237120	180.809998
0.237200	180.809998
0.237280	180.130005
0.237360	180.130005
0.237440	180.130005
0.237520	180.809998
0.237600	180.809998
0.237680	181.490005
0.237760	181.830002
0.237840	181.830002
0.237920	181.830002
0.238000	183.190002
0.238080	183.869995
0.238160	184.550003
0.238240	184.210007
0.238320	183.869995
0.238400	184.210007
0.238480	184.889999
0.238560	186.580002
0.238640	187.259995
0.238720	187.600006
0.238800	186.240005
0.238880	185.570007
0.238960	185.229996
0.239040	184.889999
0.239120	184.889999
0.239200	184.550003
0.239280	184.550003
0.239360	185.570007
0.239440	185.229996
0.239520	184.889999
0.239600	185.570007
0.239680	186.580002
0.239760	189.300003
0.239840	191.339996
0.239920	192.699997
0.240000	193.710007
0.240080	193.039993
0.240160	190.320007
0.240240	187.940002
0.240320	184.550003
0.240400	183.190002
0.240480	183.869995
0.240560	186.240005
0.240640	187.259995
0.240720	187.600006
0.240800	187.940002
0.240880	187.940002
0.240960	189.979996
0.241040	191.679993
0.241120	191.679993
0.241200	191.000000
0.241280	188.619995
0.241360	185.570007
0.241440	185.229996
0.241520	186.240005
0.241600	188.279999
0.241680	190.320007
0.241760	191.339996
0.241840	191.679993
0.241920	191.000000
0.242000	191.000000
0.242080	190.320007
0.242160	191.000000
0.242240	190.320007
0.242320	190.320007
0.242400	190.660004
0.242480	191.000000
0.242560	191.339996
0.242640	191.679993
0.242720	192.020004
0.242800	193.380005
0.242880	194.399994
0.242960	194.729996
0.243040	193.039993
0.243120	194.729996
0.243200	194.399994
0.243280	193.380005
0.243360	191.000000
0.243440	192.360001
0.243520	192.699997
0.243600	193.380005
0.243680	195.070007
0.243760	196.089996
0.243840	197.110001
0.243920	196.770004
0.244000	197.110001
0.244080	195.410004
0.244160	195.410004
0.244240	195.410004
0.244320	196.089996
0.244400	195.750000
0.244480	195.410004
0.244560	195.070007
0.244640	194.729996
0.244720	194.050003
0.244800	194.050003
0.244880	194.399994
0.244960	195.410004
0.245040	197.449997
0.245120	197.110001
0.245200	198.130005
0.245280	197.789993
0.245360	197.449997
0.245440	196.429993
0.245520	195.410004
0.245600	194.729996
0.245680	194.399994
0.245760	194.729996
0.245840	194.399994
0.245920	194.399994
0.246000	194.399994
0.246080	194.729996
0.246160	195.410004
0.246240	195.750000
0.246320	197.110001
0.246400	198.130005
0.246480	198.470001
0.246560	199.149994
0.246640	198.809998
0.246720	198.470001
0.246800	197.789993
0.246880	198.809998
0.246960	198.809998
0.247040	198.470001
0.247120	199.490005
0.247200	200.169998
0.247280	200.850006
0.247360	201.190002
0.247440	201.529999
0.247520	201.869995
0.247600	200.509995
0.247680	200.169998
0.247760	200.509995
0.247840	201.190002
0.247920	202.210007
0.248000	202.539993
0.248080	202.539993
0.248160	201.869995
0.248240	201.190002
0.248320	200.509995
0.248400	200.850006
0.248480	200.509995
0.248560	200.850006
0.248640	200.169998
0.248720	199.830002
0.248800	200.509995
0.248880	200.169998
0.248960	200.169998
0.249040	200.509995
0.249120	200.850006
0.249200	201.190002
0.249280	201.529999
0.249360	202.210007
0.249440	201.869995
0.249520	201.869995
0.249600	200.509995
0.249680	200.850006
0.249760	201.869995
0.249840	202.539993
0.249920	202.880005
0.250000	202.210007
0.250080	200.850006
0.250160	200.850006
0.250240	201.529999
0.250320	201.869995
0.250400	201.869995
0.250480	201.869995
0.250560	202.880005
0.250640	203.559998
0.250720	202.539993
0.250800	202.539993
0.250880	202.539993
0.250960	202.539993
0.251040	202.539993
0.251120	203.220001
0.251200	203.220001
0.251280	202.539993
0.251360	202.210007
0.251440	202.539993
0.251520	203.899994
0.251600	204.240005
0.251680	204.580002
0.251760	203.899994
0.251840	203.899994
0.251920	203.220001
0.252000	203.220001
0.252080	203.220001
0.252160	204.240005
0.252240	204.240005
0.252320	204.580002
0.252400	204.580002
0.252480	204.240005
0.252560	203.220001
0.252640	203.559998
0.252720	203.899994
0.252800	203.899994
0.252880	203.559998
0.252960	204.240005
0.253040	204.580002
0.253120	205.600006
0.253200	205.259995
0.253280	205.259995
0.253360	204.919998
0.253440	204.240005
0.253520	203.220001
0.253600	203.559998
0.253680	204.580002
0.253760	205.259995
0.253840	205.940002
0.253920	206.960007
0.254000	206.960007
0.254080	206.619995
0.254160	207.639999
0.254240	209.000000
0.254320	210.020004
0.254400	211.039993
0.254480	210.360001
0.254560	209.339996
0.254640	208.320007
0.254720	206.960007
0.254800	207.300003
0.254880	207.300003
0.254960	207.639999
0.255040	208.660004
0.255120	209.339996
0.255200	209.339996
0.255280	208.320007
0.255360	207.639999
0.255440	206.960007
0.255520	206.960007
0.255600	206.619995
0.255680	206.279999
0.255760	205.940002
0.255840	205.940002
0.255920	205.940002
0.256000	206.960007
0.256080	207.300003
0.256160	207.639999
0.256240	207.639999
0.256320	207.639999
0.256400	207.639999
0.256480	207.979996
0.256560	206.960007
0.256640	207.300003
0.256720	207.979996
0.256800	209.000000
0.256880	209.339996
0.256960	209.679993
0.257040	210.020004
0.257120	210.020004
0.257200	209.679993
0.257280	209.339996
0.257360	208.320007
0.257440	206.619995
0.257520	205.940002
0.257600	206.279999
0.257680	207.300003
0.257760	209.339996
0.257840	210.360001
0.257920	210.020004
0.258000	210.360001
0.258080	210.020004
0.258160	209.339996
0.258240	208.660004
0.258320	209.000000
0.258400	209.339996
0.258480	210.360001
0.258560	210.699997
0.258640	210.699997
0.258720	211.380005
0.258800	211.710007
0.258880	211.380005
0.258960	210.699997
0.259040	210.020004
0.259120	210.020004
0.259200	209.339996
0.259280	209.339996
0.259360	208.320007
0.259440	207.639999
0.259520	209.000000
0.259600	209.000000
0.259680	208.320007
0.259760	206.619995
0.259840	208.320007
0.259920	207.979996
0.260000	206.960007
0.260080	205.259995
0.260160	202.880005
0.260240	201.869995
0.260320	202.210007
0.260400	202.539993
0.260480	202.880005
0.260560	202.539993
0.260640	201.869995
0.260720	201.190002
0.260800	202.880005
0.260880	203.220001
0.260960	203.899994
0.261040	204.580002
0.261120	204.580002
0.261200	204.580002
0.261280	204.919998
0.261360	205.259995
0.261440	205.940002
0.261520	207.300003
0.261600	208.320007
0.261680	208.660004
0.261760	208.320007
0.261840	207.300003
0.261920	206.619995
0.262000	204.919998
0.262080	204.240005
0.262160	204.240005
0.262240	204.240005
0.262320	204.919998
0.262400	205.259995
0.262480	205.259995
0.262560	204.919998
0.262640	204.919998
0.262720	205.259995
0.262800	206.960007
0.262880	207.300003
0.262960	207.300003
0.263040	206.619995
0.263120	205.940002
0.263200	205.600006
0.263280	205.940002
0.263360	206.619995
0.263440	207.979996
0.263520	208.660004
0.263600	208.660004
0.263680	208.660004
0.263760	206.619995
0.263840	206.279999
0.263920	206.279999
0.264000	207.300003
0.264080	207.639999
0.264160	206.279999
0.264240	205.940002
0.264320	206.619995
0.264400	205.600006
0.264480	205.600006
0.264560	205.259995
0.264640	204.919998
0.264720	205.259995
0.264800	205.259995
0.264880	205.600006
0.264960	206.279999
0.265040	207.300003
0.265120	207.979996
0.265200	209.000000
0.265280	208.660004
0.265360	208.320007
0.265440	207.639999
0.265520	206.279999
0.265600	206.619995
0.265680	207.639999
0.265760	207.979996
0.265840	208.660004
0.265920	208.320007
0.266000	206.960007
0.266080	205.600006
0.266160	205.259995
0.266240	204.919998
0.266320	205.600006
0.266400	206.279999
0.266480	205.940002
0.266560	205.940002
0.266640	205.600006
0.266720	205.600006
0.266800	205.940002
0.266880	206.619995
0.266960	205.940002
0.267040	206.279999
0.267120	205.600006
0.267200	205.600006
0.267280	205.600006
0.267360	205.600006
0.267440	205.259995
0.267520	205.600006
0.267600	205.940002
0.267680	205.600006
0.267760	205.600006
0.267840	205.259995
0.267920	204.919998
0.268000	206.279999
0.268080	206.960007
0.268160	207.300003
0.268240	207.300003
0.268320	207.639999
0.268400	205.940002
0.268480	205.600006
0.268560	206.279999
0.268640	206.279999
0.268720	206.279999
0.268800	205.600006
0.268880	205.600006
0.268960	205.259995
0.269040	205.940002
0.269120	205.940002
0.269200	205.940002
0.269280	204.919998
0.269360	204.919998
0.269440	204.240005
0.269520	202.880005
0.269600	202.539993
0.269680	202.539993
0.269760	202.880005
0.269840	203.559998
0.269920	202.539993
0.270000	202.539993
0.270080	201.869995
0.270160	201.869995
0.270240	203.220001
0.270320	203.559998
0.270400	203.559998
0.270480	203.220001
0.270560	201.190002
0.270640	200.169998
0.270720	199.149994
0.270800	200.169998
0.270880	200.850006
0.270960	201.869995
0.271040	202.210007
0.271120	202.539993
0.271200	201.529999
0.271280	201.869995
0.271360	201.529999
0.271440	202.210007
0.271520	202.880005
0.271600	202.539993
0.271680	201.190002
0.271760	200.509995
0.271840	202.210007
0.271920	204.240005
0.272000	206.960007
0.272080	207.300003
0.272160	206.619995
0.272240	205.600006
0.272320	206.619995
0.272400	208.320007
0.272480	211.039993
0.272560	212.389999
0.272640	214.089996
0.272720	215.449997
0.272800	215.449997
0.272880	214.089996
0.272960	212.389999
0.273040	209.339996
0.273120	206.960007
0.273200	206.279999
0.273280	206.619995
0.273360	207.300003
0.273440	208.320007
0.273520	209.000000
0.273600	209.339996
0.273680	208.660004
0.273760	208.320007
0.273840	207.979996
0.273920	207.979996
0.274000	208.320007
0.274080	207.639999
0.274160	207.300003
0.274240	205.940002
0.274320	205.940002
0.274400	205.600006
0.274480	205.940002
0.274560	205.259995
0.274640	203.899994
0.274720	203.559998
0.274800	203.220001
0.274880	203.220001
0.274960	203.220001
0.275040	204.919998
0.275120	205.600006
0.275200	205.940002
0.275280	205.259995
0.275360	204.919998
0.275440	203.559998
0.275520	203.559998
0.275600	204.240005
0.275680	204.580002
0.275760	203.899994
0.275840	203.559998
0.275920	202.880005
0.276000	201.529999
0.276080	200.850006
0.276160	200.850006
0.276240	200.169998
0.276320	199.490005
0.276400	199.490005
0.276480	200.850006
0.276560	200.850006
0.276640	200.509995
0.276720	200.169998
0.276800	198.809998
0.276880	198.130005
0.276960	195.750000
0.277040	195.410004
0.277120	196.089996
0.277200	196.770004
0.277280	197.110001
0.277360	196.429993
0.277440	195.070007
0.277520	193.380005
0.277600	192.020004
0.277680	192.360001
0.277760	193.039993
0.277840	193.710007
0.277920	193.710007
0.278000	192.699997
0.278080	192.360001
0.278160	192.360001
0.278240	192.020004
0.278320	192.360001
0.278400	191.679993
0.278480	191.679993
0.278560	191.679993
0.278640	192.360001
0.278720	191.679993
0.278800	189.979996
0.278880	189.979996
0.278960	188.960007
0.279040	188.960007
0.279120	189.300003
0.279200	188.619995
0.279280	188.960007
0.279360	188.619995
0.279440	188.960007
0.279520	187.600006
0.279600	188.619995
0.279680	188.619995
0.279760	187.600006
0.279840	184.889999
0.279920	184.210007
0.280000	184.210007
0.280080	184.889999
0.280160	186.580002
0.280240	188.279999
0.280320	189.300003
0.280400	189.300003
0.280480	188.619995
0.280560	187.940002
0.280640	187.259995
0.280720	186.580002
0.280800	185.899994
0.280880	184.550003
0.280960	183.529999
0.281040	182.509995
0.281120	183.190002
0.281200	183.529999
0.281280	184.550003
0.281360	183.869995
0.281440	183.529999
0.281520	182.850006
0.281600	182.509995
0.281680	182.509995
0.281760	182.509995
0.281840	182.169998
0.281920	181.830002
0.282000	181.830002
0.282080	181.149994
0.282160	181.490005
0.282240	180.130005
0.282320	179.789993
0.282400	179.110001
0.282480	179.110001
0.282560	179.110001
0.282640	179.789993
0.282720	179.110001
0.282800	178.089996
0.282880	177.070007
0.282960	176.740005
0.283040	177.070007
0.283120	178.089996
0.283200	178.770004
0.283280	180.130005
0.283360	181.490005
0.283440	181.149994
0.283520	180.470001
0.283600	181.149994
0.283680	181.490005
0.283760	181.830002
0.283840	182.850006
0.283920	182.169998
0.284000	181.830002
0.284080	180.470001
0.284160	179.789993
0.284240	178.770004
0.284320	178.770004
0.284400	179.110001
0.284480	179.110001
0.284560	179.449997
0.284640	178.770004
0.284720	178.429993
0.284800	177.750000
0.284880	177.750000
0.284960	178.770004
0.285040	178.089996
0.285120	176.740005
0.285200	176.740005
0.285280	176.399994
0.285360	176.059998
0.285440	176.740005
0.285520	178.770004
0.285600	180.130005
0.285680	182.169998
0.285760	182.169998
0.285840	182.169998
0.285920	181.490005
0.286000	179.110001
0.286080	177.410004
0.286160	176.740005
0.286240	174.699997
0.286320	173.000000
0.286400	170.960007
0.286480	171.639999
0.286560	171.979996
0.286640	171.979996
0.286720	170.619995
0.286800	168.250000
0.286880	165.529999
0.286960	163.830002
0.287040	162.470001
0.287120	162.809998
0.287200	163.830002
0.287280	166.889999
0.287360	168.589996
0.287440	169.940002
0.287520	169.940002
0.287600	169.259995
0.287680	169.259995
0.287760	169.940002
0.287840	171.979996
0.287920	173.339996
0.288000	175.039993
0.288080	176.059998
0.288160	177.410004
0.288240	177.070007
0.288320	176.399994
0.288400	175.380005
0.288480	176.399994
0.288560	177.750000
0.288640	179.449997
0.288720	180.130005
0.288800	180.470001
0.288880	179.449997
0.288960	178.770004
0.289040	178.770004
0.289120	177.410004
0.289200	175.380005
0.289280	173.679993
0.289360	173.339996
0.289440	174.020004
0.289520	176.059998
0.289600	177.070007
0.289680	176.740005
0.289760	177.070007
0.289840	175.720001
0.289920	176.740005
0.290000	176.399994
0.290080	177.750000
0.290160	178.770004
0.290240	179.789993
0.290320	180.470001
0.290400	179.449997
0.290480	177.410004
0.290560	174.699997
0.290640	170.960007
0.290720	166.550003
0.290800	160.429993
0.290880	153.300003
0.290960	145.830002
0.291040	140.059998
0.291120	136.320007
0.291200	135.300003
0.291280	134.960007
0.291360	135.979996
0.291440	138.020004
0.291520	138.699997
0.291600	141.080002
0.291680	142.779999
0.291760	144.470001
0.291840	147.190002
0.291920	149.910004
0.292000	152.289993
0.292080	152.960007
0.292160	152.960007
0.292240	152.960007
0.292320	153.300003
0.292400	153.979996
0.292480	155.000000
0.292560	155.339996
0.292640	157.039993
0.292720	158.059998
0.292800	157.720001
0.292880	158.059998
0.292960	157.720001
0.293040	157.039993
0.293120	158.740005
0.293200	160.100006
0.293280	160.429993
0.293360	159.080002
0.293440	158.399994
0.293520	156.020004
0.293600	155.000000
0.293680	153.300003
0.293760	151.270004
0.293840	148.210007
0.293920	146.509995
0.294000	145.149994
0.294080	145.490005
0.294160	146.509995
0.294240	146.850006
0.294320	146.509995
0.294400	146.509995
0.294480	145.830002
0.294560	146.169998
0.294640	145.490005
0.294720	147.190002
0.294800	148.550003
0.294880	149.229996
0.294960	150.250000
0.295040	149.570007
0.295120	148.889999
0.295200	148.210007
0.295280	147.190002
0.295360	146.509995
0.295440	145.490005
0.295520	145.149994
0.295600	144.130005
0.295680	143.789993
0.295760	142.100006
0.295840	141.080002
0.295920	140.059998
0.296000	138.360001
0.296080	137.679993
0.296160	136.660004
0.296240	136.320007
0.296320	137.000000
0.296400	137.679993
0.296480	139.380005
0.296560	139.720001
0.296640	139.380005
0.296720	139.380005
0.296800	138.360001
0.296880	137.679993
0.296960	138.020004
0.297040	138.699997
0.297120	140.059998
0.297200	140.399994
0.297280	139.720001
0.297360	138.699997
0.297440	139.039993
0.297520	141.759995
0.297600	143.119995
0.297680	143.119995
0.297760	140.740005
0.297840	135.639999
0.297920	132.250000
0.298000	131.910004
0.298080	134.289993
0.298160	138.020004
0.298240	139.380005
0.298320	137.339996
0.298400	134.960007
0.298480	134.289993
0.298560	134.960007
0.298640	137.339996
0.298720	138.699997
0.298800	138.020004
0.298880	137.000000
0.298960	135.639999
0.299040	133.270004
0.299120	131.910004
0.299200	131.229996
0.299280	133.610001
0.299360	138.360001
0.299440	139.380005
0.299520	137.339996
0.299600	131.229996
0.299680	127.150002
0.299760	129.529999
0.299840	136.320007
0.299920	142.100006
0.300000	143.460007
0.300080	138.699997
0.300160	134.960007
0.300240	134.960007
0.300320	138.360001
0.300400	143.119995
0.300480	144.470001
0.300560	141.419998
0.300640	133.949997
0.300720	125.120003
0.300800	120.019997
0.300880	120.699997
0.300960	125.120003
0.301040	130.210007
0.301120	132.589996
0.301200	133.270004
0.301280	132.250000
0.301360	132.589996
0.301440	131.910004
0.301520	130.210007
0.301600	125.800003
0.301680	123.419998
0.301760	122.059998
0.301840	124.440002
0.301920	128.169998
0.302000	131.570007
0.302080	133.610001
0.302160	132.929993
0.302240	130.550003
0.302320	127.830002
0.302400	124.440002
0.302480	121.379997
0.302560	120.360001
0.302640	119.000000
0.302720	120.360001
0.302800	122.400002
0.302880	125.459999
0.302960	129.869995
0.303040	132.250000
0.303120	132.929993
0.303200	132.589996
0.303280	129.190002
0.303360	125.800003
0.303440	123.080002
0.303520	121.720001
0.303600	120.019997
0.303680	121.379997
0.303760	124.440002
0.303840	125.800003
0.303920	126.820000
0.304000	124.779999
0.304080	122.739998
0.304160	118.669998
0.304240	116.290001
0.304320	115.610001
0.304400	115.610001
0.304480	118.320000
0.304560	124.779999
0.304640	131.910004
0.304720	134.630005
0.304800	130.889999
0.304880	124.440002
0.304960	121.040001
0.305040	120.699997
0.305120	121.040001
0.305200	120.019997
0.305280	116.629997
0.305360	112.209999
0.305440	109.830002
0.305520	110.180000
0.305600	112.209999
0.305680	113.570000
0.305760	115.269997
0.305840	116.970001
0.305920	119.000000
0.306000	119.680000
0.306080	117.989998
0.306160	115.949997
0.306240	114.589996
0.306320	114.930000
0.306400	116.290001
0.306480	117.650002
0.306560	118.320000
0.306640	118.320000
0.306720	119.000000
0.306800	121.040001
0.306880	122.059998
0.306960	122.400002
0.307040	120.699997
0.307120	117.309998
0.307200	113.570000
0.307280	111.870003
0.307360	111.529999
0.307440	111.870003
0.307520	113.570000
0.307600	115.269997
0.307680	117.309998
0.307760	117.309998
0.307840	115.949997
0.307920	113.570000
0.308000	111.190002
0.308080	110.180000
0.308160	109.500000
0.308240	108.820000
0.308320	110.180000
0.308400	111.529999
0.308480	113.230003
0.308560	114.930000
0.308640	115.269997
0.308720	114.589996
0.308800	112.550003
0.308880	109.500000
0.308960	107.120003
0.309040	105.760002
0.309120	106.779999
0.309200	108.480003
0.309280	109.830002
0.309360	110.180000
0.309440	109.500000
0.309520	108.820000
0.309600	107.800003
0.309680	106.440002
0.309760	107.459999
0.309840	107.120003
0.309920	108.139999
