-0.020000	4.220970
-0.019920	5.598470
-0.019840	5.016860
-0.019760	2.414910
-0.019680	-2.084920
-0.019600	-7.166370
-0.019520	-10.074400
-0.019440	-8.941820
-0.019360	-4.809310
-0.019280	-0.584977
-0.019200	1.588410
-0.019120	1.006800
-0.019040	-2.023700
-0.018960	-5.819480
-0.018880	-7.901040
-0.018800	-6.799040
-0.018720	-3.064480
-0.018640	1.282300
-0.018560	4.925030
-0.018480	6.822920
-0.018400	6.302530
-0.018320	3.914860
-0.018240	1.037410
-0.018160	-0.707422
-0.018080	-0.156422
-0.018000	2.323080
-0.017920	5.445420
-0.017840	7.159640
-0.017760	6.639250
-0.017680	4.404640
-0.017600	1.955750
-0.017520	0.455801
-0.017440	0.180301
-0.017360	1.037410
-0.017280	2.414910
-0.017200	3.333250
-0.017120	2.874080
-0.017040	1.037410
-0.016960	-1.044140
-0.016880	-1.533920
-0.016800	-0.523755
-0.016720	1.068020
-0.016640	1.496580
-0.016560	0.608857
-0.016480	-0.921700
-0.016400	-2.146150
-0.016320	-2.605310
-0.016240	-2.115530
-0.016160	-1.319640
-0.016080	-0.891089
-0.016000	-1.013530
-0.015920	-1.564530
-0.015840	-2.237980
-0.015760	-2.850200
-0.015680	-3.125700
-0.015600	-2.819590
-0.015520	-2.237980
-0.015440	-1.686980
-0.015360	-1.411480
-0.015280	-1.044140
-0.015200	-0.738033
-0.015120	-1.350260
-0.015040	-2.666530
-0.014960	-3.982810
-0.014880	-4.595040
-0.014800	-4.625650
-0.014720	-4.411370
-0.014640	-3.646090
-0.014560	-2.635920
-0.014480	-2.054310
-0.014400	-2.237980
-0.014320	-2.605310
-0.014240	-2.513480
-0.014160	-2.482870
-0.014080	-2.176760
-0.014000	-1.044140
-0.013920	0.853746
-0.013840	2.598580
-0.013760	3.639360
-0.013680	3.914860
-0.013600	3.547530
-0.013520	2.812860
-0.013440	2.231250
-0.013360	2.292470
-0.013280	2.629190
-0.013200	2.935300
-0.013120	3.302640
-0.013040	4.006690
-0.012960	4.833190
-0.012880	5.078080
-0.012800	4.251580
-0.012720	2.721030
-0.012640	1.006800
-0.012560	-0.156422
-0.012480	-0.370699
-0.012400	0.455801
-0.012320	1.496580
-0.012240	1.955750
-0.012160	1.435360
-0.012080	0.272134
-0.012000	-1.013530
-0.011920	-1.472700
-0.011840	-1.105370
-0.011760	-0.217644
-0.011680	0.455801
-0.011600	0.425190
-0.011520	0.302745
-0.011440	-0.217644
-0.011360	-0.952311
-0.011280	-1.533920
-0.011200	-1.656370
-0.011120	-1.350260
-0.011040	-1.135980
-0.010960	-0.799255
-0.010880	-0.431922
-0.010800	-0.217644
-0.010720	-0.309477
-0.010640	-0.554366
-0.010560	-0.707422
-0.010480	-0.584977
-0.010400	-0.523755
-0.010320	-0.217644
-0.010240	0.608857
-0.010160	1.435360
-0.010080	1.741470
-0.010000	1.527190
-0.009920	1.221080
-0.009840	0.976190
-0.009760	0.670079
-0.009680	0.608857
-0.009600	0.884357
-0.009520	1.282300
-0.009440	1.374140
-0.009360	1.221080
-0.009280	0.823135
-0.009200	0.363968
-0.009120	-0.064588
-0.009040	-0.125810
-0.008960	0.088468
-0.008880	0.272134
-0.008800	0.363968
-0.008720	0.180301
-0.008640	-0.248255
-0.008560	-0.829866
-0.008480	-1.197200
-0.008400	-0.952311
-0.008320	-0.493144
-0.008240	-0.003366
-0.008160	0.302745
-0.008080	0.425190
-0.008000	0.302745
-0.007920	0.027245
-0.007840	-0.248255
-0.007760	0.057856
-0.007680	1.282300
-0.007600	2.812860
-0.007520	3.792410
-0.007440	4.037300
-0.007360	3.761800
-0.007280	3.118970
-0.007200	2.537360
-0.007120	2.629190
-0.007040	3.731190
-0.006960	5.078080
-0.006880	5.506640
-0.006800	5.047470
-0.006720	4.220970
-0.006640	3.394470
-0.006560	2.445520
-0.006480	1.833300
-0.006400	1.741470
-0.006320	1.710860
-0.006240	1.312910
-0.006160	0.670079
-0.006080	0.180301
-0.006000	-0.554366
-0.005920	-1.717590
-0.005840	-2.788980
-0.005760	-2.911420
-0.005680	-2.513480
-0.005600	-2.452260
-0.005520	-2.819590
-0.005440	-3.003260
-0.005360	-3.217540
-0.005280	-3.584870
-0.005200	-3.768540
-0.005120	-3.339980
-0.005040	-2.666530
-0.004960	-2.329810
-0.004880	-2.421650
-0.004800	-2.299200
-0.004720	-1.870650
-0.004640	-1.717590
-0.004560	-1.656370
-0.004480	-1.197200
-0.004400	-0.156422
-0.004320	0.547635
-0.004240	0.761913
-0.004160	0.761913
-0.004080	0.853746
-0.004000	0.731301
-0.003920	0.517023
-0.003840	0.670079
-0.003760	1.312910
-0.003680	1.925140
-0.003600	1.986360
-0.003520	1.649640
-0.003440	1.159860
-0.003360	0.884357
-0.003280	0.517023
-0.003200	0.394579
-0.003120	0.486412
-0.003040	0.914968
-0.002960	0.945579
-0.002880	0.608857
-0.002800	0.639468
-0.002720	1.129250
-0.002640	1.588410
-0.002560	1.588410
-0.002480	1.435360
-0.002400	1.404750
-0.002320	1.251690
-0.002240	0.914968
-0.002160	0.639468
-0.002080	0.639468
-0.002000	1.098630
-0.001920	1.312910
-0.001840	1.129250
-0.001760	0.455801
-0.001680	-0.584977
-0.001600	-1.564530
-0.001520	-2.054310
-0.001440	-1.625760
-0.001360	-0.768644
-0.001280	0.088468
-0.001200	0.272134
-0.001120	-0.431922
-0.001040	-1.625760
-0.000960	-2.635920
-0.000880	-2.911420
-0.000800	-2.299200
-0.000720	-1.319640
-0.000640	-0.554366
-0.000560	-0.125810
-0.000480	-0.125810
-0.000400	-0.462533
-0.000320	-0.584977
-0.000240	-0.493144
-0.000160	0.149690
-0.000080	0.914968
0.000000	1.863910
0.000080	2.782250
0.000160	3.180190
0.000240	2.935300
0.000320	2.537360
0.000400	2.323080
0.000480	2.476140
0.000560	2.874080
0.000640	3.241410
0.000720	3.394470
0.000800	2.996530
0.000880	2.016970
0.000960	1.037410
0.001040	0.670079
0.001120	1.098630
0.001200	1.710860
0.001280	2.108800
0.001360	2.016970
0.001440	1.282300
0.001520	0.149690
0.001600	-0.738033
0.001680	-0.860478
0.001760	-0.217644
0.001840	0.547635
0.001920	1.129250
0.002000	1.374140
0.002080	1.006800
0.002160	0.333357
0.002240	-0.095199
0.002320	0.210912
0.002400	1.221080
0.002480	2.414910
0.002560	3.118970
0.002640	3.363860
0.002720	3.180190
0.002800	2.904690
0.002880	2.965910
0.002960	3.425080
0.003040	4.098530
0.003120	4.527080
0.003200	4.312800
0.003280	3.394470
0.003360	2.170020
0.003440	1.404750
0.003520	1.221080
0.003600	1.404750
0.003680	1.435360
0.003760	1.068020
0.003840	0.088468
0.003920	-1.289030
0.004000	-2.482870
0.004080	-3.033870
0.004160	-2.911420
0.004240	-2.391030
0.004320	-2.146150
0.004400	-2.268590
0.004480	-2.666530
0.004560	-3.125700
0.004640	-3.186920
0.004720	-2.758370
0.004800	-1.993090
0.004880	-0.860478
0.004960	0.210912
0.005040	1.312910
0.005120	2.200640
0.005200	3.027140
0.005280	4.435250
0.005360	5.537250
0.005440	6.149470
0.005520	6.394360
0.005600	6.547420
0.005680	6.884140
0.005760	7.557580
0.005840	8.782030
0.005920	10.526800
0.006000	11.904300
0.006080	11.537000
0.006160	9.792200
0.006240	8.322860
0.006320	8.292250
0.006400	8.935090
0.006480	9.149360
0.006560	8.567750
0.006640	7.649420
0.006720	6.669860
0.006800	5.873970
0.006880	5.261750
0.006960	4.465860
0.007040	3.455690
0.007120	2.170020
0.007200	1.251690
0.007280	0.761913
0.007360	0.302745
0.007440	-0.891089
0.007520	-2.850200
0.007600	-4.962370
0.007680	-6.890870
0.007760	-8.329590
0.007840	-8.972430
0.007920	-9.003040
0.008000	-8.880600
0.008080	-9.247930
0.008160	-10.166200
0.008240	-9.982600
0.008320	-8.727540
0.008400	-8.145930
0.008480	-9.890760
0.008560	-12.553900
0.008640	-13.962000
0.008720	-12.737600
0.008800	-10.288700
0.008880	-8.421430
0.008960	-8.635710
0.009040	-11.604900
0.009120	-16.135401
0.009200	-19.870001
0.009280	-20.727100
0.009360	-19.104700
0.009440	-17.206800
0.009520	-16.992500
0.009600	-18.737400
0.009680	-21.645399
0.009760	-24.155600
0.009840	-24.522900
0.009920	-21.369900
0.010000	-15.737400
0.010080	-10.533600
0.010160	-8.758150
0.010240	-10.196800
0.010320	-11.972300
0.010400	-11.482500
0.010480	-8.972430
0.010560	-6.156200
0.010640	-4.717480
0.010720	-3.982810
0.010800	-3.401200
0.010880	-2.758370
0.010960	-1.809420
0.011040	-0.891089
0.011120	-0.584977
0.011200	-1.564530
0.011280	-3.615480
0.011360	-5.543980
0.011440	-6.309260
0.011520	-6.094980
0.011600	-5.237870
0.011680	-4.166480
0.011760	-4.044040
0.011840	-6.003150
0.011920	-9.554040
0.012000	-13.074300
0.012080	-15.400700
0.012160	-16.870100
0.012240	-18.278200
0.012320	-19.594500
0.012400	-20.972000
0.012480	-22.839300
0.012560	-24.920799
0.012640	-26.267700
0.012720	-26.022800
0.012800	-25.594299
0.012880	-26.298300
0.012960	-27.675800
0.013040	-27.828899
0.013120	-25.992201
0.013200	-23.512699
0.013280	-21.982201
0.013360	-21.859699
0.013440	-22.900499
0.013520	-24.522900
0.013600	-25.441200
0.013680	-24.308599
0.013760	-21.186300
0.013840	-17.727200
0.013920	-15.768100
0.014000	-16.013000
0.014080	-18.890400
0.014160	-24.675900
0.014240	-31.257299
0.014320	-33.951099
0.014400	-29.206400
0.014480	-18.584299
0.014560	-7.747980
0.014640	-1.686980
0.014720	-1.227810
0.014800	-4.013420
0.014880	-7.166370
0.014960	-8.207150
0.015040	-6.248040
0.015120	-2.911420
0.015200	0.486412
0.015280	3.547530
0.015360	5.231140
0.015440	4.680140
0.015520	2.690410
0.015600	0.945579
0.015680	0.608857
0.015760	1.710860
0.015840	3.394470
0.015920	5.169920
0.016000	5.720920
0.016080	3.149580
0.016160	-2.268590
0.016240	-7.594930
0.016320	-10.349900
0.016400	-9.554040
0.016480	-5.972540
0.016560	-2.084920
0.016640	-1.533920
0.016720	-5.697040
0.016800	-12.370200
0.016880	-17.727200
0.016960	-19.808800
0.017040	-19.625099
0.017120	-19.349600
0.017200	-20.880199
0.017280	-24.247400
0.017360	-27.155399
0.017440	-27.247299
0.017520	-24.829000
0.017600	-23.788200
0.017680	-27.675800
0.017760	-37.042801
0.017840	-48.797501
0.017920	-58.317600
0.018000	-61.317501
0.018080	-56.144199
0.018160	-45.522099
0.018240	-34.532700
0.018320	-27.369699
0.018400	-25.839199
0.018480	-28.900299
0.018560	-33.522598
0.018640	-35.175598
0.018720	-31.992001
0.018800	-25.594299
0.018880	-18.982300
0.018960	-14.359900
0.019040	-12.860000
0.019120	-14.574200
0.019200	-16.931299
0.019280	-16.441500
0.019360	-12.339600
0.019440	-8.360210
0.019520	-7.992870
0.019600	-11.758000
0.019680	-17.359900
0.019760	-21.737301
0.019840	-22.288300
0.019920	-17.666000
0.020000	-11.329400
0.020080	-10.166200
0.020160	-16.441500
0.020240	-24.308599
0.020320	-24.675900
0.020400	-15.737400
0.020480	-5.084810
0.020560	-1.503310
0.020640	-5.513370
0.020720	-11.053900
0.020800	-13.686500
0.020880	-14.053800
0.020960	-13.686500
0.021040	-12.339600
0.021120	-10.533600
0.021200	-8.176540
0.021280	-4.441980
0.021360	-0.921700
0.021440	-0.829866
0.021520	-5.697040
0.021600	-12.645700
0.021680	-15.859900
0.021760	-13.104900
0.021840	-5.574590
0.021920	4.649530
0.022000	11.843100
0.022080	9.455470
0.022160	-1.442090
0.022240	-12.951800
0.022320	-17.145599
0.022400	-12.737600
0.022480	-4.105260
0.022560	2.292470
0.022640	2.598580
0.022720	-1.197200
0.022800	-3.125700
0.022880	1.312910
0.022960	7.649420
0.023040	3.455690
0.023120	-16.502800
0.023200	-42.124298
0.023280	-52.715698
0.023360	-38.848900
0.023440	-11.390700
0.023520	10.557400
0.023600	14.965400
0.023680	1.833300
0.023760	-23.971901
0.023840	-51.981098
0.023920	-66.674400
0.024000	-58.256401
0.024080	-33.706200
0.024160	-11.911100
0.024240	-7.074540
0.024320	-18.370001
0.024400	-34.685799
0.024480	-45.583302
0.024560	-47.726101
0.024640	-44.481300
0.024720	-40.716202
0.024800	-37.195900
0.024880	-32.236900
0.024960	-24.829000
0.025040	-17.819000
0.025120	-15.921100
0.025200	-18.951700
0.025280	-23.084200
0.025360	-25.900400
0.025440	-28.073799
0.025520	-28.961500
0.025600	-25.594299
0.025680	-16.716999
0.025760	-5.421540
0.025840	2.567970
0.025920	2.567970
0.026000	-6.707200
0.026080	-20.972000
0.026160	-31.747101
0.026240	-32.451199
0.026320	-22.778099
0.026400	-10.411100
0.026480	-4.656260
0.026560	-8.758150
0.026640	-19.839399
0.026720	-32.022598
0.026800	-39.216202
0.026880	-39.950901
0.026960	-37.961201
0.027040	-38.022400
0.027120	-42.001801
0.027200	-48.124100
0.027280	-53.358601
0.027360	-56.052399
0.027440	-54.919701
0.027520	-48.552601
0.027600	-36.185699
0.027680	-23.757601
0.027760	-24.033100
0.027840	-39.461102
0.027920	-55.715599
0.028000	-51.766800
0.028080	-24.767799
0.028160	5.384190
0.028240	14.475700
0.028320	-7.258210
0.028400	-44.389500
0.028480	-66.552002
0.028560	-53.205502
0.028640	-7.196980
0.028720	46.372501
0.028800	74.534698
0.028880	46.709202
0.028960	-31.012400
0.029040	-108.734001
0.029120	-138.701996
0.029200	-109.682999
0.029280	-51.460701
0.029360	-12.492700
0.029440	-28.900299
0.029520	-95.510101
0.029600	-170.416000
0.029680	-207.884003
0.029760	-195.149002
0.029840	-159.639999
0.029920	-141.395996
0.030000	-156.028000
0.030080	-188.781998
0.030160	-216.485001
0.030240	-228.822006
0.030320	-229.341995
0.030400	-222.423996
0.030480	-216.638000
0.030560	-227.750000
0.030640	-253.953003
0.030720	-288.299011
0.030800	-327.266998
0.030880	-368.071991
0.030960	-407.131012
0.031040	-426.967010
0.031120	-406.641998
0.031200	-337.735992
0.031280	-244.158005
0.031360	-158.936005
0.031440	-127.070000
0.031520	-189.945007
0.031600	-339.634003
0.031680	-498.169006
0.031760	-545.768982
0.031840	-448.792999
0.031920	-261.208008
0.032000	-97.989601
0.032080	-73.194603
0.032160	-179.016998
0.032240	-295.369995
0.032320	-309.053009
0.032400	-209.229996
0.032480	-102.764000
0.032560	-71.082397
0.032640	-102.519997
0.032720	-108.458000
0.032800	-51.338200
0.032880	19.098000
0.032960	40.342098
0.033040	11.537000
0.033120	-9.584650
0.033200	6.057640
0.033280	39.974800
0.033360	67.432999
0.033440	92.656502
0.033520	123.635002
0.033600	145.889008
0.033680	147.940002
0.033760	136.645004
0.033840	127.675003
0.033920	121.032997
0.034000	111.359001
0.034080	97.278801
0.034160	83.320099
0.034240	62.167801
0.034320	34.556599
0.034400	26.352800
0.034480	68.718597
0.034560	135.878998
0.034640	153.940002
0.034720	73.187897
0.034800	-73.408897
0.034880	-200.598007
0.034960	-260.473999
0.035040	-271.217987
0.035120	-254.197998
0.035200	-213.117996
0.035280	-156.977005
0.035360	-111.427002
0.035440	-87.704300
0.035520	-70.500801
0.035600	-44.113998
0.035680	-17.084400
0.035760	-0.493144
0.035840	14.628700
0.035920	35.658600
0.036000	47.076599
0.036080	42.913399
0.036160	39.454399
0.036240	49.096901
0.036320	56.688499
0.036400	43.801201
0.036480	17.475599
0.036560	-2.360420
0.036640	-12.921200
0.036720	-26.971800
0.036800	-44.879299
0.036880	-55.960499
0.036960	-57.736000
0.037040	-60.460400
0.037120	-68.051903
0.037200	-70.898804
0.037280	-65.235703
0.037360	-65.602997
0.037440	-88.071602
0.037520	-120.947998
0.037600	-134.539001
0.037680	-118.375999
0.037760	-89.969498
0.037840	-67.255997
0.037920	-51.368801
0.038000	-40.685600
0.038080	-40.471298
0.038160	-48.124100
0.038240	-49.226101
0.038320	-37.746899
0.038400	-27.767700
0.038480	-32.542999
0.038560	-42.216099
0.038640	-38.665199
0.038720	-21.247499
0.038800	-4.717480
0.038880	-1.533920
0.038960	-9.186710
0.039040	-19.319000
0.039120	-21.890301
0.039200	-8.513260
0.039280	15.638900
0.039360	30.087400
0.039440	22.250900
0.039520	3.608750
0.039600	-6.707200
0.039680	-7.166370
0.039760	-10.962100
0.039840	-21.339300
0.039920	-26.665701
0.040000	-22.073999
0.040080	-17.176201
0.040160	-20.910801
0.040240	-30.614500
0.040320	-41.267200
0.040400	-52.777000
0.040480	-63.245998
0.040560	-64.776497
0.040640	-55.103401
0.040720	-43.960999
0.040800	-41.542702
0.040880	-45.858799
0.040960	-49.042400
0.041040	-48.675098
0.041120	-45.889500
0.041200	-37.900002
0.041280	-22.594400
0.041360	-5.115430
0.041440	5.659690
0.041520	7.526970
0.041600	6.853530
0.041680	11.996200
0.041760	28.036400
0.041840	56.627201
0.041920	90.758598
0.042000	112.584000
0.042080	106.032997
0.042160	74.197998
0.042240	37.311600
0.042320	14.904200
0.042400	13.098200
0.042480	24.883499
0.042560	34.219898
0.042640	22.097900
0.042720	-19.104700
0.042800	-74.204803
0.042880	-117.091003
0.042960	-133.009003
0.043040	-125.446999
0.043120	-97.775299
0.043200	-51.491299
0.043280	21.302000
0.043360	81.208000
0.043440	48.760201
0.043520	-102.611000
0.043600	-290.105011
0.043680	-389.255005
0.043760	-342.695007
0.043840	-200.169998
0.043920	-61.378700
0.044000	2.353690
0.044080	-29.451300
0.044160	-102.917999
0.044240	-142.559006
0.044320	-119.386002
0.044400	-64.899002
0.044480	-29.451300
0.044560	-25.808599
0.044640	-33.920502
0.044720	-30.492100
0.044800	-12.094700
0.044880	9.424860
0.044960	25.863001
0.045040	33.760700
0.045120	22.128500
0.045200	-14.880300
0.045280	-54.368698
0.045360	-64.531601
0.045440	-34.869400
0.045520	14.108300
0.045600	42.484901
0.045680	28.066999
0.045760	-14.482400
0.045840	-52.868801
0.045920	-63.766399
0.046000	-46.807800
0.046080	-23.726999
0.046160	-19.961800
0.046240	-38.787701
0.046320	-59.572601
0.046400	-59.266499
0.046480	-36.828602
0.046560	-13.166100
0.046640	-6.952090
0.046720	-23.022900
0.046800	-54.307499
0.046880	-80.847397
0.046960	-83.388100
0.047040	-57.215599
0.047120	-20.482201
0.047200	2.170020
0.047280	4.220970
0.047360	-3.125700
0.047440	-1.258420
0.047520	16.802099
0.047600	41.872700
0.047680	60.667900
0.047760	63.576000
0.047840	59.933201
0.047920	54.668098
0.048000	47.841801
0.048080	38.964600
0.048160	31.617901
0.048240	31.801600
0.048320	31.954700
0.048400	18.271500
0.048480	-9.707100
0.048560	-38.328499
0.048640	-56.174801
0.048720	-64.133698
0.048800	-65.113197
0.048880	-57.429901
0.048960	-44.603802
0.049040	-38.512199
0.049120	-44.634399
0.049200	-53.725899
0.049280	-53.113701
0.049360	-40.104000
0.049440	-17.421101
0.049520	12.883900
0.049600	43.158298
0.049680	58.647598
0.049760	51.790699
0.049840	31.893400
0.049920	13.251200
0.050000	-1.044140
0.050080	-14.145700
0.050160	-25.441200
0.050240	-33.094002
0.050320	-40.930500
0.050400	-53.817699
0.050480	-68.266197
0.050560	-77.694397
0.050640	-81.673897
0.050720	-86.296204
0.050800	-93.306099
0.050880	-97.714104
0.050960	-96.030502
0.051040	-88.194000
0.051120	-74.327202
0.051200	-53.450401
0.051280	-29.941099
0.051360	-10.135600
0.051440	4.894420
0.051520	18.547001
0.051600	28.526199
0.051680	28.128300
0.051760	16.740900
0.051840	0.057856
0.051920	-17.268000
0.052000	-35.879601
0.052080	-57.460499
0.052160	-80.020897
0.052240	-97.836601
0.052320	-104.540001
0.052400	-96.367203
0.052480	-76.531197
0.052560	-57.031898
0.052640	-50.970901
0.052720	-61.042000
0.052800	-74.786400
0.052880	-78.245399
0.052960	-66.766197
0.053040	-47.052700
0.053120	-27.277901
0.053200	-15.064000
0.053280	-16.013000
0.053360	-27.828899
0.053440	-39.950901
0.053520	-44.267101
0.053600	-42.216099
0.053680	-43.195702
0.053760	-53.083099
0.053840	-68.021301
0.053920	-77.694397
0.054000	-71.327301
0.054080	-48.521999
0.054160	-25.135099
0.054240	-22.288300
0.054320	-46.960800
0.054400	-85.989998
0.054480	-116.630997
0.054560	-123.212997
0.054640	-106.376999
0.054720	-81.061699
0.054800	-64.776497
0.054880	-65.358101
0.054960	-75.735298
0.055040	-82.133003
0.055120	-76.439400
0.055200	-63.643902
0.055280	-54.858501
0.055360	-59.725700
0.055440	-76.776100
0.055520	-93.428497
0.055600	-96.612099
0.055680	-84.643204
0.055760	-68.633499
0.055840	-60.980701
0.055920	-64.592903
0.056000	-72.459900
0.056080	-78.674004
0.056160	-83.020798
0.056240	-86.663498
0.056320	-88.194000
0.056400	-87.336899
0.056480	-86.112503
0.056560	-86.510399
0.056640	-88.377701
0.056720	-88.622597
0.056800	-86.479797
0.056880	-84.551300
0.056960	-85.530899
0.057040	-90.030701
0.057120	-95.112198
0.057200	-94.683601
0.057280	-84.183998
0.057360	-66.582603
0.057440	-51.154598
0.057520	-45.369099
0.057600	-48.552601
0.057680	-53.756500
0.057760	-54.950401
0.057840	-51.154598
0.057920	-45.277199
0.058000	-40.838600
0.058080	-39.553001
0.058160	-40.257000
0.058240	-39.981499
0.058320	-37.165298
0.058400	-33.889900
0.058480	-33.185799
0.058560	-35.573502
0.058640	-38.757099
0.058720	-41.512100
0.058800	-44.481300
0.058880	-48.215900
0.058960	-51.338200
0.059040	-52.868801
0.059120	-53.940201
0.059200	-55.256500
0.059280	-56.052399
0.059360	-54.430000
0.059440	-49.746498
0.059520	-43.654800
0.059600	-38.144798
0.059680	-34.747002
0.059760	-34.410301
0.059840	-37.104099
0.059920	-40.807999
0.060000	-42.859001
0.060080	-42.001801
0.060160	-39.430500
0.060240	-37.073502
0.060320	-35.726601
0.060400	-34.502102
0.060480	-34.257198
0.060560	-36.675499
0.060640	-41.573299
0.060720	-45.338501
0.060800	-43.165100
0.060880	-34.961300
0.060960	-26.328899
0.061040	-23.604601
0.061120	-27.308500
0.061200	-32.542999
0.061280	-33.889900
0.061360	-31.349199
0.061440	-28.961500
0.061520	-29.145201
0.061600	-29.726801
0.061680	-26.390200
0.061760	-16.778299
0.061840	-4.258310
0.061920	4.925030
0.062000	9.026920
0.062080	13.281800
0.062160	20.016300
0.062240	26.383400
0.062320	27.944599
0.062400	30.913900
0.062480	42.882801
0.062560	59.504700
0.062640	68.014603
0.062720	65.106499
0.062800	60.759701
0.062880	62.657600
0.062960	66.300400
0.063040	64.065697
0.063120	57.331299
0.063200	51.331501
0.063280	46.831699
0.063360	42.362400
0.063440	38.505402
0.063520	36.025902
0.063600	32.321999
0.063680	25.556900
0.063760	19.679600
0.063840	18.975500
0.063920	21.148899
0.064000	21.087700
0.064080	19.404100
0.064160	20.659201
0.064240	25.312000
0.064320	29.138399
0.064400	31.158800
0.064480	33.485199
0.064560	35.199402
0.064640	32.444401
0.064720	24.485500
0.064800	15.669500
0.064880	9.577920
0.064960	5.200530
0.065040	2.108800
0.065120	1.925140
0.065200	4.649530
0.065280	7.190250
0.065360	6.547420
0.065440	3.516910
0.065520	1.894520
0.065600	3.853640
0.065680	8.261640
0.065760	10.741100
0.065840	6.516810
0.065920	-4.319540
0.066000	-15.186400
0.066080	-17.451700
0.066160	-10.411100
0.066240	-1.289030
0.066320	4.251580
0.066400	6.241310
0.066480	6.639250
0.066560	5.476030
0.066640	3.914860
0.066720	4.098530
0.066800	5.108690
0.066880	2.078190
0.066960	-6.094980
0.067040	-14.543600
0.067120	-18.737400
0.067200	-19.992399
0.067280	-21.982201
0.067360	-25.931000
0.067440	-30.400200
0.067520	-34.073601
0.067600	-37.134701
0.067680	-39.246799
0.067760	-39.644798
0.067840	-39.124401
0.067920	-39.093800
0.068000	-38.910099
0.068080	-37.195900
0.068160	-34.532700
0.068240	-32.757301
0.068320	-32.634800
0.068400	-32.512402
0.068480	-31.563400
0.068560	-30.920601
0.068640	-32.175701
0.068720	-34.410301
0.068800	-35.451099
0.068880	-34.808201
0.068960	-33.522598
0.069040	-33.185799
0.069120	-34.655201
0.069200	-37.869301
0.069280	-40.685600
0.069360	-40.685600
0.069440	-37.716301
0.069520	-34.532700
0.069600	-34.165401
0.069680	-36.277599
0.069760	-37.532600
0.069840	-35.910198
0.069920	-31.869600
0.070000	-27.675800
0.070080	-25.777901
0.070160	-27.186100
0.070240	-30.614500
0.070320	-32.634800
0.070400	-30.400200
0.070480	-24.522900
0.070560	-18.492500
0.070640	-15.523200
0.070720	-15.308900
0.070800	-14.849700
0.070880	-11.543700
0.070960	-5.482760
0.071040	-0.584977
0.071120	-1.533920
0.071200	-8.421430
0.071280	-14.849700
0.071360	-14.237500
0.071440	-6.094980
0.071520	4.588300
0.071600	13.434900
0.071680	18.485800
0.071760	19.771400
0.071840	17.812300
0.071920	18.455099
0.072000	25.250799
0.072080	34.005600
0.072160	40.005402
0.072240	41.260399
0.072320	46.678600
0.072400	62.565800
0.072480	79.524399
0.072560	81.330399
0.072640	66.912598
0.072720	52.311100
0.072800	50.841702
0.072880	58.494499
0.072960	62.810699
0.073040	55.892601
0.073120	36.699402
0.073200	10.281900
0.073280	-13.717100
0.073360	-27.920700
0.073440	-35.083698
0.073520	-43.807899
0.073600	-54.766701
0.073680	-58.164501
0.073760	-47.756699
0.073840	-31.226700
0.073920	-20.635300
0.074000	-19.012899
0.074080	-21.767900
0.074160	-25.961599
0.074240	-30.614500
0.074320	-31.287901
0.074400	-23.053499
0.074480	-7.288820
0.074560	9.516700
0.074640	17.598000
0.074720	12.118600
0.074800	-4.870540
0.074880	-21.063801
0.074960	-18.431299
0.075040	6.271920
0.075120	32.138302
0.075200	36.974899
0.075280	20.995899
0.075360	0.517023
0.075440	-13.992600
0.075520	-20.635300
0.075600	-15.890500
0.075680	1.588410
0.075760	19.220400
0.075840	19.955099
0.075920	3.302640
0.076000	-11.482500
0.076080	-10.564200
0.076160	-0.003366
0.076240	10.190100
0.076320	19.740801
0.076400	29.016001
0.076480	29.597601
0.076560	15.302200
0.076640	-6.278650
0.076720	-20.757700
0.076800	-23.206600
0.076880	-20.267900
0.076960	-21.737301
0.077040	-27.553400
0.077120	-30.614500
0.077200	-26.635099
0.077280	-10.564200
0.077360	14.659300
0.077440	34.679100
0.077520	34.893299
0.077600	12.179800
0.077680	-24.584101
0.077760	-65.725502
0.077840	-87.949203
0.077920	-67.684601
0.078000	-0.095199
0.078080	62.565800
0.078160	71.841003
0.078240	15.179700
0.078320	-72.245598
0.078400	-134.753998
0.078480	-143.447006
0.078560	-112.927002
0.078640	-64.623497
0.078720	-24.033100
0.078800	-17.666000
0.078880	-55.164600
0.078960	-113.018997
0.079040	-144.733002
0.079120	-118.375999
0.079200	-51.124001
0.079280	10.710500
0.079360	37.250401
0.079440	23.750900
0.079520	-15.370100
0.079600	-58.225700
0.079680	-79.469902
0.079760	-64.899002
0.079840	-27.737101
0.079920	2.965910
0.080000	8.628970
0.080080	-7.472480
0.080160	-32.451199
0.080240	-53.327999
0.080320	-58.164501
0.080400	-41.665100
0.080480	-16.319099
0.080560	-3.064480
0.080640	-9.156100
0.080720	-22.135201
0.080800	-29.206400
0.080880	-30.706301
0.080960	-30.400200
0.081040	-25.288200
0.081120	-14.115100
0.081200	-6.982700
0.081280	-11.513100
0.081360	-21.767900
0.081440	-26.053400
0.081520	-22.839300
0.081600	-18.737400
0.081680	-15.155800
0.081760	-10.533600
0.081840	-7.594930
0.081920	-12.002900
0.082000	-19.961800
0.082080	-21.247499
0.082160	-13.411000
0.082240	-4.778700
0.082320	-1.993090
0.082400	-3.921590
0.082480	-7.472480
0.082560	-12.951800
0.082640	-17.788401
0.082720	-15.768100
0.082800	-6.003150
0.082880	2.812860
0.082960	3.272030
0.083040	1.649640
0.083120	23.016199
0.083200	60.882198
0.083280	69.912498
0.083360	37.005501
0.083440	-7.166370
0.083520	-26.267700
0.083600	4.098530
0.083680	65.259598
0.083760	107.808998
0.083840	87.636299
0.083920	10.986000
0.084000	-49.685200
0.084080	-49.593399
0.084160	-2.850200
0.084240	27.424200
0.084320	37.770802
0.084400	55.617100
0.084480	89.381203
0.084560	97.095200
0.084640	51.729500
0.084720	-2.758370
0.084800	-5.911320
0.084880	29.964899
0.084960	40.709400
0.085040	6.731080
0.085120	-26.635099
0.085200	-26.359600
0.085280	-9.707100
0.085360	2.384300
0.085440	10.190100
0.085520	9.639140
0.085600	-15.706800
0.085680	-45.277199
0.085760	-36.063301
0.085840	12.026800
0.085920	31.158800
0.086000	-17.757799
0.086080	-77.969902
0.086160	-83.694199
0.086240	-45.828201
0.086320	-20.635300
0.086400	-19.655701
0.086480	-11.696800
0.086560	-0.370699
0.086640	-22.839300
0.086720	-69.092697
0.086800	-85.316597
0.086880	-52.501499
0.086960	-18.951700
0.087040	-21.614799
0.087120	-32.879700
0.087200	-24.675900
0.087280	-18.768000
0.087360	-37.869301
0.087440	-52.501499
0.087520	-29.451300
0.087600	3.853640
0.087680	-4.013420
0.087760	-38.726501
0.087840	-50.511700
0.087920	-33.491901
0.088000	-25.624901
0.088080	-39.246799
0.088160	-43.930302
0.088240	-27.461599
0.088320	-16.870100
0.088400	-25.012699
0.088480	-28.135000
0.088560	-15.217100
0.088640	-9.615260
0.088720	-23.237200
0.088800	-33.247101
0.088880	-17.604799
0.088960	2.170020
0.089040	-6.064370
0.089120	-28.532900
0.089200	-27.614599
0.089280	-5.054200
0.089360	4.527080
0.089440	-8.788760
0.089520	-15.706800
0.089600	-3.615480
0.089680	4.190360
0.089760	-4.901150
0.089840	-10.778400
0.089920	0.394579
0.090000	8.843250
0.090080	-1.625760
0.090160	-11.911100
0.090240	-1.289030
0.090320	14.445000
0.090400	10.373800
0.090480	-3.952200
0.090560	-2.850200
0.090640	9.853420
0.090720	10.894200
0.090800	-1.319640
0.090880	-5.421540
0.090960	2.721030
0.091040	3.088360
0.091120	-8.819370
0.091200	-11.145800
0.091280	4.496470
0.091360	14.445000
0.091440	2.384300
0.091520	-13.227300
0.091600	-11.023300
0.091680	-0.952311
0.091760	-2.850200
0.091840	-9.921370
0.091920	-2.911420
0.092000	12.945100
0.092080	15.822500
0.092160	5.169920
0.092240	1.741470
0.092320	10.435000
0.092400	13.373700
0.092480	5.078080
0.092560	2.384300
0.092640	13.618500
0.092720	22.159100
0.092800	14.965400
0.092880	5.261750
0.092960	7.373920
0.093040	12.363500
0.093120	7.037200
0.093200	0.486412
0.093280	7.496360
0.093360	19.893900
0.093440	19.036800
0.093520	7.435140
0.093600	3.639360
0.093680	9.333030
0.093760	9.241200
0.093840	1.159860
0.093920	0.119078
0.094000	9.884030
0.094080	14.536900
0.094160	6.547420
0.094240	-0.340088
0.094320	3.853640
0.094400	8.537140
0.094480	3.516910
0.094560	-2.299200
0.094640	2.874080
0.094720	11.414500
0.094800	9.486090
0.094880	1.649640
0.094960	1.129250
0.095040	5.843360
0.095120	3.210800
0.095200	-5.390930
0.095280	-6.584760
0.095360	1.619020
0.095440	5.506640
0.095520	0.088468
0.095600	-3.401200
0.095680	1.588410
0.095760	4.894420
0.095840	-1.258420
0.095920	-8.176540
0.096000	-6.186820
0.096080	-1.258420
0.096160	-3.401200
0.096240	-8.543870
0.096320	-7.441870
0.096400	-3.554260
0.096480	-6.278650
0.096560	-13.135500
0.096640	-12.798800
0.096720	-5.635810
0.096800	-4.258310
0.096880	-11.972300
0.096960	-18.216999
0.097040	-16.502800
0.097120	-13.380400
0.097200	-14.513000
0.097280	-14.788500
0.097360	-11.145800
0.097440	-10.227400
0.097520	-16.686399
0.097600	-23.145399
0.097680	-22.165800
0.097760	-18.890400
0.097840	-21.278099
0.097920	-25.716700
0.098000	-23.451500
0.098080	-15.951700
0.098160	-12.553900
0.098240	-14.604800
0.098320	-15.247700
0.098400	-12.706900
0.098480	-12.798800
0.098560	-16.441500
0.098640	-17.512899
0.098720	-13.992600
0.098800	-12.125300
0.098880	-14.819100
0.098960	-15.798700
0.099040	-10.135600
0.099120	-3.615480
0.099200	-2.942030
0.099280	-6.370480
0.099360	-8.390820
0.099440	-9.125480
0.099520	-10.931500
0.099600	-11.696800
0.099680	-7.962260
0.099760	-2.911420
0.099840	-2.911420
0.099920	-6.890870
0.100000	-8.054090
0.100080	-4.564430
0.100160	-1.809420
0.100240	-2.605310
0.100320	-3.768540
0.100400	-3.095090
0.100480	-2.513480
0.100560	-3.003260
0.100640	-1.533920
0.100720	2.414910
0.100800	4.220970
0.100880	1.251690
0.100960	-1.931870
0.101040	-1.013530
0.101120	1.863910
0.101200	1.649640
0.101280	-0.860478
0.101360	-1.013530
0.101440	1.221080
0.101520	2.231250
0.101600	1.404750
0.101680	1.098630
0.101760	1.557800
0.101840	0.302745
0.101920	-2.146150
0.102000	-2.605310
0.102080	-0.217644
0.102160	1.037410
0.102240	-0.584977
0.102320	-1.840030
0.102400	-0.340088
0.102480	1.404750
0.102560	0.517023
0.102640	-1.411480
0.102720	-1.442090
0.102800	-0.584977
0.102880	-1.166590
0.102960	-2.268590
0.103040	-1.686980
0.103120	-0.248255
0.103200	-0.584977
0.103280	-1.870650
0.103360	-1.289030
0.103440	1.037410
0.103520	1.772080
0.103600	-0.462533
0.103680	-3.523650
0.103760	-5.452150
0.103840	-6.033760
0.103920	-4.931760
0.104000	-1.625760
0.104080	2.200640
0.104160	2.965910
0.104240	0.486412
0.104320	-1.564530
0.104400	-0.462533
0.104480	2.200640
0.104560	4.129140
0.104640	5.322970
0.104720	6.394360
0.104800	6.547420
0.104880	5.078080
0.104960	3.363860
0.105040	3.731190
0.105120	5.169920
0.105200	5.690310
0.105280	4.618920
0.105360	3.333250
0.105440	2.078190
0.105520	0.547635
0.105600	-1.105370
0.105680	-2.299200
0.105760	-2.452260
0.105840	-0.891089
0.105920	3.180190
0.106000	8.843250
0.106080	12.455300
0.106160	11.537000
0.106240	7.618810
0.106320	4.680140
0.106400	2.598580
0.106480	-0.952311
0.106560	-3.890980
0.106640	-1.686980
0.106720	5.935190
0.106800	12.669600
0.106880	13.434900
0.106960	10.190100
0.107040	7.771860
0.107120	7.710640
0.107200	7.435140
0.107280	5.353580
0.107360	2.874080
0.107440	1.680250
0.107520	2.629190
0.107600	6.118860
0.107680	11.261500
0.107760	14.628700
0.107840	13.067500
0.107920	7.863700
0.108000	4.037300
0.108080	4.098530
0.108160	6.394360
0.108240	8.047360
0.108320	8.445310
0.108400	7.924920
0.108480	6.975970
0.108560	6.302530
0.108640	7.251470
0.108720	9.639140
0.108800	10.679900
0.108880	8.475920
0.108960	4.404640
0.109040	1.710860
0.109120	1.465970
0.109200	2.843470
0.109280	4.710750
0.109360	6.853530
0.109440	8.292250
0.109520	7.894310
0.109600	5.996420
0.109680	4.312800
0.109760	3.547530
0.109840	3.180190
0.109920	2.721030
0.110000	2.843470
0.110080	3.425080
0.110160	3.945470
0.110240	4.159750
0.110320	4.404640
0.110400	4.833190
0.110480	4.465860
0.110560	3.210800
0.110640	2.078190
0.110720	1.741470
0.110800	1.772080
0.110880	1.863910
0.110960	2.659800
0.111040	4.098530
0.111120	4.741360
0.111200	3.761800
0.111280	2.200640
0.111360	1.925140
0.111440	3.027140
0.111520	3.700580
0.111600	3.088360
0.111680	2.598580
0.111760	3.394470
0.111840	5.445420
0.111920	7.680030
0.112000	8.996310
0.112080	8.659580
0.112160	7.404530
0.112240	7.067810
0.112320	8.598360
0.112400	10.588000
0.112480	10.404400
0.112560	7.312700
0.112640	3.945470
0.112720	3.272030
0.112800	5.598470
0.112880	9.424860
0.112960	12.761400
0.113040	14.353200
0.113120	13.312400
0.113200	9.975860
0.113280	6.547420
0.113360	5.292360
0.113440	6.118860
0.113520	7.588200
0.113600	9.057530
0.113680	10.465600
0.113760	11.016600
0.113840	10.037000
0.113920	7.986140
0.114000	6.761690
0.114080	6.853530
0.114160	6.761690
0.114240	5.690310
0.114320	4.527080
0.114400	4.771970
0.114480	6.210690
0.114560	7.680030
0.114640	8.782030
0.114720	9.455470
0.114800	9.394250
0.114880	7.863700
0.114960	5.292360
0.115040	3.241410
0.115120	3.057750
0.115200	4.588300
0.115280	6.975970
0.115360	8.873860
0.115440	9.271810
0.115520	7.741250
0.115600	5.414800
0.115680	3.823030
0.115760	3.884250
0.115840	5.169920
0.115920	6.455580
0.116000	7.006580
0.116080	6.669860
0.116160	6.180080
0.116240	5.843360
0.116320	6.210690
0.116400	6.700470
0.116480	6.394360
0.116560	4.925030
0.116640	3.272030
0.116720	2.782250
0.116800	3.578140
0.116880	5.078080
0.116960	6.547420
0.117040	7.006580
0.117120	6.149470
0.117200	4.037300
0.117280	1.802690
0.117360	0.853746
0.117440	1.312910
0.117520	2.353690
0.117600	3.088360
0.117680	3.425080
0.117760	3.057750
0.117840	1.894520
0.117920	0.670079
0.118000	0.517023
0.118080	1.374140
0.118160	1.986360
0.118240	1.098630
0.118320	-0.707422
0.118400	-2.176760
0.118480	-2.360420
0.118560	-1.380870
0.118640	0.425190
0.118720	2.139410
0.118800	2.537360
0.118880	1.129250
0.118960	-1.135980
0.119040	-2.819590
0.119120	-3.064480
0.119200	-1.686980
0.119280	0.180301
0.119360	1.404750
0.119440	1.006800
0.119520	-0.799255
0.119600	-2.544090
0.119680	-3.003260
0.119760	-1.870650
0.119840	-0.309477
0.119920	0.670079
0.120000	0.302745
0.120080	-1.319640
0.120160	-3.401200
0.120240	-4.962370
0.120320	-5.513370
0.120400	-5.727650
0.120480	-6.156200
0.120560	-6.707200
0.120640	-6.737820
0.120720	-6.370480
0.120800	-6.339870
0.120880	-7.227590
0.120960	-8.452040
0.121040	-9.860150
0.121120	-11.451900
0.121200	-12.737600
0.121280	-13.227300
0.121360	-13.013100
0.121440	-12.737600
0.121520	-13.349800
0.121600	-14.543600
0.121680	-15.645600
0.121760	-16.410900
0.121840	-17.053801
0.121920	-17.482300
0.122000	-17.543501
0.122080	-17.604799
0.122160	-17.696600
0.122240	-17.849701
0.122320	-17.696600
0.122400	-17.268000
0.122480	-17.298700
0.122560	-18.002701
0.122640	-18.890400
0.122720	-19.349600
0.122800	-19.349600
0.122880	-18.798599
0.122960	-17.666000
0.123040	-16.992500
0.123120	-16.900700
0.123200	-17.666000
0.123280	-18.278200
0.123360	-18.247601
0.123440	-17.543501
0.123520	-16.747700
0.123600	-16.257900
0.123680	-16.502800
0.123760	-17.421101
0.123840	-18.584299
0.123920	-19.165899
0.124000	-19.043501
0.124080	-18.737400
0.124160	-18.737400
0.124240	-18.921000
0.124320	-18.706800
0.124400	-18.339399
0.124480	-18.125200
0.124560	-17.696600
0.124640	-16.349701
0.124720	-14.359900
0.124800	-13.227300
0.124880	-14.023200
0.124960	-16.196699
0.125040	-18.002701
0.125120	-18.645500
0.125200	-17.788401
0.125280	-15.676200
0.125360	-13.319200
0.125440	-11.880400
0.125520	-11.788600
0.125600	-12.645700
0.125680	-13.411000
0.125760	-13.564100
0.125840	-13.196700
0.125920	-12.553900
0.126000	-11.482500
0.126080	-10.441700
0.126160	-9.829540
0.126240	-9.951980
0.126320	-10.656000
0.126400	-11.421300
0.126480	-11.849800
0.126560	-11.543700
0.126640	-10.594800
0.126720	-9.584650
0.126800	-9.094870
0.126880	-9.064260
0.126960	-9.094870
0.127040	-8.941820
0.127120	-8.696930
0.127200	-8.696930
0.127280	-8.635710
0.127360	-8.574480
0.127440	-8.513260
0.127520	-8.543870
0.127600	-8.360210
0.127680	-7.686760
0.127760	-7.043930
0.127840	-6.799040
0.127920	-7.166370
0.128000	-7.656150
0.128080	-8.054090
0.128160	-8.115320
0.128240	-7.870430
0.128320	-7.564320
0.128400	-7.747980
0.128480	-8.513260
0.128560	-9.156100
0.128640	-9.064260
0.128720	-8.421430
0.128800	-7.931650
0.128880	-7.962260
0.128960	-8.084710
0.129040	-8.023480
0.129120	-8.145930
0.129200	-8.360210
0.129280	-8.360210
0.129360	-8.145930
0.129440	-7.962260
0.129520	-7.625540
0.129600	-7.288820
0.129680	-6.860260
0.129760	-6.492930
0.129840	-6.125590
0.129920	-5.697040
0.130000	-5.360310
0.130080	-5.513370
0.130160	-5.911320
0.130240	-6.462320
0.130320	-6.676590
0.130400	-6.768430
0.130480	-6.860260
0.130560	-6.523540
0.130640	-5.605200
0.130720	-4.595040
0.130800	-4.258310
0.130880	-4.686870
0.130960	-5.421540
0.131040	-6.094980
0.131120	-6.309260
0.131200	-5.941930
0.131280	-5.268480
0.131360	-4.870540
0.131440	-5.054200
0.131520	-5.513370
0.131600	-5.543980
0.131680	-5.237870
0.131760	-4.931760
0.131840	-5.054200
0.131920	-5.146040
0.132000	-5.176650
0.132080	-4.901150
0.132160	-4.656260
0.132240	-4.625650
0.132320	-4.870540
0.132400	-5.299090
0.132480	-5.605200
0.132560	-5.421540
0.132640	-4.962370
0.132720	-4.564430
0.132800	-4.564430
0.132880	-4.839930
0.132960	-5.268480
0.133040	-5.635810
0.133120	-5.758260
0.133200	-5.513370
0.133280	-5.237870
0.133360	-5.115430
0.133440	-5.635810
0.133520	-6.370480
0.133600	-7.135760
0.133680	-7.380650
0.133760	-6.982700
0.133840	-6.339870
0.133920	-6.094980
0.134000	-6.584760
0.134080	-7.288820
0.134160	-7.778590
0.134240	-7.901040
0.134320	-8.115320
0.134400	-8.207150
0.134480	-7.778590
0.134560	-6.890870
0.134640	-5.635810
0.134720	-5.023590
0.134800	-5.360310
0.134880	-6.860260
0.134960	-8.207150
0.135040	-8.543870
0.135120	-7.625540
0.135200	-6.217430
0.135280	-5.299090
0.135360	-4.992980
0.135440	-5.390930
0.135520	-6.309260
0.135600	-6.982700
0.135680	-6.890870
0.135760	-6.339870
0.135840	-5.666430
0.135920	-5.421540
0.136000	-5.482760
0.136080	-5.850090
0.136160	-6.370480
0.136240	-6.829650
0.136320	-6.707200
0.136400	-6.186820
0.136480	-5.482760
0.136560	-4.656260
0.136640	-3.278760
0.136720	-2.146150
0.136800	-2.819590
0.136880	-5.911320
0.136960	-10.258100
0.137040	-12.400800
0.137120	-8.849980
0.137200	-0.309477
0.137280	8.353470
0.137360	11.720700
0.137440	7.618810
0.137520	-1.013530
0.137600	-8.819370
0.137680	-10.778400
0.137760	-5.758260
0.137840	2.751640
0.137920	8.231030
0.138000	6.884140
0.138080	1.833300
0.138160	-1.105370
0.138240	1.496580
0.138320	6.424970
0.138400	8.628970
0.138480	5.629080
0.138560	-0.370699
0.138640	-4.472590
0.138720	-2.482870
0.138800	4.986250
0.138880	12.363500
0.138960	13.526700
0.139040	7.986140
0.139120	1.282300
0.139200	-0.646200
0.139280	2.721030
0.139360	6.700470
0.139440	6.945360
0.139520	2.690410
0.139600	-2.544090
0.139680	-4.044040
0.139760	-0.064588
0.139840	6.302530
0.139920	10.281900
0.140000	9.302420
0.140080	5.506640
0.140160	2.506750
0.140240	1.496580
0.140320	0.670079
0.140400	-1.380870
0.140480	-3.064480
0.140560	-1.962480
0.140640	1.802690
0.140720	5.629080
0.140800	6.761690
0.140880	4.833190
0.140960	1.863910
0.141040	0.302745
0.141120	1.374140
0.141200	3.272030
0.141280	3.425080
0.141360	1.374140
0.141440	-0.340088
0.141520	0.517023
0.141600	3.486300
0.141680	5.904580
0.141760	5.873970
0.141840	3.914860
0.141920	2.170020
0.142000	1.741470
0.142080	2.506750
0.142160	3.057750
0.142240	2.414910
0.142320	0.608857
0.142400	-0.982922
0.142480	-1.105370
0.142560	0.088468
0.142640	1.190470
0.142720	1.190470
0.142800	0.425190
0.142880	-0.187033
0.142960	0.027245
0.143040	0.670079
0.143120	0.608857
0.143200	-0.584977
0.143280	-2.237980
0.143360	-3.186920
0.143440	-2.727760
0.143520	-1.227810
0.143600	0.302745
0.143680	1.159860
0.143760	0.914968
0.143840	0.241523
0.143920	-0.554366
0.144000	-1.166590
0.144080	-1.595140
0.144160	-2.054310
0.144240	-2.391030
0.144320	-2.482870
0.144400	-2.329810
0.144480	-2.176760
0.144560	-1.931870
0.144640	-1.778810
0.144720	-1.686980
0.144800	-1.809420
0.144880	-2.084920
0.144960	-2.605310
0.145040	-3.523650
0.145120	-4.595040
0.145200	-5.421540
0.145280	-5.788870
0.145360	-5.880700
0.145440	-5.758260
0.145520	-5.911320
0.145600	-6.339870
0.145680	-6.890870
0.145760	-7.227590
0.145840	-7.288820
0.145920	-7.350040
0.146000	-7.809210
0.146080	-8.635710
0.146160	-9.278540
0.146240	-9.707100
0.146320	-9.860150
0.146400	-9.890760
0.146480	-9.768320
0.146560	-9.278540
0.146640	-8.543870
0.146720	-7.747980
0.146800	-6.921480
0.146880	-6.492930
0.146960	-6.676590
0.147040	-6.921480
0.147120	-6.921480
0.147200	-6.554150
0.147280	-6.186820
0.147360	-5.850090
0.147440	-5.758260
0.147520	-5.605200
0.147600	-5.390930
0.147680	-5.268480
0.147760	-5.390930
0.147840	-5.788870
0.147920	-6.278650
0.148000	-6.829650
0.148080	-7.227590
0.148160	-7.564320
0.148240	-7.778590
0.148320	-8.268370
0.148400	-8.758150
0.148480	-9.033650
0.148560	-8.911210
0.148640	-8.605090
0.148720	-8.329590
0.148800	-8.084710
0.148880	-7.870430
0.148960	-7.839820
0.149040	-7.809210
0.149120	-7.411260
0.149200	-6.707200
0.149280	-6.094980
0.149360	-5.819480
0.149440	-5.758260
0.149520	-5.666430
0.149600	-5.482760
0.149680	-5.084810
0.149760	-4.717480
0.149840	-4.533810
0.149920	-4.503200
0.150000	-4.503200
0.150080	-4.258310
0.150160	-3.890980
0.150240	-3.737920
0.150320	-3.890980
0.150400	-4.258310
0.150480	-4.350150
0.150560	-4.350150
0.150640	-4.288920
0.150720	-4.197090
0.150800	-4.197090
0.150880	-4.074650
0.150960	-3.737920
0.151040	-3.248150
0.151120	-3.003260
0.151200	-3.217540
0.151280	-3.952200
0.151360	-4.288920
0.151440	-3.799150
0.151520	-2.788980
0.151600	-2.023700
0.151680	-1.686980
0.151760	-1.809420
0.151840	-2.391030
0.151920	-3.125700
0.152000	-3.707310
0.152080	-4.135870
0.152160	-4.441980
0.152240	-4.839930
0.152320	-4.992980
0.152400	-4.962370
0.152480	-4.809310
0.152560	-4.809310
0.152640	-4.809310
0.152720	-4.380760
0.152800	-3.890980
0.152880	-3.860370
0.152960	-4.288920
0.153040	-5.146040
0.153120	-5.727650
0.153200	-5.880700
0.153280	-5.666430
0.153360	-5.482760
0.153440	-5.635810
0.153520	-6.125590
0.153600	-6.707200
0.153680	-6.982700
0.153760	-7.227590
0.153840	-7.778590
0.153920	-8.758150
0.154000	-9.615260
0.154080	-9.982600
0.154160	-9.982600
0.154240	-10.013200
0.154320	-10.349900
0.154400	-10.778400
0.154480	-11.023300
0.154560	-10.992700
0.154640	-10.778400
0.154720	-10.594800
0.154800	-10.992700
0.154880	-11.758000
0.154960	-12.553900
0.155040	-12.768200
0.155120	-12.247800
0.155200	-11.543700
0.155280	-10.900900
0.155360	-10.992700
0.155440	-11.298800
0.155520	-11.360100
0.155600	-11.053900
0.155680	-10.472300
0.155760	-9.890760
0.155840	-9.707100
0.155920	-9.737710
0.156000	-10.013200
0.156080	-10.319300
0.156160	-10.472300
0.156240	-10.502900
0.156320	-10.135600
0.156400	-9.492820
0.156480	-8.727540
0.156560	-7.931650
0.156640	-7.135760
0.156720	-6.584760
0.156800	-6.248040
0.156880	-5.819480
0.156960	-5.268480
0.157040	-4.748090
0.157120	-4.533810
0.157200	-4.472590
0.157280	-4.135870
0.157360	-3.462420
0.157440	-2.727760
0.157520	-2.635920
0.157600	-2.666530
0.157680	-2.513480
0.157760	-1.595140
0.157840	-0.523755
0.157920	0.088468
0.158000	-0.095199
0.158080	-0.676811
0.158160	-0.921700
0.158240	-0.707422
0.158320	-0.278866
0.158400	0.027245
0.158480	0.057856
0.158560	0.241523
0.158640	0.670079
0.158720	1.251690
0.158800	1.649640
0.158880	1.863910
0.158960	1.741470
0.159040	1.527190
0.159120	1.282300
0.159200	1.190470
0.159280	1.159860
0.159360	1.190470
0.159440	1.312910
0.159520	1.282300
0.159600	1.190470
0.159680	1.037410
0.159760	1.037410
0.159840	1.159860
0.159920	1.221080
0.160000	0.792524
0.160080	0.027245
0.160160	-0.860478
0.160240	-1.380870
0.160320	-1.503310
0.160400	-1.380870
0.160480	-1.319640
0.160560	-1.319640
0.160640	-1.686980
0.160720	-2.146150
0.160800	-2.513480
0.160880	-2.635920
0.160960	-2.482870
0.161040	-2.146150
0.161120	-1.931870
0.161200	-1.962480
0.161280	-2.360420
0.161360	-2.666530
0.161440	-2.605310
0.161520	-2.329810
0.161600	-2.146150
0.161680	-2.391030
0.161760	-2.850200
0.161840	-3.156310
0.161920	-3.248150
0.162000	-3.033870
0.162080	-2.819590
0.162160	-2.544090
0.162240	-2.299200
0.162320	-2.176760
0.162400	-2.237980
0.162480	-2.360420
0.162560	-2.574700
0.162640	-2.697150
0.162720	-2.727760
0.162800	-2.605310
0.162880	-2.421650
0.162960	-2.176760
0.163040	-2.084920
0.163120	-2.023700
0.163200	-1.993090
0.163280	-1.809420
0.163360	-1.686980
0.163440	-1.472700
0.163520	-1.411480
0.163600	-1.442090
0.163680	-1.503310
0.163760	-1.595140
0.163840	-1.595140
0.163920	-1.442090
0.164000	-1.289030
0.164080	-1.105370
0.164160	-1.135980
0.164240	-1.350260
0.164320	-1.686980
0.164400	-1.962480
0.164480	-2.054310
0.164560	-2.084920
0.164640	-1.870650
0.164720	-1.625760
0.164800	-1.472700
0.164880	-1.564530
0.164960	-1.656370
0.165040	-1.503310
0.165120	-1.044140
0.165200	-0.309477
0.165280	0.088468
0.165360	-0.064588
0.165440	-0.707422
0.165520	-1.166590
0.165600	-1.044140
0.165680	-0.462533
0.165760	0.210912
0.165840	0.578246
0.165920	0.731301
0.166000	0.853746
0.166080	0.853746
0.166160	0.700690
0.166240	0.149690
0.166320	-0.095199
0.166400	0.486412
0.166480	1.710860
0.166560	2.690410
0.166640	2.598580
0.166720	1.833300
0.166800	1.221080
0.166880	1.190470
0.166960	1.619020
0.167040	2.537360
0.167120	3.118970
0.167200	3.118970
0.167280	2.323080
0.167360	1.772080
0.167440	2.047580
0.167520	2.874080
0.167600	3.149580
0.167680	2.935300
0.167760	2.874080
0.167840	3.027140
0.167920	3.118970
0.168000	2.996530
0.168080	2.935300
0.168160	3.088360
0.168240	3.210800
0.168320	3.302640
0.168400	3.731190
0.168480	4.251580
0.168560	4.129140
0.168640	3.027140
0.168720	2.170020
0.168800	2.506750
0.168880	3.608750
0.168960	4.527080
0.169040	4.771970
0.169120	4.404640
0.169200	3.669970
0.169280	2.996530
0.169360	2.965910
0.169440	3.455690
0.169520	4.037300
0.169600	3.945470
0.169680	3.363860
0.169760	3.180190
0.169840	3.700580
0.169920	4.282190
0.170000	4.374030
0.170080	4.067920
0.170160	3.914860
0.170240	4.190360
0.170320	4.680140
0.170400	4.986250
0.170480	4.649530
0.170560	3.945470
0.170640	3.516910
0.170720	4.098530
0.170800	5.078080
0.170880	5.353580
0.170960	4.220970
0.171040	2.139410
0.171120	0.210912
0.171200	-0.707422
0.171280	-0.309477
0.171360	0.517023
0.171440	1.190470
0.171520	1.129250
0.171600	0.700690
0.171680	0.210912
0.171760	0.149690
0.171840	0.210912
0.171920	0.088468
0.172000	-0.248255
0.172080	-0.707422
0.172160	-0.799255
0.172240	-0.309477
0.172320	0.670079
0.172400	1.588410
0.172480	1.772080
0.172560	1.190470
0.172640	0.363968
0.172720	0.210912
0.172800	0.608857
0.172880	0.914968
0.172960	0.792524
0.173040	0.394579
0.173120	0.119078
0.173200	0.149690
0.173280	0.425190
0.173360	0.731301
0.173440	0.517023
0.173520	-0.003366
0.173600	-0.462533
0.173680	-0.554366
0.173760	-0.462533
0.173840	-0.217644
0.173920	-0.217644
0.174000	-0.309477
0.174080	-0.187033
0.174160	-0.095199
0.174240	-0.003366
0.174320	0.180301
0.174400	0.547635
0.174480	0.853746
0.174560	1.006800
0.174640	1.037410
0.174720	1.190470
0.174800	1.496580
0.174880	1.772080
0.174960	1.986360
0.175040	2.078190
0.175120	2.200640
0.175200	2.384300
0.175280	2.537360
0.175360	2.629190
0.175440	2.751640
0.175520	2.751640
0.175600	2.751640
0.175680	2.996530
0.175760	3.547530
0.175840	4.098530
0.175920	4.343420
0.176000	4.312800
0.176080	4.220970
0.176160	4.067920
0.176240	4.098530
0.176320	4.282190
0.176400	4.527080
0.176480	4.649530
0.176560	4.618920
0.176640	4.557690
0.176720	4.527080
0.176800	4.710750
0.176880	4.894420
0.176960	5.108690
0.177040	5.231140
0.177120	5.200530
0.177200	5.078080
0.177280	5.200530
0.177360	5.384190
0.177440	5.537250
0.177520	5.598470
0.177600	5.506640
0.177680	5.537250
0.177760	5.537250
0.177840	5.537250
0.177920	5.598470
0.178000	5.659690
0.178080	5.567860
0.178160	5.384190
0.178240	5.353580
0.178320	5.445420
0.178400	5.690310
0.178480	5.751530
0.178560	5.843360
0.178640	5.812750
0.178720	5.414800
0.178800	4.680140
0.178880	4.129140
0.178960	3.669970
0.179040	3.210800
0.179120	2.598580
0.179200	2.261860
0.179280	2.445520
0.179360	3.118970
0.179440	4.037300
0.179520	4.312800
0.179600	3.669970
0.179680	2.598580
0.179760	1.986360
0.179840	2.200640
0.179920	2.904690
0.180000	3.425080
0.180080	3.455690
0.180160	3.639360
0.180240	4.220970
0.180320	5.047470
0.180400	5.629080
0.180480	5.996420
0.180560	6.210690
0.180640	6.302530
0.180720	6.547420
0.180800	6.945360
0.180880	7.282080
0.180960	7.649420
0.181040	7.894310
0.181120	8.445310
0.181200	8.996310
0.181280	9.363640
0.181360	9.241200
0.181440	8.843250
0.181520	8.659580
0.181600	9.026920
0.181680	9.792200
0.181760	10.741100
0.181840	11.720700
0.181920	12.241000
0.182000	12.149200
0.182080	11.751300
0.182160	11.567600
0.182240	11.628800
0.182320	11.690000
0.182400	11.537000
0.182480	10.802300
0.182560	9.945250
0.182640	9.455470
0.182720	9.730980
0.182800	10.435000
0.182880	10.373800
0.182960	9.088140
0.183040	7.098420
0.183120	5.414800
0.183200	4.741360
0.183280	5.231140
0.183360	6.180080
0.183440	6.975970
0.183520	7.251470
0.183600	6.731080
0.183680	5.904580
0.183760	5.108690
0.183840	4.527080
0.183920	4.006690
0.184000	3.761800
0.184080	4.129140
0.184160	4.863800
0.184240	5.567860
0.184320	5.904580
0.184400	5.996420
0.184480	5.782140
0.184560	5.169920
0.184640	4.680140
0.184720	4.496470
0.184800	4.802580
0.184880	5.537250
0.184960	6.057640
0.185040	6.333140
0.185120	6.486190
0.185200	6.363750
0.185280	5.904580
0.185360	5.659690
0.185440	5.812750
0.185520	6.180080
0.185600	6.241310
0.185680	6.027030
0.185760	6.088250
0.185840	6.884140
0.185920	8.292250
0.186000	9.486090
0.186080	9.853420
0.186160	8.904470
0.186240	7.526970
0.186320	6.639250
0.186400	6.884140
0.186480	7.955530
0.186560	9.271810
0.186640	10.190100
0.186720	10.435000
0.186800	10.067700
0.186880	9.577920
0.186960	9.761590
0.187040	10.496200
0.187120	10.986000
0.187200	9.884030
0.187280	6.945360
0.187360	3.363860
0.187440	-0.584977
0.187520	-4.013420
0.187600	-5.911320
0.187680	-5.360310
0.187760	-1.748200
0.187840	3.241410
0.187920	5.322970
0.188000	0.088468
0.188080	-12.860000
0.188160	-25.961599
0.188240	-27.400299
0.188320	-12.676300
0.188400	6.639250
0.188480	14.047100
0.188560	1.955750
0.188640	-22.349501
0.188720	-40.930500
0.188800	-38.389702
0.188880	-15.247700
0.188960	10.894200
0.189040	20.414301
0.189120	10.159500
0.189200	-6.339870
0.189280	-14.727300
0.189360	-12.492700
0.189440	-4.533810
0.189520	4.527080
0.189600	10.832900
0.189680	10.343200
0.189760	1.710860
0.189840	-9.798930
0.189920	-15.645600
0.190000	-12.431400
0.190080	-4.901150
0.190160	-0.033977
0.190240	-0.125810
0.190320	-3.952200
0.190400	-7.105150
0.190480	-5.360310
0.190560	0.302745
0.190640	5.078080
0.190720	4.925030
0.190800	0.119078
0.190880	-7.166370
0.190960	-14.666100
0.191040	-17.849701
0.191120	-13.135500
0.191200	-1.533920
0.191280	9.547310
0.191360	12.730800
0.191440	7.710640
0.191520	0.057856
0.191600	-5.115430
0.191680	-7.227590
0.191760	-7.625540
0.191840	-6.309260
0.191920	-3.339980
0.192000	0.792524
0.192080	5.047470
0.192160	8.690200
0.192240	10.312500
0.192320	8.506530
0.192400	3.884250
0.192480	-0.799255
0.192560	-3.156310
0.192640	-3.248150
0.192720	-1.625760
0.192800	1.221080
0.192880	4.465860
0.192960	6.884140
0.193040	7.710640
0.193120	7.496360
0.193200	6.731080
0.193280	5.078080
0.193360	2.751640
0.193440	1.006800
0.193520	1.129250
0.193600	3.241410
0.193680	6.516810
0.193760	10.281900
0.193840	13.067500
0.193920	13.618500
0.194000	11.200300
0.194080	7.220860
0.194160	3.884250
0.194240	2.537360
0.194320	3.272030
0.194400	5.965810
0.194480	10.312500
0.194560	14.628700
0.194640	16.863400
0.194720	16.067499
0.194800	13.741000
0.194880	11.414500
0.194960	10.067700
0.195040	9.822810
0.195120	10.986000
0.195200	13.128800
0.195280	15.149100
0.195360	16.404200
0.195440	16.985800
0.195520	17.077600
0.195600	16.434799
0.195680	14.934800
0.195760	13.404300
0.195840	12.639000
0.195920	12.639000
0.196000	13.067500
0.196080	13.741000
0.196160	14.567500
0.196240	14.659300
0.196320	13.404300
0.196400	10.894200
0.196480	8.445310
0.196560	6.914750
0.196640	6.149470
0.196720	5.751530
0.196800	5.476030
0.196880	5.200530
0.196960	4.863800
0.197040	4.955640
0.197120	5.873970
0.197200	6.975970
0.197280	6.731080
0.197360	4.710750
0.197440	2.170020
0.197520	0.670079
0.197600	0.608857
0.197680	1.588410
0.197760	2.874080
0.197840	3.731190
0.197920	3.731190
0.198000	3.027140
0.198080	2.506750
0.198160	2.292470
0.198240	2.016970
0.198320	1.221080
0.198400	0.333357
0.198480	0.088468
0.198560	0.670079
0.198640	1.221080
0.198720	1.312910
0.198800	0.914968
0.198880	0.027245
0.198960	-1.044140
0.199040	-1.625760
0.199120	-1.564530
0.199200	-1.074760
0.199280	-0.799255
0.199360	-1.013530
0.199440	-1.227810
0.199520	-1.350260
0.199600	-1.380870
0.199680	-1.656370
0.199760	-2.237980
0.199840	-2.911420
0.199920	-3.584870
0.200000	-4.227700
0.200080	-4.135870
0.200160	-3.401200
0.200240	-2.574700
0.200320	-2.207370
0.200400	-2.421650
0.200480	-2.880810
0.200560	-3.309370
0.200640	-3.829760
0.200720	-3.982810
0.200800	-3.890980
0.200880	-3.493040
0.200960	-3.278760
0.201040	-3.217540
0.201120	-3.248150
0.201200	-3.248150
0.201280	-3.278760
0.201360	-3.156310
0.201440	-2.942030
0.201520	-2.942030
0.201600	-3.278760
0.201680	-3.921590
0.201760	-4.503200
0.201840	-4.839930
0.201920	-4.778700
0.202000	-4.166480
0.202080	-3.309370
0.202160	-2.819590
0.202240	-2.972650
0.202320	-3.860370
0.202400	-4.717480
0.202480	-4.839930
0.202560	-4.441980
0.202640	-3.676700
0.202720	-2.574700
0.202800	-1.595140
0.202880	-1.258420
0.202960	-1.901260
0.203040	-3.186920
0.203120	-4.166480
0.203200	-4.258310
0.203280	-3.615480
0.203360	-2.299200
0.203440	-1.074760
0.203520	-0.340088
0.203600	-0.431922
0.203680	-0.982922
0.203760	-1.472700
0.203840	-1.901260
0.203920	-2.054310
0.204000	-1.901260
0.204080	-1.380870
0.204160	-0.768644
0.204240	-0.401311
0.204320	-0.462533
0.204400	-0.554366
0.204480	-0.523755
0.204560	-0.493144
0.204640	-0.493144
0.204720	-0.676811
0.204800	-0.462533
0.204880	-0.309477
0.204960	0.119078
0.205040	0.272134
0.205120	0.363968
0.205200	0.455801
0.205280	0.394579
0.205360	0.272134
0.205440	0.119078
0.205520	0.057856
0.205600	-0.125810
0.205680	-0.217644
0.205760	-0.187033
0.205840	-0.003366
0.205920	0.057856
0.206000	0.027245
0.206080	-0.064588
0.206160	-0.064588
0.206240	-0.248255
0.206320	-0.401311
0.206400	-0.431922
0.206480	-0.401311
0.206560	-0.278866
0.206640	-0.340088
0.206720	-0.401311
0.206800	-0.462533
0.206880	-0.584977
0.206960	-0.707422
0.207040	-0.860478
0.207120	-0.891089
0.207200	-0.799255
0.207280	-0.799255
0.207360	-0.584977
0.207440	-0.493144
0.207520	-0.370699
0.207600	-0.401311
0.207680	-0.431922
0.207760	-0.462533
0.207840	-0.493144
0.207920	-0.615589
0.208000	-0.860478
0.208080	-1.044140
0.208160	-1.135980
0.208240	-1.105370
0.208320	-1.074760
0.208400	-0.982922
0.208480	-0.921700
0.208560	-0.982922
0.208640	-1.044140
0.208720	-1.105370
0.208800	-1.197200
0.208880	-1.166590
0.208960	-1.166590
0.209040	-0.982922
0.209120	-0.676811
0.209200	-0.523755
0.209280	-0.523755
0.209360	-0.738033
0.209440	-1.013530
0.209520	-1.135980
0.209600	-1.013530
0.209680	-0.768644
0.209760	-0.615589
0.209840	-0.676811
0.209920	-0.707422
0.210000	-0.768644
0.210080	-0.829866
0.210160	-0.768644
0.210240	-0.584977
0.210320	-0.401311
0.210400	-0.768644
0.210480	-1.350260
0.210560	-1.870650
0.210640	-1.717590
0.210720	-1.166590
0.210800	-0.707422
0.210880	-0.768644
0.210960	-1.258420
0.211040	-1.686980
0.211120	-1.564530
0.211200	-1.013530
0.211280	-0.248255
0.211360	0.210912
0.211440	0.119078
0.211520	-0.340088
0.211600	-0.768644
0.211680	-0.982922
0.211760	-1.105370
0.211840	-1.227810
0.211920	-1.319640
0.212000	-1.411480
0.212080	-1.197200
0.212160	-0.768644
0.212240	-0.309477
0.212320	0.027245
0.212400	-0.003366
0.212480	-0.187033
0.212560	-0.462533
0.212640	-0.615589
0.212720	-0.768644
0.212800	-1.105370
0.212880	-1.533920
0.212960	-1.840030
0.213040	-1.717590
0.213120	-1.135980
0.213200	-0.340088
0.213280	0.088468
0.213360	-0.187033
0.213440	-1.013530
0.213520	-1.778810
0.213600	-1.993090
0.213680	-1.686980
0.213760	-1.166590
0.213840	-0.707422
0.213920	-0.584977
0.214000	-0.676811
0.214080	-0.829866
0.214160	-0.952311
0.214240	-1.013530
0.214320	-1.227810
0.214400	-1.442090
0.214480	-1.533920
0.214560	-1.319640
0.214640	-0.738033
0.214720	-0.125810
0.214800	0.180301
0.214880	-0.003366
0.214960	-0.554366
0.215040	-1.074760
0.215120	-1.380870
0.215200	-1.319640
0.215280	-1.044140
0.215360	-0.891089
0.215440	-0.768644
0.215520	-0.707422
0.215600	-0.584977
0.215680	-0.493144
0.215760	-0.615589
0.215840	-0.860478
0.215920	-1.044140
0.216000	-1.350260
0.216080	-1.472700
0.216160	-1.533920
0.216240	-1.533920
0.216320	-1.350260
0.216400	-1.350260
0.216480	-1.442090
0.216560	-1.625760
0.216640	-1.686980
0.216720	-1.809420
0.216800	-1.778810
0.216880	-1.656370
0.216960	-1.411480
0.217040	-1.197200
0.217120	-1.197200
0.217200	-1.074760
0.217280	-0.982922
0.217360	-0.982922
0.217440	-1.105370
0.217520	-1.442090
0.217600	-1.625760
0.217680	-1.564530
0.217760	-1.166590
0.217840	-0.707422
0.217920	-0.248255
0.218000	-0.033977
0.218080	-0.125810
0.218160	-0.493144
0.218240	-0.738033
0.218320	-0.829866
0.218400	-0.799255
0.218480	-0.707422
0.218560	-0.493144
0.218640	-0.340088
0.218720	-0.156422
0.218800	-0.003366
0.218880	0.057856
0.218960	-0.003366
0.219040	-0.217644
0.219120	-0.523755
0.219200	-0.584977
0.219280	-0.278866
0.219360	0.149690
0.219440	0.394579
0.219520	0.455801
0.219600	0.455801
0.219680	0.425190
0.219760	0.517023
0.219840	0.547635
0.219920	0.608857
0.220000	0.670079
0.220080	0.761913
0.220160	0.945579
0.220240	1.312910
0.220320	1.649640
0.220400	1.496580
0.220480	1.068020
0.220560	1.098630
0.220640	1.741470
0.220720	2.200640
0.220800	1.557800
0.220880	0.639468
0.220960	0.670079
0.221040	1.496580
0.221120	1.772080
0.221200	1.435360
0.221280	1.312910
0.221360	1.649640
0.221440	1.496580
0.221520	1.282300
0.221600	1.496580
0.221680	2.139410
0.221760	2.139410
0.221840	1.374140
0.221920	0.976190
0.222000	1.435360
0.222080	1.925140
0.222160	1.741470
0.222240	1.496580
0.222320	1.710860
0.222400	1.925140
0.222480	1.741470
0.222560	1.557800
0.222640	1.741470
0.222720	2.047580
0.222800	1.741470
0.222880	1.465970
0.222960	1.710860
0.223040	2.108800
0.223120	2.016970
0.223200	1.649640
0.223280	1.710860
0.223360	2.016970
0.223440	2.047580
0.223520	1.863910
0.223600	1.863910
0.223680	2.139410
0.223760	2.047580
0.223840	1.680250
0.223920	1.741470
0.224000	2.139410
0.224080	2.200640
0.224160	1.833300
0.224240	1.619020
0.224320	1.680250
0.224400	1.710860
0.224480	1.312910
0.224560	0.976190
0.224640	1.159860
0.224720	1.404750
0.224800	1.343520
0.224880	1.221080
0.224960	1.404750
0.225040	1.435360
0.225120	1.221080
0.225200	0.945579
0.225280	0.884357
0.225360	1.006800
0.225440	0.884357
0.225520	0.670079
0.225600	0.608857
0.225680	0.823135
0.225760	0.792524
0.225840	0.486412
0.225920	0.455801
0.226000	0.578246
0.226080	0.455801
0.226160	0.088468
0.226240	-0.187033
0.226320	0.027245
0.226400	0.119078
0.226480	0.149690
0.226560	0.149690
0.226640	0.272134
0.226720	0.180301
0.226800	-0.309477
0.226880	-0.615589
0.226960	-0.646200
0.227040	-0.462533
0.227120	-0.584977
0.227200	-0.462533
0.227280	-0.248255
0.227360	-0.125810
0.227440	-0.187033
0.227520	-0.370699
0.227600	-0.370699
0.227680	-0.340088
0.227760	-0.493144
0.227840	-0.707422
0.227920	-0.584977
0.228000	-0.401311
0.228080	-0.278866
0.228160	-0.217644
0.228240	-0.095199
0.228320	0.027245
0.228400	0.027245
0.228480	-0.125810
0.228560	-0.340088
0.228640	-0.248255
0.228720	-0.309477
0.228800	-0.370699
0.228880	-0.278866
0.228960	-0.095199
0.229040	-0.064588
0.229120	-0.156422
0.229200	-0.278866
0.229280	-0.187033
0.229360	-0.064588
0.229440	-0.033977
0.229520	-0.033977
0.229600	0.088468
0.229680	0.241523
0.229760	0.210912
0.229840	-0.003366
0.229920	-0.033977
0.230000	-0.125810
0.230080	-0.217644
0.230160	-0.187033
0.230240	0.057856
0.230320	0.486412
0.230400	0.731301
0.230480	0.853746
0.230560	1.006800
0.230640	1.159860
0.230720	1.221080
0.230800	1.159860
0.230880	1.190470
0.230960	1.251690
0.231040	1.159860
0.231120	1.006800
0.231200	0.945579
0.231280	1.006800
0.231360	0.976190
0.231440	0.761913
0.231520	0.853746
0.231600	1.006800
0.231680	1.190470
0.231760	1.159860
0.231840	1.006800
0.231920	1.006800
0.232000	1.159860
0.232080	1.129250
0.232160	1.068020
0.232240	1.006800
0.232320	1.037410
0.232400	1.190470
0.232480	1.312910
0.232560	1.404750
0.232640	1.312910
0.232720	1.159860
0.232800	1.221080
0.232880	1.588410
0.232960	2.016970
0.233040	2.078190
0.233120	1.772080
0.233200	1.496580
0.233280	1.404750
0.233360	1.251690
0.233440	1.068020
0.233520	0.914968
0.233600	0.884357
0.233680	1.006800
0.233760	1.037410
0.233840	0.914968
0.233920	0.700690
0.234000	0.272134
0.234080	-0.095199
0.234160	-0.278866
0.234240	-0.156422
0.234320	-0.125810
0.234400	-0.278866
0.234480	-0.462533
0.234560	-0.646200
0.234640	-1.074760
0.234720	-1.503310
0.234800	-1.962480
0.234880	-2.237980
0.234960	-2.268590
0.235040	-2.268590
0.235120	-2.268590
0.235200	-2.054310
0.235280	-1.411480
0.235360	-0.493144
0.235440	0.272134
0.235520	0.608857
0.235600	0.088468
0.235680	-0.921700
0.235760	-1.748200
0.235840	-1.870650
0.235920	-1.380870
0.236000	-0.921700
0.236080	-0.891089
0.236160	-1.166590
0.236240	-1.442090
0.236320	-1.595140
0.236400	-1.380870
0.236480	-1.289030
0.236560	-1.350260
0.236640	-1.686980
0.236720	-1.901260
0.236800	-1.809420
0.236880	-1.380870
0.236960	-0.952311
0.237040	-0.860478
0.237120	-1.166590
0.237200	-1.717590
0.237280	-2.299200
0.237360	-2.635920
0.237440	-2.727760
0.237520	-2.574700
0.237600	-2.146150
0.237680	-1.748200
0.237760	-1.442090
0.237840	-1.197200
0.237920	-1.135980
0.238000	-1.258420
0.238080	-1.533920
0.238160	-1.809420
0.238240	-1.931870
0.238320	-1.840030
0.238400	-2.023700
0.238480	-1.840030
0.238560	-1.656370
0.238640	-1.503310
0.238720	-1.442090
0.238800	-1.380870
0.238880	-1.442090
0.238960	-1.472700
0.239040	-1.411480
0.239120	-1.258420
0.239200	-1.044140
0.239280	-0.921700
0.239360	-0.921700
0.239440	-1.013530
0.239520	-1.044140
0.239600	-1.105370
0.239680	-1.166590
0.239760	-1.227810
0.239840	-1.166590
0.239920	-1.013530
0.240000	-0.738033
0.240080	-0.554366
0.240160	-0.370699
0.240240	-0.340088
0.240320	-0.340088
0.240400	-0.462533
0.240480	-0.523755
0.240560	-0.615589
0.240640	-0.676811
0.240720	-0.738033
0.240800	-0.799255
0.240880	-0.799255
0.240960	-0.615589
0.241040	-0.462533
0.241120	-0.462533
0.241200	-0.493144
0.241280	-0.584977
0.241360	-0.738033
0.241440	-0.829866
0.241520	-0.707422
0.241600	-0.615589
0.241680	-0.615589
0.241760	-0.646200
0.241840	-0.738033
0.241920	-0.891089
0.242000	-0.799255
0.242080	-0.799255
0.242160	-0.676811
0.242240	-0.431922
0.242320	-0.095199
0.242400	0.149690
0.242480	0.272134
0.242560	0.302745
0.242640	0.302745
0.242720	0.272134
0.242800	0.210912
0.242880	0.149690
0.242960	0.088468
0.243040	0.027245
0.243120	-0.033977
0.243200	-0.064588
0.243280	0.027245
0.243360	-0.003366
0.243440	0.027245
0.243520	0.027245
0.243600	0.057856
0.243680	-0.033977
0.243760	-0.064588
0.243840	-0.095199
0.243920	-0.217644
0.244000	-0.309477
0.244080	-0.615589
0.244160	-0.921700
0.244240	-1.105370
0.244320	-1.227810
0.244400	-1.411480
0.244480	-1.625760
0.244560	-1.748200
0.244640	-1.901260
0.244720	-1.993090
0.244800	-1.931870
0.244880	-1.870650
0.244960	-1.962480
0.245040	-2.237980
0.245120	-2.482870
0.245200	-2.605310
0.245280	-2.452260
0.245360	-2.360420
0.245440	-2.237980
0.245520	-2.146150
0.245600	-1.993090
0.245680	-1.901260
0.245760	-1.870650
0.245840	-1.901260
0.245920	-1.870650
0.246000	-1.901260
0.246080	-1.809420
0.246160	-1.717590
0.246240	-1.595140
0.246320	-1.503310
0.246400	-1.472700
0.246480	-1.319640
0.246560	-1.166590
0.246640	-1.105370
0.246720	-1.044140
0.246800	-0.952311
0.246880	-0.952311
0.246960	-0.891089
0.247040	-0.891089
0.247120	-0.799255
0.247200	-0.646200
0.247280	-0.462533
0.247360	-0.309477
0.247440	-0.156422
0.247520	-0.033977
0.247600	0.119078
0.247680	0.272134
0.247760	0.425190
0.247840	0.517023
0.247920	0.608857
0.248000	0.608857
0.248080	0.578246
0.248160	0.608857
0.248240	0.731301
0.248320	0.792524
0.248400	0.731301
0.248480	0.761913
0.248560	0.792524
0.248640	0.853746
0.248720	0.884357
0.248800	0.945579
0.248880	0.914968
0.248960	0.914968
0.249040	0.853746
0.249120	0.914968
0.249200	0.914968
0.249280	0.823135
0.249360	0.670079
0.249440	0.425190
0.249520	0.241523
0.249600	0.057856
0.249680	-0.095199
0.249760	-0.156422
0.249840	-0.248255
0.249920	-0.401311
0.250000	-0.646200
0.250080	-0.860478
0.250160	-1.105370
0.250240	-1.350260
0.250320	-1.595140
0.250400	-1.870650
0.250480	-1.993090
0.250560	-2.115530
0.250640	-2.360420
0.250720	-2.574700
0.250800	-2.758370
0.250880	-2.942030
0.250960	-3.033870
0.251040	-3.186920
0.251120	-3.217540
0.251200	-3.248150
0.251280	-3.248150
0.251360	-3.339980
0.251440	-3.370590
0.251520	-3.339980
0.251600	-3.370590
0.251680	-3.339980
0.251760	-3.339980
0.251840	-3.186920
0.251920	-3.033870
0.252000	-2.972650
0.252080	-2.758370
0.252160	-2.697150
0.252240	-2.482870
0.252320	-2.329810
0.252400	-2.237980
0.252480	-2.023700
0.252560	-1.840030
0.252640	-1.656370
0.252720	-1.442090
0.252800	-1.227810
0.252880	-0.952311
0.252960	-0.615589
0.253040	-0.340088
0.253120	-0.095199
0.253200	-0.003366
0.253280	-0.064588
0.253360	-0.156422
0.253440	-0.278866
0.253520	-0.064588
0.253600	0.180301
0.253680	0.608857
0.253760	0.823135
0.253840	0.884357
0.253920	0.761913
0.254000	0.670079
0.254080	0.761913
0.254160	0.976190
0.254240	1.221080
0.254320	1.465970
0.254400	1.619020
0.254480	1.588410
0.254560	1.557800
0.254640	1.527190
0.254720	1.496580
0.254800	1.527190
0.254880	1.619020
0.254960	1.527190
0.255040	1.619020
0.255120	1.741470
0.255200	1.741470
0.255280	1.710860
0.255360	1.619020
0.255440	1.465970
0.255520	1.557800
0.255600	1.649640
0.255680	1.710860
0.255760	1.741470
0.255840	1.741470
0.255920	1.649640
0.256000	1.527190
0.256080	1.465970
0.256160	1.496580
0.256240	1.527190
0.256320	1.649640
0.256400	1.710860
0.256480	1.802690
0.256560	1.833300
0.256640	1.741470
0.256720	1.557800
0.256800	1.557800
0.256880	1.557800
0.256960	1.741470
0.257040	1.925140
0.257120	1.986360
0.257200	1.986360
0.257280	1.955750
0.257360	1.925140
0.257440	1.955750
0.257520	2.016970
0.257600	2.016970
0.257680	2.016970
0.257760	2.016970
0.257840	2.078190
0.257920	2.078190
0.258000	2.170020
0.258080	2.323080
0.258160	2.414910
0.258240	2.537360
0.258320	2.567970
0.258400	2.476140
0.258480	2.353690
0.258560	2.261860
0.258640	2.231250
0.258720	2.384300
0.258800	2.537360
0.258880	2.690410
0.258960	2.751640
0.259040	2.629190
0.259120	2.567970
0.259200	2.445520
0.259280	2.384300
0.259360	2.323080
0.259440	2.353690
0.259520	2.476140
0.259600	2.598580
0.259680	2.812860
0.259760	2.782250
0.259840	2.690410
0.259920	2.598580
0.260000	2.384300
0.260080	2.323080
0.260160	2.353690
0.260240	2.414910
0.260320	2.476140
0.260400	2.445520
0.260480	2.353690
0.260560	2.231250
0.260640	2.231250
0.260720	2.200640
0.260800	2.170020
0.260880	2.047580
0.260960	2.016970
0.261040	2.078190
0.261120	2.078190
0.261200	1.955750
0.261280	2.047580
0.261360	2.047580
0.261440	2.016970
0.261520	1.986360
0.261600	2.047580
0.261680	2.078190
0.261760	2.078190
0.261840	2.078190
0.261920	2.047580
0.262000	2.047580
0.262080	2.108800
0.262160	2.108800
0.262240	2.108800
0.262320	2.108800
0.262400	2.078190
0.262480	2.108800
0.262560	2.047580
0.262640	2.139410
0.262720	2.139410
0.262800	2.261860
0.262880	2.384300
0.262960	2.537360
0.263040	2.598580
0.263120	2.537360
0.263200	2.537360
0.263280	2.506750
0.263360	2.567970
0.263440	2.598580
0.263520	2.721030
0.263600	2.751640
0.263680	2.659800
0.263760	2.567970
0.263840	2.598580
0.263920	2.598580
0.264000	2.690410
0.264080	2.690410
0.264160	2.721030
0.264240	2.629190
0.264320	2.629190
0.264400	2.629190
0.264480	2.721030
0.264560	2.751640
0.264640	2.721030
0.264720	2.567970
0.264800	2.414910
0.264880	2.231250
0.264960	2.078190
0.265040	2.078190
0.265120	2.139410
0.265200	2.108800
0.265280	2.200640
0.265360	2.200640
0.265440	2.231250
0.265520	2.139410
0.265600	2.047580
0.265680	1.986360
0.265760	1.894520
0.265840	1.863910
0.265920	1.741470
0.266000	1.710860
0.266080	1.649640
0.266160	1.649640
0.266240	1.649640
0.266320	1.619020
0.266400	1.557800
0.266480	1.588410
0.266560	1.619020
0.266640	1.710860
0.266720	1.680250
0.266800	1.649640
0.266880	1.619020
0.266960	1.588410
0.267040	1.588410
0.267120	1.557800
0.267200	1.465970
0.267280	1.404750
0.267360	1.404750
0.267440	1.404750
0.267520	1.435360
0.267600	1.527190
0.267680	1.588410
0.267760	1.557800
0.267840	1.496580
0.267920	1.465970
0.268000	1.343520
0.268080	1.404750
0.268160	1.404750
0.268240	1.619020
0.268320	1.649640
0.268400	1.802690
0.268480	1.894520
0.268560	1.894520
0.268640	1.894520
0.268720	1.802690
0.268800	1.833300
0.268880	1.833300
0.268960	1.894520
0.269040	2.047580
0.269120	2.108800
0.269200	2.170020
0.269280	2.108800
0.269360	2.078190
0.269440	2.078190
0.269520	2.108800
0.269600	2.108800
0.269680	2.170020
0.269760	2.261860
0.269840	2.323080
0.269920	2.353690
0.270000	2.384300
0.270080	2.414910
0.270160	2.445520
0.270240	2.384300
0.270320	2.292470
0.270400	2.231250
0.270480	2.231250
0.270560	2.200640
0.270640	2.231250
0.270720	2.323080
0.270800	2.384300
0.270880	2.384300
0.270960	2.414910
0.271040	2.353690
0.271120	2.323080
0.271200	2.323080
0.271280	2.231250
0.271360	2.323080
0.271440	2.353690
0.271520	2.323080
0.271600	2.384300
0.271680	2.353690
0.271760	2.384300
0.271840	2.384300
0.271920	2.445520
0.272000	2.414910
0.272080	2.414910
0.272160	2.476140
0.272240	2.414910
0.272320	2.445520
0.272400	2.506750
0.272480	2.445520
0.272560	2.506750
0.272640	2.445520
0.272720	2.506750
0.272800	2.414910
0.272880	2.476140
0.272960	2.445520
0.273040	2.567970
0.273120	2.598580
0.273200	2.629190
0.273280	2.751640
0.273360	2.721030
0.273440	2.782250
0.273520	2.874080
0.273600	2.965910
0.273680	2.965910
0.273760	2.935300
0.273840	2.965910
0.273920	2.904690
0.274000	2.935300
0.274080	2.935300
0.274160	2.935300
0.274240	2.965910
0.274320	3.118970
0.274400	3.272030
0.274480	3.363860
0.274560	3.394470
0.274640	3.272030
0.274720	3.149580
0.274800	3.118970
0.274880	3.118970
0.274960	3.149580
0.275040	3.302640
0.275120	3.333250
0.275200	3.333250
0.275280	3.425080
0.275360	3.516910
0.275440	3.608750
0.275520	3.516910
0.275600	3.394470
0.275680	3.394470
0.275760	3.455690
0.275840	3.608750
0.275920	3.761800
0.276000	3.792410
0.276080	3.761800
0.276160	3.792410
0.276240	3.823030
0.276320	3.884250
0.276400	3.945470
0.276480	3.823030
0.276560	3.792410
0.276640	3.792410
0.276720	3.761800
0.276800	3.792410
0.276880	3.914860
0.276960	4.374030
0.277040	5.169920
0.277120	5.935190
0.277200	6.241310
0.277280	5.812750
0.277360	5.047470
0.277440	4.374030
0.277520	3.945470
0.277600	3.792410
0.277680	3.945470
0.277760	4.374030
0.277840	4.925030
0.277920	5.292360
0.278000	5.139300
0.278080	4.588300
0.278160	3.914860
0.278240	3.363860
0.278320	3.180190
0.278400	3.516910
0.278480	3.914860
0.278560	4.190360
0.278640	4.190360
0.278720	4.190360
0.278800	3.976080
0.278880	3.425080
0.278960	2.598580
0.279040	2.016970
0.279120	1.772080
0.279200	1.894520
0.279280	2.292470
0.279360	3.027140
0.279440	3.823030
0.279520	4.220970
0.279600	3.884250
0.279680	3.057750
0.279760	2.016970
0.279840	1.251690
0.279920	0.853746
0.280000	0.884357
0.280080	1.037410
0.280160	1.159860
0.280240	1.251690
0.280320	1.496580
0.280400	1.894520
0.280480	2.139410
0.280560	1.710860
0.280640	0.302745
0.280720	-1.289030
0.280800	-2.360420
0.280880	-2.268590
0.280960	-1.105370
0.281040	0.425190
0.281120	1.496580
0.281200	1.557800
0.281280	1.037410
0.281360	-0.095199
0.281440	-1.503310
0.281520	-2.880810
0.281600	-3.799150
0.281680	-3.799150
0.281760	-2.697150
0.281840	-1.166590
0.281920	-0.095199
0.282000	-0.125810
0.282080	-1.105370
0.282160	-2.666530
0.282240	-3.890980
0.282320	-4.472590
0.282400	-4.411370
0.282480	-4.288920
0.282560	-3.982810
0.282640	-3.554260
0.282720	-3.217540
0.282800	-2.697150
0.282880	-2.666530
0.282960	-3.186920
0.283040	-4.166480
0.283120	-4.992980
0.283200	-5.605200
0.283280	-5.697040
0.283360	-5.421540
0.283440	-5.054200
0.283520	-4.717480
0.283600	-4.595040
0.283680	-4.533810
0.283760	-4.595040
0.283840	-4.962370
0.283920	-5.574590
0.284000	-6.156200
0.284080	-6.492930
0.284160	-6.309260
0.284240	-5.850090
0.284320	-5.299090
0.284400	-5.054200
0.284480	-5.176650
0.284560	-5.452150
0.284640	-5.880700
0.284720	-6.186820
0.284800	-6.401090
0.284880	-6.278650
0.284960	-5.911320
0.285040	-5.299090
0.285120	-4.595040
0.285200	-4.135870
0.285280	-3.952200
0.285360	-4.135870
0.285440	-4.533810
0.285520	-4.870540
0.285600	-4.992980
0.285680	-4.717480
0.285760	-4.319540
0.285840	-3.768540
0.285920	-3.339980
0.286000	-3.033870
0.286080	-2.972650
0.286160	-3.033870
0.286240	-3.186920
0.286320	-3.370590
0.286400	-3.462420
0.286480	-3.370590
0.286560	-3.217540
0.286640	-2.850200
0.286720	-2.452260
0.286800	-2.084920
0.286880	-1.931870
0.286960	-1.931870
0.287040	-2.023700
0.287120	-2.268590
0.287200	-2.299200
0.287280	-2.299200
0.287360	-2.023700
0.287440	-1.809420
0.287520	-1.564530
0.287600	-1.442090
0.287680	-1.442090
0.287760	-1.533920
0.287840	-1.717590
0.287920	-1.901260
0.288000	-1.962480
0.288080	-1.931870
0.288160	-1.778810
0.288240	-1.686980
0.288320	-1.411480
0.288400	-1.411480
0.288480	-1.319640
0.288560	-1.442090
0.288640	-1.656370
0.288720	-1.870650
0.288800	-2.054310
0.288880	-2.115530
0.288960	-2.023700
0.289040	-1.870650
0.289120	-1.686980
0.289200	-1.533920
0.289280	-1.533920
0.289360	-1.595140
0.289440	-1.778810
0.289520	-2.084920
0.289600	-2.268590
0.289680	-2.329810
0.289760	-2.207370
0.289840	-2.023700
0.289920	-1.901260
0.290000	-1.901260
0.290080	-1.993090
0.290160	-2.146150
0.290240	-2.391030
0.290320	-2.513480
0.290400	-2.666530
0.290480	-2.697150
0.290560	-2.758370
0.290640	-2.788980
0.290720	-2.666530
0.290800	-2.574700
0.290880	-2.574700
0.290960	-2.666530
0.291040	-2.758370
0.291120	-2.850200
0.291200	-3.003260
0.291280	-3.033870
0.291360	-3.095090
0.291440	-3.125700
0.291520	-3.095090
0.291600	-3.003260
0.291680	-2.819590
0.291760	-2.635920
0.291840	-2.605310
0.291920	-2.605310
0.292000	-2.727760
0.292080	-2.758370
0.292160	-2.788980
0.292240	-2.758370
0.292320	-2.788980
0.292400	-2.880810
0.292480	-2.819590
0.292560	-2.972650
0.292640	-3.003260
0.292720	-3.003260
0.292800	-3.003260
0.292880	-2.911420
0.292960	-2.788980
0.293040	-2.727760
0.293120	-2.635920
0.293200	-2.605310
0.293280	-2.544090
0.293360	-2.513480
0.293440	-2.544090
0.293520	-2.544090
0.293600	-2.544090
0.293680	-2.421650
0.293760	-2.237980
0.293840	-2.084920
0.293920	-1.931870
0.294000	-1.840030
0.294080	-1.809420
0.294160	-1.962480
0.294240	-1.901260
0.294320	-1.840030
0.294400	-1.656370
0.294480	-1.656370
0.294560	-1.595140
0.294640	-1.564530
0.294720	-1.533920
0.294800	-1.533920
0.294880	-1.472700
0.294960	-1.380870
0.295040	-1.350260
0.295120	-1.380870
0.295200	-1.319640
0.295280	-1.319640
0.295360	-1.135980
0.295440	-1.044140
0.295520	-1.074760
0.295600	-1.013530
0.295680	-1.044140
0.295760	-1.105370
0.295840	-1.166590
0.295920	-1.105370
0.296000	-1.074760
0.296080	-1.135980
0.296160	-1.074760
0.296240	-1.044140
0.296320	-0.952311
0.296400	-0.952311
0.296480	-0.982922
0.296560	-1.135980
0.296640	-1.197200
0.296720	-1.227810
0.296800	-1.289030
0.296880	-1.258420
0.296960	-1.289030
0.297040	-1.289030
0.297120	-1.350260
0.297200	-1.380870
0.297280	-1.472700
0.297360	-1.442090
0.297440	-1.442090
0.297520	-1.411480
0.297600	-1.380870
0.297680	-1.319640
0.297760	-1.380870
0.297840	-1.350260
0.297920	-1.258420
0.298000	-1.227810
0.298080	-1.289030
0.298160	-1.350260
0.298240	-1.289030
0.298320	-1.227810
0.298400	-1.227810
0.298480	-1.197200
0.298560	-1.135980
0.298640	-1.013530
0.298720	-1.013530
0.298800	-1.074760
0.298880	-1.044140
0.298960	-1.013530
0.299040	-1.013530
0.299120	-0.921700
0.299200	-0.921700
0.299280	-0.860478
0.299360	-0.829866
0.299440	-0.768644
0.299520	-0.707422
0.299600	-0.676811
0.299680	-0.554366
0.299760	-0.554366
0.299840	-0.554366
0.299920	-0.462533
0.300000	-0.278866
0.300080	-0.125810
0.300160	-0.033977
0.300240	0.119078
0.300320	0.210912
0.300400	0.241523
0.300480	0.394579
0.300560	0.425190
0.300640	0.425190
0.300720	0.486412
0.300800	0.608857
0.300880	0.792524
0.300960	1.006800
0.301040	1.159860
0.301120	1.159860
0.301200	1.098630
0.301280	1.068020
0.301360	1.098630
0.301440	1.282300
0.301520	1.465970
0.301600	1.588410
0.301680	1.619020
0.301760	1.557800
0.301840	1.496580
0.301920	1.527190
0.302000	1.649640
0.302080	1.741470
0.302160	1.772080
0.302240	1.894520
0.302320	1.894520
0.302400	1.802690
0.302480	1.649640
0.302560	1.557800
0.302640	1.710860
0.302720	2.047580
0.302800	2.353690
0.302880	2.476140
0.302960	2.384300
0.303040	2.047580
0.303120	1.619020
0.303200	1.374140
0.303280	1.435360
0.303360	1.680250
0.303440	1.925140
0.303520	1.986360
0.303600	2.016970
0.303680	2.078190
0.303760	2.231250
0.303840	2.476140
0.303920	2.506750
0.304000	2.323080
0.304080	2.047580
0.304160	1.863910
0.304240	1.863910
0.304320	2.108800
0.304400	2.659800
0.304480	3.302640
0.304560	4.129140
0.304640	4.527080
0.304720	4.159750
0.304800	3.486300
0.304880	2.353690
0.304960	1.435360
0.305040	0.914968
0.305120	1.404750
0.305200	2.567970
0.305280	3.700580
0.305360	4.312800
0.305440	4.374030
0.305520	3.853640
0.305600	3.180190
0.305680	2.414910
0.305760	1.833300
0.305840	1.251690
0.305920	1.068020
0.306000	1.098630
0.306080	1.435360
0.306160	2.016970
0.306240	2.537360
0.306320	2.598580
0.306400	2.353690
0.306480	1.802690
0.306560	1.312910
0.306640	1.006800
0.306720	1.098630
0.306800	1.343520
0.306880	1.496580
0.306960	1.649640
0.307040	1.619020
0.307120	1.710860
0.307200	1.680250
0.307280	1.588410
0.307360	1.343520
0.307440	1.129250
0.307520	1.098630
0.307600	1.190470
0.307680	1.496580
0.307760	1.833300
0.307840	1.863910
0.307920	1.833300
0.308000	1.710860
0.308080	1.710860
0.308160	1.649640
0.308240	1.588410
0.308320	1.435360
0.308400	1.190470
0.308480	1.129250
0.308560	1.312910
0.308640	1.649640
0.308720	2.108800
0.308800	2.353690
0.308880	2.231250
0.308960	2.016970
0.309040	1.649640
0.309120	1.404750
0.309200	1.343520
0.309280	1.404750
0.309360	1.649640
0.309440	1.833300
0.309520	1.833300
0.309600	1.772080
0.309680	1.496580
0.309760	1.282300
0.309840	1.129250
0.309920	1.129250
0.310000	1.159860
