-0.020000	0.045434
-0.019920	0.076557
-0.019840	0.076557
-0.019760	0.076557
-0.019680	0.045434
-0.019600	0.045434
-0.019520	0.076557
-0.019440	0.045434
-0.019360	0.045434
-0.019280	0.076557
-0.019200	0.076557
-0.019120	0.076557
-0.019040	0.045434
-0.018960	0.076557
-0.018880	0.014311
-0.018800	0.045434
-0.018720	0.076557
-0.018640	0.076557
-0.018560	0.076557
-0.018480	0.045434
-0.018400	0.014311
-0.018320	0.045434
-0.018240	0.014311
-0.018160	0.076557
-0.018080	0.045434
-0.018000	0.076557
-0.017920	0.045434
-0.017840	0.076557
-0.017760	0.045434
-0.017680	0.076557
-0.017600	0.076557
-0.017520	0.138803
-0.017440	0.076557
-0.017360	0.045434
-0.017280	0.045434
-0.017200	0.107679
-0.017120	0.076557
-0.017040	0.045434
-0.016960	0.045434
-0.016880	0.076557
-0.016800	0.014311
-0.016720	0.045434
-0.016640	0.107679
-0.016560	0.107679
-0.016480	0.045434
-0.016400	0.107679
-0.016320	0.076557
-0.016240	0.076557
-0.016160	0.045434
-0.016080	0.045434
-0.016000	0.076557
-0.015920	0.076557
-0.015840	0.045434
-0.015760	0.138803
-0.015680	0.107679
-0.015600	0.138803
-0.015520	0.076557
-0.015440	0.076557
-0.015360	0.076557
-0.015280	0.107679
-0.015200	0.107679
-0.015120	0.076557
-0.015040	0.045434
-0.014960	0.045434
-0.014880	0.045434
-0.014800	0.107679
-0.014720	0.014311
-0.014640	0.076557
-0.014560	-0.047935
-0.014480	0.014311
-0.014400	0.014311
-0.014320	0.263295
-0.014240	0.107679
-0.014160	0.076557
-0.014080	0.014311
-0.014000	-0.016812
-0.013920	0.014311
-0.013840	0.076557
-0.013760	0.076557
-0.013680	0.076557
-0.013600	0.076557
-0.013520	0.045434
-0.013440	0.076557
-0.013360	0.107679
-0.013280	0.107679
-0.013200	0.014311
-0.013120	0.107679
-0.013040	0.107679
-0.012960	0.107679
-0.012880	0.076557
-0.012800	0.107679
-0.012720	0.076557
-0.012640	0.076557
-0.012560	0.076557
-0.012480	0.076557
-0.012400	0.107679
-0.012320	0.045434
-0.012240	0.138803
-0.012160	0.076557
-0.012080	0.107679
-0.012000	0.076557
-0.011920	0.045434
-0.011840	0.076557
-0.011760	0.076557
-0.011680	0.045434
-0.011600	0.045434
-0.011520	0.076557
-0.011440	0.076557
-0.011360	0.076557
-0.011280	0.076557
-0.011200	0.045434
-0.011120	0.076557
-0.011040	0.076557
-0.010960	0.076557
-0.010880	0.107679
-0.010800	0.076557
-0.010720	0.045434
-0.010640	0.076557
-0.010560	0.107679
-0.010480	0.107679
-0.010400	0.076557
-0.010320	0.076557
-0.010240	0.107679
-0.010160	0.076557
-0.010080	0.076557
-0.010000	0.107679
-0.009920	0.107679
-0.009840	0.138803
-0.009760	0.076557
-0.009680	0.107679
-0.009600	0.107679
-0.009520	0.107679
-0.009440	0.138803
-0.009360	0.107679
-0.009280	0.107679
-0.009200	0.076557
-0.009120	0.076557
-0.009040	0.045434
-0.008960	0.107679
-0.008880	0.076557
-0.008800	0.138803
-0.008720	0.107679
-0.008640	0.107679
-0.008560	0.107679
-0.008480	0.076557
-0.008400	0.169926
-0.008320	0.107679
-0.008240	0.107679
-0.008160	0.076557
-0.008080	0.107679
-0.008000	0.045434
-0.007920	0.076557
-0.007840	0.076557
-0.007760	0.107679
-0.007680	0.076557
-0.007600	0.138803
-0.007520	0.076557
-0.007440	0.138803
-0.007360	0.076557
-0.007280	0.107679
-0.007200	0.107679
-0.007120	0.076557
-0.007040	0.107679
-0.006960	0.076557
-0.006880	0.107679
-0.006800	0.107679
-0.006720	0.138803
-0.006640	0.107679
-0.006560	0.107679
-0.006480	0.107679
-0.006400	0.076557
-0.006320	0.107679
-0.006240	0.107679
-0.006160	0.138803
-0.006080	0.107679
-0.006000	0.107679
-0.005920	0.107679
-0.005840	0.045434
-0.005760	0.076557
-0.005680	0.107679
-0.005600	0.107679
-0.005520	0.107679
-0.005440	0.107679
-0.005360	0.076557
-0.005280	0.076557
-0.005200	0.107679
-0.005120	0.076557
-0.005040	0.107679
-0.004960	0.076557
-0.004880	0.107679
-0.004800	0.138803
-0.004720	0.076557
-0.004640	0.138803
-0.004560	0.107679
-0.004480	0.107679
-0.004400	0.107679
-0.004320	0.045434
-0.004240	0.107679
-0.004160	0.107679
-0.004080	0.076557
-0.004000	0.076557
-0.003920	0.107679
-0.003840	0.076557
-0.003760	0.014311
-0.003680	0.076557
-0.003600	0.076557
-0.003520	0.076557
-0.003440	0.107679
-0.003360	0.107679
-0.003280	0.045434
-0.003200	0.045434
-0.003120	0.014311
-0.003040	0.076557
-0.002960	0.076557
-0.002880	0.045434
-0.002800	0.076557
-0.002720	0.045434
-0.002640	0.045434
-0.002560	0.138803
-0.002480	0.107679
-0.002400	0.014311
-0.002320	0.045434
-0.002240	0.014311
-0.002160	0.045434
-0.002080	0.045434
-0.002000	0.014311
-0.001920	0.045434
-0.001840	0.045434
-0.001760	0.014311
-0.001680	0.076557
-0.001600	0.045434
-0.001520	0.014311
-0.001440	0.045434
-0.001360	0.045434
-0.001280	0.014311
-0.001200	0.014311
-0.001120	0.014311
-0.001040	0.045434
-0.000960	0.014311
-0.000880	-0.016812
-0.000800	0.014311
-0.000720	0.045434
-0.000640	-0.047935
-0.000560	0.014311
-0.000480	0.045434
-0.000400	-0.016812
-0.000320	-0.016812
-0.000240	0.014311
-0.000160	-0.016812
-0.000080	-0.016812
0.000000	-0.016812
0.000080	-0.016812
0.000160	-0.016812
0.000240	-0.016812
0.000320	-0.016812
0.000400	-0.016812
0.000480	0.014311
0.000560	-0.016812
0.000640	-0.016812
0.000720	-0.016812
0.000800	0.014311
0.000880	-0.016812
0.000960	-0.016812
0.001040	-0.016812
0.001120	-0.016812
0.001200	-0.079058
0.001280	-0.047935
0.001360	-0.110181
0.001440	-0.016812
0.001520	-0.047935
0.001600	-0.016812
0.001680	-0.016812
0.001760	-0.047935
0.001840	-0.047935
0.001920	-0.047935
0.002000	-0.047935
0.002080	-0.047935
0.002160	-0.047935
0.002240	-0.047935
0.002320	0.076557
0.002400	0.014311
0.002480	-0.079058
0.002560	-0.079058
0.002640	-0.079058
0.002720	-0.079058
0.002800	-0.047935
0.002880	-0.110181
0.002960	0.014311
0.003040	-0.016812
0.003120	0.014311
0.003200	-0.079058
0.003280	-0.016812
0.003360	-0.047935
0.003440	-0.047935
0.003520	-0.079058
0.003600	-0.016812
0.003680	-0.047935
0.003760	-0.047935
0.003840	-0.016812
0.003920	-0.047935
0.004000	-0.016812
0.004080	-0.016812
0.004160	-0.047935
0.004240	-0.079058
0.004320	-0.110181
0.004400	-0.047935
0.004480	-0.016812
0.004560	-0.047935
0.004640	-0.079058
0.004720	-0.047935
0.004800	-0.079058
0.004880	-0.047935
0.004960	-0.047935
0.005040	-0.079058
0.005120	-0.047935
0.005200	-0.047935
0.005280	-0.047935
0.005360	-0.047935
0.005440	-0.016812
0.005520	-0.110181
0.005600	-0.047935
0.005680	-0.110181
0.005760	-0.016812
0.005840	-0.016812
0.005920	-0.016812
0.006000	-0.016812
0.006080	0.014311
0.006160	-0.047935
0.006240	0.014311
0.006320	-0.016812
0.006400	-0.016812
0.006480	-0.016812
0.006560	-0.016812
0.006640	-0.016812
0.006720	-0.016812
0.006800	0.014311
0.006880	-0.016812
0.006960	-0.016812
0.007040	-0.047935
0.007120	-0.016812
0.007200	0.014311
0.007280	-0.016812
0.007360	-0.016812
0.007440	0.045434
0.007520	0.014311
0.007600	-0.079058
0.007680	-0.016812
0.007760	-0.047935
0.007840	-0.016812
0.007920	0.014311
0.008000	-0.016812
0.008080	0.014311
0.008160	-0.016812
0.008240	-0.016812
0.008320	-0.016812
0.008400	-0.016812
0.008480	-0.016812
0.008560	0.045434
0.008640	0.076557
0.008720	-0.016812
0.008800	0.045434
0.008880	0.014311
0.008960	-0.016812
0.009040	-0.016812
0.009120	0.045434
0.009200	0.014311
0.009280	0.014311
0.009360	-0.016812
0.009440	0.014311
0.009520	0.014311
0.009600	0.014311
0.009680	-0.079058
0.009760	-0.016812
0.009840	-0.016812
0.009920	-0.047935
0.010000	0.014311
0.010080	0.076557
0.010160	0.045434
0.010240	0.014311
0.010320	0.076557
0.010400	0.045434
0.010480	0.045434
0.010560	-0.016812
0.010640	0.045434
0.010720	0.076557
0.010800	0.076557
0.010880	-0.016812
0.010960	0.014311
0.011040	0.014311
0.011120	0.045434
0.011200	-0.016812
0.011280	0.076557
0.011360	-0.016812
0.011440	-0.141304
0.011520	-0.141304
0.011600	-0.141304
0.011680	-0.141304
0.011760	-0.234673
0.011840	-0.110181
0.011920	-0.079058
0.012000	-0.047935
0.012080	-0.016812
0.012160	-0.047935
0.012240	-0.047935
0.012320	-0.047935
0.012400	-0.047935
0.012480	-0.016812
0.012560	-0.110181
0.012640	-0.141304
0.012720	-0.172427
0.012800	-0.110181
0.012880	-0.110181
0.012960	-0.047935
0.013040	-0.079058
0.013120	0.014311
0.013200	0.014311
0.013280	-0.016812
0.013360	0.107679
0.013440	0.107679
0.013520	0.232172
0.013600	0.356664
0.013680	0.481156
0.013760	0.699017
0.013840	0.792386
0.013920	0.854632
0.014000	0.761263
0.014080	0.730140
0.014160	0.667894
0.014240	0.761263
0.014320	0.916878
0.014400	1.041370
0.014480	1.165860
0.014560	1.103620
0.014640	1.041370
0.014720	0.979124
0.014800	0.948001
0.014880	0.948001
0.014960	1.041370
0.015040	1.103620
0.015120	1.103620
0.015200	1.134740
0.015280	0.948001
0.015360	0.792386
0.015440	0.605648
0.015520	0.543402
0.015600	0.263295
0.015680	-0.016812
0.015760	-0.421411
0.015840	-0.763765
0.015920	-0.919380
0.016000	-0.888257
0.016080	-0.763765
0.016160	-0.514780
0.016240	-0.203550
0.016320	0.014311
0.016400	0.263295
0.016480	0.387787
0.016560	0.450033
0.016640	0.699017
0.016720	0.948001
0.016800	1.259230
0.016880	1.321480
0.016960	1.290350
0.017040	1.196990
0.017120	1.134740
0.017200	1.041370
0.017280	1.072490
0.017360	1.041370
0.017440	1.134740
0.017520	1.103620
0.017600	1.041370
0.017680	0.948001
0.017760	0.823509
0.017840	0.667894
0.017920	0.574525
0.018000	0.543402
0.018080	0.387787
0.018160	0.325541
0.018240	0.263295
0.018320	0.294418
0.018400	0.294418
0.018480	0.263295
0.018560	0.201049
0.018640	0.107679
0.018720	-0.016812
0.018800	-0.110181
0.018880	-0.079058
0.018960	-0.016812
0.019040	0.076557
0.019120	0.045434
0.019200	0.045434
0.019280	0.138803
0.019360	0.263295
0.019440	0.387787
0.019520	0.325541
0.019600	0.138803
0.019680	0.107679
0.019760	0.076557
0.019840	0.107679
0.019920	0.232172
0.020000	0.294418
0.020080	0.201049
0.020160	0.169926
0.020240	0.076557
0.020320	-0.016812
0.020400	-0.079058
0.020480	0.107679
0.020560	0.045434
0.020640	0.138803
0.020720	0.263295
0.020800	0.107679
0.020880	-0.141304
0.020960	-0.359165
0.021040	-0.359165
0.021120	-0.172427
0.021200	-0.110181
0.021280	-0.141304
0.021360	-0.328042
0.021440	-0.514780
0.021520	-0.390288
0.021600	-0.172427
0.021680	0.045434
0.021760	0.232172
0.021840	0.107679
0.021920	-0.110181
0.022000	-0.390288
0.022080	-0.545903
0.022160	-0.421411
0.022240	-0.359165
0.022320	-0.390288
0.022400	-0.421411
0.022480	-0.390288
0.022560	-0.047935
0.022640	0.138803
0.022720	0.076557
0.022800	-0.359165
0.022880	-0.794888
0.022960	-0.919380
0.023040	-0.701519
0.023120	-0.421411
0.023200	-0.172427
0.023280	-0.203550
0.023360	-0.545903
0.023440	-1.106120
0.023520	-1.666330
0.023600	-2.008690
0.023680	-1.697460
0.023760	-0.981626
0.023840	-0.110181
0.023920	0.512279
0.024000	0.574525
0.024080	0.107679
0.024160	-0.514780
0.024240	-0.950503
0.024320	-0.763765
0.024400	-0.203550
0.024480	0.450033
0.024560	0.792386
0.024640	0.481156
0.024720	-0.172427
0.024800	-0.670396
0.024880	-0.888257
0.024960	-0.981626
0.025040	-0.981626
0.025120	-0.794888
0.025200	-0.328042
0.025280	0.169926
0.025360	0.418910
0.025440	0.325541
0.025520	0.138803
0.025600	-0.047935
0.025680	-0.328042
0.025760	-0.794888
0.025840	-0.950503
0.025920	-0.857134
0.026000	-0.545903
0.026080	-0.452534
0.026160	-0.483657
0.026240	-0.608149
0.026320	-0.577026
0.026400	-0.483657
0.026480	-0.483657
0.026560	-0.359165
0.026640	-0.110181
0.026720	0.107679
0.026800	0.138803
0.026880	-0.172427
0.026960	-0.452534
0.027040	-0.577026
0.027120	-0.514780
0.027200	-0.390288
0.027280	-0.203550
0.027360	-0.079058
0.027440	-0.016812
0.027520	-0.016812
0.027600	-0.141304
0.027680	-0.296919
0.027760	-0.514780
0.027840	-0.670396
0.027920	-1.012750
0.028000	-1.074990
0.028080	-0.919380
0.028160	-0.483657
0.028240	-0.234673
0.028320	-0.265796
0.028400	-0.421411
0.028480	-0.483657
0.028560	-0.483657
0.028640	-0.608149
0.028720	-0.670396
0.028800	-0.670396
0.028880	-0.452534
0.028960	-0.421411
0.029040	-0.514780
0.029120	-0.701519
0.029200	-0.701519
0.029280	-0.577026
0.029360	-0.390288
0.029440	-0.265796
0.029520	-0.203550
0.029600	-0.234673
0.029680	-0.328042
0.029760	-0.452534
0.029840	-0.359165
0.029920	0.014311
0.030000	0.543402
0.030080	0.699017
0.030160	0.387787
0.030240	-0.265796
0.030320	-0.794888
0.030400	-1.074990
0.030480	-0.826011
0.030560	-0.483657
0.030640	-0.265796
0.030720	-0.234673
0.030800	-0.328042
0.030880	-0.421411
0.030960	-0.359165
0.031040	-0.110181
0.031120	-0.016812
0.031200	0.014311
0.031280	0.201049
0.031360	0.356664
0.031440	0.450033
0.031520	0.263295
0.031600	-0.172427
0.031680	-0.639272
0.031760	-1.074990
0.031840	-1.355100
0.031920	-1.355100
0.032000	-1.106120
0.032080	-0.639272
0.032160	-0.328042
0.032240	-0.016812
0.032320	0.294418
0.032400	0.667894
0.032480	1.041370
0.032560	1.259230
0.032640	1.383720
0.032720	1.414850
0.032800	1.259230
0.032880	0.667894
0.032960	-0.328042
0.033040	-1.137240
0.033120	-1.666330
0.033200	-1.790820
0.033280	-1.697460
0.033360	-1.230610
0.033440	-0.608149
0.033520	-0.141304
0.033600	-0.265796
0.033680	-0.732642
0.033760	-1.137240
0.033840	-1.168360
0.033920	-1.012750
0.034000	-0.919380
0.034080	-0.857134
0.034160	-0.919380
0.034240	-0.981626
0.034320	-1.106120
0.034400	-1.168360
0.034480	-0.857134
0.034560	-0.608149
0.034640	-0.670396
0.034720	-1.012750
0.034800	-0.857134
0.034880	-0.452534
0.034960	-0.047935
0.035040	-0.079058
0.035120	-0.577026
0.035200	-0.888257
0.035280	-1.074990
0.035360	-1.137240
0.035440	-1.261730
0.035520	-1.479590
0.035600	-1.261730
0.035680	-1.137240
0.035760	-0.950503
0.035840	-0.950503
0.035920	-1.168360
0.036000	-1.323980
0.036080	-1.541840
0.036160	-1.697460
0.036240	-1.666330
0.036320	-1.604090
0.036400	-1.386220
0.036480	-1.168360
0.036560	-0.981626
0.036640	-0.919380
0.036720	-0.981626
0.036800	-1.137240
0.036880	-1.261730
0.036960	-1.230610
0.037040	-1.012750
0.037120	-0.888257
0.037200	-0.794888
0.037280	-0.919380
0.037360	-1.106120
0.037440	-1.479590
0.037520	-1.821950
0.037600	-2.008690
0.037680	-1.915320
0.037760	-1.635210
0.037840	-1.355100
0.037920	-1.199490
0.038000	-1.168360
0.038080	-1.292860
0.038160	-1.386220
0.038240	-1.666330
0.038320	-1.915320
0.038400	-1.915320
0.038480	-1.604090
0.038560	-1.323980
0.038640	-1.261730
0.038720	-1.417350
0.038800	-1.697460
0.038880	-1.821950
0.038960	-1.884190
0.039040	-1.759700
0.039120	-1.541840
0.039200	-1.386220
0.039280	-1.292860
0.039360	-1.355100
0.039440	-1.635210
0.039520	-1.853070
0.039600	-1.915320
0.039680	-1.884190
0.039760	-1.510720
0.039840	-0.950503
0.039920	-0.514780
0.040000	-0.390288
0.040080	-0.545903
0.040160	-0.888257
0.040240	-1.292860
0.040320	-1.635210
0.040400	-1.946440
0.040480	-2.133180
0.040560	-2.102050
0.040640	-1.915320
0.040720	-1.759700
0.040800	-1.728580
0.040880	-1.884190
0.040960	-2.070930
0.041040	-2.133180
0.041120	-1.946440
0.041200	-1.479590
0.041280	-1.106120
0.041360	-0.981626
0.041440	-1.137240
0.041520	-1.572960
0.041600	-1.884190
0.041680	-2.133180
0.041760	-2.039810
0.041840	-1.790820
0.041920	-1.635210
0.042000	-1.448470
0.042080	-1.292860
0.042160	-1.292860
0.042240	-1.417350
0.042320	-1.541840
0.042400	-1.572960
0.042480	-1.510720
0.042560	-1.417350
0.042640	-1.386220
0.042720	-1.386220
0.042800	-1.323980
0.042880	-1.168360
0.042960	-1.106120
0.043040	-1.168360
0.043120	-1.199490
0.043200	-1.261730
0.043280	-1.386220
0.043360	-1.666330
0.043440	-1.884190
0.043520	-1.821950
0.043600	-1.572960
0.043680	-1.323980
0.043760	-1.230610
0.043840	-1.168360
0.043920	-1.137240
0.044000	-1.012750
0.044080	-1.074990
0.044160	-1.137240
0.044240	-1.199490
0.044320	-1.199490
0.044400	-1.106120
0.044480	-0.950503
0.044560	-0.857134
0.044640	-0.826011
0.044720	-0.919380
0.044800	-1.168360
0.044880	-1.292860
0.044960	-1.417350
0.045040	-1.417350
0.045120	-1.386220
0.045200	-1.261730
0.045280	-1.137240
0.045360	-1.137240
0.045440	-1.168360
0.045520	-1.168360
0.045600	-1.043870
0.045680	-0.763765
0.045760	-0.670396
0.045840	-0.701519
0.045920	-0.732642
0.046000	-0.857134
0.046080	-0.950503
0.046160	-1.043870
0.046240	-0.950503
0.046320	-0.888257
0.046400	-0.732642
0.046480	-0.732642
0.046560	-0.857134
0.046640	-0.981626
0.046720	-0.950503
0.046800	-0.794888
0.046880	-0.514780
0.046960	-0.141304
0.047040	0.045434
0.047120	0.076557
0.047200	-0.047935
0.047280	-0.141304
0.047360	-0.265796
0.047440	-0.203550
0.047520	-0.110181
0.047600	0.076557
0.047680	0.076557
0.047760	0.107679
0.047840	0.014311
0.047920	-0.079058
0.048000	-0.079058
0.048080	-0.016812
0.048160	0.014311
0.048240	0.014311
0.048320	-0.172427
0.048400	-0.514780
0.048480	-0.857134
0.048560	-1.106120
0.048640	-1.168360
0.048720	-1.074990
0.048800	-0.888257
0.048880	-0.608149
0.048960	-0.545903
0.049040	-0.763765
0.049120	-1.199490
0.049200	-1.604090
0.049280	-1.915320
0.049360	-2.070930
0.049440	-2.133180
0.049520	-2.133180
0.049600	-2.070930
0.049680	-1.915320
0.049760	-1.853070
0.049840	-1.790820
0.049920	-1.853070
0.050000	-1.915320
0.050080	-1.884190
0.050160	-1.915320
0.050240	-2.102050
0.050320	-2.070930
0.050400	-1.915320
0.050480	-1.759700
0.050560	-1.666330
0.050640	-1.572960
0.050720	-1.572960
0.050800	-1.635210
0.050880	-1.697460
0.050960	-1.666330
0.051040	-1.635210
0.051120	-1.541840
0.051200	-1.479590
0.051280	-1.666330
0.051360	-1.853070
0.051440	-1.915320
0.051520	-1.853070
0.051600	-1.697460
0.051680	-1.572960
0.051760	-1.417350
0.051840	-1.448470
0.051920	-1.479590
0.052000	-1.635210
0.052080	-1.821950
0.052160	-1.977560
0.052240	-1.977560
0.052320	-1.853070
0.052400	-1.790820
0.052480	-1.821950
0.052560	-1.821950
0.052640	-1.821950
0.052720	-1.759700
0.052800	-1.790820
0.052880	-1.697460
0.052960	-1.635210
0.053040	-1.510720
0.053120	-1.386220
0.053200	-1.323980
0.053280	-1.199490
0.053360	-1.043870
0.053440	-0.981626
0.053520	-0.888257
0.053600	-0.826011
0.053680	-0.701519
0.053760	-0.670396
0.053840	-0.639272
0.053920	-0.701519
0.054000	-0.670396
0.054080	-0.608149
0.054160	-0.514780
0.054240	-0.421411
0.054320	-0.421411
0.054400	-0.452534
0.054480	-0.545903
0.054560	-0.608149
0.054640	-0.608149
0.054720	-0.577026
0.054800	-0.577026
0.054880	-0.608149
0.054960	-0.670396
0.055040	-0.763765
0.055120	-0.857134
0.055200	-0.857134
0.055280	-0.888257
0.055360	-0.826011
0.055440	-0.639272
0.055520	-0.639272
0.055600	-0.577026
0.055680	-0.670396
0.055760	-0.732642
0.055840	-0.639272
0.055920	-0.577026
0.056000	-0.514780
0.056080	-0.483657
0.056160	-0.421411
0.056240	-0.328042
0.056320	-0.172427
0.056400	-0.172427
0.056480	-0.265796
0.056560	-0.359165
0.056640	-0.390288
0.056720	-0.514780
0.056800	-0.577026
0.056880	-0.545903
0.056960	-0.514780
0.057040	-0.514780
0.057120	-0.608149
0.057200	-0.732642
0.057280	-0.763765
0.057360	-0.763765
0.057440	-0.732642
0.057520	-0.670396
0.057600	-0.639272
0.057680	-0.639272
0.057760	-0.639272
0.057840	-0.670396
0.057920	-0.763765
0.058000	-0.763765
0.058080	-0.701519
0.058160	-0.732642
0.058240	-0.639272
0.058320	-0.577026
0.058400	-0.545903
0.058480	-0.608149
0.058560	-0.608149
0.058640	-0.639272
0.058720	-0.701519
0.058800	-0.794888
0.058880	-0.732642
0.058960	-0.639272
0.059040	-0.577026
0.059120	-0.483657
0.059200	-0.296919
0.059280	-0.141304
0.059360	-0.079058
0.059440	-0.172427
0.059520	-0.390288
0.059600	-0.483657
0.059680	-0.390288
0.059760	-0.234673
0.059840	0.014311
0.059920	0.076557
0.060000	0.045434
0.060080	0.169926
0.060160	0.450033
0.060240	0.667894
0.060320	0.667894
0.060400	0.356664
0.060480	-0.047935
0.060560	-0.328042
0.060640	0.076557
0.060720	0.948001
0.060800	1.726080
0.060880	1.663830
0.060960	0.543402
0.061040	-0.794888
0.061120	-1.323980
0.061200	-0.826011
0.061280	0.450033
0.061360	1.570460
0.061440	2.006180
0.061520	1.570460
0.061600	0.948001
0.061680	0.263295
0.061760	-0.234673
0.061840	-0.514780
0.061920	-0.639272
0.062000	-0.545903
0.062080	-0.172427
0.062160	0.294418
0.062240	0.543402
0.062320	0.574525
0.062400	0.543402
0.062480	0.574525
0.062560	0.699017
0.062640	0.885755
0.062720	1.134740
0.062800	1.321480
0.062880	1.539340
0.062960	1.663830
0.063040	1.788320
0.063120	1.850570
0.063200	1.943940
0.063280	2.068430
0.063360	2.192920
0.063440	2.286290
0.063520	2.410780
0.063600	2.504150
0.063680	2.722010
0.063760	2.971000
0.063840	3.251100
0.063920	3.468970
0.064000	3.686830
0.064080	3.749070
0.064160	3.655700
0.064240	3.593460
0.064320	3.624580
0.064400	3.655700
0.064480	3.749070
0.064560	3.904690
0.064640	3.966930
0.064720	4.184800
0.064800	4.340410
0.064880	4.371530
0.064960	4.433780
0.065040	4.527150
0.065120	4.651640
0.065200	4.900620
0.065280	5.087360
0.065360	5.211850
0.065440	5.305220
0.065520	5.305220
0.065600	5.274100
0.065680	5.211850
0.065760	5.180730
0.065840	5.087360
0.065920	5.025120
0.066000	5.025120
0.066080	5.087360
0.066160	5.087360
0.066240	5.056240
0.066320	5.242980
0.066400	5.772070
0.066480	6.176670
0.066560	6.394530
0.066640	6.052180
0.066720	5.367470
0.066800	4.745010
0.066880	4.558270
0.066960	4.776130
0.067040	5.149610
0.067120	5.336350
0.067200	5.274100
0.067280	4.931750
0.067360	4.807260
0.067440	4.993990
0.067520	5.398590
0.067600	5.927680
0.067680	6.301160
0.067760	6.145540
0.067840	5.554210
0.067920	4.558270
0.068000	3.780200
0.068080	3.624580
0.068160	4.091430
0.068240	4.807260
0.068320	5.305220
0.068400	5.274100
0.068480	4.869500
0.068560	4.433780
0.068640	4.215920
0.068720	4.247040
0.068800	4.589390
0.068880	4.931750
0.068960	5.180730
0.069040	4.962870
0.069120	4.838380
0.069200	4.807260
0.069280	4.745010
0.069360	4.713890
0.069440	4.713890
0.069520	4.807260
0.069600	4.993990
0.069680	5.087360
0.069760	4.838380
0.069840	4.496030
0.069920	4.153670
0.070000	4.153670
0.070080	4.247040
0.070160	4.309290
0.070240	4.371530
0.070320	4.402660
0.070400	4.309290
0.070480	4.215920
0.070560	4.153670
0.070640	4.122550
0.070720	4.091430
0.070800	3.842440
0.070880	3.375600
0.070960	2.908750
0.071040	2.504150
0.071120	2.566400
0.071200	2.908750
0.071280	3.251100
0.071360	3.562330
0.071440	3.686830
0.071520	3.686830
0.071600	3.531210
0.071680	3.468970
0.071760	3.531210
0.071840	3.780200
0.071920	4.029180
0.072000	4.184800
0.072080	4.091430
0.072160	3.966930
0.072240	4.091430
0.072320	4.496030
0.072400	4.993990
0.072480	5.523090
0.072560	5.896560
0.072640	6.238910
0.072720	6.581270
0.072800	7.016990
0.072880	7.421590
0.072960	8.012930
0.073040	8.635390
0.073120	9.351220
0.073200	9.786940
0.073280	9.382340
0.073360	8.386400
0.073440	7.514960
0.073520	7.608330
0.073600	8.573140
0.073680	9.880310
0.073760	10.751700
0.073840	10.969600
0.073920	10.533800
0.074000	10.253700
0.074080	10.191500
0.074160	10.160400
0.074240	9.911430
0.074320	9.755820
0.074400	9.911430
0.074480	10.440500
0.074560	11.031800
0.074640	11.280800
0.074720	11.218600
0.074800	10.845100
0.074880	10.440500
0.074960	10.035900
0.075040	9.880310
0.075120	9.973680
0.075200	9.973680
0.075280	10.067000
0.075360	10.191500
0.075440	10.347100
0.075520	10.502700
0.075600	10.658300
0.075680	10.627200
0.075760	10.627200
0.075840	10.565000
0.075920	10.658300
0.076000	10.876200
0.076080	10.969600
0.076160	10.938400
0.076240	11.187400
0.076320	11.965500
0.076400	13.023700
0.076480	13.303800
0.076560	12.588000
0.076640	11.778800
0.076720	11.529800
0.076800	11.934400
0.076880	12.930300
0.076960	13.583900
0.077040	13.490500
0.077120	12.681300
0.077200	11.747600
0.077280	10.907300
0.077360	10.284900
0.077440	9.755820
0.077520	9.195600
0.077600	8.822120
0.077680	9.102230
0.077760	10.129200
0.077840	11.592000
0.077920	13.210400
0.078000	14.393100
0.078080	15.171200
0.078160	15.669100
0.078240	15.918100
0.078320	15.669100
0.078400	14.891100
0.078480	13.926300
0.078560	12.930300
0.078640	12.090000
0.078720	11.343000
0.078800	10.751700
0.078880	10.284900
0.078960	10.035900
0.079040	9.849180
0.079120	9.569080
0.079200	8.915490
0.079280	7.763940
0.079360	6.301160
0.079440	5.491960
0.079520	5.616450
0.079600	6.301160
0.079680	6.861370
0.079760	6.736880
0.079840	6.083300
0.079920	5.180730
0.080000	4.278160
0.080080	3.095490
0.080160	1.881690
0.080240	1.072490
0.080320	-0.172427
0.080400	-2.039810
0.080480	-3.004620
0.080560	-3.129110
0.080640	-3.720450
0.080720	-4.747510
0.080800	-5.525590
0.080880	-5.401090
0.080960	-4.716390
0.081040	-4.187300
0.081120	-4.280670
0.081200	-4.187300
0.081280	-3.378100
0.081360	-2.413280
0.081440	-1.728580
0.081520	-1.448470
0.081600	-0.857134
0.081680	0.356664
0.081760	1.570460
0.081840	2.628640
0.081920	3.375600
0.082000	4.153670
0.082080	4.838380
0.082160	5.367470
0.082240	5.616450
0.082320	5.865440
0.082400	6.021050
0.082480	5.989930
0.082560	5.865440
0.082640	5.772070
0.082720	5.865440
0.082800	6.238910
0.082880	6.674640
0.082960	6.892500
0.083040	6.768010
0.083120	6.487900
0.083200	6.083300
0.083280	5.740950
0.083360	5.460840
0.083440	5.149610
0.083520	4.962870
0.083600	5.056240
0.083680	5.367470
0.083760	5.772070
0.083840	6.114420
0.083920	6.487900
0.084000	6.736880
0.084080	6.861370
0.084160	6.799130
0.084240	6.456780
0.084320	5.834320
0.084400	5.056240
0.084480	4.309290
0.084560	3.966930
0.084640	4.091430
0.084720	4.247040
0.084800	4.029180
0.084880	3.406720
0.084960	2.628640
0.085040	1.850570
0.085120	1.663830
0.085200	1.663830
0.085280	1.694950
0.085360	1.539340
0.085440	1.196990
0.085520	1.072490
0.085600	0.979124
0.085680	1.352600
0.085760	1.663830
0.085840	1.975060
0.085920	2.161800
0.086000	2.192920
0.086080	1.975060
0.086160	1.601580
0.086240	1.259230
0.086320	0.916878
0.086400	0.605648
0.086480	0.325541
0.086560	-0.079058
0.086640	-0.483657
0.086720	-1.137240
0.086800	-1.728580
0.086880	-2.351040
0.086960	-2.942380
0.087040	-3.409220
0.087120	-3.813820
0.087200	-4.311790
0.087280	-4.778630
0.087360	-5.089860
0.087440	-5.276600
0.087520	-5.432220
0.087600	-5.650080
0.087680	-6.023550
0.087760	-6.397030
0.087840	-6.521520
0.087920	-6.552650
0.088000	-6.459280
0.088080	-6.459280
0.088160	-6.583770
0.088240	-6.646010
0.088320	-6.521520
0.088400	-6.459280
0.088480	-6.365910
0.088560	-6.272540
0.088640	-6.365910
0.088720	-6.365910
0.088800	-6.241420
0.088880	-6.116920
0.088960	-6.023550
0.089040	-5.961310
0.089120	-5.899060
0.089200	-5.650080
0.089280	-5.369970
0.089360	-5.058740
0.089440	-4.840880
0.089520	-4.685260
0.089600	-4.623020
0.089680	-4.436280
0.089760	-4.280670
0.089840	-3.969440
0.089920	-3.813820
0.090000	-3.658210
0.090080	-3.533710
0.090160	-3.440340
0.090240	-3.315850
0.090320	-3.191360
0.090400	-3.004620
0.090480	-2.880130
0.090560	-2.724510
0.090640	-2.475530
0.090720	-2.133180
0.090800	-1.853070
0.090880	-1.635210
0.090960	-1.386220
0.091040	-1.106120
0.091120	-0.732642
0.091200	-0.328042
0.091280	0.076557
0.091360	0.294418
0.091440	0.201049
0.091520	0.045434
0.091600	0.107679
0.091680	0.543402
0.091760	1.010250
0.091840	1.290350
0.091920	1.290350
0.092000	1.041370
0.092080	0.823509
0.092160	0.823509
0.092240	0.979124
0.092320	1.196990
0.092400	1.414850
0.092480	1.539340
0.092560	1.632710
0.092640	1.632710
0.092720	1.726080
0.092800	1.819450
0.092880	1.850570
0.092960	2.006180
0.093040	2.161800
0.093120	2.348540
0.093200	2.410780
0.093280	2.473030
0.093360	2.566400
0.093440	2.597520
0.093520	2.690890
0.093600	2.722010
0.093680	2.753140
0.093760	2.753140
0.093840	2.815380
0.093920	3.002120
0.094000	3.157740
0.094080	3.282230
0.094160	3.313350
0.094240	3.251100
0.094320	3.188860
0.094400	3.157740
0.094480	3.126610
0.094560	3.126610
0.094640	3.219980
0.094720	3.188860
0.094800	3.282230
0.094880	3.468970
0.094960	3.593460
0.095040	3.406720
0.095120	2.971000
0.095200	2.410780
0.095280	2.348540
0.095360	2.784260
0.095440	3.282230
0.095520	3.531210
0.095600	3.406720
0.095680	3.126610
0.095760	2.908750
0.095840	2.939870
0.095920	3.157740
0.096000	3.344470
0.096080	3.468970
0.096160	3.468970
0.096240	3.437840
0.096320	3.437840
0.096400	3.468970
0.096480	3.593460
0.096560	3.624580
0.096640	3.686830
0.096720	3.717950
0.096800	3.686830
0.096880	3.655700
0.096960	3.686830
0.097040	3.780200
0.097120	3.935810
0.097200	3.966930
0.097280	3.780200
0.097360	3.500090
0.097440	3.251100
0.097520	3.188860
0.097600	3.126610
0.097680	3.064370
0.097760	3.033240
0.097840	2.939870
0.097920	2.939870
0.098000	2.815380
0.098080	2.690890
0.098160	2.566400
0.098240	2.535280
0.098320	2.566400
0.098400	2.504150
0.098480	2.410780
0.098560	2.255170
0.098640	2.099550
0.098720	2.037310
0.098800	2.006180
0.098880	2.006180
0.098960	1.975060
0.099040	1.975060
0.099120	1.788320
0.099200	1.570460
0.099280	1.259230
0.099360	0.979124
0.099440	0.792386
0.099520	0.730140
0.099600	0.667894
0.099680	0.636771
0.099760	0.636771
0.099840	0.512279
0.099920	0.387787
0.100000	0.294418
0.100080	0.263295
0.100160	0.107679
0.100240	-0.047935
0.100320	-0.203550
0.100400	-0.203550
0.100480	-0.047935
0.100560	0.045434
0.100640	0.076557
0.100720	0.076557
0.100800	-0.110181
0.100880	-0.234673
0.100960	-0.296919
0.101040	-0.265796
0.101120	-0.203550
0.101200	-0.234673
0.101280	-0.234673
0.101360	-0.328042
0.101440	-0.359165
0.101520	-0.452534
0.101600	-0.359165
0.101680	-0.328042
0.101760	-0.296919
0.101840	-0.328042
0.101920	-0.359165
0.102000	-0.421411
0.102080	-0.390288
0.102160	-0.483657
0.102240	-0.452534
0.102320	-0.172427
0.102400	-0.359165
0.102480	-0.328042
0.102560	-0.359165
0.102640	-0.328042
0.102720	-0.390288
0.102800	-0.421411
0.102880	-0.545903
0.102960	-0.577026
0.103040	-0.701519
0.103120	-0.701519
0.103200	-0.608149
0.103280	-0.452534
0.103360	-0.390288
0.103440	-0.390288
0.103520	-0.452534
0.103600	-0.514780
0.103680	-0.577026
0.103760	-0.670396
0.103840	-0.732642
0.103920	-0.794888
0.104000	-0.857134
0.104080	-0.950503
0.104160	-1.012750
0.104240	-1.074990
0.104320	-1.043870
0.104400	-1.043870
0.104480	-1.012750
0.104560	-0.981626
0.104640	-1.074990
0.104720	-1.168360
0.104800	-1.323980
0.104880	-1.386220
0.104960	-1.292860
0.105040	-1.261730
0.105120	-1.199490
0.105200	-1.261730
0.105280	-1.417350
0.105360	-1.541840
0.105440	-1.728580
0.105520	-1.821950
0.105600	-1.821950
0.105680	-1.759700
0.105760	-1.790820
0.105840	-1.697460
0.105920	-1.728580
0.106000	-1.821950
0.106080	-1.759700
0.106160	-1.821950
0.106240	-1.915320
0.106320	-1.915320
0.106400	-2.039810
0.106480	-2.070930
0.106560	-2.164300
0.106640	-2.257670
0.106720	-2.288790
0.106800	-2.288790
0.106880	-2.319920
0.106960	-2.288790
0.107040	-2.288790
0.107120	-2.288790
0.107200	-2.257670
0.107280	-2.319920
0.107360	-2.413280
0.107440	-2.413280
0.107520	-2.413280
0.107600	-2.475530
0.107680	-2.537780
0.107760	-2.537780
0.107840	-2.600020
0.107920	-2.631150
0.108000	-2.724510
0.108080	-2.724510
0.108160	-2.693390
0.108240	-2.662270
0.108320	-2.568900
0.108400	-2.568900
0.108480	-2.568900
0.108560	-2.600020
0.108640	-2.631150
0.108720	-2.568900
0.108800	-2.537780
0.108880	-2.475530
0.108960	-2.475530
0.109040	-2.537780
0.109120	-2.600020
0.109200	-2.600020
0.109280	-2.568900
0.109360	-2.288790
0.109440	-2.226550
0.109520	-2.226550
0.109600	-2.351040
0.109680	-2.506650
0.109760	-2.475530
0.109840	-2.319920
0.109920	-2.133180
0.110000	-2.133180
0.110080	-2.102050
0.110160	-2.195420
0.110240	-2.195420
0.110320	-2.164300
0.110400	-2.133180
0.110480	-1.977560
0.110560	-2.102050
0.110640	-2.288790
0.110720	-2.413280
0.110800	-2.537780
0.110880	-2.537780
0.110960	-2.351040
0.111040	-2.102050
0.111120	-1.977560
0.111200	-2.039810
0.111280	-2.133180
0.111360	-2.195420
0.111440	-2.195420
0.111520	-2.195420
0.111600	-2.008690
0.111680	-1.884190
0.111760	-1.728580
0.111840	-1.759700
0.111920	-1.759700
0.112000	-1.946440
0.112080	-2.039810
0.112160	-2.102050
0.112240	-2.039810
0.112320	-2.008690
0.112400	-1.946440
0.112480	-1.821950
0.112560	-1.728580
0.112640	-1.635210
0.112720	-1.790820
0.112800	-1.884190
0.112880	-1.977560
0.112960	-2.008690
0.113040	-1.821950
0.113120	-1.604090
0.113200	-1.479590
0.113280	-1.541840
0.113360	-1.666330
0.113440	-1.697460
0.113520	-1.790820
0.113600	-1.759700
0.113680	-1.728580
0.113760	-1.884190
0.113840	-1.915320
0.113920	-1.915320
0.114000	-1.853070
0.114080	-1.728580
0.114160	-1.666330
0.114240	-1.572960
0.114320	-1.572960
0.114400	-1.604090
0.114480	-1.635210
0.114560	-1.572960
0.114640	-1.604090
0.114720	-1.572960
0.114800	-1.541840
0.114880	-1.510720
0.114960	-1.541840
0.115040	-1.510720
0.115120	-1.510720
0.115200	-1.417350
0.115280	-1.261730
0.115360	-1.168360
0.115440	-1.074990
0.115520	-1.074990
0.115600	-1.137240
0.115680	-1.292860
0.115760	-1.323980
0.115840	-1.323980
0.115920	-1.261730
0.116000	-1.168360
0.116080	-1.106120
0.116160	-1.106120
0.116240	-1.043870
0.116320	-1.012750
0.116400	-0.981626
0.116480	-0.950503
0.116560	-0.888257
0.116640	-0.919380
0.116720	-0.857134
0.116800	-0.888257
0.116880	-0.826011
0.116960	-0.826011
0.117040	-0.794888
0.117120	-0.701519
0.117200	-0.701519
0.117280	-0.732642
0.117360	-0.763765
0.117440	-0.826011
0.117520	-0.857134
0.117600	-0.763765
0.117680	-0.577026
0.117760	-0.483657
0.117840	-0.359165
0.117920	-0.328042
0.118000	-0.328042
0.118080	-0.328042
0.118160	-0.452534
0.118240	-0.608149
0.118320	-0.732642
0.118400	-0.732642
0.118480	-0.577026
0.118560	-0.421411
0.118640	-0.390288
0.118720	-0.359165
0.118800	-0.452534
0.118880	-0.328042
0.118960	-0.421411
0.119040	-0.421411
0.119120	-0.390288
0.119200	-0.452534
0.119280	-0.514780
0.119360	-0.577026
0.119440	-0.639272
0.119520	-0.639272
0.119600	-0.608149
0.119680	-0.545903
0.119760	-0.514780
0.119840	-0.545903
0.119920	-0.545903
0.120000	-0.577026
0.120080	-0.545903
0.120160	-0.577026
0.120240	-0.545903
0.120320	-0.577026
0.120400	-0.639272
0.120480	-0.608149
0.120560	-0.608149
0.120640	-0.608149
0.120720	-0.670396
0.120800	-0.639272
0.120880	-0.701519
0.120960	-0.670396
0.121040	-0.763765
0.121120	-0.857134
0.121200	-0.857134
0.121280	-0.919380
0.121360	-1.012750
0.121440	-1.043870
0.121520	-1.012750
0.121600	-1.106120
0.121680	-1.137240
0.121760	-1.199490
0.121840	-1.199490
0.121920	-1.261730
0.122000	-1.261730
0.122080	-1.199490
0.122160	-1.230610
0.122240	-1.230610
0.122320	-1.292860
0.122400	-1.323980
0.122480	-1.292860
0.122560	-1.261730
0.122640	-1.137240
0.122720	-1.168360
0.122800	-1.106120
0.122880	-1.074990
0.122960	-1.137240
0.123040	-1.074990
0.123120	-1.168360
0.123200	-1.168360
0.123280	-1.261730
0.123360	-1.261730
0.123440	-1.323980
0.123520	-1.417350
0.123600	-1.572960
0.123680	-1.666330
0.123760	-1.728580
0.123840	-1.635210
0.123920	-1.541840
0.124000	-1.448470
0.124080	-1.510720
0.124160	-1.604090
0.124240	-1.635210
0.124320	-1.635210
0.124400	-1.697460
0.124480	-1.666330
0.124560	-1.666330
0.124640	-1.604090
0.124720	-1.635210
0.124800	-1.510720
0.124880	-1.572960
0.124960	-1.572960
0.125040	-1.604090
0.125120	-1.604090
0.125200	-1.666330
0.125280	-1.728580
0.125360	-1.759700
0.125440	-1.821950
0.125520	-1.821950
0.125600	-1.884190
0.125680	-1.853070
0.125760	-1.946440
0.125840	-1.946440
0.125920	-2.008690
0.126000	-2.008690
0.126080	-2.039810
0.126160	-2.039810
0.126240	-1.977560
0.126320	-2.008690
0.126400	-1.977560
0.126480	-2.039810
0.126560	-2.195420
0.126640	-2.288790
0.126720	-2.257670
0.126800	-2.257670
0.126880	-2.257670
0.126960	-2.195420
0.127040	-2.195420
0.127120	-2.226550
0.127200	-2.257670
0.127280	-2.195420
0.127360	-2.288790
0.127440	-2.195420
0.127520	-2.226550
0.127600	-2.226550
0.127680	-2.195420
0.127760	-2.195420
0.127840	-2.226550
0.127920	-2.257670
0.128000	-2.226550
0.128080	-2.257670
0.128160	-2.226550
0.128240	-2.226550
0.128320	-2.288790
0.128400	-2.257670
0.128480	-2.319920
0.128560	-2.382160
0.128640	-2.351040
0.128720	-2.351040
0.128800	-2.351040
0.128880	-2.382160
0.128960	-2.413280
0.129040	-2.351040
0.129120	-2.413280
0.129200	-2.413280
0.129280	-2.444410
0.129360	-2.444410
0.129440	-2.506650
0.129520	-2.537780
0.129600	-2.631150
0.129680	-2.537780
0.129760	-2.600020
0.129840	-2.537780
0.129920	-2.568900
0.130000	-2.600020
0.130080	-2.600020
0.130160	-2.568900
0.130240	-2.631150
0.130320	-2.568900
0.130400	-2.631150
0.130480	-2.600020
0.130560	-2.568900
0.130640	-2.631150
0.130720	-2.724510
0.130800	-2.817880
0.130880	-2.849010
0.130960	-2.911250
0.131040	-2.911250
0.131120	-2.755640
0.131200	-2.724510
0.131280	-2.693390
0.131360	-2.693390
0.131440	-2.662270
0.131520	-2.724510
0.131600	-2.755640
0.131680	-2.786760
0.131760	-2.755640
0.131840	-2.755640
0.131920	-2.755640
0.132000	-2.755640
0.132080	-2.786760
0.132160	-2.786760
0.132240	-2.724510
0.132320	-2.755640
0.132400	-2.786760
0.132480	-2.786760
0.132560	-2.817880
0.132640	-2.817880
0.132720	-2.786760
0.132800	-2.755640
0.132880	-2.786760
0.132960	-2.724510
0.133040	-2.693390
0.133120	-2.724510
0.133200	-2.693390
0.133280	-2.693390
0.133360	-2.693390
0.133440	-2.693390
0.133520	-2.724510
0.133600	-2.755640
0.133680	-2.755640
0.133760	-2.786760
0.133840	-2.786760
0.133920	-2.817880
0.134000	-2.880130
0.134080	-2.911250
0.134160	-3.004620
0.134240	-3.066870
0.134320	-3.097990
0.134400	-2.942380
0.134480	-2.755640
0.134560	-2.631150
0.134640	-2.537780
0.134720	-2.568900
0.134800	-2.600020
0.134880	-2.662270
0.134960	-2.662270
0.135040	-2.600020
0.135120	-2.631150
0.135200	-2.724510
0.135280	-2.786760
0.135360	-2.849010
0.135440	-2.911250
0.135520	-2.942380
0.135600	-2.817880
0.135680	-2.817880
0.135760	-2.817880
0.135840	-2.942380
0.135920	-2.849010
0.136000	-2.849010
0.136080	-2.817880
0.136160	-2.817880
0.136240	-2.880130
0.136320	-2.942380
0.136400	-2.942380
0.136480	-2.911250
0.136560	-2.880130
0.136640	-2.849010
0.136720	-2.786760
0.136800	-2.849010
0.136880	-2.911250
0.136960	-2.942380
0.137040	-2.942380
0.137120	-2.911250
0.137200	-2.911250
0.137280	-2.911250
0.137360	-2.880130
0.137440	-2.786760
0.137520	-2.755640
0.137600	-2.693390
0.137680	-2.693390
0.137760	-2.786760
0.137840	-2.724510
0.137920	-2.693390
0.138000	-2.631150
0.138080	-2.568900
0.138160	-2.568900
0.138240	-2.537780
0.138320	-2.444410
0.138400	-2.475530
0.138480	-2.351040
0.138560	-2.319920
0.138640	-2.288790
0.138720	-2.226550
0.138800	-2.257670
0.138880	-2.133180
0.138960	-2.070930
0.139040	-1.977560
0.139120	-1.946440
0.139200	-1.884190
0.139280	-1.853070
0.139360	-1.790820
0.139440	-1.666330
0.139520	-1.666330
0.139600	-1.635210
0.139680	-1.604090
0.139760	-1.541840
0.139840	-1.541840
0.139920	-1.479590
0.140000	-1.386220
0.140080	-1.323980
0.140160	-1.323980
0.140240	-1.199490
0.140320	-1.168360
0.140400	-1.199490
0.140480	-1.199490
0.140560	-1.199490
0.140640	-1.106120
0.140720	-1.043870
0.140800	-1.043870
0.140880	-1.043870
0.140960	-0.950503
0.141040	-0.950503
0.141120	-0.888257
0.141200	-0.888257
0.141280	-0.794888
0.141360	-0.732642
0.141440	-0.639272
0.141520	-0.608149
0.141600	-0.608149
0.141680	-0.514780
0.141760	-0.545903
0.141840	-0.514780
0.141920	-0.483657
0.142000	-0.452534
0.142080	-0.390288
0.142160	-0.296919
0.142240	-0.172427
0.142320	-0.172427
0.142400	-0.172427
0.142480	-0.203550
0.142560	-0.203550
0.142640	-0.172427
0.142720	-0.110181
0.142800	-0.047935
0.142880	0.014311
0.142960	-0.016812
0.143040	-0.016812
0.143120	0.169926
0.143200	0.201049
0.143280	0.387787
0.143360	0.418910
0.143440	0.387787
0.143520	0.356664
0.143600	0.356664
0.143680	0.356664
0.143760	0.387787
0.143840	0.418910
0.143920	0.512279
0.144000	0.512279
0.144080	0.512279
0.144160	0.543402
0.144240	0.605648
0.144320	0.605648
0.144400	0.667894
0.144480	0.636771
0.144560	0.636771
0.144640	0.574525
0.144720	0.667894
0.144800	0.730140
0.144880	0.761263
0.144960	0.792386
0.145040	0.823509
0.145120	0.854632
0.145200	0.916878
0.145280	0.916878
0.145360	0.885755
0.145440	0.854632
0.145520	0.854632
0.145600	0.948001
0.145680	1.041370
0.145760	1.196990
0.145840	1.259230
0.145920	1.259230
0.146000	1.196990
0.146080	1.259230
0.146160	1.259230
0.146240	1.352600
0.146320	1.352600
0.146400	1.445970
0.146480	1.414850
0.146560	1.414850
0.146640	1.445970
0.146720	1.477090
0.146800	1.508220
0.146880	1.570460
0.146960	1.570460
0.147040	1.570460
0.147120	1.632710
0.147200	1.601580
0.147280	1.663830
0.147360	1.663830
0.147440	1.726080
0.147520	1.726080
0.147600	1.726080
0.147680	1.788320
0.147760	1.788320
0.147840	1.850570
0.147920	1.819450
0.148000	1.850570
0.148080	1.912810
0.148160	1.975060
0.148240	2.006180
0.148320	2.006180
0.148400	1.975060
0.148480	1.912810
0.148560	1.881690
0.148640	1.881690
0.148720	2.006180
0.148800	2.099550
0.148880	2.161800
0.148960	2.192920
0.149040	2.161800
0.149120	2.130680
0.149200	2.161800
0.149280	2.161800
0.149360	2.192920
0.149440	2.255170
0.149520	2.286290
0.149600	2.255170
0.149680	2.379660
0.149760	2.348540
0.149840	2.317410
0.149920	2.348540
0.150000	2.317410
0.150080	2.348540
0.150160	2.410780
0.150240	2.410780
0.150320	2.441910
0.150400	2.504150
0.150480	2.504150
0.150560	2.535280
0.150640	2.535280
0.150720	2.566400
0.150800	2.597520
0.150880	2.566400
0.150960	2.597520
0.151040	2.659770
0.151120	2.722010
0.151200	2.722010
0.151280	2.722010
0.151360	2.784260
0.151440	2.815380
0.151520	2.753140
0.151600	2.722010
0.151680	2.753140
0.151760	2.784260
0.151840	2.846510
0.151920	2.846510
0.152000	2.971000
0.152080	2.939870
0.152160	3.002120
0.152240	2.971000
0.152320	2.971000
0.152400	2.971000
0.152480	3.033240
0.152560	3.033240
0.152640	3.157740
0.152720	3.157740
0.152800	3.126610
0.152880	3.219980
0.152960	3.251100
0.153040	3.251100
0.153120	3.282230
0.153200	3.251100
0.153280	3.282230
0.153360	3.344470
0.153440	3.375600
0.153520	3.313350
0.153600	3.219980
0.153680	3.251100
0.153760	3.282230
0.153840	3.437840
0.153920	3.406720
0.154000	3.437840
0.154080	3.375600
0.154160	3.406720
0.154240	3.344470
0.154320	3.437840
0.154400	3.437840
0.154480	3.468970
0.154560	3.500090
0.154640	3.562330
0.154720	3.531210
0.154800	3.562330
0.154880	3.500090
0.154960	3.500090
0.155040	3.562330
0.155120	3.593460
0.155200	3.624580
0.155280	3.624580
0.155360	3.655700
0.155440	3.686830
0.155520	3.655700
0.155600	3.749070
0.155680	3.717950
0.155760	3.655700
0.155840	3.624580
0.155920	3.593460
0.156000	3.655700
0.156080	3.717950
0.156160	3.811320
0.156240	3.811320
0.156320	3.904690
0.156400	3.842440
0.156480	3.842440
0.156560	3.904690
0.156640	3.904690
0.156720	3.904690
0.156800	3.904690
0.156880	3.873560
0.156960	3.904690
0.157040	3.904690
0.157120	3.904690
0.157200	3.873560
0.157280	3.842440
0.157360	3.842440
0.157440	3.842440
0.157520	3.842440
0.157600	3.842440
0.157680	3.873560
0.157760	3.873560
0.157840	3.904690
0.157920	3.873560
0.158000	3.873560
0.158080	3.904690
0.158160	3.904690
0.158240	3.935810
0.158320	3.935810
0.158400	3.966930
0.158480	3.904690
0.158560	3.873560
0.158640	3.904690
0.158720	3.935810
0.158800	3.904690
0.158880	3.904690
0.158960	3.842440
0.159040	3.811320
0.159120	3.873560
0.159200	3.811320
0.159280	3.780200
0.159360	3.780200
0.159440	3.749070
0.159520	3.686830
0.159600	3.655700
0.159680	3.686830
0.159760	3.655700
0.159840	3.593460
0.159920	3.655700
0.160000	3.562330
0.160080	3.624580
0.160160	3.655700
0.160240	3.717950
0.160320	3.655700
0.160400	3.686830
0.160480	3.655700
0.160560	3.686830
0.160640	3.686830
0.160720	3.717950
0.160800	3.717950
0.160880	3.655700
0.160960	3.655700
0.161040	3.686830
0.161120	3.686830
0.161200	3.717950
0.161280	3.717950
0.161360	3.655700
0.161440	3.686830
0.161520	3.624580
0.161600	3.655700
0.161680	3.655700
0.161760	3.655700
0.161840	3.593460
0.161920	3.593460
0.162000	3.593460
0.162080	3.624580
0.162160	3.655700
0.162240	3.717950
0.162320	3.686830
0.162400	3.593460
0.162480	3.593460
0.162560	3.593460
0.162640	3.562330
0.162720	3.531210
0.162800	3.500090
0.162880	3.406720
0.162960	3.406720
0.163040	3.344470
0.163120	3.375600
0.163200	3.437840
0.163280	3.468970
0.163360	3.500090
0.163440	3.531210
0.163520	3.500090
0.163600	3.437840
0.163680	3.437840
0.163760	3.437840
0.163840	3.531210
0.163920	3.531210
0.164000	3.500090
0.164080	3.500090
0.164160	3.468970
0.164240	3.500090
0.164320	3.500090
0.164400	3.531210
0.164480	3.531210
0.164560	3.531210
0.164640	3.531210
0.164720	3.593460
0.164800	3.562330
0.164880	3.593460
0.164960	3.593460
0.165040	3.562330
0.165120	3.500090
0.165200	3.500090
0.165280	3.437840
0.165360	3.531210
0.165440	3.500090
0.165520	3.468970
0.165600	3.468970
0.165680	3.437840
0.165760	3.406720
0.165840	3.375600
0.165920	3.406720
0.166000	3.344470
0.166080	3.406720
0.166160	3.375600
0.166240	3.344470
0.166320	3.313350
0.166400	3.344470
0.166480	3.313350
0.166560	3.375600
0.166640	3.375600
0.166720	3.344470
0.166800	3.282230
0.166880	3.251100
0.166960	3.126610
0.167040	3.126610
0.167120	3.157740
0.167200	3.095490
0.167280	3.064370
0.167360	2.971000
0.167440	3.033240
0.167520	3.064370
0.167600	3.095490
0.167680	3.126610
0.167760	3.095490
0.167840	3.095490
0.167920	3.064370
0.168000	3.002120
0.168080	2.971000
0.168160	2.908750
0.168240	2.815380
0.168320	2.877630
0.168400	2.846510
0.168480	2.877630
0.168560	2.877630
0.168640	2.971000
0.168720	2.939870
0.168800	2.846510
0.168880	2.753140
0.168960	2.722010
0.169040	2.784260
0.169120	2.784260
0.169200	2.815380
0.169280	2.753140
0.169360	2.659770
0.169440	2.597520
0.169520	2.628640
0.169600	2.628640
0.169680	2.659770
0.169760	2.659770
0.169840	2.535280
0.169920	2.535280
0.170000	2.441910
0.170080	2.441910
0.170160	2.441910
0.170240	2.473030
0.170320	2.379660
0.170400	2.410780
0.170480	2.317410
0.170560	2.410780
0.170640	2.410780
0.170720	2.504150
0.170800	2.441910
0.170880	2.441910
0.170960	2.348540
0.171040	2.317410
0.171120	2.255170
0.171200	2.224050
0.171280	2.255170
0.171360	2.286290
0.171440	2.317410
0.171520	2.192920
0.171600	2.255170
0.171680	2.224050
0.171760	2.192920
0.171840	2.192920
0.171920	2.255170
0.172000	2.192920
0.172080	2.224050
0.172160	2.255170
0.172240	2.255170
0.172320	2.224050
0.172400	2.161800
0.172480	2.192920
0.172560	2.130680
0.172640	2.161800
0.172720	2.161800
0.172800	2.130680
0.172880	2.099550
0.172960	2.037310
0.173040	2.068430
0.173120	2.006180
0.173200	1.975060
0.173280	1.912810
0.173360	1.943940
0.173440	1.850570
0.173520	1.881690
0.173600	1.819450
0.173680	1.819450
0.173760	1.726080
0.173840	1.726080
0.173920	1.726080
0.174000	1.694950
0.174080	1.694950
0.174160	1.601580
0.174240	1.601580
0.174320	1.663830
0.174400	1.694950
0.174480	1.694950
0.174560	1.601580
0.174640	1.663830
0.174720	1.570460
0.174800	1.632710
0.174880	1.570460
0.174960	1.632710
0.175040	1.601580
0.175120	1.570460
0.175200	1.570460
0.175280	1.601580
0.175360	1.570460
0.175440	1.477090
0.175520	1.570460
0.175600	1.539340
0.175680	1.570460
0.175760	1.539340
0.175840	1.539340
0.175920	1.601580
0.176000	1.632710
0.176080	1.601580
0.176160	1.632710
0.176240	1.663830
0.176320	1.601580
0.176400	1.539340
0.176480	1.601580
0.176560	1.570460
0.176640	1.570460
0.176720	1.570460
0.176800	1.508220
0.176880	1.601580
0.176960	1.570460
0.177040	1.632710
0.177120	1.632710
0.177200	1.632710
0.177280	1.663830
0.177360	1.663830
0.177440	1.632710
0.177520	1.632710
0.177600	1.601580
0.177680	1.601580
0.177760	1.601580
0.177840	1.601580
0.177920	1.601580
0.178000	1.632710
0.178080	1.632710
0.178160	1.663830
0.178240	1.694950
0.178320	1.694950
0.178400	1.726080
0.178480	1.757200
0.178560	1.819450
0.178640	1.788320
0.178720	1.850570
0.178800	1.850570
0.178880	1.850570
0.178960	1.788320
0.179040	1.850570
0.179120	1.819450
0.179200	1.881690
0.179280	1.850570
0.179360	1.912810
0.179440	1.943940
0.179520	1.975060
0.179600	2.006180
0.179680	1.943940
0.179760	2.006180
0.179840	1.943940
0.179920	1.943940
0.180000	2.006180
0.180080	2.037310
0.180160	2.006180
0.180240	2.068430
0.180320	2.099550
0.180400	2.161800
0.180480	2.161800
0.180560	2.192920
0.180640	2.161800
0.180720	2.192920
0.180800	2.224050
0.180880	2.286290
0.180960	2.286290
0.181040	2.379660
0.181120	2.379660
0.181200	2.379660
0.181280	2.379660
0.181360	2.410780
0.181440	2.410780
0.181520	2.441910
0.181600	2.535280
0.181680	2.566400
0.181760	2.504150
0.181840	2.566400
0.181920	2.535280
0.182000	2.597520
0.182080	2.597520
0.182160	2.566400
0.182240	2.628640
0.182320	2.628640
0.182400	2.690890
0.182480	2.753140
0.182560	2.784260
0.182640	2.753140
0.182720	2.815380
0.182800	2.815380
0.182880	2.846510
0.182960	2.877630
0.183040	2.908750
0.183120	2.971000
0.183200	3.002120
0.183280	3.064370
0.183360	3.095490
0.183440	3.188860
0.183520	3.219980
0.183600	3.251100
0.183680	3.251100
0.183760	3.282230
0.183840	3.282230
0.183920	3.437840
0.184000	3.406720
0.184080	3.500090
0.184160	3.562330
0.184240	3.593460
0.184320	3.686830
0.184400	3.749070
0.184480	3.811320
0.184560	3.935810
0.184640	4.029180
0.184720	4.153670
0.184800	4.184800
0.184880	4.247040
0.184960	4.340410
0.185040	4.402660
0.185120	4.464900
0.185200	4.558270
0.185280	4.682760
0.185360	4.807260
0.185440	4.900620
0.185520	4.962870
0.185600	5.056240
0.185680	4.962870
0.185760	4.900620
0.185840	4.993990
0.185920	5.087360
0.186000	5.025120
0.186080	5.025120
0.186160	4.931750
0.186240	4.838380
0.186320	4.838380
0.186400	4.869500
0.186480	4.807260
0.186560	4.776130
0.186640	4.713890
0.186720	4.558270
0.186800	4.527150
0.186880	4.433780
0.186960	4.496030
0.187040	4.527150
0.187120	4.651640
0.187200	4.776130
0.187280	4.838380
0.187360	4.931750
0.187440	4.962870
0.187520	5.025120
0.187600	5.087360
0.187680	5.149610
0.187760	5.180730
0.187840	5.242980
0.187920	5.242980
0.188000	5.274100
0.188080	5.336350
0.188160	5.398590
0.188240	5.460840
0.188320	5.523090
0.188400	5.585330
0.188480	5.647580
0.188560	5.709820
0.188640	5.678700
0.188720	5.616450
0.188800	5.647580
0.188880	5.647580
0.188960	5.678700
0.189040	5.678700
0.189120	5.616450
0.189200	5.616450
0.189280	5.554210
0.189360	5.491960
0.189440	5.460840
0.189520	5.460840
0.189600	5.429720
0.189680	5.429720
0.189760	5.460840
0.189840	5.491960
0.189920	5.460840
0.190000	5.585330
0.190080	5.585330
0.190160	5.616450
0.190240	5.772070
0.190320	5.834320
0.190400	5.803190
0.190480	5.834320
0.190560	5.834320
0.190640	5.865440
0.190720	5.896560
0.190800	5.927680
0.190880	5.927680
0.190960	5.958810
0.191040	6.021050
0.191120	5.989930
0.191200	6.083300
0.191280	6.114420
0.191360	6.238910
0.191440	6.238910
0.191520	6.301160
0.191600	6.332280
0.191680	6.363410
0.191760	6.425650
0.191840	6.394530
0.191920	6.394530
0.192000	6.394530
0.192080	6.301160
0.192160	6.332280
0.192240	6.145540
0.192320	6.145540
0.192400	6.052180
0.192480	6.021050
0.192560	5.865440
0.192640	5.740950
0.192720	5.616450
0.192800	5.554210
0.192880	5.429720
0.192960	5.336350
0.193040	5.336350
0.193120	5.242980
0.193200	5.118490
0.193280	5.056240
0.193360	4.931750
0.193440	4.807260
0.193520	4.651640
0.193600	4.558270
0.193680	4.464900
0.193760	4.309290
0.193840	4.247040
0.193920	4.153670
0.194000	3.935810
0.194080	3.873560
0.194160	3.780200
0.194240	3.624580
0.194320	3.531210
0.194400	3.500090
0.194480	3.500090
0.194560	3.468970
0.194640	3.437840
0.194720	3.406720
0.194800	3.313350
0.194880	3.313350
0.194960	3.251100
0.195040	3.219980
0.195120	3.251100
0.195200	3.313350
0.195280	3.313350
0.195360	3.282230
0.195440	3.313350
0.195520	3.313350
0.195600	3.313350
0.195680	3.375600
0.195760	3.375600
0.195840	3.437840
0.195920	3.468970
0.196000	3.468970
0.196080	3.531210
0.196160	3.531210
0.196240	3.562330
0.196320	3.562330
0.196400	3.593460
0.196480	3.624580
0.196560	3.655700
0.196640	3.686830
0.196720	3.717950
0.196800	3.749070
0.196880	3.780200
0.196960	3.873560
0.197040	3.780200
0.197120	3.873560
0.197200	3.904690
0.197280	3.966930
0.197360	3.935810
0.197440	3.998060
0.197520	3.998060
0.197600	4.060300
0.197680	4.060300
0.197760	4.184800
0.197840	4.153670
0.197920	4.184800
0.198000	4.247040
0.198080	4.247040
0.198160	4.309290
0.198240	4.340410
0.198320	4.402660
0.198400	4.464900
0.198480	4.464900
0.198560	4.464900
0.198640	4.558270
0.198720	4.558270
0.198800	4.589390
0.198880	4.620520
0.198960	4.651640
0.199040	4.682760
0.199120	4.713890
0.199200	4.713890
0.199280	4.745010
0.199360	4.776130
0.199440	4.745010
0.199520	4.776130
0.199600	4.776130
0.199680	4.838380
0.199760	4.869500
0.199840	4.869500
0.199920	4.900620
0.200000	4.900620
0.200080	4.900620
0.200160	4.900620
0.200240	4.900620
0.200320	4.931750
0.200400	4.900620
0.200480	4.962870
0.200560	4.962870
0.200640	4.931750
0.200720	4.962870
0.200800	4.962870
0.200880	5.025120
0.200960	5.025120
0.201040	5.025120
0.201120	5.056240
0.201200	5.087360
0.201280	5.056240
0.201360	5.056240
0.201440	5.056240
0.201520	5.087360
0.201600	5.056240
0.201680	5.025120
0.201760	5.025120
0.201840	4.993990
0.201920	4.931750
0.202000	4.993990
0.202080	4.993990
0.202160	5.087360
0.202240	4.900620
0.202320	4.900620
0.202400	4.962870
0.202480	5.056240
0.202560	4.962870
0.202640	4.962870
0.202720	4.900620
0.202800	4.900620
0.202880	4.869500
0.202960	4.900620
0.203040	4.900620
0.203120	4.900620
0.203200	4.900620
0.203280	4.931750
0.203360	4.993990
0.203440	4.931750
0.203520	4.931750
0.203600	4.900620
0.203680	4.900620
0.203760	4.869500
0.203840	4.838380
0.203920	4.807260
0.204000	4.776130
0.204080	4.745010
0.204160	4.651640
0.204240	4.558270
0.204320	4.558270
0.204400	4.527150
0.204480	4.402660
0.204560	4.340410
0.204640	4.278160
0.204720	4.122550
0.204800	4.091430
0.204880	4.029180
0.204960	3.966930
0.205040	3.935810
0.205120	3.904690
0.205200	3.904690
0.205280	3.904690
0.205360	3.873560
0.205440	3.811320
0.205520	3.780200
0.205600	3.717950
0.205680	3.749070
0.205760	3.531210
0.205840	3.562330
0.205920	3.437840
0.206000	3.406720
0.206080	3.344470
0.206160	3.251100
0.206240	3.157740
0.206320	2.971000
0.206400	2.815380
0.206480	2.690890
0.206560	2.566400
0.206640	2.473030
0.206720	2.441910
0.206800	2.348540
0.206880	2.286290
0.206960	2.192920
0.207040	2.161800
0.207120	2.068430
0.207200	2.068430
0.207280	2.006180
0.207360	1.912810
0.207440	1.881690
0.207520	1.819450
0.207600	1.757200
0.207680	1.788320
0.207760	1.726080
0.207840	1.694950
0.207920	1.632710
0.208000	1.632710
0.208080	1.539340
0.208160	1.508220
0.208240	1.508220
0.208320	1.414850
0.208400	1.445970
0.208480	1.352600
0.208560	1.290350
0.208640	1.290350
0.208720	1.228110
0.208800	1.165860
0.208880	1.196990
0.208960	1.134740
0.209040	1.072490
0.209120	1.041370
0.209200	0.948001
0.209280	0.948001
0.209360	0.979124
0.209440	0.916878
0.209520	0.854632
0.209600	0.854632
0.209680	0.823509
0.209760	0.792386
0.209840	0.792386
0.209920	0.761263
0.210000	0.792386
0.210080	0.699017
0.210160	0.730140
0.210240	0.667894
0.210320	0.605648
0.210400	0.605648
0.210480	0.605648
0.210560	0.605648
0.210640	0.574525
0.210720	0.574525
0.210800	0.636771
0.210880	0.574525
0.210960	0.574525
0.211040	0.605648
0.211120	0.574525
0.211200	0.543402
0.211280	0.574525
0.211360	0.636771
0.211440	0.605648
0.211520	0.636771
0.211600	0.605648
0.211680	0.605648
0.211760	0.574525
0.211840	0.605648
0.211920	0.636771
0.212000	0.636771
0.212080	0.667894
0.212160	0.730140
0.212240	0.636771
0.212320	0.699017
0.212400	0.699017
0.212480	0.761263
0.212560	0.792386
0.212640	0.854632
0.212720	0.854632
0.212800	0.885755
0.212880	0.885755
0.212960	0.854632
0.213040	0.823509
0.213120	0.885755
0.213200	0.979124
0.213280	0.948001
0.213360	0.979124
0.213440	1.010250
0.213520	0.979124
0.213600	1.010250
0.213680	1.041370
0.213760	1.072490
0.213840	1.041370
0.213920	1.072490
0.214000	1.041370
0.214080	1.072490
0.214160	1.103620
0.214240	1.165860
0.214320	1.165860
0.214400	1.134740
0.214480	1.165860
0.214560	1.134740
0.214640	1.196990
0.214720	1.196990
0.214800	1.196990
0.214880	1.165860
0.214960	1.165860
0.215040	1.165860
0.215120	1.165860
0.215200	1.228110
0.215280	1.228110
0.215360	1.228110
0.215440	1.228110
0.215520	1.259230
0.215600	1.259230
0.215680	1.259230
0.215760	1.228110
0.215840	1.259230
0.215920	1.196990
0.216000	1.228110
0.216080	1.259230
0.216160	1.259230
0.216240	1.228110
0.216320	1.228110
0.216400	1.228110
0.216480	1.196990
0.216560	1.165860
0.216640	1.196990
0.216720	1.165860
0.216800	1.228110
0.216880	1.196990
0.216960	1.165860
0.217040	1.134740
0.217120	1.165860
0.217200	1.165860
0.217280	1.103620
0.217360	1.134740
0.217440	1.103620
0.217520	1.072490
0.217600	1.134740
0.217680	1.134740
0.217760	1.134740
0.217840	1.103620
0.217920	1.103620
0.218000	1.103620
0.218080	1.041370
0.218160	1.072490
0.218240	1.010250
0.218320	1.010250
0.218400	0.979124
0.218480	1.041370
0.218560	1.041370
0.218640	0.916878
0.218720	0.885755
0.218800	0.885755
0.218880	1.041370
0.218960	0.948001
0.219040	0.979124
0.219120	0.948001
0.219200	0.948001
0.219280	0.948001
0.219360	0.916878
0.219440	0.916878
0.219520	0.916878
0.219600	0.916878
0.219680	0.948001
0.219760	0.979124
0.219840	0.979124
0.219920	0.979124
0.220000	0.948001
0.220080	0.979124
0.220160	1.041370
0.220240	0.948001
0.220320	1.072490
0.220400	1.041370
0.220480	1.072490
0.220560	1.041370
0.220640	1.103620
0.220720	1.165860
0.220800	1.103620
0.220880	1.103620
0.220960	1.165860
0.221040	1.165860
0.221120	1.196990
0.221200	1.196990
0.221280	1.228110
0.221360	1.259230
0.221440	1.259230
0.221520	1.321480
0.221600	1.259230
0.221680	1.321480
0.221760	1.414850
0.221840	1.414850
0.221920	1.445970
0.222000	1.414850
0.222080	1.445970
0.222160	1.445970
0.222240	1.477090
0.222320	1.508220
0.222400	1.445970
0.222480	1.477090
0.222560	1.414850
0.222640	1.508220
0.222720	1.477090
0.222800	1.445970
0.222880	1.414850
0.222960	1.414850
0.223040	1.383720
0.223120	1.383720
0.223200	1.414850
0.223280	1.352600
0.223360	1.290350
0.223440	1.259230
0.223520	1.228110
0.223600	1.228110
0.223680	1.196990
0.223760	1.196990
0.223840	1.228110
0.223920	1.165860
0.224000	1.196990
0.224080	1.134740
0.224160	1.103620
0.224240	1.103620
0.224320	1.103620
0.224400	1.103620
0.224480	1.072490
0.224560	1.041370
0.224640	1.041370
0.224720	0.979124
0.224800	1.041370
0.224880	1.041370
0.224960	1.041370
0.225040	1.010250
0.225120	1.010250
0.225200	0.979124
0.225280	0.979124
0.225360	0.948001
0.225440	1.010250
0.225520	0.979124
0.225600	0.979124
0.225680	1.010250
0.225760	0.948001
0.225840	0.979124
0.225920	0.948001
0.226000	0.979124
0.226080	1.010250
0.226160	0.979124
0.226240	0.979124
0.226320	1.010250
0.226400	0.979124
0.226480	0.979124
0.226560	0.916878
0.226640	0.916878
0.226720	0.948001
0.226800	0.979124
0.226880	0.979124
0.226960	0.916878
0.227040	0.948001
0.227120	0.916878
0.227200	0.885755
0.227280	0.854632
0.227360	0.854632
0.227440	0.823509
0.227520	0.823509
0.227600	0.885755
0.227680	0.854632
0.227760	0.854632
0.227840	0.854632
0.227920	0.854632
0.228000	0.823509
0.228080	0.823509
0.228160	0.823509
0.228240	0.823509
0.228320	0.854632
0.228400	0.854632
0.228480	0.885755
0.228560	0.885755
0.228640	0.854632
0.228720	0.823509
0.228800	0.885755
0.228880	0.916878
0.228960	0.854632
0.229040	0.885755
0.229120	0.916878
0.229200	0.916878
0.229280	0.916878
0.229360	0.948001
0.229440	0.948001
0.229520	0.916878
0.229600	0.948001
0.229680	0.885755
0.229760	0.948001
0.229840	0.885755
0.229920	0.916878
0.230000	0.854632
0.230080	0.885755
0.230160	0.823509
0.230240	0.823509
0.230320	0.823509
0.230400	0.823509
0.230480	0.854632
0.230560	0.854632
0.230640	0.885755
0.230720	0.823509
0.230800	0.854632
0.230880	0.885755
0.230960	0.854632
0.231040	0.792386
0.231120	0.854632
0.231200	0.792386
0.231280	0.823509
0.231360	0.792386
0.231440	0.823509
0.231520	0.823509
0.231600	0.854632
0.231680	0.792386
0.231760	0.823509
0.231840	0.823509
0.231920	0.854632
0.232000	0.823509
0.232080	0.823509
0.232160	0.792386
0.232240	0.823509
0.232320	0.854632
0.232400	0.823509
0.232480	0.823509
0.232560	0.854632
0.232640	0.792386
0.232720	0.823509
0.232800	0.823509
0.232880	0.885755
0.232960	0.792386
0.233040	0.792386
0.233120	0.854632
0.233200	0.854632
0.233280	0.885755
0.233360	0.854632
0.233440	0.854632
0.233520	0.854632
0.233600	0.823509
0.233680	0.823509
0.233760	0.792386
0.233840	0.823509
0.233920	0.823509
0.234000	0.854632
0.234080	0.823509
0.234160	0.823509
0.234240	0.854632
0.234320	0.761263
0.234400	0.730140
0.234480	0.823509
0.234560	0.792386
0.234640	0.792386
0.234720	0.823509
0.234800	0.854632
0.234880	0.792386
0.234960	0.823509
0.235040	0.823509
0.235120	0.823509
0.235200	0.854632
0.235280	0.916878
0.235360	0.854632
0.235440	0.854632
0.235520	0.854632
0.235600	0.885755
0.235680	0.885755
0.235760	0.854632
0.235840	0.885755
0.235920	0.916878
0.236000	0.885755
0.236080	0.885755
0.236160	0.885755
0.236240	0.948001
0.236320	0.854632
0.236400	0.854632
0.236480	0.916878
0.236560	0.979124
0.236640	0.916878
0.236720	0.916878
0.236800	0.948001
0.236880	0.916878
0.236960	0.948001
0.237040	1.010250
0.237120	0.948001
0.237200	0.916878
0.237280	0.916878
0.237360	0.916878
0.237440	0.916878
0.237520	0.948001
0.237600	0.948001
0.237680	0.916878
0.237760	0.916878
0.237840	0.916878
0.237920	0.916878
0.238000	0.979124
0.238080	0.948001
0.238160	0.979124
0.238240	0.948001
0.238320	0.948001
0.238400	0.979124
0.238480	1.041370
0.238560	1.010250
0.238640	1.134740
0.238720	1.072490
0.238800	1.041370
0.238880	0.948001
0.238960	0.979124
0.239040	0.979124
0.239120	0.979124
0.239200	0.979124
0.239280	1.010250
0.239360	0.979124
0.239440	1.010250
0.239520	1.010250
0.239600	1.010250
0.239680	1.041370
0.239760	0.979124
0.239840	0.979124
0.239920	1.010250
0.240000	0.948001
0.240080	0.979124
0.240160	0.979124
0.240240	0.979124
0.240320	1.010250
0.240400	0.979124
0.240480	0.948001
0.240560	0.979124
0.240640	1.010250
0.240720	0.979124
0.240800	0.948001
0.240880	0.979124
0.240960	0.979124
0.241040	0.885755
0.241120	0.948001
0.241200	0.916878
0.241280	0.948001
0.241360	0.948001
0.241440	0.916878
0.241520	0.885755
0.241600	0.948001
0.241680	0.948001
0.241760	0.948001
0.241840	0.885755
0.241920	0.916878
0.242000	0.885755
0.242080	0.885755
0.242160	0.916878
0.242240	0.916878
0.242320	0.885755
0.242400	0.885755
0.242480	0.885755
0.242560	0.885755
0.242640	0.854632
0.242720	0.885755
0.242800	0.885755
0.242880	0.916878
0.242960	0.854632
0.243040	0.885755
0.243120	0.854632
0.243200	0.854632
0.243280	0.823509
0.243360	0.854632
0.243440	0.885755
0.243520	0.885755
0.243600	0.885755
0.243680	0.823509
0.243760	0.885755
0.243840	0.854632
0.243920	0.854632
0.244000	0.823509
0.244080	0.854632
0.244160	0.885755
0.244240	0.854632
0.244320	0.916878
0.244400	0.885755
0.244480	0.916878
0.244560	0.916878
0.244640	0.916878
0.244720	0.916878
0.244800	0.916878
0.244880	0.948001
0.244960	0.948001
0.245040	0.916878
0.245120	0.885755
0.245200	0.916878
0.245280	0.916878
0.245360	0.916878
0.245440	0.916878
0.245520	0.916878
0.245600	0.854632
0.245680	0.854632
0.245760	0.885755
0.245840	0.948001
0.245920	0.916878
0.246000	0.916878
0.246080	0.948001
0.246160	0.885755
0.246240	0.885755
0.246320	0.854632
0.246400	0.854632
0.246480	0.823509
0.246560	0.823509
0.246640	0.823509
0.246720	0.823509
0.246800	0.761263
0.246880	0.792386
0.246960	0.792386
0.247040	0.761263
0.247120	0.792386
0.247200	0.792386
0.247280	0.792386
0.247360	0.792386
0.247440	0.792386
0.247520	0.792386
0.247600	0.792386
0.247680	0.823509
0.247760	0.761263
0.247840	0.854632
0.247920	0.792386
0.248000	0.823509
0.248080	0.792386
0.248160	0.761263
0.248240	0.792386
0.248320	0.730140
0.248400	0.761263
0.248480	0.792386
0.248560	0.730140
0.248640	0.823509
0.248720	0.761263
0.248800	0.792386
0.248880	0.730140
0.248960	0.730140
0.249040	0.730140
0.249120	0.730140
0.249200	0.761263
0.249280	0.823509
0.249360	0.792386
0.249440	0.761263
0.249520	0.730140
0.249600	0.730140
0.249680	0.823509
0.249760	0.761263
0.249840	0.823509
0.249920	0.730140
0.250000	0.761263
0.250080	0.761263
0.250160	0.792386
0.250240	0.730140
0.250320	0.761263
0.250400	0.761263
0.250480	0.761263
0.250560	0.792386
0.250640	0.792386
0.250720	0.761263
0.250800	0.792386
0.250880	0.761263
0.250960	0.730140
0.251040	0.730140
0.251120	0.730140
0.251200	0.792386
0.251280	0.730140
0.251360	0.730140
0.251440	0.730140
0.251520	0.761263
0.251600	0.730140
0.251680	0.761263
0.251760	0.792386
0.251840	0.761263
0.251920	0.823509
0.252000	0.823509
0.252080	0.823509
0.252160	0.699017
0.252240	0.730140
0.252320	0.916878
0.252400	0.885755
0.252480	0.854632
0.252560	1.072490
0.252640	0.979124
0.252720	1.010250
0.252800	1.010250
0.252880	1.103620
0.252960	1.165860
0.253040	1.165860
0.253120	1.196990
0.253200	1.134740
0.253280	1.196990
0.253360	1.259230
0.253440	1.259230
0.253520	1.259230
0.253600	1.321480
0.253680	1.259230
0.253760	1.290350
0.253840	1.259230
0.253920	1.290350
0.254000	1.228110
0.254080	1.228110
0.254160	1.196990
0.254240	1.259230
0.254320	1.259230
0.254400	1.321480
0.254480	1.321480
0.254560	1.259230
0.254640	1.259230
0.254720	1.259230
0.254800	1.290350
0.254880	1.259230
0.254960	1.290350
0.255040	1.290350
0.255120	1.228110
0.255200	1.290350
0.255280	1.259230
0.255360	1.228110
0.255440	1.228110
0.255520	1.228110
0.255600	1.290350
0.255680	1.228110
0.255760	1.259230
0.255840	1.290350
0.255920	1.259230
0.256000	1.259230
0.256080	1.259230
0.256160	1.259230
0.256240	1.259230
0.256320	1.290350
0.256400	1.259230
0.256480	1.228110
0.256560	1.290350
0.256640	1.321480
0.256720	1.259230
0.256800	1.259230
0.256880	1.259230
0.256960	1.259230
0.257040	1.290350
0.257120	1.290350
0.257200	1.290350
0.257280	1.259230
0.257360	1.259230
0.257440	1.290350
0.257520	1.259230
0.257600	1.196990
0.257680	1.196990
0.257760	1.196990
0.257840	1.196990
0.257920	1.259230
0.258000	1.196990
0.258080	1.196990
0.258160	1.196990
0.258240	1.228110
0.258320	1.196990
0.258400	1.165860
0.258480	1.134740
0.258560	1.134740
0.258640	1.165860
0.258720	1.165860
0.258800	1.103620
0.258880	1.165860
0.258960	1.165860
0.259040	1.134740
0.259120	1.196990
0.259200	1.165860
0.259280	1.103620
0.259360	1.134740
0.259440	1.103620
0.259520	1.134740
0.259600	1.103620
0.259680	1.103620
0.259760	1.041370
0.259840	1.041370
0.259920	1.041370
0.260000	1.041370
0.260080	0.979124
0.260160	1.041370
0.260240	1.041370
0.260320	1.041370
0.260400	0.979124
0.260480	0.979124
0.260560	1.010250
0.260640	0.948001
0.260720	0.948001
0.260800	0.916878
0.260880	0.948001
0.260960	0.885755
0.261040	0.948001
0.261120	0.916878
0.261200	0.916878
0.261280	0.854632
0.261360	0.823509
0.261440	0.854632
0.261520	0.823509
0.261600	0.854632
0.261680	0.823509
0.261760	0.823509
0.261840	0.823509
0.261920	0.792386
0.262000	0.792386
0.262080	0.823509
0.262160	0.761263
0.262240	0.792386
0.262320	0.823509
0.262400	0.792386
0.262480	0.761263
0.262560	0.823509
0.262640	0.730140
0.262720	0.730140
0.262800	0.730140
0.262880	0.730140
0.262960	0.699017
0.263040	0.699017
0.263120	0.699017
0.263200	0.636771
0.263280	0.636771
0.263360	0.667894
0.263440	0.636771
0.263520	0.667894
0.263600	0.636771
0.263680	0.605648
0.263760	0.636771
0.263840	0.605648
0.263920	0.605648
0.264000	0.605648
0.264080	0.574525
0.264160	0.574525
0.264240	0.605648
0.264320	0.574525
0.264400	0.543402
0.264480	0.512279
0.264560	0.512279
0.264640	0.543402
0.264720	0.512279
0.264800	0.481156
0.264880	0.512279
0.264960	0.512279
0.265040	0.543402
0.265120	0.512279
0.265200	0.512279
0.265280	0.512279
0.265360	0.512279
0.265440	0.481156
0.265520	0.418910
0.265600	0.418910
0.265680	0.356664
0.265760	0.450033
0.265840	0.481156
0.265920	0.481156
0.266000	0.512279
0.266080	0.512279
0.266160	0.450033
0.266240	0.481156
0.266320	0.543402
0.266400	0.574525
0.266480	0.636771
0.266560	0.636771
0.266640	0.605648
0.266720	0.605648
0.266800	0.667894
0.266880	0.730140
0.266960	0.761263
0.267040	0.792386
0.267120	0.792386
0.267200	0.854632
0.267280	0.885755
0.267360	0.854632
0.267440	0.979124
0.267520	0.916878
0.267600	0.948001
0.267680	0.948001
0.267760	0.948001
0.267840	0.979124
0.267920	1.010250
0.268000	0.979124
0.268080	1.010250
0.268160	0.948001
0.268240	1.010250
0.268320	1.041370
0.268400	0.979124
0.268480	0.979124
0.268560	0.979124
0.268640	1.010250
0.268720	1.010250
0.268800	1.103620
0.268880	0.979124
0.268960	0.948001
0.269040	0.979124
0.269120	0.885755
0.269200	0.854632
0.269280	0.916878
0.269360	0.885755
0.269440	0.885755
0.269520	0.885755
0.269600	0.916878
0.269680	0.948001
0.269760	0.916878
0.269840	0.885755
0.269920	0.823509
0.270000	0.792386
0.270080	0.699017
0.270160	0.761263
0.270240	0.823509
0.270320	0.792386
0.270400	0.730140
0.270480	0.730140
0.270560	0.667894
0.270640	0.636771
0.270720	0.667894
0.270800	0.699017
0.270880	0.699017
0.270960	0.761263
0.271040	0.730140
0.271120	0.699017
0.271200	0.636771
0.271280	0.605648
0.271360	0.574525
0.271440	0.636771
0.271520	0.605648
0.271600	0.667894
0.271680	0.605648
0.271760	0.605648
0.271840	0.636771
0.271920	0.636771
0.272000	0.605648
0.272080	0.574525
0.272160	0.636771
0.272240	0.605648
0.272320	0.605648
0.272400	0.574525
0.272480	0.543402
0.272560	0.543402
0.272640	0.543402
0.272720	0.512279
0.272800	0.605648
0.272880	0.574525
0.272960	0.574525
0.273040	0.574525
0.273120	0.574525
0.273200	0.605648
0.273280	0.605648
0.273360	0.605648
0.273440	0.574525
0.273520	0.605648
0.273600	0.574525
0.273680	0.605648
0.273760	0.574525
0.273840	0.574525
0.273920	0.574525
0.274000	0.605648
0.274080	0.574525
0.274160	0.574525
0.274240	0.574525
0.274320	0.605648
0.274400	0.636771
0.274480	0.574525
0.274560	0.605648
0.274640	0.636771
0.274720	0.667894
0.274800	0.605648
0.274880	0.605648
0.274960	0.574525
0.275040	0.667894
0.275120	0.605648
0.275200	0.636771
0.275280	0.667894
0.275360	0.605648
0.275440	0.574525
0.275520	0.636771
0.275600	0.636771
0.275680	0.667894
0.275760	0.636771
0.275840	0.636771
0.275920	0.667894
0.276000	0.636771
0.276080	0.667894
0.276160	0.667894
0.276240	0.699017
0.276320	0.667894
0.276400	0.667894
0.276480	0.636771
0.276560	0.699017
0.276640	0.699017
0.276720	0.699017
0.276800	0.699017
0.276880	0.730140
0.276960	0.667894
0.277040	0.667894
0.277120	0.699017
0.277200	0.667894
0.277280	0.699017
0.277360	0.667894
0.277440	0.699017
0.277520	0.699017
0.277600	0.730140
0.277680	0.730140
0.277760	0.699017
0.277840	0.730140
0.277920	0.699017
0.278000	0.667894
0.278080	0.699017
0.278160	0.699017
0.278240	0.730140
0.278320	0.699017
0.278400	0.792386
0.278480	0.730140
0.278560	0.730140
0.278640	0.730140
0.278720	0.730140
0.278800	0.730140
0.278880	0.730140
0.278960	0.730140
0.279040	0.761263
0.279120	0.730140
0.279200	0.761263
0.279280	0.730140
0.279360	0.667894
0.279440	0.730140
0.279520	0.699017
0.279600	0.699017
0.279680	0.730140
0.279760	0.730140
0.279840	0.699017
0.279920	0.699017
0.280000	0.699017
0.280080	0.730140
0.280160	0.761263
0.280240	0.761263
0.280320	0.792386
0.280400	0.730140
0.280480	0.699017
0.280560	0.699017
0.280640	0.699017
0.280720	0.699017
0.280800	0.667894
0.280880	0.699017
0.280960	0.699017
0.281040	0.730140
0.281120	0.667894
0.281200	0.667894
0.281280	0.699017
0.281360	0.605648
0.281440	0.636771
0.281520	0.636771
0.281600	0.636771
0.281680	0.605648
0.281760	0.636771
0.281840	0.636771
0.281920	0.605648
0.282000	0.605648
0.282080	0.543402
0.282160	0.574525
0.282240	0.574525
0.282320	0.574525
0.282400	0.543402
0.282480	0.543402
0.282560	0.636771
0.282640	0.512279
0.282720	0.574525
0.282800	0.543402
0.282880	0.481156
0.282960	0.512279
0.283040	0.481156
0.283120	0.481156
0.283200	0.512279
0.283280	0.543402
0.283360	0.512279
0.283440	0.481156
0.283520	0.481156
0.283600	0.481156
0.283680	0.418910
0.283760	0.450033
0.283840	0.450033
0.283920	0.418910
0.284000	0.450033
0.284080	0.418910
0.284160	0.450033
0.284240	0.387787
0.284320	0.418910
0.284400	0.418910
0.284480	0.387787
0.284560	0.387787
0.284640	0.356664
0.284720	0.356664
0.284800	0.356664
0.284880	0.387787
0.284960	0.356664
0.285040	0.325541
0.285120	0.325541
0.285200	0.325541
0.285280	0.356664
0.285360	0.325541
0.285440	0.387787
0.285520	0.263295
0.285600	0.263295
0.285680	0.263295
0.285760	0.387787
0.285840	0.294418
0.285920	0.263295
0.286000	0.294418
0.286080	0.263295
0.286160	0.294418
0.286240	0.294418
0.286320	0.263295
0.286400	0.201049
0.286480	0.232172
0.286560	0.263295
0.286640	0.232172
0.286720	0.263295
0.286800	0.294418
0.286880	0.263295
0.286960	0.263295
0.287040	0.232172
0.287120	0.232172
0.287200	0.232172
0.287280	0.232172
0.287360	0.138803
0.287440	0.169926
0.287520	0.169926
0.287600	0.169926
0.287680	0.138803
0.287760	0.201049
0.287840	0.201049
0.287920	0.169926
0.288000	0.138803
0.288080	0.138803
0.288160	0.138803
0.288240	0.076557
0.288320	0.138803
0.288400	0.107679
0.288480	0.107679
0.288560	0.169926
0.288640	0.107679
0.288720	0.138803
0.288800	0.107679
0.288880	0.138803
0.288960	0.107679
0.289040	0.201049
0.289120	0.138803
0.289200	0.138803
0.289280	0.138803
0.289360	0.076557
0.289440	0.076557
0.289520	0.107679
0.289600	0.076557
0.289680	0.107679
0.289760	0.076557
0.289840	0.076557
0.289920	0.107679
0.290000	0.076557
0.290080	0.076557
0.290160	0.076557
0.290240	0.076557
0.290320	0.107679
0.290400	0.076557
0.290480	0.107679
0.290560	0.107679
0.290640	0.138803
0.290720	0.076557
0.290800	0.107679
0.290880	0.107679
0.290960	0.076557
0.291040	0.076557
0.291120	0.076557
0.291200	0.076557
0.291280	0.076557
0.291360	0.045434
0.291440	0.014311
0.291520	0.076557
0.291600	0.076557
0.291680	-0.016812
0.291760	0.045434
0.291840	0.076557
0.291920	0.045434
0.292000	-0.016812
0.292080	0.014311
0.292160	-0.016812
0.292240	0.045434
0.292320	0.076557
0.292400	0.014311
0.292480	0.045434
0.292560	0.014311
0.292640	-0.016812
0.292720	0.045434
0.292800	0.014311
0.292880	0.014311
0.292960	0.014311
0.293040	0.045434
0.293120	-0.047935
0.293200	-0.016812
0.293280	-0.047935
0.293360	-0.047935
0.293440	-0.016812
0.293520	-0.016812
0.293600	-0.047935
0.293680	0.014311
0.293760	-0.047935
0.293840	-0.016812
0.293920	-0.047935
0.294000	-0.047935
0.294080	-0.016812
0.294160	-0.079058
0.294240	-0.079058
0.294320	-0.079058
0.294400	-0.047935
0.294480	-0.079058
0.294560	-0.110181
0.294640	-0.079058
0.294720	-0.110181
0.294800	-0.110181
0.294880	-0.110181
0.294960	-0.141304
0.295040	-0.110181
0.295120	-0.110181
0.295200	-0.141304
0.295280	-0.110181
0.295360	-0.141304
0.295440	-0.203550
0.295520	-0.141304
0.295600	-0.172427
0.295680	-0.172427
0.295760	-0.141304
0.295840	-0.203550
0.295920	-0.203550
0.296000	-0.203550
0.296080	-0.203550
0.296160	-0.172427
0.296240	-0.203550
0.296320	-0.141304
0.296400	-0.172427
0.296480	-0.234673
0.296560	-0.141304
0.296640	-0.172427
0.296720	-0.203550
0.296800	-0.172427
0.296880	-0.265796
0.296960	-0.234673
0.297040	-0.265796
0.297120	-0.203550
0.297200	-0.203550
0.297280	-0.203550
0.297360	-0.234673
0.297440	-0.265796
0.297520	-0.234673
0.297600	-0.234673
0.297680	-0.265796
0.297760	-0.265796
0.297840	-0.328042
0.297920	-0.265796
0.298000	-0.265796
0.298080	-0.265796
0.298160	-0.265796
0.298240	-0.296919
0.298320	-0.265796
0.298400	-0.265796
0.298480	-0.234673
0.298560	-0.296919
0.298640	-0.234673
0.298720	-0.296919
0.298800	-0.265796
0.298880	-0.296919
0.298960	-0.296919
0.299040	-0.296919
0.299120	-0.328042
0.299200	-0.390288
0.299280	-0.359165
0.299360	-0.359165
0.299440	-0.359165
0.299520	-0.328042
0.299600	-0.328042
0.299680	-0.359165
0.299760	-0.359165
0.299840	-0.328042
0.299920	-0.328042
0.300000	-0.359165
0.300080	-0.359165
0.300160	-0.390288
0.300240	-0.359165
0.300320	-0.359165
0.300400	-0.359165
0.300480	-0.390288
0.300560	-0.359165
0.300640	-0.390288
0.300720	-0.390288
0.300800	-0.421411
0.300880	-0.421411
0.300960	-0.390288
0.301040	-0.359165
0.301120	-0.328042
0.301200	-0.390288
0.301280	-0.390288
0.301360	-0.359165
0.301440	-0.390288
0.301520	-0.421411
0.301600	-0.421411
0.301680	-0.421411
0.301760	-0.359165
0.301840	-0.421411
0.301920	-0.421411
0.302000	-0.265796
0.302080	-0.359165
0.302160	-0.265796
0.302240	-0.390288
0.302320	-0.390288
0.302400	-0.390288
0.302480	-0.390288
0.302560	-0.390288
0.302640	-0.328042
0.302720	-0.390288
0.302800	-0.390288
0.302880	-0.390288
0.302960	-0.390288
0.303040	-0.390288
0.303120	-0.421411
0.303200	-0.421411
0.303280	-0.452534
0.303360	-0.452534
0.303440	-0.452534
0.303520	-0.452534
0.303600	-0.421411
0.303680	-0.452534
0.303760	-0.421411
0.303840	-0.452534
0.303920	-0.483657
0.304000	-0.483657
0.304080	-0.452534
0.304160	-0.452534
0.304240	-0.452534
0.304320	-0.514780
0.304400	-0.483657
0.304480	-0.483657
0.304560	-0.545903
0.304640	-0.514780
0.304720	-0.514780
0.304800	-0.545903
0.304880	-0.545903
0.304960	-0.514780
0.305040	-0.514780
0.305120	-0.514780
0.305200	-0.545903
0.305280	-0.514780
0.305360	-0.514780
0.305440	-0.514780
0.305520	-0.514780
0.305600	-0.545903
0.305680	-0.545903
0.305760	-0.545903
0.305840	-0.545903
0.305920	-0.545903
0.306000	-0.577026
0.306080	-0.545903
0.306160	-0.545903
0.306240	-0.545903
0.306320	-0.577026
0.306400	-0.608149
0.306480	-0.577026
0.306560	-0.577026
0.306640	-0.639272
0.306720	-0.639272
0.306800	-0.639272
0.306880	-0.608149
0.306960	-0.608149
0.307040	-0.639272
0.307120	-0.639272
0.307200	-0.608149
0.307280	-0.670396
0.307360	-0.639272
0.307440	-0.639272
0.307520	-0.639272
0.307600	-0.701519
0.307680	-0.639272
0.307760	-0.670396
0.307840	-0.639272
0.307920	-0.701519
0.308000	-0.670396
0.308080	-0.670396
0.308160	-0.701519
0.308240	-0.670396
0.308320	-0.732642
0.308400	-0.701519
0.308480	-0.670396
0.308560	-0.701519
0.308640	-0.732642
0.308720	-0.732642
0.308800	-0.794888
0.308880	-0.763765
0.308960	-0.732642
0.309040	-0.732642
0.309120	-0.763765
0.309200	-0.794888
0.309280	-0.794888
0.309360	-0.794888
0.309440	-0.794888
0.309520	-0.826011
0.309600	-0.763765
0.309680	-0.763765
0.309760	-0.826011
0.309840	-0.763765
0.309920	-0.794888
0.310000	-0.794888
