-0.020000	-1.199420
-0.019920	-2.561700
-0.019840	-2.221130
-0.019760	-2.221130
-0.019680	-1.880560
-0.019600	-1.199420
-0.019520	-0.858849
-0.019440	-1.199420
-0.019360	-2.561700
-0.019280	-2.561700
-0.019200	-1.880560
-0.019120	-1.880560
-0.019040	-1.880560
-0.018960	-1.539990
-0.018880	-1.880560
-0.018800	-2.221130
-0.018720	-1.880560
-0.018640	-1.539990
-0.018560	-1.539990
-0.018480	-1.539990
-0.018400	-1.880560
-0.018320	-2.561700
-0.018240	-1.539990
-0.018160	-1.539990
-0.018080	-1.539990
-0.018000	-1.199420
-0.017920	-1.880560
-0.017840	-1.880560
-0.017760	-1.199420
-0.017680	-1.880560
-0.017600	-1.539990
-0.017520	-1.199420
-0.017440	-1.539990
-0.017360	-1.199420
-0.017280	-1.539990
-0.017200	-1.199420
-0.017120	-1.539990
-0.017040	-0.858849
-0.016960	-0.518278
-0.016880	0.162864
-0.016800	-0.518278
-0.016720	-1.199420
-0.016640	-0.518278
-0.016560	-1.199420
-0.016480	-1.199420
-0.016400	-1.199420
-0.016320	-1.539990
-0.016240	-1.880560
-0.016160	-1.539990
-0.016080	-1.880560
-0.016000	-0.177707
-0.015920	-0.177707
-0.015840	-1.539990
-0.015760	-2.221130
-0.015680	-2.221130
-0.015600	-1.539990
-0.015520	-1.199420
-0.015440	-1.199420
-0.015360	-1.539990
-0.015280	-1.539990
-0.015200	-1.880560
-0.015120	-2.561700
-0.015040	-2.902280
-0.014960	-2.561700
-0.014880	-1.539990
-0.014800	-0.858849
-0.014720	-1.880560
-0.014640	-1.539990
-0.014560	-1.880560
-0.014480	-2.221130
-0.014400	-1.539990
-0.014320	-0.518278
-0.014240	-0.177707
-0.014160	-0.177707
-0.014080	-1.199420
-0.014000	-1.199420
-0.013920	-1.199420
-0.013840	-1.199420
-0.013760	-1.539990
-0.013680	-0.858849
-0.013600	-0.518278
-0.013520	-1.199420
-0.013440	-1.199420
-0.013360	-1.880560
-0.013280	-2.221130
-0.013200	-1.199420
-0.013120	-1.539990
-0.013040	-0.858849
-0.012960	-1.199420
-0.012880	-1.539990
-0.012800	-2.221130
-0.012720	-1.199420
-0.012640	-1.880560
-0.012560	-1.539990
-0.012480	-1.539990
-0.012400	-1.539990
-0.012320	-1.199420
-0.012240	-1.199420
-0.012160	-0.518278
-0.012080	-1.199420
-0.012000	-0.858849
-0.011920	-0.518278
-0.011840	-1.539990
-0.011760	-1.539990
-0.011680	-1.199420
-0.011600	-1.539990
-0.011520	-1.880560
-0.011440	-1.199420
-0.011360	-0.858849
-0.011280	-1.199420
-0.011200	-1.199420
-0.011120	-1.539990
-0.011040	-2.221130
-0.010960	-1.880560
-0.010880	-1.880560
-0.010800	-1.539990
-0.010720	-1.199420
-0.010640	-1.199420
-0.010560	-1.539990
-0.010480	-0.858849
-0.010400	-0.518278
-0.010320	-0.858849
-0.010240	-0.518278
-0.010160	-0.858849
-0.010080	-1.539990
-0.010000	-1.199420
-0.009920	-0.518278
-0.009840	-0.858849
-0.009760	-0.518278
-0.009680	-0.518278
-0.009600	-1.199420
-0.009520	-1.539990
-0.009440	-1.880560
-0.009360	-1.199420
-0.009280	-1.539990
-0.009200	-0.858849
-0.009120	-1.539990
-0.009040	-1.539990
-0.008960	-1.199420
-0.008880	-1.199420
-0.008800	-1.539990
-0.008720	-0.858849
-0.008640	-1.199420
-0.008560	-0.858849
-0.008480	-0.518278
-0.008400	-1.199420
-0.008320	-0.518278
-0.008240	-1.539990
-0.008160	-1.199420
-0.008080	-1.199420
-0.008000	-1.199420
-0.007920	-1.199420
-0.007840	-1.539990
-0.007760	-1.539990
-0.007680	-0.858849
-0.007600	-1.880560
-0.007520	-0.858849
-0.007440	-1.199420
-0.007360	-0.177707
-0.007280	-0.518278
-0.007200	-0.858849
-0.007120	-1.199420
-0.007040	-0.518278
-0.006960	-0.177707
-0.006880	0.503435
-0.006800	-0.518278
-0.006720	-1.199420
-0.006640	-0.858849
-0.006560	-0.177707
-0.006480	0.503435
-0.006400	0.162864
-0.006320	0.503435
-0.006240	-1.199420
-0.006160	-0.858849
-0.006080	-0.858849
-0.006000	-0.518278
-0.005920	-0.858849
-0.005840	-0.858849
-0.005760	-0.858849
-0.005680	0.162864
-0.005600	0.162864
-0.005520	0.503435
-0.005440	0.162864
-0.005360	-0.177707
-0.005280	1.184580
-0.005200	0.844006
-0.005120	0.162864
-0.005040	0.162864
-0.004960	-0.518278
-0.004880	-0.518278
-0.004800	-0.518278
-0.004720	0.503435
-0.004640	0.503435
-0.004560	-0.177707
-0.004480	-0.177707
-0.004400	-0.177707
-0.004320	0.503435
-0.004240	0.503435
-0.004160	0.503435
-0.004080	0.162864
-0.004000	-0.177707
-0.003920	0.503435
-0.003840	0.162864
-0.003760	1.184580
-0.003680	0.503435
-0.003600	-0.177707
-0.003520	0.162864
-0.003440	0.162864
-0.003360	0.844006
-0.003280	1.525150
-0.003200	1.184580
-0.003120	1.184580
-0.003040	0.844006
-0.002960	0.844006
-0.002880	0.844006
-0.002800	0.503435
-0.002720	1.184580
-0.002640	1.184580
-0.002560	1.184580
-0.002480	1.184580
-0.002400	0.844006
-0.002320	0.844006
-0.002240	1.184580
-0.002160	1.865720
-0.002080	1.525150
-0.002000	1.184580
-0.001920	0.503435
-0.001840	0.162864
-0.001760	-0.177707
-0.001680	0.162864
-0.001600	0.503435
-0.001520	0.162864
-0.001440	0.844006
-0.001360	0.503435
-0.001280	0.844006
-0.001200	0.844006
-0.001120	0.503435
-0.001040	0.162864
-0.000960	-0.518278
-0.000880	0.162864
-0.000800	0.844006
-0.000720	1.184580
-0.000640	1.525150
-0.000560	1.184580
-0.000480	0.844006
-0.000400	0.844006
-0.000320	0.503435
-0.000240	0.844006
-0.000160	1.184580
-0.000080	1.184580
0.000000	0.844006
0.000080	0.503435
0.000160	0.503435
0.000240	2.206290
0.000320	3.228000
0.000400	2.887430
0.000480	1.184580
0.000560	0.844006
0.000640	-0.177707
0.000720	-0.518278
0.000800	0.503435
0.000880	0.844006
0.000960	0.844006
0.001040	1.184580
0.001120	1.525150
0.001200	1.525150
0.001280	1.865720
0.001360	0.844006
0.001440	0.503435
0.001520	0.503435
0.001600	0.844006
0.001680	1.525150
0.001760	0.844006
0.001840	1.525150
0.001920	2.206290
0.002000	0.844006
0.002080	1.525150
0.002160	1.184580
0.002240	1.184580
0.002320	1.865720
0.002400	1.184580
0.002480	1.184580
0.002560	0.844006
0.002640	0.503435
0.002720	0.162864
0.002800	1.184580
0.002880	1.184580
0.002960	1.184580
0.003040	0.844006
0.003120	0.844006
0.003200	1.184580
0.003280	1.525150
0.003360	1.525150
0.003440	1.184580
0.003520	0.844006
0.003600	1.184580
0.003680	1.184580
0.003760	1.865720
0.003840	1.865720
0.003920	1.525150
0.004000	1.525150
0.004080	1.525150
0.004160	1.184580
0.004240	0.844006
0.004320	1.184580
0.004400	1.525150
0.004480	2.206290
0.004560	2.546860
0.004640	2.887430
0.004720	3.228000
0.004800	2.887430
0.004880	2.546860
0.004960	1.525150
0.005040	1.184580
0.005120	0.844006
0.005200	0.503435
0.005280	0.844006
0.005360	1.184580
0.005440	0.844006
0.005520	0.162864
0.005600	0.844006
0.005680	0.844006
0.005760	1.184580
0.005840	1.865720
0.005920	1.865720
0.006000	1.184580
0.006080	0.503435
0.006160	0.162864
0.006240	1.184580
0.006320	0.844006
0.006400	1.525150
0.006480	2.206290
0.006560	1.865720
0.006640	1.865720
0.006720	1.865720
0.006800	1.865720
0.006880	1.865720
0.006960	1.865720
0.007040	2.206290
0.007120	1.525150
0.007200	1.525150
0.007280	0.844006
0.007360	0.844006
0.007440	1.184580
0.007520	1.184580
0.007600	0.844006
0.007680	1.184580
0.007760	1.525150
0.007840	1.525150
0.007920	1.865720
0.008000	1.525150
0.008080	1.184580
0.008160	1.525150
0.008240	2.546860
0.008320	2.887430
0.008400	2.887430
0.008480	2.206290
0.008560	1.865720
0.008640	2.546860
0.008720	2.546860
0.008800	3.228000
0.008880	3.568570
0.008960	3.568570
0.009040	3.568570
0.009120	2.546860
0.009200	2.206290
0.009280	1.865720
0.009360	1.184580
0.009440	1.184580
0.009520	1.184580
0.009600	0.844006
0.009680	1.184580
0.009760	0.844006
0.009840	0.844006
0.009920	-0.177707
0.010000	1.184580
0.010080	3.228000
0.010160	4.590290
0.010240	5.271430
0.010320	4.249720
0.010400	2.206290
0.010480	0.162864
0.010560	-1.880560
0.010640	-1.880560
0.010720	-0.858849
0.010800	0.503435
0.010880	0.162864
0.010960	0.503435
0.011040	-0.518278
0.011120	-0.858849
0.011200	-1.880560
0.011280	-2.221130
0.011360	-2.561700
0.011440	-2.221130
0.011520	-2.561700
0.011600	-2.221130
0.011680	-2.902280
0.011760	-2.561700
0.011840	-1.880560
0.011920	-1.539990
0.012000	-1.539990
0.012080	-0.858849
0.012160	-1.199420
0.012240	0.503435
0.012320	0.844006
0.012400	1.184580
0.012480	0.844006
0.012560	1.184580
0.012640	-0.858849
0.012720	-0.177707
0.012800	-0.177707
0.012880	-0.518278
0.012960	-0.518278
0.013040	-1.199420
0.013120	-1.539990
0.013200	-2.221130
0.013280	-1.880560
0.013360	-0.858849
0.013440	0.844006
0.013520	-0.177707
0.013600	-0.177707
0.013680	-2.561700
0.013760	-3.242850
0.013840	-2.561700
0.013920	-2.561700
0.014000	-2.561700
0.014080	-2.902280
0.014160	-3.923990
0.014240	-4.264560
0.014320	-3.583420
0.014400	-3.242850
0.014480	-4.264560
0.014560	-4.605130
0.014640	-4.945700
0.014720	-4.605130
0.014800	-5.286270
0.014880	-6.307990
0.014960	-8.010840
0.015040	-8.010840
0.015120	-8.010840
0.015200	-6.989130
0.015280	-5.967420
0.015360	-7.329700
0.015440	-6.648560
0.015520	-6.648560
0.015600	-5.626840
0.015680	-5.626840
0.015760	-4.945700
0.015840	-4.605130
0.015920	-4.264560
0.016000	-4.264560
0.016080	-5.286270
0.016160	-6.307990
0.016240	-5.967420
0.016320	-5.286270
0.016400	-4.605130
0.016480	-2.902280
0.016560	-2.902280
0.016640	-2.902280
0.016720	-2.561700
0.016800	-1.539990
0.016880	-1.539990
0.016960	-2.561700
0.017040	-2.561700
0.017120	-2.561700
0.017200	-1.199420
0.017280	-0.177707
0.017360	-0.177707
0.017440	-1.539990
0.017520	-2.221130
0.017600	-1.880560
0.017680	-1.880560
0.017760	-0.858849
0.017840	-1.539990
0.017920	-0.518278
0.018000	0.844006
0.018080	1.184580
0.018160	2.206290
0.018240	3.909150
0.018320	5.612000
0.018400	6.633710
0.018480	6.633710
0.018560	6.633710
0.018640	5.952570
0.018720	6.293140
0.018800	5.612000
0.018880	4.930860
0.018960	4.249720
0.019040	4.249720
0.019120	5.271430
0.019200	5.612000
0.019280	4.249720
0.019360	2.887430
0.019440	1.525150
0.019520	2.206290
0.019600	2.546860
0.019680	2.887430
0.019760	2.206290
0.019840	1.865720
0.019920	2.206290
0.020000	1.525150
0.020080	1.525150
0.020160	0.844006
0.020240	1.525150
0.020320	1.525150
0.020400	2.887430
0.020480	2.887430
0.020560	4.249720
0.020640	4.590290
0.020720	5.612000
0.020800	6.974290
0.020880	6.293140
0.020960	5.952570
0.021040	5.952570
0.021120	5.612000
0.021200	4.590290
0.021280	4.930860
0.021360	4.590290
0.021440	3.909150
0.021520	3.909150
0.021600	3.909150
0.021680	3.909150
0.021760	4.590290
0.021840	5.271430
0.021920	6.293140
0.022000	6.293140
0.022080	5.271430
0.022160	5.271430
0.022240	3.909150
0.022320	2.546860
0.022400	0.503435
0.022480	-1.539990
0.022560	-3.242850
0.022640	-3.923990
0.022720	-2.902280
0.022800	-2.902280
0.022880	-2.561700
0.022960	-2.221130
0.023040	-0.858849
0.023120	-0.177707
0.023200	-0.177707
0.023280	-0.858849
0.023360	-1.880560
0.023440	-3.242850
0.023520	-3.923990
0.023600	-4.264560
0.023680	-3.242850
0.023760	-2.902280
0.023840	-4.264560
0.023920	-5.286270
0.024000	-6.648560
0.024080	-6.648560
0.024160	-6.307990
0.024240	-4.945700
0.024320	-3.923990
0.024400	-3.242850
0.024480	-2.902280
0.024560	-2.902280
0.024640	-3.923990
0.024720	-5.286270
0.024800	-5.967420
0.024880	-5.967420
0.024960	-5.286270
0.025040	-4.945700
0.025120	-5.286270
0.025200	-7.329700
0.025280	-8.010840
0.025360	-7.329700
0.025440	-4.945700
0.025520	-2.221130
0.025600	-1.539990
0.025680	-2.902280
0.025760	-4.605130
0.025840	-5.626840
0.025920	-5.967420
0.026000	-4.945700
0.026080	-2.561700
0.026160	-0.518278
0.026240	0.503435
0.026320	0.162864
0.026400	-2.902280
0.026480	-5.967420
0.026560	-7.329700
0.026640	-6.648560
0.026720	-5.626840
0.026800	-4.945700
0.026880	-5.286270
0.026960	-7.329700
0.027040	-8.691980
0.027120	-8.691980
0.027200	-6.648560
0.027280	-7.670270
0.027360	-11.416500
0.027440	-14.822200
0.027520	-17.206301
0.027600	-18.568501
0.027680	-17.887400
0.027760	-16.865700
0.027840	-15.843900
0.027920	-14.481600
0.028000	-13.119400
0.028080	-12.438200
0.028160	-12.778800
0.028240	-13.459900
0.028320	-14.141100
0.028400	-15.162800
0.028480	-15.843900
0.028560	-16.525101
0.028640	-16.865700
0.028720	-17.887400
0.028800	-18.228001
0.028880	-18.909100
0.028960	-18.568501
0.029040	-16.865700
0.029120	-15.503400
0.029200	-15.162800
0.029280	-16.184500
0.029360	-17.887400
0.029440	-18.568501
0.029520	-20.612000
0.029600	-22.655399
0.029680	-22.996000
0.029760	-23.677099
0.029840	-24.017700
0.029920	-24.017700
0.030000	-23.336500
0.030080	-22.655399
0.030160	-20.612000
0.030240	-19.930799
0.030320	-19.930799
0.030400	-22.314800
0.030480	-22.655399
0.030560	-23.336500
0.030640	-22.996000
0.030720	-21.633699
0.030800	-21.293100
0.030880	-23.677099
0.030960	-28.104500
0.031040	-31.510201
0.031120	-34.234798
0.031200	-35.937698
0.031280	-37.640499
0.031360	-39.683998
0.031440	-41.046200
0.031520	-43.770802
0.031600	-44.111401
0.031680	-42.408501
0.031760	-40.024502
0.031840	-36.959400
0.031920	-35.937698
0.032000	-38.321701
0.032080	-42.408501
0.032160	-47.517101
0.032240	-54.328499
0.032320	-64.886200
0.032400	-75.103302
0.032480	-81.914803
0.032560	-84.298798
0.032640	-81.914803
0.032720	-77.146797
0.032800	-70.675903
0.032880	-65.567398
0.032960	-61.821098
0.033040	-60.118198
0.033120	-60.799400
0.033200	-60.799400
0.033280	-59.096500
0.033360	-57.053101
0.033440	-54.669102
0.033520	-52.966202
0.033600	-53.987900
0.033680	-55.690800
0.033760	-57.053101
0.033840	-56.712502
0.033920	-57.053101
0.034000	-57.393600
0.034080	-58.415401
0.034160	-60.799400
0.034240	-62.502201
0.034320	-65.226799
0.034400	-68.291901
0.034480	-68.973099
0.034560	-66.248497
0.034640	-64.886200
0.034720	-67.270203
0.034800	-72.378799
0.034880	-77.146797
0.034960	-78.168503
0.035040	-75.443901
0.035120	-71.357101
0.035200	-66.248497
0.035280	-62.502201
0.035360	-59.096500
0.035440	-59.437099
0.035520	-60.118198
0.035600	-62.502201
0.035680	-64.545601
0.035760	-63.183399
0.035840	-61.139900
0.035920	-59.096500
0.036000	-59.437099
0.036080	-62.161598
0.036160	-66.248497
0.036240	-67.951401
0.036320	-65.907898
0.036400	-63.183399
0.036480	-64.545601
0.036560	-73.059898
0.036640	-82.936501
0.036720	-89.747902
0.036800	-93.834801
0.036880	-93.153603
0.036960	-90.088501
0.037040	-86.342201
0.037120	-83.617599
0.037200	-83.958199
0.037280	-84.979897
0.037360	-86.682800
0.037440	-88.726196
0.037520	-90.429001
0.037600	-94.175301
0.037680	-96.899902
0.037760	-96.899902
0.037840	-93.153603
0.037920	-89.747902
0.038000	-89.066803
0.038080	-91.450798
0.038160	-97.581001
0.038240	-102.348999
0.038320	-102.689003
0.038400	-99.624496
0.038480	-95.878197
0.038560	-94.175301
0.038640	-93.153603
0.038720	-92.813004
0.038800	-91.450798
0.038880	-88.726196
0.038960	-81.574203
0.039040	-73.400497
0.039120	-66.248497
0.039200	-67.951401
0.039280	-79.190201
0.039360	-96.559303
0.039440	-112.224998
0.039520	-118.695999
0.039600	-114.268997
0.039680	-105.072998
0.039760	-99.624496
0.039840	-100.646004
0.039920	-105.072998
0.040000	-109.160004
0.040080	-110.181999
0.040160	-111.203003
0.040240	-116.653000
0.040320	-127.551003
0.040400	-140.834000
0.040480	-154.115997
0.040560	-162.630005
0.040640	-166.035995
0.040720	-163.311005
0.040800	-160.927002
0.040880	-158.542999
0.040960	-159.906006
0.041040	-163.992004
0.041120	-169.781998
0.041200	-174.210007
0.041280	-178.636993
0.041360	-180.339996
0.041440	-182.042999
0.041520	-183.746002
0.041600	-189.195007
0.041680	-196.347000
0.041760	-205.882996
0.041840	-214.056000
0.041920	-216.100006
0.042000	-207.244995
0.042080	-190.897995
0.042160	-181.020996
0.042240	-194.983994
0.042320	-233.809006
0.042400	-276.040009
0.042480	-303.627014
0.042560	-311.799988
0.042640	-303.627014
0.042720	-286.256989
0.042800	-270.251007
0.042880	-262.416992
0.042960	-258.330994
0.043040	-257.989990
0.043120	-259.692993
0.043200	-265.141998
0.043280	-274.337006
0.043360	-287.959991
0.043440	-301.924011
0.043520	-312.821991
0.043600	-323.720001
0.043680	-335.299988
0.043760	-345.516998
0.043840	-352.328003
0.043920	-355.393005
0.044000	-357.096008
0.044080	-358.799011
0.044160	-363.566986
0.044240	-370.377991
0.044320	-381.277008
0.044400	-390.131989
0.044480	-395.580994
0.044560	-395.580994
0.044640	-391.153015
0.044720	-385.023010
0.044800	-382.980011
0.044880	-385.364014
0.044960	-391.493988
0.045040	-397.283997
0.045120	-401.710999
0.045200	-403.753998
0.045280	-404.095001
0.045360	-401.710999
0.045440	-401.710999
0.045520	-404.095001
0.045600	-402.052002
0.045680	-389.450012
0.045760	-366.972992
0.045840	-342.110992
0.045920	-325.423004
0.046000	-319.632996
0.046080	-317.589996
0.046160	-312.821991
0.046240	-304.308014
0.046320	-298.518005
0.046400	-296.134003
0.046480	-296.134003
0.046560	-293.750000
0.046640	-285.916992
0.046720	-272.635010
0.046800	-257.308990
0.046880	-242.664001
0.046960	-233.468994
0.047040	-233.468994
0.047120	-233.128006
0.047200	-224.955002
0.047280	-207.244995
0.047360	-185.108002
0.047440	-168.419998
0.047520	-158.884003
0.047600	-152.072006
0.047680	-144.580002
0.047760	-135.044006
0.047840	-124.486000
0.047920	-116.992996
0.048000	-108.138000
0.048080	-98.262199
0.048160	-89.747902
0.048240	-84.639297
0.048320	-82.255302
0.048400	-81.233597
0.048480	-78.509102
0.048560	-73.741096
0.048640	-66.248497
0.048720	-59.777599
0.048800	-50.582199
0.048880	-39.683998
0.048960	-26.061100
0.049040	-13.459900
0.049120	-2.561700
0.049200	2.887430
0.049280	3.568570
0.049360	-3.923990
0.049440	-20.952499
0.049520	-42.408501
0.049600	-59.096500
0.049680	-60.118198
0.049760	-45.133099
0.049840	-26.061100
0.049920	-20.612000
0.050000	-39.343399
0.050080	-67.270203
0.050160	-69.654198
0.050240	-27.764000
0.050320	35.241699
0.050400	75.088501
0.050480	59.081699
0.050560	3.909150
0.050640	-44.792500
0.050720	-58.755901
0.050800	-48.879398
0.050880	-34.916000
0.050960	-33.213100
0.051040	-41.046200
0.051120	-51.263401
0.051200	-58.415401
0.051280	-62.842800
0.051360	-69.654198
0.051440	-82.936501
0.051520	-100.305000
0.051600	-112.224998
0.051680	-113.586998
0.051760	-110.862999
0.051840	-106.776001
0.051920	-105.072998
0.052000	-107.116997
0.052080	-112.224998
0.052160	-119.376999
0.052240	-125.848000
0.052320	-131.979004
0.052400	-135.384003
0.052480	-136.406006
0.052560	-135.044006
0.052640	-131.638000
0.052720	-127.890999
0.052800	-126.528999
0.052880	-127.209999
0.052960	-128.231995
0.053040	-128.914001
0.053120	-128.572998
0.053200	-127.890999
0.053280	-130.957001
0.053360	-136.406006
0.053440	-143.557999
0.053520	-147.304001
0.053600	-148.326004
0.053680	-147.985992
0.053760	-150.029007
0.053840	-155.138000
0.053920	-161.608002
0.054000	-167.397995
0.054080	-172.507004
0.054160	-176.253006
0.054240	-179.658997
0.054320	-183.063995
0.054400	-188.514008
0.054480	-191.578995
0.054560	-193.621994
0.054640	-195.666000
0.054720	-198.050003
0.054800	-201.115005
0.054880	-203.498993
0.054960	-206.563995
0.055040	-209.968994
0.055120	-210.309998
0.055200	-209.968994
0.055280	-206.904007
0.055360	-203.158005
0.055440	-197.367996
0.055520	-194.643997
0.055600	-192.600006
0.055680	-189.876007
0.055760	-182.723999
0.055840	-172.847000
0.055920	-166.035995
0.056000	-166.035995
0.056080	-163.311005
0.056160	-154.115997
0.056240	-140.151993
0.056320	-126.528999
0.056400	-118.695999
0.056480	-111.203003
0.056560	-100.646004
0.056640	-89.747902
0.056720	-80.211899
0.056800	-75.784500
0.056880	-73.400497
0.056960	-71.016502
0.057040	-67.270203
0.057120	-66.589104
0.057200	-68.291901
0.057280	-72.038200
0.057360	-70.675903
0.057440	-60.799400
0.057520	-43.089699
0.057600	-31.850800
0.057680	-31.510201
0.057760	-26.061100
0.057840	-10.735400
0.057920	-17.206301
0.058000	-63.523899
0.058080	-119.376999
0.058160	-142.535995
0.058240	-124.144997
0.058320	-89.066803
0.058400	-71.357101
0.058480	-80.211899
0.058560	-100.305000
0.058640	-106.434998
0.058720	-94.175301
0.058800	-74.081596
0.058880	-61.821098
0.058960	-60.799400
0.059040	-68.291901
0.059120	-73.741096
0.059200	-69.654198
0.059280	-59.096500
0.059360	-49.219898
0.059440	-48.198200
0.059520	-54.669102
0.059600	-63.183399
0.059680	-68.291901
0.059760	-68.973099
0.059840	-68.291901
0.059920	-70.335297
0.060000	-76.125099
0.060080	-83.617599
0.060160	-89.407303
0.060240	-94.856499
0.060320	-108.138000
0.060400	-125.848000
0.060480	-134.703003
0.060560	-129.934998
0.060640	-114.949997
0.060720	-100.646004
0.060800	-95.878197
0.060880	-99.964996
0.060960	-105.753998
0.061040	-107.116997
0.061120	-104.051003
0.061200	-100.305000
0.061280	-96.559303
0.061360	-93.153603
0.061440	-92.813004
0.061520	-94.515900
0.061600	-99.964996
0.061680	-107.116997
0.061760	-113.247002
0.061840	-116.311996
0.061920	-115.971001
0.062000	-113.586998
0.062080	-111.543999
0.062160	-107.797997
0.062240	-103.710999
0.062320	-100.646004
0.062400	-96.559303
0.062480	-90.088501
0.062560	-79.530800
0.062640	-68.291901
0.062720	-63.183399
0.062800	-64.205101
0.062880	-71.016502
0.062960	-80.893097
0.063040	-87.704498
0.063120	-90.769600
0.063200	-89.066803
0.063280	-86.001602
0.063360	-80.893097
0.063440	-75.103302
0.063520	-68.632500
0.063600	-64.205101
0.063680	-64.205101
0.063760	-65.226799
0.063840	-65.567398
0.063920	-62.502201
0.064000	-54.328499
0.064080	-44.451900
0.064160	-34.575401
0.064240	-28.104500
0.064320	-24.358299
0.064400	-22.314800
0.064480	-19.590300
0.064560	-15.162800
0.064640	-11.757100
0.064720	-8.351410
0.064800	-4.945700
0.064880	-0.858849
0.064960	3.568570
0.065040	7.314860
0.065120	5.612000
0.065200	1.184580
0.065280	-4.264560
0.065360	-8.010840
0.065440	-9.713700
0.065520	-9.032560
0.065600	-5.967420
0.065680	0.162864
0.065760	4.930860
0.065840	6.974290
0.065920	3.909150
0.066000	-1.539990
0.066080	-4.945700
0.066160	-5.967420
0.066240	-3.583420
0.066320	-1.539990
0.066400	0.162864
0.066480	0.503435
0.066560	-0.177707
0.066640	2.206290
0.066720	4.590290
0.066800	6.293140
0.066880	7.314860
0.066960	9.017710
0.067040	15.147900
0.067120	21.618799
0.067200	23.662300
0.067280	20.937700
0.067360	12.423400
0.067440	3.909150
0.067520	0.844006
0.067600	1.184580
0.067680	5.952570
0.067760	13.785700
0.067840	24.343399
0.067920	32.176498
0.068000	31.495399
0.068080	20.256599
0.068160	1.525150
0.068240	-14.822200
0.068320	-22.996000
0.068400	-23.336500
0.068480	-20.952499
0.068560	-20.612000
0.068640	-21.974300
0.068720	-25.039400
0.068800	-26.061100
0.068880	-24.017700
0.068960	-20.612000
0.069040	-17.546801
0.069120	-16.184500
0.069200	-18.909100
0.069280	-25.720501
0.069360	-33.213100
0.069440	-39.343399
0.069520	-45.473701
0.069600	-48.538799
0.069680	-53.647400
0.069760	-60.118198
0.069840	-66.589104
0.069920	-72.038200
0.070000	-72.719398
0.070080	-73.741096
0.070160	-76.806198
0.070240	-82.936501
0.070320	-88.044998
0.070400	-91.450798
0.070480	-93.834801
0.070560	-95.537598
0.070640	-97.581001
0.070720	-99.624496
0.070800	-101.667000
0.070880	-110.522003
0.070960	-123.463997
0.071040	-128.572998
0.071120	-121.420998
0.071200	-104.733002
0.071280	-90.088501
0.071360	-83.277100
0.071440	-84.639297
0.071520	-87.704498
0.071600	-88.044998
0.071680	-87.363899
0.071760	-87.704498
0.071840	-90.429001
0.071920	-97.240501
0.072000	-103.710999
0.072080	-106.434998
0.072160	-104.051003
0.072240	-96.218803
0.072320	-90.088501
0.072400	-85.320503
0.072480	-84.298798
0.072560	-84.979897
0.072640	-84.298798
0.072720	-79.530800
0.072800	-72.719398
0.072880	-74.422203
0.072960	-85.661003
0.073040	-96.559303
0.073120	-92.472504
0.073200	-72.038200
0.073280	-48.198200
0.073360	-36.618801
0.073440	-37.640499
0.073520	-45.133099
0.073600	-49.560501
0.073680	-48.879398
0.073760	-46.835899
0.073840	-45.473701
0.073920	-46.154800
0.074000	-47.517101
0.074080	-48.538799
0.074160	-49.560501
0.074240	-48.879398
0.074320	-44.111401
0.074400	-38.321701
0.074480	-34.234798
0.074560	-31.850800
0.074640	-31.169701
0.074720	-35.256500
0.074800	-45.133099
0.074880	-58.415401
0.074960	-67.951401
0.075040	-73.741096
0.075120	-75.784500
0.075200	-75.103302
0.075280	-73.059898
0.075360	-72.719398
0.075440	-73.400497
0.075520	-74.422203
0.075600	-74.762802
0.075680	-76.125099
0.075760	-77.146797
0.075840	-76.465599
0.075920	-73.741096
0.076000	-68.632500
0.076080	-62.842800
0.076160	-59.437099
0.076240	-60.799400
0.076320	-65.226799
0.076400	-72.038200
0.076480	-78.509102
0.076560	-82.936501
0.076640	-84.298798
0.076720	-84.298798
0.076800	-83.958199
0.076880	-84.298798
0.076960	-84.639297
0.077040	-83.958199
0.077120	-81.914803
0.077200	-81.233597
0.077280	-82.936501
0.077360	-84.298798
0.077440	-83.277100
0.077520	-78.509102
0.077600	-72.038200
0.077680	-70.335297
0.077760	-74.081596
0.077840	-79.530800
0.077920	-80.211899
0.078000	-74.762802
0.078080	-68.632500
0.078160	-66.929604
0.078240	-69.994797
0.078320	-74.081596
0.078400	-77.146797
0.078480	-76.125099
0.078560	-73.400497
0.078640	-71.016502
0.078720	-70.675903
0.078800	-69.654198
0.078880	-67.610802
0.078960	-64.545601
0.079040	-60.799400
0.079120	-57.734200
0.079200	-57.053101
0.079280	-58.755901
0.079360	-59.777599
0.079440	-58.074799
0.079520	-53.306801
0.079600	-47.176498
0.079680	-41.727402
0.079760	-37.299999
0.079840	-35.937698
0.079920	-37.981098
0.080000	-43.089699
0.080080	-47.857700
0.080160	-49.560501
0.080240	-47.857700
0.080320	-43.770802
0.080400	-41.727402
0.080480	-41.386799
0.080560	-41.386799
0.080640	-40.705700
0.080720	-36.959400
0.080800	-31.169701
0.080880	-26.742300
0.080960	-27.764000
0.081040	-33.553699
0.081120	-38.321701
0.081200	-35.256500
0.081280	-24.358299
0.081360	-14.141100
0.081440	-10.054200
0.081520	-9.373130
0.081600	-10.054200
0.081680	-6.648560
0.081760	-0.858849
0.081840	6.974290
0.081920	16.510300
0.082000	25.365101
0.082080	32.176498
0.082160	36.263401
0.082240	36.944500
0.082320	31.495399
0.082400	20.937700
0.082480	11.401700
0.082560	7.996000
0.082640	10.380000
0.082720	15.488500
0.082800	24.343399
0.082880	37.625702
0.082960	51.248501
0.083040	57.719398
0.083120	56.357101
0.083200	48.864498
0.083280	41.372002
0.083360	38.306801
0.083440	37.966301
0.083520	41.031399
0.083600	46.821098
0.083680	51.929699
0.083760	54.313702
0.083840	55.675999
0.083920	54.313702
0.084000	52.270199
0.084080	51.248501
0.084160	48.864498
0.084240	45.458801
0.084320	43.756001
0.084400	43.415401
0.084480	45.118198
0.084560	44.437099
0.084640	40.690800
0.084720	33.879398
0.084800	26.727400
0.084880	21.618799
0.084960	18.894300
0.085040	18.213100
0.085120	17.532000
0.085200	15.488500
0.085280	12.763900
0.085360	13.785700
0.085440	18.553699
0.085520	26.046301
0.085600	28.430300
0.085680	24.002800
0.085760	13.785700
0.085840	4.930860
0.085920	-0.177707
0.086000	0.503435
0.086080	4.249720
0.086160	9.017710
0.086240	11.742200
0.086320	12.423400
0.086400	11.742200
0.086480	9.698850
0.086560	7.996000
0.086640	6.633710
0.086720	6.633710
0.086800	8.677140
0.086880	11.061100
0.086960	11.401700
0.087040	9.017710
0.087120	5.271430
0.087200	1.525150
0.087280	-0.858849
0.087360	-3.242850
0.087440	-4.945700
0.087520	-6.989130
0.087600	-7.670270
0.087680	-9.373130
0.087760	-11.757100
0.087840	-14.141100
0.087920	-17.206301
0.088000	-16.184500
0.088080	-14.141100
0.088160	-14.481600
0.088240	-17.206301
0.088320	-21.633699
0.088400	-26.061100
0.088480	-30.488501
0.088560	-36.278198
0.088640	-42.067902
0.088720	-47.176498
0.088800	-50.582199
0.088880	-52.285099
0.088960	-53.647400
0.089040	-53.987900
0.089120	-53.987900
0.089200	-54.669102
0.089280	-56.371899
0.089360	-59.096500
0.089440	-61.480499
0.089520	-63.864498
0.089600	-65.907898
0.089680	-67.610802
0.089760	-70.335297
0.089840	-73.741096
0.089920	-76.806198
0.090000	-79.190201
0.090080	-81.574203
0.090160	-81.914803
0.090240	-81.574203
0.090320	-80.552498
0.090400	-81.574203
0.090480	-83.958199
0.090560	-88.044998
0.090640	-90.769600
0.090720	-92.131897
0.090800	-92.472504
0.090880	-92.131897
0.090960	-91.110199
0.091040	-90.429001
0.091120	-90.088501
0.091200	-91.110199
0.091280	-91.110199
0.091360	-87.704498
0.091440	-84.979897
0.091520	-82.595901
0.091600	-81.914803
0.091680	-84.639297
0.091760	-89.747902
0.091840	-95.537598
0.091920	-99.283897
0.092000	-98.602798
0.092080	-95.196999
0.092160	-89.747902
0.092240	-85.320503
0.092320	-81.233597
0.092400	-79.190201
0.092480	-78.168503
0.092560	-81.233597
0.092640	-86.001602
0.092720	-87.023300
0.092800	-84.639297
0.092880	-81.914803
0.092960	-82.255302
0.093040	-86.001602
0.093120	-90.429001
0.093200	-95.196999
0.093280	-98.602798
0.093360	-98.602798
0.093440	-94.515900
0.093520	-89.747902
0.093600	-87.363899
0.093680	-89.066803
0.093760	-91.450798
0.093840	-91.450798
0.093920	-89.066803
0.094000	-86.001602
0.094080	-86.342201
0.094160	-88.726196
0.094240	-90.429001
0.094320	-89.407303
0.094400	-87.363899
0.094480	-85.661003
0.094560	-83.958199
0.094640	-83.277100
0.094720	-83.617599
0.094800	-85.320503
0.094880	-85.661003
0.094960	-83.958199
0.095040	-82.255302
0.095120	-81.574203
0.095200	-83.277100
0.095280	-85.320503
0.095360	-87.363899
0.095440	-88.385597
0.095520	-87.704498
0.095600	-86.682800
0.095680	-84.639297
0.095760	-82.255302
0.095840	-80.211899
0.095920	-80.211899
0.096000	-82.255302
0.096080	-84.298798
0.096160	-87.363899
0.096240	-87.023300
0.096320	-86.001602
0.096400	-83.958199
0.096480	-83.277100
0.096560	-83.277100
0.096640	-84.298798
0.096720	-84.979897
0.096800	-83.958199
0.096880	-81.233597
0.096960	-78.168503
0.097040	-78.168503
0.097120	-80.552498
0.097200	-81.574203
0.097280	-80.893097
0.097360	-78.509102
0.097440	-75.443901
0.097520	-75.103302
0.097600	-75.103302
0.097680	-76.125099
0.097760	-77.487297
0.097840	-76.806198
0.097920	-76.125099
0.098000	-73.400497
0.098080	-71.016502
0.098160	-69.654198
0.098240	-68.291901
0.098320	-68.973099
0.098400	-68.973099
0.098480	-68.973099
0.098560	-68.973099
0.098640	-69.313599
0.098720	-69.313599
0.098800	-68.632500
0.098880	-64.886200
0.098960	-60.118198
0.099040	-56.031399
0.099120	-59.437099
0.099200	-67.951401
0.099280	-77.146797
0.099360	-80.211899
0.099440	-76.465599
0.099520	-70.335297
0.099600	-65.567398
0.099680	-65.226799
0.099760	-66.929604
0.099840	-68.632500
0.099920	-66.589104
0.100000	-63.523899
0.100080	-62.502201
0.100160	-63.864498
0.100240	-66.248497
0.100320	-67.270203
0.100400	-66.929604
0.100480	-64.886200
0.100560	-63.523899
0.100640	-63.183399
0.100720	-63.183399
0.100800	-62.842800
0.100880	-62.161598
0.100960	-62.842800
0.101040	-64.205101
0.101120	-64.545601
0.101200	-63.523899
0.101280	-61.480499
0.101360	-60.118198
0.101440	-60.458801
0.101520	-62.842800
0.101600	-63.864498
0.101680	-64.205101
0.101760	-64.205101
0.101840	-62.502201
0.101920	-63.183399
0.102000	-63.864498
0.102080	-64.205101
0.102160	-65.226799
0.102240	-65.226799
0.102320	-65.907898
0.102400	-66.248497
0.102480	-64.205101
0.102560	-63.523899
0.102640	-63.183399
0.102720	-62.502201
0.102800	-63.183399
0.102880	-62.842800
0.102960	-62.502201
0.103040	-63.864498
0.103120	-65.567398
0.103200	-65.907898
0.103280	-65.907898
0.103360	-65.226799
0.103440	-64.886200
0.103520	-64.545601
0.103600	-65.226799
0.103680	-64.886200
0.103760	-66.589104
0.103840	-66.589104
0.103920	-66.589104
0.104000	-67.270203
0.104080	-67.610802
0.104160	-68.291901
0.104240	-67.610802
0.104320	-66.589104
0.104400	-66.929604
0.104480	-66.248497
0.104560	-66.589104
0.104640	-67.270203
0.104720	-66.248497
0.104800	-66.589104
0.104880	-64.545601
0.104960	-63.864498
0.105040	-62.842800
0.105120	-62.842800
0.105200	-63.183399
0.105280	-63.183399
0.105360	-63.183399
0.105440	-61.821098
0.105520	-60.799400
0.105600	-59.437099
0.105680	-59.437099
0.105760	-59.096500
0.105840	-59.437099
0.105920	-59.096500
0.106000	-59.096500
0.106080	-57.734200
0.106160	-56.371899
0.106240	-56.031399
0.106320	-55.350201
0.106400	-55.690800
0.106480	-56.371899
0.106560	-57.053101
0.106640	-56.031399
0.106720	-55.009701
0.106800	-53.987900
0.106880	-53.987900
0.106960	-53.306801
0.107040	-53.306801
0.107120	-51.944500
0.107200	-50.241699
0.107280	-50.241699
0.107360	-49.560501
0.107440	-49.560501
0.107520	-49.219898
0.107600	-49.560501
0.107680	-50.241699
0.107760	-50.582199
0.107840	-49.560501
0.107920	-48.879398
0.108000	-47.857700
0.108080	-48.198200
0.108160	-47.176498
0.108240	-47.517101
0.108320	-46.495399
0.108400	-45.814201
0.108480	-45.473701
0.108560	-45.133099
0.108640	-44.792500
0.108720	-44.111401
0.108800	-44.451900
0.108880	-45.133099
0.108960	-45.133099
0.109040	-45.814201
0.109120	-45.473701
0.109200	-44.792500
0.109280	-43.089699
0.109360	-41.727402
0.109440	-41.386799
0.109520	-41.386799
0.109600	-41.386799
0.109680	-40.705700
0.109760	-39.683998
0.109840	-38.321701
0.109920	-38.321701
0.110000	-38.321701
0.110080	-39.683998
0.110160	-40.705700
0.110240	-40.024502
0.110320	-39.343399
0.110400	-37.640499
0.110480	-36.959400
0.110560	-36.278198
0.110640	-35.597099
0.110720	-35.256500
0.110800	-33.894199
0.110880	-33.894199
0.110960	-34.916000
0.111040	-34.234798
0.111120	-33.894199
0.111200	-32.532001
0.111280	-31.510201
0.111360	-29.126200
0.111440	-27.423401
0.111520	-26.742300
0.111600	-27.764000
0.111680	-32.191399
0.111760	-36.959400
0.111840	-41.386799
0.111920	-41.046200
0.112000	-35.937698
0.112080	-27.082800
0.112160	-18.909100
0.112240	-18.228001
0.112320	-24.017700
0.112400	-29.807400
0.112480	-30.488501
0.112560	-28.104500
0.112640	-28.104500
0.112720	-32.191399
0.112800	-34.575401
0.112880	-33.553699
0.112960	-30.148001
0.113040	-27.423401
0.113120	-27.423401
0.113200	-28.445101
0.113280	-28.785700
0.113360	-28.445101
0.113440	-29.807400
0.113520	-31.510201
0.113600	-32.872501
0.113680	-31.510201
0.113760	-27.423401
0.113840	-21.633699
0.113920	-17.887400
0.114000	-18.909100
0.114080	-24.358299
0.114160	-26.742300
0.114240	-25.379999
0.114320	-21.974300
0.114400	-19.590300
0.114480	-17.206301
0.114560	-15.503400
0.114640	-14.822200
0.114720	-14.822200
0.114800	-15.162800
0.114880	-17.887400
0.114960	-21.293100
0.115040	-23.336500
0.115120	-22.996000
0.115200	-19.930799
0.115280	-17.546801
0.115360	-16.525101
0.115440	-15.503400
0.115520	-16.865700
0.115600	-17.887400
0.115680	-17.887400
0.115760	-16.865700
0.115840	-14.822200
0.115920	-12.778800
0.116000	-11.757100
0.116080	-11.757100
0.116160	-12.778800
0.116240	-13.119400
0.116320	-14.141100
0.116400	-12.097700
0.116480	-9.373130
0.116560	-8.010840
0.116640	-8.010840
0.116720	-9.032560
0.116800	-11.075900
0.116880	-12.097700
0.116960	-12.778800
0.117040	-12.097700
0.117120	-11.075900
0.117200	-10.054200
0.117280	-7.329700
0.117360	-6.648560
0.117440	-5.967420
0.117520	-6.989130
0.117600	-8.691980
0.117680	-8.691980
0.117760	-7.670270
0.117840	-5.967420
0.117920	-4.605130
0.118000	-4.605130
0.118080	-3.923990
0.118160	-3.242850
0.118240	-3.242850
0.118320	-4.264560
0.118400	-5.286270
0.118480	-5.626840
0.118560	-4.945700
0.118640	-3.923990
0.118720	-4.605130
0.118800	-5.967420
0.118880	-6.989130
0.118960	-7.329700
0.119040	-8.351410
0.119120	-8.691980
0.119200	-8.691980
0.119280	-8.351410
0.119360	-8.691980
0.119440	-9.032560
0.119520	-9.032560
0.119600	-9.713700
0.119680	-9.713700
0.119760	-9.032560
0.119840	-8.351410
0.119920	-8.691980
0.120000	-8.691980
0.120080	-8.691980
0.120160	-8.691980
0.120240	-9.373130
0.120320	-11.416500
0.120400	-12.438200
0.120480	-12.438200
0.120560	-12.438200
0.120640	-11.757100
0.120720	-11.757100
0.120800	-12.778800
0.120880	-13.800500
0.120960	-14.481600
0.121040	-13.800500
0.121120	-13.119400
0.121200	-13.119400
0.121280	-12.438200
0.121360	-12.438200
0.121440	-13.459900
0.121520	-15.162800
0.121600	-16.184500
0.121680	-16.184500
0.121760	-14.481600
0.121840	-14.141100
0.121920	-14.822200
0.122000	-15.843900
0.122080	-15.843900
0.122160	-15.843900
0.122240	-15.162800
0.122320	-15.162800
0.122400	-15.843900
0.122480	-16.865700
0.122560	-16.865700
0.122640	-16.865700
0.122720	-16.184500
0.122800	-17.546801
0.122880	-17.546801
0.122960	-17.887400
0.123040	-18.228001
0.123120	-17.887400
0.123200	-16.525101
0.123280	-16.865700
0.123360	-19.590300
0.123440	-21.974300
0.123520	-22.655399
0.123600	-20.612000
0.123680	-18.228001
0.123760	-17.206301
0.123840	-17.887400
0.123920	-19.590300
0.124000	-19.249701
0.124080	-18.568501
0.124160	-17.546801
0.124240	-16.525101
0.124320	-17.546801
0.124400	-19.930799
0.124480	-21.293100
0.124560	-21.293100
0.124640	-19.249701
0.124720	-16.184500
0.124800	-13.459900
0.124880	-12.778800
0.124960	-12.778800
0.125040	-13.459900
0.125120	-13.459900
0.125200	-12.778800
0.125280	-12.097700
0.125360	-10.394800
0.125440	-9.713700
0.125520	-9.713700
0.125600	-8.691980
0.125680	-8.691980
0.125760	-8.010840
0.125840	-8.351410
0.125920	-9.032560
0.126000	-9.032560
0.126080	-9.713700
0.126160	-9.713700
0.126240	-9.713700
0.126320	-9.713700
0.126400	-8.691980
0.126480	-8.351410
0.126560	-8.010840
0.126640	-8.351410
0.126720	-7.329700
0.126800	-7.329700
0.126880	-5.967420
0.126960	-5.626840
0.127040	-4.945700
0.127120	-4.264560
0.127200	-4.605130
0.127280	-5.286270
0.127360	-4.605130
0.127440	-3.923990
0.127520	-1.880560
0.127600	-1.880560
0.127680	-2.902280
0.127760	-4.605130
0.127840	-4.945700
0.127920	-5.286270
0.128000	-3.923990
0.128080	-2.561700
0.128160	-1.880560
0.128240	-2.561700
0.128320	-2.221130
0.128400	-1.880560
0.128480	-0.518278
0.128560	0.844006
0.128640	1.525150
0.128720	1.184580
0.128800	0.503435
0.128880	0.162864
0.128960	1.184580
0.129040	1.865720
0.129120	3.228000
0.129200	2.887430
0.129280	1.865720
0.129360	1.525150
0.129440	1.865720
0.129520	1.865720
0.129600	2.887430
0.129680	3.568570
0.129760	3.228000
0.129840	1.525150
0.129920	0.503435
0.130000	0.844006
0.130080	1.184580
0.130160	0.503435
0.130240	-1.199420
0.130320	-2.561700
0.130400	-1.199420
0.130480	1.184580
0.130560	2.546860
0.130640	2.546860
0.130720	1.525150
0.130800	-0.858849
0.130880	-2.221130
0.130960	-2.902280
0.131040	-4.264560
0.131120	-5.286270
0.131200	-7.329700
0.131280	-8.691980
0.131360	-9.032560
0.131440	-6.648560
0.131520	-2.561700
0.131600	-0.858849
0.131680	-1.539990
0.131760	-2.902280
0.131840	-5.286270
0.131920	-6.307990
0.132000	-5.286270
0.132080	-4.264560
0.132160	-2.561700
0.132240	-0.858849
0.132320	-0.177707
0.132400	-1.880560
0.132480	-3.923990
0.132560	-5.626840
0.132640	-4.945700
0.132720	-2.902280
0.132800	-0.177707
0.132880	0.503435
0.132960	-1.199420
0.133040	-2.902280
0.133120	-3.242850
0.133200	-3.242850
0.133280	-3.923990
0.133360	-4.605130
0.133440	-5.967420
0.133520	-4.605130
0.133600	-3.583420
0.133680	-2.221130
0.133760	-1.880560
0.133840	-4.264560
0.133920	-4.264560
0.134000	-3.923990
0.134080	-2.902280
0.134160	-1.880560
0.134240	-0.518278
0.134320	1.525150
0.134400	1.184580
0.134480	1.184580
0.134560	0.503435
0.134640	1.525150
0.134720	3.228000
0.134800	4.249720
0.134880	3.909150
0.134960	2.887430
0.135040	1.525150
0.135120	1.525150
0.135200	2.887430
0.135280	5.271430
0.135360	6.633710
0.135440	5.952570
0.135520	4.930860
0.135600	3.568570
0.135680	3.909150
0.135760	3.909150
0.135840	3.909150
0.135920	5.612000
0.136000	5.612000
0.136080	5.271430
0.136160	5.612000
0.136240	5.952570
0.136320	5.952570
0.136400	6.633710
0.136480	7.314860
0.136560	7.314860
0.136640	7.655430
0.136720	6.974290
0.136800	6.974290
0.136880	6.293140
0.136960	6.293140
0.137040	7.996000
0.137120	10.380000
0.137200	11.742200
0.137280	12.763900
0.137360	12.082800
0.137440	9.017710
0.137520	6.974290
0.137600	5.612000
0.137680	5.271430
0.137760	6.293140
0.137840	8.677140
0.137920	9.358280
0.138000	9.698850
0.138080	9.358280
0.138160	10.380000
0.138240	10.720500
0.138320	11.401700
0.138400	12.763900
0.138480	12.423400
0.138560	12.423400
0.138640	11.742200
0.138720	11.742200
0.138800	11.742200
0.138880	10.720500
0.138960	11.061100
0.139040	10.380000
0.139120	10.039400
0.139200	10.039400
0.139280	10.380000
0.139360	11.061100
0.139440	12.763900
0.139520	14.466800
0.139600	14.807400
0.139680	14.807400
0.139760	14.807400
0.139840	13.445100
0.139920	12.763900
0.140000	11.742200
0.140080	12.082800
0.140160	11.742200
0.140240	11.401700
0.140320	13.104500
0.140400	13.785700
0.140480	14.807400
0.140560	14.466800
0.140640	13.104500
0.140720	12.763900
0.140800	13.445100
0.140880	15.147900
0.140960	16.850800
0.141040	18.213100
0.141120	18.894300
0.141200	19.234800
0.141280	18.213100
0.141360	17.532000
0.141440	16.850800
0.141520	17.872601
0.141600	18.894300
0.141680	17.532000
0.141760	16.850800
0.141840	16.850800
0.141920	16.850800
0.142000	16.850800
0.142080	16.850800
0.142160	15.829100
0.142240	15.147900
0.142320	14.466800
0.142400	13.785700
0.142480	15.147900
0.142560	16.510300
0.142640	16.510300
0.142720	16.169701
0.142800	15.147900
0.142880	16.510300
0.142960	17.532000
0.143040	19.575399
0.143120	17.191401
0.143200	13.445100
0.143280	10.039400
0.143360	10.380000
0.143440	13.445100
0.143520	18.213100
0.143600	20.256599
0.143680	17.532000
0.143760	12.423400
0.143840	8.677140
0.143920	8.336570
0.144000	10.380000
0.144080	13.104500
0.144160	13.445100
0.144240	13.445100
0.144320	12.763900
0.144400	11.742200
0.144480	11.401700
0.144560	11.401700
0.144640	12.763900
0.144720	13.785700
0.144800	14.466800
0.144880	13.445100
0.144960	13.445100
0.145040	13.445100
0.145120	13.785700
0.145200	14.466800
0.145280	13.785700
0.145360	13.104500
0.145440	12.082800
0.145520	11.401700
0.145600	11.061100
0.145680	11.061100
0.145760	11.742200
0.145840	12.763900
0.145920	13.104500
0.146000	13.104500
0.146080	12.423400
0.146160	12.763900
0.146240	12.423400
0.146320	13.785700
0.146400	14.466800
0.146480	15.829100
0.146560	16.169701
0.146640	14.807400
0.146720	11.401700
0.146800	5.612000
0.146880	3.228000
0.146960	4.930860
0.147040	8.336570
0.147120	10.380000
0.147200	7.655430
0.147280	5.271430
0.147360	5.271430
0.147440	8.677140
0.147520	11.742200
0.147600	12.082800
0.147680	10.380000
0.147760	8.336570
0.147840	6.633710
0.147920	7.996000
0.148000	7.655430
0.148080	7.655430
0.148160	7.314860
0.148240	6.293140
0.148320	4.590290
0.148400	4.930860
0.148480	5.952570
0.148560	6.633710
0.148640	6.293140
0.148720	6.633710
0.148800	8.677140
0.148880	9.698850
0.148960	9.017710
0.149040	5.271430
0.149120	1.525150
0.149200	-0.177707
0.149280	1.865720
0.149360	5.612000
0.149440	7.655430
0.149520	7.314860
0.149600	6.293140
0.149680	5.952570
0.149760	4.930860
0.149840	3.909150
0.149920	3.228000
0.150000	3.568570
0.150080	2.546860
0.150160	0.503435
0.150240	-2.221130
0.150320	-2.221130
0.150400	-2.221130
0.150480	-2.902280
0.150560	-2.221130
0.150640	-2.561700
0.150720	-3.242850
0.150800	-3.242850
0.150880	-3.242850
0.150960	-2.561700
0.151040	-2.902280
0.151120	-2.561700
0.151200	-2.561700
0.151280	-3.242850
0.151360	-3.242850
0.151440	-3.923990
0.151520	-4.945700
0.151600	-5.626840
0.151680	-5.626840
0.151760	-5.286270
0.151840	-5.626840
0.151920	-5.626840
0.152000	-5.967420
0.152080	-6.648560
0.152160	-7.329700
0.152240	-6.307990
0.152320	-5.967420
0.152400	-5.626840
0.152480	-3.242850
0.152560	1.184580
0.152640	3.568570
0.152720	1.865720
0.152800	-3.242850
0.152880	-8.691980
0.152960	-10.735400
0.153040	-8.691980
0.153120	-5.626840
0.153200	-2.902280
0.153280	-4.264560
0.153360	-6.648560
0.153440	-9.713700
0.153520	-10.735400
0.153600	-9.713700
0.153680	-8.691980
0.153760	-9.713700
0.153840	-12.438200
0.153920	-14.822200
0.154000	-15.843900
0.154080	-15.843900
0.154160	-14.481600
0.154240	-13.459900
0.154320	-14.141100
0.154400	-14.822200
0.154480	-15.503400
0.154560	-16.865700
0.154640	-17.887400
0.154720	-18.568501
0.154800	-18.568501
0.154880	-17.546801
0.154960	-16.184500
0.155040	-16.184500
0.155120	-17.206301
0.155200	-18.909100
0.155280	-20.271400
0.155360	-21.633699
0.155440	-20.612000
0.155520	-18.909100
0.155600	-18.228001
0.155680	-17.206301
0.155760	-18.228001
0.155840	-19.930799
0.155920	-20.952499
0.156000	-21.633699
0.156080	-22.314800
0.156160	-21.974300
0.156240	-21.293100
0.156320	-21.293100
0.156400	-22.314800
0.156480	-22.655399
0.156560	-22.996000
0.156640	-22.996000
0.156720	-22.655399
0.156800	-22.314800
0.156880	-22.996000
0.156960	-22.655399
0.157040	-22.655399
0.157120	-22.314800
0.157200	-22.655399
0.157280	-23.336500
0.157360	-23.336500
0.157440	-23.336500
0.157520	-23.336500
0.157600	-22.996000
0.157680	-24.017700
0.157760	-26.061100
0.157840	-27.764000
0.157920	-29.126200
0.158000	-29.807400
0.158080	-29.126200
0.158160	-29.126200
0.158240	-27.423401
0.158320	-25.720501
0.158400	-23.336500
0.158480	-22.314800
0.158560	-21.974300
0.158640	-22.996000
0.158720	-24.358299
0.158800	-26.061100
0.158880	-25.720501
0.158960	-26.061100
0.159040	-25.039400
0.159120	-24.358299
0.159200	-23.336500
0.159280	-22.655399
0.159360	-23.336500
0.159440	-23.336500
0.159520	-22.314800
0.159600	-20.612000
0.159680	-19.249701
0.159760	-20.271400
0.159840	-23.677099
0.159920	-27.764000
0.160000	-30.829100
0.160080	-31.850800
0.160160	-29.466801
0.160240	-25.379999
0.160320	-22.655399
0.160400	-21.293100
0.160480	-21.293100
0.160560	-21.974300
0.160640	-22.655399
0.160720	-22.655399
0.160800	-23.336500
0.160880	-22.996000
0.160960	-22.314800
0.161040	-20.952499
0.161120	-20.952499
0.161200	-20.952499
0.161280	-21.633699
0.161360	-22.655399
0.161440	-23.336500
0.161520	-23.677099
0.161600	-24.358299
0.161680	-25.039400
0.161760	-25.720501
0.161840	-25.720501
0.161920	-25.379999
0.162000	-25.039400
0.162080	-24.017700
0.162160	-23.336500
0.162240	-22.314800
0.162320	-22.314800
0.162400	-21.633699
0.162480	-20.612000
0.162560	-21.293100
0.162640	-21.974300
0.162720	-22.996000
0.162800	-24.358299
0.162880	-25.039400
0.162960	-23.336500
0.163040	-22.314800
0.163120	-20.612000
0.163200	-20.271400
0.163280	-19.590300
0.163360	-19.590300
0.163440	-21.633699
0.163520	-22.655399
0.163600	-23.336500
0.163680	-23.336500
0.163760	-24.017700
0.163840	-24.017700
0.163920	-23.677099
0.164000	-24.017700
0.164080	-24.698799
0.164160	-25.379999
0.164240	-26.061100
0.164320	-26.401699
0.164400	-27.082800
0.164480	-27.082800
0.164560	-27.423401
0.164640	-27.764000
0.164720	-27.764000
0.164800	-27.764000
0.164880	-28.785700
0.164960	-28.785700
0.165040	-26.742300
0.165120	-26.061100
0.165200	-25.039400
0.165280	-25.039400
0.165360	-25.720501
0.165440	-26.742300
0.165520	-27.082800
0.165600	-27.082800
0.165680	-26.742300
0.165760	-26.401699
0.165840	-27.423401
0.165920	-28.104500
0.166000	-28.785700
0.166080	-29.807400
0.166160	-30.148001
0.166240	-30.148001
0.166320	-30.488501
0.166400	-30.829100
0.166480	-31.169701
0.166560	-31.850800
0.166640	-31.510201
0.166720	-31.510201
0.166800	-32.872501
0.166880	-33.213100
0.166960	-34.234798
0.167040	-32.191399
0.167120	-31.850800
0.167200	-30.148001
0.167280	-30.488501
0.167360	-31.510201
0.167440	-32.872501
0.167520	-32.872501
0.167600	-32.532001
0.167680	-32.872501
0.167760	-32.872501
0.167840	-32.532001
0.167920	-31.510201
0.168000	-30.829100
0.168080	-30.488501
0.168160	-30.488501
0.168240	-30.488501
0.168320	-31.169701
0.168400	-31.510201
0.168480	-31.850800
0.168560	-30.829100
0.168640	-31.510201
0.168720	-31.169701
0.168800	-30.829100
0.168880	-30.148001
0.168960	-30.488501
0.169040	-30.829100
0.169120	-31.510201
0.169200	-30.829100
0.169280	-31.510201
0.169360	-31.850800
0.169440	-31.169701
0.169520	-31.510201
0.169600	-31.510201
0.169680	-31.850800
0.169760	-32.191399
0.169840	-33.213100
0.169920	-32.532001
0.170000	-31.510201
0.170080	-30.829100
0.170160	-31.169701
0.170240	-30.148001
0.170320	-30.148001
0.170400	-30.148001
0.170480	-30.488501
0.170560	-30.488501
0.170640	-32.191399
0.170720	-33.213100
0.170800	-34.234798
0.170880	-34.234798
0.170960	-32.532001
0.171040	-31.510201
0.171120	-30.829100
0.171200	-31.169701
0.171280	-32.872501
0.171360	-34.234798
0.171440	-33.553699
0.171520	-33.553699
0.171600	-33.213100
0.171680	-33.553699
0.171760	-35.937698
0.171840	-37.640499
0.171920	-36.959400
0.172000	-35.256500
0.172080	-32.872501
0.172160	-31.169701
0.172240	-30.488501
0.172320	-31.169701
0.172400	-31.510201
0.172480	-32.532001
0.172560	-33.894199
0.172640	-33.553699
0.172720	-32.191399
0.172800	-30.829100
0.172880	-29.126200
0.172960	-29.807400
0.173040	-29.807400
0.173120	-31.169701
0.173200	-31.850800
0.173280	-31.850800
0.173360	-30.829100
0.173440	-30.148001
0.173520	-29.807400
0.173600	-30.488501
0.173680	-32.872501
0.173760	-33.894199
0.173840	-32.872501
0.173920	-31.169701
0.174000	-29.466801
0.174080	-29.807400
0.174160	-30.488501
0.174240	-31.169701
0.174320	-32.191399
0.174400	-31.510201
0.174480	-31.850800
0.174560	-32.191399
0.174640	-31.510201
0.174720	-31.169701
0.174800	-29.807400
0.174880	-30.148001
0.174960	-30.148001
0.175040	-31.169701
0.175120	-31.169701
0.175200	-31.850800
0.175280	-32.191399
0.175360	-31.510201
0.175440	-31.510201
0.175520	-30.488501
0.175600	-30.829100
0.175680	-31.510201
0.175760	-30.829100
0.175840	-30.488501
0.175920	-30.488501
0.176000	-29.807400
0.176080	-29.466801
0.176160	-30.148001
0.176240	-31.510201
0.176320	-32.191399
0.176400	-31.169701
0.176480	-30.148001
0.176560	-29.126200
0.176640	-29.126200
0.176720	-29.126200
0.176800	-29.807400
0.176880	-29.807400
0.176960	-28.445101
0.177040	-27.764000
0.177120	-27.082800
0.177200	-28.445101
0.177280	-29.466801
0.177360	-29.466801
0.177440	-29.807400
0.177520	-29.126200
0.177600	-29.466801
0.177680	-28.785700
0.177760	-29.126200
0.177840	-29.126200
0.177920	-30.148001
0.178000	-30.148001
0.178080	-30.829100
0.178160	-31.169701
0.178240	-31.850800
0.178320	-33.213100
0.178400	-32.191399
0.178480	-32.191399
0.178560	-31.850800
0.178640	-31.850800
0.178720	-31.850800
0.178800	-32.191399
0.178880	-31.510201
0.178960	-31.169701
0.179040	-30.488501
0.179120	-30.488501
0.179200	-30.488501
0.179280	-30.829100
0.179360	-31.169701
0.179440	-31.169701
0.179520	-31.850800
0.179600	-32.532001
0.179680	-32.532001
0.179760	-33.553699
0.179840	-33.894199
0.179920	-33.553699
0.180000	-33.894199
0.180080	-33.553699
0.180160	-33.894199
0.180240	-33.894199
0.180320	-33.553699
0.180400	-34.234798
0.180480	-34.916000
0.180560	-35.597099
0.180640	-35.597099
0.180720	-36.278198
0.180800	-35.256500
0.180880	-35.256500
0.180960	-35.256500
0.181040	-35.256500
0.181120	-34.916000
0.181200	-35.256500
0.181280	-35.256500
0.181360	-35.256500
0.181440	-35.256500
0.181520	-35.256500
0.181600	-35.937698
0.181680	-35.597099
0.181760	-35.937698
0.181840	-36.278198
0.181920	-36.618801
0.182000	-36.959400
0.182080	-35.937698
0.182160	-35.256500
0.182240	-35.597099
0.182320	-35.937698
0.182400	-35.937698
0.182480	-36.618801
0.182560	-36.959400
0.182640	-35.597099
0.182720	-36.278198
0.182800	-36.278198
0.182880	-36.618801
0.182960	-36.278198
0.183040	-36.278198
0.183120	-35.937698
0.183200	-36.618801
0.183280	-36.618801
0.183360	-36.959400
0.183440	-37.299999
0.183520	-37.299999
0.183600	-37.299999
0.183680	-36.959400
0.183760	-37.640499
0.183840	-37.981098
0.183920	-37.981098
0.184000	-37.299999
0.184080	-36.618801
0.184160	-37.299999
0.184240	-37.299999
0.184320	-36.959400
0.184400	-36.618801
0.184480	-36.618801
0.184560	-37.299999
0.184640	-36.959400
0.184720	-37.981098
0.184800	-37.640499
0.184880	-37.299999
0.184960	-36.278198
0.185040	-36.959400
0.185120	-36.618801
0.185200	-37.299999
0.185280	-37.299999
0.185360	-37.640499
0.185440	-36.618801
0.185520	-36.618801
0.185600	-36.278198
0.185680	-35.937698
0.185760	-35.937698
0.185840	-34.916000
0.185920	-34.916000
0.186000	-34.575401
0.186080	-36.278198
0.186160	-36.959400
0.186240	-36.959400
0.186320	-35.937698
0.186400	-35.597099
0.186480	-35.597099
0.186560	-35.256500
0.186640	-34.916000
0.186720	-35.256500
0.186800	-35.597099
0.186880	-35.256500
0.186960	-35.256500
0.187040	-35.256500
0.187120	-34.916000
0.187200	-35.256500
0.187280	-35.256500
0.187360	-35.937698
0.187440	-35.937698
0.187520	-34.916000
0.187600	-34.234798
0.187680	-34.234798
0.187760	-35.256500
0.187840	-35.256500
0.187920	-35.256500
0.188000	-35.597099
0.188080	-33.894199
0.188160	-33.553699
0.188240	-31.169701
0.188320	-29.807400
0.188400	-29.126200
0.188480	-30.488501
0.188560	-32.872501
0.188640	-33.894199
0.188720	-35.256500
0.188800	-34.916000
0.188880	-34.234798
0.188960	-32.872501
0.189040	-31.169701
0.189120	-30.148001
0.189200	-29.466801
0.189280	-28.445101
0.189360	-28.104500
0.189440	-28.104500
0.189520	-27.764000
0.189600	-27.764000
0.189680	-28.104500
0.189760	-28.445101
0.189840	-28.104500
0.189920	-28.104500
0.190000	-27.423401
0.190080	-27.764000
0.190160	-27.764000
0.190240	-27.423401
0.190320	-27.082800
0.190400	-26.061100
0.190480	-27.082800
0.190560	-26.401699
0.190640	-26.742300
0.190720	-26.742300
0.190800	-26.401699
0.190880	-26.401699
0.190960	-26.061100
0.191040	-26.061100
0.191120	-25.720501
0.191200	-24.358299
0.191280	-23.677099
0.191360	-23.677099
0.191440	-23.677099
0.191520	-23.336500
0.191600	-22.996000
0.191680	-22.996000
0.191760	-22.655399
0.191840	-22.655399
0.191920	-22.655399
0.192000	-22.655399
0.192080	-22.314800
0.192160	-22.996000
0.192240	-23.336500
0.192320	-23.336500
0.192400	-22.996000
0.192480	-23.677099
0.192560	-23.336500
0.192640	-23.336500
0.192720	-22.655399
0.192800	-22.996000
0.192880	-23.336500
0.192960	-23.336500
0.193040	-22.996000
0.193120	-22.996000
0.193200	-21.974300
0.193280	-21.974300
0.193360	-22.314800
0.193440	-22.314800
0.193520	-21.633699
0.193600	-22.314800
0.193680	-22.314800
0.193760	-21.974300
0.193840	-22.314800
0.193920	-22.655399
0.194000	-22.996000
0.194080	-22.655399
0.194160	-22.996000
0.194240	-22.996000
0.194320	-22.314800
0.194400	-21.974300
0.194480	-21.293100
0.194560	-21.974300
0.194640	-21.974300
0.194720	-22.655399
0.194800	-22.314800
0.194880	-21.974300
0.194960	-22.996000
0.195040	-21.633699
0.195120	-21.633699
0.195200	-21.293100
0.195280	-21.633699
0.195360	-21.293100
0.195440	-20.952499
0.195520	-20.612000
0.195600	-20.271400
0.195680	-19.590300
0.195760	-19.930799
0.195840	-20.612000
0.195920	-19.590300
0.196000	-19.590300
0.196080	-19.249701
0.196160	-19.249701
0.196240	-18.568501
0.196320	-18.568501
0.196400	-18.228001
0.196480	-18.568501
0.196560	-18.228001
0.196640	-18.228001
0.196720	-17.887400
0.196800	-16.865700
0.196880	-16.865700
0.196960	-16.865700
0.197040	-17.206301
0.197120	-16.865700
0.197200	-16.865700
0.197280	-16.184500
0.197360	-16.184500
0.197440	-15.503400
0.197520	-15.503400
0.197600	-14.822200
0.197680	-14.481600
0.197760	-14.141100
0.197840	-13.459900
0.197920	-14.141100
0.198000	-14.822200
0.198080	-14.481600
0.198160	-14.822200
0.198240	-13.459900
0.198320	-13.459900
0.198400	-12.778800
0.198480	-13.119400
0.198560	-13.800500
0.198640	-13.459900
0.198720	-13.119400
0.198800	-13.119400
0.198880	-13.119400
0.198960	-13.119400
0.199040	-12.097700
0.199120	-12.438200
0.199200	-12.097700
0.199280	-12.778800
0.199360	-12.438200
0.199440	-12.097700
0.199520	-12.097700
0.199600	-11.757100
0.199680	-11.075900
0.199760	-10.735400
0.199840	-11.416500
0.199920	-10.054200
0.200000	-10.394800
0.200080	-10.735400
0.200160	-11.416500
0.200240	-13.119400
0.200320	-14.481600
0.200400	-12.438200
0.200480	-12.097700
0.200560	-10.054200
0.200640	-11.416500
0.200720	-11.416500
0.200800	-11.416500
0.200880	-11.416500
0.200960	-11.075900
0.201040	-10.054200
0.201120	-11.075900
0.201200	-11.075900
0.201280	-10.735400
0.201360	-11.416500
0.201440	-10.394800
0.201520	-10.394800
0.201600	-11.075900
0.201680	-11.416500
0.201760	-11.416500
0.201840	-11.075900
0.201920	-12.097700
0.202000	-11.075900
0.202080	-9.713700
0.202160	-9.713700
0.202240	-10.394800
0.202320	-10.394800
0.202400	-10.394800
0.202480	-9.713700
0.202560	-9.713700
0.202640	-9.713700
0.202720	-9.373130
0.202800	-10.054200
0.202880	-10.054200
0.202960	-10.054200
0.203040	-9.713700
0.203120	-8.691980
0.203200	-8.010840
0.203280	-7.670270
0.203360	-8.010840
0.203440	-8.351410
0.203520	-8.691980
0.203600	-8.351410
0.203680	-8.691980
0.203760	-8.010840
0.203840	-7.670270
0.203920	-7.670270
0.204000	-7.670270
0.204080	-7.329700
0.204160	-6.989130
0.204240	-6.648560
0.204320	-7.670270
0.204400	-8.010840
0.204480	-9.032560
0.204560	-9.373130
0.204640	-9.373130
0.204720	-8.010840
0.204800	-6.989130
0.204880	-5.967420
0.204960	-5.626840
0.205040	-5.626840
0.205120	-4.945700
0.205200	-4.264560
0.205280	-4.264560
0.205360	-4.605130
0.205440	-5.626840
0.205520	-5.626840
0.205600	-6.648560
0.205680	-5.626840
0.205760	-4.945700
0.205840	-4.264560
0.205920	-3.242850
0.206000	-2.902280
0.206080	-3.923990
0.206160	-3.923990
0.206240	-3.242850
0.206320	-1.199420
0.206400	-0.518278
0.206480	-0.177707
0.206560	-0.518278
0.206640	-1.199420
0.206720	-1.539990
0.206800	-1.539990
0.206880	-1.199420
0.206960	-1.199420
0.207040	-1.880560
0.207120	-2.902280
0.207200	-3.583420
0.207280	-2.561700
0.207360	-1.880560
0.207440	-1.880560
0.207520	-1.539990
0.207600	-1.199420
0.207680	-0.177707
0.207760	0.844006
0.207840	1.865720
0.207920	1.865720
0.208000	1.525150
0.208080	1.525150
0.208160	0.844006
0.208240	0.162864
0.208320	0.162864
0.208400	1.184580
0.208480	0.844006
0.208560	0.162864
0.208640	0.844006
0.208720	0.844006
0.208800	1.184580
0.208880	1.184580
0.208960	0.844006
0.209040	0.844006
0.209120	1.525150
0.209200	1.184580
0.209280	0.844006
0.209360	0.844006
0.209440	1.184580
0.209520	1.865720
0.209600	2.887430
0.209680	2.887430
0.209760	3.228000
0.209840	2.887430
0.209920	2.546860
0.210000	2.206290
0.210080	1.525150
0.210160	1.865720
0.210240	2.206290
0.210320	1.525150
0.210400	1.865720
0.210480	1.525150
0.210560	1.184580
0.210640	0.844006
0.210720	0.162864
0.210800	-1.539990
0.210880	-2.561700
0.210960	-2.221130
0.211040	-0.858849
0.211120	1.184580
0.211200	3.568570
0.211280	4.590290
0.211360	3.568570
0.211440	3.228000
0.211520	2.206290
0.211600	2.206290
0.211680	2.546860
0.211760	3.228000
0.211840	2.887430
0.211920	3.228000
0.212000	1.865720
0.212080	2.546860
0.212160	2.546860
0.212240	1.865720
0.212320	1.525150
0.212400	1.865720
0.212480	2.546860
0.212560	2.546860
0.212640	2.887430
0.212720	2.887430
0.212800	1.525150
0.212880	0.844006
0.212960	2.206290
0.213040	3.909150
0.213120	3.568570
0.213200	3.228000
0.213280	2.546860
0.213360	1.525150
0.213440	2.206290
0.213520	2.206290
0.213600	2.546860
0.213680	2.206290
0.213760	1.525150
0.213840	1.184580
0.213920	0.503435
0.214000	1.184580
0.214080	2.206290
0.214160	2.546860
0.214240	2.546860
0.214320	2.887430
0.214400	2.206290
0.214480	1.865720
0.214560	1.865720
0.214640	2.206290
0.214720	1.865720
0.214800	2.546860
0.214880	3.568570
0.214960	2.887430
0.215040	2.887430
0.215120	2.887430
0.215200	2.887430
0.215280	3.909150
0.215360	4.590290
0.215440	4.930860
0.215520	5.612000
0.215600	5.271430
0.215680	5.612000
0.215760	5.271430
0.215840	3.909150
0.215920	4.590290
0.216000	4.590290
0.216080	3.909150
0.216160	4.249720
0.216240	4.930860
0.216320	3.568570
0.216400	4.249720
0.216480	4.590290
0.216560	5.271430
0.216640	4.930860
0.216720	4.249720
0.216800	5.952570
0.216880	5.612000
0.216960	6.633710
0.217040	6.293140
0.217120	5.612000
0.217200	4.930860
0.217280	4.930860
0.217360	5.271430
0.217440	5.612000
0.217520	5.612000
0.217600	5.612000
0.217680	5.271430
0.217760	5.612000
0.217840	4.930860
0.217920	4.930860
0.218000	4.590290
0.218080	4.930860
0.218160	5.271430
0.218240	5.271430
0.218320	5.612000
0.218400	5.271430
0.218480	5.271430
0.218560	4.930860
0.218640	4.249720
0.218720	3.909150
0.218800	3.909150
0.218880	4.249720
0.218960	4.249720
0.219040	4.249720
0.219120	4.590290
0.219200	4.249720
0.219280	3.909150
0.219360	4.590290
0.219440	4.249720
0.219520	3.909150
0.219600	4.930860
0.219680	4.590290
0.219760	3.568570
0.219840	3.568570
0.219920	3.568570
0.220000	3.909150
0.220080	4.249720
0.220160	3.909150
0.220240	3.909150
0.220320	4.249720
0.220400	3.568570
0.220480	3.568570
0.220560	3.568570
0.220640	3.228000
0.220720	3.909150
0.220800	3.568570
0.220880	3.568570
0.220960	3.909150
0.221040	3.568570
0.221120	3.909150
0.221200	3.909150
0.221280	3.568570
0.221360	3.568570
0.221440	2.887430
0.221520	2.546860
0.221600	2.546860
0.221680	2.546860
0.221760	2.887430
0.221840	2.206290
0.221920	2.546860
0.222000	2.206290
0.222080	2.206290
0.222160	1.865720
0.222240	1.865720
0.222320	1.865720
0.222400	2.206290
0.222480	2.206290
0.222560	2.206290
0.222640	2.206290
0.222720	1.525150
0.222800	0.844006
0.222880	0.844006
0.222960	0.844006
0.223040	1.184580
0.223120	0.162864
0.223200	0.844006
0.223280	1.184580
0.223360	1.184580
0.223440	1.525150
0.223520	0.503435
0.223600	1.184580
0.223680	1.525150
0.223760	1.184580
0.223840	1.184580
0.223920	1.525150
0.224000	0.844006
0.224080	1.184580
0.224160	0.844006
0.224240	0.162864
0.224320	0.844006
0.224400	0.844006
0.224480	0.162864
0.224560	0.503435
0.224640	0.844006
0.224720	0.844006
0.224800	0.844006
0.224880	1.525150
0.224960	1.184580
0.225040	0.844006
0.225120	0.503435
0.225200	0.503435
0.225280	0.162864
0.225360	0.503435
0.225440	1.525150
0.225520	0.503435
0.225600	1.184580
0.225680	2.206290
0.225760	2.206290
0.225840	2.546860
0.225920	4.590290
0.226000	7.655430
0.226080	9.698850
0.226160	10.380000
0.226240	7.314860
0.226320	1.525150
0.226400	-3.242850
0.226480	-4.264560
0.226560	-2.561700
0.226640	0.844006
0.226720	2.206290
0.226800	2.206290
0.226880	1.184580
0.226960	0.503435
0.227040	0.162864
0.227120	1.525150
0.227200	0.844006
0.227280	-0.177707
0.227360	-1.539990
0.227440	-3.583420
0.227520	-2.902280
0.227600	-2.561700
0.227680	-0.177707
0.227760	0.162864
0.227840	0.162864
0.227920	-0.518278
0.228000	-0.518278
0.228080	-0.518278
0.228160	-0.518278
0.228240	0.503435
0.228320	0.503435
0.228400	0.162864
0.228480	0.503435
0.228560	0.503435
0.228640	0.162864
0.228720	0.503435
0.228800	0.162864
0.228880	-0.177707
0.228960	-0.177707
0.229040	-0.177707
0.229120	0.503435
0.229200	-0.177707
0.229280	-0.518278
0.229360	-1.199420
0.229440	-1.199420
0.229520	-1.199420
0.229600	-1.539990
0.229680	-1.199420
0.229760	-1.539990
0.229840	-2.221130
0.229920	-2.902280
0.230000	-2.902280
0.230080	-2.221130
0.230160	-1.199420
0.230240	-1.199420
0.230320	-1.539990
0.230400	-1.880560
0.230480	-2.902280
0.230560	-3.242850
0.230640	-2.902280
0.230720	-3.242850
0.230800	-3.923990
0.230880	-3.583420
0.230960	-4.264560
0.231040	-3.583420
0.231120	-2.902280
0.231200	-3.242850
0.231280	-3.242850
0.231360	-3.583420
0.231440	-4.605130
0.231520	-4.605130
0.231600	-4.605130
0.231680	-4.605130
0.231760	-4.945700
0.231840	-4.605130
0.231920	-5.286270
0.232000	-5.286270
0.232080	-5.626840
0.232160	-4.605130
0.232240	-4.605130
0.232320	-3.923990
0.232400	-3.583420
0.232480	-3.923990
0.232560	-3.923990
0.232640	-4.264560
0.232720	-5.286270
0.232800	-5.286270
0.232880	-5.286270
0.232960	-5.626840
0.233040	-5.967420
0.233120	-6.648560
0.233200	-7.329700
0.233280	-7.329700
0.233360	-6.989130
0.233440	-8.351410
0.233520	-8.010840
0.233600	-7.329700
0.233680	-6.307990
0.233760	-7.670270
0.233840	-6.648560
0.233920	-7.329700
0.234000	-7.670270
0.234080	-7.329700
0.234160	-8.010840
0.234240	-8.691980
0.234320	-8.351410
0.234400	-8.691980
0.234480	-8.691980
0.234560	-9.713700
0.234640	-9.713700
0.234720	-10.735400
0.234800	-11.416500
0.234880	-10.735400
0.234960	-11.075900
0.235040	-10.394800
0.235120	-10.735400
0.235200	-11.075900
0.235280	-10.735400
0.235360	-10.394800
0.235440	-10.735400
0.235520	-11.075900
0.235600	-11.416500
0.235680	-12.438200
0.235760	-12.778800
0.235840	-12.438200
0.235920	-12.778800
0.236000	-12.438200
0.236080	-12.438200
0.236160	-12.778800
0.236240	-12.438200
0.236320	-12.438200
0.236400	-13.119400
0.236480	-12.097700
0.236560	-12.778800
0.236640	-12.438200
0.236720	-13.119400
0.236800	-13.119400
0.236880	-14.141100
0.236960	-14.141100
0.237040	-14.141100
0.237120	-13.800500
0.237200	-13.459900
0.237280	-13.459900
0.237360	-13.459900
0.237440	-12.778800
0.237520	-12.778800
0.237600	-12.778800
0.237680	-12.778800
0.237760	-12.778800
0.237840	-12.778800
0.237920	-13.119400
0.238000	-13.119400
0.238080	-13.800500
0.238160	-13.800500
0.238240	-13.800500
0.238320	-12.438200
0.238400	-12.778800
0.238480	-11.757100
0.238560	-11.757100
0.238640	-12.097700
0.238720	-12.097700
0.238800	-12.778800
0.238880	-12.438200
0.238960	-12.097700
0.239040	-12.438200
0.239120	-12.778800
0.239200	-13.459900
0.239280	-13.119400
0.239360	-12.778800
0.239440	-12.438200
0.239520	-12.438200
0.239600	-12.438200
0.239680	-12.097700
0.239760	-13.800500
0.239840	-12.438200
0.239920	-12.778800
0.240000	-12.438200
0.240080	-11.757100
0.240160	-12.438200
0.240240	-13.119400
0.240320	-12.438200
0.240400	-12.438200
0.240480	-11.757100
0.240560	-12.097700
0.240640	-11.075900
0.240720	-11.075900
0.240800	-11.416500
0.240880	-12.097700
0.240960	-11.757100
0.241040	-11.075900
0.241120	-11.416500
0.241200	-11.075900
0.241280	-10.054200
0.241360	-9.713700
0.241440	-9.713700
0.241520	-9.373130
0.241600	-11.075900
0.241680	-11.416500
0.241760	-11.075900
0.241840	-10.735400
0.241920	-10.394800
0.242000	-10.054200
0.242080	-10.054200
0.242160	-10.394800
0.242240	-11.075900
0.242320	-10.735400
0.242400	-10.054200
0.242480	-9.373130
0.242560	-8.691980
0.242640	-10.054200
0.242720	-10.394800
0.242800	-11.075900
0.242880	-10.394800
0.242960	-10.054200
0.243040	-9.713700
0.243120	-9.373130
0.243200	-10.054200
0.243280	-10.054200
0.243360	-10.054200
0.243440	-10.054200
0.243520	-10.394800
0.243600	-10.394800
0.243680	-10.735400
0.243760	-9.713700
0.243840	-9.713700
0.243920	-9.373130
0.244000	-10.054200
0.244080	-9.713700
0.244160	-10.394800
0.244240	-11.416500
0.244320	-11.757100
0.244400	-11.416500
0.244480	-12.097700
0.244560	-12.097700
0.244640	-11.757100
0.244720	-11.757100
0.244800	-11.075900
0.244880	-11.757100
0.244960	-10.735400
0.245040	-10.394800
0.245120	-10.394800
0.245200	-11.075900
0.245280	-11.416500
0.245360	-10.054200
0.245440	-11.075900
0.245520	-10.735400
0.245600	-11.075900
0.245680	-11.075900
0.245760	-11.416500
0.245840	-11.757100
0.245920	-11.416500
0.246000	-12.097700
0.246080	-11.757100
0.246160	-11.757100
0.246240	-11.757100
0.246320	-12.097700
0.246400	-11.416500
0.246480	-11.757100
0.246560	-12.097700
0.246640	-13.119400
0.246720	-13.459900
0.246800	-13.459900
0.246880	-12.778800
0.246960	-11.757100
0.247040	-12.097700
0.247120	-12.097700
0.247200	-12.097700
0.247280	-12.438200
0.247360	-13.119400
0.247440	-12.438200
0.247520	-12.097700
0.247600	-12.778800
0.247680	-12.438200
0.247760	-12.438200
0.247840	-13.459900
0.247920	-13.119400
0.248000	-12.778800
0.248080	-13.459900
0.248160	-13.459900
0.248240	-13.119400
0.248320	-13.800500
0.248400	-13.119400
0.248480	-13.119400
0.248560	-13.119400
0.248640	-13.800500
0.248720	-14.481600
0.248800	-13.459900
0.248880	-13.800500
0.248960	-14.141100
0.249040	-14.141100
0.249120	-13.800500
0.249200	-13.800500
0.249280	-14.141100
0.249360	-14.481600
0.249440	-14.481600
0.249520	-14.141100
0.249600	-14.481600
0.249680	-14.141100
0.249760	-14.481600
0.249840	-14.141100
0.249920	-14.481600
0.250000	-15.162800
0.250080	-14.481600
0.250160	-14.822200
0.250240	-14.141100
0.250320	-14.141100
0.250400	-13.800500
0.250480	-14.481600
0.250560	-14.822200
0.250640	-14.141100
0.250720	-14.141100
0.250800	-14.822200
0.250880	-15.162800
0.250960	-14.822200
0.251040	-14.481600
0.251120	-14.481600
0.251200	-14.141100
0.251280	-13.800500
0.251360	-13.800500
0.251440	-13.119400
0.251520	-13.800500
0.251600	-13.800500
0.251680	-13.459900
0.251760	-12.778800
0.251840	-12.097700
0.251920	-12.438200
0.252000	-12.438200
0.252080	-13.459900
0.252160	-14.481600
0.252240	-14.481600
0.252320	-14.481600
0.252400	-13.800500
0.252480	-14.141100
0.252560	-13.800500
0.252640	-13.459900
0.252720	-13.800500
0.252800	-13.800500
0.252880	-13.459900
0.252960	-14.141100
0.253040	-13.800500
0.253120	-14.481600
0.253200	-13.800500
0.253280	-13.800500
0.253360	-13.459900
0.253440	-14.141100
0.253520	-13.800500
0.253600	-14.481600
0.253680	-14.141100
0.253760	-13.800500
0.253840	-13.800500
0.253920	-14.822200
0.254000	-14.481600
0.254080	-14.822200
0.254160	-13.459900
0.254240	-14.141100
0.254320	-15.162800
0.254400	-15.162800
0.254480	-15.162800
0.254560	-14.822200
0.254640	-14.141100
0.254720	-14.141100
0.254800	-14.481600
0.254880	-14.141100
0.254960	-14.141100
0.255040	-14.141100
0.255120	-15.162800
0.255200	-15.162800
0.255280	-15.503400
0.255360	-15.162800
0.255440	-14.822200
0.255520	-14.481600
0.255600	-14.141100
0.255680	-14.481600
0.255760	-13.800500
0.255840	-14.141100
0.255920	-14.481600
0.256000	-14.822200
0.256080	-15.162800
0.256160	-14.822200
0.256240	-14.822200
0.256320	-14.822200
0.256400	-15.162800
0.256480	-14.822200
0.256560	-15.503400
0.256640	-14.822200
0.256720	-14.822200
0.256800	-14.481600
0.256880	-14.822200
0.256960	-15.162800
0.257040	-15.162800
0.257120	-15.503400
0.257200	-15.162800
0.257280	-15.162800
0.257360	-14.481600
0.257440	-14.141100
0.257520	-13.459900
0.257600	-13.459900
0.257680	-13.800500
0.257760	-14.141100
0.257840	-13.800500
0.257920	-14.141100
0.258000	-13.459900
0.258080	-13.459900
0.258160	-13.800500
0.258240	-13.459900
0.258320	-13.119400
0.258400	-13.800500
0.258480	-13.459900
0.258560	-14.141100
0.258640	-14.141100
0.258720	-14.141100
0.258800	-13.119400
0.258880	-12.438200
0.258960	-12.778800
0.259040	-13.800500
0.259120	-13.119400
0.259200	-13.119400
0.259280	-12.438200
0.259360	-12.097700
0.259440	-12.438200
0.259520	-12.778800
0.259600	-12.778800
0.259680	-12.778800
0.259760	-12.778800
0.259840	-12.438200
0.259920	-11.757100
0.260000	-12.438200
0.260080	-12.438200
0.260160	-13.119400
0.260240	-13.119400
0.260320	-13.119400
0.260400	-13.119400
0.260480	-13.459900
0.260560	-13.119400
0.260640	-13.119400
0.260720	-12.438200
0.260800	-13.119400
0.260880	-12.097700
0.260960	-13.459900
0.261040	-13.459900
0.261120	-13.459900
0.261200	-13.459900
0.261280	-13.119400
0.261360	-11.075900
0.261440	-9.713700
0.261520	-10.394800
0.261600	-13.119400
0.261680	-17.206301
0.261760	-19.249701
0.261840	-17.206301
0.261920	-13.459900
0.262000	-11.075900
0.262080	-10.394800
0.262160	-12.438200
0.262240	-14.141100
0.262320	-15.162800
0.262400	-14.141100
0.262480	-13.800500
0.262560	-13.459900
0.262640	-14.141100
0.262720	-14.141100
0.262800	-15.162800
0.262880	-15.503400
0.262960	-15.503400
0.263040	-14.481600
0.263120	-14.822200
0.263200	-14.141100
0.263280	-14.141100
0.263360	-14.141100
0.263440	-14.822200
0.263520	-14.481600
0.263600	-13.800500
0.263680	-12.438200
0.263760	-13.459900
0.263840	-13.459900
0.263920	-14.141100
0.264000	-14.822200
0.264080	-14.822200
0.264160	-14.822200
0.264240	-15.162800
0.264320	-14.822200
0.264400	-15.162800
0.264480	-14.822200
0.264560	-14.822200
0.264640	-14.481600
0.264720	-14.481600
0.264800	-14.822200
0.264880	-14.822200
0.264960	-14.822200
0.265040	-14.141100
0.265120	-14.822200
0.265200	-14.822200
0.265280	-15.162800
0.265360	-15.162800
0.265440	-15.162800
0.265520	-15.843900
0.265600	-15.843900
0.265680	-15.503400
0.265760	-15.162800
0.265840	-14.822200
0.265920	-15.162800
0.266000	-14.141100
0.266080	-14.141100
0.266160	-14.481600
0.266240	-14.822200
0.266320	-15.162800
0.266400	-15.162800
0.266480	-15.162800
0.266560	-14.822200
0.266640	-14.822200
0.266720	-14.141100
0.266800	-15.162800
0.266880	-14.822200
0.266960	-14.481600
0.267040	-14.822200
0.267120	-14.822200
0.267200	-14.822200
0.267280	-16.184500
0.267360	-15.162800
0.267440	-16.525101
0.267520	-16.184500
0.267600	-16.865700
0.267680	-14.481600
0.267760	-13.459900
0.267840	-12.097700
0.267920	-13.459900
0.268000	-14.481600
0.268080	-15.503400
0.268160	-15.843900
0.268240	-15.503400
0.268320	-15.503400
0.268400	-15.162800
0.268480	-15.162800
0.268560	-15.503400
0.268640	-15.503400
0.268720	-14.822200
0.268800	-14.822200
0.268880	-15.162800
0.268960	-15.162800
0.269040	-14.822200
0.269120	-15.503400
0.269200	-15.162800
0.269280	-15.162800
0.269360	-15.843900
0.269440	-15.843900
0.269520	-16.184500
0.269600	-16.525101
0.269680	-16.525101
0.269760	-15.503400
0.269840	-15.503400
0.269920	-16.525101
0.270000	-15.843900
0.270080	-15.843900
0.270160	-16.184500
0.270240	-15.503400
0.270320	-14.822200
0.270400	-15.162800
0.270480	-15.503400
0.270560	-15.843900
0.270640	-16.525101
0.270720	-15.503400
0.270800	-15.503400
0.270880	-15.503400
0.270960	-15.162800
0.271040	-15.843900
0.271120	-16.184500
0.271200	-16.525101
0.271280	-15.843900
0.271360	-16.184500
0.271440	-16.525101
0.271520	-16.184500
0.271600	-16.865700
0.271680	-15.843900
0.271760	-16.525101
0.271840	-16.525101
0.271920	-16.525101
0.272000	-16.184500
0.272080	-15.503400
0.272160	-16.184500
0.272240	-15.503400
0.272320	-16.184500
0.272400	-15.843900
0.272480	-15.503400
0.272560	-15.503400
0.272640	-14.822200
0.272720	-15.503400
0.272800	-15.162800
0.272880	-15.162800
0.272960	-16.525101
0.273040	-16.184500
0.273120	-16.184500
0.273200	-16.184500
0.273280	-15.843900
0.273360	-15.843900
0.273440	-15.843900
0.273520	-15.843900
0.273600	-16.184500
0.273680	-15.843900
0.273760	-16.184500
0.273840	-15.503400
0.273920	-15.162800
0.274000	-16.184500
0.274080	-16.184500
0.274160	-16.865700
0.274240	-16.865700
0.274320	-16.525101
0.274400	-16.525101
0.274480	-15.162800
0.274560	-15.503400
0.274640	-15.503400
0.274720	-16.184500
0.274800	-16.184500
0.274880	-16.525101
0.274960	-16.525101
0.275040	-16.184500
0.275120	-16.184500
0.275200	-16.525101
0.275280	-16.184500
0.275360	-15.843900
0.275440	-16.525101
0.275520	-16.184500
0.275600	-16.865700
0.275680	-16.525101
0.275760	-15.843900
0.275840	-15.503400
0.275920	-15.843900
0.276000	-15.503400
0.276080	-14.481600
0.276160	-14.822200
0.276240	-14.481600
0.276320	-14.481600
0.276400	-15.162800
0.276480	-15.843900
0.276560	-16.184500
0.276640	-15.843900
0.276720	-15.843900
0.276800	-15.503400
0.276880	-15.843900
0.276960	-15.503400
0.277040	-15.503400
0.277120	-15.503400
0.277200	-15.843900
0.277280	-15.843900
0.277360	-15.843900
0.277440	-15.843900
0.277520	-16.184500
0.277600	-16.525101
0.277680	-15.503400
0.277760	-16.184500
0.277840	-15.843900
0.277920	-16.184500
0.278000	-16.525101
0.278080	-16.525101
0.278160	-15.843900
0.278240	-15.843900
0.278320	-15.162800
0.278400	-15.503400
0.278480	-14.822200
0.278560	-14.822200
0.278640	-14.822200
0.278720	-14.481600
0.278800	-14.822200
0.278880	-14.822200
0.278960	-14.822200
0.279040	-14.481600
0.279120	-14.481600
0.279200	-15.162800
0.279280	-14.822200
0.279360	-14.822200
0.279440	-13.459900
0.279520	-14.141100
0.279600	-14.141100
0.279680	-14.141100
0.279760	-14.481600
0.279840	-14.481600
0.279920	-14.822200
0.280000	-14.481600
0.280080	-14.141100
0.280160	-13.119400
0.280240	-12.438200
0.280320	-12.778800
0.280400	-13.459900
0.280480	-13.800500
0.280560	-14.141100
0.280640	-13.119400
0.280720	-13.119400
0.280800	-12.778800
0.280880	-13.119400
0.280960	-13.119400
0.281040	-12.778800
0.281120	-12.438200
0.281200	-12.778800
0.281280	-12.778800
0.281360	-12.778800
0.281440	-12.438200
0.281520	-12.438200
0.281600	-11.757100
0.281680	-12.438200
0.281760	-11.757100
0.281840	-12.438200
0.281920	-11.757100
0.282000	-11.075900
0.282080	-10.735400
0.282160	-10.735400
0.282240	-11.075900
0.282320	-10.394800
0.282400	-10.735400
0.282480	-10.054200
0.282560	-9.713700
0.282640	-9.713700
0.282720	-9.713700
0.282800	-9.373130
0.282880	-10.054200
0.282960	-9.713700
0.283040	-9.713700
0.283120	-9.713700
0.283200	-9.373130
0.283280	-8.691980
0.283360	-9.032560
0.283440	-10.054200
0.283520	-10.054200
0.283600	-10.394800
0.283680	-8.691980
0.283760	-8.351410
0.283840	-7.329700
0.283920	-7.670270
0.284000	-8.351410
0.284080	-8.010840
0.284160	-7.670270
0.284240	-7.670270
0.284320	-7.670270
0.284400	-7.670270
0.284480	-6.989130
0.284560	-6.989130
0.284640	-6.989130
0.284720	-7.329700
0.284800	-7.329700
0.284880	-7.670270
0.284960	-7.329700
0.285040	-7.329700
0.285120	-7.329700
0.285200	-6.648560
0.285280	-6.307990
0.285360	-6.648560
0.285440	-5.626840
0.285520	-5.286270
0.285600	-4.605130
0.285680	-4.945700
0.285760	-4.945700
0.285840	-5.286270
0.285920	-4.605130
0.286000	-4.264560
0.286080	-4.605130
0.286160	-5.626840
0.286240	-5.967420
0.286320	-5.626840
0.286400	-5.626840
0.286480	-5.626840
0.286560	-4.605130
0.286640	-4.264560
0.286720	-4.264560
0.286800	-4.945700
0.286880	-5.967420
0.286960	-5.967420
0.287040	-4.945700
0.287120	-4.605130
0.287200	-4.605130
0.287280	-4.945700
0.287360	-5.286270
0.287440	-5.286270
0.287520	-5.286270
0.287600	-5.286270
0.287680	-5.286270
0.287760	-3.923990
0.287840	-4.264560
0.287920	-4.605130
0.288000	-4.605130
0.288080	-4.945700
0.288160	-3.923990
0.288240	-2.902280
0.288320	-2.902280
0.288400	-2.561700
0.288480	-2.902280
0.288560	-3.923990
0.288640	-3.923990
0.288720	-4.264560
0.288800	-4.264560
0.288880	-3.583420
0.288960	-3.242850
0.289040	-3.583420
0.289120	-3.583420
0.289200	-4.605130
0.289280	-4.605130
0.289360	-3.583420
0.289440	-3.242850
0.289520	-2.561700
0.289600	-2.561700
0.289680	-2.221130
0.289760	-2.561700
0.289840	-2.561700
0.289920	-2.561700
0.290000	-2.221130
0.290080	-2.561700
0.290160	-2.221130
0.290240	-2.221130
0.290320	-1.880560
0.290400	-1.880560
0.290480	-1.880560
0.290560	-2.221130
0.290640	-1.880560
0.290720	-1.880560
0.290800	-2.221130
0.290880	-2.561700
0.290960	-2.221130
0.291040	-2.221130
0.291120	-1.880560
0.291200	-1.880560
0.291280	-2.561700
0.291360	-1.880560
0.291440	-1.880560
0.291520	-2.561700
0.291600	-2.902280
0.291680	-2.221130
0.291760	-2.221130
0.291840	-2.221130
0.291920	-1.199420
0.292000	-1.199420
0.292080	-1.539990
0.292160	-1.199420
0.292240	-1.539990
0.292320	-0.858849
0.292400	-0.858849
0.292480	-0.518278
0.292560	-0.518278
0.292640	-1.199420
0.292720	-1.539990
0.292800	-1.539990
0.292880	-1.539990
0.292960	-1.199420
0.293040	-0.858849
0.293120	-1.199420
0.293200	-0.518278
0.293280	-0.518278
0.293360	-0.858849
0.293440	0.162864
0.293520	-0.518278
0.293600	-0.518278
0.293680	-0.518278
0.293760	-1.199420
0.293840	-1.539990
0.293920	-0.518278
0.294000	-0.858849
0.294080	-0.518278
0.294160	-0.177707
0.294240	0.503435
0.294320	0.503435
0.294400	0.844006
0.294480	0.162864
0.294560	0.162864
0.294640	-0.177707
0.294720	-0.177707
0.294800	0.162864
0.294880	-0.177707
0.294960	0.844006
0.295040	0.503435
0.295120	-0.858849
0.295200	0.162864
0.295280	-0.518278
0.295360	-0.177707
0.295440	0.844006
0.295520	0.844006
0.295600	0.844006
0.295680	1.184580
0.295760	1.184580
0.295840	1.525150
0.295920	1.525150
0.296000	1.525150
0.296080	2.206290
0.296160	1.525150
0.296240	1.865720
0.296320	1.865720
0.296400	0.844006
0.296480	0.844006
0.296560	1.184580
0.296640	0.162864
0.296720	0.503435
0.296800	0.503435
0.296880	1.184580
0.296960	1.184580
0.297040	1.865720
0.297120	1.525150
0.297200	2.546860
0.297280	2.887430
0.297360	3.228000
0.297440	3.568570
0.297520	3.228000
0.297600	2.206290
0.297680	1.865720
0.297760	1.865720
0.297840	1.525150
0.297920	2.206290
0.298000	2.546860
0.298080	2.887430
0.298160	2.546860
0.298240	2.206290
0.298320	2.887430
0.298400	2.206290
0.298480	2.887430
0.298560	3.228000
0.298640	2.887430
0.298720	2.887430
0.298800	2.206290
0.298880	2.887430
0.298960	2.887430
0.299040	3.228000
0.299120	3.228000
0.299200	3.568570
0.299280	2.887430
0.299360	3.568570
0.299440	3.228000
0.299520	3.228000
0.299600	3.568570
0.299680	3.228000
0.299760	3.228000
0.299840	3.568570
0.299920	3.228000
0.300000	1.865720
0.300080	2.546860
0.300160	2.546860
0.300240	5.271430
0.300320	4.930860
0.300400	3.909150
0.300480	3.568570
0.300560	2.546860
0.300640	2.887430
0.300720	2.887430
0.300800	3.228000
0.300880	2.887430
0.300960	2.887430
0.301040	2.887430
0.301120	2.546860
0.301200	3.228000
0.301280	2.887430
0.301360	2.887430
0.301440	3.228000
0.301520	2.206290
0.301600	2.206290
0.301680	2.546860
0.301760	2.546860
0.301840	3.228000
0.301920	2.887430
0.302000	3.909150
0.302080	2.887430
0.302160	2.887430
0.302240	2.206290
0.302320	2.206290
0.302400	1.865720
0.302480	1.525150
0.302560	2.206290
0.302640	2.206290
0.302720	1.184580
0.302800	1.865720
0.302880	1.184580
0.302960	1.525150
0.303040	1.525150
0.303120	1.525150
0.303200	1.525150
0.303280	2.206290
0.303360	1.525150
0.303440	0.844006
0.303520	1.525150
0.303600	0.844006
0.303680	1.184580
0.303760	1.184580
0.303840	1.184580
0.303920	0.503435
0.304000	0.503435
0.304080	-0.518278
0.304160	-0.177707
0.304240	-0.858849
0.304320	-0.518278
0.304400	-0.177707
0.304480	-0.177707
0.304560	-0.518278
0.304640	-0.177707
0.304720	-1.539990
0.304800	-2.221130
0.304880	-1.539990
0.304960	-2.221130
0.305040	-1.199420
0.305120	-1.539990
0.305200	-1.539990
0.305280	-1.199420
0.305360	-1.199420
0.305440	-1.880560
0.305520	-2.221130
0.305600	-1.880560
0.305680	-1.539990
0.305760	-1.880560
0.305840	-1.880560
0.305920	-1.539990
0.306000	-2.221130
0.306080	-2.221130
0.306160	-2.221130
0.306240	-2.902280
0.306320	-3.242850
0.306400	-3.242850
0.306480	-2.561700
0.306560	-2.561700
0.306640	-2.902280
0.306720	-3.242850
0.306800	-2.561700
0.306880	-2.561700
0.306960	-2.221130
0.307040	-2.561700
0.307120	-3.242850
0.307200	-3.242850
0.307280	-2.561700
0.307360	-2.561700
0.307440	-2.561700
0.307520	-2.221130
0.307600	-3.242850
0.307680	-2.902280
0.307760	-4.264560
0.307840	-4.605130
0.307920	-4.264560
0.308000	-4.264560
0.308080	-3.242850
0.308160	-3.923990
0.308240	-3.583420
0.308320	-4.605130
0.308400	-3.923990
0.308480	-3.923990
0.308560	-3.583420
0.308640	-3.242850
0.308720	-3.242850
0.308800	-3.923990
0.308880	-4.264560
0.308960	-3.923990
0.309040	-4.264560
0.309120	-3.583420
0.309200	-3.923990
0.309280	-4.264560
0.309360	-3.583420
0.309440	-3.923990
0.309520	-2.902280
0.309600	-3.583420
0.309680	-3.583420
0.309760	-3.242850
0.309840	-3.242850
0.309920	-3.583420
0.310000	-3.583420
