-0.020000	-0.008657
-0.019920	-0.040081
-0.019840	-0.008657
-0.019760	-0.040081
-0.019680	-0.008657
-0.019600	0.054191
-0.019520	-0.008657
-0.019440	-0.040081
-0.019360	-0.040081
-0.019280	-0.008657
-0.019200	-0.008657
-0.019120	-0.040081
-0.019040	-0.008657
-0.018960	-0.040081
-0.018880	-0.040081
-0.018800	-0.008657
-0.018720	-0.040081
-0.018640	-0.040081
-0.018560	0.022767
-0.018480	-0.008657
-0.018400	-0.040081
-0.018320	-0.102928
-0.018240	-0.040081
-0.018160	-0.040081
-0.018080	-0.071505
-0.018000	0.022767
-0.017920	-0.008657
-0.017840	-0.040081
-0.017760	-0.008657
-0.017680	-0.008657
-0.017600	0.054191
-0.017520	-0.008657
-0.017440	0.022767
-0.017360	0.022767
-0.017280	-0.008657
-0.017200	0.022767
-0.017120	-0.008657
-0.017040	-0.008657
-0.016960	-0.040081
-0.016880	-0.008657
-0.016800	-0.008657
-0.016720	-0.008657
-0.016640	-0.040081
-0.016560	-0.008657
-0.016480	-0.008657
-0.016400	-0.008657
-0.016320	-0.008657
-0.016240	-0.071505
-0.016160	-0.008657
-0.016080	0.022767
-0.016000	-0.008657
-0.015920	-0.008657
-0.015840	-0.071505
-0.015760	-0.008657
-0.015680	0.022767
-0.015600	-0.040081
-0.015520	-0.008657
-0.015440	0.054191
-0.015360	-0.008657
-0.015280	-0.008657
-0.015200	-0.008657
-0.015120	-0.008657
-0.015040	-0.008657
-0.014960	-0.040081
-0.014880	-0.008657
-0.014800	-0.008657
-0.014720	0.054191
-0.014640	-0.008657
-0.014560	0.022767
-0.014480	-0.008657
-0.014400	-0.008657
-0.014320	-0.008657
-0.014240	0.022767
-0.014160	-0.008657
-0.014080	0.054191
-0.014000	0.022767
-0.013920	0.022767
-0.013840	0.022767
-0.013760	-0.040081
-0.013680	0.022767
-0.013600	0.022767
-0.013520	0.022767
-0.013440	-0.008657
-0.013360	0.054191
-0.013280	0.054191
-0.013200	0.054191
-0.013120	0.054191
-0.013040	-0.040081
-0.012960	0.022767
-0.012880	0.022767
-0.012800	0.022767
-0.012720	0.022767
-0.012640	0.022767
-0.012560	0.022767
-0.012480	0.085615
-0.012400	0.054191
-0.012320	0.054191
-0.012240	0.054191
-0.012160	0.022767
-0.012080	0.054191
-0.012000	0.022767
-0.011920	0.085615
-0.011840	0.022767
-0.011760	-0.008657
-0.011680	0.085615
-0.011600	0.054191
-0.011520	0.054191
-0.011440	0.054191
-0.011360	0.054191
-0.011280	0.022767
-0.011200	0.022767
-0.011120	0.054191
-0.011040	0.054191
-0.010960	0.022767
-0.010880	0.054191
-0.010800	0.022767
-0.010720	0.054191
-0.010640	0.054191
-0.010560	0.054191
-0.010480	0.054191
-0.010400	-0.008657
-0.010320	0.022767
-0.010240	0.022767
-0.010160	0.054191
-0.010080	0.085615
-0.010000	0.085615
-0.009920	0.117038
-0.009840	0.085615
-0.009760	0.085615
-0.009680	0.085615
-0.009600	0.054191
-0.009520	0.054191
-0.009440	0.085615
-0.009360	0.085615
-0.009280	0.117038
-0.009200	0.085615
-0.009120	0.117038
-0.009040	0.117038
-0.008960	0.085615
-0.008880	0.054191
-0.008800	0.117038
-0.008720	0.085615
-0.008640	0.148463
-0.008560	0.117038
-0.008480	0.085615
-0.008400	0.085615
-0.008320	0.085615
-0.008240	0.148463
-0.008160	0.085615
-0.008080	0.085615
-0.008000	0.085615
-0.007920	0.117038
-0.007840	0.085615
-0.007760	0.085615
-0.007680	0.117038
-0.007600	0.148463
-0.007520	0.117038
-0.007440	0.117038
-0.007360	0.117038
-0.007280	0.117038
-0.007200	0.117038
-0.007120	0.148463
-0.007040	0.117038
-0.006960	0.117038
-0.006880	0.117038
-0.006800	0.085615
-0.006720	0.085615
-0.006640	0.117038
-0.006560	0.085615
-0.006480	0.117038
-0.006400	0.179887
-0.006320	0.085615
-0.006240	0.085615
-0.006160	0.054191
-0.006080	0.085615
-0.006000	0.274158
-0.005920	0.179887
-0.005840	0.179887
-0.005760	0.085615
-0.005680	0.085615
-0.005600	0.117038
-0.005520	0.148463
-0.005440	0.148463
-0.005360	0.117038
-0.005280	0.117038
-0.005200	0.148463
-0.005120	0.117038
-0.005040	0.117038
-0.004960	0.148463
-0.004880	0.117038
-0.004800	0.085615
-0.004720	0.117038
-0.004640	0.148463
-0.004560	0.117038
-0.004480	0.117038
-0.004400	0.179887
-0.004320	0.117038
-0.004240	0.117038
-0.004160	0.148463
-0.004080	0.179887
-0.004000	0.148463
-0.003920	0.148463
-0.003840	0.179887
-0.003760	0.179887
-0.003680	0.148463
-0.003600	0.179887
-0.003520	0.179887
-0.003440	0.179887
-0.003360	0.148463
-0.003280	0.148463
-0.003200	0.179887
-0.003120	0.179887
-0.003040	0.179887
-0.002960	0.179887
-0.002880	0.179887
-0.002800	0.148463
-0.002720	0.179887
-0.002640	0.148463
-0.002560	0.179887
-0.002480	0.179887
-0.002400	0.211311
-0.002320	0.179887
-0.002240	0.148463
-0.002160	0.211311
-0.002080	0.211311
-0.002000	0.179887
-0.001920	0.242735
-0.001840	0.179887
-0.001760	0.179887
-0.001680	0.211311
-0.001600	0.211311
-0.001520	0.211311
-0.001440	0.274158
-0.001360	0.148463
-0.001280	0.211311
-0.001200	0.179887
-0.001120	0.179887
-0.001040	0.179887
-0.000960	0.211311
-0.000880	0.211311
-0.000800	0.211311
-0.000720	0.211311
-0.000640	0.179887
-0.000560	0.242735
-0.000480	0.242735
-0.000400	0.179887
-0.000320	0.211311
-0.000240	0.179887
-0.000160	0.211311
-0.000080	0.211311
0.000000	0.211311
0.000080	0.179887
0.000160	0.211311
0.000240	0.211311
0.000320	0.211311
0.000400	0.211311
0.000480	0.211311
0.000560	0.242735
0.000640	0.179887
0.000720	0.242735
0.000800	0.179887
0.000880	0.242735
0.000960	0.211311
0.001040	0.211311
0.001120	0.179887
0.001200	0.179887
0.001280	0.211311
0.001360	0.179887
0.001440	0.242735
0.001520	0.274158
0.001600	0.211311
0.001680	0.211311
0.001760	0.211311
0.001840	0.242735
0.001920	0.211311
0.002000	0.274158
0.002080	0.179887
0.002160	0.211311
0.002240	0.211311
0.002320	0.211311
0.002400	0.179887
0.002480	0.211311
0.002560	0.179887
0.002640	0.179887
0.002720	0.242735
0.002800	0.211311
0.002880	0.211311
0.002960	0.242735
0.003040	0.274158
0.003120	0.211311
0.003200	0.242735
0.003280	0.211311
0.003360	0.305582
0.003440	0.211311
0.003520	0.242735
0.003600	0.274158
0.003680	0.242735
0.003760	0.211311
0.003840	0.242735
0.003920	0.242735
0.004000	0.274158
0.004080	0.211311
0.004160	0.211311
0.004240	0.211311
0.004320	0.179887
0.004400	0.305582
0.004480	0.211311
0.004560	0.211311
0.004640	0.179887
0.004720	0.179887
0.004800	0.242735
0.004880	0.274158
0.004960	0.274158
0.005040	0.242735
0.005120	0.274158
0.005200	0.211311
0.005280	0.242735
0.005360	0.242735
0.005440	0.211311
0.005520	0.179887
0.005600	0.179887
0.005680	0.242735
0.005760	0.211311
0.005840	0.211311
0.005920	0.179887
0.006000	0.211311
0.006080	0.179887
0.006160	0.211311
0.006240	0.242735
0.006320	0.242735
0.006400	0.211311
0.006480	0.211311
0.006560	0.179887
0.006640	0.179887
0.006720	0.211311
0.006800	0.211311
0.006880	0.179887
0.006960	0.274158
0.007040	0.211311
0.007120	0.211311
0.007200	0.242735
0.007280	0.305582
0.007360	0.242735
0.007440	0.274158
0.007520	0.148463
0.007600	0.242735
0.007680	0.242735
0.007760	0.305582
0.007840	0.242735
0.007920	0.305582
0.008000	0.274158
0.008080	0.179887
0.008160	0.211311
0.008240	0.242735
0.008320	0.274158
0.008400	0.274158
0.008480	0.211311
0.008560	0.211311
0.008640	0.274158
0.008720	0.211311
0.008800	0.242735
0.008880	0.211311
0.008960	0.305582
0.009040	0.211311
0.009120	0.242735
0.009200	0.242735
0.009280	0.211311
0.009360	0.211311
0.009440	0.305582
0.009520	0.242735
0.009600	0.274158
0.009680	0.305582
0.009760	0.242735
0.009840	0.211311
0.009920	0.274158
0.010000	0.242735
0.010080	0.211311
0.010160	0.305582
0.010240	0.242735
0.010320	0.242735
0.010400	0.242735
0.010480	0.242735
0.010560	0.211311
0.010640	0.242735
0.010720	0.242735
0.010800	0.274158
0.010880	0.305582
0.010960	0.211311
0.011040	0.211311
0.011120	0.242735
0.011200	0.305582
0.011280	0.242735
0.011360	0.242735
0.011440	0.305582
0.011520	0.305582
0.011600	0.305582
0.011680	0.337006
0.011760	0.337006
0.011840	0.337006
0.011920	0.337006
0.012000	0.242735
0.012080	0.305582
0.012160	0.337006
0.012240	0.337006
0.012320	0.274158
0.012400	0.368430
0.012480	0.337006
0.012560	0.337006
0.012640	0.337006
0.012720	0.305582
0.012800	0.274158
0.012880	0.337006
0.012960	0.337006
0.013040	0.305582
0.013120	0.242735
0.013200	0.368430
0.013280	0.337006
0.013360	0.242735
0.013440	0.211311
0.013520	0.242735
0.013600	0.242735
0.013680	0.274158
0.013760	0.305582
0.013840	0.305582
0.013920	0.305582
0.014000	0.148463
0.014080	0.179887
0.014160	0.211311
0.014240	0.179887
0.014320	0.179887
0.014400	0.179887
0.014480	0.211311
0.014560	0.179887
0.014640	0.211311
0.014720	0.179887
0.014800	0.148463
0.014880	0.211311
0.014960	0.179887
0.015040	0.179887
0.015120	0.148463
0.015200	0.211311
0.015280	0.179887
0.015360	0.211311
0.015440	0.305582
0.015520	0.305582
0.015600	0.305582
0.015680	0.368430
0.015760	0.305582
0.015840	0.211311
0.015920	0.242735
0.016000	0.274158
0.016080	0.242735
0.016160	0.305582
0.016240	0.211311
0.016320	0.211311
0.016400	0.148463
0.016480	0.242735
0.016560	0.179887
0.016640	0.211311
0.016720	0.211311
0.016800	0.211311
0.016880	0.211311
0.016960	0.179887
0.017040	0.242735
0.017120	0.242735
0.017200	0.211311
0.017280	0.242735
0.017360	0.179887
0.017440	0.211311
0.017520	0.179887
0.017600	0.242735
0.017680	0.179887
0.017760	0.274158
0.017840	0.242735
0.017920	0.274158
0.018000	0.211311
0.018080	0.148463
0.018160	0.054191
0.018240	0.054191
0.018320	0.085615
0.018400	0.054191
0.018480	0.054191
0.018560	0.085615
0.018640	0.085615
0.018720	0.148463
0.018800	0.085615
0.018880	0.085615
0.018960	0.054191
0.019040	0.022767
0.019120	-0.071505
0.019200	-0.102928
0.019280	-0.102928
0.019360	-0.102928
0.019440	-0.040081
0.019520	-0.071505
0.019600	0.022767
0.019680	-0.040081
0.019760	-0.040081
0.019840	-0.008657
0.019920	-0.040081
0.020000	-0.008657
0.020080	-0.040081
0.020160	-0.008657
0.020240	0.022767
0.020320	-0.040081
0.020400	-0.071505
0.020480	-0.165777
0.020560	-0.102928
0.020640	-0.102928
0.020720	-0.071505
0.020800	-0.040081
0.020880	-0.071505
0.020960	-0.040081
0.021040	-0.134353
0.021120	-0.071505
0.021200	-0.071505
0.021280	-0.040081
0.021360	-0.040081
0.021440	-0.071505
0.021520	-0.102928
0.021600	-0.102928
0.021680	-0.102928
0.021760	-0.102928
0.021840	-0.134353
0.021920	-0.165777
0.022000	-0.197201
0.022080	-0.134353
0.022160	-0.071505
0.022240	0.054191
0.022320	-0.008657
0.022400	-0.008657
0.022480	-0.102928
0.022560	-0.197201
0.022640	-0.260048
0.022720	-0.291472
0.022800	-0.291472
0.022880	-0.228625
0.022960	-0.197201
0.023040	-0.102928
0.023120	0.022767
0.023200	0.022767
0.023280	0.022767
0.023360	0.054191
0.023440	-0.008657
0.023520	-0.165777
0.023600	-0.260048
0.023680	-0.228625
0.023760	-0.134353
0.023840	-0.008657
0.023920	0.085615
0.024000	0.085615
0.024080	0.054191
0.024160	0.054191
0.024240	0.054191
0.024320	0.085615
0.024400	0.054191
0.024480	0.085615
0.024560	0.117038
0.024640	0.179887
0.024720	0.211311
0.024800	0.085615
0.024880	0.022767
0.024960	-0.102928
0.025040	0.054191
0.025120	0.242735
0.025200	0.431278
0.025280	0.839789
0.025360	1.091180
0.025440	0.871213
0.025520	0.431278
0.025600	0.054191
0.025680	-0.040081
0.025760	-0.040081
0.025840	-0.134353
0.025920	-0.102928
0.026000	0.211311
0.026080	0.714094
0.026160	1.185450
0.026240	1.279720
0.026320	1.091180
0.026400	0.556974
0.026480	0.117038
0.026560	-0.134353
0.026640	-0.040081
0.026720	0.085615
0.026800	0.022767
0.026880	0.274158
0.026960	0.525550
0.027040	0.839789
0.027120	0.934061
0.027200	1.091180
0.027280	0.934061
0.027360	0.808365
0.027440	0.682670
0.027520	0.808365
0.027600	0.965485
0.027680	0.902637
0.027760	0.588398
0.027840	0.399854
0.027920	0.431278
0.028000	0.556974
0.028080	0.651246
0.028160	0.714094
0.028240	0.588398
0.028320	0.588398
0.028400	0.588398
0.028480	0.745518
0.028560	0.934061
0.028640	0.776941
0.028720	0.368430
0.028800	0.117038
0.028880	0.117038
0.028960	0.305582
0.029040	0.556974
0.029120	0.682670
0.029200	0.745518
0.029280	0.808365
0.029360	0.776941
0.029440	0.839789
0.029520	0.934061
0.029600	0.745518
0.029680	0.305582
0.029760	-0.040081
0.029840	0.085615
0.029920	0.368430
0.030000	0.494126
0.030080	0.431278
0.030160	0.556974
0.030240	1.091180
0.030320	1.436840
0.030400	1.154030
0.030480	0.714094
0.030560	0.431278
0.030640	0.148463
0.030720	0.054191
0.030800	-0.165777
0.030880	-0.385744
0.030960	-0.542864
0.031040	-0.134353
0.031120	0.651246
0.031200	1.122600
0.031280	1.028330
0.031360	0.745518
0.031440	0.996909
0.031520	1.374000
0.031600	1.185450
0.031680	0.682670
0.031760	0.462702
0.031840	0.556974
0.031920	0.934061
0.032000	1.688240
0.032080	2.536680
0.032160	3.039460
0.032240	3.322280
0.032320	3.479400
0.032400	3.667940
0.032480	3.510820
0.032560	3.070890
0.032640	3.039460
0.032720	3.447980
0.032800	3.573670
0.032880	3.322280
0.032960	3.259430
0.033040	3.667940
0.033120	4.265000
0.033200	4.893480
0.033280	5.679080
0.033360	6.181860
0.033440	6.119010
0.033520	5.961890
0.033600	5.993310
0.033680	5.930470
0.033760	5.427680
0.033840	4.830630
0.033920	4.987750
0.034000	5.930470
0.034080	6.967460
0.034160	7.721630
0.034240	8.538650
0.034320	9.261400
0.034400	9.607070
0.034480	9.795610
0.034560	9.952730
0.034640	9.858460
0.034720	9.701340
0.034800	9.575640
0.034880	9.481370
0.034960	9.481370
0.035040	9.418520
0.035120	9.418520
0.035200	9.889880
0.035280	10.172700
0.035360	10.078400
0.035440	9.764190
0.035520	9.449950
0.035600	9.072860
0.035680	8.695770
0.035760	8.412960
0.035840	8.350110
0.035920	8.255840
0.036000	7.941600
0.036080	7.784480
0.036160	7.847330
0.036240	7.878750
0.036320	7.658780
0.036400	7.187420
0.036480	6.810340
0.036560	6.653220
0.036640	6.464670
0.036720	6.087590
0.036800	5.773350
0.036880	5.396260
0.036960	5.144870
0.037040	4.862050
0.037120	4.642090
0.037200	4.579240
0.037280	4.390690
0.037360	3.887910
0.037440	3.008040
0.037520	1.908200
0.037600	1.185450
0.037680	1.216880
0.037760	2.410990
0.037840	4.202150
0.037920	6.056160
0.038000	7.375970
0.038080	8.255840
0.038160	8.475810
0.038240	8.350110
0.038320	8.381530
0.038400	8.632930
0.038480	9.229980
0.038560	9.827040
0.038640	10.141200
0.038720	10.141200
0.038800	10.015500
0.038880	10.078400
0.038960	10.581200
0.039040	11.241100
0.039120	11.838100
0.039200	11.901000
0.039280	11.429600
0.039360	10.864000
0.039440	10.266900
0.039520	9.607070
0.039600	9.010010
0.039680	7.910170
0.039760	5.804770
0.039840	3.353700
0.039920	1.593960
0.040000	0.934061
0.040080	1.185450
0.040160	1.688240
0.040240	1.499690
0.040320	0.651246
0.040400	-0.794255
0.040480	-3.182470
0.040560	-6.104900
0.040640	-8.241730
0.040720	-9.247290
0.040800	-9.530110
0.040880	-9.624380
0.040960	-9.970050
0.041040	-10.347100
0.041120	-10.315700
0.041200	-10.064300
0.041280	-9.121600
0.041360	-7.738940
0.041440	-6.796230
0.041520	-6.544840
0.041600	-6.010630
0.041680	-5.130760
0.041760	-4.345160
0.041840	-3.685260
0.041920	-3.056780
0.042000	-2.773960
0.042080	-2.616840
0.042160	-2.334030
0.042240	-2.176910
0.042320	-2.428300
0.042400	-3.119630
0.042480	-3.936650
0.042560	-4.659400
0.042640	-5.445000
0.042720	-6.450560
0.042800	-7.487550
0.042880	-8.618820
0.042960	-9.781500
0.043040	-11.164100
0.043120	-12.735300
0.043200	-14.275100
0.043280	-15.846300
0.043360	-17.417500
0.043440	-18.611601
0.043520	-19.271500
0.043600	-19.554300
0.043680	-20.088600
0.043760	-20.277100
0.043840	-20.214199
0.043920	-19.742901
0.044000	-19.302999
0.044080	-18.674500
0.044160	-18.171700
0.044240	-17.511801
0.044320	-16.569099
0.044400	-15.532000
0.044480	-14.777900
0.044560	-14.463600
0.044640	-14.243700
0.044720	-13.992300
0.044800	-13.929400
0.044880	-13.960800
0.044960	-14.243700
0.045040	-14.652200
0.045120	-14.903600
0.045200	-15.123500
0.045280	-15.406300
0.045360	-15.374900
0.045440	-15.437800
0.045520	-15.594900
0.045600	-15.469200
0.045680	-15.249200
0.045760	-15.374900
0.045840	-15.657700
0.045920	-16.191999
0.046000	-16.412001
0.046080	-16.317699
0.046160	-15.972000
0.046240	-15.500600
0.046320	-14.683600
0.046400	-13.615200
0.046480	-12.389600
0.046560	-11.321200
0.046640	-10.504200
0.046720	-9.592960
0.046800	-8.555970
0.046880	-7.456130
0.046960	-6.481990
0.047040	-5.696390
0.047120	-5.067910
0.047200	-4.690820
0.047280	-4.156620
0.047360	-3.213900
0.047440	-2.239760
0.047520	-1.517010
0.047600	-0.919951
0.047680	-0.165777
0.047760	0.776941
0.047840	1.751080
0.047920	2.473830
0.048000	3.008040
0.048080	3.290860
0.048160	3.510820
0.048240	3.982180
0.048320	4.736360
0.048400	5.459110
0.048480	6.150430
0.048560	6.716070
0.048640	7.250270
0.048720	7.941600
0.048800	8.538650
0.048880	9.041440
0.048960	9.481370
0.049040	9.732760
0.049120	9.921310
0.049200	10.047000
0.049280	10.109800
0.049360	9.984150
0.049440	9.858460
0.049520	9.512800
0.049600	9.041440
0.049680	8.507230
0.049760	8.287260
0.049840	8.695770
0.049920	9.135710
0.050000	9.135710
0.050080	8.758620
0.050160	8.538650
0.050240	8.255840
0.050320	8.224410
0.050400	8.412960
0.050480	8.570080
0.050560	8.130140
0.050640	7.470240
0.050720	7.156000
0.050800	7.438820
0.050880	7.878750
0.050960	8.381530
0.051040	9.010010
0.051120	9.512800
0.051200	9.952730
0.051280	10.172700
0.051360	10.329800
0.051440	10.581200
0.051520	11.146800
0.051600	11.806700
0.051680	12.152400
0.051760	12.435200
0.051840	12.812300
0.051920	13.440700
0.052000	14.006400
0.052080	14.383500
0.052160	14.760500
0.052240	15.263300
0.052320	15.891800
0.052400	16.300400
0.052480	16.677500
0.052560	16.897400
0.052640	17.054501
0.052720	17.243099
0.052800	17.400200
0.052880	17.557301
0.052960	17.714399
0.053040	17.620199
0.053120	17.431601
0.053200	17.337400
0.053280	17.525900
0.053360	17.620199
0.053440	17.871599
0.053520	17.840099
0.053600	17.903000
0.053680	17.997299
0.053760	18.028700
0.053840	17.903000
0.053920	17.651600
0.054000	17.400200
0.054080	17.305901
0.054160	17.305901
0.054240	17.180201
0.054320	17.086000
0.054400	16.991699
0.054480	16.960300
0.054560	16.865999
0.054640	16.865999
0.054720	17.086000
0.054800	17.463100
0.054880	17.934401
0.054960	18.280100
0.055040	18.185801
0.055120	17.745899
0.055200	17.117399
0.055280	16.740299
0.055360	16.551800
0.055440	16.771700
0.055520	17.180201
0.055600	17.463100
0.055680	17.494499
0.055760	17.337400
0.055840	17.243099
0.055920	17.023100
0.056000	16.520300
0.056080	15.451900
0.056160	14.257800
0.056240	13.597900
0.056320	13.472200
0.056400	13.755000
0.056480	14.069200
0.056560	13.974900
0.056640	13.786400
0.056720	13.943500
0.056800	14.226300
0.056880	14.414900
0.056960	14.163500
0.057040	13.692100
0.057120	13.409300
0.057200	13.189400
0.057280	12.812300
0.057360	12.498000
0.057440	12.215200
0.057520	12.152400
0.057600	12.183800
0.057680	12.340900
0.057760	12.812300
0.057840	13.472200
0.057920	13.912100
0.058000	14.132100
0.058080	14.163500
0.058160	14.257800
0.058240	14.446300
0.058320	14.477700
0.058400	14.163500
0.058480	13.629300
0.058560	13.220800
0.058640	13.063700
0.058720	13.095100
0.058800	13.063700
0.058880	12.875100
0.058960	12.560900
0.059040	12.309500
0.059120	11.712400
0.059200	11.052500
0.059280	10.361200
0.059360	9.889880
0.059440	9.544220
0.059520	9.324250
0.059600	9.198560
0.059680	9.229980
0.059760	9.198560
0.059840	9.041440
0.059920	8.915740
0.060000	9.104280
0.060080	9.481370
0.060160	9.921310
0.060240	10.015500
0.060320	10.109800
0.060400	9.952730
0.060480	10.235500
0.060560	10.706900
0.060640	11.115400
0.060720	11.241100
0.060800	11.398200
0.060880	11.555300
0.060960	11.775300
0.061040	12.026700
0.061120	12.215200
0.061200	12.623700
0.061280	13.189400
0.061360	13.880700
0.061440	14.509200
0.061520	15.137600
0.061600	15.451900
0.061680	15.609000
0.061760	15.860400
0.061840	15.891800
0.061920	15.797500
0.062000	15.577600
0.062080	15.609000
0.062160	15.829000
0.062240	16.080400
0.062320	16.457500
0.062400	16.960300
0.062480	17.525900
0.062560	18.122999
0.062640	18.782900
0.062720	19.442801
0.062800	20.071199
0.062880	20.542601
0.062960	20.951099
0.063040	21.296801
0.063120	21.799601
0.063200	22.176600
0.063280	22.585199
0.063360	22.868000
0.063440	23.182199
0.063520	23.307899
0.063600	23.465000
0.063680	23.684999
0.063760	23.747801
0.063840	23.873501
0.063920	23.842100
0.064000	23.967800
0.064080	23.999201
0.064160	23.967800
0.064240	23.779301
0.064320	23.465000
0.064400	23.182199
0.064480	22.930799
0.064560	22.459499
0.064640	21.925301
0.064720	21.548201
0.064800	21.233900
0.064880	21.045401
0.064960	20.731100
0.065040	20.354099
0.065120	19.757000
0.065200	19.191401
0.065280	18.657200
0.065360	18.248600
0.065440	17.557301
0.065520	16.834600
0.065600	16.017599
0.065680	15.389000
0.065760	14.980500
0.065840	14.477700
0.065920	13.912100
0.066000	13.472200
0.066080	12.938000
0.066160	12.435200
0.066240	11.932400
0.066320	11.555300
0.066400	11.146800
0.066480	10.424000
0.066560	9.984150
0.066640	9.732760
0.066720	9.638490
0.066800	9.512800
0.066880	9.104280
0.066960	8.758620
0.067040	8.255840
0.067120	7.595940
0.067200	6.936030
0.067280	6.433250
0.067360	6.056160
0.067440	5.710500
0.067520	5.301990
0.067600	5.050600
0.067680	4.893480
0.067760	4.799210
0.067840	4.673510
0.067920	4.547810
0.068000	4.516390
0.068080	4.327850
0.068160	4.045030
0.068240	3.699370
0.068320	3.510820
0.068400	3.322280
0.068480	2.976620
0.068560	2.725230
0.068640	2.568110
0.068720	2.410990
0.068800	2.348140
0.068880	2.191020
0.068960	2.033900
0.069040	1.876780
0.069120	1.688240
0.069200	1.531120
0.069280	1.342570
0.069360	1.279720
0.069440	1.091180
0.069520	0.745518
0.069600	0.305582
0.069680	-0.260048
0.069760	-0.762831
0.069840	-1.045650
0.069920	-1.328460
0.070000	-1.642700
0.070080	-2.019790
0.070160	-2.396880
0.070240	-2.616840
0.070320	-2.868240
0.070400	-3.213900
0.070480	-3.716680
0.070560	-4.313740
0.070640	-4.753670
0.070720	-4.879370
0.070800	-4.910790
0.070880	-5.130760
0.070960	-5.539270
0.071040	-6.136320
0.071120	-6.796230
0.071200	-7.330430
0.071280	-7.864640
0.071360	-8.493120
0.071440	-8.995900
0.071520	-9.247290
0.071600	-9.310140
0.071680	-9.467260
0.071760	-9.781500
0.071840	-9.938620
0.071920	-10.127100
0.072000	-10.252800
0.072080	-10.409900
0.072160	-10.567100
0.072240	-10.661300
0.072320	-10.692800
0.072400	-10.818400
0.072480	-11.069800
0.072560	-11.321200
0.072640	-11.572600
0.072720	-11.635500
0.072800	-11.698300
0.072880	-11.729700
0.072960	-11.698300
0.073040	-11.698300
0.073120	-11.572600
0.073200	-11.384100
0.073280	-11.321200
0.073360	-11.132700
0.073440	-10.944100
0.073520	-10.567100
0.073600	-10.064300
0.073680	-9.498690
0.073760	-9.058750
0.073840	-8.618820
0.073920	-8.367420
0.074000	-8.116030
0.074080	-7.801790
0.074160	-7.550400
0.074240	-7.299010
0.074320	-7.141890
0.074400	-7.236160
0.074480	-7.361860
0.074560	-7.393280
0.074640	-7.110470
0.074720	-6.701960
0.074800	-6.324870
0.074880	-6.010630
0.074960	-5.916360
0.075040	-5.853510
0.075120	-5.853510
0.075200	-5.696390
0.075280	-5.570690
0.075360	-5.413570
0.075440	-5.319300
0.075520	-5.005060
0.075600	-4.753670
0.075680	-4.470860
0.075760	-4.313740
0.075840	-4.125190
0.075920	-3.968070
0.076000	-3.810950
0.076080	-3.716680
0.076160	-3.622410
0.076240	-3.559560
0.076320	-3.559560
0.076400	-3.465290
0.076480	-3.433870
0.076560	-3.433870
0.076640	-3.433870
0.076720	-3.276750
0.076800	-3.402440
0.076880	-3.245320
0.076960	-2.899660
0.077040	-2.805390
0.077120	-2.522570
0.077200	-2.114060
0.077280	-1.831250
0.077360	-1.485580
0.077440	-1.077070
0.077520	-0.731407
0.077600	-0.542864
0.077680	-0.417168
0.077760	-0.260048
0.077840	-0.008657
0.077920	0.117038
0.078000	0.211311
0.078080	0.368430
0.078160	0.462702
0.078240	0.431278
0.078320	0.368430
0.078400	0.399854
0.078480	0.399854
0.078560	0.431278
0.078640	0.431278
0.078720	0.462702
0.078800	0.462702
0.078880	0.431278
0.078960	0.399854
0.079040	0.337006
0.079120	0.274158
0.079200	0.242735
0.079280	0.179887
0.079360	0.054191
0.079440	-0.134353
0.079520	-0.385744
0.079600	-0.574288
0.079680	-0.668560
0.079760	-0.794255
0.079840	-1.139920
0.079920	-1.579850
0.080000	-1.925520
0.080080	-2.208330
0.080160	-2.459720
0.080240	-2.742540
0.080320	-3.088200
0.080400	-3.465290
0.080480	-3.842380
0.080560	-4.219460
0.080640	-4.565130
0.080720	-4.816520
0.080800	-5.099330
0.080880	-5.382150
0.080960	-5.602120
0.081040	-5.727810
0.081120	-5.884930
0.081200	-6.073480
0.081280	-6.293440
0.081360	-6.450560
0.081440	-6.544840
0.081520	-6.544840
0.081600	-6.419140
0.081680	-6.324870
0.081760	-6.324870
0.081840	-6.262020
0.081920	-6.293440
0.082000	-6.324870
0.082080	-6.356290
0.082160	-6.293440
0.082240	-6.073480
0.082320	-5.790660
0.082400	-5.507850
0.082480	-5.225030
0.082560	-4.879370
0.082640	-4.533700
0.082720	-4.156620
0.082800	-3.905230
0.082880	-3.716680
0.082960	-3.528140
0.083040	-3.496710
0.083120	-3.339590
0.083200	-3.151050
0.083280	-3.025350
0.083360	-2.962510
0.083440	-2.899660
0.083520	-2.805390
0.083600	-2.773960
0.083680	-2.773960
0.083760	-2.836810
0.083840	-2.931080
0.083920	-2.899660
0.084000	-2.931080
0.084080	-2.836810
0.084160	-2.805390
0.084240	-2.899660
0.084320	-2.962510
0.084400	-2.899660
0.084480	-2.711120
0.084560	-2.554000
0.084640	-2.522570
0.084720	-2.648270
0.084800	-2.993930
0.084880	-3.213900
0.084960	-3.339590
0.085040	-3.276750
0.085120	-3.245320
0.085200	-3.276750
0.085280	-3.402440
0.085360	-3.559560
0.085440	-3.653830
0.085520	-3.402440
0.085600	-3.088200
0.085680	-2.962510
0.085760	-3.056780
0.085840	-3.213900
0.085920	-3.371020
0.086000	-3.371020
0.086080	-3.276750
0.086160	-3.276750
0.086240	-3.465290
0.086320	-3.622410
0.086400	-3.748110
0.086480	-3.653830
0.086560	-3.685260
0.086640	-3.590990
0.086720	-3.622410
0.086800	-3.590990
0.086880	-3.496710
0.086960	-3.433870
0.087040	-3.622410
0.087120	-3.810950
0.087200	-4.062340
0.087280	-4.093770
0.087360	-3.905230
0.087440	-3.810950
0.087520	-4.062340
0.087600	-4.345160
0.087680	-4.596550
0.087760	-4.627980
0.087840	-4.345160
0.087920	-3.999500
0.088000	-3.748110
0.088080	-3.748110
0.088160	-4.125190
0.088240	-4.408010
0.088320	-4.533700
0.088400	-4.376580
0.088480	-4.282310
0.088560	-4.250890
0.088640	-4.313740
0.088720	-4.313740
0.088800	-4.250890
0.088880	-4.188040
0.088960	-4.188040
0.089040	-4.219460
0.089120	-4.156620
0.089200	-4.156620
0.089280	-4.156620
0.089360	-4.219460
0.089440	-4.313740
0.089520	-4.282310
0.089600	-4.250890
0.089680	-4.282310
0.089760	-4.408010
0.089840	-4.596550
0.089920	-4.847940
0.090000	-5.099330
0.090080	-5.287880
0.090160	-5.225030
0.090240	-5.099330
0.090320	-4.942210
0.090400	-4.910790
0.090480	-4.942210
0.090560	-4.942210
0.090640	-4.942210
0.090720	-4.847940
0.090800	-4.942210
0.090880	-5.225030
0.090960	-5.445000
0.091040	-5.570690
0.091120	-5.507850
0.091200	-5.350730
0.091280	-5.225030
0.091360	-5.193610
0.091440	-5.319300
0.091520	-5.382150
0.091600	-5.225030
0.091680	-4.973640
0.091760	-4.847940
0.091840	-4.879370
0.091920	-5.099330
0.092000	-5.413570
0.092080	-5.602120
0.092160	-5.570690
0.092240	-5.476420
0.092320	-5.350730
0.092400	-5.319300
0.092480	-5.445000
0.092560	-5.507850
0.092640	-5.602120
0.092720	-5.633540
0.092800	-5.696390
0.092880	-5.727810
0.092960	-5.759240
0.093040	-5.822090
0.093120	-5.853510
0.093200	-5.822090
0.093280	-5.759240
0.093360	-5.727810
0.093440	-5.790660
0.093520	-5.916360
0.093600	-5.853510
0.093680	-5.916360
0.093760	-5.916360
0.093840	-5.884930
0.093920	-5.790660
0.094000	-5.853510
0.094080	-5.979210
0.094160	-6.167750
0.094240	-6.293440
0.094320	-6.450560
0.094400	-6.481990
0.094480	-6.576260
0.094560	-6.576260
0.094640	-6.764800
0.094720	-6.953350
0.094800	-7.079040
0.094880	-7.299010
0.094960	-7.361860
0.095040	-7.393280
0.095120	-7.581830
0.095200	-7.613250
0.095280	-7.550400
0.095360	-7.864640
0.095440	-7.990340
0.095520	-8.116030
0.095600	-8.430270
0.095680	-8.618820
0.095760	-8.775940
0.095840	-8.870210
0.095920	-8.933050
0.096000	-8.964480
0.096080	-9.058750
0.096160	-9.215870
0.096240	-9.341570
0.096320	-9.530110
0.096400	-9.404410
0.096480	-9.372990
0.096560	-9.341570
0.096640	-9.435840
0.096720	-9.561530
0.096800	-9.718650
0.096880	-9.875770
0.096960	-10.001400
0.097040	-10.032800
0.097120	-10.001400
0.097200	-10.001400
0.097280	-9.970050
0.097360	-9.938620
0.097440	-9.907200
0.097520	-10.064300
0.097600	-10.127100
0.097680	-10.252800
0.097760	-10.409900
0.097840	-10.472800
0.097920	-10.409900
0.098000	-10.221400
0.098080	-10.095700
0.098160	-10.032800
0.098240	-10.127100
0.098320	-10.221400
0.098400	-10.190000
0.098480	-10.190000
0.098560	-10.095700
0.098640	-10.127100
0.098720	-10.158500
0.098800	-10.284200
0.098880	-10.158500
0.098960	-10.032800
0.099040	-9.938620
0.099120	-9.875770
0.099200	-9.938620
0.099280	-10.221400
0.099360	-10.598500
0.099440	-11.038400
0.099520	-11.164100
0.099600	-11.101300
0.099680	-11.007000
0.099760	-11.038400
0.099840	-10.975600
0.099920	-10.755600
0.100000	-10.567100
0.100080	-10.441400
0.100160	-10.315700
0.100240	-10.221400
0.100320	-10.221400
0.100400	-10.252800
0.100480	-10.284200
0.100560	-10.127100
0.100640	-9.907200
0.100720	-9.718650
0.100800	-9.592960
0.100880	-9.372990
0.100960	-9.215870
0.101040	-9.121600
0.101120	-8.964480
0.101200	-8.838780
0.101280	-8.744510
0.101360	-8.618820
0.101440	-8.493120
0.101520	-8.367420
0.101600	-8.273150
0.101680	-8.241730
0.101760	-8.178880
0.101840	-8.084610
0.101920	-8.053180
0.102000	-8.053180
0.102080	-8.021760
0.102160	-8.053180
0.102240	-8.147460
0.102320	-8.304580
0.102400	-8.304580
0.102480	-8.336000
0.102560	-8.367420
0.102640	-8.493120
0.102720	-8.587390
0.102800	-8.713090
0.102880	-8.775940
0.102960	-8.901630
0.103040	-8.964480
0.103120	-8.964480
0.103200	-8.870210
0.103280	-8.870210
0.103360	-9.058750
0.103440	-9.215870
0.103520	-9.372990
0.103600	-9.467260
0.103680	-9.624380
0.103760	-9.624380
0.103840	-9.750080
0.103920	-9.812930
0.104000	-9.907200
0.104080	-10.064300
0.104160	-10.064300
0.104240	-10.064300
0.104320	-10.001400
0.104400	-10.032800
0.104480	-10.064300
0.104560	-10.127100
0.104640	-10.252800
0.104720	-10.441400
0.104800	-10.535600
0.104880	-10.567100
0.104960	-10.567100
0.105040	-10.567100
0.105120	-10.567100
0.105200	-10.567100
0.105280	-10.472800
0.105360	-10.347100
0.105440	-10.347100
0.105520	-10.347100
0.105600	-10.315700
0.105680	-10.409900
0.105760	-10.504200
0.105840	-10.598500
0.105920	-10.535600
0.106000	-10.504200
0.106080	-10.441400
0.106160	-10.441400
0.106240	-10.629900
0.106320	-10.724200
0.106400	-10.692800
0.106480	-10.504200
0.106560	-10.472800
0.106640	-10.535600
0.106720	-10.472800
0.106800	-10.409900
0.106880	-10.472800
0.106960	-10.661300
0.107040	-10.818400
0.107120	-10.944100
0.107200	-10.818400
0.107280	-10.724200
0.107360	-10.598500
0.107440	-10.567100
0.107520	-10.535600
0.107600	-10.504200
0.107680	-10.504200
0.107760	-10.441400
0.107840	-10.315700
0.107920	-10.409900
0.108000	-10.504200
0.108080	-10.598500
0.108160	-10.598500
0.108240	-10.598500
0.108320	-10.504200
0.108400	-10.378500
0.108480	-10.284200
0.108560	-10.378500
0.108640	-10.378500
0.108720	-10.378500
0.108800	-10.409900
0.108880	-10.409900
0.108960	-10.409900
0.109040	-10.378500
0.109120	-10.409900
0.109200	-10.378500
0.109280	-10.378500
0.109360	-10.378500
0.109440	-10.441400
0.109520	-10.378500
0.109600	-10.347100
0.109680	-10.190000
0.109760	-10.252800
0.109840	-10.252800
0.109920	-10.378500
0.110000	-10.472800
0.110080	-10.598500
0.110160	-10.535600
0.110240	-10.347100
0.110320	-10.347100
0.110400	-10.284200
0.110480	-10.127100
0.110560	-10.284200
0.110640	-10.315700
0.110720	-10.252800
0.110800	-10.347100
0.110880	-10.378500
0.110960	-10.409900
0.111040	-10.441400
0.111120	-10.504200
0.111200	-10.472800
0.111280	-10.535600
0.111360	-10.567100
0.111440	-10.472800
0.111520	-10.472800
0.111600	-10.567100
0.111680	-10.567100
0.111760	-10.629900
0.111840	-10.692800
0.111920	-10.629900
0.112000	-10.661300
0.112080	-10.661300
0.112160	-10.661300
0.112240	-10.724200
0.112320	-10.724200
0.112400	-10.724200
0.112480	-10.661300
0.112560	-10.598500
0.112640	-10.692800
0.112720	-10.724200
0.112800	-10.724200
0.112880	-10.724200
0.112960	-10.629900
0.113040	-10.629900
0.113120	-10.692800
0.113200	-10.724200
0.113280	-10.724200
0.113360	-10.755600
0.113440	-10.755600
0.113520	-10.787000
0.113600	-10.849900
0.113680	-10.787000
0.113760	-10.724200
0.113840	-10.755600
0.113920	-10.661300
0.114000	-10.724200
0.114080	-10.818400
0.114160	-10.787000
0.114240	-10.755600
0.114320	-10.724200
0.114400	-10.787000
0.114480	-10.818400
0.114560	-10.912700
0.114640	-10.975600
0.114720	-10.881300
0.114800	-10.787000
0.114880	-10.818400
0.114960	-10.944100
0.115040	-11.007000
0.115120	-10.944100
0.115200	-10.849900
0.115280	-10.849900
0.115360	-10.881300
0.115440	-10.881300
0.115520	-10.944100
0.115600	-10.944100
0.115680	-10.881300
0.115760	-10.881300
0.115840	-10.912700
0.115920	-10.975600
0.116000	-10.975600
0.116080	-11.038400
0.116160	-11.069800
0.116240	-11.038400
0.116320	-11.007000
0.116400	-11.069800
0.116480	-11.132700
0.116560	-11.101300
0.116640	-11.007000
0.116720	-10.975600
0.116800	-10.912700
0.116880	-11.007000
0.116960	-11.101300
0.117040	-11.164100
0.117120	-11.132700
0.117200	-11.164100
0.117280	-11.101300
0.117360	-11.069800
0.117440	-11.132700
0.117520	-11.227000
0.117600	-11.227000
0.117680	-11.227000
0.117760	-11.227000
0.117840	-11.195500
0.117920	-11.258400
0.118000	-11.352700
0.118080	-11.446900
0.118160	-11.446900
0.118240	-11.384100
0.118320	-11.258400
0.118400	-11.289800
0.118480	-11.258400
0.118560	-11.227000
0.118640	-11.289800
0.118720	-11.258400
0.118800	-11.258400
0.118880	-11.352700
0.118960	-11.321200
0.119040	-11.352700
0.119120	-11.258400
0.119200	-11.321200
0.119280	-11.384100
0.119360	-11.446900
0.119440	-11.446900
0.119520	-11.446900
0.119600	-11.384100
0.119680	-11.415500
0.119760	-11.446900
0.119840	-11.352700
0.119920	-11.384100
0.120000	-11.384100
0.120080	-11.415500
0.120160	-11.446900
0.120240	-11.478300
0.120320	-11.446900
0.120400	-11.446900
0.120480	-11.446900
0.120560	-11.509800
0.120640	-11.509800
0.120720	-11.446900
0.120800	-11.446900
0.120880	-11.384100
0.120960	-11.384100
0.121040	-11.384100
0.121120	-11.415500
0.121200	-11.415500
0.121280	-11.415500
0.121360	-11.352700
0.121440	-11.415500
0.121520	-11.446900
0.121600	-11.478300
0.121680	-11.446900
0.121760	-11.384100
0.121840	-11.384100
0.121920	-11.352700
0.122000	-11.384100
0.122080	-11.321200
0.122160	-11.352700
0.122240	-11.352700
0.122320	-11.321200
0.122400	-11.321200
0.122480	-11.227000
0.122560	-11.164100
0.122640	-11.132700
0.122720	-11.164100
0.122800	-11.258400
0.122880	-11.321200
0.122960	-11.321200
0.123040	-11.289800
0.123120	-11.289800
0.123200	-11.321200
0.123280	-11.352700
0.123360	-11.384100
0.123440	-11.321200
0.123520	-11.321200
0.123600	-11.384100
0.123680	-11.415500
0.123760	-11.446900
0.123840	-11.509800
0.123920	-11.604000
0.124000	-11.572600
0.124080	-11.572600
0.124160	-11.572600
0.124240	-11.635500
0.124320	-11.635500
0.124400	-11.729700
0.124480	-11.761200
0.124560	-11.761200
0.124640	-11.761200
0.124720	-11.855400
0.124800	-11.886900
0.124880	-11.918300
0.124960	-11.949700
0.125040	-11.981100
0.125120	-11.981100
0.125200	-11.981100
0.125280	-11.981100
0.125360	-11.981100
0.125440	-12.075400
0.125520	-12.169700
0.125600	-12.169700
0.125680	-12.169700
0.125760	-12.169700
0.125840	-12.138300
0.125920	-12.138300
0.126000	-12.138300
0.126080	-12.169700
0.126160	-12.232500
0.126240	-12.263900
0.126320	-12.263900
0.126400	-12.295400
0.126480	-12.326800
0.126560	-12.358200
0.126640	-12.358200
0.126720	-12.421100
0.126800	-12.452500
0.126880	-12.483900
0.126960	-12.546800
0.127040	-12.641000
0.127120	-12.578200
0.127200	-12.515300
0.127280	-12.358200
0.127360	-12.515300
0.127440	-12.515300
0.127520	-12.578200
0.127600	-12.515300
0.127680	-12.515300
0.127760	-12.483900
0.127840	-12.483900
0.127920	-12.483900
0.128000	-12.515300
0.128080	-12.515300
0.128160	-12.515300
0.128240	-12.546800
0.128320	-12.483900
0.128400	-12.546800
0.128480	-12.483900
0.128560	-12.483900
0.128640	-12.483900
0.128720	-12.483900
0.128800	-12.421100
0.128880	-12.389600
0.128960	-12.452500
0.129040	-12.452500
0.129120	-12.389600
0.129200	-12.421100
0.129280	-12.358200
0.129360	-12.358200
0.129440	-12.326800
0.129520	-12.326800
0.129600	-12.263900
0.129680	-12.201100
0.129760	-12.169700
0.129840	-12.201100
0.129920	-12.169700
0.130000	-12.169700
0.130080	-12.169700
0.130160	-12.169700
0.130240	-12.106800
0.130320	-12.075400
0.130400	-12.075400
0.130480	-12.075400
0.130560	-12.075400
0.130640	-11.918300
0.130720	-11.886900
0.130800	-11.792600
0.130880	-11.761200
0.130960	-11.729700
0.131040	-11.635500
0.131120	-11.572600
0.131200	-11.509800
0.131280	-11.446900
0.131360	-11.415500
0.131440	-11.352700
0.131520	-11.321200
0.131600	-11.258400
0.131680	-11.227000
0.131760	-11.164100
0.131840	-11.101300
0.131920	-11.007000
0.132000	-10.975600
0.132080	-10.975600
0.132160	-10.975600
0.132240	-10.944100
0.132320	-10.912700
0.132400	-10.818400
0.132480	-10.629900
0.132560	-10.504200
0.132640	-10.409900
0.132720	-10.315700
0.132800	-10.378500
0.132880	-10.347100
0.132960	-10.347100
0.133040	-10.221400
0.133120	-10.127100
0.133200	-10.032800
0.133280	-9.938620
0.133360	-9.907200
0.133440	-9.781500
0.133520	-9.718650
0.133600	-9.655810
0.133680	-9.530110
0.133760	-9.404410
0.133840	-9.247290
0.133920	-9.058750
0.134000	-8.870210
0.134080	-8.618820
0.134160	-8.398850
0.134240	-8.273150
0.134320	-8.210300
0.134400	-8.178880
0.134480	-8.147460
0.134560	-8.178880
0.134640	-8.241730
0.134720	-8.178880
0.134800	-8.116030
0.134880	-8.053180
0.134960	-7.927490
0.135040	-7.927490
0.135120	-7.896060
0.135200	-7.896060
0.135280	-7.864640
0.135360	-7.770370
0.135440	-7.550400
0.135520	-7.330430
0.135600	-7.236160
0.135680	-7.173310
0.135760	-7.236160
0.135840	-7.267590
0.135920	-7.361860
0.136000	-7.299010
0.136080	-7.173310
0.136160	-7.047620
0.136240	-6.890500
0.136320	-6.733380
0.136400	-6.670530
0.136480	-6.607680
0.136560	-6.481990
0.136640	-6.387720
0.136720	-6.324870
0.136800	-6.293440
0.136880	-6.293440
0.136960	-6.230600
0.137040	-6.136320
0.137120	-6.042050
0.137200	-5.947780
0.137280	-5.822090
0.137360	-5.759240
0.137440	-5.696390
0.137520	-5.759240
0.137600	-5.727810
0.137680	-5.727810
0.137760	-5.790660
0.137840	-5.759240
0.137920	-5.633540
0.138000	-5.633540
0.138080	-5.507850
0.138160	-5.413570
0.138240	-5.382150
0.138320	-5.382150
0.138400	-5.287880
0.138480	-5.162180
0.138560	-5.162180
0.138640	-5.036490
0.138720	-5.067910
0.138800	-4.973640
0.138880	-4.942210
0.138960	-4.879370
0.139040	-4.847940
0.139120	-4.785100
0.139200	-4.690820
0.139280	-4.596550
0.139360	-4.627980
0.139440	-4.596550
0.139520	-4.596550
0.139600	-4.565130
0.139680	-4.502280
0.139760	-4.439430
0.139840	-4.408010
0.139920	-4.282310
0.140000	-4.156620
0.140080	-4.093770
0.140160	-3.999500
0.140240	-3.905230
0.140320	-3.873800
0.140400	-3.748110
0.140480	-3.622410
0.140560	-3.496710
0.140640	-3.339590
0.140720	-3.276750
0.140800	-3.182470
0.140880	-3.151050
0.140960	-3.056780
0.141040	-2.899660
0.141120	-2.773960
0.141200	-2.616840
0.141280	-2.491150
0.141360	-2.365450
0.141440	-2.271180
0.141520	-2.208330
0.141600	-2.114060
0.141680	-2.019790
0.141760	-1.894090
0.141840	-1.736970
0.141920	-1.642700
0.142000	-1.548430
0.142080	-1.422730
0.142160	-1.359890
0.142240	-1.234190
0.142320	-1.171340
0.142400	-1.045650
0.142480	-0.982799
0.142560	-0.825679
0.142640	-0.794255
0.142720	-0.731407
0.142800	-0.637136
0.142880	-0.605712
0.142960	-0.542864
0.143040	-0.448592
0.143120	-0.385744
0.143200	-0.385744
0.143280	-0.354320
0.143360	-0.354320
0.143440	-0.260048
0.143520	-0.260048
0.143600	-0.165777
0.143680	-0.291472
0.143760	-0.291472
0.143840	-0.197201
0.143920	-0.134353
0.144000	-0.102928
0.144080	-0.134353
0.144160	-0.134353
0.144240	-0.134353
0.144320	-0.134353
0.144400	-0.165777
0.144480	-0.165777
0.144560	-0.165777
0.144640	-0.134353
0.144720	-0.102928
0.144800	-0.102928
0.144880	-0.165777
0.144960	-0.134353
0.145040	-0.197201
0.145120	-0.165777
0.145200	-0.165777
0.145280	-0.134353
0.145360	-0.165777
0.145440	-0.071505
0.145520	-0.071505
0.145600	-0.197201
0.145680	-0.165777
0.145760	-0.102928
0.145840	-0.134353
0.145920	-0.102928
0.146000	-0.008657
0.146080	-0.071505
0.146160	-0.008657
0.146240	0.022767
0.146320	0.022767
0.146400	0.054191
0.146480	0.148463
0.146560	0.117038
0.146640	0.179887
0.146720	0.179887
0.146800	0.148463
0.146880	0.179887
0.146960	0.211311
0.147040	0.211311
0.147120	0.211311
0.147200	0.274158
0.147280	0.211311
0.147360	0.242735
0.147440	0.305582
0.147520	0.305582
0.147600	0.368430
0.147680	0.337006
0.147760	0.337006
0.147840	0.431278
0.147920	0.431278
0.148000	0.494126
0.148080	0.494126
0.148160	0.462702
0.148240	0.462702
0.148320	0.494126
0.148400	0.556974
0.148480	0.651246
0.148560	0.651246
0.148640	0.682670
0.148720	0.651246
0.148800	0.588398
0.148880	0.556974
0.148960	0.556974
0.149040	0.556974
0.149120	0.556974
0.149200	0.588398
0.149280	0.619822
0.149360	0.588398
0.149440	0.619822
0.149520	0.588398
0.149600	0.588398
0.149680	0.556974
0.149760	0.556974
0.149840	0.525550
0.149920	0.462702
0.150000	0.462702
0.150080	0.399854
0.150160	0.462702
0.150240	0.368430
0.150320	0.337006
0.150400	0.337006
0.150480	0.211311
0.150560	0.148463
0.150640	0.179887
0.150720	0.085615
0.150800	0.117038
0.150880	0.148463
0.150960	0.148463
0.151040	0.117038
0.151120	0.179887
0.151200	0.148463
0.151280	0.148463
0.151360	0.117038
0.151440	0.148463
0.151520	0.179887
0.151600	0.179887
0.151680	0.274158
0.151760	0.242735
0.151840	0.211311
0.151920	0.179887
0.152000	0.117038
0.152080	0.117038
0.152160	0.054191
0.152240	-0.008657
0.152320	-0.040081
0.152400	-0.071505
0.152480	-0.071505
0.152560	-0.071505
0.152640	-0.071505
0.152720	-0.040081
0.152800	-0.071505
0.152880	-0.134353
0.152960	-0.071505
0.153040	-0.071505
0.153120	-0.008657
0.153200	0.022767
0.153280	-0.008657
0.153360	-0.008657
0.153440	-0.008657
0.153520	-0.134353
0.153600	-0.102928
0.153680	-0.134353
0.153760	-0.102928
0.153840	-0.008657
0.153920	-0.040081
0.154000	-0.071505
0.154080	-0.071505
0.154160	-0.197201
0.154240	-0.228625
0.154320	-0.322896
0.154400	-0.291472
0.154480	-0.385744
0.154560	-0.385744
0.154640	-0.417168
0.154720	-0.574288
0.154800	-0.637136
0.154880	-0.699984
0.154960	-0.825679
0.155040	-0.888527
0.155120	-0.982799
0.155200	-1.014220
0.155280	-0.982799
0.155360	-1.045650
0.155440	-1.014220
0.155520	-1.014220
0.155600	-1.014220
0.155680	-0.982799
0.155760	-0.951375
0.155840	-0.888527
0.155920	-0.888527
0.156000	-0.825679
0.156080	-0.825679
0.156160	-0.825679
0.156240	-0.825679
0.156320	-0.825679
0.156400	-0.857103
0.156480	-0.731407
0.156560	-0.637136
0.156640	-0.511440
0.156720	-0.417168
0.156800	-0.322896
0.156880	-0.260048
0.156960	-0.165777
0.157040	-0.071505
0.157120	-0.102928
0.157200	-0.071505
0.157280	-0.008657
0.157360	-0.102928
0.157440	-0.071505
0.157520	-0.102928
0.157600	-0.102928
0.157680	-0.134353
0.157760	-0.165777
0.157840	-0.260048
0.157920	-0.260048
0.158000	-0.228625
0.158080	-0.228625
0.158160	-0.291472
0.158240	-0.260048
0.158320	-0.291472
0.158400	-0.385744
0.158480	-0.417168
0.158560	-0.448592
0.158640	-0.480016
0.158720	-0.511440
0.158800	-0.574288
0.158880	-0.605712
0.158960	-0.668560
0.159040	-0.637136
0.159120	-0.668560
0.159200	-0.731407
0.159280	-0.699984
0.159360	-0.731407
0.159440	-0.762831
0.159520	-0.794255
0.159600	-0.825679
0.159680	-0.794255
0.159760	-0.857103
0.159840	-0.825679
0.159920	-0.857103
0.160000	-0.825679
0.160080	-0.731407
0.160160	-0.731407
0.160240	-0.699984
0.160320	-0.731407
0.160400	-0.699984
0.160480	-0.731407
0.160560	-0.668560
0.160640	-0.605712
0.160720	-0.605712
0.160800	-0.542864
0.160880	-0.542864
0.160960	-0.574288
0.161040	-0.542864
0.161120	-0.605712
0.161200	-0.605712
0.161280	-0.605712
0.161360	-0.574288
0.161440	-0.637136
0.161520	-0.637136
0.161600	-0.668560
0.161680	-0.731407
0.161760	-0.731407
0.161840	-0.762831
0.161920	-0.794255
0.162000	-0.762831
0.162080	-0.794255
0.162160	-0.888527
0.162240	-0.951375
0.162320	-1.045650
0.162400	-1.077070
0.162480	-1.139920
0.162560	-1.171340
0.162640	-1.202770
0.162720	-1.171340
0.162800	-1.297040
0.162880	-1.328460
0.162960	-1.391310
0.163040	-1.422730
0.163120	-1.422730
0.163200	-1.422730
0.163280	-1.422730
0.163360	-1.579850
0.163440	-1.485580
0.163520	-1.579850
0.163600	-1.548430
0.163680	-1.579850
0.163760	-1.548430
0.163840	-1.768400
0.163920	-1.799820
0.164000	-1.831250
0.164080	-1.831250
0.164160	-1.831250
0.164240	-1.831250
0.164320	-1.831250
0.164400	-1.831250
0.164480	-1.799820
0.164560	-1.799820
0.164640	-1.674130
0.164720	-1.611280
0.164800	-1.579850
0.164880	-1.579850
0.164960	-1.705550
0.165040	-1.736970
0.165120	-1.705550
0.165200	-1.642700
0.165280	-1.548430
0.165360	-1.517010
0.165440	-1.454160
0.165520	-1.517010
0.165600	-1.485580
0.165680	-1.517010
0.165760	-1.454160
0.165840	-1.548430
0.165920	-1.454160
0.166000	-1.485580
0.166080	-1.454160
0.166160	-1.454160
0.166240	-1.422730
0.166320	-1.422730
0.166400	-1.391310
0.166480	-1.391310
0.166560	-1.359890
0.166640	-1.359890
0.166720	-1.422730
0.166800	-1.517010
0.166880	-1.485580
0.166960	-1.422730
0.167040	-1.202770
0.167120	-1.014220
0.167200	-1.077070
0.167280	-1.234190
0.167360	-1.485580
0.167440	-1.642700
0.167520	-1.517010
0.167600	-1.422730
0.167680	-1.328460
0.167760	-1.359890
0.167840	-1.328460
0.167920	-1.454160
0.168000	-1.454160
0.168080	-1.391310
0.168160	-1.391310
0.168240	-1.422730
0.168320	-1.359890
0.168400	-1.359890
0.168480	-1.359890
0.168560	-1.391310
0.168640	-1.328460
0.168720	-1.265610
0.168800	-1.265610
0.168880	-1.234190
0.168960	-1.139920
0.169040	-1.139920
0.169120	-1.108490
0.169200	-1.139920
0.169280	-1.171340
0.169360	-1.171340
0.169440	-1.171340
0.169520	-1.108490
0.169600	-1.108490
0.169680	-1.108490
0.169760	-1.014220
0.169840	-1.014220
0.169920	-0.919951
0.170000	-0.825679
0.170080	-0.825679
0.170160	-0.699984
0.170240	-0.637136
0.170320	-0.637136
0.170400	-0.574288
0.170480	-0.448592
0.170560	-0.417168
0.170640	-0.291472
0.170720	-0.291472
0.170800	-0.260048
0.170880	-0.165777
0.170960	-0.134353
0.171040	-0.071505
0.171120	0.054191
0.171200	0.148463
0.171280	0.242735
0.171360	0.274158
0.171440	0.337006
0.171520	0.337006
0.171600	0.399854
0.171680	0.525550
0.171760	0.556974
0.171840	0.556974
0.171920	0.651246
0.172000	0.714094
0.172080	0.745518
0.172160	0.839789
0.172240	0.808365
0.172320	0.934061
0.172400	0.996909
0.172480	1.028330
0.172560	1.091180
0.172640	1.154030
0.172720	1.185450
0.172800	1.248300
0.172880	1.311150
0.172960	1.311150
0.173040	1.499690
0.173120	1.468270
0.173200	1.499690
0.173280	1.593960
0.173360	1.625390
0.173440	1.625390
0.173520	1.625390
0.173600	1.719660
0.173680	1.688240
0.173760	1.751080
0.173840	1.813930
0.173920	1.782510
0.174000	1.876780
0.174080	1.939630
0.174160	1.971050
0.174240	2.002470
0.174320	2.002470
0.174400	2.065320
0.174480	2.128170
0.174560	2.128170
0.174640	2.159590
0.174720	2.159590
0.174800	2.285290
0.174880	2.316710
0.174960	2.316710
0.175040	2.348140
0.175120	2.379560
0.175200	2.379560
0.175280	2.442410
0.175360	2.505260
0.175440	2.473830
0.175520	2.599530
0.175600	2.662380
0.175680	2.756650
0.175760	2.788070
0.175840	2.882350
0.175920	2.913770
0.176000	2.913770
0.176080	2.945190
0.176160	2.976620
0.176240	3.070890
0.176320	3.102310
0.176400	3.165160
0.176480	3.165160
0.176560	3.196580
0.176640	3.228010
0.176720	3.228010
0.176800	3.039460
0.176880	3.070890
0.176960	3.102310
0.177040	3.196580
0.177120	3.133740
0.177200	3.259430
0.177280	3.165160
0.177360	3.228010
0.177440	3.228010
0.177520	3.165160
0.177600	3.196580
0.177680	3.165160
0.177760	3.102310
0.177840	3.165160
0.177920	3.196580
0.178000	3.290860
0.178080	3.353700
0.178160	3.385130
0.178240	3.385130
0.178320	3.353700
0.178400	3.447980
0.178480	3.385130
0.178560	3.353700
0.178640	3.385130
0.178720	3.353700
0.178800	3.353700
0.178880	3.353700
0.178960	3.385130
0.179040	3.479400
0.179120	3.510820
0.179200	3.605100
0.179280	3.667940
0.179360	3.636520
0.179440	3.667940
0.179520	3.636520
0.179600	3.699370
0.179680	3.699370
0.179760	3.667940
0.179840	3.699370
0.179920	3.730790
0.180000	3.730790
0.180080	3.793640
0.180160	3.825060
0.180240	3.856490
0.180320	3.825060
0.180400	3.762220
0.180480	3.762220
0.180560	3.825060
0.180640	3.825060
0.180720	3.856490
0.180800	3.856490
0.180880	3.856490
0.180960	3.856490
0.181040	3.856490
0.181120	3.856490
0.181200	3.825060
0.181280	3.825060
0.181360	3.793640
0.181440	3.730790
0.181520	3.730790
0.181600	3.699370
0.181680	3.762220
0.181760	3.825060
0.181840	3.762220
0.181920	3.762220
0.182000	3.793640
0.182080	3.762220
0.182160	3.730790
0.182240	3.730790
0.182320	3.730790
0.182400	3.730790
0.182480	3.699370
0.182560	3.667940
0.182640	3.667940
0.182720	3.667940
0.182800	3.636520
0.182880	3.573670
0.182960	3.573670
0.183040	3.479400
0.183120	3.542250
0.183200	3.510820
0.183280	3.573670
0.183360	3.573670
0.183440	3.510820
0.183520	3.542250
0.183600	3.542250
0.183680	3.542250
0.183760	3.510820
0.183840	3.510820
0.183920	3.479400
0.184000	3.479400
0.184080	3.510820
0.184160	3.447980
0.184240	3.447980
0.184320	3.510820
0.184400	3.479400
0.184480	3.510820
0.184560	3.479400
0.184640	3.416550
0.184720	3.416550
0.184800	3.447980
0.184880	3.510820
0.184960	3.573670
0.185040	3.542250
0.185120	3.510820
0.185200	3.479400
0.185280	3.510820
0.185360	3.479400
0.185440	3.447980
0.185520	3.447980
0.185600	3.447980
0.185680	3.416550
0.185760	3.479400
0.185840	3.447980
0.185920	3.479400
0.186000	3.542250
0.186080	3.542250
0.186160	3.542250
0.186240	3.542250
0.186320	3.573670
0.186400	3.605100
0.186480	3.573670
0.186560	3.573670
0.186640	3.636520
0.186720	3.636520
0.186800	3.667940
0.186880	3.730790
0.186960	3.730790
0.187040	3.762220
0.187120	3.793640
0.187200	3.825060
0.187280	3.919330
0.187360	3.887910
0.187440	3.919330
0.187520	3.919330
0.187600	3.950760
0.187680	4.013610
0.187760	4.076450
0.187840	4.076450
0.187920	4.107880
0.188000	4.170730
0.188080	4.139300
0.188160	4.139300
0.188240	4.139300
0.188320	4.170730
0.188400	4.202150
0.188480	4.296420
0.188560	4.265000
0.188640	4.296420
0.188720	4.296420
0.188800	4.359270
0.188880	4.296420
0.188960	4.359270
0.189040	4.359270
0.189120	4.390690
0.189200	4.390690
0.189280	4.422120
0.189360	4.422120
0.189440	4.422120
0.189520	4.453540
0.189600	4.484970
0.189680	4.484970
0.189760	4.453540
0.189840	4.516390
0.189920	4.673510
0.190000	4.704930
0.190080	4.704930
0.190160	4.736360
0.190240	4.704930
0.190320	4.736360
0.190400	4.799210
0.190480	4.830630
0.190560	4.893480
0.190640	4.924900
0.190720	4.924900
0.190800	4.956330
0.190880	5.019170
0.190960	5.019170
0.191040	5.082020
0.191120	5.113440
0.191200	5.176290
0.191280	5.144870
0.191360	5.113440
0.191440	5.144870
0.191520	5.144870
0.191600	5.207720
0.191680	5.207720
0.191760	5.207720
0.191840	5.333410
0.191920	5.364840
0.192000	5.364840
0.192080	5.333410
0.192160	5.333410
0.192240	5.333410
0.192320	5.364840
0.192400	5.427680
0.192480	5.459110
0.192560	5.459110
0.192640	5.490530
0.192720	5.490530
0.192800	5.584800
0.192880	5.584800
0.192960	5.616230
0.193040	5.616230
0.193120	5.647650
0.193200	5.679080
0.193280	5.710500
0.193360	5.710500
0.193440	5.710500
0.193520	5.710500
0.193600	5.679080
0.193680	5.804770
0.193760	5.741920
0.193840	5.836200
0.193920	5.710500
0.194000	5.836200
0.194080	5.899040
0.194160	5.961890
0.194240	5.930470
0.194320	5.961890
0.194400	6.024740
0.194480	6.024740
0.194560	5.993310
0.194640	6.024740
0.194720	5.961890
0.194800	5.930470
0.194880	5.961890
0.194960	5.961890
0.195040	5.993310
0.195120	5.961890
0.195200	6.087590
0.195280	6.119010
0.195360	6.213280
0.195440	6.213280
0.195520	6.244710
0.195600	6.213280
0.195680	6.181860
0.195760	6.150430
0.195840	6.181860
0.195920	6.307550
0.196000	6.370400
0.196080	6.527520
0.196160	6.527520
0.196240	6.527520
0.196320	6.496100
0.196400	6.527520
0.196480	6.496100
0.196560	6.527520
0.196640	6.527520
0.196720	6.653220
0.196800	6.653220
0.196880	6.590370
0.196960	6.527520
0.197040	6.496100
0.197120	6.527520
0.197200	6.464670
0.197280	6.496100
0.197360	6.496100
0.197440	6.496100
0.197520	6.370400
0.197600	6.338980
0.197680	6.338980
0.197760	6.338980
0.197840	6.244710
0.197920	6.181860
0.198000	6.150430
0.198080	6.119010
0.198160	6.119010
0.198240	6.056160
0.198320	6.024740
0.198400	6.024740
0.198480	5.930470
0.198560	5.867620
0.198640	5.836200
0.198720	5.773350
0.198800	5.867620
0.198880	5.741920
0.198960	5.710500
0.199040	5.679080
0.199120	5.616230
0.199200	5.584800
0.199280	5.584800
0.199360	5.521960
0.199440	5.584800
0.199520	5.521960
0.199600	5.459110
0.199680	5.553380
0.199760	5.521960
0.199840	5.490530
0.199920	5.459110
0.200000	5.427680
0.200080	5.364840
0.200160	5.364840
0.200240	5.270560
0.200320	5.333410
0.200400	5.270560
0.200480	5.301990
0.200560	5.270560
0.200640	5.239140
0.200720	5.207720
0.200800	5.207720
0.200880	5.176290
0.200960	5.113440
0.201040	5.176290
0.201120	5.082020
0.201200	5.082020
0.201280	5.082020
0.201360	5.082020
0.201440	5.050600
0.201520	5.082020
0.201600	4.987750
0.201680	4.893480
0.201760	4.862050
0.201840	4.799210
0.201920	4.767780
0.202000	4.704930
0.202080	4.704930
0.202160	4.673510
0.202240	4.642090
0.202320	4.673510
0.202400	4.642090
0.202480	4.642090
0.202560	4.579240
0.202640	4.610660
0.202720	4.610660
0.202800	4.579240
0.202880	4.642090
0.202960	4.610660
0.203040	4.704930
0.203120	4.704930
0.203200	4.642090
0.203280	4.673510
0.203360	4.704930
0.203440	4.736360
0.203520	4.799210
0.203600	4.830630
0.203680	4.924900
0.203760	4.987750
0.203840	4.987750
0.203920	5.050600
0.204000	5.113440
0.204080	5.113440
0.204160	5.144870
0.204240	5.239140
0.204320	5.301990
0.204400	5.364840
0.204480	5.459110
0.204560	5.521960
0.204640	5.553380
0.204720	5.616230
0.204800	5.616230
0.204880	5.616230
0.204960	5.584800
0.205040	5.616230
0.205120	5.679080
0.205200	5.710500
0.205280	5.741920
0.205360	5.584800
0.205440	5.647650
0.205520	5.521960
0.205600	5.427680
0.205680	5.364840
0.205760	5.364840
0.205840	5.301990
0.205920	5.301990
0.206000	5.176290
0.206080	5.176290
0.206160	5.144870
0.206240	5.113440
0.206320	5.082020
0.206400	5.082020
0.206480	5.082020
0.206560	4.987750
0.206640	5.050600
0.206720	5.082020
0.206800	5.050600
0.206880	5.082020
0.206960	4.987750
0.207040	4.924900
0.207120	4.956330
0.207200	4.893480
0.207280	4.924900
0.207360	4.956330
0.207440	4.893480
0.207520	4.893480
0.207600	4.862050
0.207680	4.799210
0.207760	4.830630
0.207840	4.893480
0.207920	4.893480
0.208000	4.956330
0.208080	4.987750
0.208160	5.019170
0.208240	4.987750
0.208320	5.050600
0.208400	5.019170
0.208480	5.019170
0.208560	5.050600
0.208640	5.050600
0.208720	5.019170
0.208800	5.082020
0.208880	4.987750
0.208960	4.956330
0.209040	4.893480
0.209120	4.830630
0.209200	4.799210
0.209280	4.893480
0.209360	4.924900
0.209440	4.987750
0.209520	4.924900
0.209600	4.987750
0.209680	4.956330
0.209760	4.924900
0.209840	5.019170
0.209920	5.082020
0.210000	5.019170
0.210080	5.207720
0.210160	5.113440
0.210240	5.082020
0.210320	5.019170
0.210400	5.176290
0.210480	5.333410
0.210560	5.301990
0.210640	5.301990
0.210720	5.396260
0.210800	5.427680
0.210880	5.553380
0.210960	5.710500
0.211040	5.773350
0.211120	5.773350
0.211200	5.804770
0.211280	5.773350
0.211360	5.867620
0.211440	5.930470
0.211520	5.930470
0.211600	5.867620
0.211680	5.836200
0.211760	5.804770
0.211840	5.836200
0.211920	5.804770
0.212000	5.867620
0.212080	5.867620
0.212160	5.804770
0.212240	5.804770
0.212320	5.804770
0.212400	5.804770
0.212480	5.836200
0.212560	5.867620
0.212640	5.804770
0.212720	5.773350
0.212800	5.710500
0.212880	5.616230
0.212960	5.584800
0.213040	5.553380
0.213120	5.553380
0.213200	5.616230
0.213280	5.741920
0.213360	5.836200
0.213440	5.867620
0.213520	5.867620
0.213600	5.867620
0.213680	5.930470
0.213760	5.930470
0.213840	5.961890
0.213920	5.993310
0.214000	6.024740
0.214080	6.024740
0.214160	6.056160
0.214240	6.024740
0.214320	5.993310
0.214400	5.961890
0.214480	5.930470
0.214560	5.899040
0.214640	5.899040
0.214720	5.836200
0.214800	5.867620
0.214880	5.899040
0.214960	5.899040
0.215040	5.867620
0.215120	5.836200
0.215200	5.804770
0.215280	5.741920
0.215360	5.679080
0.215440	5.710500
0.215520	5.647650
0.215600	5.679080
0.215680	5.647650
0.215760	5.616230
0.215840	5.647650
0.215920	5.553380
0.216000	5.553380
0.216080	5.584800
0.216160	5.584800
0.216240	5.553380
0.216320	5.616230
0.216400	5.584800
0.216480	5.584800
0.216560	5.553380
0.216640	5.459110
0.216720	5.490530
0.216800	5.490530
0.216880	5.459110
0.216960	5.521960
0.217040	5.490530
0.217120	5.459110
0.217200	5.459110
0.217280	5.553380
0.217360	5.584800
0.217440	5.584800
0.217520	5.679080
0.217600	5.616230
0.217680	5.679080
0.217760	5.679080
0.217840	5.679080
0.217920	5.710500
0.218000	5.679080
0.218080	5.741920
0.218160	5.867620
0.218240	5.773350
0.218320	5.836200
0.218400	5.867620
0.218480	5.804770
0.218560	5.836200
0.218640	5.867620
0.218720	5.961890
0.218800	5.993310
0.218880	6.056160
0.218960	6.119010
0.219040	6.150430
0.219120	6.213280
0.219200	6.244710
0.219280	6.244710
0.219360	6.276130
0.219440	6.307550
0.219520	6.370400
0.219600	6.433250
0.219680	6.496100
0.219760	6.527520
0.219840	6.590370
0.219920	6.590370
0.220000	6.527520
0.220080	6.590370
0.220160	6.621790
0.220240	6.621790
0.220320	6.684640
0.220400	6.747490
0.220480	6.810340
0.220560	6.778910
0.220640	6.841760
0.220720	6.810340
0.220800	6.810340
0.220880	6.747490
0.220960	6.873190
0.221040	6.841760
0.221120	6.873190
0.221200	6.904610
0.221280	6.998880
0.221360	6.998880
0.221440	6.998880
0.221520	6.998880
0.221600	7.093150
0.221680	7.030300
0.221760	7.124580
0.221840	7.124580
0.221920	7.124580
0.222000	7.156000
0.222080	7.156000
0.222160	7.156000
0.222240	7.218850
0.222320	7.250270
0.222400	7.218850
0.222480	7.281700
0.222560	7.281700
0.222640	7.375970
0.222720	7.344540
0.222800	7.375970
0.222880	7.281700
0.222960	7.407390
0.223040	7.375970
0.223120	7.375970
0.223200	7.344540
0.223280	7.313120
0.223360	7.313120
0.223440	7.281700
0.223520	7.281700
0.223600	7.281700
0.223680	7.250270
0.223760	7.218850
0.223840	7.344540
0.223920	7.470240
0.224000	7.564510
0.224080	7.564510
0.224160	7.595940
0.224240	7.564510
0.224320	7.501660
0.224400	7.438820
0.224480	7.438820
0.224560	7.407390
0.224640	7.375970
0.224720	7.344540
0.224800	7.344540
0.224880	7.344540
0.224960	7.344540
0.225040	7.344540
0.225120	7.344540
0.225200	7.313120
0.225280	7.344540
0.225360	7.313120
0.225440	7.281700
0.225520	7.250270
0.225600	7.250270
0.225680	7.218850
0.225760	7.156000
0.225840	7.250270
0.225920	7.250270
0.226000	7.281700
0.226080	7.250270
0.226160	7.250270
0.226240	7.218850
0.226320	7.250270
0.226400	7.250270
0.226480	7.250270
0.226560	7.187420
0.226640	7.218850
0.226720	7.250270
0.226800	7.250270
0.226880	7.344540
0.226960	7.156000
0.227040	7.124580
0.227120	7.061730
0.227200	7.061730
0.227280	7.030300
0.227360	6.998880
0.227440	7.030300
0.227520	6.967460
0.227600	7.030300
0.227680	7.030300
0.227760	7.093150
0.227840	7.124580
0.227920	7.093150
0.228000	7.093150
0.228080	7.061730
0.228160	7.030300
0.228240	7.093150
0.228320	7.030300
0.228400	7.093150
0.228480	7.030300
0.228560	7.093150
0.228640	6.998880
0.228720	6.998880
0.228800	6.998880
0.228880	6.967460
0.228960	6.967460
0.229040	6.936030
0.229120	6.967460
0.229200	6.904610
0.229280	6.936030
0.229360	6.967460
0.229440	6.904610
0.229520	6.873190
0.229600	6.936030
0.229680	6.967460
0.229760	7.030300
0.229840	7.061730
0.229920	7.124580
0.230000	7.124580
0.230080	7.030300
0.230160	7.093150
0.230240	6.998880
0.230320	7.061730
0.230400	7.061730
0.230480	7.093150
0.230560	7.124580
0.230640	7.156000
0.230720	7.156000
0.230800	7.187420
0.230880	7.250270
0.230960	7.344540
0.231040	7.375970
0.231120	7.375970
0.231200	7.438820
0.231280	7.595940
0.231360	7.627360
0.231440	7.690210
0.231520	7.690210
0.231600	7.690210
0.231680	7.721630
0.231760	7.815900
0.231840	7.878750
0.231920	8.004450
0.232000	7.973020
0.232080	8.098720
0.232160	8.067290
0.232240	8.098720
0.232320	8.161570
0.232400	8.318690
0.232480	8.350110
0.232560	8.381530
0.232640	8.444380
0.232720	8.507230
0.232800	8.538650
0.232880	8.632930
0.232960	8.664350
0.233040	8.758620
0.233120	8.852890
0.233200	8.821470
0.233280	8.884320
0.233360	8.884320
0.233440	8.915740
0.233520	8.978590
0.233600	9.010010
0.233680	8.978590
0.233760	8.978590
0.233840	9.010010
0.233920	9.010010
0.234000	9.041440
0.234080	9.104280
0.234160	9.135710
0.234240	9.135710
0.234320	9.229980
0.234400	9.167130
0.234480	9.167130
0.234560	9.135710
0.234640	9.167130
0.234720	9.229980
0.234800	9.198560
0.234880	9.229980
0.234960	9.135710
0.235040	9.104280
0.235120	9.041440
0.235200	8.947160
0.235280	8.884320
0.235360	8.790040
0.235440	8.664350
0.235520	8.632930
0.235600	8.601500
0.235680	8.632930
0.235760	8.632930
0.235840	8.727200
0.235920	8.664350
0.236000	8.664350
0.236080	8.601500
0.236160	8.664350
0.236240	8.664350
0.236320	8.664350
0.236400	8.758620
0.236480	8.727200
0.236560	8.758620
0.236640	8.790040
0.236720	8.790040
0.236800	8.852890
0.236880	8.852890
0.236960	8.915740
0.237040	8.852890
0.237120	8.884320
0.237200	8.915740
0.237280	8.884320
0.237360	8.884320
0.237440	8.947160
0.237520	8.978590
0.237600	9.010010
0.237680	9.010010
0.237760	9.010010
0.237840	9.010010
0.237920	9.041440
0.238000	8.978590
0.238080	9.072860
0.238160	9.041440
0.238240	9.104280
0.238320	9.104280
0.238400	9.072860
0.238480	9.104280
0.238560	9.072860
0.238640	9.104280
0.238720	9.072860
0.238800	9.072860
0.238880	9.072860
0.238960	9.104280
0.239040	9.041440
0.239120	9.010010
0.239200	8.978590
0.239280	8.915740
0.239360	8.915740
0.239440	8.884320
0.239520	8.884320
0.239600	8.758620
0.239680	8.821470
0.239760	8.727200
0.239840	8.695770
0.239920	8.601500
0.240000	8.570080
0.240080	8.507230
0.240160	8.444380
0.240240	8.444380
0.240320	8.381530
0.240400	8.318690
0.240480	8.318690
0.240560	8.255840
0.240640	8.192990
0.240720	8.224410
0.240800	8.098720
0.240880	8.067290
0.240960	8.067290
0.241040	8.004450
0.241120	7.941600
0.241200	7.973020
0.241280	7.878750
0.241360	7.910170
0.241440	7.847330
0.241520	7.784480
0.241600	7.753060
0.241680	7.627360
0.241760	7.595940
0.241840	7.533090
0.241920	7.470240
0.242000	7.438820
0.242080	7.375970
0.242160	7.344540
0.242240	7.218850
0.242320	7.218850
0.242400	7.156000
0.242480	7.061730
0.242560	6.998880
0.242640	6.967460
0.242720	6.904610
0.242800	6.873190
0.242880	6.778910
0.242960	6.747490
0.243040	6.716070
0.243120	6.590370
0.243200	6.558950
0.243280	6.433250
0.243360	6.401830
0.243440	6.401830
0.243520	6.338980
0.243600	6.307550
0.243680	6.213280
0.243760	6.150430
0.243840	6.056160
0.243920	6.024740
0.244000	5.993310
0.244080	5.930470
0.244160	5.961890
0.244240	5.867620
0.244320	5.804770
0.244400	5.741920
0.244480	5.710500
0.244560	5.647650
0.244640	5.616230
0.244720	5.584800
0.244800	5.584800
0.244880	5.490530
0.244960	5.427680
0.245040	5.427680
0.245120	5.301990
0.245200	5.333410
0.245280	5.364840
0.245360	5.301990
0.245440	5.207720
0.245520	5.364840
0.245600	5.207720
0.245680	5.176290
0.245760	5.176290
0.245840	5.207720
0.245920	5.176290
0.246000	5.113440
0.246080	5.019170
0.246160	5.019170
0.246240	4.924900
0.246320	4.924900
0.246400	4.924900
0.246480	4.924900
0.246560	4.862050
0.246640	4.862050
0.246720	4.862050
0.246800	4.799210
0.246880	4.767780
0.246960	4.736360
0.247040	4.704930
0.247120	4.642090
0.247200	4.642090
0.247280	4.547810
0.247360	4.579240
0.247440	4.579240
0.247520	4.547810
0.247600	4.547810
0.247680	4.547810
0.247760	4.516390
0.247840	4.516390
0.247920	4.547810
0.248000	4.516390
0.248080	4.484970
0.248160	4.484970
0.248240	4.484970
0.248320	4.390690
0.248400	4.422120
0.248480	4.390690
0.248560	4.359270
0.248640	4.359270
0.248720	4.296420
0.248800	4.265000
0.248880	4.296420
0.248960	4.265000
0.249040	4.233570
0.249120	4.233570
0.249200	4.139300
0.249280	4.139300
0.249360	4.107880
0.249440	4.076450
0.249520	4.013610
0.249600	4.045030
0.249680	4.013610
0.249760	3.982180
0.249840	3.919330
0.249920	3.887910
0.250000	3.887910
0.250080	3.887910
0.250160	3.887910
0.250240	3.825060
0.250320	3.887910
0.250400	3.762220
0.250480	3.730790
0.250560	3.699370
0.250640	3.730790
0.250720	3.699370
0.250800	3.699370
0.250880	3.699370
0.250960	3.699370
0.251040	3.667940
0.251120	3.605100
0.251200	3.605100
0.251280	3.605100
0.251360	3.636520
0.251440	3.542250
0.251520	3.605100
0.251600	3.510820
0.251680	3.510820
0.251760	3.479400
0.251840	3.510820
0.251920	3.542250
0.252000	3.510820
0.252080	3.479400
0.252160	3.447980
0.252240	3.416550
0.252320	3.416550
0.252400	3.385130
0.252480	3.416550
0.252560	3.416550
0.252640	3.385130
0.252720	3.385130
0.252800	3.322280
0.252880	3.322280
0.252960	3.290860
0.253040	3.290860
0.253120	3.259430
0.253200	3.259430
0.253280	3.290860
0.253360	3.322280
0.253440	3.290860
0.253520	3.259430
0.253600	3.259430
0.253680	3.259430
0.253760	3.228010
0.253840	3.196580
0.253920	3.133740
0.254000	3.102310
0.254080	3.102310
0.254160	3.070890
0.254240	3.102310
0.254320	3.070890
0.254400	3.070890
0.254480	3.102310
0.254560	3.008040
0.254640	2.976620
0.254720	3.008040
0.254800	3.008040
0.254880	3.008040
0.254960	2.976620
0.255040	2.945190
0.255120	2.945190
0.255200	2.976620
0.255280	2.945190
0.255360	2.945190
0.255440	2.945190
0.255520	2.882350
0.255600	2.850920
0.255680	2.850920
0.255760	2.850920
0.255840	2.819500
0.255920	2.819500
0.256000	2.819500
0.256080	2.756650
0.256160	2.756650
0.256240	2.756650
0.256320	2.725230
0.256400	2.693800
0.256480	2.756650
0.256560	2.725230
0.256640	2.693800
0.256720	2.662380
0.256800	2.693800
0.256880	2.693800
0.256960	2.662380
0.257040	2.662380
0.257120	2.725230
0.257200	2.693800
0.257280	2.630950
0.257360	2.630950
0.257440	2.630950
0.257520	2.599530
0.257600	2.568110
0.257680	2.599530
0.257760	2.568110
0.257840	2.536680
0.257920	2.568110
0.258000	2.536680
0.258080	2.536680
0.258160	2.505260
0.258240	2.568110
0.258320	2.536680
0.258400	2.505260
0.258480	2.536680
0.258560	2.473830
0.258640	2.473830
0.258720	2.473830
0.258800	2.473830
0.258880	2.473830
0.258960	2.410990
0.259040	2.379560
0.259120	2.410990
0.259200	2.410990
0.259280	2.379560
0.259360	2.379560
0.259440	2.348140
0.259520	2.316710
0.259600	2.348140
0.259680	2.348140
0.259760	2.379560
0.259840	2.316710
0.259920	2.348140
0.260000	2.222440
0.260080	2.222440
0.260160	2.348140
0.260240	2.159590
0.260320	2.191020
0.260400	2.285290
0.260480	2.191020
0.260560	2.128170
0.260640	2.096750
0.260720	2.065320
0.260800	2.033900
0.260880	1.939630
0.260960	1.939630
0.261040	1.908200
0.261120	1.908200
0.261200	1.939630
0.261280	1.939630
0.261360	1.971050
0.261440	2.002470
0.261520	1.971050
0.261600	1.939630
0.261680	1.908200
0.261760	1.908200
0.261840	1.908200
0.261920	1.876780
0.262000	1.876780
0.262080	1.876780
0.262160	1.845360
0.262240	1.813930
0.262320	1.782510
0.262400	1.719660
0.262480	1.782510
0.262560	1.719660
0.262640	1.751080
0.262720	1.688240
0.262800	1.719660
0.262880	1.688240
0.262960	1.625390
0.263040	1.656810
0.263120	1.625390
0.263200	1.656810
0.263280	1.656810
0.263360	1.625390
0.263440	1.625390
0.263520	1.593960
0.263600	1.593960
0.263680	1.562540
0.263760	1.562540
0.263840	1.562540
0.263920	1.499690
0.264000	1.468270
0.264080	1.436840
0.264160	1.436840
0.264240	1.468270
0.264320	1.436840
0.264400	1.436840
0.264480	1.405420
0.264560	1.405420
0.264640	1.374000
0.264720	1.405420
0.264800	1.342570
0.264880	1.405420
0.264960	1.342570
0.265040	1.279720
0.265120	1.342570
0.265200	1.374000
0.265280	1.374000
0.265360	1.311150
0.265440	1.279720
0.265520	1.374000
0.265600	1.342570
0.265680	1.311150
0.265760	1.311150
0.265840	1.342570
0.265920	1.248300
0.266000	1.279720
0.266080	1.311150
0.266160	1.311150
0.266240	1.311150
0.266320	1.279720
0.266400	1.279720
0.266480	1.216880
0.266560	1.216880
0.266640	1.185450
0.266720	1.185450
0.266800	1.185450
0.266880	1.216880
0.266960	1.248300
0.267040	1.216880
0.267120	1.185450
0.267200	1.154030
0.267280	1.154030
0.267360	1.185450
0.267440	1.122600
0.267520	1.122600
0.267600	1.185450
0.267680	1.091180
0.267760	1.028330
0.267840	0.996909
0.267920	0.965485
0.268000	0.965485
0.268080	0.965485
0.268160	0.996909
0.268240	0.934061
0.268320	0.839789
0.268400	0.871213
0.268480	0.839789
0.268560	0.808365
0.268640	0.839789
0.268720	0.871213
0.268800	0.745518
0.268880	0.745518
0.268960	0.745518
0.269040	0.745518
0.269120	0.714094
0.269200	0.682670
0.269280	0.651246
0.269360	0.682670
0.269440	0.682670
0.269520	0.682670
0.269600	0.651246
0.269680	0.619822
0.269760	0.556974
0.269840	0.556974
0.269920	0.588398
0.270000	0.556974
0.270080	0.556974
0.270160	0.494126
0.270240	0.494126
0.270320	0.494126
0.270400	0.494126
0.270480	0.431278
0.270560	0.431278
0.270640	0.431278
0.270720	0.399854
0.270800	0.431278
0.270880	0.462702
0.270960	0.462702
0.271040	0.462702
0.271120	0.431278
0.271200	0.431278
0.271280	0.431278
0.271360	0.431278
0.271440	0.431278
0.271520	0.368430
0.271600	0.399854
0.271680	0.431278
0.271760	0.431278
0.271840	0.431278
0.271920	0.431278
0.272000	0.462702
0.272080	0.525550
0.272160	0.462702
0.272240	0.494126
0.272320	0.494126
0.272400	0.494126
0.272480	0.462702
0.272560	0.431278
0.272640	0.431278
0.272720	0.399854
0.272800	0.431278
0.272880	0.431278
0.272960	0.462702
0.273040	0.494126
0.273120	0.494126
0.273200	0.494126
0.273280	0.556974
0.273360	0.619822
0.273440	0.556974
0.273520	0.619822
0.273600	0.588398
0.273680	0.556974
0.273760	0.556974
0.273840	0.556974
0.273920	0.588398
0.274000	0.525550
0.274080	0.556974
0.274160	0.556974
0.274240	0.588398
0.274320	0.588398
0.274400	0.619822
0.274480	0.651246
0.274560	0.588398
0.274640	0.588398
0.274720	0.588398
0.274800	0.682670
0.274880	0.588398
0.274960	0.588398
0.275040	0.619822
0.275120	0.651246
0.275200	0.619822
0.275280	0.588398
0.275360	0.556974
0.275440	0.556974
0.275520	0.556974
0.275600	0.556974
0.275680	0.525550
0.275760	0.556974
0.275840	0.556974
0.275920	0.494126
0.276000	0.525550
0.276080	0.494126
0.276160	0.462702
0.276240	0.525550
0.276320	0.525550
0.276400	0.556974
0.276480	0.525550
0.276560	0.525550
0.276640	0.556974
0.276720	0.556974
0.276800	0.588398
0.276880	0.588398
0.276960	0.714094
0.277040	0.619822
0.277120	0.651246
0.277200	0.682670
0.277280	0.714094
0.277360	0.651246
0.277440	0.651246
0.277520	0.588398
0.277600	0.682670
0.277680	0.651246
0.277760	0.619822
0.277840	0.682670
0.277920	0.745518
0.278000	0.682670
0.278080	0.714094
0.278160	0.745518
0.278240	0.808365
0.278320	0.839789
0.278400	0.776941
0.278480	0.871213
0.278560	0.839789
0.278640	0.934061
0.278720	0.902637
0.278800	0.965485
0.278880	0.965485
0.278960	0.996909
0.279040	1.059760
0.279120	1.059760
0.279200	1.059760
0.279280	1.059760
0.279360	1.059760
0.279440	1.028330
0.279520	1.059760
0.279600	1.154030
0.279680	1.154030
0.279760	1.216880
0.279840	1.185450
0.279920	1.185450
0.280000	1.216880
0.280080	1.154030
0.280160	1.185450
0.280240	1.216880
0.280320	1.185450
0.280400	1.185450
0.280480	1.185450
0.280560	1.216880
0.280640	1.279720
0.280720	1.216880
0.280800	1.248300
0.280880	1.248300
0.280960	1.216880
0.281040	1.216880
0.281120	1.248300
0.281200	1.279720
0.281280	1.279720
0.281360	1.342570
0.281440	1.342570
0.281520	1.342570
0.281600	1.342570
0.281680	1.342570
0.281760	1.374000
0.281840	1.342570
0.281920	1.405420
0.282000	1.436840
0.282080	1.436840
0.282160	1.562540
0.282240	1.499690
0.282320	1.531120
0.282400	1.562540
0.282480	1.562540
0.282560	1.625390
0.282640	1.625390
0.282720	1.625390
0.282800	1.625390
0.282880	1.656810
0.282960	1.688240
0.283040	1.656810
0.283120	1.719660
0.283200	1.751080
0.283280	1.719660
0.283360	1.751080
0.283440	1.782510
0.283520	1.782510
0.283600	1.813930
0.283680	1.845360
0.283760	1.845360
0.283840	1.813930
0.283920	1.845360
0.284000	1.908200
0.284080	1.876780
0.284160	1.876780
0.284240	1.971050
0.284320	2.002470
0.284400	1.939630
0.284480	1.971050
0.284560	1.971050
0.284640	2.065320
0.284720	2.002470
0.284800	2.002470
0.284880	2.033900
0.284960	2.033900
0.285040	2.065320
0.285120	2.065320
0.285200	2.065320
0.285280	2.096750
0.285360	2.159590
0.285440	2.128170
0.285520	2.096750
0.285600	2.159590
0.285680	2.128170
0.285760	2.159590
0.285840	2.159590
0.285920	2.191020
0.286000	2.222440
0.286080	2.222440
0.286160	2.222440
0.286240	2.191020
0.286320	2.191020
0.286400	2.191020
0.286480	2.222440
0.286560	2.222440
0.286640	2.285290
0.286720	2.285290
0.286800	2.285290
0.286880	2.285290
0.286960	2.348140
0.287040	2.316710
0.287120	2.348140
0.287200	2.316710
0.287280	2.316710
0.287360	2.285290
0.287440	2.379560
0.287520	2.379560
0.287600	2.379560
0.287680	2.348140
0.287760	2.379560
0.287840	2.410990
0.287920	2.348140
0.288000	2.379560
0.288080	2.379560
0.288160	2.410990
0.288240	2.410990
0.288320	2.410990
0.288400	2.379560
0.288480	2.410990
0.288560	2.348140
0.288640	2.316710
0.288720	2.473830
0.288800	2.473830
0.288880	2.473830
0.288960	2.473830
0.289040	2.442410
0.289120	2.442410
0.289200	2.442410
0.289280	2.410990
0.289360	2.348140
0.289440	2.379560
0.289520	2.442410
0.289600	2.442410
0.289680	2.410990
0.289760	2.410990
0.289840	2.410990
0.289920	2.442410
0.290000	2.505260
0.290080	2.473830
0.290160	2.442410
0.290240	2.442410
0.290320	2.473830
0.290400	2.473830
0.290480	2.505260
0.290560	2.505260
0.290640	2.473830
0.290720	2.442410
0.290800	2.473830
0.290880	2.473830
0.290960	2.410990
0.291040	2.505260
0.291120	2.473830
0.291200	2.442410
0.291280	2.473830
0.291360	2.442410
0.291440	2.473830
0.291520	2.473830
0.291600	2.410990
0.291680	2.473830
0.291760	2.473830
0.291840	2.505260
0.291920	2.473830
0.292000	2.442410
0.292080	2.442410
0.292160	2.505260
0.292240	2.473830
0.292320	2.473830
0.292400	2.505260
0.292480	2.442410
0.292560	2.473830
0.292640	2.473830
0.292720	2.505260
0.292800	2.473830
0.292880	2.536680
0.292960	2.568110
0.293040	2.536680
0.293120	2.505260
0.293200	2.599530
0.293280	2.568110
0.293360	2.662380
0.293440	2.505260
0.293520	2.568110
0.293600	2.410990
0.293680	2.599530
0.293760	2.693800
0.293840	2.599530
0.293920	2.599530
0.294000	2.568110
0.294080	2.662380
0.294160	2.662380
0.294240	2.630950
0.294320	2.630950
0.294400	2.630950
0.294480	2.630950
0.294560	2.630950
0.294640	2.662380
0.294720	2.630950
0.294800	2.630950
0.294880	2.630950
0.294960	2.599530
0.295040	2.662380
0.295120	2.630950
0.295200	2.630950
0.295280	2.662380
0.295360	2.662380
0.295440	2.662380
0.295520	2.630950
0.295600	2.662380
0.295680	2.630950
0.295760	2.599530
0.295840	2.568110
0.295920	2.599530
0.296000	2.536680
0.296080	2.536680
0.296160	2.630950
0.296240	2.599530
0.296320	2.568110
0.296400	2.536680
0.296480	2.473830
0.296560	2.410990
0.296640	2.348140
0.296720	2.285290
0.296800	2.285290
0.296880	2.316710
0.296960	2.316710
0.297040	2.285290
0.297120	2.285290
0.297200	2.253870
0.297280	2.222440
0.297360	2.285290
0.297440	2.222440
0.297520	2.285290
0.297600	2.316710
0.297680	2.285290
0.297760	2.348140
0.297840	2.348140
0.297920	2.410990
0.298000	2.316710
0.298080	2.410990
0.298160	2.379560
0.298240	2.379560
0.298320	2.379560
0.298400	2.410990
0.298480	2.442410
0.298560	2.442410
0.298640	2.473830
0.298720	2.505260
0.298800	2.536680
0.298880	2.536680
0.298960	2.505260
0.299040	2.505260
0.299120	2.505260
0.299200	2.568110
0.299280	2.505260
0.299360	2.599530
0.299440	2.630950
0.299520	2.599530
0.299600	2.662380
0.299680	2.599530
0.299760	2.630950
0.299840	2.568110
0.299920	2.630950
0.300000	2.536680
0.300080	2.630950
0.300160	2.568110
0.300240	2.536680
0.300320	2.536680
0.300400	2.536680
0.300480	2.505260
0.300560	2.473830
0.300640	2.442410
0.300720	2.473830
0.300800	2.473830
0.300880	2.442410
0.300960	2.473830
0.301040	2.442410
0.301120	2.410990
0.301200	2.410990
0.301280	2.410990
0.301360	2.410990
0.301440	2.442410
0.301520	2.379560
0.301600	2.410990
0.301680	2.410990
0.301760	2.442410
0.301840	2.442410
0.301920	2.505260
0.302000	2.473830
0.302080	2.410990
0.302160	2.379560
0.302240	2.442410
0.302320	2.410990
0.302400	2.442410
0.302480	2.442410
0.302560	2.442410
0.302640	2.442410
0.302720	2.473830
0.302800	2.473830
0.302880	2.442410
0.302960	2.410990
0.303040	2.473830
0.303120	2.442410
0.303200	2.442410
0.303280	2.442410
0.303360	2.442410
0.303440	2.505260
0.303520	2.505260
0.303600	2.505260
0.303680	2.442410
0.303760	2.536680
0.303840	2.442410
0.303920	2.442410
0.304000	2.442410
0.304080	2.473830
0.304160	2.442410
0.304240	2.442410
0.304320	2.473830
0.304400	2.505260
0.304480	2.442410
0.304560	2.410990
0.304640	2.442410
0.304720	2.442410
0.304800	2.442410
0.304880	2.473830
0.304960	2.473830
0.305040	2.473830
0.305120	2.505260
0.305200	2.473830
0.305280	2.536680
0.305360	2.473830
0.305440	2.473830
0.305520	2.536680
0.305600	2.536680
0.305680	2.505260
0.305760	2.505260
0.305840	2.505260
0.305920	2.536680
0.306000	2.536680
0.306080	2.473830
0.306160	2.505260
0.306240	2.473830
0.306320	2.442410
0.306400	2.442410
0.306480	2.442410
0.306560	2.442410
0.306640	2.379560
0.306720	2.442410
0.306800	2.442410
0.306880	2.410990
0.306960	2.379560
0.307040	2.348140
0.307120	2.410990
0.307200	2.379560
0.307280	2.348140
0.307360	2.316710
0.307440	2.316710
0.307520	2.316710
0.307600	2.316710
0.307680	2.253870
0.307760	2.285290
0.307840	2.222440
0.307920	2.222440
0.308000	2.191020
0.308080	2.191020
0.308160	2.191020
0.308240	2.128170
0.308320	2.128170
0.308400	2.128170
0.308480	2.096750
0.308560	2.128170
0.308640	2.128170
0.308720	2.096750
0.308800	2.096750
0.308880	2.065320
0.308960	2.065320
0.309040	2.065320
0.309120	2.096750
0.309200	2.002470
0.309280	2.096750
0.309360	2.033900
0.309440	2.002470
0.309520	2.002470
0.309600	2.065320
0.309680	2.096750
0.309760	2.033900
0.309840	2.002470
0.309920	2.065320
0.310000	2.002470
