-0.020000	-0.514209
-0.019920	-0.242549
-0.019840	-0.514209
-0.019760	-0.514209
-0.019680	0.029111
-0.019600	-0.242549
-0.019520	-1.872510
-0.019440	-1.872510
-0.019360	-1.057530
-0.019280	-0.785869
-0.019200	-1.057530
-0.019120	-0.785869
-0.019040	-0.785869
-0.018960	-1.057530
-0.018880	-0.242549
-0.018800	-0.514209
-0.018720	-0.242549
-0.018640	-0.242549
-0.018560	-0.242549
-0.018480	-0.514209
-0.018400	-0.785869
-0.018320	-0.514209
-0.018240	-0.242549
-0.018160	-0.514209
-0.018080	-0.514209
-0.018000	-0.242549
-0.017920	-0.514209
-0.017840	-0.242549
-0.017760	0.029111
-0.017680	-0.242549
-0.017600	-0.514209
-0.017520	-1.057530
-0.017440	-0.242549
-0.017360	-0.514209
-0.017280	0.029111
-0.017200	-0.242549
-0.017120	0.029111
-0.017040	-0.514209
-0.016960	-0.514209
-0.016880	-0.785869
-0.016800	-0.514209
-0.016720	-0.242549
-0.016640	-0.242549
-0.016560	0.029111
-0.016480	0.300770
-0.016400	0.029111
-0.016320	0.572430
-0.016240	-0.242549
-0.016160	-0.514209
-0.016080	-0.514209
-0.016000	-0.242549
-0.015920	-0.514209
-0.015840	-0.242549
-0.015760	0.029111
-0.015680	0.300770
-0.015600	-0.242549
-0.015520	-0.242549
-0.015440	-0.514209
-0.015360	-0.242549
-0.015280	0.029111
-0.015200	0.300770
-0.015120	0.029111
-0.015040	0.029111
-0.014960	-0.242549
-0.014880	-0.242549
-0.014800	-0.514209
-0.014720	-0.242549
-0.014640	-0.242549
-0.014560	-0.242549
-0.014480	0.029111
-0.014400	-0.242549
-0.014320	0.029111
-0.014240	-0.242549
-0.014160	0.572430
-0.014080	0.300770
-0.014000	0.572430
-0.013920	-0.242549
-0.013840	0.300770
-0.013760	0.029111
-0.013680	0.300770
-0.013600	0.844090
-0.013520	0.300770
-0.013440	0.300770
-0.013360	0.029111
-0.013280	0.029111
-0.013200	0.029111
-0.013120	-0.242549
-0.013040	0.029111
-0.012960	0.300770
-0.012880	0.029111
-0.012800	-0.514209
-0.012720	-0.785869
-0.012640	-0.242549
-0.012560	-0.242549
-0.012480	0.029111
-0.012400	0.572430
-0.012320	0.844090
-0.012240	0.572430
-0.012160	0.029111
-0.012080	-0.242549
-0.012000	-0.242549
-0.011920	-0.514209
-0.011840	-0.514209
-0.011760	0.029111
-0.011680	0.844090
-0.011600	0.572430
-0.011520	0.300770
-0.011440	-0.242549
-0.011360	0.300770
-0.011280	0.572430
-0.011200	0.300770
-0.011120	0.300770
-0.011040	0.029111
-0.010960	0.029111
-0.010880	-0.785869
-0.010800	-0.514209
-0.010720	0.029111
-0.010640	-0.242549
-0.010560	0.572430
-0.010480	0.300770
-0.010400	0.029111
-0.010320	0.029111
-0.010240	-0.242549
-0.010160	-1.057530
-0.010080	-0.242549
-0.010000	-0.514209
-0.009920	0.029111
-0.009840	0.300770
-0.009760	0.572430
-0.009680	0.029111
-0.009600	0.029111
-0.009520	-0.242549
-0.009440	0.029111
-0.009360	0.029111
-0.009280	0.029111
-0.009200	-0.242549
-0.009120	-0.785869
-0.009040	-0.242549
-0.008960	0.300770
-0.008880	0.844090
-0.008800	1.115750
-0.008720	0.572430
-0.008640	0.572430
-0.008560	0.300770
-0.008480	0.572430
-0.008400	1.387410
-0.008320	0.844090
-0.008240	0.844090
-0.008160	-0.242549
-0.008080	-0.514209
-0.008000	-0.514209
-0.007920	0.029111
-0.007840	0.300770
-0.007760	0.572430
-0.007680	0.300770
-0.007600	0.300770
-0.007520	-0.242549
-0.007440	-0.242549
-0.007360	0.029111
-0.007280	-0.514209
-0.007200	-0.242549
-0.007120	0.029111
-0.007040	0.029111
-0.006960	0.300770
-0.006880	0.572430
-0.006800	0.572430
-0.006720	0.300770
-0.006640	0.300770
-0.006560	0.300770
-0.006480	0.029111
-0.006400	0.029111
-0.006320	0.300770
-0.006240	0.572430
-0.006160	0.029111
-0.006080	0.300770
-0.006000	0.572430
-0.005920	0.572430
-0.005840	0.300770
-0.005760	0.572430
-0.005680	0.572430
-0.005600	0.300770
-0.005520	0.300770
-0.005440	0.300770
-0.005360	0.300770
-0.005280	0.029111
-0.005200	0.300770
-0.005120	0.029111
-0.005040	0.300770
-0.004960	0.572430
-0.004880	0.300770
-0.004800	0.029111
-0.004720	-0.242549
-0.004640	0.300770
-0.004560	0.029111
-0.004480	0.572430
-0.004400	0.572430
-0.004320	0.029111
-0.004240	0.300770
-0.004160	0.300770
-0.004080	0.844090
-0.004000	0.572430
-0.003920	0.844090
-0.003840	0.300770
-0.003760	0.572430
-0.003680	0.300770
-0.003600	0.300770
-0.003520	0.300770
-0.003440	0.300770
-0.003360	0.300770
-0.003280	0.572430
-0.003200	0.300770
-0.003120	0.029111
-0.003040	0.572430
-0.002960	0.029111
-0.002880	-0.242549
-0.002800	-0.785869
-0.002720	0.300770
-0.002640	0.029111
-0.002560	-0.242549
-0.002480	0.300770
-0.002400	0.029111
-0.002320	0.300770
-0.002240	0.029111
-0.002160	0.572430
-0.002080	0.844090
-0.002000	0.844090
-0.001920	0.300770
-0.001840	0.300770
-0.001760	0.300770
-0.001680	0.572430
-0.001600	0.572430
-0.001520	0.844090
-0.001440	0.029111
-0.001360	-0.242549
-0.001280	-0.242549
-0.001200	0.300770
-0.001120	0.572430
-0.001040	0.844090
-0.000960	1.115750
-0.000880	0.572430
-0.000800	0.572430
-0.000720	0.844090
-0.000640	0.300770
-0.000560	0.029111
-0.000480	-0.514209
-0.000400	-0.242549
-0.000320	0.029111
-0.000240	0.300770
-0.000160	0.572430
-0.000080	0.300770
0.000000	0.029111
0.000080	0.572430
0.000160	0.572430
0.000240	0.300770
0.000320	0.300770
0.000400	0.029111
0.000480	0.029111
0.000560	0.572430
0.000640	0.300770
0.000720	0.300770
0.000800	0.572430
0.000880	0.572430
0.000960	0.029111
0.001040	-0.514209
0.001120	-0.785869
0.001200	-0.514209
0.001280	-0.785869
0.001360	-0.242549
0.001440	-0.242549
0.001520	-0.242549
0.001600	-0.242549
0.001680	0.029111
0.001760	-0.242549
0.001840	-0.514209
0.001920	-0.785869
0.002000	-0.514209
0.002080	-0.514209
0.002160	-0.242549
0.002240	-0.242549
0.002320	-0.514209
0.002400	-0.242549
0.002480	-0.785869
0.002560	-0.785869
0.002640	-0.514209
0.002720	0.029111
0.002800	-0.785869
0.002880	-0.785869
0.002960	-1.057530
0.003040	-0.242549
0.003120	-0.514209
0.003200	-0.785869
0.003280	-0.514209
0.003360	-0.785869
0.003440	-0.785869
0.003520	-1.057530
0.003600	-0.514209
0.003680	-0.242549
0.003760	0.029111
0.003840	-0.242549
0.003920	-0.785869
0.004000	-0.785869
0.004080	-0.785869
0.004160	-0.514209
0.004240	-0.785869
0.004320	-1.057530
0.004400	-1.057530
0.004480	-1.329190
0.004560	-1.057530
0.004640	-0.785869
0.004720	-0.785869
0.004800	-0.242549
0.004880	-0.242549
0.004960	-0.242549
0.005040	-0.514209
0.005120	-1.600850
0.005200	-1.600850
0.005280	-1.600850
0.005360	-1.329190
0.005440	-1.329190
0.005520	-1.329190
0.005600	-1.600850
0.005680	-1.329190
0.005760	-0.785869
0.005840	-0.514209
0.005920	-0.785869
0.006000	-1.600850
0.006080	-1.329190
0.006160	-1.600850
0.006240	-1.600850
0.006320	-1.600850
0.006400	-1.057530
0.006480	-1.329190
0.006560	-1.329190
0.006640	-1.600850
0.006720	-1.872510
0.006800	-1.329190
0.006880	-1.600850
0.006960	-1.329190
0.007040	-1.600850
0.007120	-1.872510
0.007200	-2.144170
0.007280	-2.415830
0.007360	-1.872510
0.007440	-1.872510
0.007520	-1.329190
0.007600	-1.329190
0.007680	-1.872510
0.007760	-1.872510
0.007840	-1.872510
0.007920	-1.872510
0.008000	-1.600850
0.008080	-1.600850
0.008160	-1.872510
0.008240	-2.415830
0.008320	-2.687490
0.008400	-2.687490
0.008480	-3.230810
0.008560	-3.230810
0.008640	-2.687490
0.008720	-2.959150
0.008800	-2.415830
0.008880	-3.230810
0.008960	-3.230810
0.009040	-3.230810
0.009120	-2.415830
0.009200	-2.415830
0.009280	-2.687490
0.009360	-2.687490
0.009440	-2.959150
0.009520	-3.502470
0.009600	-3.502470
0.009680	-4.045790
0.009760	-3.774130
0.009840	-3.502470
0.009920	-3.230810
0.010000	-3.230810
0.010080	-3.502470
0.010160	-3.774130
0.010240	-4.317450
0.010320	-4.045790
0.010400	-3.774130
0.010480	-3.230810
0.010560	-2.144170
0.010640	-2.687490
0.010720	-3.230810
0.010800	-4.045790
0.010880	-4.317450
0.010960	-4.317450
0.011040	-3.774130
0.011120	-3.230810
0.011200	-3.230810
0.011280	-3.230810
0.011360	-3.230810
0.011440	-3.502470
0.011520	-3.230810
0.011600	-3.230810
0.011680	-3.230810
0.011760	-3.230810
0.011840	-3.230810
0.011920	-3.230810
0.012000	-3.502470
0.012080	-3.774130
0.012160	-3.774130
0.012240	-3.230810
0.012320	-2.415830
0.012400	-2.415830
0.012480	-2.144170
0.012560	-2.687490
0.012640	-2.687490
0.012720	-3.502470
0.012800	-3.774130
0.012880	-4.317450
0.012960	-4.045790
0.013040	-4.045790
0.013120	-3.502470
0.013200	-3.502470
0.013280	-3.502470
0.013360	-3.502470
0.013440	-3.502470
0.013520	-3.230810
0.013600	-2.959150
0.013680	-3.774130
0.013760	-3.774130
0.013840	-4.045790
0.013920	-4.045790
0.014000	-4.045790
0.014080	-4.589110
0.014160	-5.404080
0.014240	-6.219060
0.014320	-6.762380
0.014400	-6.219060
0.014480	-5.404080
0.014560	-3.774130
0.014640	-3.502470
0.014720	-3.502470
0.014800	-3.502470
0.014880	-4.589110
0.014960	-5.132430
0.015040	-5.404080
0.015120	-5.947400
0.015200	-6.490720
0.015280	-6.219060
0.015360	-6.762380
0.015440	-6.219060
0.015520	-5.947400
0.015600	-5.132430
0.015680	-4.045790
0.015760	-4.589110
0.015840	-4.045790
0.015920	-4.045790
0.016000	-4.317450
0.016080	-6.490720
0.016160	-7.849020
0.016240	-8.935660
0.016320	-8.935660
0.016400	-7.577360
0.016480	-5.675740
0.016560	-4.860770
0.016640	-2.959150
0.016720	-2.144170
0.016800	-2.415830
0.016880	-3.774130
0.016960	-6.490720
0.017040	-7.849020
0.017120	-8.664000
0.017200	-10.022300
0.017280	-9.750640
0.017360	-8.664000
0.017440	-6.219060
0.017520	-4.589110
0.017600	-3.502470
0.017680	-3.230810
0.017760	-3.230810
0.017840	-3.774130
0.017920	-4.860770
0.018000	-6.219060
0.018080	-7.305700
0.018160	-7.849020
0.018240	-7.849020
0.018320	-7.034040
0.018400	-5.947400
0.018480	-5.132430
0.018560	-4.317450
0.018640	-3.774130
0.018720	-4.045790
0.018800	-4.860770
0.018880	-6.219060
0.018960	-6.762380
0.019040	-8.120680
0.019120	-8.664000
0.019200	-9.478980
0.019280	-9.750640
0.019360	-8.664000
0.019440	-7.305700
0.019520	-5.404080
0.019600	-4.045790
0.019680	-3.230810
0.019760	-4.045790
0.019840	-4.589110
0.019920	-5.675740
0.020000	-6.219060
0.020080	-5.947400
0.020160	-6.490720
0.020240	-7.577360
0.020320	-8.664000
0.020400	-8.935660
0.020480	-8.664000
0.020560	-7.034040
0.020640	-5.404080
0.020720	-4.045790
0.020800	-3.774130
0.020880	-4.860770
0.020960	-6.219060
0.021040	-8.664000
0.021120	-8.392340
0.021200	-8.392340
0.021280	-7.849020
0.021360	-6.490720
0.021440	-5.132430
0.021520	-3.230810
0.021600	-1.329190
0.021680	-1.057530
0.021760	-2.687490
0.021840	-5.132430
0.021920	-8.120680
0.022000	-10.293900
0.022080	-10.293900
0.022160	-10.293900
0.022240	-9.478980
0.022320	-8.935660
0.022400	-6.762380
0.022480	-4.860770
0.022560	-1.872510
0.022640	-1.872510
0.022720	-3.230810
0.022800	-6.219060
0.022880	-9.478980
0.022960	-10.837200
0.023040	-12.738900
0.023120	-13.010500
0.023200	-11.923900
0.023280	-7.849020
0.023360	-3.230810
0.023440	2.202390
0.023520	4.104010
0.023600	4.375670
0.023680	0.844090
0.023760	-2.687490
0.023840	-6.762380
0.023920	-9.478980
0.024000	-10.022300
0.024080	-9.750640
0.024160	-8.392340
0.024240	-8.392340
0.024320	-8.392340
0.024400	-8.120680
0.024480	-5.675740
0.024560	-2.415830
0.024640	0.300770
0.024720	1.387410
0.024800	-0.514209
0.024880	-3.230810
0.024960	-4.589110
0.025040	-5.404080
0.025120	-5.404080
0.025200	-5.132430
0.025280	-5.132430
0.025360	-5.675740
0.025440	-6.762380
0.025520	-7.305700
0.025600	-7.577360
0.025680	-7.849020
0.025760	-7.034040
0.025840	-6.219060
0.025920	-6.219060
0.026000	-5.947400
0.026080	-6.490720
0.026160	-6.762380
0.026240	-6.490720
0.026320	-5.947400
0.026400	-5.947400
0.026480	-5.947400
0.026560	-5.675740
0.026640	-5.947400
0.026720	-5.404080
0.026800	-5.404080
0.026880	-6.490720
0.026960	-8.392340
0.027040	-10.293900
0.027120	-11.652200
0.027200	-10.837200
0.027280	-7.577360
0.027360	-3.502470
0.027440	-2.144170
0.027520	-4.589110
0.027600	-9.750640
0.027680	-13.825500
0.027760	-13.282200
0.027840	-8.392340
0.027920	-2.687490
0.028000	-1.057530
0.028080	-3.230810
0.028160	-7.034040
0.028240	-8.935660
0.028320	-7.577360
0.028400	-5.675740
0.028480	-5.947400
0.028560	-7.849020
0.028640	-10.293900
0.028720	-10.293900
0.028800	-7.849020
0.028880	-6.490720
0.028960	-7.034040
0.029040	-9.750640
0.029120	-11.923900
0.029200	-11.652200
0.029280	-9.207320
0.029360	-6.219060
0.029440	-4.045790
0.029520	-4.045790
0.029600	-4.317450
0.029680	-4.317450
0.029760	-3.774130
0.029840	-4.045790
0.029920	-5.675740
0.030000	-8.392340
0.030080	-9.750640
0.030160	-9.207320
0.030240	-7.577360
0.030320	-6.219060
0.030400	-5.947400
0.030480	-5.675740
0.030560	-6.219060
0.030640	-4.317450
0.030720	-4.045790
0.030800	-4.589110
0.030880	-5.132430
0.030960	-4.317450
0.031040	-3.230810
0.031120	-1.329190
0.031200	-1.600850
0.031280	-3.230810
0.031360	-5.132430
0.031440	-4.317450
0.031520	-1.872510
0.031600	1.115750
0.031680	2.745710
0.031760	1.387410
0.031840	-1.872510
0.031920	-4.317450
0.032000	-3.230810
0.032080	0.572430
0.032160	3.289030
0.032240	1.659070
0.032320	-3.230810
0.032400	-7.577360
0.032480	-7.577360
0.032560	-3.774130
0.032640	1.387410
0.032720	2.202390
0.032800	0.029111
0.032880	-1.329190
0.032960	-0.242549
0.033040	3.017370
0.033120	4.375670
0.033200	3.017370
0.033280	-1.329190
0.033360	-5.947400
0.033440	-7.034040
0.033520	-4.317450
0.033600	-0.514209
0.033680	1.387410
0.033760	1.387410
0.033840	-0.785869
0.033920	-0.242549
0.034000	1.930730
0.034080	3.832350
0.034160	3.017370
0.034240	-0.242549
0.034320	-4.589110
0.034400	-7.034040
0.034480	-6.490720
0.034560	-4.045790
0.034640	-1.600850
0.034720	-2.415830
0.034800	-4.589110
0.034880	-7.034040
0.034960	-5.947400
0.035040	-3.502470
0.035120	0.300770
0.035200	1.930730
0.035280	0.300770
0.035360	-3.774130
0.035440	-7.849020
0.035520	-9.478980
0.035600	-7.849020
0.035680	-5.675740
0.035760	-4.589110
0.035840	-5.675740
0.035920	-6.219060
0.036000	-4.589110
0.036080	-1.329190
0.036160	1.930730
0.036240	0.572430
0.036320	-3.774130
0.036400	-8.935660
0.036480	-10.565600
0.036560	-8.392340
0.036640	-4.589110
0.036720	-3.230810
0.036800	-4.860770
0.036880	-7.034040
0.036960	-7.305700
0.037040	-6.490720
0.037120	-5.675740
0.037200	-5.132430
0.037280	-4.317450
0.037360	-4.045790
0.037440	-4.045790
0.037520	-5.132430
0.037600	-6.762380
0.037680	-7.577360
0.037760	-5.675740
0.037840	-1.600850
0.037920	2.745710
0.038000	5.190650
0.038080	4.647330
0.038160	2.474050
0.038240	1.659070
0.038320	3.560690
0.038400	5.462310
0.038480	5.190650
0.038560	3.832350
0.038640	2.202390
0.038720	1.659070
0.038800	3.560690
0.038880	7.907240
0.038960	12.525400
0.039040	15.242000
0.039120	15.242000
0.039200	11.710400
0.039280	8.178900
0.039360	7.092260
0.039440	8.450560
0.039520	11.438800
0.039600	11.438800
0.039680	9.537200
0.039760	5.733970
0.039840	4.104010
0.039920	4.375670
0.040000	5.733970
0.040080	6.820600
0.040160	7.092260
0.040240	6.548940
0.040320	7.363920
0.040400	8.450560
0.040480	10.080500
0.040560	11.167100
0.040640	10.895500
0.040720	10.080500
0.040800	7.635580
0.040880	4.647330
0.040960	3.017370
0.041040	3.017370
0.041120	3.289030
0.041200	5.190650
0.041280	8.178900
0.041360	10.080500
0.041440	11.438800
0.041520	11.167100
0.041600	11.438800
0.041680	11.167100
0.041760	12.253800
0.041840	14.427000
0.041920	16.600401
0.042000	17.143700
0.042080	17.143700
0.042160	16.056999
0.042240	14.970400
0.042320	13.612100
0.042400	11.982100
0.042480	9.537200
0.042560	7.635580
0.042640	7.363920
0.042720	8.993880
0.042800	11.438800
0.042880	11.982100
0.042960	12.525400
0.043040	11.167100
0.043120	10.352100
0.043200	10.080500
0.043280	10.895500
0.043360	13.068700
0.043440	14.970400
0.043520	15.242000
0.043600	13.883700
0.043680	11.438800
0.043760	10.080500
0.043840	10.895500
0.043920	13.340400
0.044000	14.970400
0.044080	15.242000
0.044160	13.068700
0.044240	12.253800
0.044320	13.612100
0.044400	14.970400
0.044480	16.872000
0.044560	16.600401
0.044640	13.883700
0.044720	11.438800
0.044800	11.438800
0.044880	13.883700
0.044960	16.872000
0.045040	18.230301
0.045120	15.513700
0.045200	12.253800
0.045280	10.080500
0.045360	10.623800
0.045440	13.068700
0.045520	15.242000
0.045600	14.427000
0.045680	11.438800
0.045760	7.907240
0.045840	7.363920
0.045920	9.537200
0.046000	13.883700
0.046080	16.872000
0.046160	17.687000
0.046240	16.328699
0.046320	14.698700
0.046400	13.883700
0.046480	13.340400
0.046560	13.068700
0.046640	13.340400
0.046720	16.056999
0.046800	17.958700
0.046880	16.328699
0.046960	9.537200
0.047040	4.647330
0.047120	1.387410
0.047200	3.560690
0.047280	6.005630
0.047360	6.277280
0.047440	4.104010
0.047520	1.387410
0.047600	2.474050
0.047680	8.178900
0.047760	13.612100
0.047840	13.340400
0.047920	7.092260
0.048000	0.844090
0.048080	-2.415830
0.048160	-3.230810
0.048240	-2.144170
0.048320	-3.774130
0.048400	-4.860770
0.048480	-5.404080
0.048560	-3.502470
0.048640	-1.600850
0.048720	0.300770
0.048800	2.474050
0.048880	3.289030
0.048960	3.832350
0.049040	4.104010
0.049120	3.560690
0.049200	3.560690
0.049280	4.104010
0.049360	4.647330
0.049440	5.190650
0.049520	3.017370
0.049600	0.029111
0.049680	-3.230810
0.049760	-2.959150
0.049840	0.300770
0.049920	6.820600
0.050000	12.525400
0.050080	16.872000
0.050160	18.502001
0.050240	18.502001
0.050320	18.502001
0.050400	18.230301
0.050480	16.872000
0.050560	14.155400
0.050640	11.982100
0.050720	10.352100
0.050800	8.993880
0.050880	8.722220
0.050960	7.907240
0.051040	6.277280
0.051120	7.907240
0.051200	10.895500
0.051280	14.698700
0.051360	17.143700
0.051440	16.056999
0.051520	13.340400
0.051600	12.797100
0.051680	14.698700
0.051760	16.872000
0.051840	18.773600
0.051920	18.773600
0.052000	17.687000
0.052080	16.872000
0.052160	17.958700
0.052240	20.675301
0.052320	23.663500
0.052400	25.565100
0.052480	24.478500
0.052560	21.761900
0.052640	19.588600
0.052720	18.230301
0.052800	19.316999
0.052880	20.675301
0.052960	22.033501
0.053040	22.848499
0.053120	22.848499
0.053200	22.848499
0.053280	22.305201
0.053360	22.305201
0.053440	23.120199
0.053520	25.021799
0.053600	26.923401
0.053680	26.923401
0.053760	25.565100
0.053840	23.663500
0.053920	22.033501
0.054000	22.305201
0.054080	23.120199
0.054160	24.206800
0.054240	23.935200
0.054320	23.663500
0.054400	24.206800
0.054480	24.478500
0.054560	25.565100
0.054640	26.108400
0.054720	26.380100
0.054800	26.380100
0.054880	25.836800
0.054960	25.293501
0.055040	23.935200
0.055120	22.305201
0.055200	20.403601
0.055280	19.316999
0.055360	18.773600
0.055440	18.502001
0.055520	19.045300
0.055600	20.131901
0.055680	22.576900
0.055760	25.293501
0.055840	27.738400
0.055920	28.553400
0.056000	27.738400
0.056080	26.380100
0.056160	25.836800
0.056240	25.565100
0.056320	24.478500
0.056400	23.935200
0.056480	23.120199
0.056560	22.576900
0.056640	21.761900
0.056720	22.576900
0.056800	23.935200
0.056880	25.836800
0.056960	27.195101
0.057040	28.553400
0.057120	28.553400
0.057200	28.010099
0.057280	27.466700
0.057360	26.380100
0.057440	26.651800
0.057520	26.380100
0.057600	26.380100
0.057680	27.738400
0.057760	28.553400
0.057840	30.998301
0.057920	33.171600
0.058000	33.714901
0.058080	33.986599
0.058160	33.443298
0.058240	33.986599
0.058320	35.616501
0.058400	38.061501
0.058480	39.963100
0.058560	41.049702
0.058640	40.778099
0.058720	41.321400
0.058800	41.864700
0.058880	43.223000
0.058960	44.309700
0.059040	44.037998
0.059120	43.223000
0.059200	42.136398
0.059280	41.593102
0.059360	42.679699
0.059440	44.309700
0.059520	47.026199
0.059600	48.384499
0.059680	48.927898
0.059760	50.014500
0.059840	51.101101
0.059920	53.002800
0.060000	53.817699
0.060080	53.274399
0.060160	52.187801
0.060240	52.731098
0.060320	54.904400
0.060400	58.164299
0.060480	61.695900
0.060560	62.782501
0.060640	62.782501
0.060720	62.239201
0.060800	62.782501
0.060880	64.140800
0.060960	66.857399
0.061040	69.845703
0.061120	72.833900
0.061200	75.278900
0.061280	77.995499
0.061360	79.897102
0.061440	80.440399
0.061520	80.440399
0.061600	80.712097
0.061680	81.255402
0.061760	82.342003
0.061840	84.243599
0.061920	86.960197
0.062000	89.133499
0.062080	91.306801
0.062160	92.936699
0.062240	95.110001
0.062320	97.283302
0.062400	99.456596
0.062480	101.085999
0.062560	102.172997
0.062640	101.901001
0.062720	101.628998
0.062800	100.814003
0.062880	100.814003
0.062960	100.814003
0.063040	101.901001
0.063120	102.716003
0.063200	103.530998
0.063280	103.530998
0.063360	104.073997
0.063440	104.346001
0.063520	105.432999
0.063600	109.236000
0.063680	111.952003
0.063760	112.496002
0.063840	111.952003
0.063920	112.496002
0.064000	113.039001
0.064080	112.766998
0.064160	112.223999
0.064240	110.865997
0.064320	109.508003
0.064400	109.778999
0.064480	110.594002
0.064560	111.952003
0.064640	112.496002
0.064720	111.408997
0.064800	109.236000
0.064880	107.063004
0.064960	104.617996
0.065040	102.716003
0.065120	100.814003
0.065200	99.456596
0.065280	99.728203
0.065360	100.542999
0.065440	101.901001
0.065520	102.716003
0.065600	102.444000
0.065680	100.814003
0.065760	98.913300
0.065840	97.555000
0.065920	97.011597
0.066000	95.653297
0.066080	93.751701
0.066160	93.208397
0.066240	92.936699
0.066320	94.023399
0.066400	94.023399
0.066480	92.121803
0.066560	89.948502
0.066640	88.046898
0.066720	87.775200
0.066800	88.318497
0.066880	89.405197
0.066960	89.948502
0.067040	89.676804
0.067120	88.590202
0.067200	87.503601
0.067280	87.503601
0.067360	88.046898
0.067440	88.318497
0.067520	88.318497
0.067600	88.046898
0.067680	86.688599
0.067760	85.873596
0.067840	84.787003
0.067920	83.700302
0.068000	83.700302
0.068080	83.428703
0.068160	83.156998
0.068240	82.885300
0.068320	80.983704
0.068400	79.082100
0.068480	77.995499
0.068560	77.452103
0.068640	77.452103
0.068720	77.180496
0.068800	76.093803
0.068880	75.278900
0.068960	74.192200
0.069040	72.833900
0.069120	70.389000
0.069200	66.857399
0.069280	63.054199
0.069360	59.522598
0.069440	57.892601
0.069520	58.707600
0.069600	61.152599
0.069680	63.325802
0.069760	64.412498
0.069840	64.412498
0.069920	63.054199
0.070000	61.967499
0.070080	59.794300
0.070160	57.892601
0.070240	55.447701
0.070320	54.089401
0.070400	54.089401
0.070480	54.632702
0.070560	54.904400
0.070640	54.632702
0.070720	53.546101
0.070800	51.644501
0.070880	50.014500
0.070960	48.656200
0.071040	48.656200
0.071120	48.112900
0.071200	46.482899
0.071280	43.223000
0.071360	39.691399
0.071440	36.159901
0.071520	32.628300
0.071600	30.726700
0.071680	29.639999
0.071760	28.825001
0.071840	28.825001
0.071920	28.010099
0.072000	28.281700
0.072080	28.281700
0.072160	27.466700
0.072240	25.021799
0.072320	20.946899
0.072400	17.958700
0.072480	16.056999
0.072560	16.328699
0.072640	17.415300
0.072720	17.687000
0.072800	17.958700
0.072880	17.958700
0.072960	18.502001
0.073040	17.687000
0.073120	16.328699
0.073200	12.797100
0.073280	9.808860
0.073360	7.092260
0.073440	4.647330
0.073520	2.474050
0.073600	0.572430
0.073680	-0.242549
0.073760	-0.514209
0.073840	0.844090
0.073920	1.930730
0.074000	3.289030
0.074080	4.375670
0.074160	4.375670
0.074240	4.375670
0.074320	4.647330
0.074400	5.190650
0.074480	5.462310
0.074560	3.832350
0.074640	1.115750
0.074720	-3.774130
0.074800	-7.577360
0.074880	-11.923900
0.074960	-14.097200
0.075040	-14.640500
0.075120	-13.282200
0.075200	-11.380600
0.075280	-9.750640
0.075360	-8.935660
0.075440	-7.849020
0.075520	-7.849020
0.075600	-7.849020
0.075680	-9.207320
0.075760	-10.565600
0.075840	-11.652200
0.075920	-12.738900
0.076000	-14.640500
0.076080	-17.085501
0.076160	-19.530399
0.076240	-21.703699
0.076320	-22.247000
0.076400	-21.160400
0.076480	-19.802099
0.076560	-16.813801
0.076640	-14.368800
0.076720	-10.022300
0.076800	-6.490720
0.076880	-2.687490
0.076960	-0.242549
0.077040	0.300770
0.077120	0.844090
0.077200	1.659070
0.077280	2.474050
0.077360	2.474050
0.077440	0.572430
0.077520	-1.872510
0.077600	-4.317450
0.077680	-5.947400
0.077760	-6.490720
0.077840	-6.219060
0.077920	-6.219060
0.078000	-5.675740
0.078080	-4.317450
0.078160	-2.687490
0.078240	-0.242549
0.078320	1.930730
0.078400	3.832350
0.078480	4.918990
0.078560	6.005630
0.078640	7.092260
0.078720	7.907240
0.078800	7.635580
0.078880	7.363920
0.078960	6.820600
0.079040	6.548940
0.079120	7.363920
0.079200	8.178900
0.079280	9.808860
0.079360	10.352100
0.079440	10.080500
0.079520	9.537200
0.079600	10.352100
0.079680	11.438800
0.079760	12.797100
0.079840	13.340400
0.079920	13.068700
0.080000	12.797100
0.080080	12.525400
0.080160	12.253800
0.080240	11.438800
0.080320	11.710400
0.080400	11.982100
0.080480	13.883700
0.080560	15.785300
0.080640	17.687000
0.080720	19.316999
0.080800	19.860300
0.080880	20.403601
0.080960	20.403601
0.081040	20.403601
0.081120	21.218599
0.081200	22.576900
0.081280	23.663500
0.081360	23.935200
0.081440	24.478500
0.081520	24.206800
0.081600	23.935200
0.081680	24.206800
0.081760	24.478500
0.081840	25.293501
0.081920	27.195101
0.082000	28.553400
0.082080	29.911699
0.082160	32.628300
0.082240	36.159901
0.082320	41.593102
0.082400	46.482899
0.082480	49.471199
0.082560	48.112900
0.082640	46.482899
0.082720	45.396301
0.082800	46.482899
0.082880	50.286201
0.082960	56.534302
0.083040	60.337601
0.083120	58.164299
0.083200	51.644501
0.083280	44.853001
0.083360	41.049702
0.083440	41.864700
0.083520	42.408001
0.083600	42.951401
0.083680	42.408001
0.083760	43.494701
0.083840	44.853001
0.083920	45.939602
0.084000	45.396301
0.084080	45.667900
0.084160	44.037998
0.084240	45.124599
0.084320	45.124599
0.084400	46.754601
0.084480	48.112900
0.084560	49.471199
0.084640	50.829498
0.084720	50.829498
0.084800	50.829498
0.084880	49.471199
0.084960	47.569599
0.085040	47.297901
0.085120	46.482899
0.085200	47.569599
0.085280	48.384499
0.085360	47.297901
0.085440	45.396301
0.085520	42.679699
0.085600	42.136398
0.085680	43.223000
0.085760	45.124599
0.085840	46.211300
0.085920	46.754601
0.086000	47.026199
0.086080	45.667900
0.086160	38.876499
0.086240	23.120199
0.086320	3.017370
0.086400	-10.565600
0.086480	-9.478980
0.086560	6.277280
0.086640	27.738400
0.086720	44.309700
0.086800	53.002800
0.086880	54.089401
0.086960	55.719398
0.087040	57.620998
0.087120	58.436001
0.087200	57.077702
0.087280	52.731098
0.087360	46.482899
0.087440	41.864700
0.087520	37.789799
0.087600	36.974800
0.087680	38.333099
0.087760	40.778099
0.087840	42.951401
0.087920	44.309700
0.088000	44.037998
0.088080	44.309700
0.088160	45.396301
0.088240	46.482899
0.088320	47.026199
0.088400	47.026199
0.088480	47.297901
0.088560	45.939602
0.088640	45.939602
0.088720	45.124599
0.088800	44.853001
0.088880	43.494701
0.088960	43.223000
0.089040	43.494701
0.089120	44.037998
0.089200	44.309700
0.089280	44.309700
0.089360	44.581299
0.089440	44.853001
0.089520	46.754601
0.089600	48.112900
0.089680	50.286201
0.089760	51.372799
0.089840	51.916100
0.089920	50.014500
0.090000	47.569599
0.090080	44.853001
0.090160	41.864700
0.090240	41.593102
0.090320	42.679699
0.090400	44.037998
0.090480	45.396301
0.090560	46.482899
0.090640	46.482899
0.090720	44.853001
0.090800	41.864700
0.090880	39.691399
0.090960	38.061501
0.091040	38.876499
0.091120	39.963100
0.091200	40.778099
0.091280	40.778099
0.091360	40.778099
0.091440	40.778099
0.091520	42.136398
0.091600	44.037998
0.091680	45.124599
0.091760	44.309700
0.091840	43.223000
0.091920	42.408001
0.092000	42.136398
0.092080	42.679699
0.092160	43.494701
0.092240	44.309700
0.092320	44.853001
0.092400	45.667900
0.092480	46.211300
0.092560	47.569599
0.092640	48.384499
0.092720	49.471199
0.092800	49.471199
0.092880	50.014500
0.092960	50.014500
0.093040	51.101101
0.093120	51.644501
0.093200	51.372799
0.093280	50.829498
0.093360	50.557800
0.093440	50.557800
0.093520	51.644501
0.093600	52.187801
0.093680	53.002800
0.093760	53.546101
0.093840	54.089401
0.093920	54.361099
0.094000	54.632702
0.094080	53.274399
0.094160	51.916100
0.094240	51.101101
0.094320	53.274399
0.094400	54.904400
0.094480	56.534302
0.094560	55.991001
0.094640	53.546101
0.094720	50.557800
0.094800	49.742802
0.094880	48.656200
0.094960	48.656200
0.095040	47.569599
0.095120	46.211300
0.095200	45.396301
0.095280	47.026199
0.095360	48.656200
0.095440	50.557800
0.095520	51.101101
0.095600	51.644501
0.095680	50.557800
0.095760	50.557800
0.095840	50.829498
0.095920	48.927898
0.096000	48.112900
0.096080	47.569599
0.096160	48.384499
0.096240	49.199501
0.096320	50.014500
0.096400	49.742802
0.096480	50.286201
0.096560	51.101101
0.096640	52.459400
0.096720	52.459400
0.096800	51.644501
0.096880	51.101101
0.096960	50.014500
0.097040	50.286201
0.097120	50.829498
0.097200	51.644501
0.097280	52.459400
0.097360	53.546101
0.097440	53.817699
0.097520	53.546101
0.097600	54.089401
0.097680	54.361099
0.097760	51.916100
0.097840	51.101101
0.097920	51.372799
0.098000	51.101101
0.098080	49.742802
0.098160	49.471199
0.098240	47.569599
0.098320	47.569599
0.098400	47.297901
0.098480	48.112900
0.098560	48.927898
0.098640	48.927898
0.098720	48.112900
0.098800	47.569599
0.098880	50.014500
0.098960	53.274399
0.099040	54.904400
0.099120	55.447701
0.099200	54.089401
0.099280	52.731098
0.099360	51.372799
0.099440	48.927898
0.099520	47.026199
0.099600	45.124599
0.099680	45.124599
0.099760	46.754601
0.099840	48.112900
0.099920	49.471199
0.100000	48.112900
0.100080	47.026199
0.100160	45.939602
0.100240	46.211300
0.100320	47.297901
0.100400	48.384499
0.100480	48.927898
0.100560	48.927898
0.100640	48.927898
0.100720	48.927898
0.100800	47.841202
0.100880	46.482899
0.100960	46.211300
0.101040	46.211300
0.101120	47.026199
0.101200	47.297901
0.101280	48.384499
0.101360	48.656200
0.101440	48.384499
0.101520	48.927898
0.101600	49.471199
0.101680	48.384499
0.101760	47.569599
0.101840	47.841202
0.101920	48.384499
0.102000	48.927898
0.102080	49.742802
0.102160	50.557800
0.102240	50.829498
0.102320	51.372799
0.102400	50.557800
0.102480	50.014500
0.102560	50.014500
0.102640	50.014500
0.102720	50.286201
0.102800	51.372799
0.102880	51.916100
0.102960	51.916100
0.103040	50.286201
0.103120	48.112900
0.103200	47.026199
0.103280	47.297901
0.103360	48.927898
0.103440	51.372799
0.103520	52.731098
0.103600	53.002800
0.103680	51.916100
0.103760	50.829498
0.103840	49.742802
0.103920	49.742802
0.104000	49.742802
0.104080	50.014500
0.104160	51.372799
0.104240	51.644501
0.104320	52.731098
0.104400	53.274399
0.104480	54.089401
0.104560	54.904400
0.104640	54.632702
0.104720	53.817699
0.104800	51.916100
0.104880	51.101101
0.104960	50.829498
0.105040	51.372799
0.105120	51.372799
0.105200	51.101101
0.105280	50.286201
0.105360	49.471199
0.105440	47.841202
0.105520	46.754601
0.105600	44.853001
0.105680	43.494701
0.105760	42.679699
0.105840	42.679699
0.105920	44.037998
0.106000	44.853001
0.106080	43.766300
0.106160	41.864700
0.106240	39.691399
0.106320	38.333099
0.106400	38.604801
0.106480	38.333099
0.106560	38.061501
0.106640	37.518200
0.106720	37.789799
0.106800	37.518200
0.106880	37.246498
0.106960	35.616501
0.107040	33.171600
0.107120	31.270000
0.107200	30.183300
0.107280	29.911699
0.107360	29.639999
0.107440	29.096701
0.107520	28.281700
0.107600	27.195101
0.107680	25.836800
0.107760	24.478500
0.107840	24.750099
0.107920	24.478500
0.108000	24.206800
0.108080	23.935200
0.108160	23.663500
0.108240	22.848499
0.108320	22.305201
0.108400	21.490200
0.108480	20.946899
0.108560	19.316999
0.108640	18.502001
0.108720	18.230301
0.108800	18.502001
0.108880	18.230301
0.108960	17.415300
0.109040	16.328699
0.109120	14.970400
0.109200	14.155400
0.109280	12.525400
0.109360	12.253800
0.109440	11.438800
0.109520	11.438800
0.109600	11.982100
0.109680	12.253800
0.109760	12.525400
0.109840	12.253800
0.109920	11.982100
0.110000	10.895500
0.110080	9.808860
0.110160	8.722220
0.110240	7.635580
0.110320	6.277280
0.110400	5.733970
0.110480	5.462310
0.110560	6.005630
0.110640	5.733970
0.110720	6.548940
0.110800	6.277280
0.110880	6.548940
0.110960	5.462310
0.111040	3.560690
0.111120	2.745710
0.111200	1.115750
0.111280	0.300770
0.111360	-0.242549
0.111440	-1.057530
0.111520	-2.415830
0.111600	-3.230810
0.111680	-4.317450
0.111760	-4.860770
0.111840	-3.774130
0.111920	-3.502470
0.112000	-2.687490
0.112080	-2.144170
0.112160	-1.872510
0.112240	-2.144170
0.112320	-3.230810
0.112400	-3.502470
0.112480	-4.589110
0.112560	-5.132430
0.112640	-5.404080
0.112720	-5.132430
0.112800	-5.132430
0.112880	-4.589110
0.112960	-3.774130
0.113040	-3.230810
0.113120	-3.502470
0.113200	-4.045790
0.113280	-4.589110
0.113360	-3.502470
0.113440	-3.774130
0.113520	-4.317450
0.113600	-4.045790
0.113680	-3.502470
0.113760	-4.589110
0.113840	-4.045790
0.113920	-3.774130
0.114000	-3.774130
0.114080	-4.317450
0.114160	-3.774130
0.114240	-4.045790
0.114320	-4.589110
0.114400	-5.132430
0.114480	-5.947400
0.114560	-5.404080
0.114640	-4.589110
0.114720	-3.230810
0.114800	-3.230810
0.114880	-3.774130
0.114960	-4.860770
0.115040	-5.675740
0.115120	-5.675740
0.115200	-5.404080
0.115280	-4.589110
0.115360	-4.317450
0.115440	-4.317450
0.115520	-4.317450
0.115600	-4.045790
0.115680	-3.230810
0.115760	-2.687490
0.115840	-2.687490
0.115920	-3.502470
0.116000	-3.774130
0.116080	-4.045790
0.116160	-2.687490
0.116240	-1.872510
0.116320	-0.785869
0.116400	-1.057530
0.116480	-0.785869
0.116560	-1.057530
0.116640	-1.600850
0.116720	-1.057530
0.116800	-1.057530
0.116880	0.300770
0.116960	0.572430
0.117040	0.572430
0.117120	0.300770
0.117200	0.029111
0.117280	0.300770
0.117360	0.300770
0.117440	0.300770
0.117520	1.115750
0.117600	1.115750
0.117680	1.930730
0.117760	3.017370
0.117840	3.017370
0.117920	3.832350
0.118000	3.560690
0.118080	3.560690
0.118160	3.289030
0.118240	3.560690
0.118320	4.375670
0.118400	4.375670
0.118480	4.918990
0.118560	4.918990
0.118640	5.190650
0.118720	5.462310
0.118800	5.733970
0.118880	6.005630
0.118960	6.548940
0.119040	6.548940
0.119120	6.820600
0.119200	7.363920
0.119280	6.820600
0.119360	7.092260
0.119440	7.907240
0.119520	9.537200
0.119600	10.080500
0.119680	11.438800
0.119760	12.525400
0.119840	11.982100
0.119920	12.253800
0.120000	12.253800
0.120080	12.797100
0.120160	13.340400
0.120240	14.427000
0.120320	14.698700
0.120400	15.242000
0.120480	14.970400
0.120560	15.785300
0.120640	16.056999
0.120720	17.143700
0.120800	17.415300
0.120880	17.143700
0.120960	17.415300
0.121040	18.230301
0.121120	18.773600
0.121200	19.316999
0.121280	20.131901
0.121360	20.403601
0.121440	20.403601
0.121520	20.675301
0.121600	21.218599
0.121680	21.218599
0.121760	22.033501
0.121840	22.576900
0.121920	23.120199
0.122000	23.663500
0.122080	23.120199
0.122160	23.120199
0.122240	22.848499
0.122320	21.761900
0.122400	22.576900
0.122480	22.848499
0.122560	23.120199
0.122640	23.935200
0.122720	24.478500
0.122800	25.293501
0.122880	24.750099
0.122960	25.293501
0.123040	25.293501
0.123120	26.651800
0.123200	27.738400
0.123280	28.825001
0.123360	28.825001
0.123440	28.553400
0.123520	27.466700
0.123600	25.836800
0.123680	25.293501
0.123760	25.293501
0.123840	26.108400
0.123920	27.466700
0.124000	28.281700
0.124080	28.553400
0.124160	27.738400
0.124240	27.195101
0.124320	26.108400
0.124400	25.565100
0.124480	25.293501
0.124560	25.836800
0.124640	26.380100
0.124720	26.651800
0.124800	26.923401
0.124880	27.195101
0.124960	27.195101
0.125040	27.466700
0.125120	27.466700
0.125200	27.466700
0.125280	27.738400
0.125360	28.553400
0.125440	29.096701
0.125520	30.455000
0.125600	30.455000
0.125680	30.726700
0.125760	30.455000
0.125840	30.183300
0.125920	30.726700
0.126000	30.726700
0.126080	30.726700
0.126160	30.998301
0.126240	30.998301
0.126320	30.726700
0.126400	30.726700
0.126480	30.998301
0.126560	31.270000
0.126640	31.541599
0.126720	31.813299
0.126800	31.541599
0.126880	30.998301
0.126960	30.998301
0.127040	31.541599
0.127120	31.813299
0.127200	32.628300
0.127280	33.714901
0.127360	33.443298
0.127440	33.986599
0.127520	33.986599
0.127600	33.986599
0.127680	33.986599
0.127760	34.258202
0.127840	34.258202
0.127920	34.529900
0.128000	34.801601
0.128080	34.801601
0.128160	33.986599
0.128240	34.529900
0.128320	33.714901
0.128400	33.986599
0.128480	33.986599
0.128560	33.986599
0.128640	33.443298
0.128720	33.171600
0.128800	33.171600
0.128880	33.986599
0.128960	34.258202
0.129040	34.529900
0.129120	34.258202
0.129200	34.258202
0.129280	34.258202
0.129360	33.714901
0.129440	34.801601
0.129520	34.801601
0.129600	34.258202
0.129680	35.073200
0.129760	35.616501
0.129840	35.344898
0.129920	34.801601
0.130000	34.258202
0.130080	34.258202
0.130160	35.073200
0.130240	34.529900
0.130320	34.529900
0.130400	34.529900
0.130480	35.344898
0.130560	35.073200
0.130640	35.073200
0.130720	35.344898
0.130800	35.888199
0.130880	35.888199
0.130960	35.073200
0.131040	34.801601
0.131120	35.344898
0.131200	35.616501
0.131280	35.344898
0.131360	33.986599
0.131440	32.084999
0.131520	30.183300
0.131600	29.368401
0.131680	30.183300
0.131760	30.998301
0.131840	31.270000
0.131920	33.443298
0.132000	35.344898
0.132080	36.159901
0.132160	35.073200
0.132240	32.356602
0.132320	30.183300
0.132400	29.911699
0.132480	31.541599
0.132560	34.258202
0.132640	34.801601
0.132720	34.801601
0.132800	33.986599
0.132880	34.529900
0.132960	35.888199
0.133040	36.703201
0.133120	36.431499
0.133200	35.344898
0.133280	34.529900
0.133360	33.986599
0.133440	34.258202
0.133520	35.073200
0.133600	34.801601
0.133680	35.073200
0.133760	34.529900
0.133840	34.529900
0.133920	33.714901
0.134000	33.171600
0.134080	32.356602
0.134160	31.270000
0.134240	30.998301
0.134320	31.541599
0.134400	33.171600
0.134480	33.714901
0.134560	33.986599
0.134640	34.529900
0.134720	34.258202
0.134800	33.986599
0.134880	33.986599
0.134960	34.258202
0.135040	34.258202
0.135120	33.986599
0.135200	33.443298
0.135280	32.084999
0.135360	31.270000
0.135440	31.270000
0.135520	30.726700
0.135600	31.270000
0.135680	32.084999
0.135760	33.714901
0.135840	34.529900
0.135920	35.888199
0.136000	36.431499
0.136080	36.431499
0.136160	35.888199
0.136240	35.344898
0.136320	35.344898
0.136400	35.073200
0.136480	35.344898
0.136560	35.616501
0.136640	35.888199
0.136720	36.159901
0.136800	36.159901
0.136880	35.888199
0.136960	36.431499
0.137040	36.974800
0.137120	37.789799
0.137200	38.061501
0.137280	38.333099
0.137360	37.518200
0.137440	36.431499
0.137520	36.159901
0.137600	35.616501
0.137680	35.344898
0.137760	35.073200
0.137840	35.073200
0.137920	33.986599
0.138000	34.258202
0.138080	34.529900
0.138160	34.258202
0.138240	34.529900
0.138320	33.986599
0.138400	33.986599
0.138480	35.073200
0.138560	35.888199
0.138640	35.616501
0.138720	35.888199
0.138800	35.616501
0.138880	35.073200
0.138960	34.801601
0.139040	34.801601
0.139120	34.529900
0.139200	34.801601
0.139280	35.344898
0.139360	36.159901
0.139440	36.431499
0.139520	36.703201
0.139600	36.974800
0.139680	36.431499
0.139760	36.431499
0.139840	36.159901
0.139920	36.431499
0.140000	36.974800
0.140080	37.246498
0.140160	38.333099
0.140240	38.333099
0.140320	38.876499
0.140400	37.246498
0.140480	36.431499
0.140560	35.073200
0.140640	33.714901
0.140720	33.443298
0.140800	32.899899
0.140880	33.714901
0.140960	34.529900
0.141040	35.616501
0.141120	35.888199
0.141200	36.974800
0.141280	37.246498
0.141360	36.703201
0.141440	36.159901
0.141520	36.431499
0.141600	35.616501
0.141680	34.801601
0.141760	34.801601
0.141840	35.616501
0.141920	35.616501
0.142000	36.431499
0.142080	36.703201
0.142160	37.246498
0.142240	37.518200
0.142320	38.061501
0.142400	37.518200
0.142480	37.246498
0.142560	36.974800
0.142640	36.974800
0.142720	36.974800
0.142800	36.703201
0.142880	35.616501
0.142960	35.616501
0.143040	35.888199
0.143120	36.159901
0.143200	35.888199
0.143280	36.159901
0.143360	36.431499
0.143440	36.431499
0.143520	36.974800
0.143600	37.518200
0.143680	38.061501
0.143760	38.061501
0.143840	37.246498
0.143920	37.246498
0.144000	37.518200
0.144080	37.518200
0.144160	37.518200
0.144240	38.333099
0.144320	38.604801
0.144400	39.148102
0.144480	39.148102
0.144560	39.148102
0.144640	39.148102
0.144720	38.604801
0.144800	38.876499
0.144880	39.419800
0.144960	39.148102
0.145040	38.876499
0.145120	37.789799
0.145200	37.246498
0.145280	36.703201
0.145360	36.703201
0.145440	37.246498
0.145520	37.518200
0.145600	37.789799
0.145680	38.876499
0.145760	40.234798
0.145840	40.778099
0.145920	40.778099
0.146000	39.691399
0.146080	38.876499
0.146160	38.333099
0.146240	37.789799
0.146320	37.246498
0.146400	37.246498
0.146480	36.974800
0.146560	36.431499
0.146640	36.431499
0.146720	35.888199
0.146800	36.159901
0.146880	37.246498
0.146960	37.246498
0.147040	37.518200
0.147120	36.974800
0.147200	37.789799
0.147280	37.246498
0.147360	35.616501
0.147440	35.616501
0.147520	36.703201
0.147600	36.974800
0.147680	37.246498
0.147760	36.703201
0.147840	36.703201
0.147920	36.159901
0.148000	37.246498
0.148080	38.061501
0.148160	39.148102
0.148240	40.234798
0.148320	40.778099
0.148400	40.778099
0.148480	40.506401
0.148560	40.506401
0.148640	40.234798
0.148720	39.148102
0.148800	39.148102
0.148880	38.604801
0.148960	38.604801
0.149040	38.604801
0.149120	39.419800
0.149200	39.691399
0.149280	40.234798
0.149360	40.506401
0.149440	41.049702
0.149520	41.049702
0.149600	41.049702
0.149680	40.778099
0.149760	40.506401
0.149840	40.234798
0.149920	40.506401
0.150000	41.049702
0.150080	41.321400
0.150160	41.864700
0.150240	41.864700
0.150320	42.408001
0.150400	42.951401
0.150480	42.951401
0.150560	42.951401
0.150640	42.951401
0.150720	43.223000
0.150800	43.494701
0.150880	42.951401
0.150960	42.951401
0.151040	43.223000
0.151120	43.223000
0.151200	43.223000
0.151280	43.223000
0.151360	43.223000
0.151440	42.136398
0.151520	42.408001
0.151600	42.679699
0.151680	43.494701
0.151760	44.037998
0.151840	44.309700
0.151920	44.037998
0.152000	44.037998
0.152080	43.766300
0.152160	44.037998
0.152240	43.766300
0.152320	43.494701
0.152400	42.951401
0.152480	43.223000
0.152560	42.951401
0.152640	43.494701
0.152720	43.223000
0.152800	43.494701
0.152880	43.494701
0.152960	43.494701
0.153040	43.494701
0.153120	43.766300
0.153200	43.766300
0.153280	42.951401
0.153360	42.951401
0.153440	42.679699
0.153520	42.951401
0.153600	42.951401
0.153680	42.408001
0.153760	42.679699
0.153840	42.408001
0.153920	42.679699
0.154000	41.593102
0.154080	41.593102
0.154160	40.234798
0.154240	39.148102
0.154320	38.604801
0.154400	38.333099
0.154480	38.333099
0.154560	38.604801
0.154640	38.061501
0.154720	38.333099
0.154800	38.061501
0.154880	38.604801
0.154960	39.419800
0.155040	39.963100
0.155120	40.234798
0.155200	41.049702
0.155280	41.593102
0.155360	41.321400
0.155440	41.593102
0.155520	41.321400
0.155600	42.408001
0.155680	42.679699
0.155760	42.679699
0.155840	41.593102
0.155920	41.321400
0.156000	41.321400
0.156080	41.321400
0.156160	41.321400
0.156240	42.136398
0.156320	41.864700
0.156400	42.136398
0.156480	41.321400
0.156560	41.049702
0.156640	39.963100
0.156720	39.419800
0.156800	39.419800
0.156880	39.963100
0.156960	40.506401
0.157040	40.234798
0.157120	39.963100
0.157200	39.419800
0.157280	39.691399
0.157360	39.963100
0.157440	40.234798
0.157520	40.506401
0.157600	40.778099
0.157680	40.506401
0.157760	39.963100
0.157840	40.234798
0.157920	39.691399
0.158000	39.419800
0.158080	39.419800
0.158160	39.691399
0.158240	40.234798
0.158320	41.049702
0.158400	41.321400
0.158480	41.049702
0.158560	40.506401
0.158640	39.691399
0.158720	39.419800
0.158800	38.876499
0.158880	39.691399
0.158960	40.234798
0.159040	39.963100
0.159120	39.691399
0.159200	39.148102
0.159280	38.604801
0.159360	38.333099
0.159440	37.789799
0.159520	37.518200
0.159600	37.789799
0.159680	37.789799
0.159760	39.148102
0.159840	39.963100
0.159920	40.234798
0.160000	39.691399
0.160080	39.691399
0.160160	38.604801
0.160240	38.604801
0.160320	37.789799
0.160400	37.789799
0.160480	38.061501
0.160560	38.604801
0.160640	38.876499
0.160720	38.876499
0.160800	39.148102
0.160880	38.061501
0.160960	37.246498
0.161040	36.703201
0.161120	36.431499
0.161200	36.974800
0.161280	38.061501
0.161360	38.876499
0.161440	38.876499
0.161520	39.419800
0.161600	39.148102
0.161680	38.876499
0.161760	39.419800
0.161840	38.876499
0.161920	38.876499
0.162000	39.148102
0.162080	38.333099
0.162160	38.333099
0.162240	37.518200
0.162320	37.518200
0.162400	37.246498
0.162480	37.518200
0.162560	37.789799
0.162640	38.061501
0.162720	37.789799
0.162800	37.246498
0.162880	36.974800
0.162960	36.431499
0.163040	37.246498
0.163120	37.246498
0.163200	37.789799
0.163280	38.333099
0.163360	38.333099
0.163440	38.333099
0.163520	38.061501
0.163600	38.061501
0.163680	37.518200
0.163760	36.703201
0.163840	35.616501
0.163920	35.344898
0.164000	35.073200
0.164080	35.616501
0.164160	35.344898
0.164240	35.616501
0.164320	35.344898
0.164400	36.159901
0.164480	36.159901
0.164560	36.159901
0.164640	36.159901
0.164720	36.431499
0.164800	36.431499
0.164880	36.159901
0.164960	36.159901
0.165040	36.159901
0.165120	36.431499
0.165200	37.789799
0.165280	38.061501
0.165360	37.789799
0.165440	37.518200
0.165520	36.974800
0.165600	36.431499
0.165680	35.888199
0.165760	36.431499
0.165840	36.974800
0.165920	36.703201
0.166000	36.703201
0.166080	37.246498
0.166160	37.246498
0.166240	36.703201
0.166320	36.703201
0.166400	36.431499
0.166480	36.703201
0.166560	36.159901
0.166640	36.159901
0.166720	36.159901
0.166800	36.974800
0.166880	37.246498
0.166960	37.789799
0.167040	37.789799
0.167120	37.518200
0.167200	37.246498
0.167280	36.974800
0.167360	36.431499
0.167440	36.431499
0.167520	36.703201
0.167600	36.431499
0.167680	36.431499
0.167760	36.431499
0.167840	35.616501
0.167920	35.616501
0.168000	35.073200
0.168080	33.986599
0.168160	33.986599
0.168240	34.529900
0.168320	35.073200
0.168400	35.344898
0.168480	35.616501
0.168560	35.344898
0.168640	35.344898
0.168720	35.344898
0.168800	35.073200
0.168880	35.073200
0.168960	35.344898
0.169040	35.888199
0.169120	36.159901
0.169200	36.703201
0.169280	36.703201
0.169360	36.703201
0.169440	36.431499
0.169520	36.703201
0.169600	36.974800
0.169680	37.518200
0.169760	37.789799
0.169840	37.518200
0.169920	37.246498
0.170000	37.246498
0.170080	36.703201
0.170160	36.703201
0.170240	36.703201
0.170320	37.246498
0.170400	37.789799
0.170480	37.789799
0.170560	37.518200
0.170640	36.703201
0.170720	36.431499
0.170800	35.888199
0.170880	35.888199
0.170960	35.616501
0.171040	35.616501
0.171120	35.344898
0.171200	36.431499
0.171280	36.974800
0.171360	36.431499
0.171440	35.616501
0.171520	35.073200
0.171600	34.801601
0.171680	35.073200
0.171760	34.801601
0.171840	34.801601
0.171920	34.529900
0.172000	33.714901
0.172080	33.986599
0.172160	32.899899
0.172240	32.899899
0.172320	33.443298
0.172400	33.986599
0.172480	34.258202
0.172560	34.529900
0.172640	34.258202
0.172720	33.986599
0.172800	33.171600
0.172880	33.171600
0.172960	33.443298
0.173040	33.714901
0.173120	34.258202
0.173200	34.258202
0.173280	32.899899
0.173360	33.171600
0.173440	32.899899
0.173520	33.171600
0.173600	33.171600
0.173680	33.443298
0.173760	33.443298
0.173840	33.714901
0.173920	33.443298
0.174000	33.443298
0.174080	33.714901
0.174160	33.171600
0.174240	32.899899
0.174320	33.171600
0.174400	33.986599
0.174480	35.073200
0.174560	36.159901
0.174640	36.703201
0.174720	36.159901
0.174800	35.616501
0.174880	34.801601
0.174960	33.986599
0.175040	33.714901
0.175120	34.258202
0.175200	34.529900
0.175280	34.529900
0.175360	34.529900
0.175440	34.529900
0.175520	33.986599
0.175600	33.443298
0.175680	33.443298
0.175760	33.171600
0.175840	33.443298
0.175920	33.714901
0.176000	34.258202
0.176080	34.801601
0.176160	34.258202
0.176240	34.258202
0.176320	33.714901
0.176400	32.899899
0.176480	33.443298
0.176560	33.443298
0.176640	33.714901
0.176720	33.714901
0.176800	33.443298
0.176880	33.171600
0.176960	33.171600
0.177040	33.443298
0.177120	34.529900
0.177200	34.801601
0.177280	35.888199
0.177360	34.801601
0.177440	32.628300
0.177520	30.998301
0.177600	30.183300
0.177680	30.726700
0.177760	31.813299
0.177840	32.356602
0.177920	32.084999
0.178000	31.813299
0.178080	31.270000
0.178160	31.270000
0.178240	31.541599
0.178320	31.541599
0.178400	32.084999
0.178480	31.541599
0.178560	31.541599
0.178640	30.726700
0.178720	29.639999
0.178800	29.368401
0.178880	29.368401
0.178960	29.639999
0.179040	29.911699
0.179120	30.455000
0.179200	30.183300
0.179280	30.455000
0.179360	30.183300
0.179440	30.183300
0.179520	29.639999
0.179600	28.825001
0.179680	29.096701
0.179760	28.825001
0.179840	29.368401
0.179920	28.553400
0.180000	28.281700
0.180080	27.738400
0.180160	28.010099
0.180240	26.923401
0.180320	26.923401
0.180400	28.825001
0.180480	28.553400
0.180560	28.825001
0.180640	29.096701
0.180720	28.553400
0.180800	28.553400
0.180880	28.553400
0.180960	28.553400
0.181040	28.825001
0.181120	28.553400
0.181200	28.553400
0.181280	28.281700
0.181360	27.466700
0.181440	26.923401
0.181520	26.651800
0.181600	26.380100
0.181680	26.380100
0.181760	26.380100
0.181840	26.923401
0.181920	27.466700
0.182000	27.738400
0.182080	26.923401
0.182160	27.466700
0.182240	28.010099
0.182320	27.738400
0.182400	28.010099
0.182480	27.738400
0.182560	27.738400
0.182640	26.923401
0.182720	26.108400
0.182800	26.108400
0.182880	26.380100
0.182960	26.380100
0.183040	26.108400
0.183120	25.565100
0.183200	25.293501
0.183280	25.565100
0.183360	25.293501
0.183440	25.565100
0.183520	26.108400
0.183600	26.380100
0.183680	26.108400
0.183760	26.108400
0.183840	25.836800
0.183920	25.021799
0.184000	25.021799
0.184080	24.206800
0.184160	23.935200
0.184240	23.935200
0.184320	23.935200
0.184400	24.206800
0.184480	24.478500
0.184560	24.750099
0.184640	24.750099
0.184720	24.478500
0.184800	24.478500
0.184880	23.663500
0.184960	23.391800
0.185040	23.391800
0.185120	23.391800
0.185200	23.663500
0.185280	23.391800
0.185360	23.391800
0.185440	23.391800
0.185520	23.120199
0.185600	24.206800
0.185680	24.478500
0.185760	25.565100
0.185840	25.021799
0.185920	23.663500
0.186000	22.305201
0.186080	21.761900
0.186160	21.761900
0.186240	21.761900
0.186320	22.033501
0.186400	22.033501
0.186480	22.305201
0.186560	22.305201
0.186640	22.576900
0.186720	23.391800
0.186800	22.848499
0.186880	23.120199
0.186960	23.120199
0.187040	22.848499
0.187120	23.391800
0.187200	23.935200
0.187280	23.935200
0.187360	23.120199
0.187440	22.033501
0.187520	20.403601
0.187600	20.403601
0.187680	20.403601
0.187760	20.946899
0.187840	20.403601
0.187920	20.675301
0.188000	19.860300
0.188080	19.588600
0.188160	19.316999
0.188240	18.502001
0.188320	19.316999
0.188400	18.502001
0.188480	18.230301
0.188560	17.958700
0.188640	17.958700
0.188720	17.958700
0.188800	17.958700
0.188880	18.502001
0.188960	18.502001
0.189040	18.230301
0.189120	17.415300
0.189200	16.328699
0.189280	15.513700
0.189360	15.242000
0.189440	16.056999
0.189520	16.872000
0.189600	17.143700
0.189680	17.415300
0.189760	17.415300
0.189840	16.872000
0.189920	15.785300
0.190000	15.242000
0.190080	14.698700
0.190160	14.155400
0.190240	14.698700
0.190320	14.155400
0.190400	14.427000
0.190480	13.883700
0.190560	13.340400
0.190640	13.883700
0.190720	13.612100
0.190800	13.612100
0.190880	13.883700
0.190960	13.883700
0.191040	13.612100
0.191120	13.883700
0.191200	13.612100
0.191280	13.340400
0.191360	13.068700
0.191440	13.068700
0.191520	13.340400
0.191600	13.340400
0.191680	13.340400
0.191760	12.797100
0.191840	12.253800
0.191920	12.525400
0.192000	12.797100
0.192080	13.612100
0.192160	13.612100
0.192240	13.340400
0.192320	12.525400
0.192400	11.982100
0.192480	11.167100
0.192560	11.167100
0.192640	10.623800
0.192720	10.895500
0.192800	10.080500
0.192880	10.352100
0.192960	10.352100
0.193040	10.352100
0.193120	10.352100
0.193200	9.808860
0.193280	9.808860
0.193360	10.080500
0.193440	10.080500
0.193520	10.352100
0.193600	10.080500
0.193680	9.265540
0.193760	9.537200
0.193840	10.080500
0.193920	10.895500
0.194000	10.895500
0.194080	9.808860
0.194160	9.265540
0.194240	8.450560
0.194320	7.907240
0.194400	7.907240
0.194480	8.450560
0.194560	9.265540
0.194640	10.623800
0.194720	10.623800
0.194800	10.623800
0.194880	9.808860
0.194960	9.808860
0.195040	10.895500
0.195120	14.698700
0.195200	18.230301
0.195280	20.403601
0.195360	20.675301
0.195440	18.773600
0.195520	15.513700
0.195600	13.612100
0.195680	13.068700
0.195760	13.612100
0.195840	15.242000
0.195920	15.513700
0.196000	14.970400
0.196080	14.970400
0.196160	14.698700
0.196240	15.513700
0.196320	15.785300
0.196400	15.513700
0.196480	14.698700
0.196560	13.612100
0.196640	14.155400
0.196720	14.427000
0.196800	15.513700
0.196880	13.612100
0.196960	14.427000
0.197040	13.612100
0.197120	13.612100
0.197200	13.068700
0.197280	12.797100
0.197360	12.797100
0.197440	13.883700
0.197520	14.155400
0.197600	12.253800
0.197680	10.623800
0.197760	10.895500
0.197840	13.340400
0.197920	17.143700
0.198000	17.958700
0.198080	17.415300
0.198160	13.883700
0.198240	11.982100
0.198320	10.895500
0.198400	12.525400
0.198480	14.698700
0.198560	16.056999
0.198640	16.056999
0.198720	15.513700
0.198800	14.970400
0.198880	13.612100
0.198960	12.797100
0.199040	12.525400
0.199120	11.167100
0.199200	11.438800
0.199280	11.710400
0.199360	12.797100
0.199440	13.612100
0.199520	14.155400
0.199600	14.698700
0.199680	14.970400
0.199760	14.698700
0.199840	13.883700
0.199920	13.612100
0.200000	14.155400
0.200080	14.698700
0.200160	15.242000
0.200240	16.056999
0.200320	15.785300
0.200400	16.328699
0.200480	16.056999
0.200560	16.328699
0.200640	16.872000
0.200720	16.056999
0.200800	15.513700
0.200880	15.242000
0.200960	14.698700
0.201040	14.155400
0.201120	15.513700
0.201200	16.600401
0.201280	17.143700
0.201360	17.687000
0.201440	17.687000
0.201520	16.600401
0.201600	16.328699
0.201680	16.056999
0.201760	16.328699
0.201840	16.328699
0.201920	17.143700
0.202000	16.600401
0.202080	16.600401
0.202160	17.143700
0.202240	17.687000
0.202320	17.687000
0.202400	17.687000
0.202480	17.687000
0.202560	16.600401
0.202640	16.328699
0.202720	15.785300
0.202800	14.970400
0.202880	15.513700
0.202960	15.513700
0.203040	15.513700
0.203120	15.785300
0.203200	15.513700
0.203280	16.056999
0.203360	16.600401
0.203440	16.600401
0.203520	16.872000
0.203600	16.056999
0.203680	14.970400
0.203760	13.612100
0.203840	13.068700
0.203920	12.797100
0.204000	13.340400
0.204080	14.427000
0.204160	14.698700
0.204240	15.242000
0.204320	15.513700
0.204400	14.970400
0.204480	14.155400
0.204560	14.155400
0.204640	13.340400
0.204720	12.525400
0.204800	12.253800
0.204880	11.982100
0.204960	12.525400
0.205040	12.253800
0.205120	12.797100
0.205200	12.797100
0.205280	12.253800
0.205360	11.438800
0.205440	11.167100
0.205520	9.808860
0.205600	9.265540
0.205680	8.993880
0.205760	9.537200
0.205840	9.537200
0.205920	9.808860
0.206000	9.537200
0.206080	9.808860
0.206160	9.265540
0.206240	8.722220
0.206320	7.092260
0.206400	6.277280
0.206480	6.820600
0.206560	7.092260
0.206640	7.907240
0.206720	8.178900
0.206800	7.635580
0.206880	8.450560
0.206960	8.722220
0.207040	8.450560
0.207120	8.178900
0.207200	7.907240
0.207280	7.363920
0.207360	6.548940
0.207440	6.277280
0.207520	6.277280
0.207600	6.820600
0.207680	7.363920
0.207760	7.635580
0.207840	7.635580
0.207920	7.092260
0.208000	7.092260
0.208080	7.092260
0.208160	6.820600
0.208240	6.277280
0.208320	6.277280
0.208400	6.005630
0.208480	5.733970
0.208560	5.462310
0.208640	5.190650
0.208720	4.918990
0.208800	5.190650
0.208880	5.462310
0.208960	4.918990
0.209040	4.647330
0.209120	4.918990
0.209200	4.375670
0.209280	4.375670
0.209360	4.104010
0.209440	3.832350
0.209520	4.104010
0.209600	4.375670
0.209680	4.104010
0.209760	4.104010
0.209840	3.560690
0.209920	3.560690
0.210000	3.560690
0.210080	3.832350
0.210160	3.289030
0.210240	3.560690
0.210320	3.289030
0.210400	3.017370
0.210480	3.560690
0.210560	3.560690
0.210640	3.560690
0.210720	3.289030
0.210800	3.289030
0.210880	3.560690
0.210960	3.560690
0.211040	4.104010
0.211120	3.832350
0.211200	3.560690
0.211280	3.289030
0.211360	3.017370
0.211440	3.289030
0.211520	3.560690
0.211600	3.017370
0.211680	3.017370
0.211760	3.560690
0.211840	3.560690
0.211920	4.104010
0.212000	3.560690
0.212080	3.017370
0.212160	3.017370
0.212240	2.745710
0.212320	3.289030
0.212400	3.017370
0.212480	3.289030
0.212560	3.017370
0.212640	3.017370
0.212720	3.017370
0.212800	2.745710
0.212880	3.289030
0.212960	4.104010
0.213040	4.104010
0.213120	3.560690
0.213200	3.017370
0.213280	2.202390
0.213360	1.659070
0.213440	0.844090
0.213520	0.300770
0.213600	1.115750
0.213680	1.659070
0.213760	2.474050
0.213840	2.202390
0.213920	1.659070
0.214000	1.659070
0.214080	1.659070
0.214160	1.387410
0.214240	1.115750
0.214320	1.930730
0.214400	1.387410
0.214480	1.387410
0.214560	1.659070
0.214640	1.930730
0.214720	1.659070
0.214800	1.115750
0.214880	0.300770
0.214960	0.029111
0.215040	-0.514209
0.215120	-1.600850
0.215200	-1.329190
0.215280	-1.329190
0.215360	-1.057530
0.215440	-1.057530
0.215520	-0.785869
0.215600	-0.514209
0.215680	-0.785869
0.215760	-1.057530
0.215840	-1.057530
0.215920	-1.329190
0.216000	-0.514209
0.216080	-0.514209
0.216160	-1.329190
0.216240	-1.057530
0.216320	-1.057530
0.216400	-1.600850
0.216480	-2.144170
0.216560	-1.872510
0.216640	-2.144170
0.216720	-2.687490
0.216800	-2.687490
0.216880	-2.144170
0.216960	-2.415830
0.217040	-1.600850
0.217120	-1.057530
0.217200	-0.242549
0.217280	0.300770
0.217360	-0.785869
0.217440	-1.600850
0.217520	-3.230810
0.217600	-4.045790
0.217680	-4.317450
0.217760	-4.589110
0.217840	-4.317450
0.217920	-4.317450
0.218000	-4.317450
0.218080	-4.045790
0.218160	-3.230810
0.218240	-3.502470
0.218320	-3.774130
0.218400	-4.860770
0.218480	-4.860770
0.218560	-5.132430
0.218640	-5.132430
0.218720	-5.675740
0.218800	-5.404080
0.218880	-5.675740
0.218960	-6.219060
0.219040	-6.762380
0.219120	-6.490720
0.219200	-6.762380
0.219280	-6.490720
0.219360	-7.034040
0.219440	-6.762380
0.219520	-6.490720
0.219600	-6.490720
0.219680	-6.490720
0.219760	-6.219060
0.219840	-6.762380
0.219920	-7.849020
0.220000	-8.935660
0.220080	-9.207320
0.220160	-9.478980
0.220240	-9.478980
0.220320	-9.207320
0.220400	-9.207320
0.220480	-8.935660
0.220560	-9.207320
0.220640	-9.750640
0.220720	-10.293900
0.220800	-10.565600
0.220880	-10.565600
0.220960	-9.478980
0.221040	-9.750640
0.221120	-10.293900
0.221200	-11.923900
0.221280	-13.282200
0.221360	-13.553800
0.221440	-13.010500
0.221520	-11.108900
0.221600	-10.022300
0.221680	-10.022300
0.221760	-11.108900
0.221840	-12.195500
0.221920	-13.010500
0.222000	-12.738900
0.222080	-12.195500
0.222160	-11.380600
0.222240	-11.108900
0.222320	-10.837200
0.222400	-10.565600
0.222480	-10.293900
0.222560	-9.207320
0.222640	-8.664000
0.222720	-9.207320
0.222800	-9.478980
0.222880	-9.478980
0.222960	-8.935660
0.223040	-8.392340
0.223120	-8.120680
0.223200	-8.392340
0.223280	-8.935660
0.223360	-9.478980
0.223440	-10.022300
0.223520	-9.750640
0.223600	-9.750640
0.223680	-10.022300
0.223760	-10.565600
0.223840	-11.652200
0.223920	-11.923900
0.224000	-12.195500
0.224080	-12.467200
0.224160	-11.923900
0.224240	-11.652200
0.224320	-11.380600
0.224400	-11.652200
0.224480	-12.195500
0.224560	-12.195500
0.224640	-12.738900
0.224720	-12.738900
0.224800	-12.467200
0.224880	-11.923900
0.224960	-12.195500
0.225040	-12.467200
0.225120	-12.467200
0.225200	-12.467200
0.225280	-13.282200
0.225360	-13.010500
0.225440	-13.553800
0.225520	-13.553800
0.225600	-13.553800
0.225680	-13.010500
0.225760	-13.010500
0.225840	-12.738900
0.225920	-13.282200
0.226000	-13.553800
0.226080	-13.825500
0.226160	-14.097200
0.226240	-14.368800
0.226320	-14.640500
0.226400	-14.912100
0.226480	-14.912100
0.226560	-14.368800
0.226640	-14.368800
0.226720	-14.368800
0.226800	-14.097200
0.226880	-14.368800
0.226960	-14.097200
0.227040	-14.097200
0.227120	-14.097200
0.227200	-13.282200
0.227280	-13.553800
0.227360	-13.553800
0.227440	-13.282200
0.227520	-13.553800
0.227600	-13.553800
0.227680	-13.553800
0.227760	-13.282200
0.227840	-13.010500
0.227920	-14.097200
0.228000	-14.368800
0.228080	-14.640500
0.228160	-14.640500
0.228240	-14.912100
0.228320	-14.368800
0.228400	-14.097200
0.228480	-14.640500
0.228560	-14.912100
0.228640	-14.640500
0.228720	-14.368800
0.228800	-14.097200
0.228880	-14.368800
0.228960	-13.825500
0.229040	-14.368800
0.229120	-14.912100
0.229200	-14.640500
0.229280	-14.368800
0.229360	-14.097200
0.229440	-14.368800
0.229520	-13.825500
0.229600	-13.825500
0.229680	-13.282200
0.229760	-13.010500
0.229840	-12.738900
0.229920	-13.010500
0.230000	-12.738900
0.230080	-12.467200
0.230160	-12.467200
0.230240	-11.923900
0.230320	-11.923900
0.230400	-11.652200
0.230480	-11.380600
0.230560	-11.108900
0.230640	-11.108900
0.230720	-11.108900
0.230800	-10.565600
0.230880	-10.293900
0.230960	-9.750640
0.231040	-9.478980
0.231120	-9.207320
0.231200	-9.207320
0.231280	-9.207320
0.231360	-9.750640
0.231440	-9.478980
0.231520	-9.207320
0.231600	-8.392340
0.231680	-8.120680
0.231760	-8.392340
0.231840	-8.120680
0.231920	-7.849020
0.232000	-7.849020
0.232080	-7.305700
0.232160	-7.305700
0.232240	-6.219060
0.232320	-6.219060
0.232400	-6.219060
0.232480	-6.219060
0.232560	-5.675740
0.232640	-5.404080
0.232720	-5.404080
0.232800	-5.404080
0.232880	-5.947400
0.232960	-6.490720
0.233040	-6.219060
0.233120	-5.947400
0.233200	-5.132430
0.233280	-4.860770
0.233360	-4.589110
0.233440	-4.317450
0.233520	-4.317450
0.233600	-4.045790
0.233680	-3.774130
0.233760	-3.502470
0.233840	-3.502470
0.233920	-4.317450
0.234000	-4.317450
0.234080	-2.959150
0.234160	-3.230810
0.234240	-3.230810
0.234320	-2.415830
0.234400	-2.415830
0.234480	-2.687490
0.234560	-2.959150
0.234640	-2.415830
0.234720	-1.600850
0.234800	-1.057530
0.234880	0.029111
0.234960	-0.514209
0.235040	0.029111
0.235120	-0.242549
0.235200	-0.242549
0.235280	0.300770
0.235360	-0.785869
0.235440	-0.514209
0.235520	-0.785869
0.235600	-0.514209
0.235680	0.029111
0.235760	0.572430
0.235840	-0.242549
0.235920	-0.514209
0.236000	0.572430
0.236080	0.844090
0.236160	1.387410
0.236240	2.474050
0.236320	2.474050
0.236400	2.474050
0.236480	2.745710
0.236560	2.745710
0.236640	3.017370
0.236720	3.289030
0.236800	2.745710
0.236880	2.745710
0.236960	3.017370
0.237040	3.017370
0.237120	2.474050
0.237200	2.474050
0.237280	2.474050
0.237360	2.745710
0.237440	3.017370
0.237520	2.745710
0.237600	2.745710
0.237680	3.017370
0.237760	3.017370
0.237840	3.289030
0.237920	4.104010
0.238000	4.375670
0.238080	4.918990
0.238160	5.190650
0.238240	5.462310
0.238320	4.918990
0.238400	5.462310
0.238480	5.190650
0.238560	4.647330
0.238640	5.733970
0.238720	5.733970
0.238800	6.277280
0.238880	6.277280
0.238960	6.277280
0.239040	6.820600
0.239120	6.548940
0.239200	7.363920
0.239280	7.635580
0.239360	7.363920
0.239440	7.907240
0.239520	8.178900
0.239600	8.450560
0.239680	9.537200
0.239760	9.537200
0.239840	10.080500
0.239920	9.808860
0.240000	9.265540
0.240080	8.450560
0.240160	8.450560
0.240240	8.178900
0.240320	8.178900
0.240400	8.450560
0.240480	8.722220
0.240560	9.537200
0.240640	10.623800
0.240720	11.167100
0.240800	11.982100
0.240880	12.253800
0.240960	12.253800
0.241040	12.253800
0.241120	11.982100
0.241200	11.982100
0.241280	12.253800
0.241360	12.253800
0.241440	12.525400
0.241520	12.253800
0.241600	12.253800
0.241680	12.253800
0.241760	11.710400
0.241840	11.982100
0.241920	12.253800
0.242000	12.525400
0.242080	12.797100
0.242160	13.340400
0.242240	13.612100
0.242320	13.612100
0.242400	13.883700
0.242480	13.612100
0.242560	13.883700
0.242640	14.155400
0.242720	14.155400
0.242800	14.698700
0.242880	14.698700
0.242960	14.427000
0.243040	14.427000
0.243120	14.427000
0.243200	14.427000
0.243280	14.698700
0.243360	14.970400
0.243440	14.698700
0.243520	14.970400
0.243600	14.970400
0.243680	15.513700
0.243760	15.513700
0.243840	16.328699
0.243920	16.872000
0.244000	17.143700
0.244080	17.415300
0.244160	17.958700
0.244240	17.958700
0.244320	18.230301
0.244400	18.773600
0.244480	19.045300
0.244560	19.045300
0.244640	18.773600
0.244720	18.773600
0.244800	19.316999
0.244880	20.131901
0.244960	19.860300
0.245040	19.588600
0.245120	19.588600
0.245200	20.131901
0.245280	20.946899
0.245360	20.675301
0.245440	20.946899
0.245520	20.403601
0.245600	20.131901
0.245680	20.675301
0.245760	20.403601
0.245840	20.946899
0.245920	20.675301
0.246000	21.218599
0.246080	21.218599
0.246160	21.761900
0.246240	21.490200
0.246320	21.761900
0.246400	21.761900
0.246480	22.576900
0.246560	22.848499
0.246640	22.848499
0.246720	22.848499
0.246800	22.848499
0.246880	22.576900
0.246960	22.848499
0.247040	22.848499
0.247120	22.848499
0.247200	23.120199
0.247280	23.120199
0.247360	23.663500
0.247440	23.935200
0.247520	23.663500
0.247600	25.293501
0.247680	25.565100
0.247760	25.565100
0.247840	25.836800
0.247920	26.380100
0.248000	24.750099
0.248080	25.293501
0.248160	25.836800
0.248240	25.836800
0.248320	26.923401
0.248400	26.651800
0.248480	27.195101
0.248560	26.651800
0.248640	26.923401
0.248720	26.651800
0.248800	26.651800
0.248880	26.651800
0.248960	27.195101
0.249040	28.010099
0.249120	27.738400
0.249200	26.923401
0.249280	26.923401
0.249360	27.195101
0.249440	27.466700
0.249520	28.010099
0.249600	28.010099
0.249680	27.738400
0.249760	28.553400
0.249840	28.281700
0.249920	29.096701
0.250000	28.553400
0.250080	28.825001
0.250160	28.281700
0.250240	29.096701
0.250320	29.911699
0.250400	30.183300
0.250480	30.183300
0.250560	30.183300
0.250640	30.183300
0.250720	30.183300
0.250800	30.726700
0.250880	30.998301
0.250960	30.998301
0.251040	30.726700
0.251120	30.998301
0.251200	30.455000
0.251280	30.726700
0.251360	31.813299
0.251440	31.541599
0.251520	31.270000
0.251600	31.541599
0.251680	30.998301
0.251760	31.270000
0.251840	32.084999
0.251920	32.356602
0.252000	33.443298
0.252080	33.986599
0.252160	34.801601
0.252240	33.986599
0.252320	34.258202
0.252400	34.258202
0.252480	34.529900
0.252560	35.344898
0.252640	35.616501
0.252720	35.344898
0.252800	35.073200
0.252880	35.344898
0.252960	35.616501
0.253040	36.974800
0.253120	37.246498
0.253200	37.518200
0.253280	36.703201
0.253360	37.246498
0.253440	37.246498
0.253520	38.061501
0.253600	38.604801
0.253680	39.691399
0.253760	39.419800
0.253840	40.234798
0.253920	40.234798
0.254000	40.506401
0.254080	40.506401
0.254160	41.049702
0.254240	41.049702
0.254320	41.321400
0.254400	41.593102
0.254480	41.864700
0.254560	42.136398
0.254640	42.679699
0.254720	42.679699
0.254800	43.494701
0.254880	43.223000
0.254960	44.037998
0.255040	44.309700
0.255120	44.581299
0.255200	44.037998
0.255280	44.309700
0.255360	44.853001
0.255440	45.124599
0.255520	45.939602
0.255600	46.211300
0.255680	46.754601
0.255760	46.482899
0.255840	47.297901
0.255920	47.026199
0.256000	47.569599
0.256080	46.754601
0.256160	47.297901
0.256240	47.297901
0.256320	48.384499
0.256400	49.742802
0.256480	50.829498
0.256560	50.557800
0.256640	49.471199
0.256720	48.927898
0.256800	48.656200
0.256880	49.199501
0.256960	49.742802
0.257040	51.101101
0.257120	50.557800
0.257200	50.829498
0.257280	50.014500
0.257360	50.557800
0.257440	50.557800
0.257520	51.372799
0.257600	51.372799
0.257680	51.372799
0.257760	51.372799
0.257840	51.372799
0.257920	51.644501
0.258000	51.916100
0.258080	52.459400
0.258160	52.731098
0.258240	52.731098
0.258320	53.546101
0.258400	54.361099
0.258480	54.632702
0.258560	54.904400
0.258640	54.904400
0.258720	54.904400
0.258800	55.447701
0.258880	55.991001
0.258960	56.262699
0.259040	56.534302
0.259120	56.262699
0.259200	55.719398
0.259280	55.447701
0.259360	56.534302
0.259440	56.806000
0.259520	56.806000
0.259600	57.077702
0.259680	56.534302
0.259760	56.806000
0.259840	57.077702
0.259920	57.620998
0.260000	57.349300
0.260080	57.892601
0.260160	58.436001
0.260240	58.707600
0.260320	58.979301
0.260400	59.250900
0.260480	60.065899
0.260560	59.794300
0.260640	60.337601
0.260720	60.065899
0.260800	60.065899
0.260880	60.337601
0.260960	60.609200
0.261040	60.880901
0.261120	61.695900
0.261200	61.695900
0.261280	61.424198
0.261360	61.424198
0.261440	61.695900
0.261520	61.967499
0.261600	62.510899
0.261680	63.325802
0.261760	63.869202
0.261840	64.140800
0.261920	64.140800
0.262000	64.412498
0.262080	64.412498
0.262160	64.140800
0.262240	64.684097
0.262320	64.955803
0.262400	64.955803
0.262480	65.227501
0.262560	64.955803
0.262640	64.684097
0.262720	64.412498
0.262800	64.140800
0.262880	63.869202
0.262960	64.684097
0.263040	64.955803
0.263120	65.770798
0.263200	66.314102
0.263280	66.314102
0.263360	66.314102
0.263440	67.129097
0.263520	66.042397
0.263600	66.585701
0.263680	67.129097
0.263760	67.672401
0.263840	67.129097
0.263920	67.944000
0.264000	67.400703
0.264080	67.672401
0.264160	67.672401
0.264240	67.672401
0.264320	67.400703
0.264400	66.857399
0.264480	66.857399
0.264560	66.585701
0.264640	67.129097
0.264720	67.672401
0.264800	67.672401
0.264880	67.944000
0.264960	67.672401
0.265040	68.215698
0.265120	69.030701
0.265200	69.030701
0.265280	69.030701
0.265360	69.030701
0.265440	68.759003
0.265520	68.215698
0.265600	68.759003
0.265680	68.759003
0.265760	68.759003
0.265840	68.759003
0.265920	68.215698
0.266000	68.759003
0.266080	69.030701
0.266160	69.302299
0.266240	68.759003
0.266320	69.573997
0.266400	69.845703
0.266480	69.845703
0.266560	69.573997
0.266640	69.845703
0.266720	69.030701
0.266800	69.573997
0.266880	69.845703
0.266960	69.845703
0.267040	70.117302
0.267120	69.845703
0.267200	70.117302
0.267280	70.117302
0.267360	70.389000
0.267440	69.845703
0.267520	69.573997
0.267600	69.302299
0.267680	69.302299
0.267760	69.573997
0.267840	69.302299
0.267920	69.573997
0.268000	70.117302
0.268080	70.117302
0.268160	70.389000
0.268240	70.660599
0.268320	70.389000
0.268400	70.389000
0.268480	70.660599
0.268560	70.932297
0.268640	70.660599
0.268720	71.475601
0.268800	71.747299
0.268880	71.204002
0.268960	70.932297
0.269040	71.475601
0.269120	70.932297
0.269200	70.932297
0.269280	71.475601
0.269360	71.204002
0.269440	71.204002
0.269520	71.204002
0.269600	71.204002
0.269680	71.475601
0.269760	71.747299
0.269840	72.018898
0.269920	72.018898
0.270000	72.290604
0.270080	72.018898
0.270160	71.475601
0.270240	71.475601
0.270320	71.747299
0.270400	72.290604
0.270480	72.562302
0.270560	72.833900
0.270640	72.290604
0.270720	72.290604
0.270800	72.018898
0.270880	72.290604
0.270960	72.290604
0.271040	72.562302
0.271120	72.562302
0.271200	72.833900
0.271280	72.833900
0.271360	73.105598
0.271440	73.377197
0.271520	73.377197
0.271600	73.377197
0.271680	73.105598
0.271760	73.377197
0.271840	73.105598
0.271920	73.377197
0.272000	72.562302
0.272080	72.562302
0.272160	72.833900
0.272240	72.833900
0.272320	73.105598
0.272400	72.562302
0.272480	73.377197
0.272560	73.920601
0.272640	73.920601
0.272720	73.920601
0.272800	73.377197
0.272880	73.105598
0.272960	73.648903
0.273040	72.833900
0.273120	73.377197
0.273200	72.833900
0.273280	73.105598
0.273360	72.833900
0.273440	73.105598
0.273520	72.833900
0.273600	72.833900
0.273680	73.648903
0.273760	73.920601
0.273840	73.920601
0.273920	73.377197
0.274000	72.833900
0.274080	72.562302
0.274160	73.105598
0.274240	73.377197
0.274320	73.920601
0.274400	73.648903
0.274480	73.377197
0.274560	73.377197
0.274640	73.105598
0.274720	73.105598
0.274800	73.105598
0.274880	73.648903
0.274960	73.648903
0.275040	73.920601
0.275120	73.105598
0.275200	73.377197
0.275280	73.648903
0.275360	73.920601
0.275440	74.192200
0.275520	73.920601
0.275600	73.105598
0.275680	72.562302
0.275760	72.833900
0.275840	72.562302
0.275920	73.105598
0.276000	73.105598
0.276080	73.377197
0.276160	73.648903
0.276240	73.920601
0.276320	73.105598
0.276400	73.105598
0.276480	72.833900
0.276560	73.105598
0.276640	73.105598
0.276720	73.105598
0.276800	73.377197
0.276880	73.920601
0.276960	74.192200
0.277040	74.192200
0.277120	73.648903
0.277200	73.377197
0.277280	73.105598
0.277360	73.105598
0.277440	73.377197
0.277520	73.648903
0.277600	73.920601
0.277680	74.463898
0.277760	74.192200
0.277840	74.192200
0.277920	74.463898
0.278000	74.192200
0.278080	74.192200
0.278160	73.920601
0.278240	74.463898
0.278320	73.920601
0.278400	74.192200
0.278480	74.192200
0.278560	74.192200
0.278640	73.920601
0.278720	73.648903
0.278800	73.377197
0.278880	73.377197
0.278960	73.648903
0.279040	73.648903
0.279120	73.377197
0.279200	73.648903
0.279280	72.833900
0.279360	72.562302
0.279440	72.833900
0.279520	72.562302
0.279600	72.290604
0.279680	72.562302
0.279760	73.105598
0.279840	72.833900
0.279920	72.562302
0.280000	72.290604
0.280080	71.747299
0.280160	72.018898
0.280240	72.290604
0.280320	72.562302
0.280400	72.018898
0.280480	72.290604
0.280560	71.747299
0.280640	73.105598
0.280720	71.475601
0.280800	71.747299
0.280880	71.747299
0.280960	71.475601
0.281040	71.204002
0.281120	70.660599
0.281200	70.932297
0.281280	70.660599
0.281360	70.660599
0.281440	70.932297
0.281520	70.660599
0.281600	70.660599
0.281680	70.660599
0.281760	70.117302
0.281840	70.117302
0.281920	70.117302
0.282000	69.573997
0.282080	70.117302
0.282160	69.845703
0.282240	70.389000
0.282320	70.117302
0.282400	69.845703
0.282480	70.117302
0.282560	69.573997
0.282640	69.845703
0.282720	69.030701
0.282800	69.302299
0.282880	69.030701
0.282960	69.573997
0.283040	69.030701
0.283120	69.030701
0.283200	69.302299
0.283280	69.030701
0.283360	68.487396
0.283440	68.215698
0.283520	68.487396
0.283600	68.487396
0.283680	67.944000
0.283760	68.215698
0.283840	68.215698
0.283920	67.672401
0.284000	67.672401
0.284080	67.400703
0.284160	67.400703
0.284240	66.857399
0.284320	66.857399
0.284400	67.129097
0.284480	67.129097
0.284560	67.129097
0.284640	67.129097
0.284720	66.585701
0.284800	66.042397
0.284880	66.314102
0.284960	66.314102
0.285040	67.400703
0.285120	67.400703
0.285200	66.314102
0.285280	66.314102
0.285360	65.499100
0.285440	65.499100
0.285520	66.042397
0.285600	66.585701
0.285680	67.129097
0.285760	67.129097
0.285840	66.314102
0.285920	65.770798
0.286000	65.770798
0.286080	66.042397
0.286160	65.770798
0.286240	65.499100
0.286320	65.227501
0.286400	65.227501
0.286480	65.227501
0.286560	65.227501
0.286640	65.227501
0.286720	64.955803
0.286800	64.140800
0.286880	64.412498
0.286960	63.597500
0.287040	64.140800
0.287120	64.684097
0.287200	64.412498
0.287280	64.412498
0.287360	64.684097
0.287440	64.955803
0.287520	64.684097
0.287600	64.412498
0.287680	63.597500
0.287760	63.597500
0.287840	63.325802
0.287920	63.597500
0.288000	63.597500
0.288080	63.597500
0.288160	63.869202
0.288240	63.597500
0.288320	63.325802
0.288400	63.054199
0.288480	62.510899
0.288560	62.510899
0.288640	61.967499
0.288720	61.967499
0.288800	61.967499
0.288880	61.967499
0.288960	62.239201
0.289040	61.967499
0.289120	61.967499
0.289200	61.695900
0.289280	61.695900
0.289360	61.967499
0.289440	61.967499
0.289520	61.695900
0.289600	61.424198
0.289680	61.424198
0.289760	61.424198
0.289840	61.695900
0.289920	61.695900
0.290000	61.424198
0.290080	61.152599
0.290160	60.609200
0.290240	60.880901
0.290320	60.609200
0.290400	60.609200
0.290480	60.609200
0.290560	60.337601
0.290640	59.794300
0.290720	60.337601
0.290800	60.065899
0.290880	59.794300
0.290960	60.065899
0.291040	59.250900
0.291120	59.250900
0.291200	58.979301
0.291280	58.979301
0.291360	59.250900
0.291440	58.979301
0.291520	58.707600
0.291600	58.979301
0.291680	58.979301
0.291760	58.707600
0.291840	58.979301
0.291920	58.436001
0.292000	57.620998
0.292080	57.892601
0.292160	57.892601
0.292240	57.620998
0.292320	57.892601
0.292400	57.620998
0.292480	58.164299
0.292560	57.892601
0.292640	57.077702
0.292720	57.349300
0.292800	57.620998
0.292880	57.077702
0.292960	57.077702
0.293040	56.806000
0.293120	57.349300
0.293200	56.806000
0.293280	57.077702
0.293360	56.806000
0.293440	57.349300
0.293520	57.077702
0.293600	57.077702
0.293680	57.349300
0.293760	57.077702
0.293840	57.077702
0.293920	56.806000
0.294000	55.991001
0.294080	55.719398
0.294160	55.719398
0.294240	55.991001
0.294320	56.262699
0.294400	56.534302
0.294480	56.262699
0.294560	56.262699
0.294640	56.262699
0.294720	56.262699
0.294800	56.262699
0.294880	56.262699
0.294960	56.534302
0.295040	56.806000
0.295120	56.806000
0.295200	56.262699
0.295280	56.534302
0.295360	56.534302
0.295440	56.534302
0.295520	57.077702
0.295600	56.534302
0.295680	56.806000
0.295760	56.534302
0.295840	55.991001
0.295920	56.262699
0.296000	55.991001
0.296080	55.719398
0.296160	55.719398
0.296240	55.719398
0.296320	55.719398
0.296400	55.991001
0.296480	56.262699
0.296560	55.719398
0.296640	55.175999
0.296720	54.089401
0.296800	55.719398
0.296880	56.534302
0.296960	55.447701
0.297040	54.632702
0.297120	55.447701
0.297200	55.719398
0.297280	56.262699
0.297360	55.719398
0.297440	55.175999
0.297520	55.175999
0.297600	54.904400
0.297680	54.904400
0.297760	55.175999
0.297840	54.361099
0.297920	54.632702
0.298000	54.904400
0.298080	54.361099
0.298160	54.632702
0.298240	55.447701
0.298320	55.175999
0.298400	55.175999
0.298480	55.719398
0.298560	54.904400
0.298640	54.904400
0.298720	54.904400
0.298800	55.175999
0.298880	55.447701
0.298960	55.175999
0.299040	55.175999
0.299120	54.361099
0.299200	54.632702
0.299280	54.361099
0.299360	54.361099
0.299440	54.361099
0.299520	54.361099
0.299600	53.817699
0.299680	53.817699
0.299760	54.089401
0.299840	54.089401
0.299920	53.817699
0.300000	53.274399
0.300080	53.274399
0.300160	53.274399
0.300240	53.274399
0.300320	53.002800
0.300400	53.546101
0.300480	53.274399
0.300560	53.546101
0.300640	53.002800
0.300720	53.002800
0.300800	53.002800
0.300880	53.274399
0.300960	53.274399
0.301040	53.274399
0.301120	53.002800
0.301200	52.187801
0.301280	52.187801
0.301360	52.459400
0.301440	52.459400
0.301520	52.459400
0.301600	51.916100
0.301680	51.644501
0.301760	51.372799
0.301840	51.372799
0.301920	51.372799
0.302000	50.557800
0.302080	50.286201
0.302160	50.286201
0.302240	50.014500
0.302320	50.829498
0.302400	50.014500
0.302480	50.014500
0.302560	50.014500
0.302640	49.471199
0.302720	49.199501
0.302800	48.927898
0.302880	48.656200
0.302960	48.927898
0.303040	48.656200
0.303120	48.656200
0.303200	48.384499
0.303280	48.112900
0.303360	48.112900
0.303440	47.569599
0.303520	47.026199
0.303600	46.211300
0.303680	46.754601
0.303760	46.482899
0.303840	46.482899
0.303920	46.211300
0.304000	45.939602
0.304080	46.211300
0.304160	45.667900
0.304240	45.667900
0.304320	45.667900
0.304400	45.667900
0.304480	46.211300
0.304560	45.667900
0.304640	45.396301
0.304720	45.667900
0.304800	45.396301
0.304880	44.853001
0.304960	44.853001
0.305040	44.309700
0.305120	44.309700
0.305200	44.037998
0.305280	44.309700
0.305360	43.766300
0.305440	43.494701
0.305520	43.223000
0.305600	43.494701
0.305680	43.223000
0.305760	42.951401
0.305840	42.408001
0.305920	41.864700
0.306000	41.864700
0.306080	41.593102
0.306160	40.778099
0.306240	41.049702
0.306320	41.049702
0.306400	41.049702
0.306480	41.321400
0.306560	40.778099
0.306640	40.778099
0.306720	40.234798
0.306800	40.234798
0.306880	39.963100
0.306960	39.148102
0.307040	38.876499
0.307120	38.876499
0.307200	38.876499
0.307280	38.604801
0.307360	38.061501
0.307440	37.789799
0.307520	37.789799
0.307600	37.246498
0.307680	36.431499
0.307760	36.159901
0.307840	35.888199
0.307920	35.888199
0.308000	35.616501
0.308080	35.616501
0.308160	35.616501
0.308240	35.344898
0.308320	35.344898
0.308400	35.073200
0.308480	35.344898
0.308560	35.344898
0.308640	35.073200
0.308720	34.529900
0.308800	34.258202
0.308880	33.714901
0.308960	33.714901
0.309040	32.899899
0.309120	32.899899
0.309200	32.899899
0.309280	32.899899
0.309360	32.628300
0.309440	32.356602
0.309520	32.356602
0.309600	31.270000
0.309680	30.455000
0.309760	30.183300
0.309840	30.183300
0.309920	30.455000
0.310000	30.183300
