-0.020000	-2.435600
-0.019920	-1.620250
-0.019840	-2.027930
-0.019760	-1.620250
-0.019680	-1.212580
-0.019600	-0.804911
-0.019520	-2.435600
-0.019440	-4.066290
-0.019360	-2.843270
-0.019280	-2.435600
-0.019200	-1.212580
-0.019120	0.010432
-0.019040	0.418104
-0.018960	-0.804911
-0.018880	0.010432
-0.018800	-1.212580
-0.018720	-1.212580
-0.018640	-1.212580
-0.018560	-0.804911
-0.018480	-1.212580
-0.018400	-1.212580
-0.018320	-1.212580
-0.018240	-0.804911
-0.018160	0.010432
-0.018080	1.233450
-0.018000	0.825776
-0.017920	0.010432
-0.017840	-0.804911
-0.017760	-1.620250
-0.017680	-1.212580
-0.017600	-1.620250
-0.017520	-1.212580
-0.017440	-1.212580
-0.017360	-1.620250
-0.017280	-2.027930
-0.017200	-2.843270
-0.017120	-2.027930
-0.017040	-2.027930
-0.016960	-1.620250
-0.016880	-1.212580
-0.016800	-0.804911
-0.016720	-0.397240
-0.016640	-1.212580
-0.016560	-1.212580
-0.016480	-0.804911
-0.016400	-0.397240
-0.016320	-0.397240
-0.016240	-1.212580
-0.016160	-1.212580
-0.016080	-1.212580
-0.016000	-1.620250
-0.015920	-2.435600
-0.015840	-2.435600
-0.015760	-1.620250
-0.015680	-0.804911
-0.015600	-2.027930
-0.015520	-1.620250
-0.015440	-1.212580
-0.015360	-0.397240
-0.015280	-0.397240
-0.015200	-0.804911
-0.015120	-1.212580
-0.015040	-1.212580
-0.014960	-1.620250
-0.014880	-1.212580
-0.014800	-1.212580
-0.014720	-1.212580
-0.014640	-0.804911
-0.014560	-0.804911
-0.014480	-0.804911
-0.014400	-0.804911
-0.014320	-0.804911
-0.014240	-1.212580
-0.014160	-0.804911
-0.014080	-0.397240
-0.014000	-0.397240
-0.013920	-0.397240
-0.013840	-1.620250
-0.013760	-1.212580
-0.013680	-0.804911
-0.013600	0.010432
-0.013520	0.825776
-0.013440	0.418104
-0.013360	-0.804911
-0.013280	-0.804911
-0.013200	-1.212580
-0.013120	-1.212580
-0.013040	-0.397240
-0.012960	-0.397240
-0.012880	-0.804911
-0.012800	0.010432
-0.012720	0.418104
-0.012640	0.010432
-0.012560	0.010432
-0.012480	-0.804911
-0.012400	-0.397240
-0.012320	-0.804911
-0.012240	-0.804911
-0.012160	-0.804911
-0.012080	-1.212580
-0.012000	-0.397240
-0.011920	-0.397240
-0.011840	0.825776
-0.011760	0.825776
-0.011680	0.010432
-0.011600	0.010432
-0.011520	0.418104
-0.011440	0.825776
-0.011360	0.418104
-0.011280	0.825776
-0.011200	1.233450
-0.011120	0.825776
-0.011040	2.048790
-0.010960	1.641120
-0.010880	1.233450
-0.010800	1.233450
-0.010720	0.418104
-0.010640	0.418104
-0.010560	-0.397240
-0.010480	0.825776
-0.010400	0.010432
-0.010320	0.010432
-0.010240	0.010432
-0.010160	1.233450
-0.010080	1.233450
-0.010000	1.233450
-0.009920	0.825776
-0.009840	0.825776
-0.009760	0.418104
-0.009680	0.418104
-0.009600	0.010432
-0.009520	0.418104
-0.009440	1.233450
-0.009360	1.233450
-0.009280	1.641120
-0.009200	1.233450
-0.009120	1.233450
-0.009040	0.825776
-0.008960	0.825776
-0.008880	0.010432
-0.008800	1.233450
-0.008720	0.825776
-0.008640	1.641120
-0.008560	2.456460
-0.008480	1.641120
-0.008400	0.825776
-0.008320	1.233450
-0.008240	1.233450
-0.008160	0.010432
-0.008080	-0.397240
-0.008000	0.010432
-0.007920	0.010432
-0.007840	0.825776
-0.007760	0.825776
-0.007680	1.233450
-0.007600	1.641120
-0.007520	1.641120
-0.007440	0.825776
-0.007360	1.233450
-0.007280	1.233450
-0.007200	0.418104
-0.007120	1.641120
-0.007040	0.418104
-0.006960	0.418104
-0.006880	1.233450
-0.006800	1.641120
-0.006720	1.641120
-0.006640	0.010432
-0.006560	-0.397240
-0.006480	0.825776
-0.006400	1.641120
-0.006320	1.233450
-0.006240	1.641120
-0.006160	1.641120
-0.006080	0.825776
-0.006000	1.641120
-0.005920	2.048790
-0.005840	2.456460
-0.005760	3.271810
-0.005680	2.864130
-0.005600	3.271810
-0.005520	2.048790
-0.005440	2.048790
-0.005360	2.456460
-0.005280	2.456460
-0.005200	2.864130
-0.005120	1.641120
-0.005040	1.641120
-0.004960	0.418104
-0.004880	0.010432
-0.004800	0.418104
-0.004720	0.010432
-0.004640	0.418104
-0.004560	-0.397240
-0.004480	0.010432
-0.004400	1.233450
-0.004320	0.010432
-0.004240	0.010432
-0.004160	0.418104
-0.004080	0.825776
-0.004000	0.418104
-0.003920	0.418104
-0.003840	0.825776
-0.003760	0.825776
-0.003680	0.418104
-0.003600	1.233450
-0.003520	1.233450
-0.003440	1.641120
-0.003360	1.641120
-0.003280	0.825776
-0.003200	1.233450
-0.003120	-0.397240
-0.003040	0.825776
-0.002960	0.418104
-0.002880	0.825776
-0.002800	-0.804911
-0.002720	0.010432
-0.002640	2.048790
-0.002560	1.641120
-0.002480	1.233450
-0.002400	1.641120
-0.002320	1.233450
-0.002240	1.233450
-0.002160	1.233450
-0.002080	1.641120
-0.002000	1.641120
-0.001920	0.825776
-0.001840	0.010432
-0.001760	0.418104
-0.001680	1.233450
-0.001600	1.641120
-0.001520	1.641120
-0.001440	1.233450
-0.001360	1.233450
-0.001280	0.418104
-0.001200	0.418104
-0.001120	0.010432
-0.001040	0.010432
-0.000960	0.010432
-0.000880	1.641120
-0.000800	2.048790
-0.000720	2.864130
-0.000640	1.641120
-0.000560	1.641120
-0.000480	1.641120
-0.000400	2.456460
-0.000320	2.048790
-0.000240	0.825776
-0.000160	1.233450
-0.000080	0.010432
0.000000	0.825776
0.000080	0.418104
0.000160	1.233450
0.000240	1.641120
0.000320	1.641120
0.000400	1.641120
0.000480	1.641120
0.000560	1.641120
0.000640	2.456460
0.000720	2.048790
0.000800	2.456460
0.000880	1.233450
0.000960	1.641120
0.001040	2.048790
0.001120	1.641120
0.001200	1.641120
0.001280	1.233450
0.001360	1.233450
0.001440	1.233450
0.001520	2.048790
0.001600	1.641120
0.001680	1.641120
0.001760	1.233450
0.001840	1.641120
0.001920	2.048790
0.002000	2.048790
0.002080	2.456460
0.002160	2.048790
0.002240	2.456460
0.002320	2.048790
0.002400	2.048790
0.002480	2.456460
0.002560	3.271810
0.002640	2.456460
0.002720	2.048790
0.002800	1.641120
0.002880	1.233450
0.002960	2.048790
0.003040	2.456460
0.003120	2.864130
0.003200	2.456460
0.003280	2.048790
0.003360	1.641120
0.003440	2.048790
0.003520	1.641120
0.003600	1.641120
0.003680	1.641120
0.003760	1.641120
0.003840	2.048790
0.003920	2.864130
0.004000	2.864130
0.004080	3.679480
0.004160	4.087150
0.004240	2.864130
0.004320	2.864130
0.004400	1.641120
0.004480	0.825776
0.004560	1.641120
0.004640	2.456460
0.004720	2.456460
0.004800	3.679480
0.004880	1.233450
0.004960	0.825776
0.005040	1.641120
0.005120	1.233450
0.005200	2.048790
0.005280	2.456460
0.005360	2.456460
0.005440	2.864130
0.005520	2.864130
0.005600	2.864130
0.005680	3.271810
0.005760	3.271810
0.005840	3.271810
0.005920	3.679480
0.006000	2.048790
0.006080	1.641120
0.006160	2.456460
0.006240	2.864130
0.006320	3.271810
0.006400	3.271810
0.006480	2.456460
0.006560	2.456460
0.006640	2.456460
0.006720	1.641120
0.006800	0.825776
0.006880	0.825776
0.006960	1.233450
0.007040	1.641120
0.007120	1.641120
0.007200	1.233450
0.007280	1.641120
0.007360	1.233450
0.007440	1.641120
0.007520	1.233450
0.007600	2.048790
0.007680	1.641120
0.007760	1.641120
0.007840	1.641120
0.007920	2.456460
0.008000	2.456460
0.008080	2.864130
0.008160	3.271810
0.008240	2.456460
0.008320	2.048790
0.008400	1.641120
0.008480	2.048790
0.008560	2.864130
0.008640	3.271810
0.008720	4.494820
0.008800	3.271810
0.008880	3.679480
0.008960	3.679480
0.009040	3.271810
0.009120	3.679480
0.009200	2.864130
0.009280	2.048790
0.009360	2.048790
0.009440	1.233450
0.009520	1.233450
0.009600	1.641120
0.009680	2.864130
0.009760	3.679480
0.009840	3.271810
0.009920	2.864130
0.010000	2.456460
0.010080	2.456460
0.010160	2.864130
0.010240	3.271810
0.010320	3.679480
0.010400	3.271810
0.010480	2.864130
0.010560	4.087150
0.010640	3.271810
0.010720	2.864130
0.010800	3.271810
0.010880	3.271810
0.010960	4.087150
0.011040	3.679480
0.011120	4.902490
0.011200	4.087150
0.011280	3.679480
0.011360	3.271810
0.011440	3.679480
0.011520	4.902490
0.011600	5.717840
0.011680	5.310170
0.011760	5.310170
0.011840	4.494820
0.011920	4.494820
0.012000	4.494820
0.012080	3.679480
0.012160	2.864130
0.012240	3.271810
0.012320	4.087150
0.012400	3.679480
0.012480	3.271810
0.012560	3.679480
0.012640	3.679480
0.012720	4.902490
0.012800	4.494820
0.012880	4.087150
0.012960	4.494820
0.013040	3.271810
0.013120	2.456460
0.013200	2.864130
0.013280	3.271810
0.013360	4.087150
0.013440	4.494820
0.013520	3.679480
0.013600	4.494820
0.013680	4.087150
0.013760	4.087150
0.013840	4.494820
0.013920	4.902490
0.014000	5.310170
0.014080	4.087150
0.014160	3.679480
0.014240	3.679480
0.014320	4.087150
0.014400	4.902490
0.014480	3.679480
0.014560	4.087150
0.014640	4.494820
0.014720	4.902490
0.014800	5.717840
0.014880	5.717840
0.014960	4.494820
0.015040	3.679480
0.015120	2.864130
0.015200	2.864130
0.015280	3.271810
0.015360	1.641120
0.015440	0.010432
0.015520	1.233450
0.015600	3.271810
0.015680	5.717840
0.015760	4.494820
0.015840	4.902490
0.015920	4.087150
0.016000	7.348520
0.016080	8.571540
0.016160	11.425200
0.016240	12.648200
0.016320	10.609900
0.016400	7.756200
0.016480	3.679480
0.016560	1.233450
0.016640	2.048790
0.016720	4.494820
0.016800	8.163870
0.016880	10.609900
0.016960	14.278900
0.017040	14.278900
0.017120	14.686600
0.017200	12.648200
0.017280	11.425200
0.017360	9.386880
0.017440	6.940850
0.017520	6.125510
0.017600	4.902490
0.017680	5.310170
0.017760	6.940850
0.017840	7.348520
0.017920	7.348520
0.018000	6.125510
0.018080	3.679480
0.018160	1.233450
0.018240	-2.435600
0.018320	-4.473960
0.018400	-6.512320
0.018480	-6.512320
0.018560	-4.881630
0.018640	-3.658610
0.018720	-2.435600
0.018800	-2.027930
0.018880	-1.620250
0.018960	-1.212580
0.019040	-2.027930
0.019120	-3.658610
0.019200	-4.473960
0.019280	-4.473960
0.019360	-5.696970
0.019440	-6.104640
0.019520	-5.696970
0.019600	-5.289300
0.019680	-4.473960
0.019760	-2.843270
0.019840	-2.435600
0.019920	-2.027930
0.020000	-1.620250
0.020080	-3.250940
0.020160	-4.473960
0.020240	-6.104640
0.020320	-8.958350
0.020400	-10.996700
0.020480	-12.627300
0.020560	-13.035000
0.020640	-13.035000
0.020720	-12.219700
0.020800	-10.181300
0.020880	-8.143000
0.020960	-6.104640
0.021040	-4.881630
0.021120	-6.919990
0.021200	-10.181300
0.021280	-12.627300
0.021360	-13.035000
0.021440	-11.404300
0.021520	-8.958350
0.021600	-7.327660
0.021680	-6.512320
0.021760	-7.735330
0.021840	-9.773690
0.021920	-11.812000
0.022000	-13.442700
0.022080	-15.888700
0.022160	-18.334801
0.022240	-23.226900
0.022320	-25.672899
0.022400	-23.634501
0.022480	-17.519501
0.022560	-10.996700
0.022640	-5.696970
0.022720	-5.289300
0.022800	-7.735330
0.022880	-12.627300
0.022960	-18.334801
0.023040	-24.449900
0.023120	-32.603298
0.023200	-38.718399
0.023280	-39.126099
0.023360	-34.641701
0.023440	-26.895901
0.023520	-20.780800
0.023600	-17.927099
0.023680	-17.519501
0.023760	-17.111799
0.023840	-13.442700
0.023920	-8.958350
0.024000	-4.066290
0.024080	-4.473960
0.024160	-9.366020
0.024240	-17.519501
0.024320	-24.042200
0.024400	-25.265200
0.024480	-19.557800
0.024560	-9.773690
0.024640	-0.804911
0.024720	4.902490
0.024800	6.125510
0.024880	5.717840
0.024960	4.902490
0.025040	6.125510
0.025120	8.979210
0.025200	13.871200
0.025280	17.132601
0.025360	17.948000
0.025440	16.317301
0.025520	14.686600
0.025600	15.909600
0.025680	18.763300
0.025760	20.393999
0.025840	20.801701
0.025920	21.209400
0.026000	20.801701
0.026080	18.763300
0.026160	16.317301
0.026240	13.055900
0.026320	11.425200
0.026400	17.132601
0.026480	27.324400
0.026560	37.108601
0.026640	37.923901
0.026720	30.178101
0.026800	17.948000
0.026880	7.756200
0.026960	4.494820
0.027040	9.386880
0.027120	17.540300
0.027200	22.432400
0.027280	21.209400
0.027360	17.540300
0.027440	17.540300
0.027520	22.432400
0.027600	28.139799
0.027680	28.547501
0.027760	22.024700
0.027840	12.240500
0.027920	4.494820
0.028000	2.048790
0.028080	3.271810
0.028160	3.271810
0.028240	2.864130
0.028320	0.010432
0.028400	-1.620250
0.028480	-3.250940
0.028560	-4.473960
0.028640	-3.658610
0.028720	-0.804911
0.028800	3.271810
0.028880	5.717840
0.028960	2.864130
0.029040	-3.658610
0.029120	-10.181300
0.029200	-16.704100
0.029280	-16.704100
0.029360	-13.035000
0.029440	-7.327660
0.029520	-3.658610
0.029600	-1.620250
0.029680	0.010432
0.029760	2.864130
0.029840	1.233450
0.029920	-0.804911
0.030000	-4.066290
0.030080	-5.696970
0.030160	-5.696970
0.030240	-5.696970
0.030320	-4.066290
0.030400	-1.212580
0.030480	3.271810
0.030560	6.533180
0.030640	12.240500
0.030720	15.909600
0.030800	19.171000
0.030880	20.801701
0.030960	21.617001
0.031040	18.355700
0.031120	14.686600
0.031200	11.017500
0.031280	11.017500
0.031360	15.501900
0.031440	20.393999
0.031520	25.286100
0.031600	25.693800
0.031680	22.840099
0.031760	19.578699
0.031840	19.578699
0.031920	22.024700
0.032000	26.101400
0.032080	27.732100
0.032160	24.470699
0.032240	20.801701
0.032320	20.801701
0.032400	24.470699
0.032480	29.770500
0.032560	33.847198
0.032640	37.923901
0.032720	39.146900
0.032800	39.962299
0.032880	38.331600
0.032960	36.293201
0.033040	34.662498
0.033120	36.700901
0.033200	40.777599
0.033280	46.485001
0.033360	48.931000
0.033440	49.338699
0.033520	50.561699
0.033600	54.230801
0.033680	61.976501
0.033760	66.868599
0.033840	66.460899
0.033920	61.161201
0.034000	52.600101
0.034080	45.669701
0.034160	42.000599
0.034240	42.000599
0.034320	44.446701
0.034400	44.446701
0.034480	42.816002
0.034560	39.962299
0.034640	40.777599
0.034720	45.669701
0.034800	50.561699
0.034880	54.638500
0.034960	53.007801
0.035040	48.931000
0.035120	46.077301
0.035200	46.892700
0.035280	49.746399
0.035360	50.969398
0.035440	52.600101
0.035520	53.823101
0.035600	55.046101
0.035680	56.676800
0.035760	57.492199
0.035840	55.453800
0.035920	51.784801
0.036000	49.746399
0.036080	49.746399
0.036160	53.823101
0.036240	59.122799
0.036320	65.237900
0.036400	68.499298
0.036480	69.722298
0.036560	69.314598
0.036640	69.722298
0.036720	70.945297
0.036800	68.091599
0.036880	64.422600
0.036960	61.568901
0.037040	59.530499
0.037120	58.307499
0.037200	57.084499
0.037280	55.453800
0.037360	55.046101
0.037440	55.453800
0.037520	56.676800
0.037600	58.715199
0.037680	59.122799
0.037760	61.568901
0.037840	65.237900
0.037920	68.906998
0.038000	70.129997
0.038080	68.906998
0.038160	64.830200
0.038240	61.568901
0.038320	60.345901
0.038400	61.976501
0.038480	64.422600
0.038560	67.683899
0.038640	68.906998
0.038720	68.906998
0.038800	70.537697
0.038880	76.245102
0.038960	83.175499
0.039040	88.882896
0.039120	92.144302
0.039200	92.959602
0.039280	92.959602
0.039360	92.551903
0.039440	92.144302
0.039520	93.774902
0.039600	97.444000
0.039680	103.558998
0.039760	109.265999
0.039840	113.343002
0.039920	112.527000
0.040000	110.081001
0.040080	108.450996
0.040160	108.858002
0.040240	112.527000
0.040320	116.603996
0.040400	119.458000
0.040480	119.864998
0.040560	121.496002
0.040640	123.942001
0.040720	128.835007
0.040800	136.580002
0.040880	139.841995
0.040960	137.804001
0.041040	129.649994
0.041120	121.088997
0.041200	118.235001
0.041280	120.681000
0.041360	123.535004
0.041440	125.165001
0.041520	123.942001
0.041600	123.535004
0.041680	123.942001
0.041760	124.758003
0.041840	126.795998
0.041920	127.611000
0.042000	132.095993
0.042080	136.580002
0.042160	143.511002
0.042240	145.548996
0.042320	142.695999
0.042400	136.580002
0.042480	132.095993
0.042560	130.464996
0.042640	130.873001
0.042720	132.095993
0.042800	131.281006
0.042880	129.242004
0.042960	130.057999
0.043040	131.688004
0.043120	134.542007
0.043200	138.210999
0.043280	141.880005
0.043360	141.880005
0.043440	141.065002
0.043520	136.988007
0.043600	131.281006
0.043680	126.795998
0.043760	124.349998
0.043840	121.496002
0.043920	123.535004
0.044000	128.018997
0.044080	134.949997
0.044160	139.434006
0.044240	140.250000
0.044320	138.619003
0.044400	135.764999
0.044480	134.542007
0.044560	133.727005
0.044640	132.503998
0.044720	131.688004
0.044800	132.910995
0.044880	135.764999
0.044960	139.841995
0.045040	142.695999
0.045120	143.511002
0.045200	145.141998
0.045280	147.179993
0.045360	149.626007
0.045440	154.110001
0.045520	159.817993
0.045600	167.563995
0.045680	176.531998
0.045760	183.869995
0.045840	189.578003
0.045920	195.285004
0.046000	199.362000
0.046080	202.623001
0.046160	205.477005
0.046240	208.330994
0.046320	214.445999
0.046400	223.822006
0.046480	237.274994
0.046560	249.505997
0.046640	256.843994
0.046720	260.920013
0.046800	262.550995
0.046880	264.997009
0.046960	267.851013
0.047040	274.373993
0.047120	281.303986
0.047200	287.010986
0.047280	291.903015
0.047360	295.165009
0.047440	298.834015
0.047520	302.911011
0.047600	305.356995
0.047680	307.394989
0.047760	308.618011
0.047840	310.656006
0.047920	317.587006
0.048000	327.371002
0.048080	336.747009
0.048160	346.531006
0.048240	350.608002
0.048320	349.385010
0.048400	347.346985
0.048480	346.123993
0.048560	348.161987
0.048640	351.830994
0.048720	358.354004
0.048800	364.468994
0.048880	368.545990
0.048960	370.992004
0.049040	372.214996
0.049120	373.029999
0.049200	375.067993
0.049280	375.067993
0.049360	370.992004
0.049440	364.468994
0.049520	356.316010
0.049600	350.200989
0.049680	344.493011
0.049760	341.639008
0.049840	342.046997
0.049920	343.678009
0.050000	346.123993
0.050080	347.346985
0.050160	352.647003
0.050240	359.984985
0.050320	369.360992
0.050400	375.476013
0.050480	374.252991
0.050560	368.138000
0.050640	358.354004
0.050720	350.608002
0.050800	345.308014
0.050880	342.454987
0.050960	338.786011
0.051040	335.932007
0.051120	333.485992
0.051200	328.593994
0.051280	325.333008
0.051360	323.294006
0.051440	323.294006
0.051520	322.071014
0.051600	320.847992
0.051680	316.770996
0.051760	311.471985
0.051840	306.987000
0.051920	302.911011
0.052000	299.242004
0.052080	293.126007
0.052160	282.527008
0.052240	271.519989
0.052320	262.959015
0.052400	258.881989
0.052480	256.843994
0.052560	254.397995
0.052640	247.875000
0.052720	238.091003
0.052800	228.714005
0.052880	223.007004
0.052960	218.929993
0.053040	214.445999
0.053120	208.738007
0.053200	204.662003
0.053280	201.399994
0.053360	200.585007
0.053440	202.216003
0.053520	204.253998
0.053600	207.923004
0.053680	213.630005
0.053760	221.783997
0.053840	231.160004
0.053920	239.313995
0.054000	248.283005
0.054080	257.658997
0.054160	268.665985
0.054240	280.895996
0.054320	293.941986
0.054400	308.209991
0.054480	321.256012
0.054560	334.300995
0.054640	347.346985
0.054720	362.023010
0.054800	378.738007
0.054880	395.859985
0.054960	410.944000
0.055040	426.027008
0.055120	439.888000
0.055200	452.118011
0.055280	463.941010
0.055360	476.579010
0.055440	488.401001
0.055520	500.631012
0.055600	512.862000
0.055680	526.721985
0.055760	542.622009
0.055840	562.598022
0.055920	581.757996
0.056000	600.103027
0.056080	615.187012
0.056160	628.232971
0.056240	637.200989
0.056320	644.132019
0.056400	651.469971
0.056480	661.661987
0.056560	677.153015
0.056640	696.721985
0.056720	714.250977
0.056800	727.296997
0.056880	735.450012
0.056960	742.788025
0.057040	750.942017
0.057120	762.356995
0.057200	774.586975
0.057280	788.039978
0.057360	801.085022
0.057440	813.723022
0.057520	825.953003
0.057600	836.552979
0.057680	845.114014
0.057760	854.491028
0.057840	864.275024
0.057920	875.689026
0.058000	887.512024
0.058080	899.333984
0.058160	908.302979
0.058240	915.234009
0.058320	919.718018
0.058400	925.833008
0.058480	932.763977
0.058560	942.547974
0.058640	952.331970
0.058720	959.669983
0.058800	965.377014
0.058880	971.900024
0.058960	980.869019
0.059040	993.098999
0.059120	1005.320007
0.059200	1015.919983
0.059280	1024.079956
0.059360	1030.599976
0.059440	1035.089966
0.059520	1040.800049
0.059600	1048.540039
0.059680	1057.099976
0.059760	1065.260010
0.059840	1070.959961
0.059920	1074.229980
0.060000	1076.670044
0.060080	1079.530029
0.060160	1080.339966
0.060240	1083.189941
0.060320	1084.010010
0.060400	1080.750000
0.060480	1074.630005
0.060560	1064.030029
0.060640	1053.430054
0.060720	1044.060059
0.060800	1036.719971
0.060880	1030.199951
0.060960	1024.079956
0.061040	1015.109985
0.061120	1004.099976
0.061200	993.507019
0.061280	982.499023
0.061360	973.531006
0.061440	963.747009
0.061520	953.554993
0.061600	940.916992
0.061680	931.132996
0.061760	925.424988
0.061840	924.609985
0.061920	927.870972
0.062000	931.541016
0.062080	932.763977
0.062160	929.093994
0.062240	923.794983
0.062320	920.533020
0.062400	923.794983
0.062480	933.578979
0.062560	946.624023
0.062640	957.632019
0.062720	964.562012
0.062800	973.122986
0.062880	982.091980
0.062960	993.098999
0.063040	1006.960022
0.063120	1020.820007
0.063200	1034.680054
0.063280	1050.170044
0.063360	1066.069946
0.063440	1082.790039
0.063520	1099.089966
0.063600	1118.250000
0.063680	1136.189941
0.063760	1155.349976
0.063840	1172.469971
0.063920	1189.599976
0.064000	1204.270020
0.064080	1219.359985
0.064160	1237.290039
0.064240	1257.270020
0.064320	1278.060059
0.064400	1302.109985
0.064480	1322.910034
0.064560	1340.030029
0.064640	1354.699951
0.064720	1368.560059
0.064800	1379.979980
0.064880	1390.579956
0.064960	1396.290039
0.065040	1401.589966
0.065120	1406.479980
0.065200	1413.819946
0.065280	1421.560059
0.065360	1428.079956
0.065440	1430.939941
0.065520	1429.719971
0.065600	1426.050049
0.065680	1420.339966
0.065760	1414.219971
0.065840	1406.479980
0.065920	1398.729980
0.066000	1389.760010
0.066080	1380.390015
0.066160	1369.790039
0.066240	1357.969971
0.066320	1344.510010
0.066400	1330.239990
0.066480	1317.199951
0.066560	1304.969971
0.066640	1292.329956
0.066720	1280.510010
0.066800	1267.869995
0.066880	1256.050049
0.066960	1244.630005
0.067040	1233.630005
0.067120	1220.579956
0.067200	1209.170044
0.067280	1197.750000
0.067360	1189.599976
0.067440	1183.479980
0.067520	1179.810059
0.067600	1179.000000
0.067680	1179.400024
0.067760	1179.400024
0.067840	1179.810059
0.067920	1182.670044
0.068000	1186.739990
0.068080	1192.449951
0.068160	1200.199951
0.068240	1209.569946
0.068320	1218.130005
0.068400	1225.060059
0.068480	1231.989990
0.068560	1239.329956
0.068640	1249.930054
0.068720	1261.750000
0.068800	1274.800049
0.068880	1287.849976
0.068960	1298.849976
0.069040	1308.640015
0.069120	1318.420044
0.069200	1329.839966
0.069280	1341.250000
0.069360	1355.520020
0.069440	1368.560059
0.069520	1381.609985
0.069600	1394.250000
0.069680	1406.069946
0.069760	1418.709961
0.069840	1430.939941
0.069920	1444.390015
0.070000	1457.439941
0.070080	1469.260010
0.070160	1479.040039
0.070240	1489.239990
0.070320	1499.020020
0.070400	1510.430054
0.070480	1521.439941
0.070560	1533.670044
0.070640	1547.530029
0.070720	1558.949951
0.070800	1568.729980
0.070880	1576.479980
0.070960	1583.410034
0.071040	1591.560059
0.071120	1602.569946
0.071200	1614.390015
0.071280	1625.810059
0.071360	1637.219971
0.071440	1649.040039
0.071520	1659.640015
0.071600	1669.020020
0.071680	1679.209961
0.071760	1691.439941
0.071840	1707.339966
0.071920	1724.459961
0.072000	1742.810059
0.072080	1760.739990
0.072160	1776.640015
0.072240	1790.099976
0.072320	1800.699951
0.072400	1810.069946
0.072480	1823.119995
0.072560	1845.949951
0.072640	1878.969971
0.072720	1913.619995
0.072800	1940.530029
0.072880	1956.020020
0.072960	1966.619995
0.073040	1979.660034
0.073120	1996.380005
0.073200	2010.650024
0.073280	2021.250000
0.073360	2030.619995
0.073440	2042.040039
0.073520	2057.939941
0.073600	2075.879883
0.073680	2090.959961
0.073760	2103.189941
0.073840	2113.790039
0.073920	2122.760010
0.074000	2132.540039
0.074080	2141.510010
0.074160	2152.110107
0.074240	2160.669922
0.074320	2169.639893
0.074400	2180.649902
0.074480	2194.100098
0.074560	2208.780029
0.074640	2220.600098
0.074720	2225.489990
0.074800	2225.489990
0.074880	2223.040039
0.074960	2220.189941
0.075040	2221.010010
0.075120	2221.820068
0.075200	2223.860107
0.075280	2224.679932
0.075360	2226.709961
0.075440	2229.570068
0.075520	2236.500000
0.075600	2242.209961
0.075680	2243.840088
0.075760	2241.800049
0.075840	2239.350098
0.075920	2238.540039
0.076000	2243.020020
0.076080	2251.989990
0.076160	2262.179932
0.076240	2271.149902
0.076320	2276.860107
0.076400	2282.560059
0.076480	2289.090088
0.076560	2296.429932
0.076640	2301.320068
0.076720	2305.800049
0.076800	2309.060059
0.076880	2314.360107
0.076960	2324.149902
0.077040	2338.820068
0.077120	2357.169922
0.077200	2377.959961
0.077280	2395.489990
0.077360	2410.979980
0.077440	2422.399902
0.077520	2431.770020
0.077600	2441.149902
0.077680	2449.300049
0.077760	2458.679932
0.077840	2470.090088
0.077920	2482.729980
0.078000	2492.919922
0.078080	2501.080078
0.078160	2507.189941
0.078240	2514.120117
0.078320	2522.280029
0.078400	2532.060059
0.078480	2541.840088
0.078560	2550.810059
0.078640	2554.479980
0.078720	2554.479980
0.078800	2549.179932
0.078880	2542.250000
0.078960	2538.580078
0.079040	2539.399902
0.079120	2543.070068
0.079200	2545.510010
0.079280	2543.070068
0.079360	2535.729980
0.079440	2525.129883
0.079520	2513.709961
0.079600	2501.080078
0.079680	2491.290039
0.079760	2483.139893
0.079840	2477.429932
0.079920	2471.320068
0.080000	2458.679932
0.080080	2442.780029
0.080160	2425.250000
0.080240	2412.199951
0.080320	2405.679932
0.080400	2397.939941
0.080480	2382.439941
0.080560	2357.979980
0.080640	2332.300049
0.080720	2311.100098
0.080800	2296.830078
0.080880	2287.860107
0.080960	2277.270020
0.081040	2262.590088
0.081120	2243.429932
0.081200	2223.449951
0.081280	2203.479980
0.081360	2184.719971
0.081440	2165.560059
0.081520	2147.219971
0.081600	2128.459961
0.081680	2110.939941
0.081760	2093.000000
0.081840	2072.209961
0.081920	2050.189941
0.082000	2033.479980
0.082080	2024.510010
0.082160	2017.989990
0.082240	2003.310059
0.082320	1979.260010
0.082400	1951.540039
0.082480	1927.079956
0.082560	1911.579956
0.082640	1902.209961
0.082720	1892.020020
0.082800	1872.849976
0.082880	1842.280029
0.082960	1810.890015
0.083040	1788.060059
0.083120	1781.939941
0.083200	1779.500000
0.083280	1767.270020
0.083360	1741.579956
0.083440	1712.229980
0.083520	1688.589966
0.083600	1676.359985
0.083680	1670.239990
0.083760	1660.869995
0.083840	1642.930054
0.083920	1620.510010
0.084000	1594.819946
0.084080	1574.849976
0.084160	1556.089966
0.084240	1544.270020
0.084320	1533.260010
0.084400	1524.300049
0.084480	1511.660034
0.084560	1499.430054
0.084640	1488.010010
0.084720	1477.410034
0.084800	1466.000000
0.084880	1453.770020
0.084960	1441.540039
0.085040	1430.119995
0.085120	1419.930054
0.085200	1412.189941
0.085280	1405.660034
0.085360	1399.959961
0.085440	1393.839966
0.085520	1384.869995
0.085600	1373.050049
0.085680	1358.780029
0.085760	1344.920044
0.085840	1333.099976
0.085920	1323.719971
0.086000	1315.569946
0.086080	1307.819946
0.086160	1300.479980
0.086240	1291.510010
0.086320	1284.579956
0.086400	1280.099976
0.086480	1277.650024
0.086560	1274.800049
0.086640	1267.869995
0.086720	1258.089966
0.086800	1249.119995
0.086880	1244.219971
0.086960	1242.189941
0.087040	1239.739990
0.087120	1231.589966
0.087200	1218.540039
0.087280	1204.680054
0.087360	1196.530029
0.087440	1197.750000
0.087520	1202.640015
0.087600	1207.130005
0.087680	1206.719971
0.087760	1200.599976
0.087840	1190.410034
0.087920	1177.770020
0.088000	1163.099976
0.088080	1149.640015
0.088160	1138.229980
0.088240	1129.260010
0.088320	1121.920044
0.088400	1113.359985
0.088480	1103.579956
0.088560	1093.390015
0.088640	1082.790039
0.088720	1074.630005
0.088800	1066.890015
0.088880	1060.770020
0.088960	1052.209961
0.089040	1042.020020
0.089120	1028.160034
0.089200	1014.289978
0.089280	998.806030
0.089360	982.499023
0.089440	967.822998
0.089520	957.223999
0.089600	948.663025
0.089680	938.879028
0.089760	927.463989
0.089840	914.418030
0.089920	899.742004
0.090000	887.104004
0.090080	874.874023
0.090160	863.052002
0.090240	851.229004
0.090320	838.999023
0.090400	824.731018
0.090480	810.461975
0.090560	794.562988
0.090640	777.848022
0.090720	761.541016
0.090800	745.234009
0.090880	731.374023
0.090960	720.366028
0.091040	710.989990
0.091120	699.982971
0.091200	687.752991
0.091280	674.299988
0.091360	662.068970
0.091440	654.731018
0.091520	648.616028
0.091600	643.317017
0.091680	636.385986
0.091760	625.379028
0.091840	613.148987
0.091920	600.919006
0.092000	589.911987
0.092080	580.534973
0.092160	572.789001
0.092240	565.044006
0.092320	555.666992
0.092400	545.067993
0.092480	537.729980
0.092560	532.836975
0.092640	527.538025
0.092720	521.830017
0.092800	514.900024
0.092880	507.562012
0.092960	500.223999
0.093040	492.477997
0.093120	485.140015
0.093200	479.432007
0.093280	474.540009
0.093360	469.648010
0.093440	463.941010
0.093520	454.971985
0.093600	445.596008
0.093680	434.588989
0.093760	423.580994
0.093840	415.835999
0.093920	413.796997
0.094000	413.796997
0.094080	413.390015
0.094160	409.312988
0.094240	399.936005
0.094320	389.744995
0.094400	385.667999
0.094480	390.559998
0.094560	400.752014
0.094640	407.682007
0.094720	406.052002
0.094800	395.451996
0.094880	381.998993
0.094960	373.845001
0.095040	370.175995
0.095120	368.138000
0.095200	363.246002
0.095280	356.722992
0.095360	348.976990
0.095440	343.678009
0.095520	343.678009
0.095600	346.123993
0.095680	345.308014
0.095760	336.747009
0.095840	327.371002
0.095920	321.662994
0.096000	322.886993
0.096080	327.778992
0.096160	332.263000
0.096240	327.778992
0.096320	313.510010
0.096400	296.388000
0.096480	283.750000
0.096560	281.303986
0.096640	285.787994
0.096720	288.641998
0.096800	286.196014
0.096880	277.226990
0.096960	267.442993
0.097040	260.105011
0.097120	257.251007
0.097200	257.658997
0.097280	256.843994
0.097360	252.766998
0.097440	244.205994
0.097520	234.828995
0.097600	231.567993
0.097680	228.714005
0.097760	224.229996
0.097840	220.968994
0.097920	220.561005
0.098000	217.707001
0.098080	214.445999
0.098160	209.960999
0.098240	204.662003
0.098320	196.507996
0.098400	188.761993
0.098480	183.462997
0.098560	179.794006
0.098640	173.679001
0.098720	159.817993
0.098800	144.326004
0.098880	134.134003
0.098960	131.688004
0.099040	135.356995
0.099120	135.356995
0.099200	125.572998
0.099280	106.412003
0.099360	86.436897
0.099440	74.206703
0.099520	75.022003
0.099600	81.544800
0.099680	84.806198
0.099760	81.137100
0.099840	71.760696
0.099920	60.753502
0.100000	53.007801
0.100080	49.338699
0.100160	46.892700
0.100240	42.000599
0.100320	35.885601
0.100400	28.955099
0.100480	22.432400
0.100560	19.578699
0.100640	17.132601
0.100720	15.909600
0.100800	14.278900
0.100880	11.832900
0.100960	9.794560
0.101040	6.125510
0.101120	0.825776
0.101200	-4.881630
0.101280	-8.143000
0.101360	-8.550680
0.101440	-6.512320
0.101520	-6.919990
0.101600	-9.366020
0.101680	-11.404300
0.101760	-9.773690
0.101840	-5.696970
0.101920	-3.658610
0.102000	-5.696970
0.102080	-8.143000
0.102160	-10.996700
0.102240	-9.366020
0.102320	-6.512320
0.102400	-4.881630
0.102480	-3.658610
0.102560	-6.512320
0.102640	-8.958350
0.102720	-13.035000
0.102800	-13.442700
0.102880	-9.366020
0.102960	-1.620250
0.103040	4.494820
0.103120	7.756200
0.103200	6.125510
0.103280	3.679480
0.103360	2.864130
0.103440	6.125510
0.103520	9.386880
0.103600	11.425200
0.103680	9.386880
0.103760	5.717840
0.103840	3.271810
0.103920	3.679480
0.104000	6.125510
0.104080	9.794560
0.104160	11.425200
0.104240	11.425200
0.104320	9.386880
0.104400	5.310170
0.104480	2.456460
0.104560	1.641120
0.104640	2.048790
0.104720	1.233450
0.104800	-0.804911
0.104880	-3.658610
0.104960	-4.473960
0.105040	-5.696970
0.105120	-6.919990
0.105200	-8.958350
0.105280	-14.258000
0.105360	-19.150101
0.105440	-24.042200
0.105520	-26.080601
0.105600	-27.711300
0.105680	-29.341900
0.105760	-30.972601
0.105840	-32.195599
0.105920	-32.195599
0.106000	-32.603298
0.106080	-31.380301
0.106160	-30.565001
0.106240	-30.565001
0.106320	-33.418701
0.106400	-39.533699
0.106480	-48.502499
0.106560	-58.694302
0.106640	-67.663101
0.106720	-75.408798
0.106800	-78.670197
0.106880	-81.116302
0.106960	-83.562302
0.107040	-86.823700
0.107120	-90.084999
0.107200	-94.977097
0.107280	-100.683998
0.107360	-107.207001
0.107440	-112.507004
0.107520	-112.914001
0.107600	-112.507004
0.107680	-112.914001
0.107760	-114.953003
0.107840	-118.213997
0.107920	-121.474998
0.108000	-124.737000
0.108080	-126.775002
0.108160	-128.813995
0.108240	-129.628998
0.108320	-132.074997
0.108400	-134.520996
0.108480	-139.412994
0.108560	-143.897995
0.108640	-147.567001
0.108720	-150.013000
0.108800	-152.050995
0.108880	-153.682007
0.108960	-154.496994
0.109040	-154.496994
0.109120	-153.682007
0.109200	-152.050995
0.109280	-152.050995
0.109360	-151.643005
0.109440	-150.828003
0.109520	-148.789993
0.109600	-148.382004
0.109680	-148.789993
0.109760	-150.419998
0.109840	-153.274002
0.109920	-155.720001
0.110000	-158.166000
0.110080	-161.020004
0.110160	-162.651001
0.110240	-161.427994
0.110320	-162.651001
0.110400	-162.242996
0.110480	-163.057999
0.110560	-164.281006
0.110640	-167.134995
0.110720	-169.988998
0.110800	-173.250000
0.110880	-176.919006
0.110960	-180.587997
0.111040	-183.850006
0.111120	-186.296005
0.111200	-188.742004
0.111280	-191.188004
0.111360	-194.041000
0.111440	-198.526001
0.111520	-201.787003
0.111600	-207.494995
0.111680	-210.755997
0.111760	-212.794006
0.111840	-216.462997
0.111920	-220.132004
0.112000	-223.393997
0.112080	-227.470001
0.112160	-231.546997
0.112240	-234.401001
0.112320	-237.255005
0.112400	-240.516006
0.112480	-242.554001
0.112560	-245.815994
0.112640	-248.669006
0.112720	-251.522995
0.112800	-256.006989
0.112880	-259.269012
0.112960	-262.122986
0.113040	-264.976013
0.113120	-266.606995
0.113200	-269.868011
0.113280	-271.498993
0.113360	-271.498993
0.113440	-274.352997
0.113520	-278.022003
0.113600	-279.244995
0.113680	-280.059998
0.113760	-283.321014
0.113840	-282.506012
0.113920	-282.914001
0.114000	-283.729004
0.114080	-286.174988
0.114160	-288.213989
0.114240	-289.437012
0.114320	-289.437012
0.114400	-289.437012
0.114480	-290.252014
0.114560	-290.252014
0.114640	-290.660004
0.114720	-289.843994
0.114800	-288.621002
0.114880	-287.806000
0.114960	-287.806000
0.115040	-288.213989
0.115120	-289.437012
0.115200	-290.252014
0.115280	-291.882996
0.115360	-292.290009
0.115440	-291.882996
0.115520	-292.290009
0.115600	-293.105988
0.115680	-294.329010
0.115760	-295.144012
0.115840	-296.367004
0.115920	-297.589996
0.116000	-300.036011
0.116080	-300.444000
0.116160	-301.666992
0.116240	-302.890015
0.116320	-304.113007
0.116400	-303.704987
0.116480	-303.704987
0.116560	-303.704987
0.116640	-303.704987
0.116720	-305.743011
0.116800	-307.782013
0.116880	-308.596985
0.116960	-310.227997
0.117040	-311.450989
0.117120	-313.897003
0.117200	-315.119995
0.117280	-317.157990
0.117360	-317.566010
0.117440	-317.973999
0.117520	-319.196991
0.117600	-319.604004
0.117680	-321.234985
0.117760	-321.643005
0.117840	-321.234985
0.117920	-320.011993
0.118000	-320.826996
0.118080	-320.011993
0.118160	-324.088989
0.118240	-328.980988
0.118320	-335.911011
0.118400	-342.433990
0.118480	-346.102997
0.118560	-346.102997
0.118640	-345.287994
0.118720	-344.471985
0.118800	-344.471985
0.118880	-346.510986
0.118960	-348.140991
0.119040	-349.364014
0.119120	-348.957001
0.119200	-348.957001
0.119280	-349.364014
0.119360	-349.364014
0.119440	-349.364014
0.119520	-348.957001
0.119600	-348.549011
0.119680	-348.140991
0.119760	-348.549011
0.119840	-349.772003
0.119920	-350.587006
0.120000	-352.626007
0.120080	-354.256012
0.120160	-354.256012
0.120240	-355.071991
0.120320	-355.886993
0.120400	-356.701996
0.120480	-356.701996
0.120560	-355.479004
0.120640	-352.626007
0.120720	-350.994995
0.120800	-350.994995
0.120880	-352.217987
0.120960	-355.071991
0.121040	-356.701996
0.121120	-357.518005
0.121200	-356.701996
0.121280	-354.664001
0.121360	-353.032990
0.121440	-353.848999
0.121520	-353.848999
0.121600	-354.664001
0.121680	-354.664001
0.121760	-354.664001
0.121840	-355.071991
0.121920	-353.441010
0.122000	-352.217987
0.122080	-351.403015
0.122160	-350.587006
0.122240	-351.403015
0.122320	-351.809998
0.122400	-353.032990
0.122480	-354.664001
0.122560	-355.479004
0.122640	-354.664001
0.122720	-354.256012
0.122800	-353.848999
0.122880	-353.441010
0.122960	-354.256012
0.123040	-356.701996
0.123120	-359.148010
0.123200	-362.002014
0.123280	-365.263000
0.123360	-368.933014
0.123440	-371.378998
0.123520	-373.416992
0.123600	-374.231995
0.123680	-373.825012
0.123760	-372.194000
0.123840	-370.971008
0.123920	-370.562988
0.124000	-371.378998
0.124080	-373.825012
0.124160	-377.493988
0.124240	-380.346985
0.124320	-381.162994
0.124400	-380.346985
0.124480	-376.678009
0.124560	-372.601990
0.124640	-367.302002
0.124720	-363.632996
0.124800	-359.148010
0.124880	-355.479004
0.124960	-350.994995
0.125040	-346.917999
0.125120	-344.471985
0.125200	-341.618988
0.125280	-340.395996
0.125360	-339.173004
0.125440	-337.134003
0.125520	-334.687988
0.125600	-332.649994
0.125680	-329.795990
0.125760	-325.718994
0.125840	-321.234985
0.125920	-317.566010
0.126000	-316.342987
0.126080	-314.304993
0.126160	-313.489014
0.126240	-312.674011
0.126320	-311.042999
0.126400	-309.411987
0.126480	-307.373993
0.126560	-306.558990
0.126640	-304.928009
0.126720	-304.113007
0.126800	-304.519989
0.126880	-302.890015
0.126960	-302.074005
0.127040	-301.259003
0.127120	-300.036011
0.127200	-299.627991
0.127280	-299.221008
0.127360	-297.997986
0.127440	-297.182007
0.127520	-294.329010
0.127600	-293.513000
0.127680	-293.920990
0.127760	-294.329010
0.127840	-293.105988
0.127920	-290.660004
0.128000	-286.583008
0.128080	-284.136993
0.128160	-283.321014
0.128240	-284.951996
0.128320	-285.359985
0.128400	-285.359985
0.128480	-284.544006
0.128560	-284.136993
0.128640	-283.729004
0.128720	-282.506012
0.128800	-282.506012
0.128880	-281.691010
0.128960	-280.875000
0.129040	-279.652008
0.129120	-277.205994
0.129200	-275.167999
0.129280	-273.536987
0.129360	-272.313995
0.129440	-271.091003
0.129520	-268.644989
0.129600	-266.606995
0.129680	-264.976013
0.129760	-262.122986
0.129840	-259.269012
0.129920	-255.192001
0.130000	-252.337997
0.130080	-251.522995
0.130160	-249.076996
0.130240	-247.854004
0.130320	-244.593002
0.130400	-239.701004
0.130480	-235.216003
0.130560	-232.362000
0.130640	-230.731995
0.130720	-227.063004
0.130800	-225.024002
0.130880	-222.171005
0.130960	-219.317001
0.131040	-214.832993
0.131120	-211.164001
0.131200	-208.309998
0.131280	-205.863998
0.131360	-201.378998
0.131440	-196.080002
0.131520	-188.742004
0.131600	-182.626999
0.131680	-176.511002
0.131760	-173.658005
0.131840	-171.212006
0.131920	-169.173004
0.132000	-168.358002
0.132080	-167.949997
0.132160	-167.949997
0.132240	-167.949997
0.132320	-167.542999
0.132400	-165.912003
0.132480	-165.503998
0.132560	-166.727005
0.132640	-167.949997
0.132720	-169.173004
0.132800	-171.212006
0.132880	-172.841995
0.132960	-173.658005
0.133040	-176.104004
0.133120	-177.733994
0.133200	-180.587997
0.133280	-183.850006
0.133360	-186.296005
0.133440	-186.296005
0.133520	-185.479996
0.133600	-185.479996
0.133680	-184.664993
0.133760	-184.664993
0.133840	-184.257004
0.133920	-185.072998
0.134000	-184.664993
0.134080	-186.296005
0.134160	-187.110992
0.134240	-187.518997
0.134320	-188.334000
0.134400	-189.149002
0.134480	-188.334000
0.134560	-186.296005
0.134640	-184.257004
0.134720	-183.442001
0.134800	-183.033997
0.134880	-183.033997
0.134960	-181.404007
0.135040	-180.587997
0.135120	-178.957001
0.135200	-178.141998
0.135280	-177.326996
0.135360	-177.733994
0.135440	-178.141998
0.135520	-178.141998
0.135600	-179.365005
0.135680	-179.365005
0.135760	-179.365005
0.135840	-178.550003
0.135920	-177.326996
0.136000	-177.326996
0.136080	-176.919006
0.136160	-174.065002
0.136240	-170.804001
0.136320	-166.727005
0.136400	-164.281006
0.136480	-163.057999
0.136560	-164.688995
0.136640	-164.688995
0.136720	-164.688995
0.136800	-163.466003
0.136880	-161.427994
0.136960	-158.981995
0.137040	-156.535995
0.137120	-154.496994
0.137200	-152.865997
0.137280	-152.865997
0.137360	-150.419998
0.137440	-147.973999
0.137520	-145.121002
0.137600	-143.490005
0.137680	-141.858994
0.137760	-141.451996
0.137840	-140.229004
0.137920	-139.412994
0.138000	-137.783005
0.138080	-136.151993
0.138160	-133.705994
0.138240	-132.074997
0.138320	-130.852005
0.138400	-130.037003
0.138480	-128.406006
0.138560	-126.366997
0.138640	-125.143997
0.138720	-125.552002
0.138800	-125.959999
0.138880	-126.775002
0.138960	-126.775002
0.139040	-127.182999
0.139120	-126.775002
0.139200	-125.959999
0.139280	-125.552002
0.139360	-124.329002
0.139440	-121.883003
0.139520	-120.660004
0.139600	-119.845001
0.139680	-119.436996
0.139760	-120.251999
0.139840	-121.883003
0.139920	-123.106003
0.140000	-123.920998
0.140080	-124.737000
0.140160	-124.737000
0.140240	-125.552002
0.140320	-126.366997
0.140400	-129.222000
0.140480	-131.667999
0.140560	-133.298004
0.140640	-133.298004
0.140720	-134.520996
0.140800	-133.705994
0.140880	-134.520996
0.140960	-134.113998
0.141040	-132.483002
0.141120	-130.852005
0.141200	-130.037003
0.141280	-129.628998
0.141360	-130.037003
0.141440	-129.222000
0.141520	-127.589996
0.141600	-126.775002
0.141680	-124.737000
0.141760	-124.329002
0.141840	-123.106003
0.141920	-122.291000
0.142000	-120.660004
0.142080	-119.845001
0.142160	-119.436996
0.142240	-118.622002
0.142320	-117.806000
0.142400	-116.990997
0.142480	-116.176003
0.142560	-115.360001
0.142640	-114.544998
0.142720	-113.321999
0.142800	-110.468002
0.142880	-108.836998
0.142960	-105.575996
0.143040	-102.722000
0.143120	-100.276001
0.143200	-98.646103
0.143280	-97.830803
0.143360	-95.384804
0.143440	-94.161797
0.143520	-93.346397
0.143600	-91.715698
0.143680	-90.492699
0.143760	-88.862000
0.143840	-87.231300
0.143920	-85.600601
0.144000	-83.970001
0.144080	-83.562302
0.144160	-81.116302
0.144240	-79.485603
0.144320	-77.039497
0.144400	-76.224197
0.144480	-75.408798
0.144560	-76.631897
0.144640	-81.116302
0.144720	-85.193001
0.144800	-90.492699
0.144880	-92.938698
0.144960	-93.346397
0.145040	-91.715698
0.145120	-89.677399
0.145200	-87.639000
0.145280	-86.823700
0.145360	-86.823700
0.145440	-88.046700
0.145520	-89.269699
0.145600	-91.307999
0.145680	-92.123398
0.145760	-92.938698
0.145840	-93.754097
0.145920	-93.346397
0.146000	-91.715698
0.146080	-90.492699
0.146160	-88.046700
0.146240	-86.823700
0.146320	-86.008301
0.146400	-86.416000
0.146480	-86.823700
0.146560	-86.008301
0.146640	-85.193001
0.146720	-83.970001
0.146800	-81.523903
0.146880	-78.670197
0.146960	-79.077904
0.147040	-81.931602
0.147120	-85.193001
0.147200	-83.562302
0.147280	-81.116302
0.147360	-79.485603
0.147440	-75.408798
0.147520	-75.001198
0.147600	-75.001198
0.147680	-76.631897
0.147760	-77.039497
0.147840	-77.039497
0.147920	-75.408798
0.148000	-74.593498
0.148080	-73.370499
0.148160	-72.962799
0.148240	-73.370499
0.148320	-74.593498
0.148400	-74.185799
0.148480	-73.778198
0.148560	-72.962799
0.148640	-72.962799
0.148720	-72.555099
0.148800	-72.962799
0.148880	-72.147499
0.148960	-72.555099
0.149040	-72.147499
0.149120	-71.332100
0.149200	-72.555099
0.149280	-75.001198
0.149360	-77.039497
0.149440	-79.893204
0.149520	-80.300903
0.149600	-79.485603
0.149680	-78.670197
0.149760	-77.039497
0.149840	-76.631897
0.149920	-75.816498
0.150000	-75.408798
0.150080	-73.778198
0.150160	-73.370499
0.150240	-72.147499
0.150320	-72.962799
0.150400	-75.408798
0.150480	-76.224197
0.150560	-76.224197
0.150640	-75.001198
0.150720	-72.147499
0.150800	-72.147499
0.150880	-72.962799
0.150960	-75.001198
0.151040	-77.854897
0.151120	-79.485603
0.151200	-78.670197
0.151280	-77.854897
0.151360	-78.262604
0.151440	-79.077904
0.151520	-81.523903
0.151600	-82.339302
0.151680	-82.339302
0.151760	-80.300903
0.151840	-78.670197
0.151920	-78.670197
0.152000	-77.854897
0.152080	-77.447197
0.152160	-76.631897
0.152240	-75.816498
0.152320	-76.631897
0.152400	-76.224197
0.152480	-78.670197
0.152560	-80.300903
0.152640	-80.300903
0.152720	-79.893204
0.152800	-78.670197
0.152880	-77.447197
0.152960	-75.816498
0.153040	-76.631897
0.153120	-78.670197
0.153200	-79.893204
0.153280	-80.300903
0.153360	-79.893204
0.153440	-78.670197
0.153520	-75.816498
0.153600	-75.408798
0.153680	-75.408798
0.153760	-75.001198
0.153840	-75.408798
0.153920	-74.185799
0.154000	-74.185799
0.154080	-73.778198
0.154160	-72.962799
0.154240	-71.739799
0.154320	-70.924500
0.154400	-70.516800
0.154480	-70.109100
0.154560	-70.109100
0.154640	-69.701401
0.154720	-67.663101
0.154800	-65.624702
0.154880	-63.178699
0.154960	-62.363400
0.155040	-63.178699
0.155120	-63.178699
0.155200	-63.178699
0.155280	-63.178699
0.155360	-63.178699
0.155440	-63.178699
0.155520	-61.955700
0.155600	-61.955700
0.155680	-61.140301
0.155760	-61.548000
0.155840	-61.548000
0.155920	-61.955700
0.156000	-60.325001
0.156080	-56.655899
0.156160	-54.617599
0.156240	-53.802200
0.156320	-54.617599
0.156400	-55.432899
0.156480	-56.655899
0.156560	-57.063599
0.156640	-57.063599
0.156720	-57.471298
0.156800	-57.879002
0.156880	-57.471298
0.156960	-57.063599
0.157040	-55.025299
0.157120	-52.986900
0.157200	-51.763901
0.157280	-51.356201
0.157360	-50.540901
0.157440	-50.133202
0.157520	-49.317902
0.157600	-47.279499
0.157680	-47.279499
0.157760	-47.687199
0.157840	-48.094799
0.157920	-48.094799
0.158000	-47.279499
0.158080	-46.056499
0.158160	-44.018101
0.158240	-42.387402
0.158320	-40.756699
0.158400	-39.533699
0.158480	-39.126099
0.158560	-39.533699
0.158640	-38.718399
0.158720	-38.718399
0.158800	-38.718399
0.158880	-38.310699
0.158960	-36.680000
0.159040	-36.272400
0.159120	-35.457001
0.159200	-35.457001
0.159280	-35.049301
0.159360	-34.641701
0.159440	-34.234001
0.159520	-34.234001
0.159600	-34.641701
0.159680	-34.234001
0.159760	-33.826302
0.159840	-32.603298
0.159920	-32.195599
0.160000	-31.380301
0.160080	-30.565001
0.160160	-30.565001
0.160240	-30.972601
0.160320	-30.157301
0.160400	-30.157301
0.160480	-30.565001
0.160560	-30.157301
0.160640	-30.565001
0.160720	-31.380301
0.160800	-31.380301
0.160880	-30.565001
0.160960	-30.565001
0.161040	-30.157301
0.161120	-30.565001
0.161200	-30.972601
0.161280	-30.565001
0.161360	-30.157301
0.161440	-31.788000
0.161520	-31.788000
0.161600	-31.380301
0.161680	-31.788000
0.161760	-30.157301
0.161840	-29.749599
0.161920	-30.157301
0.162000	-30.157301
0.162080	-30.972601
0.162160	-30.565001
0.162240	-30.157301
0.162320	-30.157301
0.162400	-30.972601
0.162480	-31.788000
0.162560	-31.788000
0.162640	-32.195599
0.162720	-31.788000
0.162800	-30.972601
0.162880	-30.565001
0.162960	-31.380301
0.163040	-30.157301
0.163120	-30.972601
0.163200	-30.565001
0.163280	-30.972601
0.163360	-30.972601
0.163440	-30.565001
0.163520	-30.565001
0.163600	-30.157301
0.163680	-30.157301
0.163760	-29.749599
0.163840	-29.341900
0.163920	-28.118900
0.164000	-27.303600
0.164080	-26.488199
0.164160	-24.857500
0.164240	-24.449900
0.164320	-23.634501
0.164400	-22.819201
0.164480	-21.596201
0.164560	-19.557800
0.164640	-18.742500
0.164720	-18.334801
0.164800	-17.519501
0.164880	-17.927099
0.164960	-17.111799
0.165040	-17.111799
0.165120	-16.704100
0.165200	-16.296400
0.165280	-14.258000
0.165360	-13.035000
0.165440	-11.812000
0.165520	-11.812000
0.165600	-10.996700
0.165680	-10.181300
0.165760	-9.773690
0.165840	-7.735330
0.165920	-7.735330
0.166000	-6.919990
0.166080	-6.512320
0.166160	-6.919990
0.166240	-8.143000
0.166320	-7.735330
0.166400	-7.327660
0.166480	-7.735330
0.166560	-6.919990
0.166640	-6.919990
0.166720	-5.289300
0.166800	-6.104640
0.166880	-4.881630
0.166960	-5.696970
0.167040	-6.104640
0.167120	-5.696970
0.167200	-5.289300
0.167280	-4.881630
0.167360	-3.250940
0.167440	-1.620250
0.167520	-0.804911
0.167600	-1.212580
0.167680	-1.212580
0.167760	-0.804911
0.167840	0.825776
0.167920	2.048790
0.168000	3.679480
0.168080	3.679480
0.168160	5.310170
0.168240	5.310170
0.168320	6.533180
0.168400	6.940850
0.168480	8.163870
0.168560	8.979210
0.168640	10.202200
0.168720	10.202200
0.168800	10.609900
0.168880	10.609900
0.168960	10.609900
0.169040	10.609900
0.169120	11.017500
0.169200	11.832900
0.169280	13.463600
0.169360	14.686600
0.169440	15.094200
0.169520	16.317301
0.169600	16.725000
0.169680	17.132601
0.169760	16.725000
0.169840	16.725000
0.169920	16.725000
0.170000	17.540300
0.170080	17.948000
0.170160	18.763300
0.170240	19.171000
0.170320	20.393999
0.170400	20.801701
0.170480	21.209400
0.170560	21.209400
0.170640	21.209400
0.170720	23.247700
0.170800	24.878401
0.170880	25.286100
0.170960	26.101400
0.171040	26.101400
0.171120	24.878401
0.171200	25.693800
0.171280	26.509100
0.171360	27.732100
0.171440	28.547501
0.171520	28.547501
0.171600	28.955099
0.171680	30.178101
0.171760	31.808800
0.171840	33.439499
0.171920	35.477901
0.172000	36.293201
0.172080	37.516201
0.172160	37.923901
0.172240	38.331600
0.172320	39.554600
0.172400	39.962299
0.172480	41.592999
0.172560	42.816002
0.172640	42.816002
0.172720	42.816002
0.172800	42.816002
0.172880	43.223598
0.172960	44.854301
0.173040	46.077301
0.173120	46.485001
0.173200	46.485001
0.173280	47.300400
0.173360	47.300400
0.173440	47.708000
0.173520	49.338699
0.173600	50.561699
0.173680	51.377102
0.173760	50.969398
0.173840	51.784801
0.173920	51.784801
0.174000	52.600101
0.174080	53.823101
0.174160	54.230801
0.174240	54.638500
0.174320	55.046101
0.174400	55.861500
0.174480	55.861500
0.174560	56.269100
0.174640	55.861500
0.174720	56.269100
0.174800	57.899799
0.174880	58.307499
0.174960	59.122799
0.175040	59.530499
0.175120	59.938202
0.175200	59.938202
0.175280	59.938202
0.175360	60.753502
0.175440	61.161201
0.175520	61.161201
0.175600	61.568901
0.175680	62.384201
0.175760	63.199600
0.175840	64.014900
0.175920	64.830200
0.176000	66.053299
0.176080	66.460899
0.176160	65.237900
0.176240	65.237900
0.176320	66.460899
0.176400	66.053299
0.176480	68.499298
0.176560	69.314598
0.176640	69.722298
0.176720	68.906998
0.176800	69.314598
0.176880	69.314598
0.176960	70.537697
0.177040	71.760696
0.177120	72.575996
0.177200	72.168297
0.177280	72.168297
0.177360	72.575996
0.177440	72.983704
0.177520	74.614403
0.177600	76.652702
0.177680	77.875702
0.177760	79.506401
0.177840	79.506401
0.177920	79.506401
0.178000	79.506401
0.178080	79.914101
0.178160	80.321800
0.178240	80.729401
0.178320	80.729401
0.178400	82.767799
0.178480	84.806198
0.178560	87.252197
0.178640	88.882896
0.178720	89.698196
0.178800	89.290604
0.178880	88.882896
0.178960	89.290604
0.179040	89.290604
0.179120	89.290604
0.179200	90.105904
0.179280	90.921204
0.179360	91.736603
0.179440	92.551903
0.179520	93.774902
0.179600	94.182602
0.179680	94.590302
0.179760	94.590302
0.179840	94.998001
0.179920	95.405602
0.180000	95.405602
0.180080	96.221001
0.180160	97.036301
0.180240	96.628700
0.180320	97.851700
0.180400	99.074699
0.180480	99.482300
0.180560	99.889999
0.180640	101.112999
0.180720	101.519997
0.180800	101.928001
0.180880	102.335999
0.180960	103.151001
0.181040	104.781998
0.181120	105.597000
0.181200	105.597000
0.181280	106.004997
0.181360	106.004997
0.181440	106.004997
0.181520	106.820000
0.181600	107.227997
0.181680	108.450996
0.181760	108.858002
0.181840	109.674004
0.181920	110.081001
0.182000	110.897003
0.182080	111.711998
0.182160	112.934998
0.182240	113.343002
0.182320	114.973000
0.182400	115.380997
0.182480	117.012001
0.182560	118.235001
0.182640	118.641998
0.182720	119.050003
0.182800	120.273003
0.182880	122.311996
0.182960	124.758003
0.183040	125.572998
0.183120	123.126999
0.183200	120.681000
0.183280	117.012001
0.183360	117.827003
0.183440	120.681000
0.183520	124.349998
0.183600	128.427002
0.183680	129.649994
0.183760	128.835007
0.183840	128.018997
0.183920	127.204002
0.184000	128.427002
0.184080	127.611000
0.184160	128.427002
0.184240	129.649994
0.184320	130.057999
0.184400	132.095993
0.184480	131.688004
0.184560	132.095993
0.184640	131.688004
0.184720	131.688004
0.184800	131.688004
0.184880	133.319000
0.184960	133.727005
0.185040	134.134003
0.185120	133.319000
0.185200	133.319000
0.185280	133.727005
0.185360	133.319000
0.185440	134.949997
0.185520	135.356995
0.185600	136.580002
0.185680	138.619003
0.185760	137.804001
0.185840	138.210999
0.185920	137.804001
0.186000	139.026993
0.186080	138.619003
0.186160	139.434006
0.186240	139.841995
0.186320	140.250000
0.186400	140.250000
0.186480	141.065002
0.186560	141.880005
0.186640	142.287994
0.186720	143.511002
0.186800	145.141998
0.186880	145.141998
0.186960	145.141998
0.187040	143.919006
0.187120	143.511002
0.187200	142.695999
0.187280	143.919006
0.187360	145.141998
0.187440	146.365005
0.187520	148.403000
0.187600	148.811005
0.187680	149.626007
0.187760	150.033997
0.187840	150.848999
0.187920	152.072006
0.188000	151.664001
0.188080	151.257004
0.188160	150.440994
0.188240	150.848999
0.188320	150.848999
0.188400	151.664001
0.188480	152.072006
0.188560	152.072006
0.188640	152.072006
0.188720	152.886993
0.188800	153.294998
0.188880	152.886993
0.188960	153.294998
0.189040	152.886993
0.189120	152.479996
0.189200	151.664001
0.189280	150.848999
0.189360	150.440994
0.189440	150.848999
0.189520	152.072006
0.189600	154.110001
0.189680	156.556000
0.189760	158.186996
0.189840	159.001999
0.189920	160.225006
0.190000	161.041000
0.190080	163.893997
0.190160	165.524994
0.190240	168.378998
0.190320	169.602005
0.190400	170.824997
0.190480	171.639999
0.190560	172.455994
0.190640	172.455994
0.190720	173.270996
0.190800	174.085999
0.190880	174.901993
0.190960	176.940002
0.191040	177.755005
0.191120	178.570999
0.191200	178.977997
0.191280	178.570999
0.191360	178.570999
0.191440	178.162994
0.191520	177.348007
0.191600	176.940002
0.191680	176.125000
0.191760	175.716995
0.191840	175.309006
0.191920	175.716995
0.192000	177.348007
0.192080	178.162994
0.192160	180.201004
0.192240	181.832001
0.192320	184.686005
0.192400	187.132004
0.192480	188.354996
0.192560	190.393005
0.192640	191.615997
0.192720	192.432007
0.192800	193.654999
0.192880	196.100998
0.192960	197.324005
0.193040	198.139008
0.193120	197.324005
0.193200	198.953995
0.193280	198.139008
0.193360	199.362000
0.193440	200.585007
0.193520	200.992996
0.193600	203.031006
0.193680	204.662003
0.193760	206.699997
0.193840	208.330994
0.193920	209.554001
0.194000	210.776993
0.194080	212.815002
0.194160	216.076004
0.194240	217.707001
0.194320	215.669006
0.194400	211.591995
0.194480	207.923004
0.194560	207.923004
0.194640	211.184006
0.194720	216.076004
0.194800	217.707001
0.194880	218.929993
0.194960	219.337997
0.195040	219.337997
0.195120	220.153000
0.195200	219.746002
0.195280	220.153000
0.195360	220.153000
0.195440	219.337997
0.195520	220.153000
0.195600	222.598999
0.195680	224.229996
0.195760	225.044998
0.195840	225.860992
0.195920	224.638000
0.196000	222.598999
0.196080	220.968994
0.196160	220.153000
0.196240	221.376007
0.196320	223.414993
0.196400	225.044998
0.196480	225.860992
0.196560	227.084000
0.196640	228.714005
0.196720	229.936996
0.196800	231.160004
0.196880	231.160004
0.196960	231.567993
0.197040	231.975998
0.197120	233.199005
0.197200	234.014008
0.197280	236.052002
0.197360	237.274994
0.197440	237.274994
0.197520	238.498001
0.197600	238.091003
0.197680	238.091003
0.197760	237.274994
0.197840	238.091003
0.197920	238.091003
0.198000	238.906006
0.198080	239.313995
0.198160	236.460007
0.198240	232.791000
0.198320	228.714005
0.198400	225.453003
0.198480	229.529999
0.198560	238.091003
0.198640	247.059998
0.198720	251.136002
0.198800	249.505997
0.198880	244.613998
0.198960	240.944000
0.199040	239.313995
0.199120	239.313995
0.199200	239.720993
0.199280	239.313995
0.199360	238.091003
0.199440	236.052002
0.199520	236.460007
0.199600	236.460007
0.199680	238.498001
0.199760	240.128998
0.199840	242.167007
0.199920	242.983002
0.200000	245.020996
0.200080	246.651993
0.200160	249.098007
0.200240	250.729004
0.200320	251.544006
0.200400	251.544006
0.200480	251.951996
0.200560	252.766998
0.200640	256.028015
0.200720	258.066986
0.200800	259.696991
0.200880	260.105011
0.200960	262.550995
0.201040	265.812012
0.201120	268.665985
0.201200	271.928009
0.201280	275.188995
0.201360	278.042999
0.201440	280.080994
0.201520	282.527008
0.201600	284.565002
0.201680	287.010986
0.201760	289.049988
0.201840	291.496002
0.201920	293.533997
0.202000	295.980011
0.202080	299.648987
0.202160	302.911011
0.202240	303.726013
0.202320	306.171997
0.202400	306.579987
0.202480	308.209991
0.202560	309.841003
0.202640	311.878998
0.202720	313.101990
0.202800	313.101990
0.202880	313.917999
0.202960	315.140991
0.203040	316.364014
0.203120	319.217010
0.203200	321.662994
0.203280	323.701996
0.203360	326.556000
0.203440	329.002014
0.203520	331.040009
0.203600	331.447998
0.203680	331.447998
0.203760	330.631989
0.203840	331.447998
0.203920	332.263000
0.204000	333.894012
0.204080	336.339996
0.204160	338.377991
0.204240	340.824005
0.204320	342.862000
0.204400	344.901001
0.204480	346.938995
0.204560	348.161987
0.204640	350.608002
0.204720	351.830994
0.204800	352.239014
0.204880	353.053986
0.204960	353.462006
0.205040	353.462006
0.205120	354.277008
0.205200	356.316010
0.205280	357.131012
0.205360	357.131012
0.205440	357.539001
0.205520	358.354004
0.205600	358.761993
0.205680	359.169006
0.205760	359.576996
0.205840	360.391998
0.205920	360.799988
0.206000	362.023010
0.206080	362.431000
0.206160	363.246002
0.206240	363.246002
0.206320	362.838013
0.206400	362.838013
0.206480	362.023010
0.206560	361.208008
0.206640	361.208008
0.206720	360.799988
0.206800	361.614990
0.206880	362.431000
0.206960	362.838013
0.207040	362.431000
0.207120	362.023010
0.207200	361.614990
0.207280	359.984985
0.207360	359.169006
0.207440	358.761993
0.207520	357.946014
0.207600	359.984985
0.207680	362.023010
0.207760	363.653992
0.207840	365.283997
0.207920	367.730011
0.208000	370.992004
0.208080	374.661011
0.208160	377.921997
0.208240	382.407013
0.208320	386.890991
0.208400	389.744995
0.208480	393.414001
0.208560	397.898010
0.208640	401.158997
0.208720	405.644012
0.208800	408.904999
0.208880	411.759003
0.208960	415.019989
0.209040	418.282013
0.209120	422.765991
0.209200	427.250000
0.209280	430.511993
0.209360	431.734985
0.209440	431.326996
0.209520	430.511993
0.209600	432.143005
0.209680	434.181000
0.209760	436.218994
0.209840	437.035004
0.209920	436.218994
0.210000	435.403992
0.210080	434.588989
0.210160	434.181000
0.210240	434.588989
0.210320	434.181000
0.210400	434.181000
0.210480	433.773010
0.210560	434.181000
0.210640	433.773010
0.210720	434.996002
0.210800	434.588989
0.210880	435.403992
0.210960	435.403992
0.211040	436.627014
0.211120	437.441986
0.211200	437.850006
0.211280	438.257996
0.211360	438.665009
0.211440	439.888000
0.211520	441.110992
0.211600	442.742004
0.211680	445.596008
0.211760	447.634003
0.211840	447.634003
0.211920	448.041992
0.212000	449.265015
0.212080	450.079987
0.212160	451.710999
0.212240	452.118011
0.212320	453.341003
0.212400	454.563995
0.212480	454.971985
0.212560	454.971985
0.212640	455.787994
0.212720	454.971985
0.212800	454.971985
0.212880	455.787994
0.212960	456.195007
0.213040	459.049011
0.213120	460.679993
0.213200	461.494995
0.213280	461.903015
0.213360	461.903015
0.213440	463.126007
0.213520	462.309998
0.213600	463.941010
0.213680	465.164001
0.213760	466.386993
0.213840	465.979004
0.213920	466.386993
0.214000	467.201996
0.214080	469.240997
0.214160	469.648010
0.214240	470.056000
0.214320	469.648010
0.214400	471.687012
0.214480	471.278992
0.214560	471.687012
0.214640	470.871002
0.214720	470.056000
0.214800	470.871002
0.214880	470.871002
0.214960	471.278992
0.215040	470.871002
0.215120	469.648010
0.215200	468.424988
0.215280	466.795013
0.215360	464.756012
0.215440	463.941010
0.215520	463.532990
0.215600	463.126007
0.215680	461.903015
0.215760	461.087006
0.215840	460.679993
0.215920	459.864014
0.216000	458.640991
0.216080	457.417999
0.216160	457.417999
0.216240	459.049011
0.216320	460.679993
0.216400	462.717987
0.216480	462.717987
0.216560	462.309998
0.216640	460.272003
0.216720	459.457001
0.216800	458.234009
0.216880	457.010986
0.216960	455.787994
0.217040	454.563995
0.217120	452.933990
0.217200	450.894989
0.217280	447.634003
0.217360	443.964996
0.217440	441.927002
0.217520	440.704010
0.217600	441.927002
0.217680	443.557007
0.217760	444.372986
0.217840	443.964996
0.217920	443.149994
0.218000	441.519012
0.218080	439.480988
0.218160	438.665009
0.218240	439.072998
0.218320	438.665009
0.218400	437.850006
0.218480	437.035004
0.218560	436.218994
0.218640	436.627014
0.218720	437.441986
0.218800	438.665009
0.218880	439.888000
0.218960	441.927002
0.219040	443.149994
0.219120	443.964996
0.219200	444.779999
0.219280	446.411011
0.219360	446.819000
0.219440	447.226013
0.219520	447.634003
0.219600	448.041992
0.219680	449.671997
0.219760	450.488007
0.219840	452.526001
0.219920	454.157013
0.220000	454.971985
0.220080	456.602997
0.220160	457.825989
0.220240	458.640991
0.220320	459.864014
0.220400	460.272003
0.220480	461.494995
0.220560	462.717987
0.220640	463.532990
0.220720	463.126007
0.220800	462.309998
0.220880	461.087006
0.220960	459.049011
0.221040	457.417999
0.221120	454.563995
0.221200	450.894989
0.221280	450.488007
0.221360	455.380005
0.221440	462.717987
0.221520	470.871002
0.221600	474.132996
0.221680	473.316986
0.221760	470.056000
0.221840	466.795013
0.221920	465.571991
0.222000	465.571991
0.222080	465.571991
0.222160	466.386993
0.222240	465.979004
0.222320	465.979004
0.222400	465.571991
0.222480	464.756012
0.222560	465.164001
0.222640	464.756012
0.222720	465.571991
0.222800	465.979004
0.222880	464.756012
0.222960	464.348999
0.223040	463.941010
0.223120	463.941010
0.223200	463.532990
0.223280	463.532990
0.223360	464.348999
0.223440	465.164001
0.223520	464.756012
0.223600	463.941010
0.223680	463.532990
0.223760	462.309998
0.223840	462.309998
0.223920	463.126007
0.224000	463.126007
0.224080	462.717987
0.224160	461.903015
0.224240	461.494995
0.224320	461.494995
0.224400	462.717987
0.224480	463.126007
0.224560	463.532990
0.224640	463.532990
0.224720	462.309998
0.224800	461.903015
0.224880	462.309998
0.224960	461.494995
0.225040	461.903015
0.225120	460.679993
0.225200	461.494995
0.225280	461.903015
0.225360	463.126007
0.225440	462.717987
0.225520	462.717987
0.225600	461.494995
0.225680	461.494995
0.225760	460.679993
0.225840	460.679993
0.225920	461.087006
0.226000	461.903015
0.226080	461.903015
0.226160	461.087006
0.226240	460.272003
0.226320	459.864014
0.226400	459.457001
0.226480	459.864014
0.226560	460.679993
0.226640	460.272003
0.226720	459.864014
0.226800	460.679993
0.226880	459.864014
0.226960	459.457001
0.227040	458.640991
0.227120	457.825989
0.227200	457.417999
0.227280	458.234009
0.227360	459.049011
0.227440	458.640991
0.227520	457.417999
0.227600	456.195007
0.227680	454.157013
0.227760	453.341003
0.227840	452.933990
0.227920	452.933990
0.228000	453.341003
0.228080	453.748993
0.228160	453.748993
0.228240	451.710999
0.228320	451.303009
0.228400	450.488007
0.228480	451.303009
0.228560	451.303009
0.228640	450.894989
0.228720	450.894989
0.228800	449.671997
0.228880	449.265015
0.228960	449.265015
0.229040	448.856995
0.229120	449.265015
0.229200	448.856995
0.229280	448.041992
0.229360	448.041992
0.229440	448.041992
0.229520	447.634003
0.229600	447.226013
0.229680	447.226013
0.229760	447.226013
0.229840	447.634003
0.229920	448.856995
0.230000	448.041992
0.230080	448.041992
0.230160	448.041992
0.230240	448.856995
0.230320	448.041992
0.230400	448.449005
0.230480	448.856995
0.230560	448.449005
0.230640	449.671997
0.230720	449.671997
0.230800	450.894989
0.230880	449.671997
0.230960	449.671997
0.231040	450.079987
0.231120	450.079987
0.231200	451.303009
0.231280	451.303009
0.231360	451.710999
0.231440	451.303009
0.231520	450.894989
0.231600	451.303009
0.231680	451.710999
0.231760	452.526001
0.231840	453.341003
0.231920	452.933990
0.232000	453.748993
0.232080	453.748993
0.232160	453.341003
0.232240	454.563995
0.232320	455.380005
0.232400	456.602997
0.232480	458.640991
0.232560	459.457001
0.232640	460.272003
0.232720	461.494995
0.232800	461.903015
0.232880	463.126007
0.232960	463.941010
0.233040	462.717987
0.233120	462.717987
0.233200	463.126007
0.233280	463.941010
0.233360	464.348999
0.233440	464.756012
0.233520	466.795013
0.233600	468.018005
0.233680	468.424988
0.233760	469.240997
0.233840	470.871002
0.233920	470.463989
0.234000	470.871002
0.234080	473.725006
0.234160	473.725006
0.234240	474.540009
0.234320	475.355988
0.234400	476.170990
0.234480	476.985992
0.234560	476.985992
0.234640	477.802002
0.234720	479.839996
0.234800	480.654999
0.234880	480.654999
0.234960	481.062988
0.235040	480.654999
0.235120	480.654999
0.235200	481.062988
0.235280	481.471008
0.235360	482.286011
0.235440	482.286011
0.235520	481.471008
0.235600	480.654999
0.235680	480.247986
0.235760	478.617004
0.235840	479.024994
0.235920	480.654999
0.236000	483.101990
0.236080	485.140015
0.236160	485.140015
0.236240	483.101990
0.236320	481.877991
0.236400	480.654999
0.236480	481.062988
0.236560	481.062988
0.236640	481.877991
0.236720	482.286011
0.236800	483.101990
0.236880	484.325012
0.236960	484.325012
0.237040	484.325012
0.237120	484.325012
0.237200	483.916992
0.237280	483.916992
0.237360	485.140015
0.237440	485.140015
0.237520	486.770996
0.237600	485.954987
0.237680	485.954987
0.237760	486.363007
0.237840	486.363007
0.237920	486.770996
0.238000	487.585999
0.238080	487.993988
0.238160	485.954987
0.238240	484.731995
0.238320	483.101990
0.238400	482.694000
0.238480	481.062988
0.238560	481.471008
0.238640	481.062988
0.238720	480.654999
0.238800	479.839996
0.238880	479.024994
0.238960	479.024994
0.239040	480.247986
0.239120	481.877991
0.239200	481.877991
0.239280	483.101990
0.239360	483.101990
0.239440	484.325012
0.239520	485.140015
0.239600	485.954987
0.239680	487.585999
0.239760	487.178009
0.239840	487.993988
0.239920	488.808990
0.240000	490.846985
0.240080	491.255005
0.240160	491.662994
0.240240	494.109009
0.240320	495.739014
0.240400	498.184998
0.240480	497.778015
0.240560	497.778015
0.240640	496.554993
0.240720	494.924011
0.240800	496.147003
0.240880	495.739014
0.240960	497.369995
0.241040	499.001007
0.241120	499.816010
0.241200	500.223999
0.241280	501.039001
0.241360	501.039001
0.241440	501.039001
0.241520	501.446991
0.241600	501.446991
0.241680	501.039001
0.241760	500.631012
0.241840	499.001007
0.241920	499.001007
0.242000	498.184998
0.242080	499.407990
0.242160	499.407990
0.242240	498.592987
0.242320	498.592987
0.242400	497.369995
0.242480	496.962006
0.242560	497.369995
0.242640	497.778015
0.242720	499.001007
0.242800	499.001007
0.242880	499.407990
0.242960	498.184998
0.243040	497.369995
0.243120	496.962006
0.243200	497.369995
0.243280	497.778015
0.243360	496.962006
0.243440	496.554993
0.243520	495.332001
0.243600	494.924011
0.243680	494.515991
0.243760	494.109009
0.243840	493.700989
0.243920	492.885986
0.244000	492.477997
0.244080	491.255005
0.244160	490.846985
0.244240	491.255005
0.244320	491.255005
0.244400	491.662994
0.244480	492.477997
0.244560	492.070007
0.244640	491.662994
0.244720	491.662994
0.244800	490.846985
0.244880	491.255005
0.244960	491.662994
0.245040	490.440002
0.245120	490.440002
0.245200	489.217010
0.245280	488.808990
0.245360	488.808990
0.245440	488.808990
0.245520	489.217010
0.245600	490.032013
0.245680	491.255005
0.245760	491.255005
0.245840	492.070007
0.245920	492.885986
0.246000	493.292999
0.246080	492.885986
0.246160	493.292999
0.246240	493.292999
0.246320	492.885986
0.246400	492.885986
0.246480	493.292999
0.246560	492.477997
0.246640	492.885986
0.246720	492.885986
0.246800	492.885986
0.246880	492.477997
0.246960	492.885986
0.247040	492.477997
0.247120	492.477997
0.247200	493.292999
0.247280	492.885986
0.247360	493.292999
0.247440	492.070007
0.247520	492.070007
0.247600	493.292999
0.247680	492.477997
0.247760	492.070007
0.247840	492.070007
0.247920	491.662994
0.248000	487.178009
0.248080	485.548004
0.248160	484.731995
0.248240	484.325012
0.248320	484.731995
0.248400	483.101990
0.248480	482.286011
0.248560	479.839996
0.248640	477.394012
0.248720	477.394012
0.248800	476.579010
0.248880	476.579010
0.248960	475.763000
0.249040	474.947998
0.249120	472.910004
0.249200	472.910004
0.249280	472.093994
0.249360	472.093994
0.249440	471.278992
0.249520	469.648010
0.249600	468.833008
0.249680	467.609985
0.249760	466.386993
0.249840	465.571991
0.249920	465.164001
0.250000	463.941010
0.250080	463.532990
0.250160	463.126007
0.250240	463.532990
0.250320	464.348999
0.250400	463.126007
0.250480	462.717987
0.250560	462.717987
0.250640	462.309998
0.250720	463.126007
0.250800	463.532990
0.250880	463.126007
0.250960	462.717987
0.251040	461.903015
0.251120	461.087006
0.251200	460.679993
0.251280	461.087006
0.251360	461.087006
0.251440	461.494995
0.251520	460.679993
0.251600	461.903015
0.251680	461.494995
0.251760	461.494995
0.251840	461.087006
0.251920	460.679993
0.252000	459.864014
0.252080	458.640991
0.252160	458.234009
0.252240	457.010986
0.252320	456.195007
0.252400	456.602997
0.252480	455.380005
0.252560	454.157013
0.252640	452.933990
0.252720	451.710999
0.252800	451.303009
0.252880	450.894989
0.252960	449.671997
0.253040	449.671997
0.253120	447.634003
0.253200	446.819000
0.253280	446.411011
0.253360	446.411011
0.253440	446.002991
0.253520	444.779999
0.253600	443.964996
0.253680	443.557007
0.253760	443.149994
0.253840	443.149994
0.253920	442.334015
0.254000	442.334015
0.254080	441.927002
0.254160	441.519012
0.254240	441.519012
0.254320	441.110992
0.254400	441.110992
0.254480	440.295990
0.254560	439.072998
0.254640	438.665009
0.254720	438.257996
0.254800	438.665009
0.254880	437.850006
0.254960	435.812012
0.255040	436.218994
0.255120	435.403992
0.255200	435.403992
0.255280	434.588989
0.255360	433.773010
0.255440	432.958008
0.255520	432.549988
0.255600	432.958008
0.255680	431.734985
0.255760	430.920013
0.255840	430.511993
0.255920	430.104004
0.256000	429.696991
0.256080	429.696991
0.256160	429.289001
0.256240	428.472992
0.256320	427.657990
0.256400	426.842987
0.256480	427.250000
0.256560	428.066010
0.256640	427.657990
0.256720	427.250000
0.256800	426.027008
0.256880	425.619995
0.256960	423.989014
0.257040	422.358002
0.257120	422.358002
0.257200	421.542999
0.257280	421.542999
0.257360	419.505005
0.257440	417.466003
0.257520	417.466003
0.257600	417.058990
0.257680	416.243011
0.257760	415.835999
0.257840	415.019989
0.257920	413.390015
0.258000	412.981995
0.258080	412.574005
0.258160	412.981995
0.258240	412.574005
0.258320	412.166992
0.258400	410.944000
0.258480	410.127991
0.258560	409.721008
0.258640	408.904999
0.258720	408.904999
0.258800	406.867004
0.258880	406.052002
0.258960	404.829010
0.259040	404.013000
0.259120	403.605988
0.259200	403.197998
0.259280	403.605988
0.259360	402.790009
0.259440	401.158997
0.259520	400.343994
0.259600	399.121002
0.259680	397.898010
0.259760	397.083008
0.259840	396.266998
0.259920	395.451996
0.260000	395.044006
0.260080	395.044006
0.260160	394.636993
0.260240	394.229004
0.260320	395.044006
0.260400	395.044006
0.260480	394.229004
0.260560	393.006012
0.260640	390.152008
0.260720	387.705994
0.260800	386.483002
0.260880	384.445007
0.260960	384.445007
0.261040	384.445007
0.261120	383.630005
0.261200	382.407013
0.261280	381.591003
0.261360	381.183990
0.261440	381.998993
0.261520	381.998993
0.261600	381.998993
0.261680	381.998993
0.261760	380.368011
0.261840	378.329987
0.261920	376.699005
0.262000	375.476013
0.262080	374.661011
0.262160	373.845001
0.262240	372.622009
0.262320	371.807007
0.262400	371.807007
0.262480	371.398987
0.262560	370.992004
0.262640	369.769012
0.262720	368.138000
0.262800	367.322998
0.262880	366.506989
0.262960	365.283997
0.263040	365.691986
0.263120	364.877014
0.263200	365.691986
0.263280	364.061005
0.263360	364.061005
0.263440	363.653992
0.263520	361.208008
0.263600	359.576996
0.263680	359.576996
0.263760	360.391998
0.263840	359.169006
0.263920	359.169006
0.264000	357.946014
0.264080	356.722992
0.264160	356.722992
0.264240	356.316010
0.264320	356.316010
0.264400	356.316010
0.264480	355.907990
0.264560	354.684998
0.264640	353.869995
0.264720	353.462006
0.264800	353.053986
0.264880	351.830994
0.264960	350.200989
0.265040	348.161987
0.265120	347.346985
0.265200	346.531006
0.265280	345.308014
0.265360	346.531006
0.265440	345.308014
0.265520	345.308014
0.265600	344.901001
0.265680	344.084991
0.265760	343.269989
0.265840	342.862000
0.265920	343.269989
0.266000	342.454987
0.266080	341.639008
0.266160	342.046997
0.266240	341.639008
0.266320	340.824005
0.266400	339.601013
0.266480	339.601013
0.266560	337.970001
0.266640	336.747009
0.266720	335.523987
0.266800	335.932007
0.266880	335.523987
0.266960	335.523987
0.267040	334.709015
0.267120	334.709015
0.267200	334.300995
0.267280	333.894012
0.267360	332.670990
0.267440	331.855011
0.267520	331.447998
0.267600	331.040009
0.267680	330.225006
0.267760	329.002014
0.267840	327.778992
0.267920	327.371002
0.268000	326.556000
0.268080	326.148010
0.268160	326.148010
0.268240	325.333008
0.268320	324.924988
0.268400	324.516998
0.268480	324.109985
0.268560	323.294006
0.268640	322.886993
0.268720	321.662994
0.268800	320.440002
0.268880	320.032990
0.268960	319.217010
0.269040	317.178986
0.269120	316.364014
0.269200	315.548004
0.269280	314.733002
0.269360	314.733002
0.269440	313.101990
0.269520	312.695007
0.269600	313.510010
0.269680	312.286987
0.269760	311.471985
0.269840	311.063995
0.269920	309.026001
0.270000	308.209991
0.270080	307.394989
0.270160	306.579987
0.270240	306.171997
0.270320	305.764008
0.270400	304.949005
0.270480	304.949005
0.270560	304.540985
0.270640	304.540985
0.270720	303.317993
0.270800	302.911011
0.270880	302.502991
0.270960	301.687988
0.271040	300.464996
0.271120	300.872009
0.271200	300.057007
0.271280	300.057007
0.271360	299.648987
0.271440	299.648987
0.271520	300.057007
0.271600	300.464996
0.271680	300.464996
0.271760	299.648987
0.271840	298.834015
0.271920	298.425995
0.272000	298.425995
0.272080	297.610992
0.272160	297.203003
0.272240	296.795990
0.272320	296.388000
0.272400	295.980011
0.272480	294.756989
0.272560	293.941986
0.272640	292.718994
0.272720	291.903015
0.272800	291.903015
0.272880	291.903015
0.272960	291.088013
0.273040	289.864990
0.273120	287.826996
0.273200	287.419006
0.273280	287.010986
0.273360	287.419006
0.273440	288.234009
0.273520	288.234009
0.273600	287.826996
0.273680	288.234009
0.273760	288.234009
0.273840	287.010986
0.273920	286.196014
0.274000	283.750000
0.274080	282.527008
0.274160	281.303986
0.274240	278.858002
0.274320	277.635010
0.274400	278.450012
0.274480	280.080994
0.274560	283.342010
0.274640	284.972992
0.274720	285.381012
0.274800	284.565002
0.274880	282.118988
0.274960	281.303986
0.275040	280.489014
0.275120	279.265991
0.275200	279.673004
0.275280	278.858002
0.275360	278.450012
0.275440	277.635010
0.275520	277.226990
0.275600	276.411987
0.275680	276.411987
0.275760	277.226990
0.275840	276.411987
0.275920	276.003998
0.276000	275.188995
0.276080	274.781006
0.276160	274.373993
0.276240	273.966003
0.276320	273.558014
0.276400	273.966003
0.276480	273.151001
0.276560	272.334991
0.276640	271.112000
0.276720	269.480988
0.276800	268.257996
0.276880	267.035004
0.276960	267.442993
0.277040	267.442993
0.277120	267.442993
0.277200	265.404999
0.277280	265.404999
0.277360	264.997009
0.277440	264.182007
0.277520	262.550995
0.277600	261.328003
0.277680	260.105011
0.277760	258.473999
0.277840	256.843994
0.277920	255.212997
0.278000	254.397995
0.278080	255.212997
0.278160	256.028015
0.278240	256.436005
0.278320	256.843994
0.278400	254.804993
0.278480	252.358994
0.278560	251.544006
0.278640	252.766998
0.278720	251.544006
0.278800	252.358994
0.278880	250.729004
0.278960	249.912994
0.279040	247.875000
0.279120	247.875000
0.279200	247.466995
0.279280	248.283005
0.279360	248.283005
0.279440	248.690002
0.279520	247.875000
0.279600	246.651993
0.279680	245.837006
0.279760	245.020996
0.279840	245.429001
0.279920	245.837006
0.280000	245.020996
0.280080	243.798004
0.280160	243.798004
0.280240	243.798004
0.280320	244.205994
0.280400	242.167007
0.280480	241.352005
0.280560	240.128998
0.280640	241.759995
0.280720	240.944000
0.280800	240.944000
0.280880	240.944000
0.280960	241.759995
0.281040	240.944000
0.281120	240.944000
0.281200	240.128998
0.281280	239.313995
0.281360	237.274994
0.281440	237.682999
0.281520	237.682999
0.281600	236.867996
0.281680	236.867996
0.281760	235.237000
0.281840	234.421997
0.281920	234.421997
0.282000	234.421997
0.282080	233.606003
0.282160	232.382996
0.282240	231.975998
0.282320	231.567993
0.282400	231.160004
0.282480	230.753006
0.282560	230.753006
0.282640	229.529999
0.282720	229.529999
0.282800	228.307007
0.282880	228.307007
0.282960	228.307007
0.283040	227.899002
0.283120	226.675995
0.283200	225.453003
0.283280	224.638000
0.283360	225.044998
0.283440	225.860992
0.283520	225.044998
0.283600	224.638000
0.283680	224.638000
0.283760	223.414993
0.283840	221.783997
0.283920	221.783997
0.284000	220.968994
0.284080	220.561005
0.284160	220.153000
0.284240	219.337997
0.284320	218.929993
0.284400	218.929993
0.284480	218.522995
0.284560	218.522995
0.284640	218.115005
0.284720	217.707001
0.284800	216.483994
0.284880	216.076004
0.284960	216.483994
0.285040	216.076004
0.285120	215.669006
0.285200	215.669006
0.285280	214.852997
0.285360	213.630005
0.285440	213.223007
0.285520	211.591995
0.285600	211.184006
0.285680	211.591995
0.285760	211.591995
0.285840	211.591995
0.285920	212.000000
0.286000	212.000000
0.286080	211.184006
0.286160	211.184006
0.286240	211.184006
0.286320	211.184006
0.286400	210.776993
0.286480	212.000000
0.286560	211.591995
0.286640	210.776993
0.286720	210.369003
0.286800	209.960999
0.286880	209.145996
0.286960	209.960999
0.287040	208.738007
0.287120	208.738007
0.287200	207.923004
0.287280	207.923004
0.287360	207.514999
0.287440	207.108002
0.287520	207.108002
0.287600	206.292007
0.287680	205.477005
0.287760	205.477005
0.287840	205.069000
0.287920	205.069000
0.288000	205.069000
0.288080	204.662003
0.288160	204.662003
0.288240	205.477005
0.288320	205.069000
0.288400	204.662003
0.288480	204.253998
0.288560	203.031006
0.288640	203.438995
0.288720	203.438995
0.288800	203.845993
0.288880	203.845993
0.288960	203.845993
0.289040	203.031006
0.289120	203.438995
0.289200	202.623001
0.289280	201.399994
0.289360	200.585007
0.289440	199.362000
0.289520	199.770004
0.289600	199.770004
0.289680	200.177002
0.289760	200.585007
0.289840	200.992996
0.289920	200.585007
0.290000	199.770004
0.290080	199.770004
0.290160	199.770004
0.290240	199.362000
0.290320	198.953995
0.290400	198.546997
0.290480	197.731003
0.290560	196.100998
0.290640	195.692993
0.290720	195.692993
0.290800	195.692993
0.290880	196.100998
0.290960	197.324005
0.291040	197.731003
0.291120	196.916000
0.291200	196.507996
0.291280	196.100998
0.291360	196.100998
0.291440	195.692993
0.291520	196.507996
0.291600	196.100998
0.291680	195.692993
0.291760	194.878006
0.291840	195.285004
0.291920	195.285004
0.292000	196.100998
0.292080	196.507996
0.292160	197.324005
0.292240	195.285004
0.292320	195.285004
0.292400	194.878006
0.292480	195.692993
0.292560	196.100998
0.292640	196.100998
0.292720	196.507996
0.292800	196.916000
0.292880	196.100998
0.292960	196.507996
0.293040	196.916000
0.293120	195.285004
0.293200	194.878006
0.293280	194.470001
0.293360	194.061996
0.293440	195.692993
0.293520	195.285004
0.293600	196.100998
0.293680	196.100998
0.293760	194.878006
0.293840	194.470001
0.293920	194.470001
0.294000	193.654999
0.294080	192.432007
0.294160	192.839005
0.294240	192.432007
0.294320	192.432007
0.294400	192.839005
0.294480	192.432007
0.294560	193.246994
0.294640	192.024002
0.294720	190.800995
0.294800	190.800995
0.294880	189.985001
0.294960	189.578003
0.295040	190.393005
0.295120	189.985001
0.295200	189.578003
0.295280	189.578003
0.295360	189.169998
0.295440	189.169998
0.295520	188.354996
0.295600	187.539001
0.295680	188.761993
0.295760	189.985001
0.295840	189.169998
0.295920	188.761993
0.296000	188.761993
0.296080	188.354996
0.296160	187.947006
0.296240	187.539001
0.296320	187.539001
0.296400	187.947006
0.296480	187.539001
0.296560	187.539001
0.296640	186.723999
0.296720	185.501007
0.296800	186.723999
0.296880	185.908997
0.296960	185.501007
0.297040	183.054993
0.297120	184.686005
0.297200	183.869995
0.297280	184.278000
0.297360	183.054993
0.297440	182.647003
0.297520	182.647003
0.297600	182.647003
0.297680	182.647003
0.297760	181.832001
0.297840	181.423996
0.297920	181.423996
0.298000	181.423996
0.298080	181.423996
0.298160	181.016998
0.298240	182.240005
0.298320	181.423996
0.298400	180.608994
0.298480	180.608994
0.298560	180.608994
0.298640	180.201004
0.298720	179.386002
0.298800	179.386002
0.298880	179.386002
0.298960	177.755005
0.299040	177.755005
0.299120	177.755005
0.299200	177.755005
0.299280	177.348007
0.299360	176.531998
0.299440	175.716995
0.299520	174.901993
0.299600	174.901993
0.299680	174.494003
0.299760	174.901993
0.299840	173.679001
0.299920	172.863007
0.300000	172.048004
0.300080	171.233002
0.300160	170.824997
0.300240	170.417007
0.300320	170.009995
0.300400	169.194000
0.300480	169.194000
0.300560	168.378998
0.300640	167.970993
0.300720	167.970993
0.300800	167.156006
0.300880	167.970993
0.300960	167.970993
0.301040	167.563995
0.301120	166.341003
0.301200	165.932999
0.301280	165.117996
0.301360	166.341003
0.301440	165.932999
0.301520	166.341003
0.301600	166.341003
0.301680	166.748001
0.301760	167.156006
0.301840	166.341003
0.301920	166.341003
0.302000	165.932999
0.302080	165.932999
0.302160	165.117996
0.302240	164.710007
0.302320	165.117996
0.302400	164.302002
0.302480	164.302002
0.302560	164.302002
0.302640	164.710007
0.302720	165.117996
0.302800	165.117996
0.302880	164.302002
0.302960	163.078995
0.303040	161.856003
0.303120	161.447998
0.303200	161.447998
0.303280	161.856003
0.303360	162.264008
0.303440	161.447998
0.303520	162.671005
0.303600	162.264008
0.303680	161.447998
0.303760	160.632996
0.303840	159.817993
0.303920	160.225006
0.304000	160.632996
0.304080	161.041000
0.304160	159.817993
0.304240	160.632996
0.304320	159.410004
0.304400	159.817993
0.304480	160.225006
0.304560	159.001999
0.304640	159.410004
0.304720	159.410004
0.304800	159.410004
0.304880	158.595001
0.304960	158.186996
0.305040	157.779007
0.305120	157.371994
0.305200	157.779007
0.305280	156.149002
0.305360	156.556000
0.305440	156.964005
0.305520	156.964005
0.305600	156.964005
0.305680	156.556000
0.305760	155.740997
0.305840	154.925995
0.305920	155.740997
0.306000	154.925995
0.306080	154.518005
0.306160	154.925995
0.306240	154.110001
0.306320	154.518005
0.306400	153.703003
0.306480	153.703003
0.306560	152.479996
0.306640	152.479996
0.306720	153.294998
0.306800	152.886993
0.306880	152.072006
0.306960	152.072006
0.307040	151.664001
0.307120	151.257004
0.307200	150.848999
0.307280	150.440994
0.307360	149.626007
0.307440	150.440994
0.307520	149.626007
0.307600	150.033997
0.307680	150.033997
0.307760	150.848999
0.307840	150.848999
0.307920	152.072006
0.308000	151.664001
0.308080	151.257004
0.308160	149.626007
0.308240	149.626007
0.308320	149.626007
0.308400	149.626007
0.308480	150.033997
0.308560	150.440994
0.308640	150.033997
0.308720	149.626007
0.308800	150.033997
0.308880	150.033997
0.308960	150.848999
0.309040	150.033997
0.309120	149.626007
0.309200	150.033997
0.309280	149.626007
0.309360	150.440994
0.309440	150.440994
0.309520	150.848999
0.309600	150.848999
0.309680	150.848999
0.309760	149.626007
0.309840	148.811005
0.309920	148.403000
0.310000	149.218002
