-0.020000	0.031347
-0.019920	0.000663
-0.019840	0.000663
-0.019760	0.031347
-0.019680	0.062032
-0.019600	0.031347
-0.019520	0.062032
-0.019440	0.031347
-0.019360	0.000663
-0.019280	0.031347
-0.019200	0.092717
-0.019120	0.031347
-0.019040	0.031347
-0.018960	-0.030022
-0.018880	-0.060707
-0.018800	-0.030022
-0.018720	0.031347
-0.018640	0.031347
-0.018560	0.000663
-0.018480	0.031347
-0.018400	-0.030022
-0.018320	0.062032
-0.018240	0.031347
-0.018160	0.000663
-0.018080	0.000663
-0.018000	0.000663
-0.017920	0.031347
-0.017840	0.000663
-0.017760	0.031347
-0.017680	0.000663
-0.017600	0.000663
-0.017520	0.031347
-0.017440	0.000663
-0.017360	-0.030022
-0.017280	-0.030022
-0.017200	-0.030022
-0.017120	-0.030022
-0.017040	-0.030022
-0.016960	-0.030022
-0.016880	0.031347
-0.016800	-0.030022
-0.016720	-0.060707
-0.016640	-0.030022
-0.016560	-0.030022
-0.016480	0.000663
-0.016400	-0.030022
-0.016320	-0.030022
-0.016240	-0.030022
-0.016160	-0.030022
-0.016080	0.000663
-0.016000	-0.060707
-0.015920	0.000663
-0.015840	0.000663
-0.015760	0.000663
-0.015680	0.000663
-0.015600	0.000663
-0.015520	0.000663
-0.015440	-0.030022
-0.015360	-0.030022
-0.015280	-0.030022
-0.015200	0.000663
-0.015120	-0.060707
-0.015040	-0.030022
-0.014960	-0.060707
-0.014880	-0.060707
-0.014800	-0.030022
-0.014720	-0.030022
-0.014640	-0.060707
-0.014560	-0.060707
-0.014480	0.000663
-0.014400	-0.060707
-0.014320	-0.030022
-0.014240	-0.030022
-0.014160	-0.091392
-0.014080	-0.030022
-0.014000	-0.030022
-0.013920	-0.030022
-0.013840	-0.060707
-0.013760	-0.060707
-0.013680	-0.030022
-0.013600	-0.060707
-0.013520	-0.030022
-0.013440	0.000663
-0.013360	-0.060707
-0.013280	-0.060707
-0.013200	-0.060707
-0.013120	-0.091392
-0.013040	-0.030022
-0.012960	-0.030022
-0.012880	0.000663
-0.012800	-0.060707
-0.012720	-0.060707
-0.012640	-0.030022
-0.012560	-0.060707
-0.012480	-0.030022
-0.012400	-0.091392
-0.012320	-0.060707
-0.012240	-0.060707
-0.012160	-0.030022
-0.012080	-0.060707
-0.012000	-0.060707
-0.011920	-0.091392
-0.011840	-0.091392
-0.011760	-0.091392
-0.011680	-0.030022
-0.011600	-0.030022
-0.011520	-0.122077
-0.011440	-0.030022
-0.011360	-0.091392
-0.011280	-0.030022
-0.011200	-0.030022
-0.011120	-0.030022
-0.011040	-0.030022
-0.010960	-0.060707
-0.010880	-0.091392
-0.010800	-0.060707
-0.010720	-0.030022
-0.010640	-0.030022
-0.010560	0.000663
-0.010480	-0.122077
-0.010400	-0.122077
-0.010320	-0.091392
-0.010240	-0.030022
-0.010160	-0.060707
-0.010080	-0.091392
-0.010000	-0.091392
-0.009920	-0.030022
-0.009840	-0.030022
-0.009760	-0.030022
-0.009680	-0.091392
-0.009600	-0.030022
-0.009520	-0.060707
-0.009440	-0.030022
-0.009360	-0.091392
-0.009280	-0.091392
-0.009200	-0.060707
-0.009120	-0.091392
-0.009040	-0.091392
-0.008960	-0.122077
-0.008880	-0.091392
-0.008800	-0.091392
-0.008720	-0.060707
-0.008640	-0.091392
-0.008560	-0.091392
-0.008480	-0.060707
-0.008400	-0.122077
-0.008320	-0.091392
-0.008240	-0.091392
-0.008160	-0.060707
-0.008080	-0.122077
-0.008000	-0.091392
-0.007920	-0.091392
-0.007840	-0.060707
-0.007760	-0.060707
-0.007680	-0.060707
-0.007600	-0.060707
-0.007520	-0.091392
-0.007440	-0.091392
-0.007360	-0.060707
-0.007280	-0.091392
-0.007200	-0.060707
-0.007120	-0.091392
-0.007040	-0.091392
-0.006960	-0.060707
-0.006880	-0.091392
-0.006800	-0.060707
-0.006720	-0.030022
-0.006640	-0.030022
-0.006560	-0.091392
-0.006480	-0.091392
-0.006400	-0.060707
-0.006320	-0.091392
-0.006240	-0.060707
-0.006160	-0.091392
-0.006080	-0.122077
-0.006000	-0.091392
-0.005920	-0.060707
-0.005840	-0.091392
-0.005760	-0.091392
-0.005680	-0.060707
-0.005600	0.000663
-0.005520	-0.122077
-0.005440	-0.122077
-0.005360	-0.091392
-0.005280	-0.060707
-0.005200	-0.091392
-0.005120	-0.091392
-0.005040	-0.091392
-0.004960	-0.091392
-0.004880	-0.060707
-0.004800	-0.091392
-0.004720	-0.091392
-0.004640	-0.060707
-0.004560	-0.122077
-0.004480	-0.060707
-0.004400	-0.122077
-0.004320	-0.122077
-0.004240	-0.122077
-0.004160	-0.122077
-0.004080	-0.060707
-0.004000	-0.091392
-0.003920	-0.122077
-0.003840	-0.091392
-0.003760	-0.091392
-0.003680	-0.122077
-0.003600	-0.091392
-0.003520	-0.122077
-0.003440	-0.060707
-0.003360	-0.122077
-0.003280	-0.122077
-0.003200	-0.152762
-0.003120	-0.152762
-0.003040	-0.060707
-0.002960	-0.122077
-0.002880	-0.122077
-0.002800	-0.122077
-0.002720	-0.122077
-0.002640	-0.060707
-0.002560	-0.275502
-0.002480	-0.183447
-0.002400	-0.244817
-0.002320	-0.060707
-0.002240	-0.091392
-0.002160	-0.091392
-0.002080	-0.091392
-0.002000	-0.122077
-0.001920	-0.122077
-0.001840	-0.122077
-0.001760	-0.091392
-0.001680	-0.122077
-0.001600	-0.122077
-0.001520	-0.122077
-0.001440	-0.152762
-0.001360	-0.183447
-0.001280	-0.122077
-0.001200	-0.122077
-0.001120	-0.152762
-0.001040	-0.122077
-0.000960	-0.152762
-0.000880	-0.091392
-0.000800	-0.152762
-0.000720	-0.183447
-0.000640	-0.152762
-0.000560	-0.152762
-0.000480	-0.214132
-0.000400	-0.214132
-0.000320	-0.214132
-0.000240	-0.152762
-0.000160	-0.214132
-0.000080	-0.152762
0.000000	-0.214132
0.000080	-0.214132
0.000160	-0.214132
0.000240	-0.214132
0.000320	-0.214132
0.000400	-0.214132
0.000480	-0.214132
0.000560	-0.183447
0.000640	-0.214132
0.000720	-0.214132
0.000800	-0.183447
0.000880	-0.183447
0.000960	-0.183447
0.001040	-0.214132
0.001120	-0.183447
0.001200	-0.183447
0.001280	-0.214132
0.001360	-0.214132
0.001440	-0.214132
0.001520	-0.214132
0.001600	-0.214132
0.001680	-0.214132
0.001760	-0.183447
0.001840	-0.244817
0.001920	-0.214132
0.002000	-0.214132
0.002080	-0.214132
0.002160	-0.244817
0.002240	-0.244817
0.002320	-0.244817
0.002400	-0.244817
0.002480	-0.214132
0.002560	-0.244817
0.002640	-0.244817
0.002720	-0.275502
0.002800	-0.244817
0.002880	-0.275502
0.002960	-0.275502
0.003040	-0.275502
0.003120	-0.275502
0.003200	-0.244817
0.003280	-0.275502
0.003360	-0.306186
0.003440	-0.275502
0.003520	-0.244817
0.003600	-0.244817
0.003680	-0.275502
0.003760	-0.275502
0.003840	-0.244817
0.003920	-0.306186
0.004000	-0.306186
0.004080	-0.275502
0.004160	-0.244817
0.004240	-0.244817
0.004320	-0.275502
0.004400	-0.275502
0.004480	-0.275502
0.004560	-0.306186
0.004640	-0.275502
0.004720	-0.306186
0.004800	-0.306186
0.004880	-0.244817
0.004960	-0.306186
0.005040	-0.306186
0.005120	-0.336871
0.005200	-0.275502
0.005280	-0.214132
0.005360	-0.275502
0.005440	-0.306186
0.005520	-0.336871
0.005600	-0.306186
0.005680	-0.336871
0.005760	-0.275502
0.005840	-0.275502
0.005920	-0.244817
0.006000	-0.306186
0.006080	-0.244817
0.006160	-0.275502
0.006240	-0.306186
0.006320	-0.306186
0.006400	-0.275502
0.006480	-0.275502
0.006560	-0.306186
0.006640	-0.275502
0.006720	-0.306186
0.006800	-0.275502
0.006880	-0.306186
0.006960	-0.275502
0.007040	-0.306186
0.007120	-0.306186
0.007200	-0.306186
0.007280	-0.275502
0.007360	-0.306186
0.007440	-0.275502
0.007520	-0.306186
0.007600	-0.214132
0.007680	-0.306186
0.007760	-0.275502
0.007840	-0.275502
0.007920	-0.275502
0.008000	-0.336871
0.008080	-0.306186
0.008160	-0.336871
0.008240	-0.398241
0.008320	-0.306186
0.008400	-0.275502
0.008480	-0.214132
0.008560	-0.244817
0.008640	-0.214132
0.008720	-0.244817
0.008800	-0.275502
0.008880	-0.306186
0.008960	-0.275502
0.009040	-0.275502
0.009120	-0.275502
0.009200	-0.336871
0.009280	-0.336871
0.009360	-0.306186
0.009440	-0.306186
0.009520	-0.275502
0.009600	-0.306186
0.009680	-0.306186
0.009760	-0.336871
0.009840	-0.336871
0.009920	-0.306186
0.010000	-0.367556
0.010080	-0.336871
0.010160	-0.306186
0.010240	-0.336871
0.010320	-0.306186
0.010400	-0.336871
0.010480	-0.398241
0.010560	-0.336871
0.010640	-0.336871
0.010720	-0.367556
0.010800	-0.336871
0.010880	-0.306186
0.010960	-0.306186
0.011040	-0.367556
0.011120	-0.367556
0.011200	-0.336871
0.011280	-0.336871
0.011360	-0.367556
0.011440	-0.306186
0.011520	-0.336871
0.011600	-0.398241
0.011680	-0.428926
0.011760	-0.398241
0.011840	-0.367556
0.011920	-0.367556
0.012000	-0.336871
0.012080	-0.336871
0.012160	-0.367556
0.012240	-0.459611
0.012320	-0.459611
0.012400	-0.490296
0.012480	-0.459611
0.012560	-0.398241
0.012640	-0.428926
0.012720	-0.428926
0.012800	-0.398241
0.012880	-0.398241
0.012960	-0.428926
0.013040	-0.428926
0.013120	-0.459611
0.013200	-0.459611
0.013280	-0.490296
0.013360	-0.459611
0.013440	-0.459611
0.013520	-0.428926
0.013600	-0.490296
0.013680	-0.490296
0.013760	-0.490296
0.013840	-0.520981
0.013920	-0.520981
0.014000	-0.490296
0.014080	-0.520981
0.014160	-0.459611
0.014240	-0.459611
0.014320	-0.398241
0.014400	-0.428926
0.014480	-0.459611
0.014560	-0.459611
0.014640	-0.459611
0.014720	-0.428926
0.014800	-0.428926
0.014880	-0.459611
0.014960	-0.428926
0.015040	-0.459611
0.015120	-0.490296
0.015200	-0.520981
0.015280	-0.490296
0.015360	-0.490296
0.015440	-0.428926
0.015520	-0.459611
0.015600	-0.459611
0.015680	-0.582351
0.015760	-0.643720
0.015840	-0.705090
0.015920	-0.705090
0.016000	-0.582351
0.016080	-0.551666
0.016160	-0.582351
0.016240	-0.582351
0.016320	-0.551666
0.016400	-0.582351
0.016480	-0.582351
0.016560	-0.551666
0.016640	-0.490296
0.016720	-0.490296
0.016800	-0.520981
0.016880	-0.551666
0.016960	-0.705090
0.017040	-0.520981
0.017120	-0.459611
0.017200	-0.306186
0.017280	-0.428926
0.017360	-0.398241
0.017440	-0.490296
0.017520	-0.520981
0.017600	-0.551666
0.017680	-0.582351
0.017760	-0.520981
0.017840	-0.520981
0.017920	-0.551666
0.018000	-0.582351
0.018080	-0.582351
0.018160	-0.582351
0.018240	-0.643720
0.018320	-0.643720
0.018400	-0.520981
0.018480	-0.520981
0.018560	-0.520981
0.018640	-0.582351
0.018720	-0.643720
0.018800	-0.705090
0.018880	-0.643720
0.018960	-0.613035
0.019040	-0.613035
0.019120	-0.582351
0.019200	-0.674405
0.019280	-0.643720
0.019360	-0.735775
0.019440	-0.705090
0.019520	-0.766460
0.019600	-0.766460
0.019680	-0.797145
0.019760	-0.766460
0.019840	-0.766460
0.019920	-0.735775
0.020000	-0.766460
0.020080	-0.827830
0.020160	-0.889200
0.020240	-0.889200
0.020320	-0.919885
0.020400	-1.011940
0.020480	-1.073310
0.020560	-0.950570
0.020640	-0.950570
0.020720	-0.919885
0.020800	-0.919885
0.020880	-1.011940
0.020960	-1.073310
0.021040	-1.042620
0.021120	-0.981254
0.021200	-0.889200
0.021280	-0.889200
0.021360	-0.889200
0.021440	-0.797145
0.021520	-0.858515
0.021600	-0.981254
0.021680	-1.103990
0.021760	-1.196050
0.021840	-1.318790
0.021920	-1.349470
0.022000	-1.318790
0.022080	-1.318790
0.022160	-1.257420
0.022240	-1.196050
0.022320	-1.103990
0.022400	-1.073310
0.022480	-1.103990
0.022560	-1.165360
0.022640	-1.226730
0.022720	-1.288100
0.022800	-1.441530
0.022880	-1.502900
0.022960	-1.441530
0.023040	-1.441530
0.023120	-1.349470
0.023200	-1.257420
0.023280	-1.318790
0.023360	-1.441530
0.023440	-1.656320
0.023520	-1.656320
0.023600	-1.625640
0.023680	-1.533580
0.023760	-1.533580
0.023840	-1.472210
0.023920	-1.502900
0.024000	-1.533580
0.024080	-1.564270
0.024160	-1.533580
0.024240	-1.564270
0.024320	-1.687010
0.024400	-1.687010
0.024480	-1.717690
0.024560	-1.656320
0.024640	-1.502900
0.024720	-1.502900
0.024800	-1.594950
0.024880	-1.564270
0.024960	-1.472210
0.025040	-1.380160
0.025120	-1.472210
0.025200	-1.687010
0.025280	-2.055230
0.025360	-2.392760
0.025440	-2.454130
0.025520	-2.300710
0.025600	-1.901800
0.025680	-1.594950
0.025760	-1.472210
0.025840	-1.564270
0.025920	-1.809750
0.026000	-1.901800
0.026080	-1.871120
0.026160	-1.779060
0.026240	-1.656320
0.026320	-1.748380
0.026400	-1.901800
0.026480	-2.300710
0.026560	-2.699610
0.026640	-3.006460
0.026720	-2.914400
0.026800	-2.546180
0.026880	-2.208650
0.026960	-1.871120
0.027040	-1.748380
0.027120	-1.901800
0.027200	-2.208650
0.027280	-2.484810
0.027360	-2.546180
0.027440	-2.484810
0.027520	-2.546180
0.027600	-2.576870
0.027680	-2.576870
0.027760	-2.392760
0.027840	-2.270020
0.027920	-2.331390
0.028000	-2.484810
0.028080	-2.668920
0.028160	-2.699610
0.028240	-2.607550
0.028320	-2.576870
0.028400	-2.668920
0.028480	-2.668920
0.028560	-2.791660
0.028640	-2.822350
0.028720	-2.791660
0.028800	-2.638240
0.028880	-2.300710
0.028960	-1.963170
0.029040	-1.809750
0.029120	-1.871120
0.029200	-2.270020
0.029280	-2.668920
0.029360	-2.975770
0.029440	-3.037140
0.029520	-2.791660
0.029600	-2.484810
0.029680	-2.270020
0.029760	-2.270020
0.029840	-2.331390
0.029920	-2.423450
0.030000	-2.454130
0.030080	-2.392760
0.030160	-2.423450
0.030240	-2.454130
0.030320	-2.454130
0.030400	-2.546180
0.030480	-2.791660
0.030560	-3.159880
0.030640	-3.497420
0.030720	-3.497420
0.030800	-3.282620
0.030880	-3.129200
0.030960	-3.037140
0.031040	-2.822350
0.031120	-2.883720
0.031200	-2.945090
0.031280	-3.037140
0.031360	-3.129200
0.031440	-3.159880
0.031520	-3.067830
0.031600	-2.914400
0.031680	-2.791660
0.031760	-2.822350
0.031840	-2.914400
0.031920	-3.067830
0.032000	-3.098510
0.032080	-2.914400
0.032160	-2.699610
0.032240	-2.454130
0.032320	-2.392760
0.032400	-2.392760
0.032480	-2.484810
0.032560	-2.576870
0.032640	-2.546180
0.032720	-2.423450
0.032800	-2.362080
0.032880	-2.331390
0.032960	-2.484810
0.033040	-2.760980
0.033120	-2.914400
0.033200	-2.914400
0.033280	-2.607550
0.033360	-2.362080
0.033440	-2.270020
0.033520	-2.300710
0.033600	-2.270020
0.033680	-2.270020
0.033760	-2.085910
0.033840	-2.239340
0.033920	-2.423450
0.034000	-2.668920
0.034080	-2.791660
0.034160	-2.699610
0.034240	-2.638240
0.034320	-2.730290
0.034400	-2.883720
0.034480	-2.883720
0.034560	-2.546180
0.034640	-2.116600
0.034720	-1.840430
0.034800	-1.779060
0.034880	-1.901800
0.034960	-2.208650
0.035040	-2.300710
0.035120	-2.331390
0.035200	-2.300710
0.035280	-2.392760
0.035360	-2.668920
0.035440	-3.067830
0.035520	-3.466730
0.035600	-3.650840
0.035680	-3.650840
0.035760	-3.282620
0.035840	-2.791660
0.035920	-2.362080
0.036000	-2.085910
0.036080	-2.055230
0.036160	-2.270020
0.036240	-2.423450
0.036320	-2.484810
0.036400	-2.546180
0.036480	-2.546180
0.036560	-2.576870
0.036640	-2.576870
0.036720	-2.515500
0.036800	-2.423450
0.036880	-2.208650
0.036960	-1.963170
0.037040	-1.809750
0.037120	-1.656320
0.037200	-1.594950
0.037280	-1.594950
0.037360	-1.809750
0.037440	-2.270020
0.037520	-2.822350
0.037600	-3.190570
0.037680	-3.037140
0.037760	-2.546180
0.037840	-1.901800
0.037920	-1.564270
0.038000	-1.594950
0.038080	-1.932490
0.038160	-2.024540
0.038240	-1.871120
0.038320	-1.564270
0.038400	-1.226730
0.038480	-0.981254
0.038560	-0.919885
0.038640	-1.134680
0.038720	-1.533580
0.038800	-1.901800
0.038880	-2.116600
0.038960	-2.239340
0.039040	-2.116600
0.039120	-1.963170
0.039200	-1.779060
0.039280	-1.748380
0.039360	-1.625640
0.039440	-1.564270
0.039520	-1.318790
0.039600	-1.103990
0.039680	-1.042620
0.039760	-1.073310
0.039840	-1.226730
0.039920	-1.380160
0.040000	-1.687010
0.040080	-1.840430
0.040160	-1.901800
0.040240	-1.748380
0.040320	-1.748380
0.040400	-2.055230
0.040480	-2.484810
0.040560	-2.515500
0.040640	-2.024540
0.040720	-1.472210
0.040800	-1.257420
0.040880	-1.656320
0.040960	-2.484810
0.041040	-3.282620
0.041120	-4.049740
0.041200	-4.632760
0.041280	-5.093030
0.041360	-5.553310
0.041440	-5.921520
0.041520	-6.228370
0.041600	-6.351110
0.041680	-6.259060
0.041760	-6.074950
0.041840	-5.921520
0.041920	-5.829470
0.042000	-5.737420
0.042080	-5.553310
0.042160	-5.461250
0.042240	-5.430570
0.042320	-5.676050
0.042400	-6.105630
0.042480	-6.535220
0.042560	-6.688650
0.042640	-6.596590
0.042720	-6.351110
0.042800	-6.136320
0.042880	-5.982890
0.042960	-5.952210
0.043040	-6.228370
0.043120	-6.627280
0.043200	-6.964810
0.043280	-7.056870
0.043360	-6.964810
0.043440	-6.964810
0.043520	-7.363720
0.043600	-8.376320
0.043680	-10.063900
0.043760	-11.567500
0.043840	-12.119800
0.043920	-11.414100
0.044000	-9.818510
0.044080	-8.376320
0.044160	-7.547820
0.044240	-7.578510
0.044320	-8.161520
0.044400	-8.836590
0.044480	-9.419600
0.044560	-9.879880
0.044640	-10.585600
0.044720	-11.444800
0.044800	-12.365300
0.044880	-13.009700
0.044960	-13.132400
0.045040	-12.825600
0.045120	-12.457400
0.045200	-12.396000
0.045280	-12.672200
0.045360	-13.285900
0.045440	-13.991600
0.045520	-14.513300
0.045600	-14.850800
0.045680	-15.157600
0.045760	-15.464500
0.045840	-15.525900
0.045920	-15.495200
0.046000	-15.341700
0.046080	-15.525900
0.046160	-15.955400
0.046240	-16.538500
0.046320	-17.244301
0.046400	-17.919300
0.046480	-18.533001
0.046560	-19.085300
0.046640	-19.269501
0.046720	-19.361500
0.046800	-19.453600
0.046880	-20.036600
0.046960	-21.202600
0.047040	-22.460699
0.047120	-23.473301
0.047200	-24.516600
0.047280	-26.541800
0.047360	-30.162600
0.047440	-33.660702
0.047520	-35.133598
0.047600	-33.353802
0.047680	-31.052500
0.047760	-32.126400
0.047840	-37.925900
0.047920	-46.394901
0.048000	-52.808102
0.048080	-54.465000
0.048160	-52.194401
0.048240	-49.402000
0.048320	-49.033798
0.048400	-51.457901
0.048480	-55.569698
0.048560	-59.528099
0.048640	-61.737400
0.048720	-61.522598
0.048800	-59.251900
0.048880	-55.539001
0.048960	-52.347801
0.049040	-51.058998
0.049120	-52.255699
0.049200	-55.017399
0.049280	-57.748299
0.049360	-59.497398
0.049440	-60.264500
0.049520	-60.019001
0.049600	-58.576801
0.049680	-56.306099
0.049760	-53.605900
0.049840	-50.690800
0.049920	-48.051899
0.050000	-46.333500
0.050080	-46.272202
0.050160	-48.880402
0.050240	-54.035500
0.050320	-59.712200
0.050400	-62.750000
0.050480	-61.185001
0.050560	-55.999298
0.050640	-49.586102
0.050720	-43.449200
0.050800	-37.527000
0.050880	-31.482100
0.050960	-26.357700
0.051040	-24.271099
0.051120	-26.142900
0.051200	-29.978500
0.051280	-32.556000
0.051360	-32.279900
0.051440	-29.825100
0.051520	-26.388399
0.051600	-23.013000
0.051680	-20.404800
0.051760	-19.514900
0.051840	-21.171900
0.051920	-24.762100
0.052000	-28.935200
0.052080	-32.402599
0.052160	-34.734600
0.052240	-36.790501
0.052320	-39.705601
0.052400	-43.848099
0.052480	-48.941799
0.052560	-54.587799
0.052640	-59.742901
0.052720	-63.424999
0.052800	-65.204803
0.052880	-65.757103
0.052960	-65.665001
0.053040	-65.603699
0.053120	-66.984497
0.053200	-70.114304
0.053280	-74.195396
0.053360	-77.601501
0.053440	-79.105003
0.053520	-78.951599
0.053600	-79.503899
0.053680	-83.431602
0.053760	-90.489098
0.053840	-97.270500
0.053920	-100.890999
0.054000	-100.921997
0.054080	-99.295700
0.054160	-96.932999
0.054240	-94.631599
0.054320	-94.386101
0.054400	-97.914902
0.054480	-104.051003
0.054560	-109.113998
0.054640	-111.139999
0.054720	-111.692001
0.054800	-112.705002
0.054880	-113.257004
0.054960	-111.385002
0.055040	-107.764000
0.055120	-105.585999
0.055200	-106.844002
0.055280	-110.403000
0.055360	-113.195999
0.055440	-114.883003
0.055520	-118.227997
0.055600	-124.364998
0.055680	-130.593994
0.055760	-133.600998
0.055840	-133.723999
0.055920	-133.570999
0.056000	-134.061996
0.056080	-135.166000
0.056160	-137.376007
0.056240	-140.567001
0.056320	-143.942001
0.056400	-147.072006
0.056480	-150.233002
0.056560	-153.024994
0.056640	-155.112000
0.056720	-156.522995
0.056800	-157.106003
0.056880	-156.216003
0.056960	-154.466995
0.057040	-152.195999
0.057120	-149.557999
0.057200	-147.255997
0.057280	-145.813995
0.057360	-144.371994
0.057440	-141.947998
0.057520	-139.585007
0.057600	-138.112000
0.057680	-136.147995
0.057760	-131.699005
0.057840	-124.610001
0.057920	-116.140999
0.058000	-108.593002
0.058080	-104.725998
0.058160	-105.002998
0.058240	-106.505997
0.058320	-105.647003
0.058400	-101.719002
0.058480	-96.932999
0.058560	-93.864502
0.058640	-93.036003
0.058720	-91.839302
0.058800	-86.776199
0.058880	-78.644699
0.058960	-71.126900
0.059040	-65.572998
0.059120	-59.865601
0.059200	-52.593300
0.059280	-44.983398
0.059360	-36.637100
0.059440	-27.186199
0.059520	-19.422899
0.059600	-17.980700
0.059680	-23.994900
0.059760	-33.353802
0.059840	-40.748901
0.059920	-42.375198
0.060000	-38.785099
0.060080	-33.200401
0.060160	-28.168100
0.060240	-24.332500
0.060320	-21.386700
0.060400	-19.330799
0.060480	-18.441000
0.060560	-18.256901
0.060640	-17.704500
0.060720	-15.863400
0.060800	-12.518700
0.060880	-8.468370
0.060960	-5.798780
0.061040	-5.982890
0.061120	-10.554900
0.061200	-18.655800
0.061280	-27.094101
0.061360	-31.604799
0.061440	-30.684200
0.061520	-27.339600
0.061600	-26.480400
0.061680	-30.285299
0.061760	-35.501801
0.061840	-37.158798
0.061920	-33.630001
0.062000	-28.229500
0.062080	-24.731400
0.062160	-24.608601
0.062240	-26.541800
0.062320	-28.382900
0.062400	-28.413601
0.062480	-25.529200
0.062560	-20.865101
0.062640	-16.722601
0.062720	-15.096300
0.062800	-15.710000
0.062880	-17.551100
0.062960	-20.251400
0.063040	-22.859600
0.063120	-23.381201
0.063200	-21.693600
0.063280	-20.926399
0.063360	-25.099600
0.063440	-35.348400
0.063520	-47.070000
0.063600	-52.071602
0.063680	-45.505100
0.063760	-29.702299
0.063840	-10.953800
0.063920	5.002300
0.064000	15.220300
0.064080	19.301500
0.064160	17.092199
0.064240	8.776550
0.064320	-4.295220
0.064400	-17.060101
0.064480	-23.964199
0.064560	-22.337999
0.064640	-15.924800
0.064720	-10.554900
0.064800	-9.204810
0.064880	-10.340100
0.064960	-10.923100
0.065040	-9.327550
0.065120	-6.074950
0.065200	-2.607550
0.065280	0.215457
0.065360	1.442850
0.065440	0.737100
0.065520	-1.779060
0.065600	-4.939610
0.065680	-6.964810
0.065760	-6.750020
0.065840	-4.939610
0.065920	-3.589470
0.066000	-4.019060
0.066080	-5.645360
0.066160	-6.995500
0.066240	-7.517140
0.066320	-7.701250
0.066400	-7.762620
0.066480	-7.210290
0.066560	-5.307830
0.066640	-2.300710
0.066720	0.798470
0.066800	3.222580
0.066880	5.032990
0.066960	6.383120
0.067040	6.843400
0.067120	6.260380
0.067200	5.002300
0.067280	4.143120
0.067360	4.204490
0.067440	5.125040
0.067520	6.321750
0.067600	7.272990
0.067680	8.009420
0.067760	8.684490
0.067840	9.758460
0.067920	10.464200
0.068000	10.310700
0.068080	9.328870
0.068160	8.623120
0.068240	8.377640
0.068320	8.531070
0.068400	8.929970
0.068480	8.929970
0.068560	7.978740
0.068640	6.106960
0.068720	4.327230
0.068800	3.283950
0.068880	2.977100
0.068960	3.130520
0.069040	3.498740
0.069120	4.357920
0.069200	5.953530
0.069280	8.009420
0.069360	9.697090
0.069440	10.218700
0.069520	9.512980
0.069600	7.917370
0.069680	6.137640
0.069760	4.664770
0.069840	3.866960
0.069920	4.020390
0.070000	4.634080
0.070080	5.247780
0.070160	5.554630
0.070240	5.616000
0.070320	5.708060
0.070400	6.352440
0.070480	7.395720
0.070560	8.807230
0.070640	10.065300
0.070720	11.139200
0.070800	11.845000
0.070880	12.305300
0.070960	12.550700
0.071040	12.642800
0.071120	12.335900
0.071200	11.845000
0.071280	11.262000
0.071360	10.832400
0.071440	10.525500
0.071520	10.003900
0.071600	9.267500
0.071680	8.500380
0.071760	7.978740
0.071840	7.733260
0.071920	7.763940
0.072000	8.070790
0.072080	8.469700
0.072160	8.745860
0.072240	8.837920
0.072320	8.561750
0.072400	7.978740
0.072480	6.996820
0.072560	5.708060
0.072640	4.296550
0.072720	3.038470
0.072800	2.209980
0.072880	1.933810
0.072960	2.117920
0.073040	2.731620
0.073120	3.744220
0.073200	4.787510
0.073280	5.585320
0.073360	5.769430
0.073440	5.431890
0.073520	4.756820
0.073600	3.897650
0.073680	3.161210
0.073760	2.823670
0.073840	3.161210
0.073920	3.928330
0.074000	4.756820
0.074080	5.063670
0.074160	4.940930
0.074240	4.327230
0.074320	3.682850
0.074400	3.222580
0.074480	3.069150
0.074560	2.977100
0.074640	3.099840
0.074720	3.652170
0.074800	4.572710
0.074880	5.738740
0.074960	6.812710
0.075040	7.579830
0.075120	7.978740
0.075200	8.070790
0.075280	7.886680
0.075360	7.702570
0.075440	7.242300
0.075520	6.536550
0.075600	5.861480
0.075680	5.309150
0.075760	5.155730
0.075840	5.401210
0.075920	6.076270
0.076000	7.058190
0.076080	8.132160
0.076160	8.868600
0.076240	9.022020
0.076320	8.623120
0.076400	7.733260
0.076480	6.689970
0.076560	5.493260
0.076640	4.572710
0.076720	4.112440
0.076800	4.265860
0.076880	4.542030
0.076960	4.787510
0.077040	5.155730
0.077120	5.677370
0.077200	6.260380
0.077280	6.751340
0.077360	6.966140
0.077440	6.812710
0.077520	6.536550
0.077600	6.291070
0.077680	6.168330
0.077760	6.260380
0.077840	6.352440
0.077920	6.383120
0.078000	6.199010
0.078080	5.892160
0.078160	5.769430
0.078240	5.646690
0.078320	5.493260
0.078400	5.247780
0.078480	4.971620
0.078560	4.971620
0.078640	5.186410
0.078720	5.370520
0.078800	5.431890
0.078880	5.401210
0.078960	5.339840
0.079040	5.462580
0.079120	5.431890
0.079200	5.186410
0.079280	4.818190
0.079360	4.449970
0.079440	4.327230
0.079520	4.449970
0.079600	4.695450
0.079680	4.787510
0.079760	4.542030
0.079840	4.173810
0.079920	4.051070
0.080000	4.449970
0.080080	5.032990
0.080160	5.155730
0.080240	4.879560
0.080320	4.327230
0.080400	3.928330
0.080480	3.774910
0.080560	3.897650
0.080640	3.989700
0.080720	4.081760
0.080800	4.051070
0.080880	4.081760
0.080960	4.143120
0.081040	4.081760
0.081120	3.897650
0.081200	3.590800
0.081280	3.713540
0.081360	3.866960
0.081440	3.989700
0.081520	4.020390
0.081600	3.498740
0.081680	2.946410
0.081760	2.731620
0.081840	3.038470
0.081920	3.590800
0.082000	3.805590
0.082080	3.590800
0.082160	3.130520
0.082240	2.792990
0.082320	2.731620
0.082400	2.700930
0.082480	2.516820
0.082560	2.087240
0.082640	1.504220
0.082720	0.951895
0.082800	0.737100
0.082880	0.890525
0.082960	1.350800
0.083040	1.657650
0.083120	1.442850
0.083200	0.951895
0.083280	0.460936
0.083360	0.307512
0.083440	0.338196
0.083520	0.399566
0.083600	0.031347
0.083680	-0.367556
0.083760	-0.582351
0.083840	-0.398241
0.083920	0.062032
0.084000	0.368881
0.084080	0.491621
0.084160	0.430251
0.084240	0.215457
0.084320	-0.060707
0.084400	-0.244817
0.084480	-0.613035
0.084560	-0.889200
0.084640	-1.103990
0.084720	-1.165360
0.084800	-1.103990
0.084880	-0.981254
0.084960	-0.889200
0.085040	-0.827830
0.085120	-0.827830
0.085200	-0.827830
0.085280	-1.042620
0.085360	-1.318790
0.085440	-1.687010
0.085520	-1.871120
0.085600	-1.963170
0.085680	-2.024540
0.085760	-2.055230
0.085840	-1.963170
0.085920	-1.963170
0.086000	-1.901800
0.086080	-1.748380
0.086160	-1.502900
0.086240	-1.165360
0.086320	-1.073310
0.086400	-1.257420
0.086480	-1.809750
0.086560	-2.576870
0.086640	-3.282620
0.086720	-3.620160
0.086800	-3.313310
0.086880	-2.975770
0.086960	-2.730290
0.087040	-2.760980
0.087120	-2.668920
0.087200	-2.454130
0.087280	-2.270020
0.087360	-2.331390
0.087440	-2.699610
0.087520	-3.221250
0.087600	-3.681530
0.087680	-3.927010
0.087760	-4.080430
0.087840	-4.141800
0.087920	-4.264540
0.088000	-4.387280
0.088080	-4.571390
0.088160	-4.602070
0.088240	-4.448650
0.088320	-4.264540
0.088400	-4.233850
0.088480	-4.510020
0.088560	-4.816870
0.088640	-5.123720
0.088720	-5.246460
0.088800	-5.430570
0.088880	-5.645360
0.088960	-6.074950
0.089040	-6.197690
0.089120	-6.197690
0.089200	-6.013580
0.089280	-5.982890
0.089360	-6.381800
0.089440	-7.026180
0.089520	-7.578510
0.089600	-7.946730
0.089680	-7.885360
0.089760	-7.885360
0.089840	-7.854670
0.089920	-7.946730
0.090000	-8.038780
0.090080	-8.069470
0.090160	-8.038780
0.090240	-8.100150
0.090320	-8.407000
0.090400	-8.805910
0.090480	-9.174120
0.090560	-9.480970
0.090640	-9.603710
0.090720	-9.849190
0.090800	-10.248100
0.090880	-10.401500
0.090960	-10.340100
0.091040	-10.002600
0.091120	-9.849190
0.091200	-10.094600
0.091280	-10.524200
0.091360	-10.953800
0.091440	-11.045900
0.091520	-10.892400
0.091600	-10.739000
0.091680	-10.739000
0.091760	-10.831100
0.091840	-11.045900
0.091920	-11.414100
0.092000	-11.813000
0.092080	-12.027800
0.092160	-11.966400
0.092240	-11.659600
0.092320	-11.444800
0.092400	-11.444800
0.092480	-11.782300
0.092560	-12.303900
0.092640	-12.610800
0.092720	-12.549400
0.092800	-12.150500
0.092880	-11.720900
0.092960	-11.444800
0.093040	-11.444800
0.093120	-11.291300
0.093200	-11.168600
0.093280	-11.076500
0.093360	-11.137900
0.093440	-11.168600
0.093520	-11.230000
0.093600	-11.291300
0.093680	-11.260700
0.093760	-11.137900
0.093840	-10.800400
0.093920	-10.462800
0.094000	-10.248100
0.094080	-10.156000
0.094160	-9.941250
0.094240	-9.634400
0.094320	-9.266180
0.094400	-9.174120
0.094480	-9.296860
0.094560	-9.573030
0.094640	-9.665080
0.094720	-9.542340
0.094800	-9.266180
0.094880	-9.112760
0.094960	-9.143440
0.095040	-9.174120
0.095120	-9.235490
0.095200	-9.174120
0.095280	-9.082070
0.095360	-8.990020
0.095440	-8.990020
0.095520	-8.990020
0.095600	-8.836590
0.095680	-8.621800
0.095760	-8.407000
0.095840	-8.376320
0.095920	-8.468370
0.096000	-8.591110
0.096080	-8.713850
0.096160	-8.805910
0.096240	-9.051390
0.096320	-9.358230
0.096400	-9.603710
0.096480	-9.634400
0.096560	-9.358230
0.096640	-9.051390
0.096720	-8.867280
0.096800	-8.867280
0.096880	-8.928650
0.096960	-9.082070
0.097040	-8.990020
0.097120	-8.897960
0.097200	-8.591110
0.097280	-8.222890
0.097360	-7.977410
0.097440	-7.916040
0.097520	-7.977410
0.097600	-8.069470
0.097680	-8.130840
0.097760	-8.069470
0.097840	-8.069470
0.097920	-8.038780
0.098000	-8.038780
0.098080	-7.977410
0.098160	-7.762620
0.098240	-7.517140
0.098320	-7.240980
0.098400	-7.056870
0.098480	-6.811390
0.098560	-6.657960
0.098640	-6.351110
0.098720	-6.289740
0.098800	-6.167000
0.098880	-6.167000
0.098960	-6.197690
0.099040	-5.829470
0.099120	-5.583990
0.099200	-5.338510
0.099280	-5.123720
0.099360	-4.816870
0.099440	-4.724810
0.099520	-4.417960
0.099600	-4.172480
0.099680	-3.927010
0.099760	-3.681530
0.099840	-3.436050
0.099920	-3.251940
0.100000	-3.098510
0.100080	-2.975770
0.100160	-2.791660
0.100240	-2.668920
0.100320	-2.576870
0.100400	-2.576870
0.100480	-2.423450
0.100560	-2.177970
0.100640	-1.779060
0.100720	-1.625640
0.100800	-1.717690
0.100880	-1.932490
0.100960	-2.239340
0.101040	-2.331390
0.101120	-2.300710
0.101200	-2.147280
0.101280	-1.871120
0.101360	-1.594950
0.101440	-1.502900
0.101520	-1.564270
0.101600	-1.502900
0.101680	-1.257420
0.101760	-0.735775
0.101840	-0.183447
0.101920	0.368881
0.102000	0.706415
0.102080	0.798470
0.102160	0.614361
0.102240	0.246142
0.102320	-0.152762
0.102400	-0.306186
0.102480	-0.122077
0.102560	0.246142
0.102640	0.522306
0.102720	0.675730
0.102800	0.614361
0.102880	0.522306
0.102960	0.645046
0.103040	0.921210
0.103120	1.258740
0.103200	1.412170
0.103280	1.412170
0.103360	1.350800
0.103440	1.197370
0.103520	1.258740
0.103600	1.350800
0.103680	1.534910
0.103760	1.688330
0.103840	1.657650
0.103920	1.412170
0.104000	1.228060
0.104080	1.381480
0.104160	1.872440
0.104240	2.455460
0.104320	2.792990
0.104400	2.670250
0.104480	2.332720
0.104560	1.995180
0.104640	1.964500
0.104720	2.240660
0.104800	2.762300
0.104880	3.283950
0.104960	3.437370
0.105040	3.314630
0.105120	3.069150
0.105200	3.007780
0.105280	3.191890
0.105360	3.560110
0.105440	3.897650
0.105520	3.897650
0.105600	3.713540
0.105680	3.376000
0.105760	3.253260
0.105840	3.376000
0.105920	3.621480
0.106000	3.805590
0.106080	3.805590
0.106160	3.682850
0.106240	3.437370
0.106320	3.376000
0.106400	3.222580
0.106480	3.283950
0.106560	3.376000
0.106640	3.529430
0.106720	3.774910
0.106800	3.989700
0.106880	4.173810
0.106960	4.327230
0.107040	4.480660
0.107120	4.542030
0.107200	4.572710
0.107280	4.511340
0.107360	4.542030
0.107440	4.511340
0.107520	4.327230
0.107600	4.204490
0.107680	4.020390
0.107760	3.959020
0.107840	4.051070
0.107920	4.143120
0.108000	4.204490
0.108080	4.173810
0.108160	4.204490
0.108240	4.265860
0.108320	4.296550
0.108400	4.296550
0.108480	4.235180
0.108560	4.204490
0.108640	4.112440
0.108720	4.020390
0.108800	4.051070
0.108880	4.051070
0.108960	4.173810
0.109040	4.327230
0.109120	4.357920
0.109200	4.357920
0.109280	4.204490
0.109360	4.051070
0.109440	3.866960
0.109520	3.744220
0.109600	3.805590
0.109680	4.020390
0.109760	4.603400
0.109840	5.125040
0.109920	5.493260
0.110000	5.431890
0.110080	5.094360
0.110160	4.664770
0.110240	4.235180
0.110320	4.143120
0.110400	4.143120
0.110480	4.357920
0.110560	4.572710
0.110640	4.756820
0.110720	4.695450
0.110800	4.572710
0.110880	4.480660
0.110960	4.542030
0.111040	4.879560
0.111120	5.278470
0.111200	5.585320
0.111280	5.708060
0.111360	5.708060
0.111440	5.431890
0.111520	5.002300
0.111600	4.634080
0.111680	4.327230
0.111760	4.357920
0.111840	4.603400
0.111920	4.848880
0.112000	5.094360
0.112080	5.186410
0.112160	4.971620
0.112240	4.726140
0.112320	4.449970
0.112400	4.265860
0.112480	4.112440
0.112560	3.928330
0.112640	3.836280
0.112720	3.805590
0.112800	3.836280
0.112880	3.744220
0.112960	3.713540
0.113040	3.590800
0.113120	3.406690
0.113200	3.099840
0.113280	2.792990
0.113360	2.700930
0.113440	2.854360
0.113520	3.069150
0.113600	3.007780
0.113680	2.700930
0.113760	2.271350
0.113840	1.964500
0.113920	1.811070
0.114000	1.933810
0.114080	2.148610
0.114160	2.117920
0.114240	1.995180
0.114320	2.025870
0.114400	1.811070
0.114480	1.780390
0.114560	1.688330
0.114640	1.504220
0.114720	1.350800
0.114800	1.197370
0.114880	1.136000
0.114960	1.105320
0.115040	1.043950
0.115120	0.890525
0.115200	0.767785
0.115280	0.675730
0.115360	0.522306
0.115440	0.430251
0.115520	0.246142
0.115600	0.123402
0.115680	-0.060707
0.115760	-0.214132
0.115840	-0.244817
0.115920	-0.244817
0.116000	-0.244817
0.116080	-0.244817
0.116160	-0.244817
0.116240	-0.336871
0.116320	-0.306186
0.116400	-0.306186
0.116480	-0.367556
0.116560	-0.428926
0.116640	-0.459611
0.116720	-0.582351
0.116800	-0.643720
0.116880	-0.735775
0.116960	-0.858515
0.117040	-0.950570
0.117120	-1.073310
0.117200	-1.257420
0.117280	-1.349470
0.117360	-1.472210
0.117440	-1.625640
0.117520	-1.993860
0.117600	-2.576870
0.117680	-2.883720
0.117760	-2.576870
0.117840	-1.625640
0.117920	-0.336871
0.118000	0.645046
0.118080	0.767785
0.118160	0.154087
0.118240	-0.766460
0.118320	-1.533580
0.118400	-1.840430
0.118480	-1.840430
0.118560	-1.594950
0.118640	-1.226730
0.118720	-0.827830
0.118800	-0.551666
0.118880	-0.520981
0.118960	-0.674405
0.119040	-1.011940
0.119120	-1.288100
0.119200	-1.380160
0.119280	-1.257420
0.119360	-1.165360
0.119440	-1.042620
0.119520	-1.073310
0.119600	-1.318790
0.119680	-1.656320
0.119760	-1.901800
0.119840	-1.625640
0.119920	-1.103990
0.120000	-0.551666
0.120080	-0.367556
0.120160	-0.398241
0.120240	-0.459611
0.120320	-0.459611
0.120400	-0.367556
0.120480	-0.306186
0.120560	-0.459611
0.120640	-0.613035
0.120720	-0.797145
0.120800	-0.919885
0.120880	-0.889200
0.120960	-0.827830
0.121040	-0.797145
0.121120	-0.766460
0.121200	-0.797145
0.121280	-0.827830
0.121360	-0.919885
0.121440	-0.950570
0.121520	-0.950570
0.121600	-0.797145
0.121680	-0.735775
0.121760	-0.674405
0.121840	-0.582351
0.121920	-0.551666
0.122000	-0.490296
0.122080	-0.428926
0.122160	-0.398241
0.122240	-0.275502
0.122320	-0.428926
0.122400	-0.613035
0.122480	-0.705090
0.122560	-0.582351
0.122640	-0.214132
0.122720	0.246142
0.122800	0.675730
0.122880	0.798470
0.122960	0.706415
0.123040	0.338196
0.123120	-0.122077
0.123200	-0.428926
0.123280	-0.306186
0.123360	0.031347
0.123440	0.276827
0.123520	0.215457
0.123600	0.000663
0.123680	-0.336871
0.123760	-0.520981
0.123840	-0.705090
0.123920	-0.613035
0.124000	-0.398241
0.124080	-0.214132
0.124160	-0.030022
0.124240	0.031347
0.124320	0.092717
0.124400	0.184772
0.124480	0.246142
0.124560	0.338196
0.124640	0.276827
0.124720	0.123402
0.124800	-0.122077
0.124880	-0.336871
0.124960	-0.428926
0.125040	-0.459611
0.125120	-0.336871
0.125200	-0.244817
0.125280	-0.275502
0.125360	-0.367556
0.125440	-0.459611
0.125520	-0.490296
0.125600	-0.551666
0.125680	-0.520981
0.125760	-0.520981
0.125840	-0.520981
0.125920	-0.551666
0.126000	-0.613035
0.126080	-0.735775
0.126160	-0.858515
0.126240	-0.889200
0.126320	-0.919885
0.126400	-1.011940
0.126480	-1.042620
0.126560	-0.981254
0.126640	-0.889200
0.126720	-0.797145
0.126800	-0.735775
0.126880	-0.827830
0.126960	-0.950570
0.127040	-1.103990
0.127120	-1.226730
0.127200	-1.288100
0.127280	-1.380160
0.127360	-1.410840
0.127440	-1.441530
0.127520	-1.472210
0.127600	-1.533580
0.127680	-1.594950
0.127760	-1.748380
0.127840	-1.901800
0.127920	-1.901800
0.128000	-1.779060
0.128080	-1.594950
0.128160	-1.441530
0.128240	-1.349470
0.128320	-1.288100
0.128400	-1.441530
0.128480	-1.564270
0.128560	-1.748380
0.128640	-1.840430
0.128720	-1.840430
0.128800	-1.840430
0.128880	-1.901800
0.128960	-1.901800
0.129040	-1.901800
0.129120	-1.901800
0.129200	-1.963170
0.129280	-2.055230
0.129360	-2.085910
0.129440	-2.208650
0.129520	-2.300710
0.129600	-2.392760
0.129680	-2.515500
0.129760	-2.853030
0.129840	-3.098510
0.129920	-3.313310
0.130000	-3.313310
0.130080	-3.251940
0.130160	-3.129200
0.130240	-3.159880
0.130320	-3.282620
0.130400	-3.405360
0.130480	-3.558790
0.130560	-3.742900
0.130640	-3.896320
0.130720	-3.988380
0.130800	-4.172480
0.130880	-4.172480
0.130960	-4.295220
0.131040	-4.479330
0.131120	-4.510020
0.131200	-4.694130
0.131280	-4.878240
0.131360	-5.000980
0.131440	-5.093030
0.131520	-5.123720
0.131600	-5.154400
0.131680	-5.338510
0.131760	-5.553310
0.131840	-5.798780
0.131920	-6.105630
0.132000	-6.351110
0.132080	-6.535220
0.132160	-6.657960
0.132240	-6.750020
0.132320	-6.780700
0.132400	-6.657960
0.132480	-6.535220
0.132560	-6.473850
0.132640	-6.565910
0.132720	-6.596590
0.132800	-6.657960
0.132880	-6.657960
0.132960	-6.627280
0.133040	-6.750020
0.133120	-6.780700
0.133200	-6.688650
0.133280	-6.596590
0.133360	-6.381800
0.133440	-6.197690
0.133520	-6.136320
0.133600	-6.105630
0.133680	-6.197690
0.133760	-6.197690
0.133840	-6.289740
0.133920	-6.197690
0.134000	-6.136320
0.134080	-6.074950
0.134160	-6.136320
0.134240	-6.074950
0.134320	-6.044260
0.134400	-5.982890
0.134480	-5.768100
0.134560	-5.553310
0.134640	-5.307830
0.134720	-5.123720
0.134800	-5.062350
0.134880	-4.878240
0.134960	-4.786180
0.135040	-4.663440
0.135120	-4.510020
0.135200	-4.295220
0.135280	-4.111110
0.135360	-3.896320
0.135440	-3.773580
0.135520	-3.712210
0.135600	-3.589470
0.135680	-3.466730
0.135760	-3.251940
0.135840	-3.129200
0.135920	-2.975770
0.136000	-2.822350
0.136080	-2.699610
0.136160	-2.515500
0.136240	-2.331390
0.136320	-2.116600
0.136400	-1.993860
0.136480	-1.932490
0.136560	-1.779060
0.136640	-1.594950
0.136720	-1.318790
0.136800	-1.011940
0.136880	-0.827830
0.136960	-0.643720
0.137040	-0.520981
0.137120	-0.367556
0.137200	-0.183447
0.137280	-0.122077
0.137360	-0.122077
0.137440	-0.122077
0.137520	-0.091392
0.137600	-0.060707
0.137680	0.062032
0.137760	0.215457
0.137840	0.215457
0.137920	0.307512
0.138000	0.338196
0.138080	0.368881
0.138160	0.522306
0.138240	0.583676
0.138320	0.645046
0.138400	0.675730
0.138480	0.614361
0.138560	0.491621
0.138640	0.430251
0.138720	0.399566
0.138800	0.522306
0.138880	0.552991
0.138960	0.552991
0.139040	0.522306
0.139120	0.491621
0.139200	0.491621
0.139280	0.430251
0.139360	0.399566
0.139440	0.430251
0.139520	0.399566
0.139600	0.368881
0.139680	0.276827
0.139760	0.215457
0.139840	0.031347
0.139920	0.062032
0.140000	0.276827
0.140080	0.552991
0.140160	0.890525
0.140240	1.013260
0.140320	0.859840
0.140400	0.675730
0.140480	0.522306
0.140560	0.522306
0.140640	0.614361
0.140720	0.829155
0.140800	0.951895
0.140880	0.951895
0.140960	0.921210
0.141040	0.829155
0.141120	0.859840
0.141200	0.859840
0.141280	0.982580
0.141360	1.074630
0.141440	1.136000
0.141520	1.166690
0.141600	1.228060
0.141680	1.258740
0.141760	1.320110
0.141840	1.381480
0.141920	1.381480
0.142000	1.350800
0.142080	1.350800
0.142160	1.442850
0.142240	1.442850
0.142320	1.565590
0.142400	1.534910
0.142480	1.596280
0.142560	1.534910
0.142640	1.473540
0.142720	1.504220
0.142800	1.565590
0.142880	1.626960
0.142960	1.657650
0.143040	1.657650
0.143120	1.657650
0.143200	1.688330
0.143280	1.719020
0.143360	1.719020
0.143440	1.719020
0.143520	1.657650
0.143600	1.565590
0.143680	1.473540
0.143760	1.504220
0.143840	1.473540
0.143920	1.504220
0.144000	1.412170
0.144080	1.473540
0.144160	1.565590
0.144240	1.626960
0.144320	1.565590
0.144400	1.534910
0.144480	1.534910
0.144560	1.442850
0.144640	1.320110
0.144720	1.197370
0.144800	1.197370
0.144880	1.136000
0.144960	1.136000
0.145040	1.166690
0.145120	1.289430
0.145200	1.320110
0.145280	1.289430
0.145360	1.197370
0.145440	1.258740
0.145520	1.228060
0.145600	1.228060
0.145680	1.197370
0.145760	1.166690
0.145840	1.074630
0.145920	0.890525
0.146000	0.890525
0.146080	0.890525
0.146160	0.890525
0.146240	0.982580
0.146320	0.921210
0.146400	0.951895
0.146480	0.890525
0.146560	0.859840
0.146640	0.798470
0.146720	0.706415
0.146800	0.737100
0.146880	0.675730
0.146960	0.737100
0.147040	0.706415
0.147120	0.706415
0.147200	0.675730
0.147280	0.614361
0.147360	0.552991
0.147440	0.706415
0.147520	0.737100
0.147600	0.829155
0.147680	0.675730
0.147760	0.645046
0.147840	0.583676
0.147920	0.583676
0.148000	0.706415
0.148080	0.645046
0.148160	0.645046
0.148240	0.522306
0.148320	0.430251
0.148400	0.399566
0.148480	0.460936
0.148560	0.522306
0.148640	0.583676
0.148720	0.614361
0.148800	0.552991
0.148880	0.522306
0.148960	0.552991
0.149040	0.645046
0.149120	0.675730
0.149200	0.706415
0.149280	0.737100
0.149360	0.645046
0.149440	0.583676
0.149520	0.522306
0.149600	0.583676
0.149680	0.614361
0.149760	0.675730
0.149840	0.737100
0.149920	0.767785
0.150000	0.737100
0.150080	0.737100
0.150160	0.737100
0.150240	0.737100
0.150320	0.737100
0.150400	0.767785
0.150480	0.829155
0.150560	0.829155
0.150640	0.859840
0.150720	0.890525
0.150800	0.859840
0.150880	0.921210
0.150960	0.890525
0.151040	0.890525
0.151120	0.921210
0.151200	0.890525
0.151280	0.951895
0.151360	0.982580
0.151440	1.043950
0.151520	1.013260
0.151600	0.982580
0.151680	0.921210
0.151760	0.859840
0.151840	0.798470
0.151920	0.829155
0.152000	0.859840
0.152080	0.859840
0.152160	0.951895
0.152240	1.043950
0.152320	1.166690
0.152400	1.166690
0.152480	1.166690
0.152560	1.105320
0.152640	0.982580
0.152720	0.951895
0.152800	1.043950
0.152880	1.166690
0.152960	1.320110
0.153040	1.258740
0.153120	1.197370
0.153200	1.136000
0.153280	0.982580
0.153360	1.105320
0.153440	1.105320
0.153520	1.258740
0.153600	1.289430
0.153680	1.228060
0.153760	1.228060
0.153840	1.289430
0.153920	1.381480
0.154000	1.442850
0.154080	1.381480
0.154160	1.320110
0.154240	1.258740
0.154320	1.228060
0.154400	1.228060
0.154480	1.258740
0.154560	1.228060
0.154640	1.289430
0.154720	1.166690
0.154800	1.197370
0.154880	1.136000
0.154960	1.136000
0.155040	1.136000
0.155120	1.136000
0.155200	1.043950
0.155280	1.074630
0.155360	1.074630
0.155440	1.105320
0.155520	1.166690
0.155600	1.136000
0.155680	1.136000
0.155760	1.074630
0.155840	1.013260
0.155920	0.982580
0.156000	0.951895
0.156080	0.921210
0.156160	0.859840
0.156240	0.737100
0.156320	0.645046
0.156400	0.645046
0.156480	0.583676
0.156560	0.675730
0.156640	0.675730
0.156720	0.645046
0.156800	0.583676
0.156880	0.583676
0.156960	0.491621
0.157040	0.522306
0.157120	0.552991
0.157200	0.491621
0.157280	0.491621
0.157360	0.491621
0.157440	0.460936
0.157520	0.522306
0.157600	0.522306
0.157680	0.522306
0.157760	0.460936
0.157840	0.338196
0.157920	0.246142
0.158000	0.215457
0.158080	0.215457
0.158160	0.276827
0.158240	0.430251
0.158320	0.399566
0.158400	0.368881
0.158480	0.246142
0.158560	0.092717
0.158640	0.092717
0.158720	0.184772
0.158800	0.338196
0.158880	0.430251
0.158960	0.460936
0.159040	0.338196
0.159120	0.184772
0.159200	0.062032
0.159280	-0.030022
0.159360	-0.030022
0.159440	-0.030022
0.159520	-0.060707
0.159600	-0.060707
0.159680	-0.060707
0.159760	-0.060707
0.159840	-0.091392
0.159920	0.000663
0.160000	0.000663
0.160080	0.092717
0.160160	0.092717
0.160240	0.062032
0.160320	0.000663
0.160400	-0.060707
0.160480	-0.091392
0.160560	-0.060707
0.160640	-0.030022
0.160720	0.031347
0.160800	0.123402
0.160880	0.123402
0.160960	0.123402
0.161040	0.031347
0.161120	-0.060707
0.161200	-0.183447
0.161280	-0.275502
0.161360	-0.214132
0.161440	-0.091392
0.161520	0.031347
0.161600	0.092717
0.161680	0.031347
0.161760	0.000663
0.161840	-0.091392
0.161920	-0.183447
0.162000	-0.275502
0.162080	-0.336871
0.162160	-0.275502
0.162240	-0.244817
0.162320	-0.214132
0.162400	-0.214132
0.162480	-0.336871
0.162560	-0.336871
0.162640	-0.336871
0.162720	-0.367556
0.162800	-0.306186
0.162880	-0.275502
0.162960	-0.336871
0.163040	-0.367556
0.163120	-0.428926
0.163200	-0.367556
0.163280	-0.367556
0.163360	-0.398241
0.163440	-0.398241
0.163520	-0.428926
0.163600	-0.398241
0.163680	-0.428926
0.163760	-0.490296
0.163840	-0.520981
0.163920	-0.459611
0.164000	-0.367556
0.164080	-0.398241
0.164160	-0.459611
0.164240	-0.520981
0.164320	-0.613035
0.164400	-0.613035
0.164480	-0.582351
0.164560	-0.459611
0.164640	-0.520981
0.164720	-0.490296
0.164800	-0.582351
0.164880	-0.705090
0.164960	-0.705090
0.165040	-0.643720
0.165120	-0.643720
0.165200	-0.674405
0.165280	-0.735775
0.165360	-0.766460
0.165440	-0.766460
0.165520	-0.766460
0.165600	-0.766460
0.165680	-0.797145
0.165760	-0.797145
0.165840	-0.766460
0.165920	-0.797145
0.166000	-0.827830
0.166080	-0.858515
0.166160	-0.827830
0.166240	-0.827830
0.166320	-0.858515
0.166400	-0.889200
0.166480	-0.858515
0.166560	-0.889200
0.166640	-0.981254
0.166720	-0.950570
0.166800	-0.981254
0.166880	-0.858515
0.166960	-0.950570
0.167040	-0.981254
0.167120	-1.134680
0.167200	-1.103990
0.167280	-1.134680
0.167360	-1.134680
0.167440	-1.073310
0.167520	-0.981254
0.167600	-0.858515
0.167680	-0.858515
0.167760	-0.858515
0.167840	-0.889200
0.167920	-0.889200
0.168000	-0.950570
0.168080	-1.042620
0.168160	-1.196050
0.168240	-1.165360
0.168320	-1.073310
0.168400	-0.981254
0.168480	-0.889200
0.168560	-0.919885
0.168640	-0.981254
0.168720	-1.042620
0.168800	-1.042620
0.168880	-1.042620
0.168960	-1.011940
0.169040	-0.919885
0.169120	-0.889200
0.169200	-0.950570
0.169280	-1.042620
0.169360	-1.196050
0.169440	-1.288100
0.169520	-1.318790
0.169600	-1.165360
0.169680	-1.196050
0.169760	-1.042620
0.169840	-1.011940
0.169920	-0.981254
0.170000	-1.042620
0.170080	-1.103990
0.170160	-1.134680
0.170240	-1.165360
0.170320	-1.165360
0.170400	-1.165360
0.170480	-1.165360
0.170560	-1.196050
0.170640	-1.165360
0.170720	-1.165360
0.170800	-1.103990
0.170880	-1.073310
0.170960	-1.103990
0.171040	-1.073310
0.171120	-1.073310
0.171200	-1.103990
0.171280	-1.196050
0.171360	-1.226730
0.171440	-1.134680
0.171520	-1.103990
0.171600	-1.103990
0.171680	-1.103990
0.171760	-1.103990
0.171840	-1.073310
0.171920	-1.134680
0.172000	-1.196050
0.172080	-1.165360
0.172160	-1.196050
0.172240	-1.134680
0.172320	-1.134680
0.172400	-1.134680
0.172480	-1.196050
0.172560	-1.134680
0.172640	-1.103990
0.172720	-1.103990
0.172800	-1.073310
0.172880	-1.042620
0.172960	-1.103990
0.173040	-1.196050
0.173120	-1.165360
0.173200	-1.134680
0.173280	-1.165360
0.173360	-1.103990
0.173440	-1.103990
0.173520	-1.134680
0.173600	-1.042620
0.173680	-0.981254
0.173760	-1.042620
0.173840	-1.011940
0.173920	-1.073310
0.174000	-1.134680
0.174080	-1.196050
0.174160	-1.226730
0.174240	-1.196050
0.174320	-1.134680
0.174400	-1.073310
0.174480	-1.011940
0.174560	-1.042620
0.174640	-1.073310
0.174720	-1.103990
0.174800	-1.196050
0.174880	-1.134680
0.174960	-1.134680
0.175040	-1.134680
0.175120	-1.134680
0.175200	-1.134680
0.175280	-1.134680
0.175360	-1.196050
0.175440	-1.196050
0.175520	-1.226730
0.175600	-1.196050
0.175680	-1.226730
0.175760	-1.103990
0.175840	-1.103990
0.175920	-0.919885
0.176000	-0.827830
0.176080	-0.797145
0.176160	-0.889200
0.176240	-1.011940
0.176320	-1.165360
0.176400	-1.318790
0.176480	-1.349470
0.176560	-1.257420
0.176640	-1.196050
0.176720	-1.134680
0.176800	-1.073310
0.176880	-1.103990
0.176960	-1.073310
0.177040	-1.103990
0.177120	-1.134680
0.177200	-1.103990
0.177280	-1.134680
0.177360	-1.134680
0.177440	-1.134680
0.177520	-1.134680
0.177600	-1.226730
0.177680	-1.257420
0.177760	-1.380160
0.177840	-1.410840
0.177920	-1.441530
0.178000	-1.441530
0.178080	-1.502900
0.178160	-1.472210
0.178240	-1.533580
0.178320	-1.502900
0.178400	-1.472210
0.178480	-1.472210
0.178560	-1.472210
0.178640	-1.502900
0.178720	-1.472210
0.178800	-1.441530
0.178880	-1.410840
0.178960	-1.472210
0.179040	-1.533580
0.179120	-1.625640
0.179200	-1.717690
0.179280	-1.779060
0.179360	-1.779060
0.179440	-1.748380
0.179520	-1.748380
0.179600	-1.748380
0.179680	-1.717690
0.179760	-1.717690
0.179840	-1.748380
0.179920	-1.809750
0.180000	-1.779060
0.180080	-1.809750
0.180160	-1.840430
0.180240	-1.809750
0.180320	-1.840430
0.180400	-1.809750
0.180480	-1.809750
0.180560	-1.779060
0.180640	-1.687010
0.180720	-1.809750
0.180800	-1.717690
0.180880	-1.656320
0.180960	-1.625640
0.181040	-1.625640
0.181120	-1.625640
0.181200	-1.594950
0.181280	-1.625640
0.181360	-1.687010
0.181440	-1.625640
0.181520	-1.625640
0.181600	-1.687010
0.181680	-1.656320
0.181760	-1.656320
0.181840	-1.687010
0.181920	-1.656320
0.182000	-1.625640
0.182080	-1.564270
0.182160	-1.625640
0.182240	-1.564270
0.182320	-1.533580
0.182400	-1.502900
0.182480	-1.441530
0.182560	-1.441530
0.182640	-1.564270
0.182720	-1.687010
0.182800	-1.809750
0.182880	-1.748380
0.182960	-1.717690
0.183040	-1.687010
0.183120	-1.656320
0.183200	-1.656320
0.183280	-1.625640
0.183360	-1.533580
0.183440	-1.472210
0.183520	-1.472210
0.183600	-1.594950
0.183680	-1.625640
0.183760	-1.594950
0.183840	-1.625640
0.183920	-1.656320
0.184000	-1.717690
0.184080	-1.717690
0.184160	-1.748380
0.184240	-1.717690
0.184320	-1.656320
0.184400	-1.594950
0.184480	-1.594950
0.184560	-1.625640
0.184640	-1.625640
0.184720	-1.717690
0.184800	-1.779060
0.184880	-1.748380
0.184960	-1.748380
0.185040	-1.717690
0.185120	-1.717690
0.185200	-1.748380
0.185280	-1.779060
0.185360	-1.779060
0.185440	-1.779060
0.185520	-1.779060
0.185600	-1.871120
0.185680	-1.932490
0.185760	-1.932490
0.185840	-1.748380
0.185920	-1.533580
0.186000	-1.349470
0.186080	-1.380160
0.186160	-1.625640
0.186240	-1.809750
0.186320	-1.932490
0.186400	-1.840430
0.186480	-1.687010
0.186560	-1.625640
0.186640	-1.594950
0.186720	-1.594950
0.186800	-1.564270
0.186880	-1.625640
0.186960	-1.625640
0.187040	-1.564270
0.187120	-1.564270
0.187200	-1.533580
0.187280	-1.564270
0.187360	-1.594950
0.187440	-1.625640
0.187520	-1.625640
0.187600	-1.594950
0.187680	-1.594950
0.187760	-1.564270
0.187840	-1.564270
0.187920	-1.625640
0.188000	-1.594950
0.188080	-1.564270
0.188160	-1.594950
0.188240	-1.564270
0.188320	-1.564270
0.188400	-1.441530
0.188480	-1.472210
0.188560	-1.410840
0.188640	-1.441530
0.188720	-1.502900
0.188800	-1.502900
0.188880	-1.564270
0.188960	-1.594950
0.189040	-1.625640
0.189120	-1.625640
0.189200	-1.594950
0.189280	-1.625640
0.189360	-1.625640
0.189440	-1.687010
0.189520	-1.687010
0.189600	-1.748380
0.189680	-1.656320
0.189760	-1.717690
0.189840	-1.748380
0.189920	-1.687010
0.190000	-1.748380
0.190080	-1.748380
0.190160	-1.779060
0.190240	-1.809750
0.190320	-1.871120
0.190400	-1.963170
0.190480	-1.932490
0.190560	-1.871120
0.190640	-1.809750
0.190720	-1.809750
0.190800	-1.840430
0.190880	-1.901800
0.190960	-1.963170
0.191040	-2.147280
0.191120	-2.239340
0.191200	-2.147280
0.191280	-2.085910
0.191360	-1.901800
0.191440	-1.809750
0.191520	-1.932490
0.191600	-2.024540
0.191680	-2.085910
0.191760	-2.208650
0.191840	-2.208650
0.191920	-2.085910
0.192000	-2.085910
0.192080	-2.085910
0.192160	-2.116600
0.192240	-2.239340
0.192320	-2.270020
0.192400	-2.208650
0.192480	-2.208650
0.192560	-2.177970
0.192640	-2.116600
0.192720	-2.147280
0.192800	-2.270020
0.192880	-2.331390
0.192960	-2.362080
0.193040	-2.331390
0.193120	-2.270020
0.193200	-2.208650
0.193280	-2.177970
0.193360	-2.208650
0.193440	-2.177970
0.193520	-2.208650
0.193600	-2.239340
0.193680	-2.300710
0.193760	-2.270020
0.193840	-2.300710
0.193920	-2.300710
0.194000	-2.270020
0.194080	-2.270020
0.194160	-2.239340
0.194240	-2.239340
0.194320	-2.177970
0.194400	-2.208650
0.194480	-2.239340
0.194560	-2.270020
0.194640	-2.270020
0.194720	-2.300710
0.194800	-2.300710
0.194880	-2.270020
0.194960	-2.239340
0.195040	-2.177970
0.195120	-2.208650
0.195200	-2.300710
0.195280	-2.362080
0.195360	-2.331390
0.195440	-2.331390
0.195520	-2.270020
0.195600	-2.147280
0.195680	-2.116600
0.195760	-2.177970
0.195840	-2.116600
0.195920	-2.177970
0.196000	-2.208650
0.196080	-2.270020
0.196160	-2.300710
0.196240	-2.270020
0.196320	-2.270020
0.196400	-2.270020
0.196480	-2.177970
0.196560	-2.208650
0.196640	-2.147280
0.196720	-2.085910
0.196800	-2.116600
0.196880	-2.116600
0.196960	-2.147280
0.197040	-2.177970
0.197120	-2.116600
0.197200	-2.177970
0.197280	-2.177970
0.197360	-2.085910
0.197440	-2.116600
0.197520	-2.147280
0.197600	-2.177970
0.197680	-2.331390
0.197760	-2.177970
0.197840	-2.116600
0.197920	-2.208650
0.198000	-2.116600
0.198080	-2.177970
0.198160	-2.208650
0.198240	-2.116600
0.198320	-2.177970
0.198400	-2.208650
0.198480	-2.208650
0.198560	-2.270020
0.198640	-2.270020
0.198720	-2.208650
0.198800	-2.177970
0.198880	-2.024540
0.198960	-1.993860
0.199040	-2.055230
0.199120	-2.177970
0.199200	-2.331390
0.199280	-2.270020
0.199360	-2.208650
0.199440	-1.993860
0.199520	-1.871120
0.199600	-1.840430
0.199680	-1.901800
0.199760	-1.963170
0.199840	-1.993860
0.199920	-2.024540
0.200000	-2.024540
0.200080	-1.901800
0.200160	-1.840430
0.200240	-1.809750
0.200320	-1.871120
0.200400	-1.963170
0.200480	-2.116600
0.200560	-2.208650
0.200640	-2.147280
0.200720	-2.024540
0.200800	-1.840430
0.200880	-1.748380
0.200960	-1.717690
0.201040	-1.779060
0.201120	-1.901800
0.201200	-1.963170
0.201280	-1.932490
0.201360	-1.871120
0.201440	-1.871120
0.201520	-1.871120
0.201600	-1.901800
0.201680	-1.932490
0.201760	-1.871120
0.201840	-1.748380
0.201920	-1.656320
0.202000	-1.625640
0.202080	-1.748380
0.202160	-1.840430
0.202240	-1.871120
0.202320	-1.871120
0.202400	-1.871120
0.202480	-1.748380
0.202560	-1.840430
0.202640	-1.779060
0.202720	-1.809750
0.202800	-1.779060
0.202880	-1.840430
0.202960	-1.840430
0.203040	-1.871120
0.203120	-1.932490
0.203200	-1.963170
0.203280	-1.963170
0.203360	-1.963170
0.203440	-1.993860
0.203520	-1.963170
0.203600	-1.963170
0.203680	-2.055230
0.203760	-2.116600
0.203840	-2.147280
0.203920	-2.147280
0.204000	-2.177970
0.204080	-2.177970
0.204160	-2.147280
0.204240	-2.239340
0.204320	-2.300710
0.204400	-2.300710
0.204480	-2.392760
0.204560	-2.331390
0.204640	-2.300710
0.204720	-2.239340
0.204800	-2.270020
0.204880	-2.177970
0.204960	-2.239340
0.205040	-2.300710
0.205120	-2.331390
0.205200	-2.484810
0.205280	-2.515500
0.205360	-2.546180
0.205440	-2.423450
0.205520	-2.300710
0.205600	-2.239340
0.205680	-2.208650
0.205760	-2.177970
0.205840	-2.239340
0.205920	-2.331390
0.206000	-2.331390
0.206080	-2.392760
0.206160	-2.331390
0.206240	-2.270020
0.206320	-2.208650
0.206400	-2.147280
0.206480	-2.055230
0.206560	-1.963170
0.206640	-1.932490
0.206720	-1.901800
0.206800	-1.901800
0.206880	-1.871120
0.206960	-1.932490
0.207040	-1.901800
0.207120	-1.932490
0.207200	-1.901800
0.207280	-1.840430
0.207360	-1.809750
0.207440	-1.717690
0.207520	-1.748380
0.207600	-1.779060
0.207680	-1.840430
0.207760	-1.840430
0.207840	-1.840430
0.207920	-1.779060
0.208000	-1.840430
0.208080	-1.901800
0.208160	-1.993860
0.208240	-2.024540
0.208320	-1.963170
0.208400	-1.871120
0.208480	-1.687010
0.208560	-1.594950
0.208640	-1.594950
0.208720	-1.717690
0.208800	-1.748380
0.208880	-1.809750
0.208960	-1.809750
0.209040	-1.840430
0.209120	-1.809750
0.209200	-1.840430
0.209280	-1.901800
0.209360	-1.871120
0.209440	-1.840430
0.209520	-1.748380
0.209600	-1.717690
0.209680	-1.687010
0.209760	-1.717690
0.209840	-1.748380
0.209920	-1.809750
0.210000	-1.840430
0.210080	-1.779060
0.210160	-1.717690
0.210240	-1.656320
0.210320	-1.656320
0.210400	-1.656320
0.210480	-1.625640
0.210560	-1.656320
0.210640	-1.687010
0.210720	-1.594950
0.210800	-1.533580
0.210880	-1.502900
0.210960	-1.564270
0.211040	-1.625640
0.211120	-1.687010
0.211200	-1.717690
0.211280	-1.779060
0.211360	-1.748380
0.211440	-1.687010
0.211520	-1.594950
0.211600	-1.594950
0.211680	-1.594950
0.211760	-1.656320
0.211840	-1.625640
0.211920	-1.656320
0.212000	-1.656320
0.212080	-1.625640
0.212160	-1.717690
0.212240	-1.717690
0.212320	-1.748380
0.212400	-1.717690
0.212480	-1.687010
0.212560	-1.717690
0.212640	-1.779060
0.212720	-1.809750
0.212800	-1.901800
0.212880	-1.932490
0.212960	-1.932490
0.213040	-1.901800
0.213120	-1.901800
0.213200	-1.840430
0.213280	-1.840430
0.213360	-1.871120
0.213440	-1.901800
0.213520	-1.871120
0.213600	-1.901800
0.213680	-1.901800
0.213760	-1.993860
0.213840	-1.993860
0.213920	-1.993860
0.214000	-1.932490
0.214080	-1.840430
0.214160	-1.564270
0.214240	-1.564270
0.214320	-1.656320
0.214400	-1.625640
0.214480	-1.717690
0.214560	-1.717690
0.214640	-1.748380
0.214720	-1.779060
0.214800	-1.840430
0.214880	-1.901800
0.214960	-1.932490
0.215040	-1.871120
0.215120	-1.840430
0.215200	-1.809750
0.215280	-1.717690
0.215360	-1.687010
0.215440	-1.656320
0.215520	-1.625640
0.215600	-1.809750
0.215680	-1.901800
0.215760	-2.024540
0.215840	-2.024540
0.215920	-2.055230
0.216000	-2.055230
0.216080	-2.024540
0.216160	-2.055230
0.216240	-2.085910
0.216320	-2.208650
0.216400	-2.270020
0.216480	-2.362080
0.216560	-2.423450
0.216640	-2.423450
0.216720	-2.392760
0.216800	-2.331390
0.216880	-2.392760
0.216960	-2.392760
0.217040	-2.423450
0.217120	-2.392760
0.217200	-2.331390
0.217280	-2.362080
0.217360	-2.423450
0.217440	-2.546180
0.217520	-2.576870
0.217600	-2.454130
0.217680	-2.208650
0.217760	-1.932490
0.217840	-1.840430
0.217920	-1.963170
0.218000	-2.177970
0.218080	-2.331390
0.218160	-2.454130
0.218240	-2.454130
0.218320	-2.362080
0.218400	-2.362080
0.218480	-2.362080
0.218560	-2.484810
0.218640	-2.515500
0.218720	-2.638240
0.218800	-2.607550
0.218880	-2.607550
0.218960	-2.576870
0.219040	-2.546180
0.219120	-2.515500
0.219200	-2.423450
0.219280	-2.362080
0.219360	-2.300710
0.219440	-2.300710
0.219520	-2.331390
0.219600	-2.423450
0.219680	-2.423450
0.219760	-2.515500
0.219840	-2.546180
0.219920	-2.454130
0.220000	-2.392760
0.220080	-2.177970
0.220160	-2.024540
0.220240	-2.024540
0.220320	-2.024540
0.220400	-2.024540
0.220480	-2.116600
0.220560	-2.085910
0.220640	-2.024540
0.220720	-1.993860
0.220800	-1.993860
0.220880	-1.901800
0.220960	-1.779060
0.221040	-1.779060
0.221120	-1.748380
0.221200	-1.779060
0.221280	-1.779060
0.221360	-1.779060
0.221440	-1.809750
0.221520	-1.748380
0.221600	-1.809750
0.221680	-1.840430
0.221760	-1.871120
0.221840	-1.932490
0.221920	-1.901800
0.222000	-1.809750
0.222080	-1.687010
0.222160	-1.717690
0.222240	-1.717690
0.222320	-1.748380
0.222400	-1.656320
0.222480	-1.656320
0.222560	-1.656320
0.222640	-1.625640
0.222720	-1.809750
0.222800	-1.779060
0.222880	-1.748380
0.222960	-1.625640
0.223040	-1.502900
0.223120	-1.472210
0.223200	-1.502900
0.223280	-1.564270
0.223360	-1.625640
0.223440	-1.625640
0.223520	-1.625640
0.223600	-1.564270
0.223680	-1.564270
0.223760	-1.533580
0.223840	-1.533580
0.223920	-1.533580
0.224000	-1.594950
0.224080	-1.748380
0.224160	-1.748380
0.224240	-1.779060
0.224320	-1.809750
0.224400	-1.809750
0.224480	-1.809750
0.224560	-1.809750
0.224640	-1.809750
0.224720	-1.809750
0.224800	-1.717690
0.224880	-1.687010
0.224960	-1.687010
0.225040	-1.687010
0.225120	-1.717690
0.225200	-1.809750
0.225280	-1.963170
0.225360	-2.116600
0.225440	-2.270020
0.225520	-2.423450
0.225600	-2.454130
0.225680	-2.362080
0.225760	-2.147280
0.225840	-1.871120
0.225920	-1.871120
0.226000	-1.993860
0.226080	-2.147280
0.226160	-2.055230
0.226240	-1.687010
0.226320	-1.196050
0.226400	-1.073310
0.226480	-1.349470
0.226560	-1.840430
0.226640	-2.270020
0.226720	-2.515500
0.226800	-2.484810
0.226880	-2.454130
0.226960	-2.515500
0.227040	-2.546180
0.227120	-2.607550
0.227200	-2.607550
0.227280	-2.668920
0.227360	-2.638240
0.227440	-2.760980
0.227520	-2.791660
0.227600	-2.822350
0.227680	-2.945090
0.227760	-2.853030
0.227840	-2.853030
0.227920	-2.883720
0.228000	-2.853030
0.228080	-2.822350
0.228160	-2.638240
0.228240	-2.515500
0.228320	-2.423450
0.228400	-2.454130
0.228480	-2.515500
0.228560	-2.699610
0.228640	-2.914400
0.228720	-3.067830
0.228800	-2.975770
0.228880	-2.699610
0.228960	-2.331390
0.229040	-2.116600
0.229120	-2.024540
0.229200	-1.993860
0.229280	-1.871120
0.229360	-1.779060
0.229440	-1.748380
0.229520	-1.901800
0.229600	-2.362080
0.229680	-2.791660
0.229760	-3.098510
0.229840	-3.343990
0.229920	-3.251940
0.230000	-2.975770
0.230080	-2.607550
0.230160	-2.147280
0.230240	-1.840430
0.230320	-1.748380
0.230400	-1.901800
0.230480	-2.208650
0.230560	-2.638240
0.230640	-2.945090
0.230720	-2.945090
0.230800	-3.006460
0.230880	-2.791660
0.230960	-2.791660
0.231040	-2.822350
0.231120	-2.914400
0.231200	-3.037140
0.231280	-3.159880
0.231360	-3.221250
0.231440	-3.159880
0.231520	-3.159880
0.231600	-3.067830
0.231680	-2.853030
0.231760	-2.576870
0.231840	-2.270020
0.231920	-2.055230
0.232000	-2.147280
0.232080	-2.331390
0.232160	-2.576870
0.232240	-2.853030
0.232320	-3.006460
0.232400	-2.945090
0.232480	-2.638240
0.232560	-2.331390
0.232640	-1.963170
0.232720	-1.748380
0.232800	-1.748380
0.232880	-1.901800
0.232960	-2.085910
0.233040	-2.300710
0.233120	-2.362080
0.233200	-2.484810
0.233280	-2.362080
0.233360	-2.239340
0.233440	-1.840430
0.233520	-1.502900
0.233600	-1.349470
0.233680	-1.380160
0.233760	-1.564270
0.233840	-1.809750
0.233920	-1.809750
0.234000	-1.840430
0.234080	-1.748380
0.234160	-1.564270
0.234240	-1.472210
0.234320	-1.226730
0.234400	-1.226730
0.234480	-1.349470
0.234560	-1.564270
0.234640	-1.779060
0.234720	-1.871120
0.234800	-1.748380
0.234880	-1.502900
0.234960	-1.257420
0.235040	-1.134680
0.235120	-1.134680
0.235200	-1.226730
0.235280	-1.257420
0.235360	-1.380160
0.235440	-1.349470
0.235520	-1.380160
0.235600	-1.441530
0.235680	-1.410840
0.235760	-1.472210
0.235840	-1.441530
0.235920	-1.318790
0.236000	-1.196050
0.236080	-1.226730
0.236160	-1.349470
0.236240	-1.502900
0.236320	-1.625640
0.236400	-1.502900
0.236480	-1.380160
0.236560	-1.288100
0.236640	-1.226730
0.236720	-1.349470
0.236800	-1.410840
0.236880	-1.533580
0.236960	-1.687010
0.237040	-1.717690
0.237120	-1.748380
0.237200	-1.625640
0.237280	-1.472210
0.237360	-1.318790
0.237440	-1.226730
0.237520	-1.196050
0.237600	-1.134680
0.237680	-1.073310
0.237760	-1.134680
0.237840	-1.288100
0.237920	-1.472210
0.238000	-1.809750
0.238080	-2.147280
0.238160	-2.177970
0.238240	-1.963170
0.238320	-1.809750
0.238400	-1.502900
0.238480	-1.349470
0.238560	-1.288100
0.238640	-1.318790
0.238720	-1.472210
0.238800	-1.717690
0.238880	-1.809750
0.238960	-1.779060
0.239040	-1.748380
0.239120	-1.717690
0.239200	-1.656320
0.239280	-1.717690
0.239360	-1.717690
0.239440	-1.594950
0.239520	-1.441530
0.239600	-1.288100
0.239680	-1.196050
0.239760	-1.165360
0.239840	-1.196050
0.239920	-1.257420
0.240000	-1.410840
0.240080	-1.779060
0.240160	-2.177970
0.240240	-2.362080
0.240320	-2.331390
0.240400	-1.963170
0.240480	-1.441530
0.240560	-1.042620
0.240640	-0.919885
0.240720	-1.257420
0.240800	-1.871120
0.240880	-2.270020
0.240960	-2.454130
0.241040	-2.392760
0.241120	-2.331390
0.241200	-2.085910
0.241280	-1.809750
0.241360	-1.533580
0.241440	-1.318790
0.241520	-1.288100
0.241600	-1.349470
0.241680	-1.441530
0.241760	-1.625640
0.241840	-1.809750
0.241920	-1.901800
0.242000	-1.871120
0.242080	-1.748380
0.242160	-1.625640
0.242240	-1.594950
0.242320	-1.748380
0.242400	-2.024540
0.242480	-2.208650
0.242560	-2.208650
0.242640	-1.871120
0.242720	-1.533580
0.242800	-1.196050
0.242880	-1.226730
0.242960	-1.318790
0.243040	-1.502900
0.243120	-1.625640
0.243200	-1.687010
0.243280	-1.748380
0.243360	-1.748380
0.243440	-1.779060
0.243520	-1.779060
0.243600	-1.809750
0.243680	-1.779060
0.243760	-1.687010
0.243840	-1.625640
0.243920	-1.625640
0.244000	-1.656320
0.244080	-1.687010
0.244160	-1.656320
0.244240	-1.502900
0.244320	-1.257420
0.244400	-1.165360
0.244480	-1.257420
0.244560	-1.533580
0.244640	-1.809750
0.244720	-1.871120
0.244800	-1.687010
0.244880	-1.349470
0.244960	-1.011940
0.245040	-0.858515
0.245120	-0.858515
0.245200	-0.950570
0.245280	-1.196050
0.245360	-1.410840
0.245440	-1.717690
0.245520	-1.840430
0.245600	-1.871120
0.245680	-1.901800
0.245760	-1.717690
0.245840	-1.594950
0.245920	-1.441530
0.246000	-1.288100
0.246080	-1.042620
0.246160	-0.827830
0.246240	-0.643720
0.246320	-0.613035
0.246400	-0.797145
0.246480	-1.318790
0.246560	-1.932490
0.246640	-2.392760
0.246720	-2.454130
0.246800	-1.932490
0.246880	-1.349470
0.246960	-0.858515
0.247040	-0.643720
0.247120	-0.766460
0.247200	-0.919885
0.247280	-0.981254
0.247360	-1.011940
0.247440	-1.042620
0.247520	-1.103990
0.247600	-1.134680
0.247680	-1.226730
0.247760	-1.318790
0.247840	-1.380160
0.247920	-1.472210
0.248000	-1.564270
0.248080	-1.502900
0.248160	-1.410840
0.248240	-1.288100
0.248320	-1.103990
0.248400	-1.103990
0.248480	-1.134680
0.248560	-1.165360
0.248640	-1.073310
0.248720	-0.950570
0.248800	-0.705090
0.248880	-0.520981
0.248960	-0.490296
0.249040	-0.674405
0.249120	-1.288100
0.249200	-2.055230
0.249280	-2.300710
0.249360	-2.024540
0.249440	-1.441530
0.249520	-0.858515
0.249600	-0.705090
0.249680	-0.858515
0.249760	-1.073310
0.249840	-1.257420
0.249920	-1.196050
0.250000	-1.134680
0.250080	-1.165360
0.250160	-1.288100
0.250240	-1.502900
0.250320	-1.687010
0.250400	-1.687010
0.250480	-1.656320
0.250560	-1.564270
0.250640	-1.441530
0.250720	-1.349470
0.250800	-1.318790
0.250880	-1.318790
0.250960	-1.288100
0.251040	-1.288100
0.251120	-1.288100
0.251200	-1.349470
0.251280	-1.410840
0.251360	-1.380160
0.251440	-1.318790
0.251520	-1.011940
0.251600	-0.705090
0.251680	-0.336871
0.251760	-0.214132
0.251840	-0.367556
0.251920	-0.889200
0.252000	-1.625640
0.252080	-2.270020
0.252160	-2.454130
0.252240	-2.177970
0.252320	-1.502900
0.252400	-1.011940
0.252480	-0.827830
0.252560	-0.950570
0.252640	-1.103990
0.252720	-1.196050
0.252800	-1.349470
0.252880	-1.625640
0.252960	-1.809750
0.253040	-1.963170
0.253120	-2.024540
0.253200	-1.932490
0.253280	-1.779060
0.253360	-1.564270
0.253440	-1.410840
0.253520	-1.349470
0.253600	-1.349470
0.253680	-1.349470
0.253760	-1.318790
0.253840	-1.288100
0.253920	-1.288100
0.254000	-1.257420
0.254080	-1.196050
0.254160	-1.103990
0.254240	-0.919885
0.254320	-0.827830
0.254400	-0.889200
0.254480	-1.103990
0.254560	-1.472210
0.254640	-1.717690
0.254720	-1.687010
0.254800	-1.472210
0.254880	-1.226730
0.254960	-1.011940
0.255040	-0.889200
0.255120	-0.797145
0.255200	-0.858515
0.255280	-0.889200
0.255360	-1.011940
0.255440	-1.134680
0.255520	-1.288100
0.255600	-1.226730
0.255680	-1.318790
0.255760	-1.349470
0.255840	-1.380160
0.255920	-1.472210
0.256000	-1.564270
0.256080	-1.564270
0.256160	-1.472210
0.256240	-1.257420
0.256320	-1.073310
0.256400	-0.889200
0.256480	-0.797145
0.256560	-0.827830
0.256640	-0.919885
0.256720	-0.919885
0.256800	-0.981254
0.256880	-1.042620
0.256960	-0.981254
0.257040	-0.919885
0.257120	-0.950570
0.257200	-1.011940
0.257280	-1.011940
0.257360	-1.073310
0.257440	-1.011940
0.257520	-0.919885
0.257600	-0.889200
0.257680	-0.889200
0.257760	-1.042620
0.257840	-1.196050
0.257920	-1.380160
0.258000	-1.410840
0.258080	-1.410840
0.258160	-1.288100
0.258240	-1.288100
0.258320	-1.196050
0.258400	-1.288100
0.258480	-1.226730
0.258560	-1.165360
0.258640	-1.073310
0.258720	-0.797145
0.258800	-0.490296
0.258880	-0.367556
0.258960	-0.336871
0.259040	-0.643720
0.259120	-1.349470
0.259200	-2.024540
0.259280	-2.454130
0.259360	-2.208650
0.259440	-1.533580
0.259520	-0.797145
0.259600	-0.306186
0.259680	-0.214132
0.259760	-0.398241
0.259840	-0.643720
0.259920	-0.705090
0.260000	-0.766460
0.260080	-0.889200
0.260160	-0.889200
0.260240	-0.889200
0.260320	-0.766460
0.260400	-0.613035
0.260480	-0.459611
0.260560	-0.367556
0.260640	-0.398241
0.260720	-0.520981
0.260800	-0.674405
0.260880	-0.735775
0.260960	-0.735775
0.261040	-0.705090
0.261120	-0.766460
0.261200	-0.705090
0.261280	-0.674405
0.261360	-0.674405
0.261440	-0.705090
0.261520	-0.705090
0.261600	-0.735775
0.261680	-0.766460
0.261760	-0.827830
0.261840	-0.827830
0.261920	-0.674405
0.262000	-0.613035
0.262080	-0.613035
0.262160	-0.643720
0.262240	-0.705090
0.262320	-0.797145
0.262400	-0.827830
0.262480	-0.981254
0.262560	-1.257420
0.262640	-1.533580
0.262720	-1.717690
0.262800	-1.656320
0.262880	-1.533580
0.262960	-1.318790
0.263040	-1.073310
0.263120	-0.950570
0.263200	-0.919885
0.263280	-0.919885
0.263360	-0.981254
0.263440	-1.011940
0.263520	-0.950570
0.263600	-0.889200
0.263680	-0.735775
0.263760	-0.674405
0.263840	-0.520981
0.263920	-0.398241
0.264000	-0.336871
0.264080	-0.183447
0.264160	-0.030022
0.264240	0.092717
0.264320	-0.030022
0.264400	0.000663
0.264480	-0.030022
0.264560	-0.122077
0.264640	-0.244817
0.264720	-0.398241
0.264800	-0.490296
0.264880	-0.398241
0.264960	-0.275502
0.265040	-0.183447
0.265120	-0.122077
0.265200	-0.275502
0.265280	-0.336871
0.265360	-0.398241
0.265440	-0.459611
0.265520	-0.428926
0.265600	-0.459611
0.265680	-0.582351
0.265760	-0.735775
0.265840	-0.827830
0.265920	-0.797145
0.266000	-0.613035
0.266080	-0.398241
0.266160	-0.367556
0.266240	-0.459611
0.266320	-0.643720
0.266400	-0.797145
0.266480	-0.950570
0.266560	-0.919885
0.266640	-0.858515
0.266720	-0.766460
0.266800	-0.735775
0.266880	-0.766460
0.266960	-0.827830
0.267040	-0.858515
0.267120	-0.766460
0.267200	-0.613035
0.267280	-0.520981
0.267360	-0.490296
0.267440	-0.613035
0.267520	-0.613035
0.267600	-0.582351
0.267680	-0.520981
0.267760	-0.459611
0.267840	-0.398241
0.267920	-0.367556
0.268000	-0.183447
0.268080	0.000663
0.268160	0.123402
0.268240	-0.060707
0.268320	-0.551666
0.268400	-1.134680
0.268480	-1.533580
0.268560	-1.594950
0.268640	-1.380160
0.268720	-1.103990
0.268800	-0.827830
0.268880	-0.674405
0.268960	-0.613035
0.269040	-0.705090
0.269120	-0.858515
0.269200	-1.073310
0.269280	-1.226730
0.269360	-1.318790
0.269440	-1.257420
0.269520	-1.165360
0.269600	-0.981254
0.269680	-0.766460
0.269760	-0.674405
0.269840	-0.582351
0.269920	-0.459611
0.270000	-0.490296
0.270080	-0.613035
0.270160	-0.797145
0.270240	-0.889200
0.270320	-0.889200
0.270400	-0.735775
0.270480	-0.582351
0.270560	-0.459611
0.270640	-0.428926
0.270720	-0.428926
0.270800	-0.520981
0.270880	-0.613035
0.270960	-0.582351
0.271040	-0.613035
0.271120	-0.613035
0.271200	-0.613035
0.271280	-0.643720
0.271360	-0.797145
0.271440	-0.919885
0.271520	-1.103990
0.271600	-1.042620
0.271680	-0.950570
0.271760	-0.766460
0.271840	-0.705090
0.271920	-0.705090
0.272000	-0.735775
0.272080	-0.858515
0.272160	-0.858515
0.272240	-0.827830
0.272320	-0.797145
0.272400	-0.735775
0.272480	-0.735775
0.272560	-0.705090
0.272640	-0.643720
0.272720	-0.613035
0.272800	-0.705090
0.272880	-0.858515
0.272960	-0.889200
0.273040	-1.042620
0.273120	-1.103990
0.273200	-0.981254
0.273280	-1.011940
0.273360	-0.889200
0.273440	-0.827830
0.273520	-0.797145
0.273600	-0.735775
0.273680	-0.766460
0.273760	-0.827830
0.273840	-0.827830
0.273920	-0.797145
0.274000	-0.858515
0.274080	-0.858515
0.274160	-0.797145
0.274240	-0.827830
0.274320	-0.858515
0.274400	-0.889200
0.274480	-0.889200
0.274560	-0.889200
0.274640	-0.858515
0.274720	-0.766460
0.274800	-0.735775
0.274880	-0.643720
0.274960	-0.797145
0.275040	-0.858515
0.275120	-0.981254
0.275200	-1.073310
0.275280	-1.073310
0.275360	-1.011940
0.275440	-0.919885
0.275520	-0.827830
0.275600	-0.889200
0.275680	-0.889200
0.275760	-0.919885
0.275840	-0.919885
0.275920	-0.919885
0.276000	-0.889200
0.276080	-0.950570
0.276160	-0.981254
0.276240	-1.011940
0.276320	-1.042620
0.276400	-1.103990
0.276480	-1.103990
0.276560	-1.042620
0.276640	-1.073310
0.276720	-1.073310
0.276800	-1.165360
0.276880	-1.288100
0.276960	-1.349470
0.277040	-1.441530
0.277120	-1.349470
0.277200	-1.288100
0.277280	-1.165360
0.277360	-1.196050
0.277440	-1.318790
0.277520	-1.502900
0.277600	-1.809750
0.277680	-1.993860
0.277760	-2.085910
0.277840	-2.055230
0.277920	-1.963170
0.278000	-1.871120
0.278080	-1.809750
0.278160	-1.779060
0.278240	-1.748380
0.278320	-1.748380
0.278400	-1.809750
0.278480	-1.840430
0.278560	-1.963170
0.278640	-2.055230
0.278720	-2.055230
0.278800	-2.147280
0.278880	-2.116600
0.278960	-2.177970
0.279040	-2.177970
0.279120	-2.177970
0.279200	-2.177970
0.279280	-2.177970
0.279360	-2.239340
0.279440	-2.270020
0.279520	-2.239340
0.279600	-2.270020
0.279680	-2.208650
0.279760	-2.177970
0.279840	-2.085910
0.279920	-2.085910
0.280000	-2.208650
0.280080	-2.270020
0.280160	-2.300710
0.280240	-2.270020
0.280320	-2.300710
0.280400	-2.208650
0.280480	-2.208650
0.280560	-2.208650
0.280640	-2.208650
0.280720	-2.147280
0.280800	-2.055230
0.280880	-2.116600
0.280960	-2.116600
0.281040	-2.116600
0.281120	-1.932490
0.281200	-1.748380
0.281280	-1.717690
0.281360	-1.717690
0.281440	-1.840430
0.281520	-1.963170
0.281600	-2.055230
0.281680	-2.055230
0.281760	-1.993860
0.281840	-1.871120
0.281920	-1.840430
0.282000	-1.656320
0.282080	-1.656320
0.282160	-1.687010
0.282240	-1.748380
0.282320	-1.809750
0.282400	-1.809750
0.282480	-1.748380
0.282560	-1.748380
0.282640	-1.717690
0.282720	-1.717690
0.282800	-1.687010
0.282880	-1.625640
0.282960	-1.564270
0.283040	-1.533580
0.283120	-1.502900
0.283200	-1.441530
0.283280	-1.472210
0.283360	-1.441530
0.283440	-1.441530
0.283520	-1.441530
0.283600	-1.441530
0.283680	-1.380160
0.283760	-1.380160
0.283840	-1.318790
0.283920	-1.318790
0.284000	-1.318790
0.284080	-1.288100
0.284160	-1.196050
0.284240	-1.196050
0.284320	-1.226730
0.284400	-1.288100
0.284480	-1.318790
0.284560	-1.288100
0.284640	-1.257420
0.284720	-1.257420
0.284800	-1.226730
0.284880	-1.226730
0.284960	-1.165360
0.285040	-1.073310
0.285120	-0.981254
0.285200	-0.981254
0.285280	-0.981254
0.285360	-1.073310
0.285440	-1.134680
0.285520	-1.196050
0.285600	-1.103990
0.285680	-1.103990
0.285760	-1.103990
0.285840	-1.134680
0.285920	-1.165360
0.286000	-1.134680
0.286080	-1.073310
0.286160	-1.073310
0.286240	-1.103990
0.286320	-1.165360
0.286400	-1.196050
0.286480	-1.257420
0.286560	-1.226730
0.286640	-1.318790
0.286720	-1.349470
0.286800	-1.349470
0.286880	-1.349470
0.286960	-1.318790
0.287040	-1.349470
0.287120	-1.410840
0.287200	-1.502900
0.287280	-1.472210
0.287360	-1.533580
0.287440	-1.533580
0.287520	-1.564270
0.287600	-1.564270
0.287680	-1.472210
0.287760	-1.410840
0.287840	-1.349470
0.287920	-1.318790
0.288000	-1.257420
0.288080	-1.288100
0.288160	-1.318790
0.288240	-1.226730
0.288320	-1.226730
0.288400	-1.196050
0.288480	-1.165360
0.288560	-1.134680
0.288640	-1.196050
0.288720	-1.134680
0.288800	-1.134680
0.288880	-1.134680
0.288960	-1.165360
0.289040	-1.196050
0.289120	-1.165360
0.289200	-1.103990
0.289280	-1.073310
0.289360	-1.073310
0.289440	-1.042620
0.289520	-1.042620
0.289600	-0.981254
0.289680	-1.011940
0.289760	-1.011940
0.289840	-1.073310
0.289920	-1.103990
0.290000	-1.134680
0.290080	-1.165360
0.290160	-1.103990
0.290240	-1.103990
0.290320	-1.042620
0.290400	-1.011940
0.290480	-1.011940
0.290560	-1.011940
0.290640	-1.042620
0.290720	-1.134680
0.290800	-1.134680
0.290880	-1.134680
0.290960	-1.103990
0.291040	-1.011940
0.291120	-0.981254
0.291200	-0.919885
0.291280	-0.858515
0.291360	-0.950570
0.291440	-0.950570
0.291520	-0.981254
0.291600	-0.981254
0.291680	-0.950570
0.291760	-0.950570
0.291840	-1.011940
0.291920	-0.981254
0.292000	-0.950570
0.292080	-0.919885
0.292160	-0.858515
0.292240	-0.797145
0.292320	-0.827830
0.292400	-0.827830
0.292480	-0.858515
0.292560	-0.827830
0.292640	-0.766460
0.292720	-0.735775
0.292800	-0.735775
0.292880	-0.735775
0.292960	-0.797145
0.293040	-0.766460
0.293120	-0.705090
0.293200	-0.705090
0.293280	-0.705090
0.293360	-0.735775
0.293440	-0.705090
0.293520	-0.582351
0.293600	-0.490296
0.293680	-0.551666
0.293760	-0.582351
0.293840	-0.582351
0.293920	-0.459611
0.294000	-0.336871
0.294080	-0.398241
0.294160	-0.459611
0.294240	-0.582351
0.294320	-0.643720
0.294400	-0.551666
0.294480	-0.459611
0.294560	-0.306186
0.294640	-0.122077
0.294720	-0.030022
0.294800	0.031347
0.294880	0.062032
0.294960	0.062032
0.295040	0.184772
0.295120	0.215457
0.295200	0.338196
0.295280	0.399566
0.295360	0.430251
0.295440	0.491621
0.295520	0.583676
0.295600	0.522306
0.295680	0.430251
0.295760	0.460936
0.295840	0.614361
0.295920	0.890525
0.296000	1.136000
0.296080	1.320110
0.296160	1.350800
0.296240	1.320110
0.296320	1.289430
0.296400	1.258740
0.296480	1.289430
0.296560	1.350800
0.296640	1.381480
0.296720	1.565590
0.296800	1.657650
0.296880	1.719020
0.296960	1.657650
0.297040	1.688330
0.297120	1.688330
0.297200	1.749700
0.297280	1.657650
0.297360	1.749700
0.297440	1.749700
0.297520	1.933810
0.297600	1.995180
0.297680	2.179290
0.297760	2.209980
0.297840	2.179290
0.297920	2.240660
0.298000	2.302030
0.298080	2.117920
0.298160	2.087240
0.298240	2.087240
0.298320	2.179290
0.298400	2.363400
0.298480	2.486140
0.298560	2.547510
0.298640	2.516820
0.298720	2.516820
0.298800	2.547510
0.298880	2.455460
0.298960	2.516820
0.299040	2.639560
0.299120	2.670250
0.299200	2.700930
0.299280	2.700930
0.299360	2.731620
0.299440	2.639560
0.299520	2.670250
0.299600	2.731620
0.299680	2.731620
0.299760	2.762300
0.299840	2.639560
0.299920	2.608880
0.300000	2.700930
0.300080	2.700930
0.300160	2.792990
0.300240	2.823670
0.300320	2.885040
0.300400	2.854360
0.300480	2.915730
0.300560	2.946410
0.300640	2.823670
0.300720	2.762300
0.300800	2.823670
0.300880	2.915730
0.300960	2.977100
0.301040	3.007780
0.301120	2.977100
0.301200	2.915730
0.301280	2.854360
0.301360	2.792990
0.301440	2.792990
0.301520	2.915730
0.301600	2.915730
0.301680	2.946410
0.301760	2.915730
0.301840	2.854360
0.301920	2.823670
0.302000	2.854360
0.302080	2.854360
0.302160	2.854360
0.302240	2.731620
0.302320	2.700930
0.302400	2.670250
0.302480	2.670250
0.302560	2.639560
0.302640	2.700930
0.302720	2.762300
0.302800	2.823670
0.302880	2.792990
0.302960	2.762300
0.303040	2.639560
0.303120	2.578190
0.303200	2.516820
0.303280	2.394090
0.303360	2.424770
0.303440	2.486140
0.303520	2.578190
0.303600	2.639560
0.303680	2.731620
0.303760	2.700930
0.303840	2.639560
0.303920	2.608880
0.304000	2.486140
0.304080	2.455460
0.304160	2.455460
0.304240	2.486140
0.304320	2.424770
0.304400	2.363400
0.304480	2.271350
0.304560	2.179290
0.304640	2.179290
0.304720	2.179290
0.304800	2.179290
0.304880	2.117920
0.304960	2.148610
0.305040	2.179290
0.305120	2.148610
0.305200	2.148610
0.305280	2.087240
0.305360	2.056550
0.305440	2.056550
0.305520	2.025870
0.305600	2.087240
0.305680	2.056550
0.305760	2.117920
0.305840	2.117920
0.305920	2.117920
0.306000	2.087240
0.306080	2.179290
0.306160	2.240660
0.306240	2.271350
0.306320	2.302030
0.306400	2.302030
0.306480	2.302030
0.306560	2.209980
0.306640	2.209980
0.306720	2.209980
0.306800	2.209980
0.306880	2.240660
0.306960	2.209980
0.307040	2.117920
0.307120	2.056550
0.307200	2.056550
0.307280	2.209980
0.307360	2.394090
0.307440	2.578190
0.307520	2.608880
0.307600	2.578190
0.307680	2.486140
0.307760	2.424770
0.307840	2.394090
0.307920	2.424770
0.308000	2.424770
0.308080	2.363400
0.308160	2.363400
0.308240	2.363400
0.308320	2.455460
0.308400	2.516820
0.308480	2.608880
0.308560	2.608880
0.308640	2.608880
0.308720	2.578190
0.308800	2.547510
0.308880	2.578190
0.308960	2.547510
0.309040	2.608880
0.309120	2.639560
0.309200	2.670250
0.309280	2.608880
0.309360	2.670250
0.309440	2.670250
0.309520	2.700930
0.309600	2.670250
0.309680	2.639560
0.309760	2.670250
0.309840	2.731620
0.309920	2.670250
0.310000	2.700930
