-0.020000	0.783242
-0.019920	0.593685
-0.019840	-0.164546
-0.019760	-0.448883
-0.019680	0.277755
-0.019600	1.573070
-0.019520	2.173330
-0.019440	1.541470
-0.019360	-0.038174
-0.019280	-1.270300
-0.019200	-1.301890
-0.019120	-0.480475
-0.019040	0.340941
-0.018960	0.372534
-0.018880	-0.164546
-0.018800	-0.606847
-0.018720	-0.764812
-0.018640	-0.954370
-0.018560	-1.049150
-0.018480	-0.954370
-0.018400	-0.259325
-0.018320	0.720056
-0.018240	1.099170
-0.018160	0.309348
-0.018080	-0.954370
-0.018000	-1.744190
-0.017920	-1.333480
-0.017840	-0.006581
-0.017760	0.972800
-0.017680	1.130760
-0.017600	0.467313
-0.017520	-0.196139
-0.017440	-0.101360
-0.017360	0.688463
-0.017280	1.446690
-0.017200	1.320320
-0.017120	0.404127
-0.017040	-0.480475
-0.016960	-0.385697
-0.016880	0.625278
-0.016800	1.794220
-0.016720	1.983770
-0.016640	1.099170
-0.016560	-0.069767
-0.016480	-0.638440
-0.016400	-0.290918
-0.016320	0.720056
-0.016240	1.415100
-0.016160	1.478290
-0.016080	1.130760
-0.016000	0.972800
-0.015920	1.004390
-0.015840	0.814835
-0.015760	0.246162
-0.015680	-0.512068
-0.015600	-0.606847
-0.015520	-0.132953
-0.015440	0.562092
-0.015360	0.625278
-0.015280	-0.069767
-0.015200	-0.954370
-0.015120	-1.112330
-0.015040	-0.417290
-0.014960	0.467313
-0.014880	0.562092
-0.014800	-0.038174
-0.014720	-0.448883
-0.014640	-0.132953
-0.014560	0.656870
-0.014480	1.225540
-0.014400	0.878021
-0.014320	-0.038174
-0.014240	-0.922777
-0.014160	-1.112330
-0.014080	-0.448883
-0.014000	0.435720
-0.013920	1.035990
-0.013840	1.225540
-0.013760	0.972800
-0.013680	0.498906
-0.013600	-0.069767
-0.013520	-0.733219
-0.013440	-1.112330
-0.013360	-0.985963
-0.013280	-0.227732
-0.013200	0.625278
-0.013120	1.130760
-0.013040	1.067580
-0.012960	0.530499
-0.012880	-0.259325
-0.012800	-0.922777
-0.012720	-1.143930
-0.012640	-1.049150
-0.012560	-0.575254
-0.012480	-0.164546
-0.012400	0.119790
-0.012320	0.088197
-0.012240	-0.069767
-0.012160	-0.354104
-0.012080	-0.354104
-0.012000	-0.069767
-0.011920	0.530499
-0.011840	1.130760
-0.011760	1.573070
-0.011680	1.604660
-0.011600	1.320320
-0.011520	0.625278
-0.011440	-0.196139
-0.011360	-0.733219
-0.011280	-0.670033
-0.011200	-0.038174
-0.011120	0.941207
-0.011040	2.015370
-0.010960	2.236520
-0.010880	1.509880
-0.010800	0.182976
-0.010720	-0.670033
-0.010640	-0.764812
-0.010560	-0.259325
-0.010480	-0.006581
-0.010400	-0.164546
-0.010320	-0.385697
-0.010240	-0.101360
-0.010160	0.688463
-0.010080	1.225540
-0.010000	1.162360
-0.009920	0.151383
-0.009840	-1.428260
-0.009760	-2.597200
-0.009680	-2.344460
-0.009600	-0.764812
-0.009520	1.130760
-0.009440	1.762620
-0.009360	0.562092
-0.009280	-1.617820
-0.009200	-2.976320
-0.009120	-2.597200
-0.009040	-1.238710
-0.008960	-0.101360
-0.008880	0.372534
-0.008800	0.720056
-0.008720	1.446690
-0.008640	2.362890
-0.008560	2.236520
-0.008480	0.372534
-0.008400	-2.249680
-0.008320	-3.544990
-0.008240	-2.218090
-0.008160	0.720056
-0.008080	2.899970
-0.008000	2.489260
-0.007920	-0.006581
-0.007840	-2.312870
-0.007760	-2.818350
-0.007680	-1.238710
-0.007600	0.688463
-0.007520	1.415100
-0.007440	0.909614
-0.007360	0.088197
-0.007280	-0.038174
-0.007200	0.498906
-0.007120	0.878021
-0.007040	0.182976
-0.006960	-0.922777
-0.006880	-1.523040
-0.006800	-0.859591
-0.006720	0.435720
-0.006640	1.130760
-0.006560	0.593685
-0.006480	-0.638440
-0.006400	-1.270300
-0.006320	-0.922777
-0.006240	-0.164546
-0.006160	0.340941
-0.006080	0.025012
-0.006000	-0.543661
-0.005920	-1.270300
-0.005840	-1.238710
-0.005760	-0.733219
-0.005680	0.025012
-0.005600	0.530499
-0.005520	0.498906
-0.005440	-0.038174
-0.005360	-0.733219
-0.005280	-1.017560
-0.005200	-0.638440
-0.005120	0.088197
-0.005040	0.846428
-0.004960	0.941207
-0.004880	0.056605
-0.004800	-1.175520
-0.004720	-1.870560
-0.004640	-1.491450
-0.004560	-0.417290
-0.004480	0.277755
-0.004400	-0.006581
-0.004320	-0.733219
-0.004240	-1.017560
-0.004160	-0.764812
-0.004080	-0.512068
-0.004000	-0.606847
-0.003920	-1.175520
-0.003840	-1.838970
-0.003760	-2.218090
-0.003680	-1.712600
-0.003600	-0.891184
-0.003520	-0.259325
-0.003440	-0.164546
-0.003360	-0.259325
-0.003280	0.025012
-0.003200	0.435720
-0.003120	0.372534
-0.003040	-0.354104
-0.002960	-1.301890
-0.002880	-1.681010
-0.002800	-0.670033
-0.002720	1.004390
-0.002640	2.268110
-0.002560	2.046960
-0.002480	0.404127
-0.002400	-1.396670
-0.002320	-2.218090
-0.002240	-1.365080
-0.002160	0.214569
-0.002080	1.225540
-0.002000	0.941207
-0.001920	0.277755
-0.001840	0.088197
-0.001760	0.593685
-0.001680	1.193950
-0.001600	1.099170
-0.001520	0.246162
-0.001440	-0.638440
-0.001360	-0.954370
-0.001280	-0.827998
-0.001200	-0.701626
-0.001120	-1.017560
-0.001040	-1.523040
-0.000960	-1.586230
-0.000880	-0.954370
-0.000800	0.119790
-0.000720	0.783242
-0.000640	0.309348
-0.000560	-0.985963
-0.000480	-2.344460
-0.000400	-2.881540
-0.000320	-2.470830
-0.000240	-0.985963
-0.000160	0.846428
-0.000080	2.141740
0.000000	2.173330
0.000080	0.941207
0.000160	-0.701626
0.000240	-1.428260
0.000320	-0.512068
0.000400	1.509880
0.000480	3.152710
0.000560	2.805190
0.000640	0.593685
0.000720	-1.902160
0.000800	-2.502420
0.000880	-1.017560
0.000960	1.320320
0.001040	3.057930
0.001120	3.310680
0.001200	2.584040
0.001280	1.825810
0.001360	1.225540
0.001440	0.151383
0.001520	-1.428260
0.001600	-2.534020
0.001680	-2.534020
0.001760	-1.396670
0.001840	-0.448883
0.001920	-0.417290
0.002000	-0.891184
0.002080	-0.701626
0.002160	0.404127
0.002240	1.952180
0.002320	2.426080
0.002400	1.099170
0.002480	-1.491450
0.002560	-3.292250
0.002640	-2.376050
0.002720	0.878021
0.002800	3.816160
0.002880	3.816160
0.002960	0.878021
0.003040	-2.186490
0.003120	-2.755170
0.003200	-0.385697
0.003280	2.678820
0.003360	3.721390
0.003440	1.952180
0.003520	-0.733219
0.003600	-1.681010
0.003680	-0.543661
0.003760	0.909614
0.003840	0.562092
0.003920	-1.491450
0.004000	-3.292250
0.004080	-2.818350
0.004160	-0.448883
0.004240	1.509880
0.004320	0.688463
0.004400	-2.944720
0.004480	-6.261980
0.004560	-6.388360
0.004640	-3.387030
0.004720	-0.448883
0.004800	-0.606847
0.004880	-4.429590
0.004960	-9.105350
0.005040	-11.443200
0.005120	-9.863580
0.005200	-5.946050
0.005280	-2.944720
0.005360	-3.007910
0.005440	-4.587560
0.005520	-4.682340
0.005600	-1.807380
0.005680	1.541470
0.005760	1.952180
0.005840	-1.238710
0.005920	-5.187820
0.006000	-6.830660
0.006080	-5.630130
0.006160	-3.323840
0.006240	-2.028530
0.006320	-2.439240
0.006400	-3.671360
0.006480	-3.766140
0.006560	-1.933750
0.006640	0.625278
0.006720	1.667840
0.006800	0.562092
0.006880	-1.554640
0.006960	-3.071100
0.007040	-2.691980
0.007120	-0.796405
0.007200	1.004390
0.007280	0.562092
0.007360	-2.091720
0.007440	-4.713930
0.007520	-4.966670
0.007600	-3.387030
0.007680	-3.134280
0.007760	-5.503750
0.007840	-8.726230
0.007920	-10.021500
0.008000	-9.358090
0.008080	-8.789420
0.008160	-9.674020
0.008240	-11.285200
0.008320	-11.285200
0.008400	-8.315530
0.008480	-2.281270
0.008560	4.732360
0.008640	9.250150
0.008720	8.270770
0.008800	2.268110
0.008880	-3.924110
0.008960	-5.535350
0.009040	-2.123310
0.009120	1.509880
0.009200	0.972800
0.009280	-3.608180
0.009360	-7.683670
0.009440	-7.683670
0.009520	-4.334810
0.009600	-1.333480
0.009680	-0.512068
0.009760	-0.164546
0.009840	2.268110
0.009920	6.943870
0.010000	11.840700
0.010080	14.431300
0.010160	13.294000
0.010240	8.713070
0.010320	2.331300
0.010400	-3.481800
0.010480	-6.230390
0.010560	-6.009240
0.010640	-4.745520
0.010720	-4.998270
0.010800	-10.274200
0.010880	-22.690300
0.010960	-38.107700
0.011040	-46.227100
0.011120	-37.728600
0.011200	-15.423900
0.011280	4.353240
0.011360	5.838110
0.011440	-10.779700
0.011520	-31.694300
0.011600	-41.898800
0.011680	-35.833000
0.011760	-20.478800
0.011840	-8.283930
0.011920	-4.271630
0.012000	-3.197470
0.012080	4.037320
0.012160	20.971100
0.012240	41.601299
0.012320	56.829102
0.012400	63.937500
0.012480	66.149002
0.012560	65.801498
0.012640	63.463600
0.012720	61.915600
0.012800	62.452702
0.012880	61.441700
0.012960	54.585999
0.013040	42.138401
0.013120	27.194901
0.013200	10.766600
0.013280	-9.294910
0.013360	-33.779400
0.013440	-58.042801
0.013520	-77.567200
0.013600	-93.900803
0.013680	-108.180000
0.013760	-115.194000
0.013840	-109.696999
0.013920	-93.648102
0.014000	-73.997200
0.014080	-56.273602
0.014160	-41.835602
0.014240	-30.462200
0.014320	-22.879900
0.014400	-19.783800
0.014480	-20.415600
0.014560	-21.300200
0.014640	-19.499399
0.014720	-14.760400
0.014800	-7.683670
0.014880	0.277755
0.014960	5.522180
0.015040	3.689790
0.015120	-6.957030
0.015200	-23.259001
0.015280	-37.254700
0.015360	-40.603500
0.015440	-30.778099
0.015520	-11.885500
0.015600	10.608600
0.015680	30.701799
0.015760	44.539501
0.015840	52.911598
0.015920	58.819500
0.016000	63.052898
0.016080	64.127098
0.016160	59.293400
0.016240	49.720699
0.016320	42.738701
0.016400	44.918598
0.016480	52.785198
0.016560	50.573700
0.016640	20.844801
0.016720	-33.653099
0.016800	-85.813004
0.016880	-106.852997
0.016960	-92.763496
0.017040	-65.056396
0.017120	-50.112999
0.017200	-59.717201
0.017280	-84.328102
0.017360	-104.263000
0.017440	-105.874001
0.017520	-89.856903
0.017600	-67.204803
0.017680	-48.533298
0.017760	-36.780800
0.017840	-29.230101
0.017920	-23.701300
0.018000	-22.595501
0.018080	-27.650400
0.018160	-33.305500
0.018240	-29.324800
0.018320	-10.748100
0.018400	17.875000
0.018480	45.076500
0.018560	63.179298
0.018640	75.247803
0.018720	86.084198
0.018800	95.119797
0.018880	100.963997
0.018960	106.713997
0.019040	116.223000
0.019120	123.111000
0.019200	114.864998
0.019280	87.600601
0.019360	48.899300
0.019440	10.261100
0.019520	-17.319500
0.019600	-25.976000
0.019680	-16.308500
0.019760	-0.480475
0.019840	3.879350
0.019920	-11.443200
0.020000	-36.749199
0.020080	-56.115601
0.020160	-62.781799
0.020240	-60.254299
0.020320	-53.335499
0.020400	-44.742199
0.020480	-37.665401
0.020560	-37.791698
0.020640	-50.966000
0.020720	-77.788399
0.020800	-109.286003
0.020880	-131.085999
0.020960	-132.539001
0.021040	-113.519997
0.021120	-81.990303
0.021200	-49.512699
0.021280	-24.996599
0.021360	-7.462520
0.021440	10.703400
0.021520	35.282700
0.021600	64.411400
0.021680	90.412399
0.021760	103.933998
0.021840	100.301003
0.021920	85.641899
0.022000	73.099503
0.022080	71.298698
0.022160	75.658501
0.022240	74.142097
0.022320	59.103802
0.022400	34.587700
0.022480	10.892900
0.022560	-4.303220
0.022640	-8.189150
0.022720	-4.366410
0.022800	-2.123310
0.022880	-11.158800
0.022960	-34.316502
0.023040	-64.866898
0.023120	-87.487396
0.023200	-86.729202
0.023280	-60.665001
0.023360	-26.923800
0.023440	-10.116300
0.023520	-22.500799
0.023600	-53.872501
0.023680	-82.558899
0.023760	-92.415901
0.023840	-81.484802
0.023920	-58.643101
0.024000	-34.948399
0.024080	-17.761801
0.024160	-6.988620
0.024240	1.762620
0.024320	11.588000
0.024400	22.140100
0.024480	32.091801
0.024560	40.337601
0.024640	43.370499
0.024720	38.473598
0.024800	29.185301
0.024880	21.918900
0.024960	21.634600
0.025040	30.101500
0.025120	43.433701
0.025200	52.469299
0.025280	48.741299
0.025360	34.113800
0.025440	16.990400
0.025520	3.184310
0.025600	-5.345790
0.025680	-5.693310
0.025760	5.048290
0.025840	22.835100
0.025920	38.094501
0.026000	43.117802
0.026080	36.704399
0.026160	23.372200
0.026240	8.776260
0.026320	-6.104020
0.026400	-21.173901
0.026480	-30.746500
0.026560	-27.934700
0.026640	-11.853900
0.026720	9.597670
0.026800	23.340599
0.026880	15.853000
0.026960	-14.855200
0.027040	-48.975601
0.027120	-59.022202
0.027200	-36.370098
0.027280	-1.933750
0.027360	15.947800
0.027440	5.711740
0.027520	-19.309900
0.027600	-35.990898
0.027680	-33.842602
0.027760	-22.153200
0.027840	-19.025499
0.027920	-32.010201
0.028000	-51.187099
0.028080	-59.812000
0.028160	-50.681702
0.028240	-32.357800
0.028320	-18.362101
0.028400	-14.950000
0.028480	-18.614799
0.028560	-21.300200
0.028640	-14.191800
0.028720	4.195280
0.028800	24.162001
0.028880	33.639900
0.028960	28.363899
0.029040	14.368200
0.029120	2.678820
0.029200	1.509880
0.029280	13.515200
0.029360	32.186600
0.029440	43.781200
0.029520	39.231899
0.029600	23.340599
0.029680	9.313340
0.029760	4.448020
0.029840	3.689790
0.029920	-2.091720
0.030000	-12.738500
0.030080	-17.603800
0.030160	-7.525700
0.030240	12.599000
0.030320	27.131800
0.030400	22.582399
0.030480	-0.670033
0.030560	-25.059799
0.030640	-29.893499
0.030720	-10.685000
0.030800	16.263800
0.030880	29.817200
0.030960	22.203300
0.031040	0.972800
0.031120	-24.143600
0.031200	-48.912498
0.031280	-68.405296
0.031360	-72.480797
0.031440	-53.682999
0.031520	-15.423900
0.031600	27.984800
0.031680	57.208199
0.031760	58.503502
0.031840	37.020302
0.031920	15.947800
0.032000	11.335200
0.032080	13.041300
0.032160	3.215900
0.032240	-15.897800
0.032320	-23.827700
0.032400	-10.021500
0.032480	11.682800
0.032560	17.780199
0.032640	-3.797730
0.032720	-43.731201
0.032800	-76.303497
0.032880	-77.030197
0.032960	-43.478500
0.033040	1.004390
0.033120	27.858400
0.033200	26.215599
0.033280	4.100500
0.033360	-23.701300
0.033440	-42.973000
0.033520	-44.110298
0.033600	-29.925100
0.033680	-18.962299
0.033760	-28.313900
0.033840	-54.125301
0.033920	-73.365402
0.034000	-64.993301
0.034080	-27.271299
0.034160	20.971100
0.034240	51.963799
0.034320	46.877300
0.034400	12.314600
0.034480	-23.796101
0.034560	-34.727200
0.034640	-18.425301
0.034720	4.511210
0.034800	13.420400
0.034880	8.049620
0.034960	2.773600
0.035040	7.891650
0.035120	21.097500
0.035200	31.554800
0.035280	30.701799
0.035360	19.991800
0.035440	9.629270
0.035520	12.535800
0.035600	30.922899
0.035680	51.015999
0.035760	54.459702
0.035840	36.514900
0.035920	10.008300
0.036000	-5.756500
0.036080	0.372534
0.036160	22.677200
0.036240	44.855400
0.036320	54.965099
0.036400	50.415798
0.036480	33.229198
0.036560	6.343600
0.036640	-22.974600
0.036720	-41.393299
0.036800	-39.529400
0.036880	-20.257700
0.036960	2.204920
0.037040	12.409400
0.037120	3.658200
0.037200	-18.614799
0.037280	-40.414001
0.037360	-47.459202
0.037440	-32.642101
0.037520	-2.186490
0.037600	23.466999
0.037680	22.076900
0.037760	-11.285200
0.037840	-54.283298
0.037920	-72.543999
0.038000	-50.365700
0.038080	-8.347120
0.038160	14.905200
0.038240	-0.922777
0.038320	-40.951000
0.038400	-72.322800
0.038480	-72.196503
0.038560	-43.383701
0.038640	-6.514730
0.038720	15.284400
0.038800	10.735000
0.038880	-12.106600
0.038960	-31.094000
0.039040	-28.029499
0.039120	-2.091720
0.039200	31.775900
0.039280	55.597000
0.039360	57.966499
0.039440	37.620602
0.039520	4.448020
0.039600	-25.533701
0.039680	-39.782101
0.039760	-33.368698
0.039840	-11.253600
0.039920	14.399800
0.040000	30.764900
0.040080	27.637199
0.040160	2.899970
0.040240	-30.114700
0.040320	-45.911098
0.040400	-26.102400
0.040480	22.234800
0.040560	67.001999
0.040640	76.321999
0.040720	48.804501
0.040800	12.346200
0.040880	-3.197470
0.040960	10.166300
0.041040	36.388500
0.041120	52.216599
0.041200	47.414398
0.041280	31.775900
0.041360	22.392799
0.041440	27.479300
0.041520	43.433701
0.041600	61.568100
0.041680	72.688797
0.041760	68.202599
0.041840	44.855400
0.041920	9.850420
0.042000	-20.099701
0.042080	-28.282301
0.042160	-9.516060
0.042240	21.034300
0.042320	32.407799
0.042400	6.943870
0.042480	-40.192799
0.042560	-77.535698
0.042640	-87.171501
0.042720	-77.440903
0.042800	-67.710297
0.042880	-63.224098
0.042960	-53.714600
0.043040	-33.273899
0.043120	-11.000900
0.043200	-3.829330
0.043280	-19.752199
0.043360	-47.490799
0.043440	-64.740501
0.043520	-55.515400
0.043600	-22.690300
0.043680	11.777500
0.043760	27.605600
0.043840	20.370899
0.043920	-2.755170
0.044000	-30.146200
0.044080	-48.154202
0.044160	-44.110298
0.044240	-16.908800
0.044320	18.033001
0.044400	34.366501
0.044480	16.611300
0.044560	-18.393700
0.044640	-37.665401
0.044720	-22.690300
0.044800	15.252800
0.044880	41.727699
0.044960	34.366501
0.045040	5.016700
0.045120	-22.247999
0.045200	-32.705299
0.045280	-26.481501
0.045360	-10.084700
0.045440	6.248820
0.045520	11.588000
0.045600	6.027670
0.045680	2.868380
0.045760	8.681480
0.045840	13.609900
0.045920	7.607320
0.046000	-6.293580
0.046080	-17.572300
0.046160	-15.202700
0.046240	8.460330
0.046320	48.077900
0.046400	81.945503
0.046480	88.264099
0.046560	65.959503
0.046640	37.178299
0.046720	23.561800
0.046800	24.035601
0.046880	25.931200
0.046960	23.814501
0.047040	20.244499
0.047120	15.947800
0.047200	4.890320
0.047280	-16.055799
0.047360	-42.909801
0.047440	-67.015198
0.047520	-75.924400
0.047600	-63.476799
0.047680	-40.635101
0.047760	-28.693001
0.047840	-39.529400
0.047920	-61.170502
0.048000	-65.656700
0.048080	-35.201099
0.048160	15.947800
0.048240	51.489899
0.048320	45.866402
0.048400	5.553780
0.048480	-37.159901
0.048560	-51.597900
0.048640	-31.662701
0.048720	0.182976
0.048800	13.325600
0.048880	-2.691980
0.048960	-30.177799
0.049040	-44.837002
0.049120	-37.633801
0.049200	-16.245399
0.049280	5.395810
0.049360	14.684100
0.049440	4.700770
0.049520	-19.467800
0.049600	-39.403000
0.049680	-36.496399
0.049760	-7.746850
0.049840	28.648199
0.049920	45.961102
0.050000	30.133101
0.050080	-8.378710
0.050160	-42.688599
0.050240	-51.755798
0.050320	-34.885201
0.050400	-9.358090
0.050480	5.932890
0.050560	6.975460
0.050640	1.541470
0.050720	-4.935080
0.050800	-9.579240
0.050880	-6.546320
0.050960	9.092190
0.051040	32.218201
0.051120	50.636902
0.051200	53.227501
0.051280	35.661800
0.051360	4.921920
0.051440	-21.205400
0.051520	-26.291901
0.051600	-9.010570
0.051680	16.579700
0.051760	30.133101
0.051840	18.254101
0.051920	-15.581900
0.052000	-51.124001
0.052080	-67.836601
0.052160	-62.181499
0.052240	-48.027901
0.052320	-38.929100
0.052400	-35.927799
0.052480	-30.872900
0.052560	-21.331800
0.052640	-12.169800
0.052720	-5.788090
0.052800	1.067580
0.052880	10.166300
0.052960	21.508200
0.053040	33.292400
0.053120	38.884300
0.053200	29.153700
0.053280	3.184310
0.053360	-25.596901
0.053440	-40.192799
0.053520	-37.159901
0.053600	-27.334499
0.053680	-22.279600
0.053760	-25.186199
0.053840	-32.831600
0.053920	-39.750500
0.054000	-40.729900
0.054080	-34.569302
0.054160	-26.070801
0.054240	-19.467800
0.054320	-13.275600
0.054400	-5.630130
0.054480	0.751649
0.054560	3.310680
0.054640	1.478290
0.054720	-3.323840
0.054800	-7.652070
0.054880	-9.136940
0.054960	-8.663050
0.055040	-11.538000
0.055120	-23.669701
0.055200	-43.446899
0.055280	-60.886200
0.055360	-62.497398
0.055440	-42.814999
0.055520	-13.275600
0.055600	4.479620
0.055680	0.814835
0.055760	-12.643700
0.055840	-14.950000
0.055920	5.364220
0.056000	39.832100
0.056080	67.191597
0.056160	67.760300
0.056240	36.577999
0.056320	-9.516060
0.056400	-41.140598
0.056480	-37.949699
0.056560	-6.672690
0.056640	23.751301
0.056720	29.469601
0.056800	11.935500
0.056880	-10.432200
0.056960	-22.816700
0.057040	-24.996599
0.057120	-25.723200
0.057200	-31.346800
0.057280	-39.529400
0.057360	-41.867199
0.057440	-35.169498
0.057520	-26.671000
0.057600	-26.481501
0.057680	-36.559601
0.057760	-50.618500
0.057840	-59.117001
0.057920	-54.851898
0.058000	-36.054100
0.058080	-8.915790
0.058160	14.305000
0.058240	23.846100
0.058320	20.718399
0.058400	15.031600
0.058480	13.989000
0.058560	14.273400
0.058640	7.007050
0.058720	-6.293580
0.058800	-11.443200
0.058880	0.751649
0.058960	21.950500
0.059040	33.355598
0.059120	21.824100
0.059200	-9.326500
0.059280	-42.056801
0.059360	-59.022202
0.059440	-57.568901
0.059520	-47.396000
0.059600	-39.813702
0.059680	-37.128300
0.059760	-36.022499
0.059840	-35.043201
0.059920	-37.191502
0.060000	-44.015499
0.060080	-51.882198
0.060160	-52.482498
0.060240	-43.826000
0.060320	-33.589901
0.060400	-29.735500
0.060480	-30.493799
0.060560	-30.209400
0.060640	-25.723200
0.060720	-17.351101
0.060800	-6.483130
0.060880	6.406790
0.060960	17.906601
0.061040	23.403799
0.061120	20.781601
0.061200	13.294000
0.061280	7.544130
0.061360	8.081210
0.061440	13.767900
0.061520	19.296700
0.061600	20.244499
0.061680	15.158000
0.061760	4.195280
0.061840	-11.664300
0.061920	-27.524000
0.062000	-35.769798
0.062080	-32.452499
0.062160	-21.363400
0.062240	-9.705610
0.062320	-3.924110
0.062400	-8.157560
0.062480	-22.816700
0.062560	-41.867199
0.062640	-55.547001
0.062720	-56.115601
0.062800	-44.141899
0.062880	-27.081699
0.062960	-14.602500
0.063040	-13.686300
0.063120	-25.028200
0.063200	-41.835602
0.063280	-52.134899
0.063360	-45.532001
0.063440	-21.679300
0.063520	9.155370
0.063600	33.513500
0.063680	43.149399
0.063760	38.631599
0.063840	27.163300
0.063920	20.181299
0.064000	25.014999
0.064080	37.525799
0.064160	45.897999
0.064240	43.465302
0.064320	32.218201
0.064400	18.222500
0.064480	7.670500
0.064560	4.195280
0.064640	6.090860
0.064720	7.354570
0.064800	2.299700
0.064880	-8.852600
0.064960	-19.025499
0.065040	-19.688999
0.065120	-9.926760
0.065200	1.699440
0.065280	4.890320
0.065360	-3.071100
0.065440	-14.823600
0.065520	-22.090000
0.065600	-23.859301
0.065680	-24.933399
0.065760	-29.767099
0.065840	-37.033501
0.065920	-41.867199
0.066000	-38.549999
0.066080	-24.017200
0.066160	-1.143930
0.066240	21.350201
0.066320	32.944901
0.066400	28.016399
0.066480	9.029000
0.066560	-12.706900
0.066640	-21.995300
0.066720	-11.285200
0.066800	11.082500
0.066880	25.773300
0.066960	19.138700
0.067040	-4.903490
0.067120	-28.661400
0.067200	-35.927799
0.067280	-25.280899
0.067360	-8.947380
0.067440	0.151383
0.067520	-1.523040
0.067600	-10.305800
0.067680	-20.700001
0.067760	-27.776800
0.067840	-27.966299
0.067920	-21.679300
0.068000	-13.717900
0.068080	-8.378710
0.068160	-5.093040
0.068240	-1.175520
0.068320	4.068910
0.068400	7.828470
0.068480	7.228200
0.068560	3.942540
0.068640	7.133420
0.068720	25.299400
0.068800	53.417099
0.068880	73.162697
0.068960	71.709396
0.069040	52.658901
0.069120	27.542500
0.069200	5.174660
0.069280	-6.925440
0.069360	-0.985963
0.069440	22.234800
0.069520	47.983101
0.069600	54.017300
0.069680	28.205900
0.069760	-18.204100
0.069840	-56.589500
0.069920	-65.056396
0.070000	-42.088402
0.070080	-4.461190
0.070160	22.550800
0.070240	21.824100
0.070320	-5.219420
0.070400	-40.919399
0.070480	-63.698002
0.070560	-60.728199
0.070640	-35.611801
0.070720	-5.187820
0.070800	12.820100
0.070880	11.303600
0.070960	-3.450210
0.071040	-18.583200
0.071120	-23.574900
0.071200	-14.223400
0.071280	5.016700
0.071360	23.150999
0.071440	29.090500
0.071520	21.950500
0.071600	11.619600
0.071680	11.019300
0.071760	23.940901
0.071840	41.032600
0.071920	48.615002
0.072000	39.168701
0.072080	17.717100
0.072160	-0.448883
0.072240	-2.249680
0.072320	11.714400
0.072400	26.973801
0.072480	28.205900
0.072560	14.210200
0.072640	-3.450210
0.072720	-13.022800
0.072800	-12.011900
0.072880	-6.704280
0.072960	-4.018890
0.073040	-6.072430
0.073120	-11.569600
0.073200	-19.594200
0.073280	-28.914101
0.073360	-36.212101
0.073440	-35.864601
0.073520	-25.249300
0.073600	-11.380000
0.073680	-7.209770
0.073760	-17.540701
0.073840	-33.431900
0.073920	-39.687302
0.074000	-28.977301
0.074080	-9.358090
0.074160	3.847760
0.074240	1.193950
0.074320	-12.359400
0.074400	-22.437599
0.074480	-16.624500
0.074560	5.996080
0.074640	34.019001
0.074720	51.079201
0.074800	46.498199
0.074880	24.256800
0.074960	-0.543661
0.075040	-12.801700
0.075120	-7.746850
0.075200	7.512540
0.075280	22.203300
0.075360	28.616600
0.075440	24.383200
0.075520	10.292700
0.075600	-10.621800
0.075680	-28.787800
0.075760	-28.408600
0.075840	-5.440570
0.075920	22.455999
0.076000	35.535500
0.076080	36.546501
0.076160	45.740002
0.076240	74.489601
0.076320	107.441002
0.076400	113.190002
0.076480	73.225899
0.076560	1.762620
0.076640	-61.802399
0.076720	-82.906502
0.076800	-60.412300
0.076880	-21.237000
0.076960	11.272100
0.077040	33.703098
0.077120	48.267399
0.077200	47.477600
0.077280	22.898300
0.077360	-18.109301
0.077440	-55.483799
0.077520	-71.691002
0.077600	-65.403999
0.077680	-47.775101
0.077760	-29.830299
0.077840	-18.520000
0.077920	-17.287901
0.078000	-29.135300
0.078080	-57.790100
0.078160	-98.987297
0.078240	-130.927994
0.078320	-123.882004
0.078400	-70.332497
0.078480	0.056605
0.078560	41.980400
0.078640	36.230499
0.078720	9.060590
0.078800	0.720056
0.078880	27.258101
0.078960	73.383797
0.079040	107.850998
0.079120	105.797997
0.079200	67.475899
0.079280	19.423100
0.079360	-0.101360
0.079440	26.184000
0.079520	70.982803
0.079600	88.042900
0.079680	57.713699
0.079760	3.784570
0.079840	-28.819300
0.079920	-13.559900
0.080000	33.861099
0.080080	71.835800
0.080160	71.235497
0.080240	38.284100
0.080320	2.868380
0.080400	-12.359400
0.080480	-6.925440
0.080560	4.100500
0.080640	6.691120
0.080720	-3.576580
0.080800	-21.521400
0.080880	-35.485500
0.080960	-41.393299
0.081040	-54.757099
0.081120	-94.343102
0.081200	-148.651001
0.081280	-176.264008
0.081360	-143.311996
0.081440	-59.022202
0.081520	27.858400
0.081600	66.117401
0.081680	45.108101
0.081760	1.383510
0.081840	-18.077700
0.081920	9.502890
0.082000	70.888000
0.082080	125.195999
0.082160	134.548004
0.082240	96.478302
0.082320	40.621899
0.082400	-1.396670
0.082480	-12.169800
0.082560	11.272100
0.082640	55.786598
0.082720	90.286003
0.082800	83.240799
0.082880	32.281399
0.082960	-29.482800
0.083040	-62.118301
0.083120	-50.302502
0.083200	-12.169800
0.083280	17.938200
0.083360	18.443701
0.083440	-3.134280
0.083520	-22.974600
0.083600	-22.816700
0.083680	-1.459860
0.083760	26.752600
0.083840	45.708401
0.083920	45.455700
0.084000	22.961500
0.084080	-17.603800
0.084160	-67.520699
0.084240	-110.550003
0.084320	-123.345001
0.084400	-90.962700
0.084480	-27.113300
0.084560	30.006701
0.084640	48.930901
0.084720	24.256800
0.084800	-27.334499
0.084880	-70.837997
0.084960	-68.152603
0.085040	-14.570900
0.085120	48.488602
0.085200	72.341301
0.085280	45.139702
0.085360	-3.102690
0.085440	-34.063801
0.085520	-33.874199
0.085600	-13.717900
0.085680	6.754310
0.085760	13.704700
0.085840	6.248820
0.085920	-11.885500
0.086000	-37.191502
0.086080	-65.024902
0.086160	-89.098701
0.086240	-96.775803
0.086320	-72.859901
0.086400	-21.679300
0.086480	27.510900
0.086560	44.223499
0.086640	24.193600
0.086720	-6.641100
0.086800	-16.529699
0.086880	4.479620
0.086960	40.748299
0.087040	69.308296
0.087120	81.850700
0.087200	86.684502
0.087280	90.728302
0.087360	92.402802
0.087440	87.316299
0.087520	74.615898
0.087600	59.167000
0.087680	47.193298
0.087760	37.304699
0.087840	24.730700
0.087920	13.609900
0.088000	14.494500
0.088080	29.090500
0.088160	42.296398
0.088240	31.965500
0.088320	-10.590200
0.088400	-69.827003
0.088480	-114.403999
0.088560	-119.112000
0.088640	-82.843300
0.088720	-29.198500
0.088800	10.008300
0.088880	14.968400
0.088960	-12.296200
0.089040	-51.945400
0.089120	-77.030197
0.089200	-71.059097
0.089280	-41.551300
0.089360	-12.201400
0.089440	-1.365080
0.089520	-13.275600
0.089600	-39.055500
0.089680	-60.696602
0.089760	-59.085400
0.089840	-28.282301
0.089920	16.927200
0.090000	53.259102
0.090080	67.886703
0.090160	62.768600
0.090240	46.308701
0.090320	26.879000
0.090400	9.186960
0.090480	-3.229060
0.090560	-3.387030
0.090640	11.809100
0.090720	32.249802
0.090800	43.212601
0.090880	41.411800
0.090960	32.565701
0.091040	15.758300
0.091120	-13.180800
0.091200	-44.426300
0.091280	-55.515400
0.091360	-34.600899
0.091440	5.774930
0.091520	38.505199
0.091600	41.443401
0.091680	12.535800
0.091760	-25.154600
0.091840	-38.044498
0.091920	-16.656099
0.092000	13.609900
0.092080	26.120800
0.092160	17.717100
0.092240	1.383510
0.092320	-8.473490
0.092400	-3.134280
0.092480	17.021999
0.092560	39.863701
0.092640	47.477600
0.092720	31.333599
0.092800	2.584040
0.092880	-18.046200
0.092960	-19.278299
0.093040	-2.849950
0.093120	18.254101
0.093200	29.280100
0.093280	27.921600
0.093360	22.266399
0.093440	18.443701
0.093520	17.622299
0.093600	19.044001
0.093680	22.993099
0.093760	30.638599
0.093840	42.422699
0.093920	54.680801
0.094000	58.219200
0.094080	45.582001
0.094160	19.075600
0.094240	-10.147900
0.094320	-27.176500
0.094400	-22.058500
0.094480	1.162360
0.094560	22.266399
0.094640	17.622299
0.094720	-15.581900
0.094800	-54.156898
0.094880	-73.807701
0.094960	-67.204803
0.095040	-41.361698
0.095120	-6.419950
0.095200	27.637199
0.095280	47.951500
0.095360	44.634201
0.095440	20.939501
0.095520	-6.799060
0.095600	-19.088699
0.095680	-9.674020
0.095760	9.155370
0.095840	17.559099
0.095920	7.891650
0.096000	-6.925440
0.096080	-9.989950
0.096160	-0.764812
0.096240	7.575720
0.096320	7.670500
0.096400	7.228200
0.096480	14.399800
0.096560	23.214199
0.096640	19.265100
0.096720	-2.944720
0.096800	-31.283600
0.096880	-45.216099
0.096960	-33.337101
0.097040	-5.282600
0.097120	16.358601
0.097200	15.821400
0.097280	-3.039500
0.097360	-20.889500
0.097440	-18.993900
0.097520	4.700770
0.097600	33.134399
0.097680	48.172699
0.097760	46.466599
0.097840	39.547798
0.097920	38.284100
0.098000	42.833401
0.098080	47.572399
0.098160	48.330601
0.098240	45.392502
0.098320	43.749599
0.098400	47.288101
0.098480	54.902000
0.098560	60.114799
0.098640	57.524200
0.098720	48.930901
0.098800	38.505199
0.098880	27.163300
0.098960	16.105801
0.099040	10.166300
0.099120	10.829800
0.099200	10.608600
0.099280	1.762620
0.099360	-14.792000
0.099440	-30.525400
0.099520	-36.085701
0.099600	-27.966299
0.099680	-12.011900
0.099760	-1.428260
0.099840	-5.598530
0.099920	-20.731600
0.100000	-35.295898
0.100080	-41.646099
0.100160	-38.391998
0.100240	-26.639400
0.100320	-8.410300
0.100400	12.599000
0.100480	31.997101
0.100560	45.582001
0.100640	49.783901
0.100720	46.055901
0.100800	42.454300
0.100880	47.445999
0.100960	61.852402
0.101040	78.280701
0.101120	86.779198
0.101200	82.577400
0.101280	70.319298
0.101360	59.293400
0.101440	53.037998
0.101520	49.499599
0.101600	46.624599
0.101680	44.760601
0.101760	43.718102
0.101840	42.012001
0.101920	38.062901
0.102000	30.101500
0.102080	16.958799
0.102160	0.214569
0.102240	-16.245399
0.102320	-28.945700
0.102400	-35.516998
0.102480	-35.137901
0.102560	-27.587200
0.102640	-13.875800
0.102720	2.773600
0.102800	13.925900
0.102880	11.114100
0.102960	-4.050480
0.103040	-18.014601
0.103120	-16.782400
0.103200	1.257140
0.103280	26.215599
0.103360	45.487301
0.103440	51.742699
0.103520	46.087502
0.103600	34.208599
0.103680	20.118099
0.103760	3.816160
0.103840	-13.623100
0.103920	-25.912800
0.104000	-25.660000
0.104080	-12.169800
0.104160	7.733690
0.104240	26.152399
0.104320	37.557400
0.104400	35.598701
0.104480	16.706100
0.104560	-10.463800
0.104640	-26.039200
0.104720	-17.825001
0.104800	4.132090
0.104880	17.306400
0.104960	8.744660
0.105040	-14.507700
0.105120	-32.989601
0.105200	-31.852301
0.105280	-13.401900
0.105360	5.616960
0.105440	11.619600
0.105520	7.702100
0.105600	6.691120
0.105680	16.200600
0.105760	33.639900
0.105840	49.689098
0.105920	57.397800
0.106000	57.208199
0.106080	54.491199
0.106160	55.059898
0.106240	61.694401
0.106320	71.772598
0.106400	76.953796
0.106480	69.719002
0.106560	52.406101
0.106640	36.704399
0.106720	32.692101
0.106800	39.200298
0.106880	44.981800
0.106960	40.021702
0.107040	24.730700
0.107120	8.018030
0.107200	-1.270300
0.107280	-1.807380
0.107360	0.340941
0.107440	-1.996940
0.107520	-10.811300
0.107600	-20.036501
0.107680	-20.194500
0.107760	-7.209770
0.107840	11.430000
0.107920	21.666201
0.108000	16.137400
0.108080	1.636250
0.108160	-8.189150
0.108240	-7.178180
0.108320	0.593685
0.108400	8.081210
0.108480	11.398400
0.108560	10.197900
0.108640	5.711740
0.108720	-0.480475
0.108800	-5.535350
0.108880	-4.587560
0.108960	5.490590
0.109040	19.517900
0.109120	26.721001
0.109200	22.108500
0.109280	11.335200
0.109360	4.542800
0.109440	8.333960
0.109520	23.277399
0.109600	42.928200
0.109680	56.292000
0.109760	55.123100
0.109840	41.727699
0.109920	29.248501
0.110000	29.754000
0.110080	43.022999
0.110160	58.629902
0.110240	66.370201
0.110320	62.357899
0.110400	47.667198
0.110480	26.563101
0.110560	6.691120
0.110640	-3.892510
0.110720	-4.208440
0.110800	-1.491450
0.110880	-3.797730
0.110960	-10.748100
0.111040	-14.191800
0.111120	-10.590200
0.111200	-5.914460
0.111280	-6.167200
0.111360	-9.358090
0.111440	-8.631450
0.111520	-1.712600
0.111600	5.996080
0.111680	6.912270
0.111760	0.562092
0.111840	-5.251010
0.111920	-0.543661
0.112000	16.200600
0.112080	34.935200
0.112160	45.297699
0.112240	47.003700
0.112320	46.182301
0.112400	43.528500
0.112480	35.756599
0.112560	22.614000
0.112640	10.577000
0.112720	8.555110
0.112800	18.254101
0.112880	30.006701
0.112960	32.407799
0.113040	22.329599
0.113120	5.648560
0.113200	-8.157560
0.113280	-11.853900
0.113360	-5.630130
0.113440	2.836780
0.113520	5.996080
0.113600	1.983770
0.113680	-6.925440
0.113760	-15.961000
0.113840	-20.573601
0.113920	-18.741199
0.114000	-10.621800
0.114080	2.046960
0.114160	13.894300
0.114240	16.516500
0.114320	6.754310
0.114400	-7.620480
0.114480	-14.286500
0.114560	-8.189150
0.114640	5.301030
0.114720	17.748699
0.114800	25.330999
0.114880	28.269100
0.114960	26.247200
0.115040	18.822800
0.115120	9.597670
0.115200	6.248820
0.115280	14.620900
0.115360	32.281399
0.115440	46.624599
0.115520	43.338902
0.115600	18.980801
0.115680	-12.454200
0.115760	-28.787800
0.115840	-17.445900
0.115920	10.987700
0.116000	31.080900
0.116080	26.152399
0.116160	2.931560
0.116240	-18.393700
0.116320	-23.259001
0.116400	-13.086000
0.116480	-0.954370
0.116560	0.625278
0.116640	-9.674020
0.116720	-23.037800
0.116800	-29.893499
0.116880	-27.239700
0.116960	-17.825001
0.117040	-7.051810
0.117120	0.783242
0.117200	5.711740
0.117280	11.619600
0.117360	22.171700
0.117440	35.503899
0.117520	44.571098
0.117600	44.981800
0.117680	40.685101
0.117760	39.105499
0.117840	43.212601
0.117920	48.994099
0.118000	49.341599
0.118080	40.306000
0.118160	24.320000
0.118240	8.365550
0.118320	0.593685
0.118400	4.669170
0.118480	16.105801
0.118560	25.615299
0.118640	26.847401
0.118720	21.381800
0.118800	14.620900
0.118880	11.430000
0.118960	12.599000
0.119040	13.420400
0.119120	9.945200
0.119200	4.163690
0.119280	0.656870
0.119360	-1.775790
0.119440	-8.631450
0.119520	-19.657400
0.119600	-25.660000
0.119680	-19.657400
0.119760	-6.451540
0.119840	1.889000
0.119920	-0.954370
0.120000	-9.768800
0.120080	-14.128600
0.120160	-7.620480
0.120240	7.575720
0.120320	20.623600
0.120400	19.802200
0.120480	2.173330
0.120560	-22.121599
0.120640	-35.485500
0.120720	-25.565300
0.120800	2.710410
0.120880	28.174299
0.120960	30.322599
0.121040	9.344930
0.121120	-14.349700
0.121200	-20.289200
0.121280	-4.903490
0.121360	19.107100
0.121440	35.061600
0.121520	35.567101
0.121600	25.173000
0.121680	14.936800
0.121760	13.262400
0.121840	18.759600
0.121920	22.298000
0.122000	16.642900
0.122080	4.321650
0.122160	-6.104020
0.122240	-10.337400
0.122320	-10.621800
0.122400	-9.768800
0.122480	-7.209770
0.122560	-1.870560
0.122640	4.448020
0.122720	7.923250
0.122800	7.354570
0.122880	5.648560
0.122960	6.975460
0.123040	13.989000
0.123120	24.351601
0.123200	31.333599
0.123280	28.932600
0.123360	19.833799
0.123440	12.978100
0.123520	13.989000
0.123600	20.149700
0.123680	23.814501
0.123760	19.770599
0.123840	9.060590
0.123920	0.214569
0.124000	0.562092
0.124080	8.049620
0.124160	13.957500
0.124240	13.862700
0.124320	10.545400
0.124400	7.322980
0.124480	4.700770
0.124560	2.773600
0.124640	1.920590
0.124720	1.667840
0.124800	-0.006581
0.124880	-5.946050
0.124960	-14.697300
0.125040	-19.531000
0.125120	-14.286500
0.125200	-0.385697
0.125280	14.273400
0.125360	22.140100
0.125440	21.413401
0.125520	16.927200
0.125600	15.189600
0.125680	18.696400
0.125760	24.414801
0.125840	28.269100
0.125920	28.616600
0.126000	25.362600
0.126080	18.506901
0.126160	9.945200
0.126240	4.605990
0.126320	6.059260
0.126400	12.346200
0.126480	15.853000
0.126560	9.850420
0.126640	-4.840300
0.126720	-20.763100
0.126800	-29.861900
0.126880	-28.092699
0.126960	-17.951401
0.127040	-6.325170
0.127120	-0.480475
0.127200	-3.924110
0.127280	-13.812700
0.127360	-24.017200
0.127440	-26.923800
0.127520	-19.373100
0.127600	-6.925440
0.127680	-1.396670
0.127760	-9.294910
0.127840	-24.996599
0.127920	-36.022499
0.128000	-32.831600
0.128080	-15.708200
0.128160	5.553780
0.128240	19.739000
0.128320	23.024700
0.128400	18.633301
0.128480	11.745900
0.128560	8.965810
0.128640	16.200600
0.128720	31.997101
0.128800	47.098499
0.128880	53.259102
0.128960	49.310001
0.129040	38.347301
0.129120	24.635900
0.129200	14.052200
0.129280	11.840700
0.129360	15.252800
0.129440	14.810500
0.129520	3.279080
0.129600	-16.276899
0.129680	-33.495098
0.129760	-39.244999
0.129840	-32.389301
0.129920	-19.625799
0.130000	-9.737210
0.130080	-6.988620
0.130160	-8.568270
0.130240	-9.136940
0.130320	-6.546320
0.130400	-3.639770
0.130480	-2.723570
0.130560	-1.681010
0.130640	1.320320
0.130720	2.931560
0.130800	-2.344460
0.130880	-12.959600
0.130960	-20.320801
0.131040	-19.088699
0.131120	-12.959600
0.131200	-8.252340
0.131280	-8.663050
0.131360	-12.043400
0.131440	-11.664300
0.131520	-2.439240
0.131600	11.714400
0.131680	21.476601
0.131760	22.045300
0.131840	18.317301
0.131920	19.107100
0.132000	25.046600
0.132080	28.142700
0.132160	22.835100
0.132240	11.019300
0.132320	-1.238710
0.132400	-9.389680
0.132480	-11.885500
0.132560	-10.337400
0.132640	-7.178180
0.132720	-3.260650
0.132800	-0.259325
0.132880	-1.238710
0.132960	-8.031190
0.133040	-15.392300
0.133120	-15.076400
0.133200	-4.461190
0.133280	10.103100
0.133360	18.443701
0.133440	14.589300
0.133520	1.225540
0.133600	-11.917100
0.133680	-14.381300
0.133760	-4.334810
0.133840	9.344930
0.133920	16.011000
0.134000	12.061900
0.134080	3.847760
0.134160	0.625278
0.134240	5.395810
0.134320	12.978100
0.134400	16.453300
0.134480	13.925900
0.134560	9.123780
0.134640	6.912270
0.134720	8.333960
0.134800	8.649890
0.134880	2.678820
0.134960	-5.946050
0.135040	-8.347120
0.135120	-2.818350
0.135200	2.394480
0.135280	-0.417290
0.135360	-10.084700
0.135440	-18.204100
0.135520	-16.877199
0.135600	-4.366410
0.135680	13.009700
0.135760	24.825500
0.135840	24.509501
0.135920	13.167600
0.136000	-1.712600
0.136080	-11.569600
0.136160	-10.937700
0.136240	-1.933750
0.136320	5.806520
0.136400	3.595010
0.136480	-7.272960
0.136560	-17.793400
0.136640	-21.015900
0.136720	-16.213800
0.136800	-8.631450
0.136880	-4.334810
0.136960	-4.524370
0.137040	-4.366410
0.137120	1.130760
0.137200	10.324300
0.137280	15.758300
0.137360	11.619600
0.137440	0.151383
0.137520	-10.685000
0.137600	-14.760400
0.137680	-12.928000
0.137760	-10.084700
0.137840	-10.685000
0.137920	-16.656099
0.138000	-24.933399
0.138080	-27.713600
0.138160	-21.742500
0.138240	-13.401900
0.138320	-9.579240
0.138400	-8.663050
0.138480	-3.671360
0.138560	7.417760
0.138640	19.549400
0.138720	26.657900
0.138800	27.763599
0.138880	26.847401
0.138960	27.352900
0.139040	28.869400
0.139120	28.521799
0.139200	23.688101
0.139280	14.336600
0.139360	3.626610
0.139440	-3.924110
0.139520	-4.524370
0.139600	1.320320
0.139680	8.365550
0.139760	10.134700
0.139840	2.299700
0.139920	-12.011900
0.140000	-22.437599
0.140080	-19.183500
0.140160	-3.924110
0.140240	10.924500
0.140320	13.673100
0.140400	3.942540
0.140480	-9.010570
0.140560	-15.645000
0.140640	-13.623100
0.140720	-7.114990
0.140800	-1.491450
0.140880	-0.132953
0.140960	-3.734550
0.141040	-10.685000
0.141120	-16.498100
0.141200	-15.771400
0.141280	-8.505080
0.141360	-0.417290
0.141440	2.678820
0.141520	-0.512068
0.141600	-5.882870
0.141680	-7.430920
0.141760	-3.892510
0.141840	-0.101360
0.141920	-0.954370
0.142000	-5.156230
0.142080	-6.925440
0.142160	-2.723570
0.142240	5.079880
0.142320	9.218560
0.142400	3.152710
0.142480	-11.158800
0.142560	-22.658701
0.142640	-21.774099
0.142720	-9.674020
0.142800	4.290060
0.142880	11.903900
0.142960	11.556400
0.143040	7.575720
0.143120	6.217230
0.143200	9.471300
0.143280	14.147000
0.143360	16.074200
0.143440	13.989000
0.143520	9.787230
0.143600	6.343600
0.143680	4.827140
0.143760	4.763950
0.143840	3.816160
0.143920	0.214569
0.144000	-2.723570
0.144080	1.889000
0.144160	16.011000
0.144240	31.965500
0.144320	38.189301
0.144400	29.596001
0.144480	13.136000
0.144560	2.015370
0.144640	3.563420
0.144720	13.546700
0.144800	22.424400
0.144880	23.498600
0.144960	17.559099
0.145040	9.376520
0.145120	1.541470
0.145200	-6.167200
0.145280	-12.612100
0.145360	-13.875800
0.145440	-7.873220
0.145520	0.878021
0.145600	4.037320
0.145680	-2.944720
0.145760	-16.656099
0.145840	-28.535000
0.145920	-32.673698
0.146000	-29.577600
0.146080	-24.270000
0.146160	-21.363400
0.146240	-21.679300
0.146320	-23.511700
0.146400	-24.459499
0.146480	-23.322201
0.146560	-21.047501
0.146640	-18.993900
0.146720	-17.256300
0.146800	-13.970600
0.146880	-8.789420
0.146960	-5.851280
0.147040	-8.441900
0.147120	-14.950000
0.147200	-20.857901
0.147280	-23.385401
0.147360	-22.311199
0.147440	-18.741199
0.147520	-15.265900
0.147600	-15.550300
0.147680	-21.900499
0.147760	-30.493799
0.147840	-32.357800
0.147920	-21.458200
0.148000	-1.649410
0.148080	15.126400
0.148160	19.233500
0.148240	10.766600
0.148320	-1.396670
0.148400	-7.462520
0.148480	-4.303220
0.148560	4.195280
0.148640	12.788500
0.148720	19.201900
0.148800	23.466999
0.148880	25.868000
0.148960	26.184000
0.149040	24.004101
0.149120	19.833799
0.149200	15.252800
0.149280	11.840700
0.149360	9.534490
0.149440	7.196610
0.149520	3.910940
0.149600	-0.448883
0.149680	-4.176850
0.149760	-5.251010
0.149840	-3.418620
0.149920	-0.354104
0.150000	2.489260
0.150080	4.700770
0.150160	5.522180
0.150240	2.836780
0.150320	-4.808710
0.150400	-14.570900
0.150480	-21.300200
0.150560	-21.268600
0.150640	-15.581900
0.150720	-9.263310
0.150800	-8.189150
0.150880	-15.139600
0.150960	-26.260300
0.151040	-32.263000
0.151120	-26.102400
0.151200	-9.200130
0.151280	8.618290
0.151360	16.706100
0.151440	10.292700
0.151520	-7.020210
0.151600	-25.660000
0.151680	-34.727200
0.151760	-28.598200
0.151840	-11.664300
0.151920	3.247490
0.152000	4.290060
0.152080	-9.674020
0.152160	-27.808399
0.152240	-36.749199
0.152320	-31.125601
0.152400	-16.972000
0.152480	-6.546320
0.152560	-8.410300
0.152640	-21.489799
0.152720	-36.433201
0.152800	-41.962002
0.152880	-32.420898
0.152960	-11.506400
0.153040	8.744660
0.153120	16.579700
0.153200	8.776260
0.153280	-6.546320
0.153360	-17.445900
0.153440	-16.213800
0.153520	-5.282600
0.153600	7.165020
0.153680	13.641500
0.153760	12.567400
0.153840	7.828470
0.153920	5.206250
0.154000	8.175990
0.154080	15.695100
0.154160	23.056299
0.154240	26.784201
0.154320	28.300699
0.154400	31.080900
0.154480	35.851398
0.154560	38.821098
0.154640	36.262100
0.154720	29.280100
0.154800	22.298000
0.154880	18.380501
0.154960	17.559099
0.155040	16.263800
0.155120	10.892900
0.155200	1.035990
0.155280	-10.147900
0.155360	-18.993900
0.155440	-25.249300
0.155520	-30.019899
0.155600	-32.484100
0.155680	-30.399000
0.155760	-24.333099
0.155840	-18.456900
0.155920	-17.951401
0.156000	-24.901800
0.156080	-36.338501
0.156160	-45.152901
0.156240	-44.205101
0.156320	-32.357800
0.156400	-15.676600
0.156480	-4.145260
0.156560	-4.366410
0.156640	-13.338800
0.156720	-21.110701
0.156800	-19.594200
0.156880	-9.989950
0.156960	-2.186490
0.157040	-4.871890
0.157120	-16.908800
0.157200	-28.661400
0.157280	-31.030800
0.157360	-22.153200
0.157440	-6.293580
0.157520	10.229500
0.157600	21.539801
0.157680	22.898300
0.157760	13.452000
0.157840	-1.175520
0.157920	-11.948700
0.158000	-12.928000
0.158080	-5.219420
0.158160	4.605990
0.158240	10.608600
0.158320	10.829800
0.158400	7.259800
0.158480	2.426080
0.158560	-1.870560
0.158640	-4.461190
0.158720	-4.334810
0.158800	-1.838970
0.158880	0.909614
0.158960	1.699440
0.159040	0.340941
0.159120	-1.143930
0.159200	0.593685
0.159280	6.849090
0.159360	13.704700
0.159440	15.695100
0.159520	11.398400
0.159600	4.290060
0.159680	-1.080740
0.159760	-3.071100
0.159840	-3.608180
0.159920	-4.966670
0.160000	-7.430920
0.160080	-8.947380
0.160160	-7.588890
0.160240	-3.387030
0.160320	1.067580
0.160400	2.110150
0.160480	-2.565610
0.160560	-10.685000
0.160640	-15.897800
0.160720	-12.391000
0.160800	-1.238710
0.160880	9.566080
0.160960	11.366800
0.161040	2.615630
0.161120	-10.242600
0.161200	-17.035200
0.161280	-11.064100
0.161360	4.763950
0.161440	19.770599
0.161520	24.983400
0.161600	20.149700
0.161680	11.208900
0.161760	3.879350
0.161840	-0.227732
0.161920	-1.175520
0.162000	1.162360
0.162080	5.648560
0.162160	8.112800
0.162240	5.364220
0.162320	-1.681010
0.162400	-7.999600
0.162480	-8.852600
0.162560	-4.650740
0.162640	0.656870
0.162720	3.626610
0.162800	3.373860
0.162880	0.467313
0.162960	-3.955700
0.163040	-7.525700
0.163120	-8.789420
0.163200	-9.042160
0.163280	-11.158800
0.163360	-15.013200
0.163440	-17.951401
0.163520	-19.594200
0.163600	-20.384001
0.163680	-20.794701
0.163760	-18.993900
0.163840	-13.654700
0.163920	-6.672690
0.164000	-1.554640
0.164080	-0.859591
0.164160	-5.314200
0.164240	-12.643700
0.164320	-17.382700
0.164400	-15.423900
0.164480	-8.125970
0.164560	-0.480475
0.164640	3.942540
0.164720	5.332630
0.164800	6.975460
0.164880	10.671800
0.164960	15.094800
0.165040	16.800900
0.165120	14.115400
0.165200	8.776260
0.165280	3.942540
0.165360	1.099170
0.165440	0.056605
0.165520	-1.175520
0.165600	-3.007910
0.165680	-4.208440
0.165760	-4.682340
0.165840	-5.756500
0.165920	-8.189150
0.166000	-11.569600
0.166080	-14.255000
0.166160	-15.044800
0.166240	-13.433500
0.166320	-10.400600
0.166400	-6.862250
0.166480	-3.387030
0.166560	0.182976
0.166640	3.689790
0.166720	5.332630
0.166800	2.457670
0.166880	-4.587560
0.166960	-10.305800
0.167040	-8.726230
0.167120	-0.480475
0.167200	7.259800
0.167280	7.765280
0.167360	1.193950
0.167440	-6.230390
0.167520	-8.821010
0.167600	-6.577910
0.167680	-1.902160
0.167760	2.489260
0.167840	4.163690
0.167920	0.814835
0.168000	-6.577910
0.168080	-12.801700
0.168160	-12.106600
0.168240	-3.924110
0.168320	5.143070
0.168400	6.406790
0.168480	-1.428260
0.168560	-10.305800
0.168640	-12.454200
0.168720	-7.430920
0.168800	-1.112330
0.168880	-0.101360
0.168960	-7.114990
0.169040	-18.393700
0.169120	-26.797400
0.169200	-28.029499
0.169280	-23.827700
0.169360	-18.298901
0.169440	-14.191800
0.169520	-11.632700
0.169600	-10.495400
0.169680	-9.674020
0.169760	-7.873220
0.169840	-4.398000
0.169920	-0.985963
0.170000	1.099170
0.170080	2.268110
0.170160	4.700770
0.170240	10.261100
0.170320	18.001400
0.170400	23.372200
0.170480	22.455999
0.170560	15.316000
0.170640	6.312010
0.170720	0.846428
0.170800	2.110150
0.170880	8.302360
0.170960	13.736300
0.171040	13.294000
0.171120	6.154040
0.171200	-5.187820
0.171280	-15.771400
0.171360	-20.542000
0.171440	-16.403299
0.171520	-5.661720
0.171600	4.953510
0.171680	8.744660
0.171760	4.542800
0.171840	-3.892510
0.171920	-11.032500
0.172000	-12.833300
0.172080	-7.746850
0.172160	1.478290
0.172240	8.839440
0.172320	8.586700
0.172400	0.656870
0.172480	-9.231720
0.172560	-14.697300
0.172640	-14.318100
0.172720	-12.264600
0.172800	-13.054400
0.172880	-16.308500
0.172960	-17.066799
0.173040	-12.106600
0.173120	-3.576580
0.173200	2.836780
0.173280	2.742000
0.173360	-3.039500
0.173440	-10.179500
0.173520	-14.191800
0.173600	-13.401900
0.173680	-9.737210
0.173760	-7.557290
0.173840	-9.516060
0.173920	-14.412900
0.174000	-18.741199
0.174080	-20.826300
0.174160	-21.805700
0.174240	-23.227400
0.174320	-24.238400
0.174400	-22.469200
0.174480	-17.161501
0.174560	-11.538000
0.174640	-8.568270
0.174720	-7.810040
0.174800	-6.609510
0.174880	-4.461190
0.174960	-3.924110
0.175040	-6.261980
0.175120	-9.516060
0.175200	-11.032500
0.175280	-10.021500
0.175360	-7.746850
0.175440	-5.756500
0.175520	-4.966670
0.175600	-6.198800
0.175680	-9.674020
0.175760	-12.422600
0.175840	-10.147900
0.175920	-2.186490
0.176000	6.785900
0.176080	12.093500
0.176160	11.777500
0.176240	7.228200
0.176320	1.857400
0.176400	-0.891184
0.176480	1.162360
0.176560	6.659530
0.176640	12.251400
0.176720	14.810500
0.176800	13.894300
0.176880	11.493200
0.176960	9.534490
0.177040	7.923250
0.177120	5.932890
0.177200	3.247490
0.177280	1.225540
0.177360	2.268110
0.177440	6.059260
0.177520	8.902630
0.177600	6.627940
0.177680	-1.681010
0.177760	-11.380000
0.177840	-16.782400
0.177920	-16.245399
0.178000	-12.864900
0.178080	-10.527000
0.178160	-10.653400
0.178240	-12.296200
0.178320	-13.212400
0.178400	-11.411600
0.178480	-6.419950
0.178560	-0.006581
0.178640	5.269440
0.178720	7.796880
0.178800	6.943870
0.178880	2.268110
0.178960	-4.808710
0.179040	-10.242600
0.179120	-10.053100
0.179200	-3.860920
0.179280	3.658200
0.179360	6.343600
0.179440	1.509880
0.179520	-7.209770
0.179600	-13.086000
0.179680	-11.980300
0.179760	-6.198800
0.179840	-1.017560
0.179920	0.119790
0.180000	-1.523040
0.180080	-1.807380
0.180160	1.162360
0.180240	4.858730
0.180320	5.143070
0.180400	0.941207
0.180480	-4.366410
0.180560	-6.609510
0.180640	-5.630130
0.180720	-4.176850
0.180800	-3.924110
0.180880	-4.271630
0.180960	-4.145260
0.181040	-3.797730
0.181120	-3.829330
0.181200	-3.892510
0.181280	-2.534020
0.181360	0.688463
0.181440	3.721390
0.181520	3.405460
0.181600	-1.049150
0.181680	-6.356760
0.181760	-6.988620
0.181840	-0.543661
0.181920	9.882010
0.182000	17.401100
0.182080	17.559099
0.182160	11.366800
0.182240	4.258470
0.182320	0.878021
0.182400	2.457670
0.182480	6.059260
0.182560	7.765280
0.182640	5.364220
0.182720	-0.196139
0.182800	-6.167200
0.182880	-10.653400
0.182960	-13.086000
0.183040	-12.896500
0.183120	-8.884200
0.183200	-1.301890
0.183280	6.817490
0.183360	11.493200
0.183440	11.682800
0.183520	9.566080
0.183600	8.997410
0.183680	11.588000
0.183760	16.074200
0.183840	19.296700
0.183920	18.886000
0.184000	14.368200
0.184080	8.428730
0.184160	4.700770
0.184240	4.858730
0.184320	7.670500
0.184400	9.344930
0.184480	6.501560
0.184560	-0.764812
0.184640	-8.631450
0.184720	-13.149200
0.184800	-12.233000
0.184880	-7.652070
0.184960	-3.513400
0.185040	-3.134280
0.185120	-5.788090
0.185200	-8.031190
0.185280	-7.715260
0.185360	-5.314200
0.185440	-2.060120
0.185520	1.130760
0.185600	3.279080
0.185680	3.910940
0.185760	4.132090
0.185840	5.237850
0.185920	7.165020
0.186000	8.555110
0.186080	9.029000
0.186160	8.713070
0.186240	7.733690
0.186320	6.280410
0.186400	4.353240
0.186480	2.046960
0.186560	-0.985963
0.186640	-3.955700
0.186720	-5.788090
0.186800	-5.724900
0.186880	-4.808710
0.186960	-4.082070
0.187040	-4.208440
0.187120	-5.029860
0.187200	-5.187820
0.187280	-3.639770
0.187360	-0.512068
0.187440	2.552450
0.187520	3.974130
0.187600	3.784570
0.187680	3.342270
0.187760	3.531830
0.187840	4.890320
0.187920	7.007050
0.188000	8.744660
0.188080	8.807850
0.188160	7.038640
0.188240	4.985100
0.188320	4.858730
0.188400	7.259800
0.188480	10.103100
0.188560	10.861300
0.188640	9.186960
0.188720	7.417760
0.188800	8.333960
0.188880	12.441000
0.188960	17.085199
0.189040	18.854401
0.189120	16.674500
0.189200	13.294000
0.189280	12.188200
0.189360	13.262400
0.189440	13.294000
0.189520	10.039900
0.189600	5.269440
0.189680	2.805190
0.189760	4.637580
0.189840	9.060590
0.189920	11.935500
0.190000	9.755640
0.190080	2.773600
0.190160	-5.377380
0.190240	-10.053100
0.190320	-8.631450
0.190400	-2.281270
0.190480	3.942540
0.190560	4.353240
0.190640	-2.312870
0.190720	-10.432200
0.190800	-12.169800
0.190880	-4.271630
0.190960	7.923250
0.191040	14.715700
0.191120	10.924500
0.191200	-0.101360
0.191280	-9.231720
0.191360	-9.136940
0.191440	0.088197
0.191520	11.588000
0.191600	16.484900
0.191680	11.240500
0.191760	0.372534
0.191840	-7.367740
0.191920	-6.609510
0.192000	0.878021
0.192080	7.828470
0.192160	7.417760
0.192240	-0.891184
0.192320	-10.748100
0.192400	-14.255000
0.192480	-9.168530
0.192560	-0.512068
0.192640	4.795550
0.192720	3.816160
0.192800	-0.480475
0.192880	-3.513400
0.192960	-2.944720
0.193040	-0.606847
0.193120	-0.038174
0.193200	-2.660390
0.193280	-5.882870
0.193360	-5.977650
0.193440	-1.523040
0.193520	5.111480
0.193600	9.534490
0.193680	9.408120
0.193760	6.217230
0.193840	3.942540
0.193920	4.637580
0.194000	7.954840
0.194080	12.093500
0.194160	15.189600
0.194240	16.421700
0.194320	15.789800
0.194400	13.515200
0.194480	10.450600
0.194560	7.796880
0.194640	6.817490
0.194720	7.765280
0.194800	9.439710
0.194880	10.419000
0.194960	10.608600
0.195040	9.976790
0.195120	7.133420
0.195200	1.162360
0.195280	-5.598530
0.195360	-9.042160
0.195440	-6.799060
0.195520	-0.606847
0.195600	4.226870
0.195680	3.689790
0.195760	-1.712600
0.195840	-8.315530
0.195920	-12.643700
0.196000	-13.623100
0.196080	-11.727500
0.196160	-8.157560
0.196240	-4.018890
0.196320	-1.491450
0.196400	-2.439240
0.196480	-6.388360
0.196560	-10.432200
0.196640	-10.811300
0.196720	-5.377380
0.196800	4.700770
0.196880	14.684100
0.196960	19.454700
0.197040	17.211599
0.197120	11.398400
0.197200	6.312010
0.197280	4.068910
0.197360	4.574400
0.197440	5.996080
0.197520	5.427400
0.197600	1.478290
0.197680	-3.797730
0.197760	-6.451540
0.197840	-4.398000
0.197920	0.340941
0.198000	3.910940
0.198080	3.184310
0.198160	-1.270300
0.198240	-5.693310
0.198320	-6.325170
0.198400	-3.134280
0.198480	-0.132953
0.198560	-0.606847
0.198640	-3.544990
0.198720	-5.788090
0.198800	-5.946050
0.198880	-5.282600
0.198960	-5.440570
0.199040	-6.704280
0.199120	-7.841630
0.199200	-8.189150
0.199280	-7.430920
0.199360	-5.029860
0.199440	-1.175520
0.199520	1.983770
0.199600	2.742000
0.199680	1.920590
0.199760	1.731030
0.199840	3.057930
0.199920	5.490590
0.200000	7.828470
0.200080	8.681480
0.200160	7.228200
0.200240	5.048290
0.200320	4.858730
0.200400	7.512540
0.200480	10.545400
0.200560	11.145700
0.200640	9.408120
0.200720	7.828470
0.200800	7.765280
0.200880	8.239180
0.200960	7.038640
0.201040	3.910940
0.201120	0.625278
0.201200	-0.606847
0.201280	0.593685
0.201360	2.994750
0.201440	4.163690
0.201520	1.667840
0.201600	-4.777120
0.201680	-12.043400
0.201760	-16.118999
0.201840	-14.792000
0.201920	-9.705610
0.202000	-5.756500
0.202080	-7.114990
0.202160	-13.496700
0.202240	-19.720600
0.202320	-20.320801
0.202400	-14.950000
0.202480	-7.904820
0.202560	-4.524370
0.202640	-6.230390
0.202720	-9.200130
0.202800	-8.441900
0.202880	-2.439240
0.202960	5.743330
0.203040	11.145700
0.203120	11.050900
0.203200	6.785900
0.203280	2.615630
0.203360	1.952180
0.203440	4.448020
0.203520	6.912270
0.203600	6.501560
0.203680	3.531830
0.203760	-0.290918
0.203840	-3.955700
0.203920	-7.462520
0.204000	-10.274200
0.204080	-11.380000
0.204160	-10.337400
0.204240	-8.283930
0.204320	-7.051810
0.204400	-7.494110
0.204480	-9.294910
0.204560	-11.127300
0.204640	-11.411600
0.204720	-8.599860
0.204800	-3.039500
0.204880	2.489260
0.204960	5.459000
0.205040	5.206250
0.205120	3.215900
0.205200	1.731030
0.205280	2.394480
0.205360	4.732360
0.205440	7.354570
0.205520	9.376520
0.205600	10.387500
0.205680	10.355900
0.205760	10.008300
0.205840	10.103100
0.205920	9.913600
0.206000	8.428730
0.206080	5.585370
0.206160	3.026340
0.206240	1.920590
0.206320	1.857400
0.206400	1.351920
0.206480	-0.764812
0.206560	-4.176850
0.206640	-7.083400
0.206720	-8.062780
0.206800	-7.241370
0.206880	-6.167200
0.206960	-5.914460
0.207040	-6.356760
0.207120	-6.577910
0.207200	-6.198800
0.207280	-6.325170
0.207360	-7.652070
0.207440	-9.516060
0.207520	-11.095700
0.207600	-11.727500
0.207680	-11.948700
0.207760	-11.948700
0.207840	-11.822300
0.207920	-11.064100
0.208000	-9.231720
0.208080	-6.735880
0.208160	-4.682340
0.208240	-4.240040
0.208320	-5.029860
0.208400	-5.345790
0.208480	-3.766140
0.208560	0.246162
0.208640	5.616960
0.208720	10.324300
0.208800	12.472600
0.208880	11.240500
0.208960	7.575720
0.209040	3.879350
0.209120	1.983770
0.209200	2.489260
0.209280	4.574400
0.209360	6.564750
0.209440	6.785900
0.209520	4.163690
0.209600	-0.733219
0.209680	-5.598530
0.209760	-7.936410
0.209840	-6.735880
0.209920	-3.418620
0.210000	-1.049150
0.210080	-2.565610
0.210160	-8.283930
0.210240	-14.728800
0.210320	-17.983000
0.210400	-16.276899
0.210480	-11.695900
0.210560	-7.525700
0.210640	-5.377380
0.210720	-5.093040
0.210800	-5.408970
0.210880	-4.366410
0.210960	-0.796405
0.211040	4.384840
0.211120	8.397140
0.211200	9.250150
0.211280	7.449350
0.211360	5.395810
0.211440	5.522180
0.211520	7.796880
0.211600	10.545400
0.211680	11.524800
0.211760	10.134700
0.211840	7.196610
0.211920	4.384840
0.212000	2.931560
0.212080	3.057930
0.212160	3.184310
0.212240	1.952180
0.212320	-1.080740
0.212400	-4.240040
0.212480	-5.535350
0.212560	-4.777120
0.212640	-3.608180
0.212720	-3.734550
0.212800	-4.998270
0.212880	-6.104020
0.212960	-6.293580
0.213040	-5.408970
0.213120	-3.229060
0.213200	-0.069767
0.213280	1.857400
0.213360	-0.543661
0.213440	-7.494110
0.213520	-14.855200
0.213600	-17.445900
0.213680	-13.623100
0.213760	-6.356760
0.213840	-0.543661
0.213920	1.225540
0.214000	-0.101360
0.214080	-1.586230
0.214160	-1.301890
0.214240	0.656870
0.214320	2.552450
0.214400	3.784570
0.214480	4.542800
0.214560	4.858730
0.214640	3.626610
0.214720	1.415100
0.214800	0.404127
0.214880	2.552450
0.214960	6.469970
0.215040	8.807850
0.215120	8.018030
0.215200	5.206250
0.215280	2.994750
0.215360	2.552450
0.215440	3.152710
0.215520	3.026340
0.215600	1.762620
0.215680	0.246162
0.215760	-0.448883
0.215840	-0.417290
0.215920	-0.385697
0.216000	-0.385697
0.216080	0.688463
0.216160	4.163690
0.216240	9.281740
0.216320	12.978100
0.216400	13.072900
0.216480	10.292700
0.216560	7.765280
0.216640	7.291390
0.216720	8.081210
0.216800	8.239180
0.216880	6.975460
0.216960	5.143070
0.217040	4.384840
0.217120	5.079880
0.217200	5.332630
0.217280	2.994750
0.217360	-2.249680
0.217440	-8.252340
0.217520	-11.695900
0.217600	-11.032500
0.217680	-7.304550
0.217760	-3.039500
0.217840	-0.417290
0.217920	-0.290918
0.218000	-0.954370
0.218080	-0.638440
0.218160	1.320320
0.218240	3.942540
0.218320	4.985100
0.218400	3.342270
0.218480	0.277755
0.218560	-1.712600
0.218640	-1.681010
0.218720	-0.827998
0.218800	-2.060120
0.218880	-6.830660
0.218960	-13.244000
0.219040	-17.098400
0.219120	-15.992600
0.219200	-10.906100
0.219280	-5.282600
0.219360	-2.849950
0.219440	-4.429590
0.219520	-6.293580
0.219600	-3.544990
0.219680	3.879350
0.219760	10.640200
0.219840	12.251400
0.219920	9.439710
0.220000	7.417760
0.220080	9.566080
0.220160	14.336600
0.220240	17.685499
0.220320	17.685499
0.220400	16.263800
0.220480	16.074200
0.220560	17.211599
0.220640	17.938200
0.220720	16.674500
0.220800	13.767900
0.220880	11.524800
0.220960	12.346200
0.221040	15.442300
0.221120	16.769300
0.221200	12.599000
0.221280	4.479620
0.221360	-2.944720
0.221440	-5.724900
0.221520	-3.134280
0.221600	1.636250
0.221680	4.132090
0.221760	2.046960
0.221840	-3.418620
0.221920	-8.821010
0.222000	-11.095700
0.222080	-9.326500
0.222160	-4.966670
0.222240	-0.701626
0.222320	0.878021
0.222400	-0.290918
0.222480	-1.712600
0.222560	-0.670033
0.222640	3.215900
0.222720	7.765280
0.222800	10.071500
0.222880	8.871040
0.222960	5.680150
0.223040	3.626610
0.223120	4.953510
0.223200	7.986430
0.223280	9.471300
0.223360	7.322980
0.223440	3.279080
0.223520	1.193950
0.223600	2.710410
0.223680	5.269440
0.223760	5.964480
0.223840	4.827140
0.223920	4.005720
0.224000	4.795550
0.224080	5.522180
0.224160	4.005720
0.224240	0.372534
0.224320	-2.913130
0.224400	-3.418620
0.224480	-0.196139
0.224560	5.522180
0.224640	10.197900
0.224720	10.892900
0.224800	8.302360
0.224880	6.090860
0.224960	6.785900
0.225040	9.818820
0.225120	12.156700
0.225200	11.777500
0.225280	9.850420
0.225360	8.555110
0.225440	7.796880
0.225520	5.932890
0.225600	2.426080
0.225680	-0.922777
0.225760	-2.439240
0.225840	-2.312870
0.225920	-1.712600
0.226000	-0.985963
0.226080	0.277755
0.226160	2.362890
0.226240	4.384840
0.226320	5.237850
0.226400	4.669170
0.226480	3.563420
0.226560	3.595010
0.226640	5.459000
0.226720	7.923250
0.226800	8.649890
0.226880	7.575720
0.226960	5.869710
0.227040	5.079880
0.227120	5.174660
0.227200	5.332630
0.227280	4.290060
0.227360	1.541470
0.227440	-1.807380
0.227520	-2.660390
0.227600	-0.164546
0.227680	3.089530
0.227760	3.121120
0.227840	-0.227732
0.227920	-3.323840
0.228000	-3.039500
0.228080	0.088197
0.228160	2.836780
0.228240	3.563420
0.228320	3.531830
0.228400	4.258470
0.228480	4.795550
0.228560	4.037320
0.228640	1.193950
0.228720	-1.996940
0.228800	-3.039500
0.228880	-0.448883
0.228960	4.068910
0.229040	6.817490
0.229120	5.174660
0.229200	0.498906
0.229280	-3.260650
0.229360	-3.860920
0.229440	-2.060120
0.229520	-0.164546
0.229600	0.530499
0.229680	0.972800
0.229760	1.762620
0.229840	2.615630
0.229920	2.899970
0.230000	3.247490
0.230080	4.195280
0.230160	5.427400
0.230240	7.007050
0.230320	8.776260
0.230400	9.850420
0.230480	9.471300
0.230560	7.796880
0.230640	6.469970
0.230720	7.417760
0.230800	10.513800
0.230880	13.609900
0.230960	13.673100
0.231040	10.640200
0.231120	7.986430
0.231200	8.618290
0.231280	11.335200
0.231360	12.346200
0.231440	10.229500
0.231520	7.322980
0.231600	6.533160
0.231680	7.796880
0.231760	8.997410
0.231840	8.460330
0.231920	6.596340
0.232000	4.921920
0.232080	4.574400
0.232160	4.700770
0.232240	3.437050
0.232320	-0.670033
0.232400	-6.830660
0.232480	-11.980300
0.232560	-13.307200
0.232640	-10.874500
0.232720	-7.020210
0.232800	-3.987290
0.232880	-2.597200
0.232960	-3.102690
0.233040	-4.555970
0.233120	-5.598530
0.233200	-4.682340
0.233280	-1.744190
0.233360	1.667840
0.233440	4.163690
0.233520	5.838110
0.233600	7.733690
0.233680	10.008300
0.233760	11.366800
0.233840	11.082500
0.233920	10.134700
0.234000	9.313340
0.234080	8.934220
0.234160	9.155370
0.234240	10.829800
0.234320	13.104400
0.234400	13.767900
0.234480	11.177300
0.234560	5.996080
0.234640	1.099170
0.234720	-0.859591
0.234800	0.025012
0.234880	1.478290
0.234960	1.288730
0.235040	-0.606847
0.235120	-2.344460
0.235200	-2.565610
0.235280	-1.933750
0.235360	-1.902160
0.235440	-3.165880
0.235520	-5.156230
0.235600	-7.272960
0.235680	-8.568270
0.235760	-7.968000
0.235840	-5.819680
0.235920	-3.987290
0.236000	-4.271630
0.236080	-6.356760
0.236160	-7.936410
0.236240	-7.209770
0.236320	-4.777120
0.236400	-2.786760
0.236480	-2.028530
0.236560	-1.933750
0.236640	-1.301890
0.236720	0.688463
0.236800	3.752980
0.236880	6.943870
0.236960	9.597670
0.237040	11.777500
0.237120	13.388800
0.237200	14.399800
0.237280	15.031600
0.237360	15.031600
0.237440	13.957500
0.237520	11.651200
0.237600	9.218560
0.237680	8.397140
0.237760	8.713070
0.237840	7.860060
0.237920	4.448020
0.238000	-0.733219
0.238080	-5.219420
0.238160	-7.746850
0.238240	-8.315530
0.238320	-8.536680
0.238400	-9.168530
0.238480	-9.926760
0.238560	-9.484460
0.238640	-7.557290
0.238720	-5.156230
0.238800	-4.050480
0.238880	-4.998270
0.238960	-5.946050
0.239040	-4.935080
0.239120	-1.775790
0.239200	1.983770
0.239280	4.637580
0.239360	5.648560
0.239440	4.953510
0.239520	3.310680
0.239600	2.805190
0.239680	4.195280
0.239760	5.427400
0.239840	4.448020
0.239920	1.699440
0.240000	-0.448883
0.240080	-0.480475
0.240160	0.498906
0.240240	1.509880
0.240320	2.204920
0.240400	3.184310
0.240480	4.637580
0.240560	6.090860
0.240640	7.101830
0.240720	7.417760
0.240800	6.880680
0.240880	4.953510
0.240960	1.573070
0.241040	-1.775790
0.241120	-2.786760
0.241200	-1.270300
0.241280	0.467313
0.241360	0.435720
0.241440	-0.954370
0.241520	-2.312870
0.241600	-3.007910
0.241680	-3.229060
0.241760	-2.913130
0.241840	-2.028530
0.241920	-0.575254
0.242000	0.941207
0.242080	1.794220
0.242160	2.141740
0.242240	2.931560
0.242320	4.732360
0.242400	6.943870
0.242480	8.112800
0.242560	7.765280
0.242640	6.343600
0.242720	4.542800
0.242800	2.868380
0.242880	1.699440
0.242960	1.035990
0.243040	0.783242
0.243120	0.656870
0.243200	-0.069767
0.243280	-1.775790
0.243360	-3.576580
0.243440	-4.208440
0.243520	-2.976320
0.243600	-0.543661
0.243680	1.699440
0.243760	2.584040
0.243840	2.236520
0.243920	1.794220
0.244000	1.636250
0.244080	1.288730
0.244160	0.530499
0.244240	-0.132953
0.244320	-0.575254
0.244400	-1.207110
0.244480	-2.376050
0.244560	-4.018890
0.244640	-5.187820
0.244720	-4.998270
0.244800	-3.608180
0.244880	-2.818350
0.244960	-3.829330
0.245040	-5.566940
0.245120	-5.851280
0.245200	-3.323840
0.245280	0.656870
0.245360	3.531830
0.245440	4.100500
0.245520	3.279080
0.245600	2.899970
0.245680	4.669170
0.245760	7.007050
0.245840	7.512540
0.245920	5.869710
0.246000	4.068910
0.246080	3.658200
0.246160	4.226870
0.246240	4.353240
0.246320	3.437050
0.246400	2.710410
0.246480	3.405460
0.246560	5.301030
0.246640	6.659530
0.246720	6.564750
0.246800	5.806520
0.246880	5.016700
0.246960	4.195280
0.247040	3.310680
0.247120	2.552450
0.247200	1.794220
0.247280	0.625278
0.247360	-1.396670
0.247440	-4.208440
0.247520	-6.830660
0.247600	-7.652070
0.247680	-6.388360
0.247760	-4.366410
0.247840	-3.292250
0.247920	-3.355430
0.248000	-3.134280
0.248080	-1.838970
0.248160	-0.543661
0.248240	-0.575254
0.248320	-1.681010
0.248400	-2.344460
0.248480	-1.491450
0.248560	0.530499
0.248640	2.931560
0.248720	4.384840
0.248800	4.637580
0.248880	3.942540
0.248960	3.121120
0.249040	2.647230
0.249120	2.678820
0.249200	3.121120
0.249280	3.531830
0.249360	3.373860
0.249440	2.457670
0.249520	1.004390
0.249600	-0.132953
0.249680	-0.259325
0.249760	0.404127
0.249840	1.004390
0.249920	1.130760
0.250000	1.320320
0.250080	2.015370
0.250160	2.868380
0.250240	3.595010
0.250320	3.721390
0.250400	3.152710
0.250480	1.857400
0.250560	0.656870
0.250640	0.814835
0.250720	2.678820
0.250800	4.953510
0.250880	6.343600
0.250960	6.406790
0.251040	6.122450
0.251120	6.280410
0.251200	6.627940
0.251280	6.659530
0.251360	6.406790
0.251440	6.343600
0.251520	6.248820
0.251600	5.616960
0.251680	4.985100
0.251760	4.416430
0.251840	3.563420
0.251920	1.889000
0.252000	-0.038174
0.252080	-1.270300
0.252160	-1.554640
0.252240	-1.554640
0.252320	-1.775790
0.252400	-2.249680
0.252480	-2.944720
0.252560	-3.355430
0.252640	-2.849950
0.252720	-1.523040
0.252800	-0.512068
0.252880	-1.049150
0.252960	-2.755170
0.253040	-4.176850
0.253120	-3.924110
0.253200	-2.186490
0.253280	0.025012
0.253360	1.573070
0.253440	1.794220
0.253520	0.941207
0.253600	0.246162
0.253680	0.404127
0.253760	1.446690
0.253840	2.584040
0.253920	3.405460
0.254000	4.479620
0.254080	5.869710
0.254160	6.880680
0.254240	6.501560
0.254320	4.921920
0.254400	3.689790
0.254480	3.784570
0.254560	4.637580
0.254640	4.700770
0.254720	3.373860
0.254800	1.383510
0.254880	-0.006581
0.254960	-0.259325
0.255040	-0.069767
0.255120	-0.480475
0.255200	-1.396670
0.255280	-1.523040
0.255360	-0.354104
0.255440	0.972800
0.255520	0.814835
0.255600	-1.207110
0.255680	-3.481800
0.255760	-4.492780
0.255840	-3.829330
0.255920	-2.376050
0.256000	-1.017560
0.256080	-0.132953
0.256160	0.277755
0.256240	0.814835
0.256320	1.573070
0.256400	2.394480
0.256480	3.184310
0.256560	3.847760
0.256640	4.605990
0.256720	5.585370
0.256800	6.596340
0.256880	7.133420
0.256960	7.070240
0.257040	6.375190
0.257120	5.711740
0.257200	5.395810
0.257280	5.838110
0.257360	6.722720
0.257440	7.386170
0.257520	7.291390
0.257600	6.343600
0.257680	5.048290
0.257760	4.068910
0.257840	3.784570
0.257920	3.405460
0.258000	2.236520
0.258080	0.340941
0.258160	-1.270300
0.258240	-1.617820
0.258320	-0.796405
0.258400	0.151383
0.258480	0.656870
0.258560	0.688463
0.258640	0.277755
0.258720	-0.480475
0.258800	-1.017560
0.258880	-0.290918
0.258960	1.794220
0.259040	4.258470
0.259120	5.711740
0.259200	5.553780
0.259280	4.479620
0.259360	3.974130
0.259440	4.448020
0.259520	5.206250
0.259600	5.237850
0.259680	4.258470
0.259760	2.963160
0.259840	2.489260
0.259920	3.184310
0.260000	4.416430
0.260080	5.237850
0.260160	5.427400
0.260240	5.111480
0.260320	5.206250
0.260400	5.648560
0.260480	5.932890
0.260560	6.027670
0.260640	6.059260
0.260720	5.964480
0.260800	5.901300
0.260880	5.743330
0.260960	4.985100
0.261040	3.531830
0.261120	1.857400
0.261200	0.656870
0.261280	0.593685
0.261360	1.288730
0.261440	1.983770
0.261520	1.699440
0.261600	0.498906
0.261680	-0.701626
0.261760	-0.796405
0.261840	0.025012
0.261920	1.162360
0.262000	1.762620
0.262080	1.573070
0.262160	1.257140
0.262240	1.825810
0.262320	3.500240
0.262400	4.953510
0.262480	5.206250
0.262560	4.258470
0.262640	3.089530
0.262720	2.963160
0.262800	4.416430
0.262880	6.469970
0.262960	7.544130
0.263040	6.975460
0.263120	6.217230
0.263200	6.564750
0.263280	8.049620
0.263360	9.250150
0.263440	8.997410
0.263520	7.259800
0.263600	5.269440
0.263680	4.321650
0.263760	4.511210
0.263840	4.795550
0.263920	4.574400
0.264000	4.163690
0.264080	3.942540
0.264160	4.132090
0.264240	4.195280
0.264320	3.721390
0.264400	2.899970
0.264480	2.520850
0.264560	2.836780
0.264640	3.152710
0.264720	2.963160
0.264800	2.141740
0.264880	1.415100
0.264960	0.814835
0.265040	0.246162
0.265120	-0.606847
0.265200	-1.681010
0.265280	-2.755170
0.265360	-3.734550
0.265440	-4.461190
0.265520	-4.777120
0.265600	-4.555970
0.265680	-4.018890
0.265760	-3.323840
0.265840	-2.312870
0.265920	-1.175520
0.266000	-0.259325
0.266080	0.277755
0.266160	1.225540
0.266240	3.373860
0.266320	6.564750
0.266400	9.787230
0.266480	11.366800
0.266560	10.608600
0.266640	8.144400
0.266720	5.996080
0.266800	5.648560
0.266880	6.596340
0.266960	7.544130
0.267040	7.733690
0.267120	7.196610
0.267200	5.901300
0.267280	4.195280
0.267360	2.520850
0.267440	1.573070
0.267520	1.446690
0.267600	1.573070
0.267680	1.446690
0.267760	0.625278
0.267840	-0.354104
0.267920	-0.638440
0.268000	0.119790
0.268080	1.288730
0.268160	2.426080
0.268240	3.342270
0.268320	4.195280
0.268400	5.111480
0.268480	5.901300
0.268560	6.627940
0.268640	7.544130
0.268720	8.523510
0.268800	9.186960
0.268880	8.871040
0.268960	7.733690
0.269040	6.691120
0.269120	6.027670
0.269200	5.964480
0.269280	6.027670
0.269360	5.680150
0.269440	4.637580
0.269520	3.215900
0.269600	2.015370
0.269680	1.383510
0.269760	1.509880
0.269840	1.825810
0.269920	1.794220
0.270000	0.846428
0.270080	-0.543661
0.270160	-0.954370
0.270240	-0.354104
0.270320	0.182976
0.270400	-0.670033
0.270480	-3.260650
0.270560	-6.609510
0.270640	-9.010570
0.270720	-9.358090
0.270800	-7.778440
0.270880	-5.219420
0.270960	-3.418620
0.271040	-3.450210
0.271120	-4.745520
0.271200	-6.135610
0.271280	-6.546320
0.271360	-5.566940
0.271440	-3.450210
0.271520	-0.922777
0.271600	1.351920
0.271680	2.805190
0.271760	3.531830
0.271840	3.816160
0.271920	4.068910
0.272000	4.226870
0.272080	4.290060
0.272160	4.448020
0.272240	4.890320
0.272320	5.395810
0.272400	5.901300
0.272480	6.154040
0.272560	5.932890
0.272640	4.732360
0.272720	2.173330
0.272800	-1.112330
0.272880	-3.797730
0.272960	-4.587560
0.273040	-3.229060
0.273120	-0.922777
0.273200	0.277755
0.273280	-1.238710
0.273360	-4.176850
0.273440	-6.356760
0.273520	-6.072430
0.273600	-3.450210
0.273680	0.151383
0.273760	2.899970
0.273840	3.626610
0.273920	2.899970
0.274000	2.362890
0.274080	2.552450
0.274160	3.057930
0.274240	3.752980
0.274320	4.953510
0.274400	6.880680
0.274480	9.123780
0.274560	11.019300
0.274640	12.409400
0.274720	12.883300
0.274800	12.188200
0.274880	10.292700
0.274960	7.670500
0.275040	5.648560
0.275120	4.669170
0.275200	4.321650
0.275280	3.784570
0.275360	2.647230
0.275440	1.004390
0.275520	-0.891184
0.275600	-2.218090
0.275680	-2.502420
0.275760	-2.154900
0.275840	-2.344460
0.275920	-3.481800
0.276000	-5.029860
0.276080	-6.230390
0.276160	-7.209770
0.276240	-8.125970
0.276320	-8.694640
0.276400	-8.315530
0.276480	-7.051810
0.276560	-6.135610
0.276640	-6.325170
0.276720	-7.430920
0.276800	-8.062780
0.276880	-7.178180
0.276960	-4.840300
0.277040	-2.502420
0.277120	-0.575254
0.277200	1.257140
0.277280	3.595010
0.277360	6.217230
0.277440	8.523510
0.277520	9.882010
0.277600	10.387500
0.277680	10.387500
0.277760	10.387500
0.277840	10.798200
0.277920	11.524800
0.278000	12.156700
0.278080	12.599000
0.278160	12.662100
0.278240	12.314600
0.278320	11.050900
0.278400	8.270770
0.278480	4.353240
0.278560	0.814835
0.278640	-1.017560
0.278720	-1.270300
0.278800	-1.080740
0.278880	-1.681010
0.278960	-3.165880
0.279040	-5.219420
0.279120	-7.051810
0.279200	-8.157560
0.279280	-7.873220
0.279360	-6.293580
0.279440	-4.208440
0.279520	-2.281270
0.279600	-1.049150
0.279680	-0.227732
0.279760	0.530499
0.279840	0.941207
0.279920	1.130760
0.280000	1.383510
0.280080	2.015370
0.280160	3.026340
0.280240	4.195280
0.280320	5.016700
0.280400	5.395810
0.280480	5.459000
0.280560	5.648560
0.280640	6.027670
0.280720	6.090860
0.280800	5.585370
0.280880	4.732360
0.280960	3.942540
0.281040	3.184310
0.281120	1.983770
0.281200	0.056605
0.281280	-2.281270
0.281360	-4.366410
0.281440	-5.756500
0.281520	-6.704280
0.281600	-7.430920
0.281680	-7.936410
0.281760	-7.999600
0.281840	-8.094370
0.281920	-8.410300
0.282000	-8.978980
0.282080	-9.452870
0.282160	-9.484460
0.282240	-8.757830
0.282320	-7.241370
0.282400	-5.187820
0.282480	-3.418620
0.282560	-2.597200
0.282640	-2.976320
0.282720	-3.860920
0.282800	-4.145260
0.282880	-3.292250
0.282960	-1.143930
0.283040	1.162360
0.283120	2.773600
0.283200	3.342270
0.283280	3.942540
0.283360	4.985100
0.283440	6.564750
0.283520	8.207580
0.283600	9.597670
0.283680	10.513800
0.283760	10.419000
0.283840	9.471300
0.283920	8.649890
0.284000	8.491920
0.284080	8.586700
0.284160	8.144400
0.284240	6.691120
0.284320	4.858730
0.284400	3.247490
0.284480	2.110150
0.284560	1.162360
0.284640	0.435720
0.284720	0.151383
0.284800	0.498906
0.284880	0.340941
0.284960	-1.270300
0.285040	-3.924110
0.285120	-6.009240
0.285200	-6.957030
0.285280	-7.020210
0.285360	-7.272960
0.285440	-8.094370
0.285520	-9.073760
0.285600	-9.674020
0.285680	-9.674020
0.285760	-8.915790
0.285840	-7.494110
0.285920	-5.914460
0.286000	-5.408970
0.286080	-5.788090
0.286160	-5.756500
0.286240	-3.766140
0.286320	-0.354104
0.286400	2.710410
0.286480	4.037320
0.286560	3.910940
0.286640	2.868380
0.286720	1.478290
0.286800	0.119790
0.286880	-0.290918
0.286960	0.846428
0.287040	2.931560
0.287120	4.637580
0.287200	5.079880
0.287280	4.163690
0.287360	2.868380
0.287440	2.268110
0.287520	2.773600
0.287600	4.258470
0.287680	5.585370
0.287760	5.806520
0.287840	4.732360
0.287920	2.899970
0.288000	1.004390
0.288080	-0.385697
0.288160	-1.112330
0.288240	-1.396670
0.288320	-1.112330
0.288400	-0.354104
0.288480	0.941207
0.288560	2.078550
0.288640	2.426080
0.288720	1.667840
0.288800	0.593685
0.288880	0.277755
0.288960	1.035990
0.289040	2.046960
0.289120	2.362890
0.289200	2.299700
0.289280	2.204920
0.289360	2.141740
0.289440	1.604660
0.289520	0.435720
0.289600	-0.954370
0.289680	-2.249680
0.289760	-3.292250
0.289840	-3.892510
0.289920	-3.766140
0.290000	-3.007910
0.290080	-2.376050
0.290160	-2.755170
0.290240	-3.955700
0.290320	-4.871890
0.290400	-5.093040
0.290480	-4.745520
0.290560	-4.366410
0.290640	-4.208440
0.290720	-4.050480
0.290800	-3.671360
0.290880	-3.292250
0.290960	-3.071100
0.291040	-2.755170
0.291120	-2.312870
0.291200	-2.028530
0.291280	-2.154900
0.291360	-3.039500
0.291440	-4.050480
0.291520	-4.303220
0.291600	-3.734550
0.291680	-2.976320
0.291760	-2.597200
0.291840	-2.818350
0.291920	-3.229060
0.292000	-3.355430
0.292080	-2.944720
0.292160	-2.123310
0.292240	-1.270300
0.292320	-0.543661
0.292400	0.562092
0.292480	2.046960
0.292560	3.816160
0.292640	5.711740
0.292720	7.228200
0.292800	7.891650
0.292880	7.544130
0.292960	6.659530
0.293040	5.806520
0.293120	5.269440
0.293200	4.921920
0.293280	4.005720
0.293360	2.394480
0.293440	0.309348
0.293520	-1.112330
0.293600	-1.396670
0.293680	-0.701626
0.293760	0.246162
0.293840	0.783242
0.293920	0.720056
0.294000	0.467313
0.294080	0.814835
0.294160	1.699440
0.294240	2.426080
0.294320	2.584040
0.294400	2.299700
0.294480	1.920590
0.294560	1.541470
0.294640	0.941207
0.294720	0.025012
0.294800	-0.922777
0.294880	-1.554640
0.294960	-1.459860
0.295040	-1.017560
0.295120	-0.670033
0.295200	-0.733219
0.295280	-1.301890
0.295360	-1.870560
0.295440	-2.028530
0.295520	-1.712600
0.295600	-1.459860
0.295680	-1.744190
0.295760	-2.534020
0.295840	-3.450210
0.295920	-3.924110
0.296000	-3.766140
0.296080	-3.039500
0.296160	-2.123310
0.296240	-1.649410
0.296320	-1.775790
0.296400	-1.996940
0.296480	-1.523040
0.296560	-0.417290
0.296640	0.625278
0.296720	0.751649
0.296800	0.467313
0.296880	0.688463
0.296960	1.857400
0.297040	3.437050
0.297120	4.448020
0.297200	4.258470
0.297280	3.342270
0.297360	2.868380
0.297440	3.184310
0.297520	4.226870
0.297600	5.016700
0.297680	4.890320
0.297760	3.847760
0.297840	2.710410
0.297920	2.426080
0.298000	2.742000
0.298080	2.931560
0.298160	2.773600
0.298240	2.394480
0.298320	2.110150
0.298400	2.015370
0.298480	2.331300
0.298560	2.394480
0.298640	1.762620
0.298720	0.751649
0.298800	-0.006581
0.298880	-0.038174
0.298960	0.467313
0.299040	1.004390
0.299120	1.099170
0.299200	0.878021
0.299280	0.972800
0.299360	1.383510
0.299440	1.731030
0.299520	1.573070
0.299600	0.972800
0.299680	0.593685
0.299760	0.688463
0.299840	1.035990
0.299920	0.909614
0.300000	0.151383
0.300080	-0.480475
0.300160	-0.164546
0.300240	1.288730
0.300320	2.647230
0.300400	2.868380
0.300480	1.983770
0.300560	0.720056
0.300640	0.119790
0.300720	0.151383
0.300800	0.530499
0.300880	1.035990
0.300960	1.667840
0.301040	2.236520
0.301120	2.426080
0.301200	1.983770
0.301280	1.193950
0.301360	0.814835
0.301440	1.193950
0.301520	2.110150
0.301600	2.931560
0.301680	2.963160
0.301760	2.046960
0.301840	0.783242
0.301920	-0.038174
0.302000	-0.164546
0.302080	-0.069767
0.302160	-0.354104
0.302240	-1.049150
0.302320	-1.649410
0.302400	-1.744190
0.302480	-1.270300
0.302560	-0.575254
0.302640	0.435720
0.302720	1.541470
0.302800	2.615630
0.302880	3.089530
0.302960	3.026340
0.303040	2.584040
0.303120	2.520850
0.303200	2.994750
0.303280	4.005720
0.303360	5.269440
0.303440	6.312010
0.303520	6.943870
0.303600	6.975460
0.303680	6.691120
0.303760	6.438380
0.303840	6.501560
0.303920	6.975460
0.304000	8.049620
0.304080	9.281740
0.304160	10.008300
0.304240	9.660860
0.304320	8.491920
0.304400	7.133420
0.304480	5.964480
0.304560	5.016700
0.304640	4.226870
0.304720	3.595010
0.304800	2.963160
0.304880	2.236520
0.304960	1.130760
0.305040	-0.006581
0.305120	-0.859591
0.305200	-0.985963
0.305280	-0.701626
0.305360	-0.638440
0.305440	-0.764812
0.305520	-0.701626
0.305600	-0.164546
0.305680	0.309348
0.305760	0.246162
0.305840	-0.417290
0.305920	-0.922777
0.306000	-0.733219
0.306080	0.056605
0.306160	0.814835
0.306240	0.814835
0.306320	-0.069767
0.306400	-1.428260
0.306480	-2.186490
0.306560	-1.965340
0.306640	-0.638440
0.306720	1.004390
0.306800	2.015370
0.306880	2.046960
0.306960	1.509880
0.307040	1.225540
0.307120	1.604660
0.307200	2.489260
0.307280	3.310680
0.307360	3.942540
0.307440	4.195280
0.307520	4.100500
0.307600	3.816160
0.307680	3.373860
0.307760	3.215900
0.307840	3.342270
0.307920	3.531830
0.308000	3.342270
0.308080	2.742000
0.308160	1.731030
0.308240	0.720056
0.308320	-0.164546
0.308400	-0.543661
0.308480	-0.638440
0.308560	-0.448883
0.308640	-0.132953
0.308720	0.435720
0.308800	1.130760
0.308880	1.920590
0.308960	2.426080
0.309040	2.742000
0.309120	3.026340
0.309200	3.310680
0.309280	3.310680
0.309360	2.899970
0.309440	2.078550
0.309520	1.415100
0.309600	1.446690
0.309680	1.983770
0.309760	2.331300
0.309840	1.604660
0.309920	-0.290918
0.310000	-2.123310
