-0.020000	-0.071414
-0.019920	-0.071414
-0.019840	-0.071414
-0.019760	-0.097389
-0.019680	-0.088731
-0.019600	-0.088731
-0.019520	-0.088731
-0.019440	-0.080072
-0.019360	-0.071414
-0.019280	-0.080072
-0.019200	-0.088731
-0.019120	-0.088731
-0.019040	-0.097389
-0.018960	-0.097389
-0.018880	-0.054097
-0.018800	-0.080072
-0.018720	-0.106047
-0.018640	-0.088731
-0.018560	-0.080072
-0.018480	-0.132023
-0.018400	-0.114706
-0.018320	-0.097389
-0.018240	-0.132023
-0.018160	-0.114706
-0.018080	-0.114706
-0.018000	-0.123364
-0.017920	-0.097389
-0.017840	-0.088731
-0.017760	-0.106047
-0.017680	-0.123364
-0.017600	-0.123364
-0.017520	-0.114706
-0.017440	-0.097389
-0.017360	-0.114706
-0.017280	-0.114706
-0.017200	-0.114706
-0.017120	-0.123364
-0.017040	-0.123364
-0.016960	-0.123364
-0.016880	-0.114706
-0.016800	-0.123364
-0.016720	-0.123364
-0.016640	-0.114706
-0.016560	-0.114706
-0.016480	-0.097389
-0.016400	-0.123364
-0.016320	-0.123364
-0.016240	-0.123364
-0.016160	-0.132023
-0.016080	-0.132023
-0.016000	-0.132023
-0.015920	-0.123364
-0.015840	-0.132023
-0.015760	-0.132023
-0.015680	-0.140681
-0.015600	-0.132023
-0.015520	-0.140681
-0.015440	-0.114706
-0.015360	-0.132023
-0.015280	-0.132023
-0.015200	-0.140681
-0.015120	-0.132023
-0.015040	-0.132023
-0.014960	-0.140681
-0.014880	-0.132023
-0.014800	-0.132023
-0.014720	-0.140681
-0.014640	-0.132023
-0.014560	-0.140681
-0.014480	-0.123364
-0.014400	-0.123364
-0.014320	-0.114706
-0.014240	-0.114706
-0.014160	-0.132023
-0.014080	-0.132023
-0.014000	-0.140681
-0.013920	-0.132023
-0.013840	-0.132023
-0.013760	-0.123364
-0.013680	-0.123364
-0.013600	-0.123364
-0.013520	-0.132023
-0.013440	-0.132023
-0.013360	-0.132023
-0.013280	-0.132023
-0.013200	-0.114706
-0.013120	-0.114706
-0.013040	-0.106047
-0.012960	-0.114706
-0.012880	-0.132023
-0.012800	-0.132023
-0.012720	-0.132023
-0.012640	-0.123364
-0.012560	-0.123364
-0.012480	-0.106047
-0.012400	-0.097389
-0.012320	-0.097389
-0.012240	-0.106047
-0.012160	-0.097389
-0.012080	-0.097389
-0.012000	-0.097389
-0.011920	-0.088731
-0.011840	-0.097389
-0.011760	-0.123364
-0.011680	-0.088731
-0.011600	-0.106047
-0.011520	-0.097389
-0.011440	-0.097389
-0.011360	-0.088731
-0.011280	-0.097389
-0.011200	-0.097389
-0.011120	-0.097389
-0.011040	-0.106047
-0.010960	-0.088731
-0.010880	-0.106047
-0.010800	-0.088731
-0.010720	-0.088731
-0.010640	-0.088731
-0.010560	-0.088731
-0.010480	-0.088731
-0.010400	-0.071414
-0.010320	-0.080072
-0.010240	-0.062755
-0.010160	-0.062755
-0.010080	-0.071414
-0.010000	-0.088731
-0.009920	-0.088731
-0.009840	-0.097389
-0.009760	-0.088731
-0.009680	-0.097389
-0.009600	-0.097389
-0.009520	-0.088731
-0.009440	-0.114706
-0.009360	-0.088731
-0.009280	-0.097389
-0.009200	-0.097389
-0.009120	-0.080072
-0.009040	-0.080072
-0.008960	-0.080072
-0.008880	-0.080072
-0.008800	-0.088731
-0.008720	-0.097389
-0.008640	-0.106047
-0.008560	-0.097389
-0.008480	-0.071414
-0.008400	-0.062755
-0.008320	-0.071414
-0.008240	-0.080072
-0.008160	-0.080072
-0.008080	-0.097389
-0.008000	-0.097389
-0.007920	-0.080072
-0.007840	-0.071414
-0.007760	-0.062755
-0.007680	-0.071414
-0.007600	-0.080072
-0.007520	-0.088731
-0.007440	-0.088731
-0.007360	-0.080072
-0.007280	-0.080072
-0.007200	-0.080072
-0.007120	-0.071414
-0.007040	-0.080072
-0.006960	-0.080072
-0.006880	-0.071414
-0.006800	-0.080072
-0.006720	-0.071414
-0.006640	-0.088731
-0.006560	-0.088731
-0.006480	-0.088731
-0.006400	-0.080072
-0.006320	-0.071414
-0.006240	-0.071414
-0.006160	-0.088731
-0.006080	-0.071414
-0.006000	-0.071414
-0.005920	-0.071414
-0.005840	-0.071414
-0.005760	-0.088731
-0.005680	-0.080072
-0.005600	-0.088731
-0.005520	-0.088731
-0.005440	-0.080072
-0.005360	-0.080072
-0.005280	-0.062755
-0.005200	-0.088731
-0.005120	-0.088731
-0.005040	-0.106047
-0.004960	-0.088731
-0.004880	-0.097389
-0.004800	-0.071414
-0.004720	-0.080072
-0.004640	-0.088731
-0.004560	-0.088731
-0.004480	-0.088731
-0.004400	-0.080072
-0.004320	-0.080072
-0.004240	-0.080072
-0.004160	-0.088731
-0.004080	-0.080072
-0.004000	-0.097389
-0.003920	-0.097389
-0.003840	-0.088731
-0.003760	-0.088731
-0.003680	-0.088731
-0.003600	-0.088731
-0.003520	-0.080072
-0.003440	-0.088731
-0.003360	-0.088731
-0.003280	-0.097389
-0.003200	-0.097389
-0.003120	-0.114706
-0.003040	-0.097389
-0.002960	-0.114706
-0.002880	-0.106047
-0.002800	-0.097389
-0.002720	-0.106047
-0.002640	-0.106047
-0.002560	-0.114706
-0.002480	-0.106047
-0.002400	-0.106047
-0.002320	-0.106047
-0.002240	-0.106047
-0.002160	-0.080072
-0.002080	-0.123364
-0.002000	-0.054097
-0.001920	-0.071414
-0.001840	-0.106047
-0.001760	-0.123364
-0.001680	-0.106047
-0.001600	-0.106047
-0.001520	-0.106047
-0.001440	-0.088731
-0.001360	-0.106047
-0.001280	-0.114706
-0.001200	-0.106047
-0.001120	-0.114706
-0.001040	-0.114706
-0.000960	-0.097389
-0.000880	-0.123364
-0.000800	-0.114706
-0.000720	-0.106047
-0.000640	-0.106047
-0.000560	-0.097389
-0.000480	-0.106047
-0.000400	-0.114706
-0.000320	-0.106047
-0.000240	-0.088731
-0.000160	-0.114706
-0.000080	-0.106047
0.000000	-0.106047
0.000080	-0.097389
0.000160	-0.106047
0.000240	-0.097389
0.000320	-0.097389
0.000400	-0.097389
0.000480	-0.097389
0.000560	-0.097389
0.000640	-0.088731
0.000720	-0.097389
0.000800	-0.114706
0.000880	-0.106047
0.000960	-0.088731
0.001040	-0.097389
0.001120	-0.071414
0.001200	-0.088731
0.001280	-0.088731
0.001360	-0.097389
0.001440	-0.088731
0.001520	-0.106047
0.001600	-0.097389
0.001680	-0.088731
0.001760	-0.097389
0.001840	-0.106047
0.001920	-0.097389
0.002000	-0.106047
0.002080	-0.088731
0.002160	-0.088731
0.002240	-0.071414
0.002320	-0.080072
0.002400	-0.071414
0.002480	-0.080072
0.002560	-0.080072
0.002640	-0.080072
0.002720	-0.080072
0.002800	-0.071414
0.002880	-0.088731
0.002960	-0.080072
0.003040	-0.062755
0.003120	-0.071414
0.003200	-0.062755
0.003280	-0.071414
0.003360	-0.062755
0.003440	-0.062755
0.003520	-0.080072
0.003600	-0.071414
0.003680	-0.062755
0.003760	-0.062755
0.003840	-0.080072
0.003920	-0.071414
0.004000	-0.071414
0.004080	-0.080072
0.004160	-0.080072
0.004240	-0.062755
0.004320	-0.045439
0.004400	-0.045439
0.004480	-0.062755
0.004560	-0.054097
0.004640	-0.054097
0.004720	-0.054097
0.004800	-0.054097
0.004880	-0.054097
0.004960	-0.054097
0.005040	-0.028122
0.005120	-0.028122
0.005200	-0.028122
0.005280	-0.028122
0.005360	-0.028122
0.005440	-0.028122
0.005520	-0.054097
0.005600	-0.028122
0.005680	-0.045439
0.005760	-0.028122
0.005840	-0.028122
0.005920	-0.045439
0.006000	-0.062755
0.006080	-0.062755
0.006160	-0.028122
0.006240	-0.062755
0.006320	-0.062755
0.006400	-0.062755
0.006480	-0.054097
0.006560	-0.028122
0.006640	-0.054097
0.006720	-0.045439
0.006800	-0.062755
0.006880	-0.054097
0.006960	-0.062755
0.007040	-0.071414
0.007120	-0.054097
0.007200	-0.080072
0.007280	-0.080072
0.007360	-0.080072
0.007440	-0.080072
0.007520	-0.080072
0.007600	-0.071414
0.007680	-0.071414
0.007760	-0.080072
0.007840	-0.071414
0.007920	-0.080072
0.008000	-0.088731
0.008080	-0.080072
0.008160	-0.088731
0.008240	-0.062755
0.008320	-0.088731
0.008400	-0.071414
0.008480	-0.071414
0.008560	-0.071414
0.008640	-0.062755
0.008720	-0.054097
0.008800	-0.062755
0.008880	-0.028122
0.008960	-0.054097
0.009040	-0.045439
0.009120	-0.028122
0.009200	-0.028122
0.009280	-0.028122
0.009360	-0.010805
0.009440	-0.028122
0.009520	-0.028122
0.009600	-0.019463
0.009680	-0.028122
0.009760	-0.010805
0.009840	-0.002146
0.009920	-0.019463
0.010000	0.006512
0.010080	0.006512
0.010160	0.023829
0.010240	0.032487
0.010320	0.032487
0.010400	0.041146
0.010480	0.049804
0.010560	0.075779
0.010640	0.058463
0.010720	0.075779
0.010800	0.067121
0.010880	0.058463
0.010960	0.067121
0.011040	0.084438
0.011120	0.093096
0.011200	0.110413
0.011280	0.110413
0.011360	0.110413
0.011440	0.093096
0.011520	0.101754
0.011600	0.084438
0.011680	0.110413
0.011760	0.127730
0.011840	0.127730
0.011920	0.101754
0.012000	0.101754
0.012080	0.119071
0.012160	0.145047
0.012240	0.153705
0.012320	0.145047
0.012400	0.162364
0.012480	0.136388
0.012560	0.145047
0.012640	0.119071
0.012720	0.127730
0.012800	0.127730
0.012880	0.136388
0.012960	0.136388
0.013040	0.119071
0.013120	0.110413
0.013200	0.101754
0.013280	0.119071
0.013360	0.145047
0.013440	0.153705
0.013520	0.145047
0.013600	0.127730
0.013680	0.145047
0.013760	0.136388
0.013840	0.136388
0.013920	0.145047
0.014000	0.162364
0.014080	0.145047
0.014160	0.136388
0.014240	0.153705
0.014320	0.136388
0.014400	0.110413
0.014480	0.127730
0.014560	0.084438
0.014640	0.058463
0.014720	-0.002146
0.014800	0.058463
0.014880	0.067121
0.014960	0.084438
0.015040	0.049804
0.015120	0.015170
0.015200	0.006512
0.015280	0.006512
0.015360	0.015170
0.015440	0.023829
0.015520	0.015170
0.015600	-0.002146
0.015680	-0.002146
0.015760	-0.019463
0.015840	-0.028122
0.015920	-0.054097
0.016000	-0.080072
0.016080	-0.106047
0.016160	-0.114706
0.016240	-0.114706
0.016320	-0.123364
0.016400	-0.106047
0.016480	-0.088731
0.016560	-0.088731
0.016640	-0.062755
0.016720	-0.028122
0.016800	-0.028122
0.016880	-0.028122
0.016960	-0.028122
0.017040	-0.019463
0.017120	0.006512
0.017200	0.015170
0.017280	0.015170
0.017360	0.041146
0.017440	0.058463
0.017520	0.101754
0.017600	0.127730
0.017680	0.153705
0.017760	0.145047
0.017840	0.136388
0.017920	0.153705
0.018000	0.196997
0.018080	0.248948
0.018160	0.274923
0.018240	0.283582
0.018320	0.335532
0.018400	0.370166
0.018480	0.413458
0.018560	0.456750
0.018640	0.482725
0.018720	0.526018
0.018800	0.560651
0.018880	0.612602
0.018960	0.664553
0.019040	0.707845
0.019120	0.742478
0.019200	0.785770
0.019280	0.829063
0.019360	0.863696
0.019440	0.915647
0.019520	1.010890
0.019600	1.080160
0.019680	1.123450
0.019760	1.184060
0.019840	1.218690
0.019920	1.261980
0.020000	1.313930
0.020080	1.391860
0.020160	1.443810
0.020240	1.487100
0.020320	1.547710
0.020400	1.565030
0.020480	1.608320
0.020560	1.625640
0.020640	1.642950
0.020720	1.729540
0.020800	1.807460
0.020880	1.859420
0.020960	1.911370
0.021040	1.937340
0.021120	1.954660
0.021200	1.980630
0.021280	1.997950
0.021360	2.015270
0.021440	2.023930
0.021520	2.023930
0.021600	2.032580
0.021680	2.058560
0.021760	2.093190
0.021840	2.145140
0.021920	2.188440
0.022000	2.197090
0.022080	2.205750
0.022160	2.214410
0.022240	2.231730
0.022320	2.266360
0.022400	2.275020
0.022480	2.301000
0.022560	2.309650
0.022640	2.335630
0.022720	2.344290
0.022800	2.344290
0.022880	2.335630
0.022960	2.352950
0.023040	2.352950
0.023120	2.335630
0.023200	2.326970
0.023280	2.292340
0.023360	2.266360
0.023440	2.257700
0.023520	2.240390
0.023600	2.205750
0.023680	2.162460
0.023760	2.119170
0.023840	2.084530
0.023920	2.006610
0.024000	1.920020
0.024080	1.816120
0.024160	1.720880
0.024240	1.634300
0.024320	1.556370
0.024400	1.461130
0.024480	1.365890
0.024560	1.287960
0.024640	1.201380
0.024720	1.158080
0.024800	1.123450
0.024880	1.062840
0.024960	1.010890
0.025040	0.950281
0.025120	0.906988
0.025200	0.889672
0.025280	0.881013
0.025360	0.846379
0.025440	0.803087
0.025520	0.751137
0.025600	0.690528
0.025680	0.655894
0.025760	0.621260
0.025840	0.543334
0.025920	0.482725
0.026000	0.422117
0.026080	0.370166
0.026160	0.318215
0.026240	0.257606
0.026320	0.188339
0.026400	0.145047
0.026480	0.101754
0.026560	0.015170
0.026640	-0.045439
0.026720	-0.132023
0.026800	-0.201290
0.026880	-0.279216
0.026960	-0.383117
0.027040	-0.530311
0.027120	-0.660187
0.027200	-0.755430
0.027280	-0.807380
0.027360	-0.893964
0.027440	-0.980549
0.027520	-1.058470
0.027600	-1.119080
0.027680	-1.136400
0.027760	-1.162380
0.027840	-1.188350
0.027920	-1.214330
0.028000	-1.257620
0.028080	-1.283590
0.028160	-1.335540
0.028240	-1.396150
0.028320	-1.430790
0.028400	-1.439450
0.028480	-1.422130
0.028560	-1.422130
0.028640	-1.430790
0.028720	-1.448100
0.028800	-1.448100
0.028880	-1.430790
0.028960	-1.387490
0.029040	-1.326890
0.029120	-1.274940
0.029200	-1.231640
0.029280	-1.171030
0.029360	-1.136400
0.029440	-1.110430
0.029520	-1.093110
0.029600	-1.049820
0.029680	-1.041160
0.029760	-0.997866
0.029840	-0.997866
0.029920	-0.997866
0.030000	-0.997866
0.030080	-0.971890
0.030160	-0.963232
0.030240	-0.937257
0.030320	-0.937257
0.030400	-0.911281
0.030480	-0.911281
0.030560	-0.893964
0.030640	-0.928598
0.030720	-0.928598
0.030800	-0.919940
0.030880	-0.902623
0.030960	-0.876648
0.031040	-0.876648
0.031120	-0.911281
0.031200	-0.954573
0.031280	-0.945915
0.031360	-0.937257
0.031440	-0.911281
0.031520	-0.893964
0.031600	-0.893964
0.031680	-0.919940
0.031760	-0.954573
0.031840	-1.023840
0.031920	-1.032500
0.032000	-1.075790
0.032080	-1.093110
0.032160	-1.136400
0.032240	-1.171030
0.032320	-1.240300
0.032400	-1.326890
0.032480	-1.413470
0.032560	-1.508710
0.032640	-1.595300
0.032720	-1.673220
0.032800	-1.768470
0.032880	-1.855050
0.032960	-1.976270
0.033040	-2.088830
0.033120	-2.218700
0.033200	-2.287970
0.033280	-2.435160
0.033360	-2.573700
0.033440	-2.686260
0.033520	-2.781500
0.033600	-2.902720
0.033680	-2.937350
0.033760	-2.989300
0.033840	-3.041250
0.033920	-3.119180
0.034000	-3.153810
0.034080	-3.205760
0.034160	-3.249060
0.034240	-3.266370
0.034320	-3.292350
0.034400	-3.326980
0.034480	-3.352960
0.034560	-3.352960
0.034640	-3.387590
0.034720	-3.413570
0.034800	-3.439540
0.034880	-3.482830
0.034960	-3.543440
0.035040	-3.612710
0.035120	-3.690640
0.035200	-3.768560
0.035280	-3.872460
0.035360	-3.950390
0.035440	-4.002340
0.035520	-4.019660
0.035600	-4.011000
0.035680	-3.993680
0.035760	-3.941730
0.035840	-3.915760
0.035920	-3.872460
0.036000	-3.794540
0.036080	-3.707950
0.036160	-3.664660
0.036240	-3.664660
0.036320	-3.716610
0.036400	-3.759900
0.036480	-3.785880
0.036560	-3.820510
0.036640	-3.889780
0.036720	-3.915760
0.036800	-3.907100
0.036880	-3.837830
0.036960	-3.716610
0.037040	-3.621370
0.037120	-3.621370
0.037200	-3.621370
0.037280	-3.621370
0.037360	-3.612710
0.037440	-3.569420
0.037520	-3.578080
0.037600	-3.621370
0.037680	-3.621370
0.037760	-3.569420
0.037840	-3.413570
0.037920	-3.266370
0.038000	-3.127840
0.038080	-3.023940
0.038160	-2.971990
0.038240	-2.928690
0.038320	-2.902720
0.038400	-2.868090
0.038480	-2.824790
0.038560	-2.738210
0.038640	-2.539070
0.038720	-2.296630
0.038800	-2.062850
0.038880	-1.855050
0.038960	-1.742490
0.039040	-1.681880
0.039120	-1.655910
0.039200	-1.699200
0.039280	-1.855050
0.039360	-2.140780
0.039440	-2.565040
0.039520	-3.041250
0.039600	-3.604050
0.039680	-4.192830
0.039760	-4.833550
0.039840	-5.526220
0.039920	-6.227560
0.040000	-6.902910
0.040080	-7.517660
0.040160	-8.089120
0.040240	-8.582650
0.040320	-8.859720
0.040400	-8.729840
0.040480	-8.296920
0.040560	-7.734120
0.040640	-7.240590
0.040720	-6.911570
0.040800	-6.677790
0.040880	-6.409380
0.040960	-6.123650
0.041040	-5.829270
0.041120	-5.560860
0.041200	-5.309760
0.041280	-5.110620
0.041360	-4.876840
0.041440	-4.556480
0.041520	-4.123560
0.041600	-3.560760
0.041680	-2.876740
0.041760	-2.054190
0.041840	-1.101770
0.041920	-0.028122
0.042000	1.097470
0.042080	2.301000
0.042160	3.513180
0.042240	4.664750
0.042320	5.721070
0.042400	6.673500
0.042480	7.591290
0.042560	8.422500
0.042640	9.149810
0.042720	9.695290
0.042800	10.032900
0.042880	10.188800
0.042960	10.292700
0.043040	10.465800
0.043120	10.803500
0.043200	11.323000
0.043280	12.007000
0.043360	12.812300
0.043440	13.825300
0.043520	15.150100
0.043600	17.115601
0.043680	19.981501
0.043760	23.765200
0.043840	27.973200
0.043920	31.869499
0.044000	34.856701
0.044080	36.648998
0.044160	37.159801
0.044240	36.068901
0.044320	33.246201
0.044400	29.038200
0.044480	24.492500
0.044560	20.752100
0.044640	18.604799
0.044720	18.258499
0.044800	19.462000
0.044880	21.600599
0.044960	24.085600
0.045040	26.406099
0.045120	28.354200
0.045200	29.895399
0.045280	30.951700
0.045360	31.341400
0.045440	30.943100
0.045520	29.930000
0.045600	28.510099
0.045680	26.882299
0.045760	25.133301
0.045840	23.245701
0.045920	21.228300
0.046000	19.055099
0.046080	16.838499
0.046160	14.673800
0.046240	12.517900
0.046320	10.310000
0.046400	8.032870
0.046480	5.790340
0.046560	3.928780
0.046640	2.690620
0.046720	2.084530
0.046800	2.023930
0.046880	2.361600
0.046960	2.967690
0.047040	3.729640
0.047120	4.465600
0.047200	5.054370
0.047280	5.418030
0.047360	5.573880
0.047440	5.582540
0.047520	5.409370
0.047600	5.011080
0.047680	4.500240
0.047760	3.998050
0.047840	3.669030
0.047920	3.591100
0.048000	3.643050
0.048080	3.746950
0.048160	3.660370
0.048240	3.469880
0.048320	3.348660
0.048400	3.487200
0.048480	3.798900
0.048560	4.136580
0.048640	4.353040
0.048720	4.474260
0.048800	4.526210
0.048880	4.638770
0.048960	4.863890
0.049040	5.123640
0.049120	5.444000
0.049200	5.781680
0.049280	6.179970
0.049360	6.742770
0.049440	7.331540
0.049520	7.868360
0.049600	8.283970
0.049680	8.621650
0.049760	8.993960
0.049840	9.392250
0.049920	9.755900
0.050000	10.058900
0.050080	10.284000
0.050160	10.353300
0.050240	10.301300
0.050320	10.171500
0.050400	9.868460
0.050480	9.392250
0.050560	8.812130
0.050640	8.266650
0.050720	7.842390
0.050800	7.582640
0.050880	7.366180
0.050960	7.123740
0.051040	6.742770
0.051120	6.327160
0.051200	6.050090
0.051280	6.032780
0.051360	6.240580
0.051440	6.560940
0.051520	6.768740
0.051600	6.768740
0.051680	6.699480
0.051760	6.569600
0.051840	6.413750
0.051920	6.119360
0.052000	5.643150
0.052080	5.011080
0.052160	4.361700
0.052240	3.816220
0.052320	3.478540
0.052400	3.357320
0.052480	3.417930
0.052560	3.547810
0.052640	3.660370
0.052720	3.669030
0.052800	3.547810
0.052880	3.296710
0.052960	2.941720
0.053040	2.716600
0.053120	2.768550
0.053200	3.184150
0.053280	3.755610
0.053360	4.197190
0.053440	4.257800
0.053520	3.911460
0.053600	3.452570
0.053680	3.305370
0.053760	3.582440
0.053840	4.162560
0.053920	4.846570
0.054000	5.392050
0.054080	5.807660
0.054160	6.102040
0.054240	6.413750
0.054320	6.794720
0.054400	7.331540
0.054480	7.885680
0.054560	8.283970
0.054640	8.457140
0.054720	8.552380
0.054800	8.734210
0.054880	9.037250
0.054960	9.530780
0.055040	10.240700
0.055120	11.071900
0.055200	11.955100
0.055280	12.820900
0.055360	13.600200
0.055440	14.284200
0.055520	14.847000
0.055600	15.271300
0.055680	15.591600
0.055760	15.825400
0.055840	15.920700
0.055920	15.903300
0.056000	15.868700
0.056080	15.834100
0.056160	15.782100
0.056240	15.695500
0.056320	15.591600
0.056400	15.427100
0.056480	15.279900
0.056560	15.158700
0.056640	15.115400
0.056720	15.158700
0.056800	15.245300
0.056880	15.409800
0.056960	15.652200
0.057040	16.059200
0.057120	16.596100
0.057200	17.150200
0.057280	17.712999
0.057360	18.353701
0.057440	18.977100
0.057520	19.436001
0.057600	19.600500
0.057680	19.669800
0.057760	19.920900
0.057840	20.405800
0.057920	20.873301
0.058000	21.133101
0.058080	21.141701
0.058160	21.072500
0.058240	21.098400
0.058320	21.228300
0.058400	21.488100
0.058480	21.730499
0.058560	21.903700
0.058640	22.007601
0.058720	22.146099
0.058800	22.440500
0.058880	22.838800
0.058960	23.245701
0.059040	23.514099
0.059120	23.609400
0.059200	23.557400
0.059280	23.488199
0.059360	23.566099
0.059440	23.721901
0.059520	23.747900
0.059600	23.557400
0.059680	23.254400
0.059760	22.925400
0.059840	22.665600
0.059920	22.319300
0.060000	21.739201
0.060080	20.951200
0.060160	20.111401
0.060240	19.635201
0.060320	19.834299
0.060400	20.500999
0.060480	21.159100
0.060560	21.418800
0.060640	21.280300
0.060720	20.942600
0.060800	20.475000
0.060880	19.851601
0.060960	18.959801
0.061040	17.955400
0.061120	17.011700
0.061200	16.440201
0.061280	16.258400
0.061360	16.215099
0.061440	16.163099
0.061520	16.085199
0.061600	16.102501
0.061680	16.267000
0.061760	16.483500
0.061840	16.613400
0.061920	16.751900
0.062000	17.020300
0.062080	17.513901
0.062160	18.258499
0.062240	19.107000
0.062320	19.894899
0.062400	20.466400
0.062480	20.795401
0.062560	21.003201
0.062640	21.107100
0.062720	21.029200
0.062800	20.700199
0.062880	20.154699
0.062960	19.557199
0.063040	19.176300
0.063120	19.055099
0.063200	19.150299
0.063280	19.271500
0.063360	19.280199
0.063440	19.098301
0.063520	18.821301
0.063600	18.518200
0.063680	18.206499
0.063760	17.747601
0.063840	17.132900
0.063920	16.267000
0.064000	15.124100
0.064080	13.600200
0.064160	11.704000
0.064240	9.591390
0.064320	7.608610
0.064400	5.998140
0.064480	4.699380
0.064560	3.686340
0.064640	2.915740
0.064720	2.352950
0.064800	2.023930
0.064880	1.946000
0.064960	1.885390
0.065040	1.720880
0.065120	1.409180
0.065200	0.941622
0.065280	0.500042
0.065360	0.075779
0.065440	-0.279216
0.065520	-0.599578
0.065600	-0.945915
0.065680	-1.352860
0.065760	-1.725170
0.065840	-2.036880
0.065920	-2.166750
0.066000	-2.114800
0.066080	-1.855050
0.066160	-1.422130
0.066240	-0.833355
0.066320	-0.270558
0.066400	0.171022
0.066480	0.491384
0.066560	0.820404
0.066640	1.236010
0.066720	1.686250
0.066800	2.153800
0.066880	2.638670
0.066960	3.166840
0.067040	3.772930
0.067120	4.335730
0.067200	4.855230
0.067280	5.305470
0.067360	5.790340
0.067440	6.327160
0.067520	6.941910
0.067600	7.565320
0.067680	8.232020
0.067760	8.924690
0.067840	9.677970
0.067920	10.500500
0.068000	11.349000
0.068080	12.162900
0.068160	12.872900
0.068240	13.496300
0.068320	14.102400
0.068400	14.725800
0.068480	15.288600
0.068560	15.764800
0.068640	16.033300
0.068720	16.067900
0.068800	15.886000
0.068880	15.583000
0.068960	15.297200
0.069040	15.020200
0.069120	14.812400
0.069200	14.639200
0.069280	14.483400
0.069360	14.422700
0.069440	14.405400
0.069520	14.362100
0.069600	14.292900
0.069680	14.180300
0.069760	14.085100
0.069840	14.137000
0.069920	14.249600
0.070000	14.362100
0.070080	14.327500
0.070160	14.223600
0.070240	14.041800
0.070320	13.877300
0.070400	13.669500
0.070480	13.435700
0.070560	13.219200
0.070640	12.968100
0.070720	12.699700
0.070800	12.414000
0.070880	12.171600
0.070960	12.007000
0.071040	11.937800
0.071120	11.903100
0.071200	11.972400
0.071280	12.162900
0.071360	12.379400
0.071440	12.595800
0.071520	12.725700
0.071600	12.803600
0.071680	12.838300
0.071760	12.864200
0.071840	12.907500
0.071920	13.002800
0.072000	13.167300
0.072080	13.366400
0.072160	13.548200
0.072240	13.686800
0.072320	13.773400
0.072400	13.877300
0.072480	14.024500
0.072560	14.258200
0.072640	14.561300
0.072720	14.881600
0.072800	15.124100
0.072880	15.375200
0.072960	15.600300
0.073040	15.851400
0.073120	16.111200
0.073200	16.370899
0.073280	16.622000
0.073360	16.855801
0.073440	17.072300
0.073520	17.254101
0.073600	17.401300
0.073680	17.453199
0.073760	17.444599
0.073840	17.384001
0.073920	17.323400
0.074000	17.340700
0.074080	17.418600
0.074160	17.531200
0.074240	17.678400
0.074320	17.868799
0.074400	18.189199
0.074480	18.622101
0.074560	19.115700
0.074640	19.661100
0.074720	20.223900
0.074800	20.752100
0.074880	21.288900
0.074960	21.808399
0.075040	22.293301
0.075120	22.682899
0.075200	22.977301
0.075280	23.211100
0.075360	23.401600
0.075440	23.540100
0.075520	23.652700
0.075600	23.773899
0.075680	23.851801
0.075760	23.895100
0.075840	23.903799
0.075920	23.886499
0.076000	23.825800
0.076080	23.643999
0.076160	23.470900
0.076240	23.401600
0.076320	23.462200
0.076400	23.609400
0.076480	23.721901
0.076560	23.730600
0.076640	23.661301
0.076720	23.592100
0.076800	23.566099
0.076880	23.557400
0.076960	23.600700
0.077040	23.592100
0.077120	23.592100
0.077200	23.488199
0.077280	23.323700
0.077360	23.081200
0.077440	22.821501
0.077520	22.579000
0.077600	22.379900
0.077680	22.154800
0.077760	21.895000
0.077840	21.583300
0.077920	21.254299
0.078000	20.959900
0.078080	20.682800
0.078160	20.388500
0.078240	20.050800
0.078320	19.687099
0.078400	19.306101
0.078480	18.933800
0.078560	18.578800
0.078640	18.232500
0.078720	17.842899
0.078800	17.401300
0.078880	16.881800
0.078960	16.327600
0.079040	15.799400
0.079120	15.375200
0.079200	15.072100
0.079280	14.847000
0.079360	14.647900
0.079440	14.405400
0.079520	14.119700
0.079600	13.851300
0.079680	13.574200
0.079760	13.288500
0.079840	12.968100
0.079920	12.647800
0.080000	12.292800
0.080080	11.920500
0.080160	11.591400
0.080240	11.193200
0.080320	10.742900
0.080400	10.266700
0.080480	9.755900
0.080560	9.262370
0.080640	8.768840
0.080720	8.283970
0.080800	7.807760
0.080880	7.366180
0.080960	6.985200
0.081040	6.664840
0.081120	6.379110
0.081200	6.041440
0.081280	5.686440
0.081360	5.244860
0.081440	4.863890
0.081520	4.422310
0.081600	3.998050
0.081680	3.539150
0.081760	2.993670
0.081840	2.413550
0.081920	1.842100
0.082000	1.305280
0.082080	0.751137
0.082160	0.214314
0.082240	-0.374459
0.082320	-0.937257
0.082400	-1.465420
0.082480	-1.941630
0.082560	-2.426510
0.082640	-2.868090
0.082720	-3.344300
0.082800	-3.768560
0.082880	-4.175510
0.082960	-4.565140
0.083040	-4.954770
0.083120	-5.301100
0.083200	-5.630120
0.083280	-5.933170
0.083360	-6.184260
0.083440	-6.409380
0.083520	-6.617180
0.083600	-6.799010
0.083680	-6.998160
0.083760	-7.162670
0.083840	-7.327180
0.083920	-7.474370
0.084000	-7.578270
0.084080	-7.630220
0.084160	-7.664850
0.084240	-7.647540
0.084320	-7.690830
0.084400	-7.725460
0.084480	-7.734120
0.084560	-7.734120
0.084640	-7.708150
0.084720	-7.699490
0.084800	-7.673510
0.084880	-7.647540
0.084960	-7.673510
0.085040	-7.699490
0.085120	-7.708150
0.085200	-7.656200
0.085280	-7.534980
0.085360	-7.465710
0.085440	-7.379130
0.085520	-7.283880
0.085600	-7.223270
0.085680	-7.128030
0.085760	-7.050110
0.085840	-6.989500
0.085920	-6.928890
0.086000	-6.911570
0.086080	-6.946210
0.086160	-6.980840
0.086240	-7.050110
0.086320	-7.136690
0.086400	-7.188640
0.086480	-7.231930
0.086560	-7.318520
0.086640	-7.379130
0.086720	-7.439740
0.086800	-7.491690
0.086880	-7.569610
0.086960	-7.638880
0.087040	-7.708150
0.087120	-7.768760
0.087200	-7.820710
0.087280	-7.864000
0.087360	-7.889970
0.087440	-7.950580
0.087520	-8.019850
0.087600	-8.071800
0.087680	-8.123750
0.087760	-8.201680
0.087840	-8.227650
0.087920	-8.279600
0.088000	-8.340210
0.088080	-8.383500
0.088160	-8.444110
0.088240	-8.522040
0.088320	-8.573990
0.088400	-8.634600
0.088480	-8.669230
0.088560	-8.695210
0.088640	-8.703870
0.088720	-8.738500
0.088800	-8.781790
0.088880	-8.825080
0.088960	-8.851060
0.089040	-8.807770
0.089120	-8.669230
0.089200	-8.496060
0.089280	-8.400820
0.089360	-8.357530
0.089440	-8.340210
0.089520	-8.270940
0.089600	-8.149730
0.089680	-7.993870
0.089760	-7.864000
0.089840	-7.786070
0.089920	-7.812050
0.090000	-7.838020
0.090080	-7.855340
0.090160	-7.786070
0.090240	-7.699490
0.090320	-7.543640
0.090400	-7.439740
0.090480	-7.361810
0.090560	-7.266570
0.090640	-7.188640
0.090720	-7.067420
0.090800	-6.937550
0.090880	-6.773040
0.090960	-6.677790
0.091040	-6.608530
0.091120	-6.513280
0.091200	-6.444020
0.091280	-6.383410
0.091360	-6.314140
0.091440	-6.288160
0.091520	-6.244870
0.091600	-6.218900
0.091680	-6.184260
0.091760	-6.149630
0.091840	-6.123650
0.091920	-6.037070
0.092000	-5.950490
0.092080	-5.881220
0.092160	-5.803290
0.092240	-5.734030
0.092320	-5.664760
0.092400	-5.612810
0.092480	-5.543540
0.092560	-5.422320
0.092640	-5.292450
0.092720	-5.179890
0.092800	-5.127940
0.092880	-5.093300
0.092960	-5.041350
0.093040	-4.998060
0.093120	-4.928790
0.093200	-4.850870
0.093280	-4.790260
0.093360	-4.720990
0.093440	-4.669040
0.093520	-4.643060
0.093600	-4.591110
0.093680	-4.530500
0.093760	-4.461240
0.093840	-4.409290
0.093920	-4.383310
0.094000	-4.348680
0.094080	-4.288070
0.094160	-4.210140
0.094240	-4.114900
0.094320	-4.028320
0.094400	-3.933070
0.094480	-3.863810
0.094560	-3.794540
0.094640	-3.725270
0.094720	-3.690640
0.094800	-3.673320
0.094880	-3.664660
0.094960	-3.673320
0.095040	-3.681980
0.095120	-3.690640
0.095200	-3.673320
0.095280	-3.612710
0.095360	-3.552100
0.095440	-3.508810
0.095520	-3.465520
0.095600	-3.448200
0.095680	-3.456860
0.095760	-3.465520
0.095840	-3.465520
0.095920	-3.448200
0.096000	-3.422230
0.096080	-3.422230
0.096160	-3.404910
0.096240	-3.413570
0.096320	-3.456860
0.096400	-3.465520
0.096480	-3.448200
0.096560	-3.396250
0.096640	-3.352960
0.096720	-3.335640
0.096800	-3.326980
0.096880	-3.292350
0.096960	-3.257720
0.097040	-3.257720
0.097120	-3.231740
0.097200	-3.214420
0.097280	-3.188450
0.097360	-3.145160
0.097440	-3.084550
0.097520	-3.015280
0.097600	-2.946010
0.097680	-2.894060
0.097760	-2.850770
0.097840	-2.781500
0.097920	-2.686260
0.098000	-2.565040
0.098080	-2.452480
0.098160	-2.357240
0.098240	-2.270650
0.098320	-2.201390
0.098400	-2.123460
0.098480	-2.036880
0.098560	-1.950290
0.098640	-1.863710
0.098720	-1.759810
0.098800	-1.673220
0.098880	-1.577980
0.098960	-1.482740
0.099040	-1.378840
0.099120	-1.283590
0.099200	-1.162380
0.099280	-1.058470
0.099360	-0.928598
0.099440	-0.816039
0.099520	-0.694821
0.099600	-0.582261
0.099680	-0.469702
0.099760	-0.357142
0.099840	-0.235924
0.099920	-0.140681
0.100000	-0.028122
0.100080	0.084438
0.100160	0.196997
0.100240	0.318215
0.100320	0.439433
0.100400	0.543334
0.100480	0.707845
0.100560	0.846379
0.100640	1.010890
0.100720	1.132110
0.100800	1.236010
0.100880	1.331250
0.100960	1.400520
0.101040	1.513080
0.101120	1.634300
0.101200	1.781490
0.101280	1.971980
0.101360	2.171120
0.101440	2.326970
0.101520	2.413550
0.101600	2.552090
0.101680	2.595380
0.101760	2.664650
0.101840	2.725260
0.101920	2.794530
0.102000	2.855130
0.102080	2.898430
0.102160	2.967690
0.102240	3.036960
0.102320	3.097570
0.102400	3.166840
0.102480	3.218790
0.102560	3.296710
0.102640	3.357320
0.102720	3.452570
0.102800	3.556470
0.102880	3.660370
0.102960	3.755610
0.103040	3.850850
0.103120	3.937440
0.103200	4.032680
0.103280	4.127920
0.103360	4.188530
0.103440	4.240480
0.103520	4.301090
0.103600	4.353040
0.103680	4.404990
0.103760	4.422310
0.103840	4.448290
0.103920	4.517550
0.104000	4.586820
0.104080	4.664750
0.104160	4.785960
0.104240	4.915840
0.104320	4.993770
0.104400	5.054370
0.104480	5.106330
0.104560	5.166930
0.104640	5.227540
0.104720	5.322790
0.104800	5.366080
0.104880	5.400710
0.104960	5.426690
0.105040	5.487300
0.105120	5.617170
0.105200	5.755710
0.105280	5.859610
0.105360	5.902900
0.105440	5.876930
0.105520	5.859610
0.105600	5.894240
0.105680	5.980830
0.105760	6.067410
0.105840	6.154000
0.105920	6.214600
0.106000	6.240580
0.106080	6.257900
0.106160	6.301190
0.106240	6.335820
0.106320	6.396430
0.106400	6.439720
0.106480	6.465700
0.106560	6.448380
0.106640	6.422410
0.106720	6.413750
0.106800	6.413750
0.106880	6.422410
0.106960	6.439720
0.107040	6.448380
0.107120	6.457040
0.107200	6.457040
0.107280	6.474360
0.107360	6.474360
0.107440	6.465700
0.107520	6.448380
0.107600	6.413750
0.107680	6.353140
0.107760	6.275210
0.107840	6.223260
0.107920	6.145340
0.108000	6.110700
0.108080	6.093390
0.108160	6.067410
0.108240	6.067410
0.108320	6.067410
0.108400	6.067410
0.108480	6.076070
0.108560	6.093390
0.108640	6.119360
0.108720	6.145340
0.108800	6.188630
0.108880	6.214600
0.108960	6.249240
0.109040	6.275210
0.109120	6.283870
0.109200	6.318510
0.109280	6.361800
0.109360	6.413750
0.109440	6.457040
0.109520	6.500330
0.109600	6.517650
0.109680	6.534970
0.109760	6.534970
0.109840	6.552280
0.109920	6.621550
0.110000	6.638870
0.110080	6.699480
0.110160	6.760090
0.110240	6.803380
0.110320	6.829350
0.110400	6.881300
0.110480	6.907280
0.110560	6.924600
0.110640	6.976550
0.110720	6.993860
0.110800	7.011180
0.110880	7.028500
0.110960	7.028500
0.111040	7.037150
0.111120	7.063130
0.111200	7.054470
0.111280	7.054470
0.111360	7.071790
0.111440	7.089110
0.111520	7.123740
0.111600	7.149710
0.111680	7.167030
0.111760	7.175690
0.111840	7.218980
0.111920	7.244960
0.112000	7.288250
0.112080	7.296910
0.112160	7.296910
0.112240	7.288250
0.112320	7.279590
0.112400	7.288250
0.112480	7.314220
0.112560	7.340200
0.112640	7.366180
0.112720	7.400810
0.112800	7.435440
0.112880	7.478730
0.112960	7.496050
0.113040	7.530690
0.113120	7.565320
0.113200	7.573980
0.113280	7.591290
0.113360	7.608610
0.113440	7.625930
0.113520	7.643240
0.113600	7.669220
0.113680	7.686540
0.113760	7.729830
0.113840	7.729830
0.113920	7.729830
0.114000	7.729830
0.114080	7.695200
0.114160	7.677880
0.114240	7.677880
0.114320	7.677880
0.114400	7.712510
0.114480	7.738490
0.114560	7.790440
0.114640	7.825070
0.114720	7.842390
0.114800	7.851050
0.114880	7.833730
0.114960	7.799100
0.115040	7.790440
0.115120	7.764460
0.115200	7.738490
0.115280	7.695200
0.115360	7.634590
0.115440	7.539340
0.115520	7.504710
0.115600	7.461420
0.115680	7.496050
0.115760	7.418130
0.115840	7.392150
0.115920	7.331540
0.116000	7.288250
0.116080	7.270930
0.116160	7.236300
0.116240	7.227640
0.116320	7.210320
0.116400	7.184350
0.116480	7.175690
0.116560	7.149710
0.116640	7.089110
0.116720	7.054470
0.116800	7.011180
0.116880	6.959230
0.116960	6.881300
0.117040	6.812040
0.117120	6.751430
0.117200	6.690820
0.117280	6.656180
0.117360	6.638870
0.117440	6.621550
0.117520	6.560940
0.117600	6.500330
0.117680	6.431070
0.117760	6.344480
0.117840	6.275210
0.117920	6.205950
0.118000	6.136680
0.118080	6.076070
0.118160	6.032780
0.118240	5.954850
0.118320	5.911560
0.118400	5.868270
0.118480	5.824980
0.118560	5.764370
0.118640	5.712420
0.118720	5.625830
0.118800	5.582540
0.118880	5.521930
0.118960	5.461320
0.119040	5.409370
0.119120	5.357420
0.119200	5.296810
0.119280	5.244860
0.119360	5.201570
0.119440	5.158280
0.119520	5.114980
0.119600	5.080350
0.119680	5.019740
0.119760	4.985110
0.119840	4.976450
0.119920	4.967790
0.120000	4.959130
0.120080	4.941820
0.120160	4.907180
0.120240	4.837910
0.120320	4.803280
0.120400	4.768650
0.120480	4.742670
0.120560	4.742670
0.120640	4.759990
0.120720	4.777310
0.120800	4.803280
0.120880	4.820600
0.120960	4.829260
0.121040	4.855230
0.121120	4.855230
0.121200	4.846570
0.121280	4.811940
0.121360	4.768650
0.121440	4.725350
0.121520	4.682060
0.121600	4.656090
0.121680	4.647430
0.121760	4.612800
0.121840	4.586820
0.121920	4.586820
0.122000	4.552190
0.122080	4.508890
0.122160	4.500240
0.122240	4.491580
0.122320	4.474260
0.122400	4.465600
0.122480	4.448290
0.122560	4.439630
0.122640	4.422310
0.122720	4.430970
0.122800	4.413650
0.122880	4.448290
0.122960	4.448290
0.123040	4.456940
0.123120	4.448290
0.123200	4.430970
0.123280	4.413650
0.123360	4.404990
0.123440	4.404990
0.123520	4.379020
0.123600	4.379020
0.123680	4.361700
0.123760	4.335730
0.123840	4.344380
0.123920	4.353040
0.124000	4.353040
0.124080	4.379020
0.124160	4.404990
0.124240	4.448290
0.124320	4.465600
0.124400	4.482920
0.124480	4.491580
0.124560	4.517550
0.124640	4.560840
0.124720	4.569500
0.124800	4.621450
0.124880	4.647430
0.124960	4.673400
0.125040	4.725350
0.125120	4.768650
0.125200	4.811940
0.125280	4.855230
0.125360	4.898520
0.125440	4.933160
0.125520	4.959130
0.125600	4.993770
0.125680	5.002420
0.125760	4.967790
0.125840	4.941820
0.125920	4.941820
0.126000	4.976450
0.126080	5.037060
0.126160	5.071690
0.126240	5.106330
0.126320	5.106330
0.126400	5.114980
0.126480	5.089010
0.126560	5.114980
0.126640	5.114980
0.126720	5.114980
0.126800	5.089010
0.126880	5.097670
0.126960	5.063030
0.127040	5.097670
0.127120	5.097670
0.127200	5.097670
0.127280	5.097670
0.127360	5.097670
0.127440	5.097670
0.127520	5.097670
0.127600	5.114980
0.127680	5.123640
0.127760	5.114980
0.127840	5.089010
0.127920	5.071690
0.128000	5.071690
0.128080	5.071690
0.128160	5.071690
0.128240	5.080350
0.128320	5.080350
0.128400	5.080350
0.128480	5.089010
0.128560	5.097670
0.128640	5.114980
0.128720	5.114980
0.128800	5.123640
0.128880	5.123640
0.128960	5.166930
0.129040	5.175590
0.129120	5.201570
0.129200	5.227540
0.129280	5.244860
0.129360	5.262180
0.129440	5.270840
0.129520	5.288150
0.129600	5.270840
0.129680	5.262180
0.129760	5.270840
0.129840	5.270840
0.129920	5.270840
0.130000	5.253520
0.130080	5.253520
0.130160	5.253520
0.130240	5.262180
0.130320	5.270840
0.130400	5.279490
0.130480	5.314130
0.130560	5.348760
0.130640	5.383400
0.130720	5.409370
0.130800	5.426690
0.130880	5.452660
0.130960	5.444000
0.131040	5.478640
0.131120	5.469980
0.131200	5.461320
0.131280	5.400710
0.131360	5.435350
0.131440	5.383400
0.131520	5.392050
0.131600	5.348760
0.131680	5.305470
0.131760	5.279490
0.131840	5.253520
0.131920	5.227540
0.132000	5.192910
0.132080	5.184250
0.132160	5.158280
0.132240	5.149620
0.132320	5.114980
0.132400	5.106330
0.132480	5.097670
0.132560	5.089010
0.132640	5.080350
0.132720	5.106330
0.132800	5.114980
0.132880	5.149620
0.132960	5.149620
0.133040	5.166930
0.133120	5.175590
0.133200	5.184250
0.133280	5.201570
0.133360	5.184250
0.133440	5.166930
0.133520	5.158280
0.133600	5.140960
0.133680	5.132300
0.133760	5.106330
0.133840	5.097670
0.133920	5.106330
0.134000	5.080350
0.134080	5.080350
0.134160	5.071690
0.134240	5.071690
0.134320	5.071690
0.134400	5.063030
0.134480	5.063030
0.134560	5.037060
0.134640	5.028400
0.134720	5.028400
0.134800	5.011080
0.134880	4.993770
0.134960	4.985110
0.135040	4.985110
0.135120	4.976450
0.135200	4.976450
0.135280	4.959130
0.135360	4.959130
0.135440	4.933160
0.135520	4.907180
0.135600	4.881210
0.135680	4.863890
0.135760	4.855230
0.135840	4.863890
0.135920	4.837910
0.136000	4.846570
0.136080	4.811940
0.136160	4.794620
0.136240	4.794620
0.136320	4.803280
0.136400	4.829260
0.136480	4.846570
0.136560	4.846570
0.136640	4.855230
0.136720	4.863890
0.136800	4.881210
0.136880	4.907180
0.136960	4.915840
0.137040	4.915840
0.137120	4.907180
0.137200	4.898520
0.137280	4.881210
0.137360	4.855230
0.137440	4.846570
0.137520	4.820600
0.137600	4.855230
0.137680	4.863890
0.137760	4.881210
0.137840	4.889870
0.137920	4.907180
0.138000	4.915840
0.138080	4.941820
0.138160	4.959130
0.138240	4.959130
0.138320	4.967790
0.138400	4.959130
0.138480	4.976450
0.138560	4.976450
0.138640	4.985110
0.138720	4.993770
0.138800	4.993770
0.138880	4.993770
0.138960	4.976450
0.139040	4.993770
0.139120	5.011080
0.139200	5.019740
0.139280	5.037060
0.139360	5.028400
0.139440	5.011080
0.139520	4.985110
0.139600	4.976450
0.139680	5.002420
0.139760	5.019740
0.139840	5.054370
0.139920	5.089010
0.140000	5.114980
0.140080	5.114980
0.140160	5.097670
0.140240	5.114980
0.140320	5.106330
0.140400	5.106330
0.140480	5.097670
0.140560	5.114980
0.140640	5.097670
0.140720	5.089010
0.140800	5.071690
0.140880	5.063030
0.140960	5.028400
0.141040	5.011080
0.141120	5.002420
0.141200	5.002420
0.141280	4.993770
0.141360	4.959130
0.141440	4.933160
0.141520	4.907180
0.141600	4.872550
0.141680	4.855230
0.141760	4.820600
0.141840	4.811940
0.141920	4.794620
0.142000	4.768650
0.142080	4.742670
0.142160	4.725350
0.142240	4.716700
0.142320	4.673400
0.142400	4.647430
0.142480	4.630110
0.142560	4.621450
0.142640	4.595480
0.142720	4.612800
0.142800	4.638770
0.142880	4.656090
0.142960	4.664750
0.143040	4.682060
0.143120	4.699380
0.143200	4.699380
0.143280	4.716700
0.143360	4.725350
0.143440	4.734010
0.143520	4.742670
0.143600	4.759990
0.143680	4.759990
0.143760	4.768650
0.143840	4.759990
0.143920	4.785960
0.144000	4.794620
0.144080	4.820600
0.144160	4.837910
0.144240	4.855230
0.144320	4.846570
0.144400	4.872550
0.144480	4.872550
0.144560	4.881210
0.144640	4.872550
0.144720	4.881210
0.144800	4.898520
0.144880	4.889870
0.144960	4.898520
0.145040	4.898520
0.145120	4.889870
0.145200	4.889870
0.145280	4.898520
0.145360	4.933160
0.145440	4.915840
0.145520	4.924500
0.145600	4.907180
0.145680	4.907180
0.145760	4.898520
0.145840	4.881210
0.145920	4.863890
0.146000	4.863890
0.146080	4.846570
0.146160	4.829260
0.146240	4.794620
0.146320	4.768650
0.146400	4.725350
0.146480	4.699380
0.146560	4.656090
0.146640	4.647430
0.146720	4.604140
0.146800	4.586820
0.146880	4.534870
0.146960	4.508890
0.147040	4.491580
0.147120	4.448290
0.147200	4.413650
0.147280	4.404990
0.147360	4.379020
0.147440	4.353040
0.147520	4.335730
0.147600	4.309750
0.147680	4.283780
0.147760	4.223170
0.147840	4.162560
0.147920	4.179870
0.148000	4.127920
0.148080	4.075970
0.148160	4.050000
0.148240	4.050000
0.148320	4.032680
0.148400	4.015360
0.148480	3.972070
0.148560	3.954750
0.148640	3.954750
0.148720	3.928780
0.148800	3.894150
0.148880	3.876830
0.148960	3.876830
0.149040	3.885490
0.149120	3.850850
0.149200	3.842200
0.149280	3.781590
0.149360	3.755610
0.149440	3.755610
0.149520	3.790240
0.149600	3.816220
0.149680	3.850850
0.149760	3.807560
0.149840	3.790240
0.149920	3.790240
0.150000	3.790240
0.150080	3.798900
0.150160	3.772930
0.150240	3.755610
0.150320	3.738290
0.150400	3.695000
0.150480	3.669030
0.150560	3.599760
0.150640	3.547810
0.150720	3.504520
0.150800	3.452570
0.150880	3.417930
0.150960	3.391960
0.151040	3.357320
0.151120	3.314030
0.151200	3.270740
0.151280	3.210130
0.151360	3.184150
0.151440	3.158180
0.151520	3.140860
0.151600	3.114890
0.151680	3.097570
0.151760	3.062940
0.151840	3.045620
0.151920	3.019640
0.152000	3.002330
0.152080	2.959040
0.152160	2.915740
0.152240	2.898430
0.152320	2.881110
0.152400	2.872450
0.152480	2.855130
0.152560	2.820500
0.152640	2.785870
0.152720	2.777210
0.152800	2.742580
0.152880	2.742580
0.152960	2.699280
0.153040	2.681970
0.153120	2.673310
0.153200	2.655990
0.153280	2.630020
0.153360	2.586720
0.153440	2.569410
0.153520	2.543430
0.153600	2.526110
0.153680	2.517460
0.153760	2.508800
0.153840	2.508800
0.153920	2.500140
0.154000	2.508800
0.154080	2.482820
0.154160	2.482820
0.154240	2.482820
0.154320	2.500140
0.154400	2.526110
0.154480	2.552090
0.154560	2.526110
0.154640	2.517460
0.154720	2.517460
0.154800	2.500140
0.154880	2.500140
0.154960	2.482820
0.155040	2.465510
0.155120	2.465510
0.155200	2.448190
0.155280	2.439530
0.155360	2.430870
0.155440	2.422210
0.155520	2.430870
0.155600	2.439530
0.155680	2.456850
0.155760	2.465510
0.155840	2.448190
0.155920	2.465510
0.156000	2.474160
0.156080	2.482820
0.156160	2.491480
0.156240	2.508800
0.156320	2.491480
0.156400	2.500140
0.156480	2.500140
0.156560	2.491480
0.156640	2.465510
0.156720	2.465510
0.156800	2.465510
0.156880	2.448190
0.156960	2.456850
0.157040	2.456850
0.157120	2.422210
0.157200	2.430870
0.157280	2.413550
0.157360	2.396240
0.157440	2.378920
0.157520	2.396240
0.157600	2.404900
0.157680	2.396240
0.157760	2.413550
0.157840	2.387580
0.157920	2.387580
0.158000	2.370260
0.158080	2.370260
0.158160	2.352950
0.158240	2.344290
0.158320	2.326970
0.158400	2.301000
0.158480	2.249040
0.158560	2.231730
0.158640	2.214410
0.158720	2.188440
0.158800	2.171120
0.158880	2.145140
0.158960	2.127830
0.159040	2.127830
0.159120	2.101850
0.159200	2.093190
0.159280	2.075880
0.159360	2.067220
0.159440	2.075880
0.159520	2.058560
0.159600	2.058560
0.159680	2.084530
0.159760	2.101850
0.159840	2.101850
0.159920	2.093190
0.160000	2.075880
0.160080	2.058560
0.160160	2.084530
0.160240	2.075880
0.160320	2.093190
0.160400	2.101850
0.160480	2.084530
0.160560	2.075880
0.160640	2.093190
0.160720	2.119170
0.160800	2.136490
0.160880	2.136490
0.160960	2.145140
0.161040	2.188440
0.161120	2.188440
0.161200	2.214410
0.161280	2.231730
0.161360	2.257700
0.161440	2.249040
0.161520	2.266360
0.161600	2.249040
0.161680	2.266360
0.161760	2.257700
0.161840	2.275020
0.161920	2.283680
0.162000	2.309650
0.162080	2.309650
0.162160	2.309650
0.162240	2.301000
0.162320	2.326970
0.162400	2.318310
0.162480	2.326970
0.162560	2.335630
0.162640	2.344290
0.162720	2.335630
0.162800	2.344290
0.162880	2.352950
0.162960	2.361600
0.163040	2.370260
0.163120	2.396240
0.163200	2.404900
0.163280	2.422210
0.163360	2.413550
0.163440	2.430870
0.163520	2.448190
0.163600	2.448190
0.163680	2.448190
0.163760	2.448190
0.163840	2.474160
0.163920	2.474160
0.164000	2.491480
0.164080	2.482820
0.164160	2.508800
0.164240	2.517460
0.164320	2.526110
0.164400	2.552090
0.164480	2.569410
0.164560	2.612700
0.164640	2.621360
0.164720	2.630020
0.164800	2.621360
0.164880	2.655990
0.164960	2.673310
0.165040	2.681970
0.165120	2.707940
0.165200	2.742580
0.165280	2.742580
0.165360	2.777210
0.165440	2.777210
0.165520	2.794530
0.165600	2.794530
0.165680	2.794530
0.165760	2.820500
0.165840	2.855130
0.165920	2.863790
0.166000	2.881110
0.166080	2.889770
0.166160	2.898430
0.166240	2.924400
0.166320	2.941720
0.166400	2.950380
0.166480	2.959040
0.166560	2.985010
0.166640	3.010990
0.166720	3.019640
0.166800	3.028300
0.166880	3.036960
0.166960	3.054280
0.167040	3.062940
0.167120	3.028300
0.167200	3.019640
0.167280	3.002330
0.167360	3.010990
0.167440	3.036960
0.167520	3.036960
0.167600	3.062940
0.167680	3.071600
0.167760	3.071600
0.167840	3.062940
0.167920	3.080250
0.168000	3.062940
0.168080	3.080250
0.168160	3.114890
0.168240	3.123550
0.168320	3.149520
0.168400	3.158180
0.168480	3.166840
0.168560	3.175500
0.168640	3.192810
0.168720	3.192810
0.168800	3.192810
0.168880	3.175500
0.168960	3.166840
0.169040	3.175500
0.169120	3.175500
0.169200	3.184150
0.169280	3.192810
0.169360	3.210130
0.169440	3.201470
0.169520	3.210130
0.169600	3.210130
0.169680	3.227450
0.169760	3.227450
0.169840	3.236110
0.169920	3.244760
0.170000	3.244760
0.170080	3.236110
0.170160	3.262080
0.170240	3.253420
0.170320	3.296710
0.170400	3.296710
0.170480	3.296710
0.170560	3.296710
0.170640	3.296710
0.170720	3.305370
0.170800	3.305370
0.170880	3.331350
0.170960	3.331350
0.171040	3.322690
0.171120	3.331350
0.171200	3.322690
0.171280	3.348660
0.171360	3.357320
0.171440	3.357320
0.171520	3.348660
0.171600	3.340010
0.171680	3.348660
0.171760	3.357320
0.171840	3.365980
0.171920	3.357320
0.172000	3.348660
0.172080	3.357320
0.172160	3.365980
0.172240	3.357320
0.172320	3.348660
0.172400	3.348660
0.172480	3.340010
0.172560	3.357320
0.172640	3.357320
0.172720	3.331350
0.172800	3.305370
0.172880	3.296710
0.172960	3.296710
0.173040	3.296710
0.173120	3.314030
0.173200	3.314030
0.173280	3.305370
0.173360	3.305370
0.173440	3.296710
0.173520	3.314030
0.173600	3.322690
0.173680	3.348660
0.173760	3.365980
0.173840	3.374640
0.173920	3.365980
0.174000	3.357320
0.174080	3.357320
0.174160	3.357320
0.174240	3.365980
0.174320	3.357320
0.174400	3.365980
0.174480	3.383300
0.174560	3.383300
0.174640	3.383300
0.174720	3.391960
0.174800	3.400620
0.174880	3.426590
0.174960	3.435250
0.175040	3.461220
0.175120	3.487200
0.175200	3.495860
0.175280	3.504520
0.175360	3.495860
0.175440	3.513180
0.175520	3.504520
0.175600	3.521830
0.175680	3.556470
0.175760	3.573780
0.175840	3.591100
0.175920	3.599760
0.176000	3.573780
0.176080	3.573780
0.176160	3.556470
0.176240	3.565130
0.176320	3.582440
0.176400	3.599760
0.176480	3.625730
0.176560	3.643050
0.176640	3.686340
0.176720	3.712320
0.176800	3.764270
0.176880	3.798900
0.176960	3.850850
0.177040	3.868170
0.177120	3.902800
0.177200	3.928780
0.177280	3.937440
0.177360	3.954750
0.177440	3.954750
0.177520	3.954750
0.177600	3.954750
0.177680	3.954750
0.177760	3.920120
0.177840	3.911460
0.177920	3.894150
0.178000	3.868170
0.178080	3.850850
0.178160	3.824880
0.178240	3.790240
0.178320	3.764270
0.178400	3.720980
0.178480	3.703660
0.178560	3.686340
0.178640	3.651710
0.178720	3.660370
0.178800	3.643050
0.178880	3.643050
0.178960	3.625730
0.179040	3.617080
0.179120	3.608420
0.179200	3.625730
0.179280	3.625730
0.179360	3.643050
0.179440	3.643050
0.179520	3.651710
0.179600	3.643050
0.179680	3.651710
0.179760	3.643050
0.179840	3.625730
0.179920	3.625730
0.180000	3.617080
0.180080	3.608420
0.180160	3.608420
0.180240	3.591100
0.180320	3.565130
0.180400	3.573780
0.180480	3.565130
0.180560	3.530490
0.180640	3.504520
0.180720	3.469880
0.180800	3.443910
0.180880	3.417930
0.180960	3.365980
0.181040	3.331350
0.181120	3.296710
0.181200	3.236110
0.181280	3.201470
0.181360	3.192810
0.181440	3.192810
0.181520	3.201470
0.181600	3.201470
0.181680	3.210130
0.181760	3.192810
0.181840	3.192810
0.181920	3.184150
0.182000	3.175500
0.182080	3.175500
0.182160	3.158180
0.182240	3.140860
0.182320	3.140860
0.182400	3.140860
0.182480	3.123550
0.182560	3.140860
0.182640	3.132200
0.182720	3.132200
0.182800	3.114890
0.182880	3.114890
0.182960	3.097570
0.183040	3.088910
0.183120	3.071600
0.183200	3.045620
0.183280	3.028300
0.183360	3.010990
0.183440	3.002330
0.183520	2.985010
0.183600	2.985010
0.183680	3.002330
0.183760	3.002330
0.183840	3.002330
0.183920	2.976350
0.184000	2.950380
0.184080	2.933060
0.184160	2.933060
0.184240	2.924400
0.184320	2.907090
0.184400	2.881110
0.184480	2.846480
0.184560	2.829160
0.184640	2.803180
0.184720	2.768550
0.184800	2.751230
0.184880	2.725260
0.184960	2.707940
0.185040	2.673310
0.185120	2.647330
0.185200	2.604040
0.185280	2.586720
0.185360	2.543430
0.185440	2.517460
0.185520	2.474160
0.185600	2.439530
0.185680	2.387580
0.185760	2.361600
0.185840	2.326970
0.185920	2.301000
0.186000	2.275020
0.186080	2.249040
0.186160	2.240390
0.186240	2.214410
0.186320	2.197090
0.186400	2.188440
0.186480	2.188440
0.186560	2.119170
0.186640	2.110510
0.186720	2.075880
0.186800	2.049900
0.186880	2.015270
0.186960	2.006610
0.187040	1.989290
0.187120	1.954660
0.187200	1.911370
0.187280	1.876730
0.187360	1.842100
0.187440	1.833440
0.187520	1.798810
0.187600	1.764170
0.187680	1.729540
0.187760	1.694910
0.187840	1.677590
0.187920	1.660270
0.188000	1.634300
0.188080	1.634300
0.188160	1.634300
0.188240	1.616980
0.188320	1.591000
0.188400	1.556370
0.188480	1.521740
0.188560	1.504420
0.188640	1.478440
0.188720	1.461130
0.188800	1.443810
0.188880	1.400520
0.188960	1.357230
0.189040	1.296620
0.189120	1.261980
0.189200	1.236010
0.189280	1.218690
0.189360	1.210030
0.189440	1.184060
0.189520	1.140770
0.189600	1.106130
0.189680	1.080160
0.189760	1.062840
0.189840	1.028210
0.189920	1.002230
0.190000	0.958939
0.190080	0.898330
0.190160	0.872355
0.190240	0.820404
0.190320	0.785770
0.190400	0.751137
0.190480	0.707845
0.190560	0.673211
0.190640	0.629919
0.190720	0.586627
0.190800	0.560651
0.190880	0.534676
0.190960	0.517359
0.191040	0.508701
0.191120	0.517359
0.191200	0.517359
0.191280	0.526018
0.191360	0.526018
0.191440	0.526018
0.191520	0.526018
0.191600	0.526018
0.191680	0.526018
0.191760	0.526018
0.191840	0.526018
0.191920	0.526018
0.192000	0.543334
0.192080	0.551993
0.192160	0.543334
0.192240	0.526018
0.192320	0.526018
0.192400	0.526018
0.192480	0.500042
0.192560	0.517359
0.192640	0.508701
0.192720	0.500042
0.192800	0.508701
0.192880	0.500042
0.192960	0.491384
0.193040	0.500042
0.193120	0.500042
0.193200	0.526018
0.193280	0.526018
0.193360	0.534676
0.193440	0.569310
0.193520	0.560651
0.193600	0.595285
0.193680	0.595285
0.193760	0.612602
0.193840	0.621260
0.193920	0.629919
0.194000	0.629919
0.194080	0.647236
0.194160	0.638577
0.194240	0.638577
0.194320	0.638577
0.194400	0.629919
0.194480	0.629919
0.194560	0.621260
0.194640	0.603943
0.194720	0.621260
0.194800	0.603943
0.194880	0.569310
0.194960	0.569310
0.195040	0.569310
0.195120	0.551993
0.195200	0.560651
0.195280	0.551993
0.195360	0.534676
0.195440	0.534676
0.195520	0.526018
0.195600	0.526018
0.195680	0.508701
0.195760	0.508701
0.195840	0.491384
0.195920	0.465409
0.196000	0.430775
0.196080	0.430775
0.196160	0.413458
0.196240	0.387483
0.196320	0.370166
0.196400	0.344191
0.196480	0.318215
0.196560	0.274923
0.196640	0.266265
0.196720	0.248948
0.196800	0.240290
0.196880	0.240290
0.196960	0.188339
0.197040	0.162364
0.197120	0.136388
0.197200	0.101754
0.197280	0.084438
0.197360	0.058463
0.197440	0.023829
0.197520	0.023829
0.197600	-0.010805
0.197680	-0.028122
0.197760	-0.062755
0.197840	-0.088731
0.197920	-0.054097
0.198000	-0.080072
0.198080	-0.097389
0.198160	-0.114706
0.198240	-0.140681
0.198320	-0.140681
0.198400	-0.140681
0.198480	-0.149340
0.198560	-0.157998
0.198640	-0.166657
0.198720	-0.183973
0.198800	-0.192632
0.198880	-0.218607
0.198960	-0.209949
0.199040	-0.235924
0.199120	-0.235924
0.199200	-0.235924
0.199280	-0.279216
0.199360	-0.296533
0.199440	-0.331167
0.199520	-0.365800
0.199600	-0.409093
0.199680	-0.435068
0.199760	-0.435068
0.199840	-0.443726
0.199920	-0.435068
0.200000	-0.452385
0.200080	-0.487018
0.200160	-0.504335
0.200240	-0.504335
0.200320	-0.512994
0.200400	-0.521652
0.200480	-0.521652
0.200560	-0.538969
0.200640	-0.582261
0.200720	-0.599578
0.200800	-0.634212
0.200880	-0.660187
0.200960	-0.668845
0.201040	-0.703479
0.201120	-0.720796
0.201200	-0.720796
0.201280	-0.738113
0.201360	-0.764088
0.201440	-0.798722
0.201520	-0.798722
0.201600	-0.824697
0.201680	-0.842014
0.201760	-0.850672
0.201840	-0.859331
0.201920	-0.859331
0.202000	-0.867989
0.202080	-0.876648
0.202160	-0.876648
0.202240	-0.885306
0.202320	-0.885306
0.202400	-0.893964
0.202480	-0.919940
0.202560	-0.919940
0.202640	-0.928598
0.202720	-0.945915
0.202800	-0.937257
0.202880	-0.945915
0.202960	-0.954573
0.203040	-0.980549
0.203120	-0.971890
0.203200	-1.023840
0.203280	-1.032500
0.203360	-1.058470
0.203440	-1.058470
0.203520	-1.049820
0.203600	-1.058470
0.203680	-1.067130
0.203760	-1.067130
0.203840	-1.084450
0.203920	-1.084450
0.204000	-1.084450
0.204080	-1.084450
0.204160	-1.093110
0.204240	-1.093110
0.204320	-1.101770
0.204400	-1.127740
0.204480	-1.136400
0.204560	-1.171030
0.204640	-1.188350
0.204720	-1.214330
0.204800	-1.222980
0.204880	-1.240300
0.204960	-1.248960
0.205040	-1.266280
0.205120	-1.257620
0.205200	-1.266280
0.205280	-1.266280
0.205360	-1.274940
0.205440	-1.257620
0.205520	-1.248960
0.205600	-1.257620
0.205680	-1.240300
0.205760	-1.266280
0.205840	-1.283590
0.205920	-1.283590
0.206000	-1.292250
0.206080	-1.300910
0.206160	-1.309570
0.206240	-1.318230
0.206320	-1.335540
0.206400	-1.370180
0.206480	-1.378840
0.206560	-1.396150
0.206640	-1.396150
0.206720	-1.387490
0.206800	-1.396150
0.206880	-1.404810
0.206960	-1.422130
0.207040	-1.430790
0.207120	-1.439450
0.207200	-1.439450
0.207280	-1.448100
0.207360	-1.465420
0.207440	-1.456760
0.207520	-1.474080
0.207600	-1.482740
0.207680	-1.465420
0.207760	-1.456760
0.207840	-1.448100
0.207920	-1.448100
0.208000	-1.439450
0.208080	-1.439450
0.208160	-1.430790
0.208240	-1.430790
0.208320	-1.422130
0.208400	-1.430790
0.208480	-1.439450
0.208560	-1.439450
0.208640	-1.430790
0.208720	-1.422130
0.208800	-1.413470
0.208880	-1.413470
0.208960	-1.422130
0.209040	-1.439450
0.209120	-1.404810
0.209200	-1.387490
0.209280	-1.378840
0.209360	-1.396150
0.209440	-1.396150
0.209520	-1.404810
0.209600	-1.413470
0.209680	-1.413470
0.209760	-1.387490
0.209840	-1.378840
0.209920	-1.370180
0.210000	-1.370180
0.210080	-1.370180
0.210160	-1.370180
0.210240	-1.352860
0.210320	-1.370180
0.210400	-1.344200
0.210480	-1.318230
0.210560	-1.326890
0.210640	-1.300910
0.210720	-1.292250
0.210800	-1.300910
0.210880	-1.309570
0.210960	-1.318230
0.211040	-1.318230
0.211120	-1.309570
0.211200	-1.309570
0.211280	-1.300910
0.211360	-1.292250
0.211440	-1.266280
0.211520	-1.274940
0.211600	-1.266280
0.211680	-1.257620
0.211760	-1.257620
0.211840	-1.266280
0.211920	-1.257620
0.212000	-1.248960
0.212080	-1.240300
0.212160	-1.231640
0.212240	-1.231640
0.212320	-1.231640
0.212400	-1.222980
0.212480	-1.222980
0.212560	-1.222980
0.212640	-1.257620
0.212720	-1.257620
0.212800	-1.266280
0.212880	-1.274940
0.212960	-1.283590
0.213040	-1.283590
0.213120	-1.266280
0.213200	-1.266280
0.213280	-1.231640
0.213360	-1.222980
0.213440	-1.205670
0.213520	-1.205670
0.213600	-1.188350
0.213680	-1.188350
0.213760	-1.179690
0.213840	-1.153720
0.213920	-1.162380
0.214000	-1.153720
0.214080	-1.136400
0.214160	-1.153720
0.214240	-1.136400
0.214320	-1.127740
0.214400	-1.136400
0.214480	-1.127740
0.214560	-1.153720
0.214640	-1.136400
0.214720	-1.136400
0.214800	-1.127740
0.214880	-1.136400
0.214960	-1.119080
0.215040	-1.119080
0.215120	-1.093110
0.215200	-1.084450
0.215280	-1.084450
0.215360	-1.067130
0.215440	-1.058470
0.215520	-1.049820
0.215600	-1.032500
0.215680	-1.015180
0.215760	-1.023840
0.215840	-1.015180
0.215920	-1.015180
0.216000	-1.015180
0.216080	-1.032500
0.216160	-1.023840
0.216240	-1.032500
0.216320	-1.023840
0.216400	-1.006520
0.216480	-0.997866
0.216560	-0.980549
0.216640	-0.980549
0.216720	-0.954573
0.216800	-0.945915
0.216880	-0.919940
0.216960	-0.902623
0.217040	-0.885306
0.217120	-0.885306
0.217200	-0.876648
0.217280	-0.833355
0.217360	-0.833355
0.217440	-0.824697
0.217520	-0.824697
0.217600	-0.824697
0.217680	-0.824697
0.217760	-0.807380
0.217840	-0.798722
0.217920	-0.798722
0.218000	-0.833355
0.218080	-0.859331
0.218160	-0.850672
0.218240	-0.833355
0.218320	-0.781405
0.218400	-0.772746
0.218480	-0.755430
0.218560	-0.746771
0.218640	-0.720796
0.218720	-0.694821
0.218800	-0.660187
0.218880	-0.634212
0.218960	-0.634212
0.219040	-0.625553
0.219120	-0.625553
0.219200	-0.599578
0.219280	-0.599578
0.219360	-0.582261
0.219440	-0.582261
0.219520	-0.582261
0.219600	-0.573603
0.219680	-0.582261
0.219760	-0.573603
0.219840	-0.556286
0.219920	-0.538969
0.220000	-0.538969
0.220080	-0.530311
0.220160	-0.547627
0.220240	-0.547627
0.220320	-0.538969
0.220400	-0.512994
0.220480	-0.512994
0.220560	-0.495677
0.220640	-0.504335
0.220720	-0.495677
0.220800	-0.504335
0.220880	-0.478360
0.220960	-0.469702
0.221040	-0.487018
0.221120	-0.461043
0.221200	-0.452385
0.221280	-0.435068
0.221360	-0.426409
0.221440	-0.426409
0.221520	-0.426409
0.221600	-0.435068
0.221680	-0.435068
0.221760	-0.443726
0.221840	-0.435068
0.221920	-0.417751
0.222000	-0.391776
0.222080	-0.400434
0.222160	-0.391776
0.222240	-0.417751
0.222320	-0.417751
0.222400	-0.409093
0.222480	-0.391776
0.222560	-0.374459
0.222640	-0.383117
0.222720	-0.391776
0.222800	-0.374459
0.222880	-0.357142
0.222960	-0.339825
0.223040	-0.339825
0.223120	-0.348484
0.223200	-0.365800
0.223280	-0.365800
0.223360	-0.348484
0.223440	-0.322508
0.223520	-0.331167
0.223600	-0.331167
0.223680	-0.322508
0.223760	-0.322508
0.223840	-0.331167
0.223920	-0.313850
0.224000	-0.331167
0.224080	-0.305191
0.224160	-0.296533
0.224240	-0.296533
0.224320	-0.279216
0.224400	-0.261899
0.224480	-0.253241
0.224560	-0.235924
0.224640	-0.218607
0.224720	-0.227266
0.224800	-0.218607
0.224880	-0.201290
0.224960	-0.192632
0.225040	-0.183973
0.225120	-0.183973
0.225200	-0.192632
0.225280	-0.183973
0.225360	-0.183973
0.225440	-0.175315
0.225520	-0.157998
0.225600	-0.157998
0.225680	-0.123364
0.225760	-0.123364
0.225840	-0.114706
0.225920	-0.088731
0.226000	-0.071414
0.226080	-0.071414
0.226160	-0.062755
0.226240	-0.028122
0.226320	-0.028122
0.226400	-0.019463
0.226480	0.023829
0.226560	0.023829
0.226640	0.032487
0.226720	0.058463
0.226800	0.049804
0.226880	0.075779
0.226960	0.084438
0.227040	0.075779
0.227120	0.093096
0.227200	0.093096
0.227280	0.101754
0.227360	0.119071
0.227440	0.127730
0.227520	0.127730
0.227600	0.153705
0.227680	0.153705
0.227760	0.153705
0.227840	0.162364
0.227920	0.162364
0.228000	0.179681
0.228080	0.188339
0.228160	0.205656
0.228240	0.222973
0.228320	0.222973
0.228400	0.222973
0.228480	0.222973
0.228560	0.222973
0.228640	0.222973
0.228720	0.214314
0.228800	0.231631
0.228880	0.240290
0.228960	0.248948
0.229040	0.257606
0.229120	0.266265
0.229200	0.274923
0.229280	0.274923
0.229360	0.266265
0.229440	0.248948
0.229520	0.274923
0.229600	0.292240
0.229680	0.292240
0.229760	0.300899
0.229840	0.300899
0.229920	0.309557
0.230000	0.318215
0.230080	0.309557
0.230160	0.326874
0.230240	0.318215
0.230320	0.300899
0.230400	0.300899
0.230480	0.292240
0.230560	0.283582
0.230640	0.300899
0.230720	0.292240
0.230800	0.309557
0.230880	0.292240
0.230960	0.292240
0.231040	0.292240
0.231120	0.266265
0.231200	0.309557
0.231280	0.283582
0.231360	0.283582
0.231440	0.300899
0.231520	0.292240
0.231600	0.292240
0.231680	0.292240
0.231760	0.266265
0.231840	0.274923
0.231920	0.257606
0.232000	0.266265
0.232080	0.266265
0.232160	0.248948
0.232240	0.257606
0.232320	0.248948
0.232400	0.248948
0.232480	0.240290
0.232560	0.248948
0.232640	0.257606
0.232720	0.257606
0.232800	0.240290
0.232880	0.222973
0.232960	0.231631
0.233040	0.222973
0.233120	0.222973
0.233200	0.214314
0.233280	0.214314
0.233360	0.205656
0.233440	0.214314
0.233520	0.222973
0.233600	0.205656
0.233680	0.214314
0.233760	0.196997
0.233840	0.205656
0.233920	0.196997
0.234000	0.214314
0.234080	0.222973
0.234160	0.205656
0.234240	0.205656
0.234320	0.205656
0.234400	0.205656
0.234480	0.196997
0.234560	0.196997
0.234640	0.196997
0.234720	0.205656
0.234800	0.188339
0.234880	0.205656
0.234960	0.196997
0.235040	0.205656
0.235120	0.214314
0.235200	0.188339
0.235280	0.196997
0.235360	0.179681
0.235440	0.171022
0.235520	0.171022
0.235600	0.162364
0.235680	0.145047
0.235760	0.145047
0.235840	0.145047
0.235920	0.153705
0.236000	0.145047
0.236080	0.145047
0.236160	0.145047
0.236240	0.136388
0.236320	0.127730
0.236400	0.153705
0.236480	0.127730
0.236560	0.127730
0.236640	0.101754
0.236720	0.058463
0.236800	0.015170
0.236880	-0.019463
0.236960	0.006512
0.237040	0.058463
0.237120	0.136388
0.237200	0.188339
0.237280	0.222973
0.237360	0.231631
0.237440	0.240290
0.237520	0.231631
0.237600	0.214314
0.237680	0.205656
0.237760	0.179681
0.237840	0.171022
0.237920	0.171022
0.238000	0.179681
0.238080	0.179681
0.238160	0.188339
0.238240	0.205656
0.238320	0.196997
0.238400	0.222973
0.238480	0.214314
0.238560	0.214314
0.238640	0.214314
0.238720	0.231631
0.238800	0.222973
0.238880	0.222973
0.238960	0.222973
0.239040	0.240290
0.239120	0.222973
0.239200	0.222973
0.239280	0.222973
0.239360	0.240290
0.239440	0.222973
0.239520	0.248948
0.239600	0.248948
0.239680	0.248948
0.239760	0.248948
0.239840	0.257606
0.239920	0.257606
0.240000	0.274923
0.240080	0.257606
0.240160	0.274923
0.240240	0.274923
0.240320	0.266265
0.240400	0.274923
0.240480	0.274923
0.240560	0.266265
0.240640	0.283582
0.240720	0.283582
0.240800	0.292240
0.240880	0.292240
0.240960	0.300899
0.241040	0.283582
0.241120	0.283582
0.241200	0.274923
0.241280	0.266265
0.241360	0.266265
0.241440	0.300899
0.241520	0.292240
0.241600	0.283582
0.241680	0.300899
0.241760	0.292240
0.241840	0.292240
0.241920	0.318215
0.242000	0.326874
0.242080	0.344191
0.242160	0.344191
0.242240	0.370166
0.242320	0.344191
0.242400	0.335532
0.242480	0.352849
0.242560	0.370166
0.242640	0.361508
0.242720	0.378824
0.242800	0.396141
0.242880	0.387483
0.242960	0.413458
0.243040	0.430775
0.243120	0.430775
0.243200	0.439433
0.243280	0.465409
0.243360	0.439433
0.243440	0.465409
0.243520	0.474067
0.243600	0.474067
0.243680	0.474067
0.243760	0.474067
0.243840	0.474067
0.243920	0.482725
0.244000	0.500042
0.244080	0.508701
0.244160	0.526018
0.244240	0.526018
0.244320	0.534676
0.244400	0.543334
0.244480	0.560651
0.244560	0.569310
0.244640	0.577968
0.244720	0.595285
0.244800	0.595285
0.244880	0.603943
0.244960	0.629919
0.245040	0.638577
0.245120	0.664553
0.245200	0.681869
0.245280	0.690528
0.245360	0.707845
0.245440	0.707845
0.245520	0.733820
0.245600	0.742478
0.245680	0.777112
0.245760	0.794429
0.245840	0.803087
0.245920	0.829063
0.246000	0.837721
0.246080	0.837721
0.246160	0.863696
0.246240	0.898330
0.246320	0.906988
0.246400	0.924305
0.246480	0.932964
0.246560	0.932964
0.246640	0.967597
0.246720	0.984914
0.246800	1.002230
0.246880	1.028210
0.246960	1.019550
0.247040	1.045520
0.247120	1.062840
0.247200	1.080160
0.247280	1.088820
0.247360	1.106130
0.247440	1.123450
0.247520	1.132110
0.247600	1.140770
0.247680	1.106130
0.247760	1.175400
0.247840	1.192720
0.247920	1.236010
0.248000	1.218690
0.248080	1.227350
0.248160	1.253330
0.248240	1.261980
0.248320	1.279300
0.248400	1.305280
0.248480	1.305280
0.248560	1.322590
0.248640	1.357230
0.248720	1.374540
0.248800	1.400520
0.248880	1.391860
0.248960	1.417840
0.249040	1.443810
0.249120	1.461130
0.249200	1.487100
0.249280	1.504420
0.249360	1.513080
0.249440	1.539050
0.249520	1.530400
0.249600	1.556370
0.249680	1.582350
0.249760	1.599660
0.249840	1.625640
0.249920	1.642950
0.250000	1.651610
0.250080	1.686250
0.250160	1.686250
0.250240	1.712220
0.250320	1.746860
0.250400	1.781490
0.250480	1.798810
0.250560	1.807460
0.250640	1.816120
0.250720	1.824780
0.250800	1.850760
0.250880	1.885390
0.250960	1.920020
0.251040	1.954660
0.251120	1.971980
0.251200	1.997950
0.251280	2.006610
0.251360	2.041240
0.251440	2.058560
0.251520	2.075880
0.251600	2.101850
0.251680	2.119170
0.251760	2.136490
0.251840	2.162460
0.251920	2.188440
0.252000	2.197090
0.252080	2.249040
0.252160	2.309650
0.252240	2.352950
0.252320	2.396240
0.252400	2.378920
0.252480	2.378920
0.252560	2.352950
0.252640	2.352950
0.252720	2.378920
0.252800	2.404900
0.252880	2.439530
0.252960	2.465510
0.253040	2.491480
0.253120	2.543430
0.253200	2.552090
0.253280	2.586720
0.253360	2.604040
0.253440	2.612700
0.253520	2.655990
0.253600	2.681970
0.253680	2.699280
0.253760	2.742580
0.253840	2.742580
0.253920	2.768550
0.254000	2.768550
0.254080	2.820500
0.254160	2.837820
0.254240	2.881110
0.254320	2.907090
0.254400	2.915740
0.254480	2.924400
0.254560	2.950380
0.254640	2.933060
0.254720	2.950380
0.254800	2.976350
0.254880	2.993670
0.254960	3.036960
0.255040	3.028300
0.255120	3.054280
0.255200	3.054280
0.255280	3.062940
0.255360	3.071600
0.255440	3.080250
0.255520	3.114890
0.255600	3.140860
0.255680	3.166840
0.255760	3.201470
0.255840	3.201470
0.255920	3.227450
0.256000	3.244760
0.256080	3.253420
0.256160	3.270740
0.256240	3.270740
0.256320	3.296710
0.256400	3.296710
0.256480	3.305370
0.256560	3.340010
0.256640	3.348660
0.256720	3.365980
0.256800	3.365980
0.256880	3.374640
0.256960	3.409270
0.257040	3.426590
0.257120	3.461220
0.257200	3.478540
0.257280	3.487200
0.257360	3.495860
0.257440	3.521830
0.257520	3.521830
0.257600	3.547810
0.257680	3.573780
0.257760	3.582440
0.257840	3.582440
0.257920	3.617080
0.258000	3.643050
0.258080	3.643050
0.258160	3.677690
0.258240	3.686340
0.258320	3.712320
0.258400	3.720980
0.258480	3.720980
0.258560	3.729640
0.258640	3.746950
0.258720	3.746950
0.258800	3.764270
0.258880	3.772930
0.258960	3.790240
0.259040	3.807560
0.259120	3.833540
0.259200	3.833540
0.259280	3.850850
0.259360	3.842200
0.259440	3.850850
0.259520	3.850850
0.259600	3.868170
0.259680	3.859510
0.259760	3.885490
0.259840	3.876830
0.259920	3.885490
0.260000	3.894150
0.260080	3.894150
0.260160	3.894150
0.260240	3.902800
0.260320	3.902800
0.260400	3.920120
0.260480	3.911460
0.260560	3.928780
0.260640	3.920120
0.260720	3.937440
0.260800	3.928780
0.260880	3.946100
0.260960	3.963410
0.261040	3.954750
0.261120	3.963410
0.261200	3.972070
0.261280	3.980730
0.261360	3.989390
0.261440	3.998050
0.261520	4.015360
0.261600	4.006710
0.261680	4.015360
0.261760	4.024020
0.261840	4.024020
0.261920	4.050000
0.262000	4.058660
0.262080	4.058660
0.262160	4.067310
0.262240	4.084630
0.262320	4.075970
0.262400	4.110610
0.262480	4.101950
0.262560	4.093290
0.262640	4.101950
0.262720	4.093290
0.262800	4.110610
0.262880	4.119260
0.262960	4.119260
0.263040	4.145240
0.263120	4.153900
0.263200	4.162560
0.263280	4.171220
0.263360	4.153900
0.263440	4.162560
0.263520	4.188530
0.263600	4.197190
0.263680	4.188530
0.263760	4.188530
0.263840	4.188530
0.263920	4.188530
0.264000	4.197190
0.264080	4.231820
0.264160	4.231820
0.264240	4.231820
0.264320	4.240480
0.264400	4.223170
0.264480	4.214510
0.264560	4.214510
0.264640	4.214510
0.264720	4.223170
0.264800	4.240480
0.264880	4.240480
0.264960	4.223170
0.265040	4.223170
0.265120	4.223170
0.265200	4.231820
0.265280	4.249140
0.265360	4.240480
0.265440	4.214510
0.265520	4.214510
0.265600	4.231820
0.265680	4.171220
0.265760	4.188530
0.265840	4.197190
0.265920	4.197190
0.266000	4.197190
0.266080	4.188530
0.266160	4.171220
0.266240	4.145240
0.266320	4.136580
0.266400	4.127920
0.266480	4.145240
0.266560	4.145240
0.266640	4.119260
0.266720	4.101950
0.266800	4.084630
0.266880	4.075970
0.266960	4.075970
0.267040	4.075970
0.267120	4.075970
0.267200	4.067310
0.267280	4.050000
0.267360	4.050000
0.267440	4.032680
0.267520	4.006710
0.267600	3.989390
0.267680	3.998050
0.267760	4.006710
0.267840	4.006710
0.267920	4.006710
0.268000	3.989390
0.268080	3.972070
0.268160	3.946100
0.268240	3.937440
0.268320	3.928780
0.268400	3.920120
0.268480	3.920120
0.268560	3.920120
0.268640	3.902800
0.268720	3.911460
0.268800	3.902800
0.268880	3.894150
0.268960	3.876830
0.269040	3.868170
0.269120	3.842200
0.269200	3.833540
0.269280	3.833540
0.269360	3.842200
0.269440	3.807560
0.269520	3.807560
0.269600	3.781590
0.269680	3.781590
0.269760	3.790240
0.269840	3.764270
0.269920	3.781590
0.270000	3.755610
0.270080	3.755610
0.270160	3.738290
0.270240	3.729640
0.270320	3.703660
0.270400	3.703660
0.270480	3.695000
0.270560	3.695000
0.270640	3.677690
0.270720	3.677690
0.270800	3.651710
0.270880	3.643050
0.270960	3.625730
0.271040	3.608420
0.271120	3.617080
0.271200	3.599760
0.271280	3.582440
0.271360	3.556470
0.271440	3.547810
0.271520	3.521830
0.271600	3.495860
0.271680	3.495860
0.271760	3.478540
0.271840	3.469880
0.271920	3.452570
0.272000	3.443910
0.272080	3.426590
0.272160	3.409270
0.272240	3.409270
0.272320	3.374640
0.272400	3.348660
0.272480	3.340010
0.272560	3.314030
0.272640	3.314030
0.272720	3.296710
0.272800	3.270740
0.272880	3.253420
0.272960	3.262080
0.273040	3.236110
0.273120	3.218790
0.273200	3.201470
0.273280	3.175500
0.273360	3.158180
0.273440	3.140860
0.273520	3.114890
0.273600	3.123550
0.273680	3.114890
0.273760	3.097570
0.273840	3.062940
0.273920	3.054280
0.274000	3.036960
0.274080	3.019640
0.274160	3.010990
0.274240	2.993670
0.274320	2.976350
0.274400	2.959040
0.274480	2.941720
0.274560	2.950380
0.274640	2.941720
0.274720	2.959040
0.274800	2.941720
0.274880	2.933060
0.274960	2.907090
0.275040	2.915740
0.275120	2.907090
0.275200	2.907090
0.275280	2.898430
0.275360	2.889770
0.275440	2.881110
0.275520	2.846480
0.275600	2.829160
0.275680	2.829160
0.275760	2.803180
0.275840	2.785870
0.275920	2.751230
0.276000	2.742580
0.276080	2.742580
0.276160	2.733920
0.276240	2.716600
0.276320	2.716600
0.276400	2.699280
0.276480	2.681970
0.276560	2.690620
0.276640	2.655990
0.276720	2.630020
0.276800	2.621360
0.276880	2.604040
0.276960	2.578060
0.277040	2.552090
0.277120	2.508800
0.277200	2.482820
0.277280	2.465510
0.277360	2.439530
0.277440	2.413550
0.277520	2.378920
0.277600	2.361600
0.277680	2.344290
0.277760	2.309650
0.277840	2.283680
0.277920	2.249040
0.278000	2.231730
0.278080	2.214410
0.278160	2.188440
0.278240	2.188440
0.278320	2.127830
0.278400	2.101850
0.278480	2.067220
0.278560	2.049900
0.278640	2.015270
0.278720	1.989290
0.278800	1.971980
0.278880	1.971980
0.278960	1.937340
0.279040	1.920020
0.279120	1.885390
0.279200	1.859420
0.279280	1.842100
0.279360	1.807460
0.279440	1.790150
0.279520	1.764170
0.279600	1.746860
0.279680	1.720880
0.279760	1.694910
0.279840	1.668930
0.279920	1.642950
0.280000	1.634300
0.280080	1.608320
0.280160	1.573690
0.280240	1.547710
0.280320	1.530400
0.280400	1.495760
0.280480	1.487100
0.280560	1.461130
0.280640	1.435150
0.280720	1.417840
0.280800	1.400520
0.280880	1.391860
0.280960	1.383200
0.281040	1.374540
0.281120	1.348570
0.281200	1.279300
0.281280	1.279300
0.281360	1.253330
0.281440	1.236010
0.281520	1.218690
0.281600	1.184060
0.281680	1.166740
0.281760	1.166740
0.281840	1.140770
0.281920	1.132110
0.282000	1.106130
0.282080	1.080160
0.282160	1.080160
0.282240	1.054180
0.282320	1.054180
0.282400	1.045520
0.282480	1.028210
0.282560	1.028210
0.282640	0.984914
0.282720	0.967597
0.282800	0.950281
0.282880	0.941622
0.282960	0.924305
0.283040	0.924305
0.283120	0.889672
0.283200	0.889672
0.283280	0.855038
0.283360	0.863696
0.283440	0.837721
0.283520	0.811746
0.283600	0.803087
0.283680	0.803087
0.283760	0.803087
0.283840	0.803087
0.283920	0.794429
0.284000	0.768454
0.284080	0.742478
0.284160	0.733820
0.284240	0.742478
0.284320	0.742478
0.284400	0.733820
0.284480	0.751137
0.284560	0.733820
0.284640	0.742478
0.284720	0.742478
0.284800	0.733820
0.284880	0.725161
0.284960	0.725161
0.285040	0.716503
0.285120	0.716503
0.285200	0.716503
0.285280	0.716503
0.285360	0.707845
0.285440	0.725161
0.285520	0.716503
0.285600	0.725161
0.285680	0.716503
0.285760	0.716503
0.285840	0.716503
0.285920	0.707845
0.286000	0.716503
0.286080	0.707845
0.286160	0.725161
0.286240	0.725161
0.286320	0.742478
0.286400	0.751137
0.286480	0.751137
0.286560	0.733820
0.286640	0.751137
0.286720	0.725161
0.286800	0.733820
0.286880	0.742478
0.286960	0.742478
0.287040	0.759795
0.287120	0.785770
0.287200	0.777112
0.287280	0.785770
0.287360	0.785770
0.287440	0.785770
0.287520	0.777112
0.287600	0.803087
0.287680	0.794429
0.287760	0.811746
0.287840	0.803087
0.287920	0.811746
0.288000	0.846379
0.288080	0.846379
0.288160	0.855038
0.288240	0.837721
0.288320	0.837721
0.288400	0.863696
0.288480	0.863696
0.288560	0.855038
0.288640	0.881013
0.288720	0.889672
0.288800	0.898330
0.288880	0.889672
0.288960	0.881013
0.289040	0.898330
0.289120	0.906988
0.289200	0.915647
0.289280	0.932964
0.289360	0.941622
0.289440	0.950281
0.289520	0.976256
0.289600	0.976256
0.289680	0.984914
0.289760	1.019550
0.289840	1.028210
0.289920	1.054180
0.290000	1.080160
0.290080	1.080160
0.290160	1.080160
0.290240	1.097470
0.290320	1.106130
0.290400	1.132110
0.290480	1.166740
0.290560	1.175400
0.290640	1.201380
0.290720	1.201380
0.290800	1.210030
0.290880	1.227350
0.290960	1.253330
0.291040	1.287960
0.291120	1.296620
0.291200	1.305280
0.291280	1.331250
0.291360	1.357230
0.291440	1.365890
0.291520	1.383200
0.291600	1.400520
0.291680	1.435150
0.291760	1.443810
0.291840	1.435150
0.291920	1.461130
0.292000	1.487100
0.292080	1.495760
0.292160	1.521740
0.292240	1.539050
0.292320	1.547710
0.292400	1.573690
0.292480	1.599660
0.292560	1.616980
0.292640	1.634300
0.292720	1.651610
0.292800	1.686250
0.292880	1.720880
0.292960	1.729540
0.293040	1.746860
0.293120	1.772830
0.293200	1.798810
0.293280	1.807460
0.293360	1.824780
0.293440	1.859420
0.293520	1.868070
0.293600	1.885390
0.293680	1.920020
0.293760	1.946000
0.293840	1.963320
0.293920	1.989290
0.294000	1.997950
0.294080	2.006610
0.294160	2.023930
0.294240	2.058560
0.294320	2.075880
0.294400	2.084530
0.294480	2.110510
0.294560	2.119170
0.294640	2.145140
0.294720	2.145140
0.294800	2.188440
0.294880	2.188440
0.294960	2.223070
0.295040	2.257700
0.295120	2.266360
0.295200	2.283680
0.295280	2.275020
0.295360	2.318310
0.295440	2.318310
0.295520	2.352950
0.295600	2.370260
0.295680	2.396240
0.295760	2.396240
0.295840	2.422210
0.295920	2.430870
0.296000	2.439530
0.296080	2.482820
0.296160	2.482820
0.296240	2.482820
0.296320	2.508800
0.296400	2.517460
0.296480	2.534770
0.296560	2.543430
0.296640	2.560750
0.296720	2.560750
0.296800	2.595380
0.296880	2.612700
0.296960	2.621360
0.297040	2.604040
0.297120	2.621360
0.297200	2.621360
0.297280	2.630020
0.297360	2.655990
0.297440	2.664650
0.297520	2.690620
0.297600	2.699280
0.297680	2.699280
0.297760	2.725260
0.297840	2.707940
0.297920	2.742580
0.298000	2.751230
0.298080	2.751230
0.298160	2.777210
0.298240	2.768550
0.298320	2.794530
0.298400	2.794530
0.298480	2.829160
0.298560	2.829160
0.298640	2.855130
0.298720	2.837820
0.298800	2.855130
0.298880	2.898430
0.298960	2.898430
0.299040	2.933060
0.299120	2.924400
0.299200	2.933060
0.299280	2.933060
0.299360	2.950380
0.299440	2.967690
0.299520	2.976350
0.299600	2.985010
0.299680	2.976350
0.299760	2.993670
0.299840	3.019640
0.299920	3.010990
0.300000	3.010990
0.300080	3.028300
0.300160	3.036960
0.300240	3.054280
0.300320	3.071600
0.300400	3.080250
0.300480	3.080250
0.300560	3.088910
0.300640	3.088910
0.300720	3.106230
0.300800	3.106230
0.300880	3.123550
0.300960	3.123550
0.301040	3.123550
0.301120	3.106230
0.301200	3.123550
0.301280	3.140860
0.301360	3.140860
0.301440	3.158180
0.301520	3.166840
0.301600	3.166840
0.301680	3.158180
0.301760	3.175500
0.301840	3.192810
0.301920	3.210130
0.302000	3.218790
0.302080	3.236110
0.302160	3.244760
0.302240	3.236110
0.302320	3.236110
0.302400	3.236110
0.302480	3.236110
0.302560	3.236110
0.302640	3.253420
0.302720	3.253420
0.302800	3.244760
0.302880	3.262080
0.302960	3.270740
0.303040	3.270740
0.303120	3.296710
0.303200	3.296710
0.303280	3.270740
0.303360	3.296710
0.303440	3.270740
0.303520	3.270740
0.303600	3.296710
0.303680	3.296710
0.303760	3.314030
0.303840	3.314030
0.303920	3.331350
0.304000	3.340010
0.304080	3.348660
0.304160	3.348660
0.304240	3.348660
0.304320	3.348660
0.304400	3.374640
0.304480	3.374640
0.304560	3.383300
0.304640	3.400620
0.304720	3.409270
0.304800	3.409270
0.304880	3.417930
0.304960	3.400620
0.305040	3.417930
0.305120	3.417930
0.305200	3.426590
0.305280	3.435250
0.305360	3.443910
0.305440	3.435250
0.305520	3.435250
0.305600	3.443910
0.305680	3.452570
0.305760	3.452570
0.305840	3.469880
0.305920	3.478540
0.306000	3.487200
0.306080	3.478540
0.306160	3.469880
0.306240	3.461220
0.306320	3.478540
0.306400	3.461220
0.306480	3.461220
0.306560	3.461220
0.306640	3.452570
0.306720	3.452570
0.306800	3.469880
0.306880	3.461220
0.306960	3.469880
0.307040	3.452570
0.307120	3.469880
0.307200	3.461220
0.307280	3.461220
0.307360	3.452570
0.307440	3.435250
0.307520	3.443910
0.307600	3.435250
0.307680	3.461220
0.307760	3.452570
0.307840	3.452570
0.307920	3.452570
0.308000	3.435250
0.308080	3.417930
0.308160	3.409270
0.308240	3.400620
0.308320	3.409270
0.308400	3.383300
0.308480	3.409270
0.308560	3.400620
0.308640	3.391960
0.308720	3.391960
0.308800	3.391960
0.308880	3.374640
0.308960	3.383300
0.309040	3.383300
0.309120	3.383300
0.309200	3.383300
0.309280	3.383300
0.309360	3.383300
0.309440	3.374640
0.309520	3.391960
0.309600	3.391960
0.309680	3.400620
0.309760	3.400620
0.309840	3.400620
0.309920	3.409270
0.310000	3.409270
