-0.020000	-0.010614
-0.019920	0.052142
-0.019840	-0.010614
-0.019760	-0.010614
-0.019680	-0.041992
-0.019600	-0.073370
-0.019520	-0.010614
-0.019440	-0.010614
-0.019360	-0.010614
-0.019280	-0.010614
-0.019200	-0.010614
-0.019120	0.020764
-0.019040	0.052142
-0.018960	0.052142
-0.018880	-0.010614
-0.018800	0.020764
-0.018720	-0.010614
-0.018640	-0.010614
-0.018560	0.052142
-0.018480	-0.010614
-0.018400	-0.041992
-0.018320	-0.010614
-0.018240	-0.010614
-0.018160	-0.010614
-0.018080	0.020764
-0.018000	-0.010614
-0.017920	0.020764
-0.017840	-0.010614
-0.017760	0.020764
-0.017680	-0.010614
-0.017600	0.020764
-0.017520	-0.010614
-0.017440	-0.010614
-0.017360	0.020764
-0.017280	0.020764
-0.017200	0.052142
-0.017120	0.020764
-0.017040	-0.010614
-0.016960	-0.010614
-0.016880	-0.010614
-0.016800	-0.010614
-0.016720	-0.041992
-0.016640	-0.010614
-0.016560	-0.010614
-0.016480	-0.010614
-0.016400	-0.010614
-0.016320	-0.010614
-0.016240	-0.041992
-0.016160	-0.041992
-0.016080	0.020764
-0.016000	0.020764
-0.015920	-0.010614
-0.015840	0.020764
-0.015760	-0.010614
-0.015680	0.020764
-0.015600	0.020764
-0.015520	-0.041992
-0.015440	-0.010614
-0.015360	-0.010614
-0.015280	-0.010614
-0.015200	-0.041992
-0.015120	0.020764
-0.015040	-0.041992
-0.014960	0.020764
-0.014880	-0.010614
-0.014800	-0.010614
-0.014720	0.020764
-0.014640	-0.010614
-0.014560	-0.041992
-0.014480	-0.041992
-0.014400	-0.041992
-0.014320	-0.010614
-0.014240	-0.041992
-0.014160	-0.010614
-0.014080	0.020764
-0.014000	-0.041992
-0.013920	-0.041992
-0.013840	-0.010614
-0.013760	0.020764
-0.013680	-0.010614
-0.013600	-0.010614
-0.013520	-0.010614
-0.013440	0.020764
-0.013360	0.052142
-0.013280	-0.041992
-0.013200	0.052142
-0.013120	-0.010614
-0.013040	0.083519
-0.012960	0.020764
-0.012880	0.083519
-0.012800	0.020764
-0.012720	0.052142
-0.012640	-0.010614
-0.012560	0.083519
-0.012480	0.020764
-0.012400	0.020764
-0.012320	0.020764
-0.012240	-0.010614
-0.012160	0.020764
-0.012080	0.052142
-0.012000	0.020764
-0.011920	-0.010614
-0.011840	0.020764
-0.011760	0.052142
-0.011680	0.052142
-0.011600	0.020764
-0.011520	0.052142
-0.011440	-0.010614
-0.011360	0.052142
-0.011280	-0.010614
-0.011200	0.020764
-0.011120	-0.010614
-0.011040	0.020764
-0.010960	-0.010614
-0.010880	0.052142
-0.010800	0.052142
-0.010720	0.020764
-0.010640	0.052142
-0.010560	0.052142
-0.010480	0.083519
-0.010400	0.083519
-0.010320	0.052142
-0.010240	0.052142
-0.010160	0.052142
-0.010080	0.083519
-0.010000	0.020764
-0.009920	0.020764
-0.009840	0.052142
-0.009760	0.052142
-0.009680	0.083519
-0.009600	-0.010614
-0.009520	0.083519
-0.009440	0.083519
-0.009360	0.083519
-0.009280	0.114897
-0.009200	0.114897
-0.009120	0.052142
-0.009040	0.052142
-0.008960	0.114897
-0.008880	0.052142
-0.008800	0.083519
-0.008720	0.146275
-0.008640	0.052142
-0.008560	0.114897
-0.008480	0.083519
-0.008400	0.083519
-0.008320	0.083519
-0.008240	0.083519
-0.008160	0.114897
-0.008080	0.114897
-0.008000	0.083519
-0.007920	0.114897
-0.007840	0.052142
-0.007760	0.083519
-0.007680	0.114897
-0.007600	0.083519
-0.007520	0.083519
-0.007440	0.114897
-0.007360	0.083519
-0.007280	0.146275
-0.007200	0.052142
-0.007120	0.083519
-0.007040	0.083519
-0.006960	0.114897
-0.006880	0.146275
-0.006800	0.114897
-0.006720	0.146275
-0.006640	0.114897
-0.006560	0.114897
-0.006480	0.114897
-0.006400	0.114897
-0.006320	0.114897
-0.006240	0.114897
-0.006160	0.020764
-0.006080	0.083519
-0.006000	0.052142
-0.005920	0.177653
-0.005840	0.177653
-0.005760	0.052142
-0.005680	0.209031
-0.005600	0.177653
-0.005520	0.114897
-0.005440	0.114897
-0.005360	0.114897
-0.005280	0.114897
-0.005200	0.114897
-0.005120	0.083519
-0.005040	0.146275
-0.004960	0.083519
-0.004880	0.083519
-0.004800	0.114897
-0.004720	0.114897
-0.004640	0.146275
-0.004560	0.146275
-0.004480	0.114897
-0.004400	0.083519
-0.004320	0.083519
-0.004240	0.083519
-0.004160	0.114897
-0.004080	0.146275
-0.004000	0.146275
-0.003920	0.146275
-0.003840	0.114897
-0.003760	0.114897
-0.003680	0.146275
-0.003600	0.114897
-0.003520	0.177653
-0.003440	0.114897
-0.003360	0.177653
-0.003280	0.052142
-0.003200	0.083519
-0.003120	0.177653
-0.003040	0.146275
-0.002960	0.146275
-0.002880	0.146275
-0.002800	0.114897
-0.002720	0.146275
-0.002640	0.240408
-0.002560	0.177653
-0.002480	0.209031
-0.002400	0.146275
-0.002320	0.146275
-0.002240	0.146275
-0.002160	0.177653
-0.002080	0.177653
-0.002000	0.177653
-0.001920	0.177653
-0.001840	0.177653
-0.001760	0.146275
-0.001680	0.146275
-0.001600	0.114897
-0.001520	0.177653
-0.001440	0.177653
-0.001360	0.177653
-0.001280	0.177653
-0.001200	0.177653
-0.001120	0.146275
-0.001040	0.146275
-0.000960	0.146275
-0.000880	0.146275
-0.000800	0.146275
-0.000720	0.114897
-0.000640	0.146275
-0.000560	0.114897
-0.000480	0.146275
-0.000400	0.146275
-0.000320	0.177653
-0.000240	0.083519
-0.000160	0.114897
-0.000080	0.083519
0.000000	0.146275
0.000080	0.146275
0.000160	0.177653
0.000240	0.177653
0.000320	0.146275
0.000400	0.146275
0.000480	0.177653
0.000560	0.114897
0.000640	0.114897
0.000720	0.146275
0.000800	0.146275
0.000880	0.209031
0.000960	0.177653
0.001040	0.177653
0.001120	0.146275
0.001200	0.146275
0.001280	0.146275
0.001360	0.209031
0.001440	0.146275
0.001520	0.146275
0.001600	0.146275
0.001680	0.146275
0.001760	0.146275
0.001840	0.177653
0.001920	0.177653
0.002000	0.177653
0.002080	0.177653
0.002160	0.146275
0.002240	0.177653
0.002320	0.177653
0.002400	0.177653
0.002480	0.146275
0.002560	0.146275
0.002640	0.146275
0.002720	0.177653
0.002800	0.209031
0.002880	0.209031
0.002960	0.209031
0.003040	0.146275
0.003120	0.177653
0.003200	0.177653
0.003280	0.177653
0.003360	0.146275
0.003440	0.177653
0.003520	0.209031
0.003600	0.177653
0.003680	0.177653
0.003760	0.146275
0.003840	0.209031
0.003920	0.146275
0.004000	0.146275
0.004080	0.209031
0.004160	0.209031
0.004240	0.146275
0.004320	0.177653
0.004400	0.177653
0.004480	0.209031
0.004560	0.209031
0.004640	0.209031
0.004720	0.146275
0.004800	0.177653
0.004880	0.177653
0.004960	0.146275
0.005040	0.146275
0.005120	0.146275
0.005200	0.177653
0.005280	0.209031
0.005360	0.146275
0.005440	0.177653
0.005520	0.177653
0.005600	0.177653
0.005680	0.209031
0.005760	0.177653
0.005840	0.146275
0.005920	0.209031
0.006000	0.177653
0.006080	0.209031
0.006160	0.177653
0.006240	0.209031
0.006320	0.177653
0.006400	0.146275
0.006480	0.177653
0.006560	0.146275
0.006640	0.114897
0.006720	0.177653
0.006800	0.177653
0.006880	0.177653
0.006960	0.146275
0.007040	0.209031
0.007120	0.177653
0.007200	0.146275
0.007280	0.146275
0.007360	0.146275
0.007440	0.177653
0.007520	0.177653
0.007600	0.209031
0.007680	0.209031
0.007760	0.146275
0.007840	0.240408
0.007920	0.114897
0.008000	0.177653
0.008080	0.177653
0.008160	0.209031
0.008240	0.209031
0.008320	0.177653
0.008400	0.177653
0.008480	0.177653
0.008560	0.177653
0.008640	0.177653
0.008720	0.177653
0.008800	0.146275
0.008880	0.146275
0.008960	0.177653
0.009040	0.209031
0.009120	0.177653
0.009200	0.177653
0.009280	0.209031
0.009360	0.209031
0.009440	0.177653
0.009520	0.177653
0.009600	0.177653
0.009680	0.146275
0.009760	0.177653
0.009840	0.240408
0.009920	0.240408
0.010000	0.209031
0.010080	0.240408
0.010160	0.209031
0.010240	0.177653
0.010320	0.177653
0.010400	0.240408
0.010480	0.209031
0.010560	0.177653
0.010640	0.240408
0.010720	0.240408
0.010800	0.240408
0.010880	0.240408
0.010960	0.303164
0.011040	0.271786
0.011120	0.303164
0.011200	0.271786
0.011280	0.240408
0.011360	0.271786
0.011440	0.271786
0.011520	0.240408
0.011600	0.240408
0.011680	0.303164
0.011760	0.209031
0.011840	0.303164
0.011920	0.334542
0.012000	0.303164
0.012080	0.365920
0.012160	0.334542
0.012240	0.271786
0.012320	0.334542
0.012400	0.334542
0.012480	0.271786
0.012560	0.209031
0.012640	0.303164
0.012720	0.240408
0.012800	0.365920
0.012880	0.303164
0.012960	0.334542
0.013040	0.397297
0.013120	0.303164
0.013200	0.271786
0.013280	0.334542
0.013360	0.303164
0.013440	0.365920
0.013520	0.334542
0.013600	0.334542
0.013680	0.334542
0.013760	0.365920
0.013840	0.334542
0.013920	0.271786
0.014000	0.271786
0.014080	0.209031
0.014160	0.240408
0.014240	0.271786
0.014320	0.303164
0.014400	0.303164
0.014480	0.303164
0.014560	0.303164
0.014640	0.271786
0.014720	0.240408
0.014800	0.271786
0.014880	0.271786
0.014960	0.303164
0.015040	0.303164
0.015120	0.271786
0.015200	0.240408
0.015280	0.177653
0.015360	0.209031
0.015440	0.177653
0.015520	0.209031
0.015600	0.209031
0.015680	0.177653
0.015760	0.177653
0.015840	0.209031
0.015920	0.146275
0.016000	0.177653
0.016080	0.177653
0.016160	0.209031
0.016240	0.177653
0.016320	0.146275
0.016400	0.146275
0.016480	0.177653
0.016560	0.177653
0.016640	0.209031
0.016720	0.146275
0.016800	0.146275
0.016880	0.114897
0.016960	0.146275
0.017040	0.114897
0.017120	0.146275
0.017200	0.146275
0.017280	0.114897
0.017360	0.177653
0.017440	0.177653
0.017520	0.177653
0.017600	0.177653
0.017680	0.114897
0.017760	0.146275
0.017840	0.209031
0.017920	0.209031
0.018000	0.114897
0.018080	0.083519
0.018160	0.052142
0.018240	0.052142
0.018320	0.052142
0.018400	0.114897
0.018480	0.114897
0.018560	0.020764
0.018640	0.083519
0.018720	0.083519
0.018800	0.083519
0.018880	0.052142
0.018960	0.083519
0.019040	0.083519
0.019120	0.052142
0.019200	0.083519
0.019280	0.052142
0.019360	0.020764
0.019440	0.020764
0.019520	-0.010614
0.019600	0.020764
0.019680	0.052142
0.019760	0.083519
0.019840	0.083519
0.019920	0.083519
0.020000	0.020764
0.020080	-0.010614
0.020160	-0.073370
0.020240	-0.073370
0.020320	-0.073370
0.020400	-0.104747
0.020480	-0.041992
0.020560	0.052142
0.020640	-0.010614
0.020720	-0.010614
0.020800	-0.041992
0.020880	-0.104747
0.020960	-0.136125
0.021040	-0.104747
0.021120	-0.167503
0.021200	-0.136125
0.021280	-0.136125
0.021360	-0.136125
0.021440	-0.104747
0.021520	-0.041992
0.021600	-0.136125
0.021680	-0.073370
0.021760	-0.136125
0.021840	-0.198881
0.021920	-0.167503
0.022000	-0.104747
0.022080	-0.104747
0.022160	-0.041992
0.022240	-0.104747
0.022320	-0.136125
0.022400	-0.198881
0.022480	-0.230259
0.022560	-0.293014
0.022640	-0.355770
0.022720	-0.324392
0.022800	-0.261636
0.022880	-0.198881
0.022960	-0.136125
0.023040	-0.010614
0.023120	0.020764
0.023200	-0.041992
0.023280	-0.041992
0.023360	-0.104747
0.023440	-0.136125
0.023520	-0.073370
0.023600	-0.010614
0.023680	-0.073370
0.023760	-0.136125
0.023840	-0.104747
0.023920	-0.136125
0.024000	-0.010614
0.024080	0.114897
0.024160	0.146275
0.024240	0.052142
0.024320	0.052142
0.024400	0.052142
0.024480	0.209031
0.024560	0.334542
0.024640	0.365920
0.024720	0.334542
0.024800	0.240408
0.024880	0.209031
0.024960	0.083519
0.025040	-0.010614
0.025120	0.209031
0.025200	0.554187
0.025280	0.679698
0.025360	0.679698
0.025440	0.805209
0.025520	0.899342
0.025600	0.616942
0.025680	0.083519
0.025760	-0.387148
0.025840	-0.512659
0.025920	-0.167503
0.026000	0.240408
0.026080	0.742453
0.026160	1.150360
0.026240	1.307250
0.026320	1.244500
0.026400	0.993476
0.026480	0.679698
0.026560	0.240408
0.026640	-0.073370
0.026720	-0.073370
0.026800	0.052142
0.026880	0.240408
0.026960	0.554187
0.027040	0.711076
0.027120	0.867965
0.027200	0.899342
0.027280	0.742453
0.027360	0.805209
0.027440	0.805209
0.027520	0.805209
0.027600	0.711076
0.027680	0.616942
0.027760	0.585564
0.027840	0.491431
0.027920	0.334542
0.028000	0.334542
0.028080	0.460053
0.028160	0.491431
0.028240	0.460053
0.028320	0.554187
0.028400	0.805209
0.028480	0.867965
0.028560	0.836587
0.028640	0.742453
0.028720	0.648320
0.028800	0.460053
0.028880	0.177653
0.028960	0.240408
0.029040	0.522809
0.029120	0.805209
0.029200	0.930720
0.029280	0.805209
0.029360	0.554187
0.029440	0.522809
0.029520	0.554187
0.029600	0.585564
0.029680	0.522809
0.029760	0.460053
0.029840	0.303164
0.029920	0.177653
0.030000	0.334542
0.030080	0.773831
0.030160	0.993476
0.030240	0.930720
0.030320	0.930720
0.030400	1.213120
0.030480	1.213120
0.030560	0.836587
0.030640	0.240408
0.030720	-0.073370
0.030800	-0.230259
0.030880	-0.293014
0.030960	-0.167503
0.031040	-0.073370
0.031120	0.083519
0.031200	0.616942
0.031280	1.307250
0.031360	1.683790
0.031440	1.526900
0.031520	1.244500
0.031600	1.244500
0.031680	1.338630
0.031760	1.150360
0.031840	0.993476
0.031920	1.118990
0.032000	1.401390
0.032080	1.872050
0.032160	2.499610
0.032240	3.221300
0.032320	3.472320
0.032400	3.535080
0.032480	3.723350
0.032560	3.911610
0.032640	3.723350
0.032720	3.189920
0.032800	3.001660
0.032880	3.158540
0.032960	3.221300
0.033040	3.378190
0.033120	3.942990
0.033200	4.884320
0.033280	5.386370
0.033360	5.543260
0.033440	5.857040
0.033520	6.296330
0.033600	6.202190
0.033680	5.417750
0.033760	4.758810
0.033840	4.225390
0.033920	3.880230
0.034000	3.880230
0.034080	4.758810
0.034160	6.013930
0.034240	6.923880
0.034320	7.394550
0.034400	7.676950
0.034480	7.927970
0.034560	7.959350
0.034640	7.927970
0.034720	7.739700
0.034800	7.300420
0.034880	6.672860
0.034960	6.390460
0.035040	6.578730
0.035120	6.955260
0.035200	7.269040
0.035280	7.457300
0.035360	7.331790
0.035440	7.080770
0.035520	6.610100
0.035600	6.202190
0.035680	5.888410
0.035760	5.449120
0.035840	5.103970
0.035920	4.978460
0.036000	5.009840
0.036080	5.009840
0.036160	5.103970
0.036240	5.292240
0.036320	5.543260
0.036400	5.668770
0.036480	5.731520
0.036560	5.574640
0.036640	5.229480
0.036720	5.229480
0.036800	5.323610
0.036880	5.292240
0.036960	5.260860
0.037040	5.354990
0.037120	5.543260
0.037200	5.480500
0.037280	5.198100
0.037360	4.539170
0.037440	3.660590
0.037520	2.844770
0.037600	2.405480
0.037680	2.091700
0.037760	1.746540
0.037840	1.589650
0.037920	1.683790
0.038000	1.966190
0.038080	2.060320
0.038160	1.934810
0.038240	1.181740
0.038320	0.146275
0.038400	-0.481281
0.038480	-0.230259
0.038560	0.428675
0.038640	0.742453
0.038720	0.836587
0.038800	1.150360
0.038880	1.683790
0.038960	2.530990
0.039040	3.535080
0.039120	4.382280
0.039200	4.758810
0.039280	4.664680
0.039360	4.507790
0.039440	4.256770
0.039520	3.754720
0.039600	3.064410
0.039680	2.185830
0.039760	0.805209
0.039840	-1.265730
0.039920	-3.587680
0.040000	-5.438970
0.040080	-6.286180
0.040160	-6.537200
0.040240	-6.788220
0.040320	-7.353020
0.040400	-8.262980
0.040480	-9.172930
0.040560	-9.612220
0.040640	-9.737730
0.040720	-9.831870
0.040800	-9.612220
0.040880	-8.670890
0.040960	-7.196130
0.041040	-6.066530
0.041120	-5.156570
0.041200	-4.026970
0.041280	-2.928750
0.041360	-2.050170
0.041440	-1.140220
0.041520	-0.324392
0.041600	0.303164
0.041680	1.181740
0.041760	1.997570
0.041840	2.625120
0.041920	3.221300
0.042000	3.942990
0.042080	4.131260
0.042160	3.629210
0.042240	2.844770
0.042320	2.217210
0.042400	1.777920
0.042480	1.307250
0.042560	0.679698
0.042640	-0.010614
0.042720	-0.795059
0.042800	-1.548130
0.042880	-2.583590
0.042960	-3.713200
0.043040	-4.842800
0.043120	-5.941020
0.043200	-7.164750
0.043280	-8.325730
0.043360	-9.235690
0.043440	-9.863250
0.043520	-10.365200
0.043600	-10.428000
0.043680	-10.082800
0.043760	-9.361200
0.043840	-8.953290
0.043920	-8.702270
0.044000	-8.357110
0.044080	-7.917820
0.044160	-7.102000
0.044240	-6.129290
0.044320	-5.282090
0.044400	-4.685910
0.044480	-4.183860
0.044560	-3.399420
0.044640	-2.520840
0.044720	-1.987420
0.044800	-1.830530
0.044880	-1.956040
0.044960	-1.987420
0.045040	-2.144310
0.045120	-2.301190
0.045200	-2.395330
0.045280	-2.520840
0.045360	-2.552220
0.045440	-2.395330
0.045520	-2.144310
0.045600	-1.924660
0.045680	-1.893280
0.045760	-1.987420
0.045840	-2.081550
0.045920	-2.458080
0.046000	-3.085640
0.046080	-3.744570
0.046160	-4.121110
0.046240	-3.838710
0.046320	-3.305280
0.046400	-2.803240
0.046480	-2.363950
0.046560	-2.018790
0.046640	-1.579500
0.046720	-1.328480
0.046800	-1.140220
0.046880	-0.700926
0.046960	-0.167503
0.047040	0.240408
0.047120	0.428675
0.047200	0.522809
0.047280	0.585564
0.047360	0.585564
0.047440	0.711076
0.047520	0.867965
0.047600	1.181740
0.047680	1.652410
0.047760	2.405480
0.047840	3.252680
0.047920	3.942990
0.048000	4.068500
0.048080	3.942990
0.048160	3.848860
0.048240	4.099880
0.048320	4.696060
0.048400	5.574640
0.048480	6.421840
0.048560	7.018010
0.048640	7.331790
0.048720	7.520060
0.048800	7.739700
0.048880	8.053480
0.048960	8.304510
0.049040	8.430020
0.049120	8.492770
0.049200	8.555530
0.049280	8.492770
0.049360	8.210370
0.049440	7.614190
0.049520	6.766990
0.049600	5.762900
0.049680	5.135350
0.049760	4.727440
0.049840	4.319520
0.049920	3.848860
0.050000	3.127170
0.050080	2.185830
0.050160	1.746540
0.050240	1.903430
0.050320	2.185830
0.050400	1.872050
0.050480	1.464140
0.050560	1.715170
0.050640	2.374100
0.050720	3.033030
0.050800	3.284060
0.050880	3.566460
0.050960	4.037120
0.051040	4.727440
0.051120	5.260860
0.051200	5.794280
0.051280	6.264950
0.051360	6.672860
0.051440	6.861130
0.051520	6.861130
0.051600	7.331790
0.051680	8.022110
0.051760	8.869310
0.051840	9.308590
0.051920	9.528240
0.052000	9.622370
0.052080	9.967530
0.052160	10.595000
0.052240	11.316700
0.052320	12.038400
0.052400	12.634600
0.052480	13.042500
0.052560	13.324900
0.052640	13.575900
0.052720	13.732800
0.052800	13.827000
0.052880	13.732800
0.052960	13.701400
0.053040	13.670100
0.053120	13.858300
0.053200	14.078000
0.053280	14.234900
0.053360	14.360400
0.053440	14.548600
0.053520	14.768300
0.053600	14.956600
0.053680	15.113400
0.053760	15.144800
0.053840	14.893800
0.053920	14.611400
0.054000	14.360400
0.054080	14.329000
0.054160	14.454500
0.054240	14.485900
0.054320	14.329000
0.054400	14.046600
0.054480	13.858300
0.054560	13.952500
0.054640	14.266200
0.054720	14.611400
0.054800	14.736900
0.054880	14.736900
0.054960	14.423100
0.055040	14.109400
0.055120	13.952500
0.055200	14.297600
0.055280	14.736900
0.055360	15.176200
0.055440	15.364500
0.055520	15.458600
0.055600	15.803800
0.055680	16.556900
0.055760	17.404100
0.055840	18.157101
0.055920	18.313999
0.056000	17.812000
0.056080	17.278601
0.056160	16.870600
0.056240	16.839300
0.056320	16.996201
0.056400	17.090300
0.056480	17.027500
0.056560	17.153000
0.056640	17.466801
0.056720	17.906099
0.056800	18.188499
0.056880	18.376801
0.056960	18.313999
0.057040	18.125799
0.057120	17.906099
0.057200	17.717800
0.057280	17.623699
0.057360	17.561001
0.057440	17.435400
0.057520	17.435400
0.057600	17.686501
0.057680	18.188499
0.057760	18.941601
0.057840	19.600500
0.057920	19.945700
0.058000	20.196699
0.058080	20.447701
0.058160	20.604601
0.058240	20.573200
0.058320	20.667400
0.058400	20.667400
0.058480	20.510500
0.058560	20.228100
0.058640	19.914301
0.058720	19.600500
0.058800	19.349501
0.058880	19.067101
0.058960	18.659201
0.059040	18.094400
0.059120	17.623699
0.059200	17.184401
0.059280	16.713800
0.059360	16.086201
0.059440	15.646900
0.059520	15.270300
0.059600	14.987900
0.059680	14.642800
0.059760	14.203500
0.059840	13.701400
0.059920	13.073900
0.060000	12.760100
0.060080	12.603200
0.060160	12.666000
0.060240	12.760100
0.060320	12.822900
0.060400	12.760100
0.060480	12.791500
0.060560	12.760100
0.060640	12.728700
0.060720	12.885600
0.060800	12.791500
0.060880	12.603200
0.060960	12.289400
0.061040	12.038400
0.061120	12.038400
0.061200	12.195300
0.061280	12.415000
0.061360	12.666000
0.061440	12.885600
0.061520	13.105300
0.061600	13.324900
0.061680	13.356300
0.061760	13.199400
0.061840	12.917000
0.061920	12.634600
0.062000	12.415000
0.062080	12.258100
0.062160	12.163900
0.062240	12.163900
0.062320	12.163900
0.062400	12.226700
0.062480	12.258100
0.062560	12.383600
0.062640	12.634600
0.062720	13.011100
0.062800	13.450400
0.062880	13.827000
0.062960	14.172100
0.063040	14.391800
0.063120	14.736900
0.063200	15.050700
0.063280	15.364500
0.063360	15.458600
0.063440	15.584100
0.063520	15.866500
0.063600	16.180300
0.063680	16.337200
0.063760	16.400000
0.063840	16.305799
0.063920	16.305799
0.064000	16.368601
0.064080	16.494101
0.064160	16.588200
0.064240	16.713800
0.064320	16.870600
0.064400	16.745100
0.064480	16.494101
0.064560	16.368601
0.064640	16.211700
0.064720	16.086201
0.064800	15.992000
0.064880	15.803800
0.064960	15.615500
0.065040	15.427200
0.065120	15.176200
0.065200	14.893800
0.065280	14.548600
0.065360	14.078000
0.065440	13.607300
0.065520	13.262200
0.065600	12.885600
0.065680	12.603200
0.065760	12.352200
0.065840	12.195300
0.065920	11.944300
0.066000	11.630500
0.066080	11.222600
0.066160	10.971600
0.066240	10.783300
0.066320	10.595000
0.066400	10.375400
0.066480	10.218500
0.066560	10.061600
0.066640	9.936150
0.066720	9.842020
0.066800	9.747880
0.066880	9.622370
0.066960	9.434110
0.067040	9.245840
0.067120	9.151710
0.067200	8.963440
0.067280	8.492770
0.067360	8.022110
0.067440	7.802460
0.067520	7.959350
0.067600	8.304510
0.067680	8.586910
0.067760	8.586910
0.067840	8.398640
0.067920	8.273130
0.068000	8.335880
0.068080	8.430020
0.068160	8.492770
0.068240	8.367260
0.068320	8.147620
0.068400	7.865220
0.068480	7.614190
0.068560	7.363170
0.068640	7.237660
0.068720	7.080770
0.068800	6.892500
0.068880	6.672860
0.068960	6.453210
0.069040	6.264950
0.069120	6.076680
0.069200	5.857040
0.069280	5.731520
0.069360	5.511880
0.069440	5.103970
0.069520	4.570550
0.069600	3.848860
0.069680	3.221300
0.069760	2.719260
0.069840	2.468230
0.069920	2.279970
0.070000	2.028940
0.070080	1.652410
0.070160	1.275880
0.070240	0.962098
0.070320	0.711076
0.070400	0.585564
0.070480	0.334542
0.070560	0.083519
0.070640	-0.324392
0.070720	-0.669548
0.070800	-0.889193
0.070880	-0.951948
0.070960	-1.171590
0.071040	-1.453990
0.071120	-1.799150
0.071200	-2.207060
0.071280	-2.552220
0.071360	-2.928750
0.071440	-3.336660
0.071520	-3.807330
0.071600	-4.246620
0.071680	-4.591770
0.071760	-4.811420
0.071840	-5.062440
0.071920	-5.282090
0.072000	-5.595860
0.072080	-5.972400
0.072160	-6.317550
0.072240	-6.631330
0.072320	-6.850980
0.072400	-7.196130
0.072480	-7.541290
0.072560	-7.855070
0.072640	-8.168840
0.072720	-8.419870
0.072800	-8.670890
0.072880	-8.953290
0.072960	-9.141560
0.073040	-9.235690
0.073120	-9.078800
0.073200	-9.016040
0.073280	-9.078800
0.073360	-9.078800
0.073440	-9.172930
0.073520	-8.984670
0.073600	-8.859160
0.073680	-8.796400
0.073760	-8.765020
0.073840	-8.827780
0.073920	-8.827780
0.074000	-8.921910
0.074080	-8.953290
0.074160	-9.047420
0.074240	-9.047420
0.074320	-8.984670
0.074400	-8.921910
0.074480	-8.859160
0.074560	-8.765020
0.074640	-8.733640
0.074720	-8.733640
0.074800	-8.765020
0.074880	-8.890530
0.074960	-8.953290
0.075040	-9.047420
0.075120	-9.141560
0.075200	-9.141560
0.075280	-9.047420
0.075360	-8.890530
0.075440	-8.827780
0.075520	-8.765020
0.075600	-8.859160
0.075680	-9.047420
0.075760	-9.047420
0.075840	-8.796400
0.075920	-8.514000
0.076000	-8.388490
0.076080	-8.388490
0.076160	-8.482620
0.076240	-8.670890
0.076320	-8.890530
0.076400	-9.078800
0.076480	-9.078800
0.076560	-9.078800
0.076640	-9.204310
0.076720	-9.329820
0.076800	-9.235690
0.076880	-9.141560
0.076960	-9.110180
0.077040	-8.921910
0.077120	-8.859160
0.077200	-8.702270
0.077280	-8.388490
0.077360	-8.325730
0.077440	-7.949200
0.077520	-7.635420
0.077600	-7.415780
0.077680	-7.196130
0.077760	-7.007870
0.077840	-6.819600
0.077920	-6.631330
0.078000	-6.568580
0.078080	-6.474440
0.078160	-6.474440
0.078240	-6.411690
0.078320	-6.286180
0.078400	-6.348930
0.078480	-6.129290
0.078560	-5.784130
0.078640	-5.564490
0.078720	-5.376220
0.078800	-5.376220
0.078880	-5.438970
0.078960	-5.407600
0.079040	-5.282090
0.079120	-5.093820
0.079200	-4.968310
0.079280	-4.968310
0.079360	-4.999690
0.079440	-4.905550
0.079520	-4.717290
0.079600	-4.497640
0.079680	-4.403510
0.079760	-4.434890
0.079840	-4.466260
0.079920	-4.497640
0.080000	-4.497640
0.080080	-4.529020
0.080160	-4.717290
0.080240	-4.968310
0.080320	-5.125200
0.080400	-5.313460
0.080480	-5.533110
0.080560	-5.690000
0.080640	-5.909640
0.080720	-6.097910
0.080800	-6.317550
0.080880	-6.505820
0.080960	-6.694090
0.081040	-6.756840
0.081120	-6.819600
0.081200	-6.819600
0.081280	-6.819600
0.081360	-6.756840
0.081440	-6.756840
0.081520	-6.788220
0.081600	-6.505820
0.081680	-6.192040
0.081760	-6.160660
0.081840	-6.066530
0.081920	-5.941020
0.082000	-5.627240
0.082080	-5.219330
0.082160	-4.999690
0.082240	-4.905550
0.082320	-4.905550
0.082400	-4.748660
0.082480	-4.403510
0.082560	-4.058350
0.082640	-3.713200
0.082720	-3.462170
0.082800	-3.273910
0.082880	-3.148390
0.082960	-3.117020
0.083040	-3.054260
0.083120	-2.960130
0.083200	-2.865990
0.083280	-2.771860
0.083360	-2.709110
0.083440	-2.646350
0.083520	-2.489460
0.083600	-2.269820
0.083680	-2.332570
0.083760	-2.363950
0.083840	-2.363950
0.083920	-2.363950
0.084000	-2.332570
0.084080	-2.426710
0.084160	-2.426710
0.084240	-2.395330
0.084320	-2.269820
0.084400	-2.301190
0.084480	-2.332570
0.084560	-2.395330
0.084640	-2.458080
0.084720	-2.552220
0.084800	-2.677730
0.084880	-2.865990
0.084960	-3.054260
0.085040	-3.242530
0.085120	-3.211150
0.085200	-3.242530
0.085280	-3.336660
0.085360	-3.430800
0.085440	-3.524930
0.085520	-3.556310
0.085600	-3.556310
0.085680	-3.587680
0.085760	-3.650440
0.085840	-3.775950
0.085920	-3.744570
0.086000	-3.775950
0.086080	-3.838710
0.086160	-3.901460
0.086240	-3.901460
0.086320	-3.807330
0.086400	-3.744570
0.086480	-3.901460
0.086560	-4.089730
0.086640	-4.058350
0.086720	-3.932840
0.086800	-3.713200
0.086880	-3.650440
0.086960	-3.744570
0.087040	-4.026970
0.087120	-4.152480
0.087200	-4.215240
0.087280	-4.183860
0.087360	-4.152480
0.087440	-4.121110
0.087520	-4.121110
0.087600	-4.152480
0.087680	-4.183860
0.087760	-4.372130
0.087840	-4.591770
0.087920	-4.780040
0.088000	-4.842800
0.088080	-4.811420
0.088160	-4.748660
0.088240	-4.654530
0.088320	-4.403510
0.088400	-4.340750
0.088480	-4.246620
0.088560	-4.278000
0.088640	-4.246620
0.088720	-4.215240
0.088800	-4.278000
0.088880	-4.372130
0.088960	-4.340750
0.089040	-4.246620
0.089120	-4.215240
0.089200	-4.434890
0.089280	-4.654530
0.089360	-4.842800
0.089440	-4.811420
0.089520	-4.591770
0.089600	-4.246620
0.089680	-3.932840
0.089760	-3.901460
0.089840	-4.121110
0.089920	-4.560400
0.090000	-4.905550
0.090080	-5.125200
0.090160	-5.156570
0.090240	-5.219330
0.090320	-5.250710
0.090400	-5.282090
0.090480	-5.156570
0.090560	-5.062440
0.090640	-5.156570
0.090720	-5.282090
0.090800	-5.344840
0.090880	-5.407600
0.090960	-5.533110
0.091040	-5.690000
0.091120	-5.627240
0.091200	-5.564490
0.091280	-5.470350
0.091360	-5.533110
0.091440	-5.690000
0.091520	-5.846890
0.091600	-5.752750
0.091680	-5.564490
0.091760	-5.344840
0.091840	-5.282090
0.091920	-5.470350
0.092000	-5.627240
0.092080	-5.690000
0.092160	-5.595860
0.092240	-5.595860
0.092320	-5.564490
0.092400	-5.564490
0.092480	-5.470350
0.092560	-5.407600
0.092640	-5.376220
0.092720	-5.407600
0.092800	-5.470350
0.092880	-5.627240
0.092960	-5.815510
0.093040	-5.878260
0.093120	-6.129290
0.093200	-6.411690
0.093280	-6.662710
0.093360	-6.631330
0.093440	-6.317550
0.093520	-5.972400
0.093600	-5.627240
0.093680	-5.627240
0.093760	-5.846890
0.093840	-6.254800
0.093920	-6.505820
0.094000	-6.694090
0.094080	-6.725460
0.094160	-6.631330
0.094240	-6.505820
0.094320	-6.505820
0.094400	-6.662710
0.094480	-6.850980
0.094560	-7.039240
0.094640	-7.039240
0.094720	-7.007870
0.094800	-7.007870
0.094880	-6.913730
0.094960	-7.164750
0.095040	-7.227510
0.095120	-7.384400
0.095200	-7.572670
0.095280	-7.666800
0.095360	-7.792310
0.095440	-7.917820
0.095520	-8.106090
0.095600	-8.262980
0.095680	-8.419870
0.095760	-8.576760
0.095840	-8.733640
0.095920	-8.765020
0.096000	-8.796400
0.096080	-8.765020
0.096160	-8.796400
0.096240	-8.765020
0.096320	-8.859160
0.096400	-8.890530
0.096480	-8.953290
0.096560	-8.953290
0.096640	-9.141560
0.096720	-9.204310
0.096800	-9.298440
0.096880	-9.392580
0.096960	-9.392580
0.097040	-9.423960
0.097120	-9.455330
0.097200	-9.423960
0.097280	-9.486710
0.097360	-9.580850
0.097440	-9.643600
0.097520	-9.612220
0.097600	-9.580850
0.097680	-9.643600
0.097760	-9.737730
0.097840	-9.737730
0.097920	-9.674980
0.098000	-9.643600
0.098080	-9.674980
0.098160	-9.674980
0.098240	-9.612220
0.098320	-9.674980
0.098400	-9.612220
0.098480	-9.612220
0.098560	-9.549470
0.098640	-9.643600
0.098720	-9.737730
0.098800	-9.674980
0.098880	-9.580850
0.098960	-9.549470
0.099040	-9.423960
0.099120	-9.580850
0.099200	-9.800490
0.099280	-10.020100
0.099360	-10.082800
0.099440	-10.114200
0.099520	-10.333900
0.099600	-10.679000
0.099680	-10.835900
0.099760	-10.710400
0.099840	-10.365200
0.099920	-10.177000
0.100000	-10.082800
0.100080	-10.020100
0.100160	-9.957380
0.100240	-9.831870
0.100320	-9.800490
0.100400	-9.580850
0.100480	-9.329820
0.100560	-9.267070
0.100640	-9.204310
0.100720	-9.110180
0.100800	-8.953290
0.100880	-8.890530
0.100960	-8.859160
0.101040	-8.733640
0.101120	-8.545380
0.101200	-8.325730
0.101280	-8.262980
0.101360	-8.074710
0.101440	-7.980580
0.101520	-7.855070
0.101600	-7.729550
0.101680	-7.698180
0.101760	-7.635420
0.101840	-7.698180
0.101920	-7.760930
0.102000	-7.698180
0.102080	-7.698180
0.102160	-7.792310
0.102240	-7.917820
0.102320	-7.949200
0.102400	-8.011960
0.102480	-8.011960
0.102560	-7.886440
0.102640	-7.917820
0.102720	-7.980580
0.102800	-8.074710
0.102880	-8.200220
0.102960	-8.294360
0.103040	-8.482620
0.103120	-8.482620
0.103200	-8.419870
0.103280	-8.231600
0.103360	-8.074710
0.103440	-8.200220
0.103520	-8.608130
0.103600	-8.921910
0.103680	-8.984670
0.103760	-8.953290
0.103840	-8.921910
0.103920	-9.078800
0.104000	-9.329820
0.104080	-9.580850
0.104160	-9.706360
0.104240	-9.737730
0.104320	-9.800490
0.104400	-9.926000
0.104480	-10.114200
0.104560	-10.271100
0.104640	-10.177000
0.104720	-10.082800
0.104800	-10.020100
0.104880	-10.145600
0.104960	-10.239700
0.105040	-10.302500
0.105120	-10.333900
0.105200	-10.333900
0.105280	-10.396600
0.105360	-10.333900
0.105440	-10.333900
0.105520	-10.239700
0.105600	-10.208400
0.105680	-10.271100
0.105760	-10.333900
0.105840	-10.333900
0.105920	-10.333900
0.106000	-10.333900
0.106080	-10.428000
0.106160	-10.428000
0.106240	-10.459400
0.106320	-10.459400
0.106400	-10.522100
0.106480	-10.616300
0.106560	-10.616300
0.106640	-10.647600
0.106720	-10.647600
0.106800	-10.679000
0.106880	-10.710400
0.106960	-10.741800
0.107040	-10.773200
0.107120	-10.804500
0.107200	-10.647600
0.107280	-10.584900
0.107360	-10.490800
0.107440	-10.490800
0.107520	-10.522100
0.107600	-10.365200
0.107680	-10.365200
0.107760	-10.302500
0.107840	-10.365200
0.107920	-10.396600
0.108000	-10.365200
0.108080	-10.365200
0.108160	-10.302500
0.108240	-10.239700
0.108320	-10.239700
0.108400	-10.208400
0.108480	-10.114200
0.108560	-10.114200
0.108640	-10.145600
0.108720	-10.208400
0.108800	-10.239700
0.108880	-10.208400
0.108960	-10.208400
0.109040	-10.145600
0.109120	-10.145600
0.109200	-10.239700
0.109280	-10.333900
0.109360	-10.333900
0.109440	-10.333900
0.109520	-10.271100
0.109600	-10.271100
0.109680	-10.302500
0.109760	-10.333900
0.109840	-10.333900
0.109920	-10.333900
0.110000	-10.333900
0.110080	-10.365200
0.110160	-10.333900
0.110240	-10.459400
0.110320	-10.522100
0.110400	-10.396600
0.110480	-10.208400
0.110560	-10.239700
0.110640	-10.177000
0.110720	-10.208400
0.110800	-10.177000
0.110880	-10.145600
0.110960	-10.208400
0.111040	-10.239700
0.111120	-10.302500
0.111200	-10.271100
0.111280	-10.208400
0.111360	-10.271100
0.111440	-10.302500
0.111520	-10.302500
0.111600	-10.365200
0.111680	-10.553500
0.111760	-10.616300
0.111840	-10.647600
0.111920	-10.616300
0.112000	-10.584900
0.112080	-10.490800
0.112160	-10.396600
0.112240	-10.490800
0.112320	-10.490800
0.112400	-10.522100
0.112480	-10.553500
0.112560	-10.584900
0.112640	-10.616300
0.112720	-10.647600
0.112800	-10.553500
0.112880	-10.584900
0.112960	-10.459400
0.113040	-10.459400
0.113120	-10.365200
0.113200	-10.365200
0.113280	-10.333900
0.113360	-10.396600
0.113440	-10.365200
0.113520	-10.396600
0.113600	-10.459400
0.113680	-10.459400
0.113760	-10.396600
0.113840	-10.396600
0.113920	-10.428000
0.114000	-10.490800
0.114080	-10.490800
0.114160	-10.490800
0.114240	-10.459400
0.114320	-10.333900
0.114400	-10.271100
0.114480	-10.208400
0.114560	-10.271100
0.114640	-10.365200
0.114720	-10.459400
0.114800	-10.459400
0.114880	-10.428000
0.114960	-10.365200
0.115040	-10.459400
0.115120	-10.490800
0.115200	-10.553500
0.115280	-10.584900
0.115360	-10.584900
0.115440	-10.553500
0.115520	-10.553500
0.115600	-10.490800
0.115680	-10.490800
0.115760	-10.490800
0.115840	-10.428000
0.115920	-10.428000
0.116000	-10.490800
0.116080	-10.522100
0.116160	-10.553500
0.116240	-10.647600
0.116320	-10.710400
0.116400	-10.679000
0.116480	-10.616300
0.116560	-10.616300
0.116640	-10.584900
0.116720	-10.616300
0.116800	-10.679000
0.116880	-10.710400
0.116960	-10.679000
0.117040	-10.647600
0.117120	-10.679000
0.117200	-10.741800
0.117280	-10.741800
0.117360	-10.773200
0.117440	-10.741800
0.117520	-10.804500
0.117600	-10.835900
0.117680	-10.835900
0.117760	-10.930000
0.117840	-10.867300
0.117920	-10.804500
0.118000	-10.710400
0.118080	-10.710400
0.118160	-10.773200
0.118240	-10.741800
0.118320	-10.773200
0.118400	-10.835900
0.118480	-10.741800
0.118560	-10.710400
0.118640	-10.679000
0.118720	-10.741800
0.118800	-10.710400
0.118880	-10.804500
0.118960	-10.710400
0.119040	-10.679000
0.119120	-10.710400
0.119200	-10.647600
0.119280	-10.647600
0.119360	-10.647600
0.119440	-10.679000
0.119520	-10.741800
0.119600	-10.741800
0.119680	-10.773200
0.119760	-10.679000
0.119840	-10.616300
0.119920	-10.647600
0.120000	-10.616300
0.120080	-10.616300
0.120160	-10.647600
0.120240	-10.647600
0.120320	-10.647600
0.120400	-10.616300
0.120480	-10.584900
0.120560	-10.553500
0.120640	-10.522100
0.120720	-10.553500
0.120800	-10.490800
0.120880	-10.459400
0.120960	-10.365200
0.121040	-10.365200
0.121120	-10.333900
0.121200	-10.271100
0.121280	-10.365200
0.121360	-10.333900
0.121440	-10.396600
0.121520	-10.365200
0.121600	-10.333900
0.121680	-10.333900
0.121760	-10.333900
0.121840	-10.365200
0.121920	-10.333900
0.122000	-10.333900
0.122080	-10.271100
0.122160	-10.239700
0.122240	-10.302500
0.122320	-10.302500
0.122400	-10.365200
0.122480	-10.271100
0.122560	-10.239700
0.122640	-10.302500
0.122720	-10.302500
0.122800	-10.365200
0.122880	-10.459400
0.122960	-10.522100
0.123040	-10.428000
0.123120	-10.396600
0.123200	-10.365200
0.123280	-10.333900
0.123360	-10.396600
0.123440	-10.428000
0.123520	-10.428000
0.123600	-10.553500
0.123680	-10.616300
0.123760	-10.647600
0.123840	-10.679000
0.123920	-10.741800
0.124000	-10.773200
0.124080	-10.710400
0.124160	-10.804500
0.124240	-10.773200
0.124320	-10.773200
0.124400	-10.804500
0.124480	-10.867300
0.124560	-10.898700
0.124640	-10.898700
0.124720	-10.961400
0.124800	-10.992800
0.124880	-10.992800
0.124960	-11.055600
0.125040	-11.086900
0.125120	-11.086900
0.125200	-11.118300
0.125280	-11.181100
0.125360	-11.181100
0.125440	-11.181100
0.125520	-11.212400
0.125600	-11.212400
0.125680	-11.275200
0.125760	-11.369300
0.125840	-11.338000
0.125920	-11.369300
0.126000	-11.432100
0.126080	-11.400700
0.126160	-11.463500
0.126240	-11.494800
0.126320	-11.494800
0.126400	-11.463500
0.126480	-11.432100
0.126560	-11.526200
0.126640	-11.526200
0.126720	-11.494800
0.126800	-11.557600
0.126880	-11.620400
0.126960	-11.526200
0.127040	-11.494800
0.127120	-11.400700
0.127200	-11.526200
0.127280	-11.432100
0.127360	-11.463500
0.127440	-11.463500
0.127520	-11.526200
0.127600	-11.589000
0.127680	-11.589000
0.127760	-11.651700
0.127840	-11.589000
0.127920	-11.494800
0.128000	-11.494800
0.128080	-11.494800
0.128160	-11.557600
0.128240	-11.557600
0.128320	-11.557600
0.128400	-11.494800
0.128480	-11.494800
0.128560	-11.432100
0.128640	-11.494800
0.128720	-11.526200
0.128800	-11.557600
0.128880	-11.494800
0.128960	-11.432100
0.129040	-11.432100
0.129120	-11.432100
0.129200	-11.369300
0.129280	-11.432100
0.129360	-11.338000
0.129440	-11.306600
0.129520	-11.369300
0.129600	-11.369300
0.129680	-11.369300
0.129760	-11.275200
0.129840	-11.306600
0.129920	-11.306600
0.130000	-11.306600
0.130080	-11.275200
0.130160	-11.275200
0.130240	-11.243800
0.130320	-11.212400
0.130400	-11.243800
0.130480	-11.243800
0.130560	-11.118300
0.130640	-11.086900
0.130720	-10.992800
0.130800	-10.961400
0.130880	-10.898700
0.130960	-10.961400
0.131040	-10.930000
0.131120	-10.898700
0.131200	-10.867300
0.131280	-10.867300
0.131360	-10.804500
0.131440	-10.679000
0.131520	-10.616300
0.131600	-10.584900
0.131680	-10.490800
0.131760	-10.459400
0.131840	-10.396600
0.131920	-10.365200
0.132000	-10.271100
0.132080	-10.208400
0.132160	-10.208400
0.132240	-10.239700
0.132320	-10.239700
0.132400	-10.239700
0.132480	-10.177000
0.132560	-10.082800
0.132640	-10.020100
0.132720	-9.926000
0.132800	-9.926000
0.132880	-9.831870
0.132960	-9.706360
0.133040	-9.674980
0.133120	-9.643600
0.133200	-9.549470
0.133280	-9.549470
0.133360	-9.486710
0.133440	-9.392580
0.133520	-9.361200
0.133600	-9.235690
0.133680	-9.110180
0.133760	-8.953290
0.133840	-8.733640
0.133920	-8.545380
0.134000	-8.262980
0.134080	-8.168840
0.134160	-8.294360
0.134240	-8.294360
0.134320	-8.262980
0.134400	-8.200220
0.134480	-8.168840
0.134560	-8.137470
0.134640	-8.106090
0.134720	-8.043330
0.134800	-8.011960
0.134880	-7.917820
0.134960	-7.949200
0.135040	-7.980580
0.135120	-7.886440
0.135200	-7.823690
0.135280	-7.604040
0.135360	-7.509910
0.135440	-7.478530
0.135520	-7.509910
0.135600	-7.572670
0.135680	-7.509910
0.135760	-7.353020
0.135840	-7.164750
0.135920	-7.007870
0.136000	-7.102000
0.136080	-7.164750
0.136160	-7.227510
0.136240	-7.227510
0.136320	-7.102000
0.136400	-6.945110
0.136480	-6.882350
0.136560	-6.788220
0.136640	-6.694090
0.136720	-6.725460
0.136800	-6.694090
0.136880	-6.694090
0.136960	-6.662710
0.137040	-6.631330
0.137120	-6.537200
0.137200	-6.443060
0.137280	-6.348930
0.137360	-6.348930
0.137440	-6.286180
0.137520	-6.317550
0.137600	-6.254800
0.137680	-6.317550
0.137760	-6.254800
0.137840	-6.317550
0.137920	-6.286180
0.138000	-6.254800
0.138080	-6.223420
0.138160	-6.160660
0.138240	-6.129290
0.138320	-6.129290
0.138400	-6.066530
0.138480	-6.035150
0.138560	-5.941020
0.138640	-5.941020
0.138720	-5.941020
0.138800	-6.003780
0.138880	-5.941020
0.138960	-5.909640
0.139040	-5.878260
0.139120	-5.846890
0.139200	-5.752750
0.139280	-5.721370
0.139360	-5.658620
0.139440	-5.627240
0.139520	-5.595860
0.139600	-5.564490
0.139680	-5.533110
0.139760	-5.470350
0.139840	-5.407600
0.139920	-5.407600
0.140000	-5.344840
0.140080	-5.282090
0.140160	-5.219330
0.140240	-5.125200
0.140320	-4.968310
0.140400	-4.842800
0.140480	-4.811420
0.140560	-4.717290
0.140640	-4.560400
0.140720	-4.466260
0.140800	-4.340750
0.140880	-4.246620
0.140960	-4.121110
0.141040	-4.089730
0.141120	-4.058350
0.141200	-3.932840
0.141280	-3.838710
0.141360	-3.713200
0.141440	-3.650440
0.141520	-3.556310
0.141600	-3.462170
0.141680	-3.368040
0.141760	-3.305280
0.141840	-3.211150
0.141920	-3.085640
0.142000	-3.054260
0.142080	-2.991510
0.142160	-2.897370
0.142240	-2.834620
0.142320	-2.771860
0.142400	-2.709110
0.142480	-2.614970
0.142560	-2.552220
0.142640	-2.520840
0.142720	-2.458080
0.142800	-2.426710
0.142880	-2.363950
0.142960	-2.301190
0.143040	-2.301190
0.143120	-2.332570
0.143200	-2.269820
0.143280	-2.238440
0.143360	-2.144310
0.143440	-2.175680
0.143520	-2.207060
0.143600	-2.238440
0.143680	-2.207060
0.143760	-2.050170
0.143840	-2.081550
0.143920	-2.112930
0.144000	-1.987420
0.144080	-2.050170
0.144160	-2.081550
0.144240	-2.081550
0.144320	-2.081550
0.144400	-2.081550
0.144480	-2.081550
0.144560	-2.112930
0.144640	-2.112930
0.144720	-2.081550
0.144800	-2.112930
0.144880	-2.175680
0.144960	-2.207060
0.145040	-2.175680
0.145120	-2.207060
0.145200	-2.207060
0.145280	-2.238440
0.145360	-2.238440
0.145440	-2.207060
0.145520	-2.238440
0.145600	-2.207060
0.145680	-2.238440
0.145760	-2.175680
0.145840	-2.175680
0.145920	-2.238440
0.146000	-2.238440
0.146080	-2.175680
0.146160	-2.175680
0.146240	-2.175680
0.146320	-2.144310
0.146400	-2.144310
0.146480	-2.112930
0.146560	-2.050170
0.146640	-2.112930
0.146720	-2.081550
0.146800	-2.050170
0.146880	-2.018790
0.146960	-2.050170
0.147040	-2.050170
0.147120	-2.018790
0.147200	-2.018790
0.147280	-2.050170
0.147360	-2.050170
0.147440	-2.050170
0.147520	-1.987420
0.147600	-1.956040
0.147680	-1.987420
0.147760	-2.018790
0.147840	-1.956040
0.147920	-1.987420
0.148000	-1.956040
0.148080	-1.893280
0.148160	-1.924660
0.148240	-1.861900
0.148320	-1.861900
0.148400	-1.830530
0.148480	-1.830530
0.148560	-1.861900
0.148640	-1.893280
0.148720	-1.893280
0.148800	-1.893280
0.148880	-1.924660
0.148960	-1.893280
0.149040	-1.924660
0.149120	-1.956040
0.149200	-1.924660
0.149280	-1.987420
0.149360	-2.018790
0.149440	-2.018790
0.149520	-2.081550
0.149600	-2.050170
0.149680	-2.112930
0.149760	-2.144310
0.149840	-2.144310
0.149920	-2.144310
0.150000	-2.207060
0.150080	-2.207060
0.150160	-2.238440
0.150240	-2.207060
0.150320	-2.269820
0.150400	-2.269820
0.150480	-2.269820
0.150560	-2.301190
0.150640	-2.269820
0.150720	-2.332570
0.150800	-2.332570
0.150880	-2.363950
0.150960	-2.332570
0.151040	-2.332570
0.151120	-2.301190
0.151200	-2.301190
0.151280	-2.332570
0.151360	-2.332570
0.151440	-2.301190
0.151520	-2.332570
0.151600	-2.269820
0.151680	-2.301190
0.151760	-2.332570
0.151840	-2.332570
0.151920	-2.363950
0.152000	-2.426710
0.152080	-2.395330
0.152160	-2.395330
0.152240	-2.426710
0.152320	-2.426710
0.152400	-2.458080
0.152480	-2.426710
0.152560	-2.458080
0.152640	-2.458080
0.152720	-2.395330
0.152800	-2.395330
0.152880	-2.395330
0.152960	-2.458080
0.153040	-2.458080
0.153120	-2.395330
0.153200	-2.426710
0.153280	-2.332570
0.153360	-2.269820
0.153440	-2.238440
0.153520	-2.363950
0.153600	-2.426710
0.153680	-2.489460
0.153760	-2.395330
0.153840	-2.332570
0.153920	-2.332570
0.154000	-2.332570
0.154080	-2.363950
0.154160	-2.458080
0.154240	-2.458080
0.154320	-2.458080
0.154400	-2.426710
0.154480	-2.426710
0.154560	-2.395330
0.154640	-2.426710
0.154720	-2.458080
0.154800	-2.458080
0.154880	-2.426710
0.154960	-2.363950
0.155040	-2.458080
0.155120	-2.363950
0.155200	-2.363950
0.155280	-2.426710
0.155360	-2.363950
0.155440	-2.363950
0.155520	-2.269820
0.155600	-2.269820
0.155680	-2.207060
0.155760	-2.238440
0.155840	-2.207060
0.155920	-2.144310
0.156000	-2.050170
0.156080	-2.018790
0.156160	-1.956040
0.156240	-1.987420
0.156320	-2.018790
0.156400	-2.018790
0.156480	-1.924660
0.156560	-1.830530
0.156640	-1.767770
0.156720	-1.705020
0.156800	-1.610880
0.156880	-1.453990
0.156960	-1.453990
0.157040	-1.328480
0.157120	-1.297100
0.157200	-1.265730
0.157280	-1.265730
0.157360	-1.297100
0.157440	-1.328480
0.157520	-1.328480
0.157600	-1.265730
0.157680	-1.265730
0.157760	-1.202970
0.157840	-1.171590
0.157920	-1.202970
0.158000	-1.140220
0.158080	-1.108840
0.158160	-1.108840
0.158240	-1.046080
0.158320	-1.077460
0.158400	-1.046080
0.158480	-0.920570
0.158560	-0.983326
0.158640	-0.983326
0.158720	-0.983326
0.158800	-0.920570
0.158880	-0.983326
0.158960	-0.920570
0.159040	-1.014700
0.159120	-0.951948
0.159200	-0.951948
0.159280	-0.951948
0.159360	-0.920570
0.159440	-0.889193
0.159520	-0.826437
0.159600	-0.795059
0.159680	-0.763681
0.159760	-0.732304
0.159840	-0.763681
0.159920	-0.700926
0.160000	-0.700926
0.160080	-0.606792
0.160160	-0.575415
0.160240	-0.481281
0.160320	-0.449903
0.160400	-0.449903
0.160480	-0.418525
0.160560	-0.324392
0.160640	-0.324392
0.160720	-0.293014
0.160800	-0.261636
0.160880	-0.230259
0.160960	-0.198881
0.161040	-0.136125
0.161120	-0.136125
0.161200	-0.104747
0.161280	-0.073370
0.161360	-0.041992
0.161440	0.020764
0.161520	0.052142
0.161600	0.083519
0.161680	0.083519
0.161760	0.052142
0.161840	0.083519
0.161920	0.083519
0.162000	0.083519
0.162080	0.083519
0.162160	0.052142
0.162240	0.083519
0.162320	0.083519
0.162400	0.083519
0.162480	0.052142
0.162560	-0.010614
0.162640	-0.041992
0.162720	-0.010614
0.162800	-0.041992
0.162880	-0.104747
0.162960	-0.104747
0.163040	-0.104747
0.163120	0.020764
0.163200	0.114897
0.163280	-0.041992
0.163360	-0.104747
0.163440	-0.041992
0.163520	-0.073370
0.163600	-0.167503
0.163680	-0.136125
0.163760	-0.167503
0.163840	-0.167503
0.163920	-0.198881
0.164000	-0.198881
0.164080	-0.230259
0.164160	-0.136125
0.164240	-0.198881
0.164320	-0.230259
0.164400	-0.167503
0.164480	-0.167503
0.164560	-0.073370
0.164640	-0.073370
0.164720	-0.010614
0.164800	-0.041992
0.164880	-0.010614
0.164960	-0.010614
0.165040	-0.041992
0.165120	-0.041992
0.165200	-0.041992
0.165280	-0.010614
0.165360	-0.010614
0.165440	0.020764
0.165520	-0.010614
0.165600	0.083519
0.165680	0.083519
0.165760	0.114897
0.165840	0.020764
0.165920	-0.104747
0.166000	-0.136125
0.166080	-0.136125
0.166160	-0.073370
0.166240	-0.041992
0.166320	0.020764
0.166400	0.052142
0.166480	0.083519
0.166560	0.114897
0.166640	0.209031
0.166720	0.209031
0.166800	0.240408
0.166880	0.240408
0.166960	0.114897
0.167040	-0.010614
0.167120	-0.073370
0.167200	-0.136125
0.167280	-0.073370
0.167360	-0.041992
0.167440	-0.136125
0.167520	-0.073370
0.167600	-0.104747
0.167680	-0.136125
0.167760	-0.167503
0.167840	-0.167503
0.167920	-0.198881
0.168000	-0.261636
0.168080	-0.230259
0.168160	-0.230259
0.168240	-0.324392
0.168320	-0.324392
0.168400	-0.387148
0.168480	-0.449903
0.168560	-0.481281
0.168640	-0.575415
0.168720	-0.575415
0.168800	-0.669548
0.168880	-0.606792
0.168960	-0.544037
0.169040	-0.449903
0.169120	-0.512659
0.169200	-0.512659
0.169280	-0.638170
0.169360	-0.700926
0.169440	-0.732304
0.169520	-0.795059
0.169600	-0.795059
0.169680	-0.763681
0.169760	-0.795059
0.169840	-0.763681
0.169920	-0.732304
0.170000	-0.826437
0.170080	-0.889193
0.170160	-0.857815
0.170240	-0.826437
0.170320	-0.889193
0.170400	-0.826437
0.170480	-0.795059
0.170560	-0.795059
0.170640	-0.826437
0.170720	-0.795059
0.170800	-0.857815
0.170880	-0.857815
0.170960	-0.857815
0.171040	-0.795059
0.171120	-0.826437
0.171200	-0.795059
0.171280	-0.826437
0.171360	-0.763681
0.171440	-0.795059
0.171520	-0.826437
0.171600	-0.826437
0.171680	-0.826437
0.171760	-0.826437
0.171840	-0.763681
0.171920	-0.826437
0.172000	-0.826437
0.172080	-0.826437
0.172160	-0.700926
0.172240	-0.732304
0.172320	-0.700926
0.172400	-0.732304
0.172480	-0.700926
0.172560	-0.795059
0.172640	-0.763681
0.172720	-0.700926
0.172800	-0.669548
0.172880	-0.732304
0.172960	-0.732304
0.173040	-0.669548
0.173120	-0.669548
0.173200	-0.638170
0.173280	-0.700926
0.173360	-0.669548
0.173440	-0.669548
0.173520	-0.638170
0.173600	-0.669548
0.173680	-0.575415
0.173760	-0.606792
0.173840	-0.606792
0.173920	-0.606792
0.174000	-0.544037
0.174080	-0.606792
0.174160	-0.544037
0.174240	-0.544037
0.174320	-0.481281
0.174400	-0.512659
0.174480	-0.544037
0.174560	-0.544037
0.174640	-0.544037
0.174720	-0.449903
0.174800	-0.449903
0.174880	-0.418525
0.174960	-0.355770
0.175040	-0.387148
0.175120	-0.324392
0.175200	-0.324392
0.175280	-0.324392
0.175360	-0.261636
0.175440	-0.167503
0.175520	-0.136125
0.175600	-0.136125
0.175680	-0.073370
0.175760	-0.073370
0.175840	-0.010614
0.175920	0.083519
0.176000	0.114897
0.176080	0.114897
0.176160	0.240408
0.176240	0.177653
0.176320	0.177653
0.176400	0.177653
0.176480	0.271786
0.176560	0.334542
0.176640	0.334542
0.176720	0.365920
0.176800	0.334542
0.176880	0.428675
0.176960	0.365920
0.177040	0.303164
0.177120	0.240408
0.177200	0.271786
0.177280	0.240408
0.177360	0.240408
0.177440	0.303164
0.177520	0.365920
0.177600	0.397297
0.177680	0.365920
0.177760	0.460053
0.177840	0.428675
0.177920	0.428675
0.178000	0.397297
0.178080	0.428675
0.178160	0.460053
0.178240	0.460053
0.178320	0.491431
0.178400	0.554187
0.178480	0.554187
0.178560	0.616942
0.178640	0.585564
0.178720	0.585564
0.178800	0.585564
0.178880	0.585564
0.178960	0.648320
0.179040	0.616942
0.179120	0.679698
0.179200	0.711076
0.179280	0.711076
0.179360	0.805209
0.179440	0.899342
0.179520	0.930720
0.179600	0.993476
0.179680	0.962098
0.179760	1.056230
0.179840	0.993476
0.179920	1.087610
0.180000	1.118990
0.180080	1.118990
0.180160	1.056230
0.180240	1.087610
0.180320	1.150360
0.180400	1.181740
0.180480	1.244500
0.180560	1.213120
0.180640	1.213120
0.180720	1.244500
0.180800	1.275880
0.180880	1.307250
0.180960	1.307250
0.181040	1.307250
0.181120	1.307250
0.181200	1.338630
0.181280	1.338630
0.181360	1.401390
0.181440	1.401390
0.181520	1.370010
0.181600	1.370010
0.181680	1.370010
0.181760	1.338630
0.181840	1.370010
0.181920	1.432770
0.182000	1.464140
0.182080	1.432770
0.182160	1.495520
0.182240	1.526900
0.182320	1.558280
0.182400	1.589650
0.182480	1.558280
0.182560	1.589650
0.182640	1.558280
0.182720	1.526900
0.182800	1.558280
0.182880	1.558280
0.182960	1.558280
0.183040	1.526900
0.183120	1.558280
0.183200	1.558280
0.183280	1.589650
0.183360	1.558280
0.183440	1.621030
0.183520	1.589650
0.183600	1.652410
0.183680	1.652410
0.183760	1.621030
0.183840	1.589650
0.183920	1.652410
0.184000	1.621030
0.184080	1.683790
0.184160	1.683790
0.184240	1.683790
0.184320	1.715170
0.184400	1.777920
0.184480	1.777920
0.184560	1.777920
0.184640	1.872050
0.184720	1.777920
0.184800	1.777920
0.184880	1.777920
0.184960	1.777920
0.185040	1.777920
0.185120	1.809300
0.185200	1.777920
0.185280	1.777920
0.185360	1.777920
0.185440	1.715170
0.185520	1.746540
0.185600	1.809300
0.185680	1.715170
0.185760	1.746540
0.185840	1.809300
0.185920	1.777920
0.186000	1.777920
0.186080	1.777920
0.186160	1.777920
0.186240	1.777920
0.186320	1.777920
0.186400	1.840680
0.186480	1.903430
0.186560	1.872050
0.186640	1.966190
0.186720	1.966190
0.186800	1.997570
0.186880	1.997570
0.186960	2.028940
0.187040	2.028940
0.187120	2.060320
0.187200	2.091700
0.187280	2.091700
0.187360	2.154450
0.187440	2.123080
0.187520	2.123080
0.187600	2.185830
0.187680	2.185830
0.187760	2.248590
0.187840	2.185830
0.187920	2.154450
0.188000	2.185830
0.188080	2.248590
0.188160	2.217210
0.188240	2.279970
0.188320	2.248590
0.188400	2.311340
0.188480	2.311340
0.188560	2.279970
0.188640	2.311340
0.188720	2.374100
0.188800	2.311340
0.188880	2.311340
0.188960	2.342720
0.189040	2.374100
0.189120	2.468230
0.189200	2.436860
0.189280	2.499610
0.189360	2.499610
0.189440	2.436860
0.189520	2.468230
0.189600	2.436860
0.189680	2.530990
0.189760	2.468230
0.189840	2.468230
0.189920	2.468230
0.190000	2.499610
0.190080	2.562370
0.190160	2.593740
0.190240	2.625120
0.190320	2.687880
0.190400	2.656500
0.190480	2.687880
0.190560	2.687880
0.190640	2.687880
0.190720	2.719260
0.190800	2.687880
0.190880	2.719260
0.190960	2.750630
0.191040	2.750630
0.191120	2.813390
0.191200	2.813390
0.191280	2.844770
0.191360	2.813390
0.191440	2.876140
0.191520	2.876140
0.191600	2.876140
0.191680	2.876140
0.191760	2.876140
0.191840	2.876140
0.191920	3.001660
0.192000	2.970280
0.192080	3.001660
0.192160	3.001660
0.192240	3.001660
0.192320	3.033030
0.192400	2.970280
0.192480	3.064410
0.192560	3.127170
0.192640	3.064410
0.192720	3.064410
0.192800	3.127170
0.192880	3.127170
0.192960	3.189920
0.193040	3.221300
0.193120	3.252680
0.193200	3.315430
0.193280	3.315430
0.193360	3.346810
0.193440	3.346810
0.193520	3.440940
0.193600	3.472320
0.193680	3.472320
0.193760	3.346810
0.193840	3.378190
0.193920	3.503700
0.194000	3.472320
0.194080	3.535080
0.194160	3.503700
0.194240	3.566460
0.194320	3.566460
0.194400	3.566460
0.194480	3.660590
0.194560	3.660590
0.194640	3.723350
0.194720	3.754720
0.194800	3.754720
0.194880	3.786100
0.194960	3.754720
0.195040	3.786100
0.195120	3.848860
0.195200	3.942990
0.195280	3.974370
0.195360	4.005750
0.195440	4.005750
0.195520	4.068500
0.195600	4.131260
0.195680	4.162630
0.195760	4.225390
0.195840	4.319520
0.195920	4.413660
0.196000	4.413660
0.196080	4.539170
0.196160	4.601920
0.196240	4.758810
0.196320	4.790190
0.196400	4.852950
0.196480	4.915700
0.196560	4.915700
0.196640	5.041210
0.196720	5.103970
0.196800	5.103970
0.196880	5.166720
0.196960	5.198100
0.197040	5.260860
0.197120	5.229480
0.197200	5.292240
0.197280	5.354990
0.197360	5.354990
0.197440	5.354990
0.197520	5.417750
0.197600	5.449120
0.197680	5.480500
0.197760	5.543260
0.197840	5.700150
0.197920	5.700150
0.198000	5.574640
0.198080	5.511880
0.198160	5.480500
0.198240	5.511880
0.198320	5.511880
0.198400	5.574640
0.198480	5.637390
0.198560	5.700150
0.198640	5.731520
0.198720	5.700150
0.198800	5.700150
0.198880	5.668770
0.198960	5.700150
0.199040	5.762900
0.199120	5.794280
0.199200	5.825660
0.199280	5.951170
0.199360	5.982550
0.199440	5.919790
0.199520	5.919790
0.199600	5.982550
0.199680	6.045300
0.199760	6.108060
0.199840	6.108060
0.199920	6.139440
0.200000	6.170810
0.200080	6.170810
0.200160	6.170810
0.200240	6.233570
0.200320	6.233570
0.200400	6.233570
0.200480	6.327700
0.200560	6.390460
0.200640	6.390460
0.200720	6.421840
0.200800	6.484590
0.200880	6.484590
0.200960	6.453210
0.201040	6.515970
0.201120	6.453210
0.201200	6.515970
0.201280	6.547350
0.201360	6.547350
0.201440	6.578730
0.201520	6.578730
0.201600	6.578730
0.201680	6.578730
0.201760	6.578730
0.201840	6.610100
0.201920	6.547350
0.202000	6.578730
0.202080	6.578730
0.202160	6.641480
0.202240	6.610100
0.202320	6.641480
0.202400	6.672860
0.202480	6.641480
0.202560	6.672860
0.202640	6.735610
0.202720	6.735610
0.202800	6.829750
0.202880	6.923880
0.202960	6.923880
0.203040	7.018010
0.203120	7.112150
0.203200	7.143530
0.203280	7.206280
0.203360	7.300420
0.203440	7.363170
0.203520	7.394550
0.203600	7.457300
0.203680	7.551440
0.203760	7.708330
0.203840	7.771080
0.203920	7.896590
0.204000	8.022110
0.204080	8.116240
0.204160	8.178990
0.204240	8.273130
0.204320	8.367260
0.204400	8.492770
0.204480	8.524150
0.204560	8.649660
0.204640	8.712420
0.204720	8.806550
0.204800	8.806550
0.204880	8.806550
0.204960	8.900680
0.205040	8.994820
0.205120	8.994820
0.205200	8.994820
0.205280	9.026190
0.205360	9.026190
0.205440	9.026190
0.205520	8.994820
0.205600	8.963440
0.205680	8.932060
0.205760	8.932060
0.205840	8.900680
0.205920	8.837930
0.206000	8.743790
0.206080	8.775170
0.206160	8.681040
0.206240	8.712420
0.206320	8.712420
0.206400	8.649660
0.206480	8.649660
0.206560	8.586910
0.206640	8.586910
0.206720	8.555530
0.206800	8.555530
0.206880	8.555530
0.206960	8.586910
0.207040	8.524150
0.207120	8.430020
0.207200	8.430020
0.207280	8.335880
0.207360	8.273130
0.207440	8.178990
0.207520	8.178990
0.207600	8.116240
0.207680	8.084860
0.207760	8.116240
0.207840	8.053480
0.207920	8.053480
0.208000	8.022110
0.208080	8.022110
0.208160	8.022110
0.208240	7.990730
0.208320	7.959350
0.208400	7.927970
0.208480	7.896590
0.208560	7.833840
0.208640	7.833840
0.208720	7.865220
0.208800	7.802460
0.208880	7.708330
0.208960	7.676950
0.209040	7.614190
0.209120	7.614190
0.209200	7.551440
0.209280	7.551440
0.209360	7.488680
0.209440	7.394550
0.209520	7.363170
0.209600	7.363170
0.209680	7.331790
0.209760	7.363170
0.209840	7.363170
0.209920	7.331790
0.210000	7.331790
0.210080	7.269040
0.210160	7.300420
0.210240	7.237660
0.210320	7.269040
0.210400	7.049390
0.210480	7.080770
0.210560	7.143530
0.210640	7.049390
0.210720	7.112150
0.210800	7.174900
0.210880	7.206280
0.210960	7.206280
0.211040	7.237660
0.211120	7.237660
0.211200	7.237660
0.211280	7.237660
0.211360	7.237660
0.211440	7.174900
0.211520	7.143530
0.211600	7.112150
0.211680	7.018010
0.211760	7.049390
0.211840	7.049390
0.211920	6.955260
0.212000	6.861130
0.212080	6.798370
0.212160	6.766990
0.212240	6.735610
0.212320	6.641480
0.212400	6.672860
0.212480	6.578730
0.212560	6.547350
0.212640	6.453210
0.212720	6.390460
0.212800	6.264950
0.212880	6.264950
0.212960	6.202190
0.213040	6.170810
0.213120	6.202190
0.213200	6.264950
0.213280	6.264950
0.213360	6.296330
0.213440	6.296330
0.213520	6.264950
0.213600	6.264950
0.213680	6.233570
0.213760	6.327700
0.213840	6.264950
0.213920	6.327700
0.214000	6.296330
0.214080	6.264950
0.214160	6.264950
0.214240	6.264950
0.214320	6.202190
0.214400	6.202190
0.214480	6.202190
0.214560	6.170810
0.214640	6.139440
0.214720	6.202190
0.214800	6.139440
0.214880	6.139440
0.214960	6.108060
0.215040	6.108060
0.215120	6.076680
0.215200	6.013930
0.215280	6.076680
0.215360	6.076680
0.215440	5.982550
0.215520	5.982550
0.215600	5.951170
0.215680	5.951170
0.215760	5.919790
0.215840	5.857040
0.215920	5.919790
0.216000	5.857040
0.216080	5.825660
0.216160	5.794280
0.216240	5.825660
0.216320	5.857040
0.216400	5.888410
0.216480	5.888410
0.216560	5.888410
0.216640	5.794280
0.216720	5.794280
0.216800	5.794280
0.216880	5.794280
0.216960	5.794280
0.217040	5.762900
0.217120	5.794280
0.217200	5.762900
0.217280	5.857040
0.217360	5.857040
0.217440	5.951170
0.217520	5.919790
0.217600	5.888410
0.217680	5.888410
0.217760	5.951170
0.217840	6.013930
0.217920	6.013930
0.218000	6.013930
0.218080	6.045300
0.218160	6.139440
0.218240	6.108060
0.218320	6.076680
0.218400	6.108060
0.218480	6.139440
0.218560	6.170810
0.218640	6.233570
0.218720	6.233570
0.218800	6.296330
0.218880	6.296330
0.218960	6.296330
0.219040	6.390460
0.219120	6.547350
0.219200	6.610100
0.219280	6.610100
0.219360	6.641480
0.219440	6.641480
0.219520	6.704240
0.219600	6.735610
0.219680	6.798370
0.219760	6.861130
0.219840	6.892500
0.219920	6.892500
0.220000	6.892500
0.220080	6.955260
0.220160	6.923880
0.220240	7.049390
0.220320	7.018010
0.220400	7.080770
0.220480	7.112150
0.220560	7.206280
0.220640	7.237660
0.220720	7.300420
0.220800	7.237660
0.220880	7.237660
0.220960	7.269040
0.221040	7.363170
0.221120	7.394550
0.221200	7.425930
0.221280	7.457300
0.221360	7.551440
0.221440	7.582820
0.221520	7.614190
0.221600	7.645570
0.221680	7.676950
0.221760	7.676950
0.221840	7.739700
0.221920	7.771080
0.222000	7.833840
0.222080	7.865220
0.222160	7.959350
0.222240	7.990730
0.222320	7.990730
0.222400	7.990730
0.222480	8.053480
0.222560	8.084860
0.222640	8.147620
0.222720	8.178990
0.222800	8.210370
0.222880	8.178990
0.222960	8.241750
0.223040	8.241750
0.223120	8.304510
0.223200	8.273130
0.223280	8.304510
0.223360	8.304510
0.223440	8.335880
0.223520	8.304510
0.223600	8.335880
0.223680	8.398640
0.223760	8.398640
0.223840	8.461390
0.223920	8.555530
0.224000	8.586910
0.224080	8.649660
0.224160	8.649660
0.224240	8.649660
0.224320	8.681040
0.224400	8.681040
0.224480	8.649660
0.224560	8.618280
0.224640	8.743790
0.224720	8.743790
0.224800	8.775170
0.224880	8.775170
0.224960	8.837930
0.225040	8.775170
0.225120	8.712420
0.225200	8.743790
0.225280	8.806550
0.225360	8.869310
0.225440	8.963440
0.225520	8.932060
0.225600	8.869310
0.225680	8.806550
0.225760	8.837930
0.225840	8.775170
0.225920	8.900680
0.226000	8.932060
0.226080	8.932060
0.226160	8.963440
0.226240	8.963440
0.226320	8.963440
0.226400	8.900680
0.226480	8.932060
0.226560	8.963440
0.226640	8.900680
0.226720	8.963440
0.226800	8.869310
0.226880	8.712420
0.226960	8.869310
0.227040	8.994820
0.227120	8.994820
0.227200	9.026190
0.227280	8.963440
0.227360	8.994820
0.227440	8.963440
0.227520	8.963440
0.227600	9.026190
0.227680	9.026190
0.227760	9.026190
0.227840	9.026190
0.227920	9.057570
0.228000	9.057570
0.228080	9.026190
0.228160	9.057570
0.228240	9.026190
0.228320	9.057570
0.228400	9.120330
0.228480	9.151710
0.228560	9.057570
0.228640	9.088950
0.228720	9.120330
0.228800	9.026190
0.228880	9.026190
0.228960	9.057570
0.229040	9.057570
0.229120	9.088950
0.229200	9.088950
0.229280	9.057570
0.229360	9.088950
0.229440	9.057570
0.229520	9.026190
0.229600	9.057570
0.229680	9.026190
0.229760	9.057570
0.229840	9.026190
0.229920	8.994820
0.230000	9.057570
0.230080	9.088950
0.230160	9.120330
0.230240	9.088950
0.230320	8.994820
0.230400	8.994820
0.230480	8.994820
0.230560	9.057570
0.230640	9.088950
0.230720	9.120330
0.230800	9.088950
0.230880	9.120330
0.230960	9.088950
0.231040	9.120330
0.231120	9.120330
0.231200	9.151710
0.231280	9.151710
0.231360	9.183080
0.231440	9.245840
0.231520	9.339970
0.231600	9.277220
0.231680	9.308590
0.231760	9.277220
0.231840	9.402730
0.231920	9.434110
0.232000	9.465480
0.232080	9.434110
0.232160	9.496860
0.232240	9.496860
0.232320	9.496860
0.232400	9.653750
0.232480	9.622370
0.232560	9.653750
0.232640	9.622370
0.232720	9.685130
0.232800	9.685130
0.232880	9.716510
0.232960	9.779260
0.233040	9.842020
0.233120	9.842020
0.233200	9.873400
0.233280	9.779260
0.233360	9.810640
0.233440	9.842020
0.233520	9.998910
0.233600	9.904770
0.233680	9.873400
0.233760	9.842020
0.233840	9.810640
0.233920	9.842020
0.234000	9.873400
0.234080	9.904770
0.234160	9.873400
0.234240	9.842020
0.234320	9.779260
0.234400	9.779260
0.234480	9.779260
0.234560	9.779260
0.234640	9.779260
0.234720	9.779260
0.234800	9.716510
0.234880	9.622370
0.234960	9.590990
0.235040	9.590990
0.235120	9.496860
0.235200	9.434110
0.235280	9.308590
0.235360	9.214460
0.235440	9.088950
0.235520	9.057570
0.235600	8.963440
0.235680	8.963440
0.235760	8.869310
0.235840	8.806550
0.235920	8.837930
0.236000	8.806550
0.236080	8.837930
0.236160	8.806550
0.236240	8.837930
0.236320	8.869310
0.236400	8.869310
0.236480	8.900680
0.236560	8.932060
0.236640	8.869310
0.236720	8.900680
0.236800	8.869310
0.236880	8.806550
0.236960	8.806550
0.237040	8.743790
0.237120	8.743790
0.237200	8.743790
0.237280	8.743790
0.237360	8.712420
0.237440	8.712420
0.237520	8.681040
0.237600	8.681040
0.237680	8.681040
0.237760	8.649660
0.237840	8.681040
0.237920	8.681040
0.238000	8.681040
0.238080	8.649660
0.238160	8.649660
0.238240	8.649660
0.238320	8.649660
0.238400	8.743790
0.238480	8.618280
0.238560	8.618280
0.238640	8.586910
0.238720	8.586910
0.238800	8.586910
0.238880	8.586910
0.238960	8.492770
0.239040	8.430020
0.239120	8.430020
0.239200	8.367260
0.239280	8.335880
0.239360	8.304510
0.239440	8.210370
0.239520	8.210370
0.239600	8.116240
0.239680	8.147620
0.239760	8.053480
0.239840	7.990730
0.239920	7.927970
0.240000	7.865220
0.240080	7.802460
0.240160	7.771080
0.240240	7.708330
0.240320	7.708330
0.240400	7.614190
0.240480	7.551440
0.240560	7.488680
0.240640	7.488680
0.240720	7.363170
0.240800	7.331790
0.240880	7.237660
0.240960	7.206280
0.241040	7.174900
0.241120	7.143530
0.241200	7.112150
0.241280	7.049390
0.241360	7.049390
0.241440	6.955260
0.241520	6.892500
0.241600	6.861130
0.241680	6.861130
0.241760	6.766990
0.241840	6.798370
0.241920	6.704240
0.242000	6.641480
0.242080	6.547350
0.242160	6.578730
0.242240	6.547350
0.242320	6.421840
0.242400	6.359080
0.242480	6.296330
0.242560	6.264950
0.242640	6.233570
0.242720	6.233570
0.242800	6.139440
0.242880	6.045300
0.242960	5.982550
0.243040	5.919790
0.243120	5.919790
0.243200	5.825660
0.243280	5.794280
0.243360	5.731520
0.243440	5.731520
0.243520	5.700150
0.243600	5.606010
0.243680	5.574640
0.243760	5.480500
0.243840	5.417750
0.243920	5.354990
0.244000	5.323610
0.244080	5.323610
0.244160	5.323610
0.244240	5.229480
0.244320	5.166720
0.244400	5.103970
0.244480	5.072590
0.244560	5.072590
0.244640	5.041210
0.244720	5.009840
0.244800	4.884320
0.244880	4.915700
0.244960	4.758810
0.245040	4.758810
0.245120	4.852950
0.245200	4.696060
0.245280	4.727440
0.245360	4.696060
0.245440	4.696060
0.245520	4.696060
0.245600	4.664680
0.245680	4.601920
0.245760	4.601920
0.245840	4.633300
0.245920	4.601920
0.246000	4.570550
0.246080	4.570550
0.246160	4.539170
0.246240	4.476410
0.246320	4.476410
0.246400	4.445030
0.246480	4.445030
0.246560	4.476410
0.246640	4.382280
0.246720	4.382280
0.246800	4.319520
0.246880	4.319520
0.246960	4.319520
0.247040	4.288150
0.247120	4.256770
0.247200	4.319520
0.247280	4.256770
0.247360	4.225390
0.247440	4.288150
0.247520	4.256770
0.247600	4.256770
0.247680	4.256770
0.247760	4.225390
0.247840	4.225390
0.247920	4.225390
0.248000	4.225390
0.248080	4.162630
0.248160	4.099880
0.248240	4.162630
0.248320	4.131260
0.248400	4.131260
0.248480	4.099880
0.248560	4.099880
0.248640	4.099880
0.248720	4.099880
0.248800	4.099880
0.248880	4.099880
0.248960	4.099880
0.249040	4.005750
0.249120	3.942990
0.249200	3.942990
0.249280	3.911610
0.249360	3.880230
0.249440	3.880230
0.249520	3.848860
0.249600	3.848860
0.249680	3.848860
0.249760	3.880230
0.249840	3.848860
0.249920	3.848860
0.250000	3.817480
0.250080	3.786100
0.250160	3.786100
0.250240	3.817480
0.250320	3.754720
0.250400	3.691970
0.250480	3.786100
0.250560	3.723350
0.250640	3.691970
0.250720	3.629210
0.250800	3.629210
0.250880	3.629210
0.250960	3.629210
0.251040	3.691970
0.251120	3.597830
0.251200	3.629210
0.251280	3.597830
0.251360	3.566460
0.251440	3.535080
0.251520	3.503700
0.251600	3.503700
0.251680	3.503700
0.251760	3.535080
0.251840	3.503700
0.251920	3.503700
0.252000	3.535080
0.252080	3.440940
0.252160	3.440940
0.252240	3.472320
0.252320	3.440940
0.252400	3.440940
0.252480	3.409570
0.252560	3.409570
0.252640	3.346810
0.252720	3.378190
0.252800	3.409570
0.252880	3.346810
0.252960	3.346810
0.253040	3.346810
0.253120	3.346810
0.253200	3.346810
0.253280	3.315430
0.253360	3.315430
0.253440	3.346810
0.253520	3.315430
0.253600	3.315430
0.253680	3.252680
0.253760	3.221300
0.253840	3.189920
0.253920	3.189920
0.254000	3.221300
0.254080	3.127170
0.254160	3.158540
0.254240	3.127170
0.254320	3.095790
0.254400	3.095790
0.254480	3.095790
0.254560	3.095790
0.254640	3.001660
0.254720	3.001660
0.254800	3.001660
0.254880	3.001660
0.254960	2.970280
0.255040	2.938900
0.255120	2.970280
0.255200	2.907520
0.255280	2.938900
0.255360	2.844770
0.255440	2.938900
0.255520	2.844770
0.255600	2.876140
0.255680	2.813390
0.255760	2.782010
0.255840	2.782010
0.255920	2.813390
0.256000	2.750630
0.256080	2.719260
0.256160	2.719260
0.256240	2.687880
0.256320	2.687880
0.256400	2.656500
0.256480	2.656500
0.256560	2.625120
0.256640	2.625120
0.256720	2.593740
0.256800	2.625120
0.256880	2.625120
0.256960	2.562370
0.257040	2.499610
0.257120	2.468230
0.257200	2.499610
0.257280	2.499610
0.257360	2.468230
0.257440	2.499610
0.257520	2.436860
0.257600	2.405480
0.257680	2.342720
0.257760	2.374100
0.257840	2.374100
0.257920	2.342720
0.258000	2.248590
0.258080	2.279970
0.258160	2.248590
0.258240	2.217210
0.258320	2.248590
0.258400	2.248590
0.258480	2.217210
0.258560	2.154450
0.258640	2.154450
0.258720	2.091700
0.258800	2.091700
0.258880	2.091700
0.258960	2.091700
0.259040	2.060320
0.259120	2.060320
0.259200	1.997570
0.259280	2.060320
0.259360	1.966190
0.259440	2.028940
0.259520	1.966190
0.259600	1.934810
0.259680	1.934810
0.259760	1.934810
0.259840	1.872050
0.259920	1.903430
0.260000	1.934810
0.260080	1.903430
0.260160	1.997570
0.260240	1.840680
0.260320	1.777920
0.260400	1.715170
0.260480	1.715170
0.260560	1.683790
0.260640	1.621030
0.260720	1.621030
0.260800	1.621030
0.260880	1.621030
0.260960	1.589650
0.261040	1.558280
0.261120	1.526900
0.261200	1.495520
0.261280	1.558280
0.261360	1.464140
0.261440	1.464140
0.261520	1.464140
0.261600	1.401390
0.261680	1.401390
0.261760	1.370010
0.261840	1.370010
0.261920	1.307250
0.262000	1.307250
0.262080	1.275880
0.262160	1.244500
0.262240	1.213120
0.262320	1.244500
0.262400	1.150360
0.262480	1.118990
0.262560	1.118990
0.262640	1.087610
0.262720	1.087610
0.262800	1.118990
0.262880	1.118990
0.262960	1.056230
0.263040	1.087610
0.263120	1.087610
0.263200	1.087610
0.263280	1.087610
0.263360	1.087610
0.263440	1.024850
0.263520	1.056230
0.263600	1.024850
0.263680	1.056230
0.263760	0.993476
0.263840	0.930720
0.263920	0.962098
0.264000	0.993476
0.264080	0.899342
0.264160	0.930720
0.264240	0.930720
0.264320	0.993476
0.264400	0.993476
0.264480	0.899342
0.264560	0.899342
0.264640	0.899342
0.264720	0.899342
0.264800	0.867965
0.264880	0.899342
0.264960	0.867965
0.265040	0.867965
0.265120	0.899342
0.265200	0.899342
0.265280	0.899342
0.265360	0.899342
0.265440	0.899342
0.265520	0.867965
0.265600	0.899342
0.265680	0.899342
0.265760	0.867965
0.265840	0.836587
0.265920	0.836587
0.266000	0.805209
0.266080	0.867965
0.266160	0.867965
0.266240	0.836587
0.266320	0.836587
0.266400	0.867965
0.266480	0.805209
0.266560	0.836587
0.266640	0.805209
0.266720	0.805209
0.266800	0.867965
0.266880	0.805209
0.266960	0.836587
0.267040	0.867965
0.267120	0.867965
0.267200	0.836587
0.267280	0.805209
0.267360	0.773831
0.267440	0.773831
0.267520	0.742453
0.267600	0.711076
0.267680	0.711076
0.267760	0.711076
0.267840	0.711076
0.267920	0.711076
0.268000	0.711076
0.268080	0.679698
0.268160	0.679698
0.268240	0.585564
0.268320	0.648320
0.268400	0.616942
0.268480	0.616942
0.268560	0.616942
0.268640	0.585564
0.268720	0.554187
0.268800	0.554187
0.268880	0.522809
0.268960	0.554187
0.269040	0.491431
0.269120	0.460053
0.269200	0.522809
0.269280	0.491431
0.269360	0.491431
0.269440	0.460053
0.269520	0.491431
0.269600	0.491431
0.269680	0.491431
0.269760	0.491431
0.269840	0.428675
0.269920	0.460053
0.270000	0.428675
0.270080	0.428675
0.270160	0.428675
0.270240	0.460053
0.270320	0.428675
0.270400	0.397297
0.270480	0.428675
0.270560	0.397297
0.270640	0.460053
0.270720	0.428675
0.270800	0.428675
0.270880	0.428675
0.270960	0.460053
0.271040	0.428675
0.271120	0.397297
0.271200	0.397297
0.271280	0.491431
0.271360	0.428675
0.271440	0.428675
0.271520	0.397297
0.271600	0.397297
0.271680	0.397297
0.271760	0.460053
0.271840	0.491431
0.271920	0.428675
0.272000	0.491431
0.272080	0.460053
0.272160	0.428675
0.272240	0.460053
0.272320	0.460053
0.272400	0.460053
0.272480	0.428675
0.272560	0.460053
0.272640	0.428675
0.272720	0.460053
0.272800	0.365920
0.272880	0.428675
0.272960	0.428675
0.273040	0.460053
0.273120	0.491431
0.273200	0.585564
0.273280	0.522809
0.273360	0.522809
0.273440	0.585564
0.273520	0.554187
0.273600	0.554187
0.273680	0.554187
0.273760	0.491431
0.273840	0.554187
0.273920	0.522809
0.274000	0.522809
0.274080	0.491431
0.274160	0.522809
0.274240	0.585564
0.274320	0.616942
0.274400	0.616942
0.274480	0.648320
0.274560	0.585564
0.274640	0.585564
0.274720	0.554187
0.274800	0.585564
0.274880	0.585564
0.274960	0.554187
0.275040	0.554187
0.275120	0.585564
0.275200	0.554187
0.275280	0.554187
0.275360	0.554187
0.275440	0.522809
0.275520	0.522809
0.275600	0.522809
0.275680	0.585564
0.275760	0.554187
0.275840	0.522809
0.275920	0.522809
0.276000	0.491431
0.276080	0.522809
0.276160	0.522809
0.276240	0.522809
0.276320	0.428675
0.276400	0.522809
0.276480	0.522809
0.276560	0.491431
0.276640	0.522809
0.276720	0.491431
0.276800	0.554187
0.276880	0.585564
0.276960	0.711076
0.277040	0.679698
0.277120	0.648320
0.277200	0.648320
0.277280	0.585564
0.277360	0.585564
0.277440	0.616942
0.277520	0.616942
0.277600	0.522809
0.277680	0.585564
0.277760	0.616942
0.277840	0.585564
0.277920	0.616942
0.278000	0.648320
0.278080	0.648320
0.278160	0.648320
0.278240	0.679698
0.278320	0.711076
0.278400	0.742453
0.278480	0.773831
0.278560	0.742453
0.278640	0.773831
0.278720	0.867965
0.278800	0.867965
0.278880	0.867965
0.278960	0.867965
0.279040	0.930720
0.279120	0.899342
0.279200	0.962098
0.279280	0.993476
0.279360	0.962098
0.279440	0.962098
0.279520	1.024850
0.279600	1.024850
0.279680	1.024850
0.279760	1.056230
0.279840	1.150360
0.279920	1.056230
0.280000	0.993476
0.280080	1.056230
0.280160	1.087610
0.280240	1.150360
0.280320	1.118990
0.280400	1.118990
0.280480	1.056230
0.280560	1.087610
0.280640	1.087610
0.280720	1.056230
0.280800	1.024850
0.280880	1.056230
0.280960	1.087610
0.281040	1.087610
0.281120	1.118990
0.281200	1.087610
0.281280	1.118990
0.281360	1.118990
0.281440	1.150360
0.281520	1.118990
0.281600	1.150360
0.281680	1.087610
0.281760	1.181740
0.281840	1.150360
0.281920	1.181740
0.282000	1.181740
0.282080	1.181740
0.282160	1.213120
0.282240	1.275880
0.282320	1.307250
0.282400	1.244500
0.282480	1.244500
0.282560	1.307250
0.282640	1.307250
0.282720	1.307250
0.282800	1.338630
0.282880	1.307250
0.282960	1.338630
0.283040	1.338630
0.283120	1.370010
0.283200	1.464140
0.283280	1.432770
0.283360	1.464140
0.283440	1.432770
0.283520	1.464140
0.283600	1.464140
0.283680	1.432770
0.283760	1.464140
0.283840	1.432770
0.283920	1.495520
0.284000	1.526900
0.284080	1.558280
0.284160	1.526900
0.284240	1.558280
0.284320	1.558280
0.284400	1.558280
0.284480	1.526900
0.284560	1.526900
0.284640	1.558280
0.284720	1.558280
0.284800	1.589650
0.284880	1.589650
0.284960	1.558280
0.285040	1.558280
0.285120	1.589650
0.285200	1.683790
0.285280	1.621030
0.285360	1.715170
0.285440	1.652410
0.285520	1.652410
0.285600	1.683790
0.285680	1.683790
0.285760	1.652410
0.285840	1.683790
0.285920	1.652410
0.286000	1.683790
0.286080	1.683790
0.286160	1.652410
0.286240	1.652410
0.286320	1.652410
0.286400	1.715170
0.286480	1.746540
0.286560	1.777920
0.286640	1.746540
0.286720	1.746540
0.286800	1.777920
0.286880	1.746540
0.286960	1.777920
0.287040	1.746540
0.287120	1.746540
0.287200	1.746540
0.287280	1.715170
0.287360	1.777920
0.287440	1.715170
0.287520	1.746540
0.287600	1.746540
0.287680	1.746540
0.287760	1.777920
0.287840	1.809300
0.287920	1.809300
0.288000	1.809300
0.288080	1.809300
0.288160	1.809300
0.288240	1.809300
0.288320	1.777920
0.288400	1.809300
0.288480	1.809300
0.288560	1.777920
0.288640	1.809300
0.288720	1.809300
0.288800	1.809300
0.288880	1.777920
0.288960	1.746540
0.289040	1.809300
0.289120	1.746540
0.289200	1.777920
0.289280	1.746540
0.289360	1.777920
0.289440	1.777920
0.289520	1.777920
0.289600	1.777920
0.289680	1.809300
0.289760	1.715170
0.289840	1.777920
0.289920	1.809300
0.290000	1.777920
0.290080	1.777920
0.290160	1.777920
0.290240	1.777920
0.290320	1.809300
0.290400	1.777920
0.290480	1.809300
0.290560	1.840680
0.290640	1.840680
0.290720	1.809300
0.290800	1.809300
0.290880	1.809300
0.290960	1.777920
0.291040	1.809300
0.291120	1.777920
0.291200	1.809300
0.291280	1.777920
0.291360	1.777920
0.291440	1.809300
0.291520	1.809300
0.291600	1.777920
0.291680	1.840680
0.291760	1.840680
0.291840	1.840680
0.291920	1.840680
0.292000	1.777920
0.292080	1.809300
0.292160	1.840680
0.292240	1.809300
0.292320	1.872050
0.292400	1.840680
0.292480	1.809300
0.292560	1.872050
0.292640	1.840680
0.292720	1.872050
0.292800	1.903430
0.292880	1.872050
0.292960	1.872050
0.293040	1.903430
0.293120	1.872050
0.293200	1.903430
0.293280	1.934810
0.293360	1.903430
0.293440	1.872050
0.293520	1.840680
0.293600	1.840680
0.293680	2.091700
0.293760	1.966190
0.293840	2.028940
0.293920	1.997570
0.294000	1.997570
0.294080	1.997570
0.294160	1.997570
0.294240	1.997570
0.294320	1.997570
0.294400	1.997570
0.294480	1.966190
0.294560	1.997570
0.294640	2.028940
0.294720	1.997570
0.294800	2.060320
0.294880	1.966190
0.294960	1.997570
0.295040	1.997570
0.295120	1.997570
0.295200	2.028940
0.295280	2.028940
0.295360	2.060320
0.295440	1.997570
0.295520	2.091700
0.295600	2.091700
0.295680	2.028940
0.295760	1.997570
0.295840	2.028940
0.295920	2.028940
0.296000	2.028940
0.296080	2.028940
0.296160	2.060320
0.296240	1.966190
0.296320	1.934810
0.296400	1.934810
0.296480	1.903430
0.296560	1.872050
0.296640	1.872050
0.296720	1.809300
0.296800	1.840680
0.296880	1.777920
0.296960	1.746540
0.297040	1.746540
0.297120	1.777920
0.297200	1.746540
0.297280	1.715170
0.297360	1.715170
0.297440	1.746540
0.297520	1.777920
0.297600	1.715170
0.297680	1.777920
0.297760	1.777920
0.297840	1.777920
0.297920	1.809300
0.298000	1.809300
0.298080	1.903430
0.298160	1.872050
0.298240	1.934810
0.298320	1.872050
0.298400	1.934810
0.298480	1.934810
0.298560	1.966190
0.298640	1.997570
0.298720	1.997570
0.298800	1.997570
0.298880	1.997570
0.298960	1.966190
0.299040	2.028940
0.299120	2.060320
0.299200	1.997570
0.299280	1.997570
0.299360	1.997570
0.299440	2.028940
0.299520	2.060320
0.299600	2.060320
0.299680	2.028940
0.299760	2.060320
0.299840	2.028940
0.299920	1.997570
0.300000	2.028940
0.300080	1.966190
0.300160	1.997570
0.300240	1.966190
0.300320	1.997570
0.300400	1.966190
0.300480	1.903430
0.300560	1.903430
0.300640	1.903430
0.300720	1.872050
0.300800	1.903430
0.300880	1.872050
0.300960	1.934810
0.301040	1.903430
0.301120	1.872050
0.301200	1.872050
0.301280	1.840680
0.301360	1.809300
0.301440	1.840680
0.301520	1.840680
0.301600	1.903430
0.301680	1.872050
0.301760	1.872050
0.301840	1.872050
0.301920	1.840680
0.302000	1.809300
0.302080	1.840680
0.302160	1.840680
0.302240	1.872050
0.302320	1.872050
0.302400	1.840680
0.302480	1.872050
0.302560	1.872050
0.302640	1.872050
0.302720	1.872050
0.302800	1.840680
0.302880	1.872050
0.302960	1.903430
0.303040	1.840680
0.303120	1.872050
0.303200	1.903430
0.303280	1.872050
0.303360	1.872050
0.303440	1.840680
0.303520	1.872050
0.303600	1.872050
0.303680	1.903430
0.303760	1.840680
0.303840	1.872050
0.303920	1.872050
0.304000	1.840680
0.304080	1.840680
0.304160	1.840680
0.304240	1.903430
0.304320	1.872050
0.304400	1.872050
0.304480	1.872050
0.304560	1.840680
0.304640	1.903430
0.304720	1.872050
0.304800	1.840680
0.304880	1.840680
0.304960	1.872050
0.305040	1.840680
0.305120	1.809300
0.305200	1.840680
0.305280	1.777920
0.305360	1.840680
0.305440	1.809300
0.305520	1.809300
0.305600	1.840680
0.305680	1.809300
0.305760	1.777920
0.305840	1.777920
0.305920	1.840680
0.306000	1.746540
0.306080	1.746540
0.306160	1.746540
0.306240	1.777920
0.306320	1.777920
0.306400	1.746540
0.306480	1.746540
0.306560	1.777920
0.306640	1.746540
0.306720	1.777920
0.306800	1.777920
0.306880	1.715170
0.306960	1.683790
0.307040	1.683790
0.307120	1.715170
0.307200	1.683790
0.307280	1.683790
0.307360	1.683790
0.307440	1.652410
0.307520	1.652410
0.307600	1.652410
0.307680	1.621030
0.307760	1.589650
0.307840	1.589650
0.307920	1.558280
0.308000	1.589650
0.308080	1.526900
0.308160	1.526900
0.308240	1.526900
0.308320	1.495520
0.308400	1.464140
0.308480	1.432770
0.308560	1.432770
0.308640	1.464140
0.308720	1.432770
0.308800	1.432770
0.308880	1.464140
0.308960	1.432770
0.309040	1.401390
0.309120	1.370010
0.309200	1.370010
0.309280	1.370010
0.309360	1.307250
0.309440	1.370010
0.309520	1.370010
0.309600	1.338630
0.309680	1.370010
0.309760	1.338630
0.309840	1.401390
0.309920	1.401390
0.310000	1.338630
