-0.020080	0.037517
-0.020000	0.025268
-0.019920	0.025268
-0.019840	0.049768
-0.019760	0.049768
-0.019680	0.062018
-0.019600	0.049768
-0.019520	0.025268
-0.019440	0.025268
-0.019360	0.037517
-0.019280	0.049768
-0.019200	0.013017
-0.019120	0.000767
-0.019040	0.000767
-0.018960	-0.011482
-0.018880	-0.011482
-0.018800	-0.011482
-0.018720	-0.035983
-0.018640	-0.048232
-0.018560	-0.060482
-0.018480	-0.060482
-0.018400	-0.072733
-0.018320	-0.097232
-0.018240	-0.097232
-0.018160	-0.084982
-0.018080	-0.072733
-0.018000	-0.072733
-0.017920	-0.072733
-0.017840	-0.035983
-0.017760	-0.035983
-0.017680	0.000767
-0.017600	0.025268
-0.017520	0.013017
-0.017440	0.037517
-0.017360	0.062018
-0.017280	0.062018
-0.017200	0.074267
-0.017120	0.086517
-0.017040	0.062018
-0.016960	0.074267
-0.016880	0.111020
-0.016800	0.098767
-0.016720	0.086517
-0.016640	0.074267
-0.016560	0.086517
-0.016480	0.049768
-0.016400	0.037517
-0.016320	0.025268
-0.016240	0.025268
-0.016160	0.013017
-0.016080	-0.011482
-0.016000	-0.011482
-0.015920	-0.035983
-0.015840	-0.035983
-0.015760	-0.048232
-0.015680	-0.035983
-0.015600	-0.048232
-0.015520	-0.035983
-0.015440	-0.023733
-0.015360	-0.023733
-0.015280	-0.023733
-0.015200	-0.023733
-0.015120	0.000767
-0.015040	0.000767
-0.014960	0.025268
-0.014880	0.074267
-0.014800	0.074267
-0.014720	0.074267
-0.014640	0.074267
-0.014560	0.074267
-0.014480	0.111020
-0.014400	0.098767
-0.014320	0.098767
-0.014240	0.086517
-0.014160	0.098767
-0.014080	0.098767
-0.014000	0.074267
-0.013920	0.062018
-0.013840	0.025268
-0.013760	0.025268
-0.013680	0.013017
-0.013600	-0.011482
-0.013520	-0.048232
-0.013440	-0.035983
-0.013360	-0.048232
-0.013280	-0.048232
-0.013200	-0.048232
-0.013120	-0.048232
-0.013040	-0.060482
-0.012960	-0.048232
-0.012880	-0.035983
-0.012800	-0.023733
-0.012720	0.000767
-0.012640	0.000767
-0.012560	0.037517
-0.012480	0.049768
-0.012400	0.074267
-0.012320	0.098767
-0.012240	0.062018
-0.012160	0.098767
-0.012080	0.111020
-0.012000	0.123270
-0.011920	0.111020
-0.011840	0.135520
-0.011760	0.135520
-0.011680	0.135520
-0.011600	0.123270
-0.011520	0.098767
-0.011440	0.086517
-0.011360	0.086517
-0.011280	0.062018
-0.011200	0.049768
-0.011120	0.025268
-0.011040	0.000767
-0.010960	0.000767
-0.010880	0.000767
-0.010800	-0.011482
-0.010720	-0.023733
-0.010640	-0.035983
-0.010560	-0.035983
-0.010480	-0.023733
-0.010400	-0.048232
-0.010320	-0.023733
-0.010240	-0.023733
-0.010160	0.000767
-0.010080	-0.011482
-0.010000	-0.011482
-0.009920	-0.011482
-0.009840	0.025268
-0.009760	0.025268
-0.009680	0.049768
-0.009600	0.074267
-0.009520	0.086517
-0.009440	0.111020
-0.009360	0.098767
-0.009280	0.111020
-0.009200	0.098767
-0.009120	0.098767
-0.009040	0.098767
-0.008960	0.086517
-0.008880	0.098767
-0.008800	0.074267
-0.008720	0.086517
-0.008640	0.062018
-0.008560	0.025268
-0.008480	0.037517
-0.008400	0.049768
-0.008320	0.037517
-0.008240	0.013017
-0.008160	0.013017
-0.008080	0.000767
-0.008000	0.000767
-0.007920	-0.023733
-0.007840	-0.011482
-0.007760	-0.023733
-0.007680	0.000767
-0.007600	0.000767
-0.007520	0.013017
-0.007440	0.037517
-0.007360	0.025268
-0.007280	0.049768
-0.007200	0.062018
-0.007120	0.074267
-0.007040	0.098767
-0.006960	0.098767
-0.006880	0.098767
-0.006800	0.123270
-0.006720	0.135520
-0.006640	0.123270
-0.006560	0.160020
-0.006480	0.147770
-0.006400	0.135520
-0.006320	0.135520
-0.006240	0.123270
-0.006160	0.098767
-0.006080	0.098767
-0.006000	0.074267
-0.005920	0.062018
-0.005840	0.049768
-0.005760	0.049768
-0.005680	0.013017
-0.005600	0.013017
-0.005520	0.000767
-0.005440	-0.035983
-0.005360	-0.035983
-0.005280	-0.048232
-0.005200	-0.023733
-0.005120	-0.011482
-0.005040	0.000767
-0.004960	0.000767
-0.004880	0.025268
-0.004800	0.049768
-0.004720	0.074267
-0.004640	0.086517
-0.004560	0.111020
-0.004480	0.123270
-0.004400	0.123270
-0.004320	0.147770
-0.004240	0.147770
-0.004160	0.147770
-0.004080	0.184520
-0.004000	0.196770
-0.003920	0.184520
-0.003840	0.184520
-0.003760	0.172270
-0.003680	0.160020
-0.003600	0.135520
-0.003520	0.135520
-0.003440	0.135520
-0.003360	0.111020
-0.003280	0.098767
-0.003200	0.098767
-0.003120	0.098767
-0.003040	0.086517
-0.002960	0.062018
-0.002880	0.049768
-0.002800	0.037517
-0.002720	0.037517
-0.002640	0.062018
-0.002560	0.062018
-0.002480	0.062018
-0.002400	0.074267
-0.002320	0.074267
-0.002240	0.074267
-0.002160	0.111020
-0.002080	0.135520
-0.002000	0.147770
-0.001920	0.160020
-0.001840	0.172270
-0.001760	0.172270
-0.001680	0.184520
-0.001600	0.184520
-0.001520	0.221270
-0.001440	0.209020
-0.001360	0.221270
-0.001280	0.209020
-0.001200	0.245770
-0.001120	0.221270
-0.001040	0.221270
-0.000960	0.221270
-0.000880	0.196770
-0.000800	0.184520
-0.000720	0.147770
-0.000640	0.147770
-0.000560	0.135520
-0.000480	0.111020
-0.000400	0.123270
-0.000320	0.135520
-0.000240	0.123270
-0.000160	0.098767
-0.000080	0.135520
0.000000	0.135520
0.000080	0.147770
0.000160	0.172270
0.000240	0.160020
0.000320	0.196770
0.000400	0.196770
0.000480	0.196770
0.000560	0.196770
0.000640	0.233520
0.000720	0.221270
0.000800	0.258020
0.000880	0.258020
0.000960	0.270270
0.001040	0.282520
0.001120	0.294770
0.001200	0.282520
0.001280	0.282520
0.001360	0.294770
0.001440	0.282520
0.001520	0.307020
0.001600	0.307020
0.001680	0.294770
0.001760	0.307020
0.001840	0.294770
0.001920	0.282520
0.002000	0.258020
0.002080	0.233520
0.002160	0.221270
0.002240	0.233520
0.002320	0.221270
0.002400	0.221270
0.002480	0.233520
0.002560	0.245770
0.002640	0.270270
0.002720	0.258020
0.002800	0.221270
0.002880	0.270270
0.002960	0.270270
0.003040	0.282520
0.003120	0.294770
0.003200	0.307020
0.003280	0.319270
0.003360	0.331520
0.003440	0.343770
0.003520	0.331520
0.003600	0.368270
0.003680	0.343770
0.003760	0.368270
0.003840	0.392770
0.003920	0.417270
0.004000	0.405020
0.004080	0.441770
0.004160	0.466270
0.004240	0.478520
0.004320	0.478520
0.004400	0.478520
0.004480	0.478520
0.004560	0.478520
0.004640	0.490770
0.004720	0.503020
0.004800	0.515270
0.004880	0.490770
0.004960	0.503020
0.005040	0.515270
0.005120	0.490770
0.005200	0.503020
0.005280	0.503020
0.005360	0.515270
0.005440	0.503020
0.005520	0.527520
0.005600	0.539770
0.005680	0.552020
0.005760	0.576520
0.005840	0.613270
0.005920	0.613270
0.006000	0.637770
0.006080	0.650020
0.006160	0.686770
0.006240	0.711270
0.006320	0.735770
0.006400	0.748020
0.006480	0.772520
0.006560	0.821520
0.006640	0.846020
0.006720	0.870520
0.006800	0.907270
0.006880	0.907270
0.006960	0.956270
0.007040	0.980770
0.007120	0.993020
0.007200	1.029800
0.007280	1.017500
0.007360	1.029800
0.007440	1.054300
0.007520	1.042000
0.007600	1.091000
0.007680	1.091000
0.007760	1.115500
0.007840	1.140000
0.007920	1.115500
0.008000	1.127800
0.008080	1.140000
0.008160	1.152300
0.008240	1.152300
0.008320	1.176800
0.008400	1.189000
0.008480	1.213500
0.008560	1.201300
0.008640	1.225800
0.008720	1.238000
0.008800	1.274800
0.008880	1.274800
0.008960	1.262500
0.009040	1.299300
0.009120	1.323800
0.009200	1.348300
0.009280	1.397300
0.009360	1.421800
0.009440	1.458500
0.009520	1.495300
0.009600	1.495300
0.009680	1.532000
0.009760	1.544300
0.009840	1.544300
0.009920	1.593300
0.010000	1.593300
0.010080	1.617800
0.010160	1.617800
0.010240	1.617800
0.010320	1.630000
0.010400	1.654500
0.010480	1.703500
0.010560	1.728000
0.010640	1.740300
0.010720	1.715800
0.010800	1.728000
0.010880	1.691300
0.010960	1.679000
0.011040	1.691300
0.011120	1.666800
0.011200	1.691300
0.011280	1.666800
0.011360	1.691300
0.011440	1.666800
0.011520	1.691300
0.011600	1.728000
0.011680	1.752500
0.011760	1.789300
0.011840	1.813800
0.011920	1.838300
0.012000	1.850500
0.012080	1.838300
0.012160	1.862800
0.012240	1.862800
0.012320	1.838300
0.012400	1.838300
0.012480	1.875000
0.012560	1.887300
0.012640	1.862800
0.012720	1.826000
0.012800	1.801500
0.012880	1.777000
0.012960	1.777000
0.013040	1.752500
0.013120	1.715800
0.013200	1.666800
0.013280	1.544300
0.013360	1.458500
0.013440	1.421800
0.013520	1.397300
0.013600	1.397300
0.013680	1.409500
0.013760	1.421800
0.013840	1.409500
0.013920	1.421800
0.014000	1.470800
0.014080	1.519800
0.014160	1.581000
0.014240	1.666800
0.014320	1.715800
0.014400	1.801500
0.014480	1.862800
0.014560	1.911800
0.014640	1.997500
0.014720	2.083300
0.014800	2.205800
0.014880	2.328300
0.014960	2.414000
0.015040	2.561000
0.015120	2.646800
0.015200	2.757000
0.015280	2.855000
0.015360	2.965300
0.015440	3.014300
0.015520	3.026500
0.015600	3.026500
0.015680	2.977500
0.015760	2.940800
0.015840	2.867300
0.015920	2.793800
0.016000	2.695800
0.016080	2.597800
0.016160	2.450800
0.016240	2.328300
0.016320	2.205800
0.016400	2.107800
0.016480	2.071000
0.016560	2.034300
0.016640	2.046500
0.016720	2.058800
0.016800	2.071000
0.016880	2.120000
0.016960	2.169000
0.017040	2.254800
0.017120	2.365000
0.017200	2.426300
0.017280	2.512000
0.017360	2.536500
0.017440	2.561000
0.017520	2.573300
0.017600	2.610000
0.017680	2.671300
0.017760	2.695800
0.017840	2.720300
0.017920	2.781500
0.018000	2.891800
0.018080	2.989800
0.018160	3.100000
0.018240	3.259300
0.018320	3.357300
0.018400	3.406300
0.018480	3.528800
0.018560	3.577800
0.018640	3.639000
0.018720	3.675800
0.018800	3.688000
0.018880	3.700300
0.018960	3.663500
0.019040	3.590000
0.019120	3.504300
0.019200	3.443000
0.019280	3.394000
0.019360	3.369500
0.019440	3.308300
0.019520	3.259300
0.019600	3.222500
0.019680	3.198000
0.019760	3.161300
0.019840	3.149000
0.019920	3.173500
0.020000	3.222500
0.020080	3.247000
0.020160	3.308300
0.020240	3.381800
0.020320	3.467500
0.020400	3.528800
0.020480	3.577800
0.020560	3.651300
0.020640	3.688000
0.020720	3.749300
0.020800	3.798300
0.020880	3.896300
0.020960	4.018800
0.021040	4.178000
0.021120	4.386300
0.021200	4.557800
0.021280	4.704800
0.021360	4.864000
0.021440	5.011000
0.021520	5.084500
0.021600	5.096800
0.021680	5.047800
0.021760	4.949800
0.021840	4.900800
0.021920	4.876300
0.022000	4.949800
0.022080	5.023300
0.022160	5.011000
0.022240	4.937500
0.022320	4.864000
0.022400	4.815000
0.022480	4.790500
0.022560	4.802800
0.022640	4.815000
0.022720	4.766000
0.022800	4.631300
0.022880	4.459800
0.022960	4.361800
0.023040	4.472000
0.023120	4.655800
0.023200	4.827300
0.023280	4.962000
0.023360	5.023300
0.023440	5.121300
0.023520	5.231500
0.023600	5.317300
0.023680	5.305000
0.023760	5.243800
0.023840	5.096800
0.023920	4.949800
0.024000	4.876300
0.024080	4.900800
0.024160	5.047800
0.024240	5.231500
0.024320	5.366300
0.024400	5.513300
0.024480	5.672500
0.024560	5.831800
0.024640	5.991000
0.024720	6.162500
0.024800	6.321800
0.024880	6.395300
0.024960	6.395300
0.025040	6.297300
0.025120	6.162500
0.025200	5.978800
0.025280	5.782800
0.025360	5.599000
0.025440	5.452000
0.025520	5.354000
0.025600	5.292800
0.025680	5.292800
0.025760	5.366300
0.025840	5.562300
0.025920	5.819500
0.026000	6.076800
0.026080	6.309500
0.026160	6.456500
0.026240	6.628000
0.026320	6.787300
0.026400	6.958800
0.026480	7.105800
0.026560	7.240500
0.026640	7.363000
0.026720	7.510000
0.026800	7.620300
0.026880	7.706000
0.026960	7.718300
0.027040	7.669300
0.027120	7.620300
0.027200	7.546800
0.027280	7.473300
0.027360	7.314000
0.027440	7.032300
0.027520	6.701500
0.027600	6.370800
0.027680	6.089000
0.027760	5.929800
0.027840	5.893000
0.027920	5.844000
0.028000	5.697000
0.028080	5.476500
0.028160	5.268300
0.028240	5.158000
0.028320	5.096800
0.028400	5.060000
0.028480	4.974300
0.028560	4.876300
0.028640	4.839500
0.028720	4.962000
0.028800	5.292800
0.028880	5.660300
0.028960	6.015500
0.029040	6.309500
0.029120	6.493300
0.029200	6.726000
0.029280	6.934300
0.029360	7.179300
0.029440	7.363000
0.029520	7.497800
0.029600	7.546800
0.029680	7.571300
0.029760	7.583500
0.029840	7.669300
0.029920	7.791800
0.030000	7.865300
0.030080	7.840800
0.030160	7.718300
0.030240	7.510000
0.030320	7.277300
0.030400	7.007800
0.030480	6.591300
0.030560	6.113500
0.030640	5.611300
0.030720	5.109000
0.030800	4.557800
0.030880	4.031000
0.030960	3.700300
0.031040	3.455300
0.031120	3.210300
0.031200	3.038800
0.031280	3.038800
0.031360	3.271500
0.031440	3.712500
0.031520	4.410800
0.031600	5.366300
0.031680	6.444300
0.031760	7.387500
0.031840	8.073500
0.031920	8.465500
0.032000	8.624800
0.032080	8.661500
0.032160	8.710500
0.032240	8.698300
0.032320	8.539000
0.032400	8.171500
0.032480	7.706000
0.032560	7.277300
0.032640	7.032300
0.032720	6.995500
0.032800	7.154800
0.032880	7.424300
0.032960	7.644800
0.033040	7.804000
0.033120	7.889800
0.033200	7.877500
0.033280	7.718300
0.033360	7.412000
0.033440	6.958800
0.033520	6.395300
0.033600	5.819500
0.033680	5.317300
0.033760	4.986500
0.033840	4.802800
0.033920	4.815000
0.034000	5.011000
0.034080	5.292800
0.034160	5.623500
0.034240	5.929800
0.034320	6.260500
0.034400	6.579000
0.034480	6.909800
0.034560	7.191500
0.034640	7.436500
0.034720	7.546800
0.034800	7.583500
0.034880	7.644800
0.034960	7.657000
0.035040	7.791800
0.035120	7.951000
0.035200	8.159300
0.035280	8.330800
0.035360	8.416500
0.035440	8.428800
0.035520	8.428800
0.035600	8.343000
0.035680	8.245000
0.035760	8.183800
0.035840	8.147000
0.035920	8.134800
0.036000	8.220500
0.036080	8.392000
0.036160	8.612500
0.036240	8.943300
0.036320	9.286300
0.036400	9.592500
0.036480	9.788500
0.036560	9.849800
0.036640	9.813000
0.036720	9.715000
0.036800	9.580300
0.036880	9.372000
0.036960	9.127000
0.037040	8.759500
0.037120	8.379800
0.037200	8.012300
0.037280	7.767300
0.037360	7.669300
0.037440	7.644800
0.037520	7.657000
0.037600	7.669300
0.037680	7.644800
0.037760	7.644800
0.037840	7.681500
0.037920	7.767300
0.038000	7.816300
0.038080	7.853000
0.038160	7.865300
0.038240	7.914300
0.038320	8.012300
0.038400	8.134800
0.038480	8.196000
0.038560	8.183800
0.038640	8.110300
0.038720	7.926500
0.038800	7.693800
0.038880	7.424300
0.038960	7.216000
0.039040	7.118000
0.039120	7.032300
0.039200	7.044500
0.039280	7.069000
0.039360	7.142500
0.039440	7.289500
0.039520	7.608000
0.039600	8.012300
0.039680	8.441000
0.039760	8.820800
0.039840	9.139300
0.039920	9.408800
0.040000	9.702800
0.040080	10.009000
0.040160	10.229000
0.040240	10.340000
0.040320	10.438000
0.040400	10.536000
0.040480	10.573000
0.040560	10.560000
0.040640	10.487000
0.040720	10.462000
0.040800	10.401000
0.040880	10.266000
0.040960	10.046000
0.041040	9.813000
0.041120	9.580300
0.041200	9.372000
0.041280	9.212800
0.041360	9.053500
0.041440	8.918800
0.041520	8.820800
0.041600	8.796300
0.041680	8.722800
0.041760	8.661500
0.041840	8.465500
0.041920	8.294000
0.042000	8.110300
0.042080	7.951000
0.042160	7.791800
0.042240	7.669300
0.042320	7.571300
0.042400	7.608000
0.042480	7.718300
0.042560	8.036800
0.042640	8.502300
0.042720	9.078000
0.042800	9.776300
0.042880	10.499000
0.042960	11.210000
0.043040	11.810000
0.043120	12.202000
0.043200	12.349000
0.043280	12.214000
0.043360	11.871000
0.043440	11.307000
0.043520	10.658000
0.043600	9.935500
0.043680	9.274000
0.043760	8.661500
0.043840	8.159300
0.043920	7.791800
0.044000	7.620300
0.044080	7.620300
0.044160	7.779500
0.044240	7.963300
0.044320	8.183800
0.044400	8.306300
0.044480	8.294000
0.044560	8.134800
0.044640	7.877500
0.044720	7.559000
0.044800	7.179300
0.044880	6.824000
0.044960	6.481000
0.045040	6.272800
0.045120	6.211500
0.045200	6.321800
0.045280	6.579000
0.045360	6.922000
0.045440	7.326300
0.045520	7.804000
0.045600	8.232800
0.045680	8.575800
0.045760	8.796300
0.045840	8.918800
0.045920	8.967800
0.046000	9.016800
0.046080	9.016800
0.046160	8.955500
0.046240	8.784000
0.046320	8.612500
0.046400	8.477800
0.046480	8.575800
0.046560	8.784000
0.046640	9.065800
0.046720	9.151500
0.046800	9.078000
0.046880	8.943300
0.046960	8.980000
0.047040	9.237300
0.047120	9.482300
0.047200	9.568000
0.047280	9.274000
0.047360	8.796300
0.047440	8.367500
0.047520	8.122500
0.047600	7.963300
0.047680	7.608000
0.047760	6.971000
0.047840	6.211500
0.047920	5.513300
0.048000	5.047800
0.048080	4.851800
0.048160	4.802800
0.048240	4.827300
0.048320	4.962000
0.048400	5.194800
0.048480	5.562300
0.048560	5.978800
0.048640	6.566800
0.048720	7.240500
0.048800	7.902000
0.048880	8.392000
0.048960	8.575800
0.049040	8.404300
0.049120	8.134800
0.049200	7.963300
0.049280	7.914300
0.049360	7.840800
0.049440	7.693800
0.049520	7.571300
0.049600	7.816300
0.049680	8.539000
0.049760	9.506800
0.049840	10.474000
0.049920	11.185000
0.050000	11.748000
0.050080	12.434000
0.050160	13.316000
0.050240	14.125000
0.050320	14.627000
0.050400	14.566000
0.050480	13.929000
0.050560	12.925000
0.050640	11.871000
0.050720	10.903000
0.050800	9.984500
0.050880	9.212800
0.050960	8.526800
0.051040	8.122500
0.051120	8.024500
0.051200	8.318500
0.051280	9.065800
0.051360	10.095000
0.051440	11.075000
0.051520	11.614000
0.051600	11.773000
0.051680	11.761000
0.051760	11.700000
0.051840	11.663000
0.051920	11.197000
0.052000	10.291000
0.052080	9.090300
0.052160	7.791800
0.052240	6.664800
0.052320	5.856300
0.052400	5.488800
0.052480	5.513300
0.052560	5.929800
0.052640	6.554500
0.052720	7.007800
0.052800	7.289500
0.052880	7.375300
0.052960	7.473300
0.053040	7.755000
0.053120	7.926500
0.053200	7.767300
0.053280	7.228300
0.053360	6.419800
0.053440	5.746000
0.053520	5.378500
0.053600	5.109000
0.053680	4.802800
0.053760	4.557800
0.053840	4.594500
0.053920	4.913000
0.054000	5.488800
0.054080	6.064500
0.054160	6.591300
0.054240	7.081300
0.054320	7.595800
0.054400	8.147000
0.054480	8.673800
0.054560	9.053500
0.054640	9.249500
0.054720	9.323000
0.054800	9.359800
0.054880	9.237300
0.054960	9.004500
0.055040	8.686000
0.055120	8.306300
0.055200	7.840800
0.055280	7.424300
0.055360	7.105800
0.055440	6.934300
0.055520	6.897500
0.055600	6.873000
0.055680	6.787300
0.055760	6.738300
0.055840	6.787300
0.055920	6.983300
0.056000	7.289500
0.056080	7.534500
0.056160	7.632500
0.056240	7.657000
0.056320	7.534500
0.056400	7.252800
0.056480	6.897500
0.056560	6.419800
0.056640	5.856300
0.056720	5.354000
0.056800	4.962000
0.056880	4.606800
0.056960	4.263800
0.057040	4.018800
0.057120	3.994300
0.057200	4.239300
0.057280	4.704800
0.057360	5.231500
0.057440	5.635800
0.057520	5.954300
0.057600	6.211500
0.057680	6.517800
0.057760	6.836300
0.057840	7.056800
0.057920	7.191500
0.058000	7.191500
0.058080	7.167000
0.058160	7.167000
0.058240	7.142500
0.058320	7.007800
0.058400	6.726000
0.058480	6.321800
0.058560	6.076800
0.058640	5.917500
0.058720	5.819500
0.058800	5.684800
0.058880	5.501000
0.058960	5.243800
0.059040	4.974300
0.059120	4.680300
0.059200	4.435300
0.059280	4.141300
0.059360	3.749300
0.059440	3.259300
0.059520	2.818300
0.059600	2.659000
0.059680	2.855000
0.059760	3.173500
0.059840	3.430800
0.059920	3.479800
0.060000	3.320500
0.060080	3.185800
0.060160	3.198000
0.060240	3.332800
0.060320	3.492000
0.060400	3.541000
0.060480	3.516500
0.060560	3.663500
0.060640	4.129000
0.060720	4.839500
0.060800	5.525500
0.060880	5.942000
0.060960	6.101300
0.061040	6.248300
0.061120	6.419800
0.061200	6.468800
0.061280	6.321800
0.061360	5.856300
0.061440	5.158000
0.061520	4.423000
0.061600	3.822800
0.061680	3.332800
0.061760	2.867300
0.061840	2.438500
0.061920	2.144500
0.062000	2.058800
0.062080	2.132300
0.062160	2.181300
0.062240	2.058800
0.062320	1.777000
0.062400	1.446300
0.062480	1.201300
0.062560	1.005300
0.062640	0.821520
0.062720	0.601020
0.062800	0.319270
0.062880	0.111020
0.062960	-0.121730
0.063040	-0.452480
0.063120	-0.868980
0.063200	-1.089500
0.063280	-0.807730
0.063360	-0.170730
0.063440	0.454020
0.063520	0.870520
0.063600	1.238000
0.063680	1.691300
0.063760	2.279300
0.063840	3.075500
0.063920	4.165800
0.064000	5.550000
0.064080	6.762800
0.064160	7.338500
0.064240	7.056800
0.064320	6.321800
0.064400	5.917500
0.064480	6.272800
0.064560	7.240500
0.064640	8.171500
0.064720	8.367500
0.064800	7.620300
0.064880	6.113500
0.064960	4.361800
0.065040	2.548800
0.065120	0.711270
0.065200	-1.310000
0.065280	-3.711000
0.065360	-6.589700
0.065440	-10.044000
0.065520	-13.744000
0.065600	-17.027000
0.065680	-19.122000
0.065760	-19.476999
0.065840	-18.044001
0.065920	-15.606000
0.066000	-12.788000
0.066080	-9.823700
0.066160	-6.700000
0.066240	-3.159700
0.066320	0.882770
0.066400	5.109000
0.066480	8.649300
0.066560	10.952000
0.066640	11.834000
0.066720	11.687000
0.066800	10.965000
0.066880	9.813000
0.066960	8.183800
0.067040	6.113500
0.067120	3.700300
0.067200	1.238000
0.067280	-0.660730
0.067360	-1.640700
0.067440	-1.689700
0.067520	-0.979230
0.067600	0.637770
0.067680	3.430800
0.067760	6.885300
0.067840	9.702800
0.067920	10.989000
0.068000	10.903000
0.068080	10.229000
0.068160	9.286300
0.068240	7.620300
0.068320	4.410800
0.068400	-0.550480
0.068480	-6.651000
0.068560	-12.666000
0.068640	-17.271999
0.068720	-19.757999
0.068800	-20.506001
0.068880	-20.506001
0.068960	-20.628000
0.069040	-20.959000
0.069120	-20.665001
0.069200	-18.815001
0.069280	-15.557000
0.069360	-12.127000
0.069440	-9.836000
0.069520	-9.101000
0.069600	-9.260200
0.069680	-9.272500
0.069760	-8.562000
0.069840	-7.618700
0.069920	-7.177700
0.070000	-7.300200
0.070080	-7.765700
0.070160	-8.206700
0.070240	-8.427200
0.070320	-7.925000
0.070400	-6.798000
0.070480	-5.658700
0.070560	-4.789000
0.070640	-3.698700
0.070720	-2.437000
0.070800	-1.812200
0.070880	-1.493700
0.070960	-0.170730
0.071040	1.740300
0.071120	2.818300
0.071200	2.499800
0.071280	1.348300
0.071360	0.111020
0.071440	-0.636230
0.071520	-1.199700
0.071600	-2.314500
0.071680	-4.470500
0.071760	-7.006200
0.071840	-8.807000
0.071920	-10.620000
0.072000	-12.948000
0.072080	-13.817000
0.072160	-12.678000
0.072240	-11.796000
0.072320	-11.269000
0.072400	-9.456200
0.072480	-6.736700
0.072560	-4.115200
0.072640	-1.089500
0.072720	2.267000
0.072800	4.778300
0.072880	5.954300
0.072960	6.566800
0.073040	7.167000
0.073120	7.191500
0.073200	6.125800
0.073280	4.717000
0.073360	3.663500
0.073440	3.087800
0.073520	3.320500
0.073600	4.741500
0.073680	6.493300
0.073760	7.706000
0.073840	8.220500
0.073920	7.987800
0.074000	7.571300
0.074080	7.853000
0.074160	8.967800
0.074240	10.193000
0.074320	10.438000
0.074400	9.078000
0.074480	6.297300
0.074560	3.063300
0.074640	0.613270
0.074720	-0.170730
0.074800	0.343770
0.074880	1.287000
0.074960	2.316000
0.075040	3.051000
0.075120	2.965300
0.075200	2.720300
0.075280	3.541000
0.075360	5.807300
0.075440	8.796300
0.075520	10.879000
0.075600	10.328000
0.075680	7.203800
0.075760	3.296000
0.075840	0.343770
0.075920	-1.052700
0.076000	-1.922500
0.076080	-3.637500
0.076160	-6.308000
0.076240	-8.635500
0.076320	-9.076500
0.076400	-6.896000
0.076480	-3.025000
0.076560	0.613270
0.076640	2.720300
0.076720	3.247000
0.076800	3.394000
0.076880	4.472000
0.076960	6.493300
0.077040	8.036800
0.077120	7.755000
0.077200	5.390800
0.077280	1.985300
0.077360	-0.893480
0.077440	-2.167500
0.077520	-1.787700
0.077600	-0.734230
0.077680	-0.268730
0.077760	-0.930230
0.077840	-2.094000
0.077920	-2.449200
0.078000	-1.003700
0.078080	2.303800
0.078160	6.089000
0.078240	8.943300
0.078320	10.389000
0.078400	11.038000
0.078480	11.565000
0.078560	12.141000
0.078640	12.006000
0.078720	10.156000
0.078800	6.334000
0.078880	1.225800
0.078960	-4.017200
0.079040	-8.794700
0.079120	-13.205000
0.079200	-17.419001
0.079280	-21.608000
0.079360	-25.320000
0.079440	-27.978001
0.079520	-29.129999
0.079600	-29.153999
0.079680	-28.407000
0.079760	-27.181999
0.079840	-25.479000
0.079920	-22.870001
0.080000	-19.746000
0.080080	-17.174000
0.080160	-14.479000
0.080240	-10.007000
0.080320	-3.723200
0.080400	3.002000
0.080480	8.502300
0.080560	11.516000
0.080640	12.655000
0.080720	13.794000
0.080800	15.179000
0.080880	16.292999
0.080960	16.747000
0.081040	16.097000
0.081120	14.860000
0.081200	13.696000
0.081280	12.055000
0.081360	9.862000
0.081440	8.073500
0.081520	6.762800
0.081600	5.611300
0.081680	4.741500
0.081760	3.455300
0.081840	1.140000
0.081920	-1.077200
0.082000	-2.155200
0.082080	-2.118500
0.082160	-1.506000
0.082240	-0.991480
0.082320	-0.905730
0.082400	-0.917980
0.082480	-0.819980
0.082560	-0.648480
0.082640	-0.207480
0.082720	0.527520
0.082800	1.287000
0.082880	1.164500
0.082960	-0.378980
0.083040	-2.669700
0.083120	-4.127500
0.083200	-4.066200
0.083280	-3.208700
0.083360	-3.257700
0.083440	-5.965000
0.083520	-10.840000
0.083600	-15.312000
0.083680	-17.577999
0.083760	-17.799000
0.083840	-17.247000
0.083920	-17.014000
0.084000	-16.830999
0.084080	-15.839000
0.084160	-13.842000
0.084240	-11.073000
0.084320	-7.741200
0.084400	-4.299000
0.084480	-1.150700
0.084560	1.544300
0.084640	3.590000
0.084720	4.778300
0.084800	5.488800
0.084880	6.419800
0.084960	8.012300
0.085040	9.678300
0.085120	10.609000
0.085200	10.181000
0.085280	8.551300
0.085360	6.419800
0.085440	4.582300
0.085520	3.038800
0.085600	1.238000
0.085680	-1.114000
0.085760	-3.858000
0.085840	-6.271200
0.085920	-7.508500
0.086000	-7.239000
0.086080	-5.952700
0.086160	-4.299000
0.086240	-2.694200
0.086320	-1.150700
0.086400	0.527520
0.086480	2.806000
0.086560	6.689300
0.086640	13.819000
0.086720	22.957001
0.086800	29.254000
0.086880	30.625999
0.086960	30.760000
0.087040	32.770000
0.087120	35.624001
0.087200	37.056999
0.087280	35.930000
0.087360	32.316002
0.087440	27.427999
0.087520	23.066999
0.087600	20.336000
0.087680	18.657000
0.087760	16.563000
0.087840	13.733000
0.087920	11.455000
0.088000	10.707000
0.088080	11.038000
0.088160	11.406000
0.088240	10.658000
0.088320	8.588000
0.088400	5.819500
0.088480	2.585500
0.088560	-1.003700
0.088640	-4.482700
0.088720	-7.778000
0.088800	-11.134000
0.088880	-14.528000
0.088960	-17.517000
0.089040	-19.367001
0.089120	-19.575001
0.089200	-18.399000
0.089280	-16.500000
0.089360	-14.368000
0.089440	-11.980000
0.089520	-9.027500
0.089600	-5.242200
0.089680	-1.101700
0.089760	2.708000
0.089840	5.831800
0.089920	7.963300
0.090000	9.335300
0.090080	10.266000
0.090160	11.026000
0.090240	11.687000
0.090320	11.957000
0.090400	11.455000
0.090480	10.781000
0.090560	10.474000
0.090640	10.646000
0.090720	11.087000
0.090800	11.810000
0.090880	13.684000
0.090960	17.898001
0.091040	23.091999
0.091120	26.412001
0.091200	27.490000
0.091280	27.796000
0.091360	27.833000
0.091440	27.122000
0.091520	25.003000
0.091600	20.886999
0.091680	14.995000
0.091760	8.428800
0.091840	2.046500
0.091920	-3.539500
0.092000	-8.304700
0.092080	-12.115000
0.092160	-14.626000
0.092240	-15.569000
0.092320	-15.128000
0.092400	-13.572000
0.092480	-11.330000
0.092560	-9.039700
0.092640	-6.981700
0.092720	-5.266700
0.092800	-3.796700
0.092880	-2.302200
0.092960	-0.856730
0.093040	0.307020
0.093120	1.164500
0.093200	1.666800
0.093280	2.022000
0.093360	2.487500
0.093440	3.210300
0.093520	4.067800
0.093600	4.864000
0.093680	5.439800
0.093760	5.599000
0.093840	5.623500
0.093920	5.782800
0.094000	6.162500
0.094080	6.493300
0.094160	6.468800
0.094240	6.113500
0.094320	5.795000
0.094400	5.562300
0.094480	5.231500
0.094560	4.668000
0.094640	3.749300
0.094720	2.573300
0.094800	1.336000
0.094880	0.074267
0.094960	-1.114000
0.095040	-2.167500
0.095120	-2.939200
0.095200	-3.478200
0.095280	-3.796700
0.095360	-3.919200
0.095440	-3.796700
0.095520	-3.404700
0.095600	-2.890200
0.095680	-2.314500
0.095760	-1.702000
0.095840	-1.077200
0.095920	-0.403480
0.096000	0.282520
0.096080	1.005300
0.096160	1.715800
0.096240	2.377300
0.096320	2.977500
0.096400	3.504300
0.096480	3.933000
0.096560	4.214800
0.096640	4.435300
0.096720	4.619000
0.096800	4.729300
0.096880	4.729300
0.096960	4.557800
0.097040	4.227000
0.097120	3.957500
0.097200	3.871800
0.097280	3.969800
0.097360	4.214800
0.097440	4.521000
0.097520	4.839500
0.097600	5.121300
0.097680	5.354000
0.097760	5.439800
0.097840	5.452000
0.097920	5.317300
0.098000	5.060000
0.098080	4.631300
0.098160	4.043300
0.098240	3.345000
0.098320	2.646800
0.098400	1.985300
0.098480	1.446300
0.098560	1.066500
0.098640	0.846020
0.098720	0.784770
0.098800	0.809270
0.098880	0.956270
0.098960	1.225800
0.099040	1.495300
0.099120	1.875000
0.099200	2.291500
0.099280	2.597800
0.099360	2.879500
0.099440	3.026500
0.099520	3.149000
0.099600	3.161300
0.099680	3.100000
0.099760	2.977500
0.099840	2.842800
0.099920	2.793800
0.100000	2.769300
0.100080	2.806000
0.100160	2.867300
0.100240	2.953000
0.100320	2.916300
0.100400	2.793800
0.100480	2.671300
0.100560	2.744800
0.100640	2.867300
0.100720	2.867300
0.100800	2.671300
0.100880	2.205800
0.100960	1.630000
0.101040	1.078800
0.101120	0.686770
0.101200	0.527520
0.101280	0.368270
0.101360	0.245770
0.101440	0.086517
0.101520	0.074267
0.101600	0.123270
0.101680	0.319270
0.101760	0.539770
0.101840	0.846020
0.101920	1.140000
0.102000	1.434000
0.102080	1.789300
0.102160	2.156800
0.102240	2.487500
0.102320	2.708000
0.102400	2.855000
0.102480	2.891800
0.102560	2.928500
0.102640	2.953000
0.102720	3.038800
0.102800	3.149000
0.102880	3.185800
0.102960	3.161300
0.103040	3.051000
0.103120	2.916300
0.103200	2.781500
0.103280	2.610000
0.103360	2.499800
0.103440	2.450800
0.103520	2.352800
0.103600	2.193500
0.103680	2.009800
0.103760	1.850500
0.103840	1.752500
0.103920	1.715800
0.104000	1.715800
0.104080	1.715800
0.104160	1.679000
0.104240	1.715800
0.104320	1.764800
0.104400	1.887300
0.104480	1.973000
0.104560	2.058800
0.104640	2.132300
0.104720	2.156800
0.104800	2.169000
0.104880	2.144500
0.104960	2.071000
0.105040	2.009800
0.105120	2.022000
0.105200	2.095500
0.105280	2.205800
0.105360	2.365000
0.105440	2.561000
0.105520	2.818300
0.105600	3.087800
0.105680	3.406300
0.105760	3.749300
0.105840	4.092300
0.105920	4.227000
0.106000	4.263800
0.106080	4.251500
0.106160	4.374000
0.106240	4.631300
0.106320	4.827300
0.106400	4.851800
0.106480	4.704800
0.106560	4.582300
0.106640	4.680300
0.106720	4.937500
0.106800	5.219300
0.106880	5.341800
0.106960	5.158000
0.107040	4.827300
0.107120	4.508800
0.107200	4.325000
0.107280	4.214800
0.107360	4.141300
0.107440	3.871800
0.107520	3.308300
0.107600	2.377300
0.107680	1.091000
0.107760	-0.391230
0.107840	-1.824500
0.107920	-3.074000
0.108000	-4.201000
0.108080	-5.413700
0.108160	-6.700000
0.108240	-7.729000
0.108320	-8.121000
0.108400	-7.667700
0.108480	-6.589700
0.108560	-5.181000
0.108640	-3.711000
0.108720	-2.241000
0.108800	-0.856730
0.108880	0.515270
0.108960	1.813800
0.109040	2.916300
0.109120	3.773800
0.109200	4.312800
0.109280	4.545500
0.109360	4.655800
0.109440	4.729300
0.109520	4.876300
0.109600	5.047800
0.109680	5.292800
0.109760	5.415300
0.109840	5.513300
0.109920	5.513300
0.110000	5.476500
0.110080	5.317300
0.110160	5.072300
0.110240	4.704800
0.110320	4.104500
0.110400	3.357300
0.110480	2.548800
0.110560	1.789300
0.110640	1.164500
0.110720	0.674520
0.110800	0.221270
0.110880	-0.195230
0.110960	-0.525980
0.111040	-0.734230
0.111120	-0.844480
0.111200	-0.905730
0.111280	-0.893480
0.111360	-0.807730
0.111440	-0.648480
0.111520	-0.489230
0.111600	-0.293230
0.111680	-0.060482
0.111760	0.258020
0.111840	0.735770
0.111920	1.250300
0.112000	1.728000
0.112080	2.156800
0.112160	2.475300
0.112240	2.695800
0.112320	2.855000
0.112400	2.940800
0.112480	2.965300
0.112560	2.855000
0.112640	2.646800
0.112720	2.438500
0.112800	2.107800
0.112880	1.850500
0.112960	1.605500
0.113040	1.409500
0.113120	1.176800
0.113200	0.956270
0.113280	0.711270
0.113360	0.539770
0.113440	0.429520
0.113520	0.294770
0.113600	0.196770
0.113680	0.074267
0.113760	-0.011482
0.113840	-0.084982
0.113920	-0.133980
0.114000	-0.146230
0.114080	-0.048232
0.114160	0.123270
0.114240	0.319270
0.114320	0.515270
0.114400	0.699020
0.114480	0.882770
0.114560	1.115500
0.114640	1.421800
0.114720	1.691300
0.114800	2.022000
0.114880	2.230300
0.114960	2.426300
0.115040	2.585500
0.115120	2.793800
0.115200	2.953000
0.115280	3.087800
0.115360	3.185800
0.115440	3.210300
0.115520	3.198000
0.115600	3.087800
0.115680	2.965300
0.115760	2.806000
0.115840	2.659000
0.115920	2.463000
0.116000	2.328300
0.116080	2.181300
0.116160	2.083300
0.116240	2.022000
0.116320	1.985300
0.116400	1.985300
0.116480	1.985300
0.116560	1.924000
0.116640	1.838300
0.116720	1.740300
0.116800	1.593300
0.116880	1.397300
0.116960	1.176800
0.117040	0.968520
0.117120	0.797020
0.117200	0.674520
0.117280	0.637770
0.117360	0.735770
0.117440	0.882770
0.117520	1.054300
0.117600	1.274800
0.117680	1.434000
0.117760	1.519800
0.117840	1.556500
0.117920	1.581000
0.118000	1.532000
0.118080	1.470800
0.118160	1.397300
0.118240	1.287000
0.118320	1.103300
0.118400	0.956270
0.118480	0.907270
0.118560	0.858270
0.118640	0.919520
0.118720	1.017500
0.118800	1.115500
0.118880	1.250300
0.118960	1.372800
0.119040	1.495300
0.119120	1.617800
0.119200	1.715800
0.119280	1.801500
0.119360	1.813800
0.119440	1.764800
0.119520	1.752500
0.119600	1.764800
0.119680	1.764800
0.119760	1.764800
0.119840	1.813800
0.119920	1.838300
0.120000	1.838300
0.120080	1.826000
0.120160	1.813800
0.120240	1.764800
0.120320	1.703500
0.120400	1.630000
0.120480	1.568800
0.120560	1.495300
0.120640	1.470800
0.120720	1.470800
0.120800	1.507500
0.120880	1.544300
0.120960	1.593300
0.121040	1.666800
0.121120	1.740300
0.121200	1.764800
0.121280	1.752500
0.121360	1.764800
0.121440	1.691300
0.121520	1.630000
0.121600	1.495300
0.121680	1.372800
0.121760	1.274800
0.121840	1.213500
0.121920	1.152300
0.122000	1.201300
0.122080	1.262500
0.122160	1.311500
0.122240	1.385000
0.122320	1.458500
0.122400	1.556500
0.122480	1.666800
0.122560	1.740300
0.122640	1.777000
0.122720	1.813800
0.122800	1.813800
0.122880	1.813800
0.122960	1.801500
0.123040	1.801500
0.123120	1.850500
0.123200	1.887300
0.123280	1.911800
0.123360	1.911800
0.123440	1.960800
0.123520	2.009800
0.123600	2.120000
0.123680	2.205800
0.123760	2.230300
0.123840	2.279300
0.123920	2.291500
0.124000	2.303800
0.124080	2.291500
0.124160	2.279300
0.124240	2.254800
0.124320	2.230300
0.124400	2.193500
0.124480	2.144500
0.124560	2.120000
0.124640	2.132300
0.124720	2.205800
0.124800	2.279300
0.124880	2.316000
0.124960	2.401800
0.125040	2.487500
0.125120	2.597800
0.125200	2.720300
0.125280	2.842800
0.125360	2.879500
0.125440	2.879500
0.125520	2.867300
0.125600	2.830500
0.125680	2.781500
0.125760	2.744800
0.125840	2.683500
0.125920	2.597800
0.126000	2.512000
0.126080	2.450800
0.126160	2.365000
0.126240	2.303800
0.126320	2.254800
0.126400	2.181300
0.126480	2.156800
0.126560	2.107800
0.126640	2.058800
0.126720	1.985300
0.126800	1.973000
0.126880	1.985300
0.126960	1.985300
0.127040	1.960800
0.127120	1.936300
0.127200	1.924000
0.127280	1.973000
0.127360	2.034300
0.127440	2.107800
0.127520	2.181300
0.127600	2.267000
0.127680	2.316000
0.127760	2.365000
0.127840	2.389500
0.127920	2.414000
0.128000	2.463000
0.128080	2.499800
0.128160	2.487500
0.128240	2.463000
0.128320	2.438500
0.128400	2.377300
0.128480	2.352800
0.128560	2.328300
0.128640	2.401800
0.128720	2.414000
0.128800	2.401800
0.128880	2.303800
0.128960	2.230300
0.129040	2.181300
0.129120	2.156800
0.129200	2.181300
0.129280	2.291500
0.129360	2.499800
0.129440	2.573300
0.129520	2.634500
0.129600	2.695800
0.129680	2.818300
0.129760	2.916300
0.129840	2.928500
0.129920	2.879500
0.130000	2.769300
0.130080	2.585500
0.130160	2.389500
0.130240	2.132300
0.130320	1.899500
0.130400	1.740300
0.130480	1.666800
0.130560	1.630000
0.130640	1.691300
0.130720	1.838300
0.130800	2.034300
0.130880	2.254800
0.130960	2.389500
0.131040	2.548800
0.131120	2.634500
0.131200	2.585500
0.131280	2.499800
0.131360	2.365000
0.131440	2.205800
0.131520	2.009800
0.131600	1.813800
0.131680	1.617800
0.131760	1.495300
0.131840	1.409500
0.131920	1.372800
0.132000	1.372800
0.132080	1.421800
0.132160	1.458500
0.132240	1.495300
0.132320	1.605500
0.132400	1.691300
0.132480	1.801500
0.132560	1.899500
0.132640	1.985300
0.132720	2.034300
0.132800	2.083300
0.132880	2.107800
0.132960	2.132300
0.133040	2.181300
0.133120	2.181300
0.133200	2.230300
0.133280	2.218000
0.133360	2.230300
0.133440	2.230300
0.133520	2.230300
0.133600	2.242500
0.133680	2.205800
0.133760	2.156800
0.133840	2.107800
0.133920	2.083300
0.134000	1.985300
0.134080	1.899500
0.134160	1.740300
0.134240	1.593300
0.134320	1.421800
0.134400	1.274800
0.134480	1.115500
0.134560	0.968520
0.134640	0.809270
0.134720	0.686770
0.134800	0.539770
0.134880	0.564270
0.134960	0.588770
0.135040	0.613270
0.135120	0.711270
0.135200	0.833770
0.135280	0.980770
0.135360	1.164500
0.135440	1.336000
0.135520	1.470800
0.135600	1.654500
0.135680	1.752500
0.135760	1.826000
0.135840	1.911800
0.135920	1.997500
0.136000	2.034300
0.136080	2.009800
0.136160	1.948500
0.136240	1.899500
0.136320	1.936300
0.136400	1.948500
0.136480	2.058800
0.136560	2.120000
0.136640	2.181300
0.136720	2.218000
0.136800	2.328300
0.136880	2.438500
0.136960	2.524300
0.137040	2.585500
0.137120	2.573300
0.137200	2.499800
0.137280	2.450800
0.137360	2.450800
0.137440	2.426300
0.137520	2.365000
0.137600	2.303800
0.137680	2.242500
0.137760	2.193500
0.137840	2.144500
0.137920	2.095500
0.138000	2.058800
0.138080	1.997500
0.138160	1.899500
0.138240	1.801500
0.138320	1.691300
0.138400	1.617800
0.138480	1.544300
0.138560	1.458500
0.138640	1.421800
0.138720	1.470800
0.138800	1.495300
0.138880	1.593300
0.138960	1.728000
0.139040	1.850500
0.139120	1.997500
0.139200	2.132300
0.139280	2.230300
0.139360	2.352800
0.139440	2.450800
0.139520	2.524300
0.139600	2.573300
0.139680	2.610000
0.139760	2.671300
0.139840	2.695800
0.139920	2.683500
0.140000	2.671300
0.140080	2.695800
0.140160	2.732500
0.140240	2.793800
0.140320	2.793800
0.140400	2.744800
0.140480	2.732500
0.140560	2.781500
0.140640	2.830500
0.140720	2.769300
0.140800	2.671300
0.140880	2.512000
0.140960	2.450800
0.141040	2.438500
0.141120	2.352800
0.141200	2.169000
0.141280	1.948500
0.141360	1.789300
0.141440	1.679000
0.141520	1.593300
0.141600	1.470800
0.141680	1.348300
0.141760	1.164500
0.141840	1.054300
0.141920	1.005300
0.142000	1.005300
0.142080	0.968520
0.142160	0.944020
0.142240	1.005300
0.142320	1.164500
0.142400	1.360500
0.142480	1.336000
0.142560	1.078800
0.142640	0.833770
0.142720	0.797020
0.142800	0.858270
0.142880	0.882770
0.142960	0.723520
0.143040	0.650020
0.143120	0.760270
0.143200	1.029800
0.143280	1.274800
0.143360	1.483000
0.143440	1.703500
0.143520	2.083300
0.143600	2.487500
0.143680	2.769300
0.143760	2.757000
0.143840	2.585500
0.143920	2.377300
0.144000	2.230300
0.144080	2.107800
0.144160	1.936300
0.144240	1.679000
0.144320	1.483000
0.144400	1.446300
0.144480	1.519800
0.144560	1.532000
0.144640	1.409500
0.144720	1.213500
0.144800	1.140000
0.144880	1.262500
0.144960	1.323800
0.145040	1.287000
0.145120	1.140000
0.145200	1.054300
0.145280	1.103300
0.145360	1.115500
0.145440	1.078800
0.145520	1.005300
0.145600	0.931770
0.145680	1.005300
0.145760	1.127800
0.145840	1.238000
0.145920	1.189000
0.146000	1.054300
0.146080	0.919520
0.146160	0.919520
0.146240	1.005300
0.146320	1.164500
0.146400	1.299300
0.146480	1.409500
0.146560	1.495300
0.146640	1.630000
0.146720	1.703500
0.146800	1.666800
0.146880	1.642300
0.146960	1.593300
0.147040	1.605500
0.147120	1.581000
0.147200	1.544300
0.147280	1.507500
0.147360	1.446300
0.147440	1.421800
0.147520	1.458500
0.147600	1.495300
0.147680	1.544300
0.147760	1.605500
0.147840	1.605500
0.147920	1.642300
0.148000	1.691300
0.148080	1.740300
0.148160	1.777000
0.148240	1.764800
0.148320	1.691300
0.148400	1.630000
0.148480	1.581000
0.148560	1.581000
0.148640	1.568800
0.148720	1.581000
0.148800	1.507500
0.148880	1.446300
0.148960	1.323800
0.149040	1.152300
0.149120	0.993020
0.149200	0.907270
0.149280	0.797020
0.149360	0.772520
0.149440	0.711270
0.149520	0.601020
0.149600	0.515270
0.149680	0.503020
0.149760	0.527520
0.149840	0.613270
0.149920	0.662270
0.150000	0.662270
0.150080	0.613270
0.150160	0.564270
0.150240	0.552020
0.150320	0.588770
0.150400	0.601020
0.150480	0.539770
0.150560	0.478520
0.150640	0.478520
0.150720	0.527520
0.150800	0.588770
0.150880	0.674520
0.150960	0.723520
0.151040	0.772520
0.151120	0.809270
0.151200	0.882770
0.151280	0.993020
0.151360	1.078800
0.151440	1.103300
0.151520	1.115500
0.151600	1.152300
0.151680	1.152300
0.151760	1.152300
0.151840	1.115500
0.151920	1.115500
0.152000	1.103300
0.152080	1.054300
0.152160	1.029800
0.152240	1.017500
0.152320	0.944020
0.152400	0.846020
0.152480	0.784770
0.152560	0.723520
0.152640	0.760270
0.152720	0.809270
0.152800	0.833770
0.152880	0.882770
0.152960	0.907270
0.153040	0.956270
0.153120	0.919520
0.153200	0.907270
0.153280	0.882770
0.153360	0.895020
0.153440	0.895020
0.153520	0.858270
0.153600	0.809270
0.153680	0.797020
0.153760	0.772520
0.153840	0.760270
0.153920	0.760270
0.154000	0.735770
0.154080	0.760270
0.154160	0.784770
0.154240	0.846020
0.154320	0.931770
0.154400	0.980770
0.154480	1.005300
0.154560	0.968520
0.154640	0.956270
0.154720	0.931770
0.154800	0.944020
0.154880	0.993020
0.154960	1.042000
0.155040	1.054300
0.155120	1.042000
0.155200	1.029800
0.155280	1.054300
0.155360	1.103300
0.155440	1.201300
0.155520	1.274800
0.155600	1.385000
0.155680	1.446300
0.155760	1.495300
0.155840	1.581000
0.155920	1.654500
0.156000	1.740300
0.156080	1.789300
0.156160	1.789300
0.156240	1.691300
0.156320	1.581000
0.156400	1.434000
0.156480	1.336000
0.156560	1.262500
0.156640	1.262500
0.156720	1.238000
0.156800	1.225800
0.156880	1.152300
0.156960	1.078800
0.157040	1.066500
0.157120	1.054300
0.157200	1.103300
0.157280	1.115500
0.157360	1.164500
0.157440	1.127800
0.157520	1.127800
0.157600	1.127800
0.157680	1.140000
0.157760	1.078800
0.157840	1.042000
0.157920	0.956270
0.158000	0.907270
0.158080	0.858270
0.158160	0.797020
0.158240	0.748020
0.158320	0.699020
0.158400	0.699020
0.158480	0.711270
0.158560	0.735770
0.158640	0.735770
0.158720	0.711270
0.158800	0.760270
0.158880	0.821520
0.158960	0.956270
0.159040	1.103300
0.159120	1.262500
0.159200	1.323800
0.159280	1.287000
0.159360	1.250300
0.159440	1.225800
0.159520	1.274800
0.159600	1.336000
0.159680	1.434000
0.159760	1.470800
0.159840	1.421800
0.159920	1.372800
0.160000	1.323800
0.160080	1.250300
0.160160	1.213500
0.160240	1.164500
0.160320	1.140000
0.160400	1.115500
0.160480	1.042000
0.160560	1.017500
0.160640	1.029800
0.160720	1.078800
0.160800	1.115500
0.160880	1.140000
0.160960	1.091000
0.161040	1.005300
0.161120	0.919520
0.161200	0.784770
0.161280	0.637770
0.161360	0.490770
0.161440	0.392770
0.161520	0.233520
0.161600	0.074267
0.161680	-0.060482
0.161760	-0.133980
0.161840	-0.109480
0.161920	0.000767
0.162000	0.172270
0.162080	0.343770
0.162160	0.564270
0.162240	0.797020
0.162320	1.005300
0.162400	1.176800
0.162480	1.311500
0.162560	1.348300
0.162640	1.323800
0.162720	1.299300
0.162800	1.152300
0.162880	0.931770
0.162960	0.699020
0.163040	0.466270
0.163120	0.233520
0.163200	0.074267
0.163280	-0.060482
0.163360	-0.219730
0.163440	-0.366730
0.163520	-0.489230
0.163600	-0.525980
0.163680	-0.525980
0.163760	-0.464730
0.163840	-0.415730
0.163920	-0.415730
0.164000	-0.464730
0.164080	-0.550480
0.164160	-0.672980
0.164240	-0.783230
0.164320	-0.807730
0.164400	-0.819980
0.164480	-0.819980
0.164560	-0.832230
0.164640	-0.856730
0.164720	-0.881230
0.164800	-0.893480
0.164880	-0.917980
0.164960	-0.905730
0.165040	-0.795480
0.165120	-0.636230
0.165200	-0.415730
0.165280	-0.182980
0.165360	0.013017
0.165440	0.209020
0.165520	0.343770
0.165600	0.429520
0.165680	0.478520
0.165760	0.515270
0.165840	0.539770
0.165920	0.588770
0.166000	0.625520
0.166080	0.637770
0.166160	0.539770
0.166240	0.392770
0.166320	0.221270
0.166400	0.074267
0.166480	0.013017
0.166560	0.000767
0.166640	0.000767
0.166720	0.062018
0.166800	0.221270
0.166880	0.405020
0.166960	0.613270
0.167040	0.748020
0.167120	0.833770
0.167200	0.956270
0.167280	1.017500
0.167360	1.091000
0.167440	1.078800
0.167520	1.017500
0.167600	0.858270
0.167680	0.601020
0.167760	0.233520
0.167840	-0.146230
0.167920	-0.427980
0.168000	-0.672980
0.168080	-0.905730
0.168160	-1.065000
0.168240	-1.248700
0.168320	-1.444700
0.168400	-1.518200
0.168480	-1.493700
0.168560	-1.444700
0.168640	-1.395700
0.168720	-1.371200
0.168800	-1.346700
0.168880	-1.224200
0.168960	-1.040500
0.169040	-0.807730
0.169120	-0.611730
0.169200	-0.452480
0.169280	-0.317730
0.169360	-0.231980
0.169440	-0.097232
0.169520	0.062018
0.169600	0.245770
0.169680	0.527520
0.169760	0.735770
0.169840	0.870520
0.169920	1.005300
0.170000	1.140000
0.170080	1.336000
0.170160	1.544300
0.170240	1.728000
0.170320	1.875000
0.170400	2.034300
0.170480	2.120000
0.170560	2.156800
0.170640	2.071000
0.170720	1.911800
0.170800	1.715800
0.170880	1.495300
0.170960	1.274800
0.171040	1.017500
0.171120	0.760270
0.171200	0.515270
0.171280	0.258020
0.171360	0.074267
0.171440	-0.084982
0.171520	-0.146230
0.171600	-0.195230
0.171680	-0.195230
0.171760	-0.219730
0.171840	-0.195230
0.171920	-0.097232
0.172000	0.013017
0.172080	0.172270
0.172160	0.343770
0.172240	0.515270
0.172320	0.699020
0.172400	0.870520
0.172480	1.054300
0.172560	1.201300
0.172640	1.274800
0.172720	1.225800
0.172800	1.103300
0.172880	0.931770
0.172960	0.784770
0.173040	0.650020
0.173120	0.650020
0.173200	0.760270
0.173280	0.919520
0.173360	1.127800
0.173440	1.348300
0.173520	1.654500
0.173600	2.009800
0.173680	2.365000
0.173760	2.671300
0.173840	2.757000
0.173920	2.585500
0.174000	2.181300
0.174080	1.630000
0.174160	1.042000
0.174240	0.515270
0.174320	0.037517
0.174400	-0.317730
0.174480	-0.587230
0.174560	-0.783230
0.174640	-0.856730
0.174720	-0.758730
0.174800	-0.525980
0.174880	-0.097232
0.174960	0.356020
0.175040	0.833770
0.175120	1.299300
0.175200	1.715800
0.175280	2.058800
0.175360	2.377300
0.175440	2.622300
0.175520	2.708000
0.175600	2.683500
0.175680	2.573300
0.175760	2.414000
0.175840	2.267000
0.175920	2.193500
0.176000	2.205800
0.176080	2.205800
0.176160	2.218000
0.176240	2.205800
0.176320	2.230300
0.176400	2.218000
0.176480	2.303800
0.176560	2.377300
0.176640	2.512000
0.176720	2.622300
0.176800	2.671300
0.176880	2.646800
0.176960	2.524300
0.177040	2.316000
0.177120	2.071000
0.177200	1.862800
0.177280	1.666800
0.177360	1.470800
0.177440	1.372800
0.177520	1.336000
0.177600	1.274800
0.177680	1.299300
0.177760	1.287000
0.177840	1.311500
0.177920	1.397300
0.178000	1.544300
0.178080	1.777000
0.178160	2.009800
0.178240	2.205800
0.178320	2.352800
0.178400	2.487500
0.178480	2.683500
0.178560	2.891800
0.178640	3.075500
0.178720	3.185800
0.178800	3.247000
0.178880	3.149000
0.178960	3.051000
0.179040	2.977500
0.179120	2.891800
0.179200	2.818300
0.179280	2.769300
0.179360	2.659000
0.179440	2.536500
0.179520	2.499800
0.179600	2.487500
0.179680	2.512000
0.179760	2.573300
0.179840	2.708000
0.179920	2.879500
0.180000	2.989800
0.180080	2.965300
0.180160	2.818300
0.180240	2.548800
0.180320	2.316000
0.180400	2.107800
0.180480	1.960800
0.180560	1.789300
0.180640	1.593300
0.180720	1.421800
0.180800	1.287000
0.180880	1.201300
0.180960	1.213500
0.181040	1.287000
0.181120	1.385000
0.181200	1.519800
0.181280	1.605500
0.181360	1.679000
0.181440	1.789300
0.181520	1.862800
0.181600	1.948500
0.181680	2.009800
0.181760	2.107800
0.181840	2.156800
0.181920	2.218000
0.182000	2.242500
0.182080	2.267000
0.182160	2.267000
0.182240	2.279300
0.182320	2.205800
0.182400	2.095500
0.182480	1.973000
0.182560	1.838300
0.182640	1.715800
0.182720	1.544300
0.182800	1.458500
0.182880	1.372800
0.182960	1.299300
0.183040	1.250300
0.183120	1.078800
0.183200	0.919520
0.183280	0.797020
0.183360	0.662270
0.183440	0.552020
0.183520	0.454020
0.183600	0.368270
0.183680	0.282520
0.183760	0.172270
0.183840	0.111020
0.183920	0.098767
0.184000	0.135520
0.184080	0.270270
0.184160	0.392770
0.184240	0.503020
0.184320	0.637770
0.184400	0.772520
0.184480	0.931770
0.184560	1.078800
0.184640	1.238000
0.184720	1.372800
0.184800	1.519800
0.184880	1.532000
0.184960	1.544300
0.185040	1.421800
0.185120	1.409500
0.185200	1.360500
0.185280	1.323800
0.185360	1.287000
0.185440	1.201300
0.185520	1.103300
0.185600	0.993020
0.185680	0.895020
0.185760	0.821520
0.185840	0.797020
0.185920	0.797020
0.186000	0.821520
0.186080	0.858270
0.186160	0.895020
0.186240	0.907270
0.186320	0.907270
0.186400	0.895020
0.186480	0.895020
0.186560	0.895020
0.186640	0.907270
0.186720	0.858270
0.186800	0.846020
0.186880	0.797020
0.186960	0.760270
0.187040	0.748020
0.187120	0.735770
0.187200	0.735770
0.187280	0.797020
0.187360	0.809270
0.187440	0.858270
0.187520	0.907270
0.187600	1.005300
0.187680	1.066500
0.187760	1.115500
0.187840	1.140000
0.187920	1.127800
0.188000	1.066500
0.188080	1.017500
0.188160	0.931770
0.188240	0.846020
0.188320	0.735770
0.188400	0.564270
0.188480	0.319270
0.188560	0.135520
0.188640	0.013017
0.188720	0.013017
0.188800	0.025268
0.188880	0.074267
0.188960	0.098767
0.189040	0.135520
0.189120	0.196770
0.189200	0.233520
0.189280	0.319270
0.189360	0.429520
0.189440	0.515270
0.189520	0.637770
0.189600	0.711270
0.189680	0.772520
0.189760	0.809270
0.189840	0.784770
0.189920	0.772520
0.190000	0.760270
0.190080	0.735770
0.190160	0.735770
0.190240	0.760270
0.190320	0.784770
0.190400	0.797020
0.190480	0.833770
0.190560	0.907270
0.190640	0.968520
0.190720	1.029800
0.190800	1.078800
0.190880	1.127800
0.190960	1.140000
0.191040	1.152300
0.191120	1.127800
0.191200	1.066500
0.191280	1.005300
0.191360	0.956270
0.191440	0.882770
0.191520	0.797020
0.191600	0.735770
0.191680	0.686770
0.191760	0.699020
0.191840	0.699020
0.191920	0.711270
0.192000	0.748020
0.192080	0.748020
0.192160	0.735770
0.192240	0.772520
0.192320	0.772520
0.192400	0.772520
0.192480	0.772520
0.192560	0.723520
0.192640	0.686770
0.192720	0.637770
0.192800	0.613270
0.192880	0.601020
0.192960	0.674520
0.193040	0.748020
0.193120	0.870520
0.193200	1.017500
0.193280	1.201300
0.193360	1.385000
0.193440	1.495300
0.193520	1.593300
0.193600	1.666800
0.193680	1.715800
0.193760	1.715800
0.193840	1.691300
0.193920	1.593300
0.194000	1.495300
0.194080	1.323800
0.194160	1.152300
0.194240	0.944020
0.194320	0.699020
0.194400	0.454020
0.194480	0.233520
0.194560	0.000767
0.194640	-0.219730
0.194720	-0.476980
0.194800	-0.734230
0.194880	-0.979230
0.194960	-1.212000
0.195040	-1.395700
0.195120	-1.506000
0.195200	-1.506000
0.195280	-1.506000
0.195360	-1.444700
0.195440	-1.346700
0.195520	-1.199700
0.195600	-1.016000
0.195680	-0.770980
0.195760	-0.562730
0.195840	-0.366730
0.195920	-0.231980
0.196000	-0.084982
0.196080	0.074267
0.196160	0.172270
0.196240	0.258020
0.196320	0.356020
0.196400	0.441770
0.196480	0.490770
0.196560	0.539770
0.196640	0.564270
0.196720	0.564270
0.196800	0.588770
0.196880	0.601020
0.196960	0.601020
0.197040	0.527520
0.197120	0.490770
0.197200	0.454020
0.197280	0.405020
0.197360	0.331520
0.197440	0.307020
0.197520	0.282520
0.197600	0.258020
0.197680	0.245770
0.197760	0.221270
0.197840	0.196770
0.197920	0.196770
0.198000	0.221270
0.198080	0.258020
0.198160	0.294770
0.198240	0.307020
0.198320	0.307020
0.198400	0.307020
0.198480	0.307020
0.198560	0.270270
0.198640	0.196770
0.198720	0.147770
0.198800	0.062018
0.198880	-0.035983
0.198960	-0.219730
0.199040	-0.354480
0.199120	-0.489230
0.199200	-0.587230
0.199280	-0.660730
0.199360	-0.709730
0.199440	-0.758730
0.199520	-0.807730
0.199600	-0.807730
0.199680	-0.819980
0.199760	-0.807730
0.199840	-0.807730
0.199920	-0.819980
0.200000	-0.819980
0.200080	-0.832230
0.200160	-0.844480
0.200240	-0.868980
0.200320	-0.881230
0.200400	-0.917980
0.200480	-0.917980
0.200560	-0.917980
0.200640	-0.930230
0.200720	-0.966980
0.200800	-0.979230
0.200880	-0.942480
0.200960	-0.930230
0.201040	-0.930230
0.201120	-0.881230
0.201200	-0.856730
0.201280	-0.881230
0.201360	-0.783230
0.201440	-0.770980
0.201520	-0.660730
0.201600	-0.648480
0.201680	-0.648480
0.201760	-0.574980
0.201840	-0.538230
0.201920	-0.476980
0.202000	-0.464730
0.202080	-0.427980
0.202160	-0.403480
0.202240	-0.366730
0.202320	-0.317730
0.202400	-0.305480
0.202480	-0.305480
0.202560	-0.354480
0.202640	-0.415730
0.202720	-0.501480
0.202800	-0.599480
0.202880	-0.672980
0.202960	-0.734230
0.203040	-0.819980
0.203120	-0.856730
0.203200	-0.930230
0.203280	-1.016000
0.203360	-1.065000
0.203440	-1.101700
0.203520	-1.101700
0.203600	-1.065000
0.203680	-1.052700
0.203760	-1.016000
0.203840	-1.003700
0.203920	-0.979230
0.204000	-0.930230
0.204080	-0.856730
0.204160	-0.795480
0.204240	-0.697480
0.204320	-0.636230
0.204400	-0.611730
0.204480	-0.538230
0.204560	-0.513730
0.204640	-0.440230
0.204720	-0.366730
0.204800	-0.329980
0.204880	-0.219730
0.204960	-0.182980
0.205040	-0.109480
0.205120	-0.023733
0.205200	0.049768
0.205280	0.123270
0.205360	0.221270
0.205440	0.270270
0.205520	0.282520
0.205600	0.294770
0.205680	0.319270
0.205760	0.294770
0.205840	0.331520
0.205920	0.343770
0.206000	0.368270
0.206080	0.490770
0.206160	0.637770
0.206240	0.882770
0.206320	1.213500
0.206400	1.532000
0.206480	1.764800
0.206560	1.924000
0.206640	1.985300
0.206720	1.973000
0.206800	1.985300
0.206880	1.973000
0.206960	1.838300
0.207040	1.617800
0.207120	1.274800
0.207200	0.882770
0.207280	0.466270
0.207360	0.098767
0.207440	-0.182980
0.207520	-0.464730
0.207600	-0.660730
0.207680	-0.832230
0.207760	-1.028200
0.207840	-1.248700
0.207920	-1.383500
0.208000	-1.457000
0.208080	-1.469200
0.208160	-1.432500
0.208240	-1.322200
0.208320	-1.212000
0.208400	-1.114000
0.208480	-0.991480
0.208560	-0.905730
0.208640	-0.819980
0.208720	-0.758730
0.208800	-0.685230
0.208880	-0.623980
0.208960	-0.599480
0.209040	-0.611730
0.209120	-0.611730
0.209200	-0.587230
0.209280	-0.574980
0.209360	-0.562730
0.209440	-0.464730
0.209520	-0.342230
0.209600	-0.170730
0.209680	0.025268
0.209760	0.209020
0.209840	0.392770
0.209920	0.588770
0.210000	0.723520
0.210080	0.882770
0.210160	0.980770
0.210240	1.042000
0.210320	1.029800
0.210400	0.993020
0.210480	0.931770
0.210560	0.846020
0.210640	0.723520
0.210720	0.613270
0.210800	0.490770
0.210880	0.405020
0.210960	0.294770
0.211040	0.221270
0.211120	0.184520
0.211200	0.160020
0.211280	0.196770
0.211360	0.196770
0.211440	0.196770
0.211520	0.196770
0.211600	0.209020
0.211680	0.196770
0.211760	0.196770
0.211840	0.196770
0.211920	0.209020
0.212000	0.221270
0.212080	0.294770
0.212160	0.356020
0.212240	0.392770
0.212320	0.429520
0.212400	0.478520
0.212480	0.515270
0.212560	0.588770
0.212640	0.637770
0.212720	0.699020
0.212800	0.699020
0.212880	0.723520
0.212960	0.735770
0.213040	0.723520
0.213120	0.735770
0.213200	0.760270
0.213280	0.821520
0.213360	0.931770
0.213440	1.029800
0.213520	1.140000
0.213600	1.201300
0.213680	1.238000
0.213760	1.225800
0.213840	1.250300
0.213920	1.189000
0.214000	1.152300
0.214080	1.042000
0.214160	0.907270
0.214240	0.784770
0.214320	0.674520
0.214400	0.576520
0.214480	0.466270
0.214560	0.417270
0.214640	0.368270
0.214720	0.368270
0.214800	0.392770
0.214880	0.380520
0.214960	0.417270
0.215040	0.441770
0.215120	0.515270
0.215200	0.552020
0.215280	0.601020
0.215360	0.613270
0.215440	0.613270
0.215520	0.588770
0.215600	0.576520
0.215680	0.539770
0.215760	0.515270
0.215840	0.503020
0.215920	0.441770
0.216000	0.392770
0.216080	0.282520
0.216160	0.245770
0.216240	0.221270
0.216320	0.172270
0.216400	0.196770
0.216480	0.184520
0.216560	0.160020
0.216640	0.135520
0.216720	0.098767
0.216800	0.160020
0.216880	0.233520
0.216960	0.331520
0.217040	0.392770
0.217120	0.490770
0.217200	0.539770
0.217280	0.588770
0.217360	0.650020
0.217440	0.699020
0.217520	0.735770
0.217600	0.748020
0.217680	0.772520
0.217760	0.772520
0.217840	0.760270
0.217920	0.772520
0.218000	0.772520
0.218080	0.735770
0.218160	0.711270
0.218240	0.662270
0.218320	0.601020
0.218400	0.588770
0.218480	0.564270
0.218560	0.564270
0.218640	0.527520
0.218720	0.515270
0.218800	0.503020
0.218880	0.466270
0.218960	0.368270
0.219040	0.270270
0.219120	0.160020
0.219200	0.037517
0.219280	-0.060482
0.219360	-0.146230
0.219440	-0.231980
0.219520	-0.305480
0.219600	-0.366730
0.219680	-0.378980
0.219760	-0.354480
0.219840	-0.256480
0.219920	-0.072733
0.220000	0.160020
0.220080	0.392770
0.220160	0.613270
0.220240	0.797020
0.220320	0.919520
0.220400	1.005300
0.220480	1.054300
0.220560	1.103300
0.220640	1.176800
0.220720	1.262500
0.220800	1.336000
0.220880	1.372800
0.220960	1.336000
0.221040	1.311500
0.221120	1.274800
0.221200	1.164500
0.221280	1.176800
0.221360	1.115500
0.221440	1.005300
0.221520	0.784770
0.221600	0.625520
0.221680	0.429520
0.221760	0.233520
0.221840	0.111020
0.221920	0.013017
0.222000	-0.048232
0.222080	-0.109480
0.222160	-0.133980
0.222240	-0.146230
0.222320	-0.121730
0.222400	-0.060482
0.222480	0.000767
0.222560	0.025268
0.222640	0.098767
0.222720	0.184520
0.222800	0.221270
0.222880	0.270270
0.222960	0.270270
0.223040	0.307020
0.223120	0.368270
0.223200	0.490770
0.223280	0.650020
0.223360	0.809270
0.223440	0.956270
0.223520	1.127800
0.223600	1.274800
0.223680	1.397300
0.223760	1.544300
0.223840	1.666800
0.223920	1.752500
0.224000	1.752500
0.224080	1.715800
0.224160	1.630000
0.224240	1.532000
0.224320	1.470800
0.224400	1.385000
0.224480	1.274800
0.224560	1.189000
0.224640	1.103300
0.224720	0.944020
0.224800	0.797020
0.224880	0.625520
0.224960	0.466270
0.225040	0.245770
0.225120	0.025268
0.225200	-0.170730
0.225280	-0.403480
0.225360	-0.611730
0.225440	-0.832230
0.225520	-1.003700
0.225600	-1.114000
0.225680	-1.163000
0.225760	-1.114000
0.225840	-1.003700
0.225920	-0.881230
0.226000	-0.783230
0.226080	-0.709730
0.226160	-0.623980
0.226240	-0.550480
0.226320	-0.452480
0.226400	-0.342230
0.226480	-0.195230
0.226560	-0.084982
0.226640	0.074267
0.226720	0.270270
0.226800	0.429520
0.226880	0.601020
0.226960	0.772520
0.227040	0.931770
0.227120	1.127800
0.227200	1.348300
0.227280	1.581000
0.227360	1.789300
0.227440	1.948500
0.227520	2.058800
0.227600	2.218000
0.227680	2.389500
0.227760	2.634500
0.227840	2.965300
0.227920	3.504300
0.228000	4.349500
0.228080	5.488800
0.228160	7.130300
0.228240	9.433300
0.228320	12.594000
0.228400	16.992001
0.228480	23.066999
0.228560	30.907000
0.228640	38.993000
0.228720	43.132999
0.228800	38.441002
0.228880	25.358000
0.228960	11.675000
0.229040	4.962000
0.229120	3.835000
0.229200	0.380520
0.229280	-10.167000
0.229360	-24.107000
0.229440	-32.987999
0.229520	-33.332001
0.229600	-29.791000
0.229680	-28.027000
0.229760	-28.260000
0.229840	-27.280001
0.229920	-23.396999
0.230000	-18.913000
0.230080	-17.615000
0.230160	-20.322001
0.230240	-24.351999
0.230320	-27.329000
0.230400	-28.444000
0.230480	-27.389999
0.230560	-23.936001
0.230640	-17.969999
0.230720	-9.897200
0.230800	-1.432500
0.230880	5.390800
0.230960	9.494500
0.231040	11.099000
0.231120	11.332000
0.231200	11.626000
0.231280	12.937000
0.231360	15.093000
0.231440	16.832001
0.231520	16.832001
0.231600	14.468000
0.231680	10.462000
0.231760	5.966500
0.231840	2.279300
0.231920	0.601020
0.232000	1.299300
0.232080	3.406300
0.232160	5.182500
0.232240	4.888500
0.232320	2.487500
0.232400	-0.648480
0.232480	-2.718700
0.232560	-2.559500
0.232640	-0.403480
0.232720	2.499800
0.232800	4.876300
0.232880	6.089000
0.232960	6.150300
0.233040	5.672500
0.233120	5.317300
0.233200	5.366300
0.233280	5.611300
0.233360	5.574500
0.233440	4.790500
0.233520	3.345000
0.233600	1.862800
0.233680	0.882770
0.233760	0.319270
0.233840	-0.770980
0.233920	-3.466000
0.234000	-7.618700
0.234080	-11.575000
0.234160	-13.952000
0.234240	-14.589000
0.234320	-14.393000
0.234400	-14.381000
0.234480	-14.969000
0.234560	-15.691000
0.234640	-15.998000
0.234720	-15.863000
0.234800	-15.361000
0.234880	-14.699000
0.234960	-13.891000
0.235040	-12.813000
0.235120	-11.612000
0.235200	-10.473000
0.235280	-9.211200
0.235360	-7.582000
0.235440	-5.756700
0.235520	-4.041700
0.235600	-2.743200
0.235680	-1.983700
0.235760	-1.371200
0.235840	-0.489230
0.235920	0.980770
0.236000	2.781500
0.236080	4.472000
0.236160	5.550000
0.236240	5.868500
0.236320	5.709300
0.236400	5.574500
0.236480	5.733800
0.236560	6.113500
0.236640	6.174800
0.236720	5.329500
0.236800	3.210300
0.236880	0.049768
0.236960	-3.515000
0.237040	-6.626500
0.237120	-8.721200
0.237200	-9.640000
0.237280	-9.566500
0.237360	-8.770200
0.237440	-7.484000
0.237520	-5.965000
0.237600	-4.311200
0.237680	-2.829000
0.237760	-1.714200
0.237840	-1.101700
0.237920	-0.893480
0.238000	-0.844480
0.238080	-0.685230
0.238160	-0.378980
0.238240	0.013017
0.238320	0.429520
0.238400	0.650020
0.238480	0.735770
0.238560	0.760270
0.238640	0.809270
0.238720	0.944020
0.238800	0.919520
0.238880	0.539770
0.238960	-0.305480
0.239040	-1.518200
0.239120	-2.816700
0.239200	-3.821200
0.239280	-4.274500
0.239360	-4.152000
0.239440	-3.735500
0.239520	-3.453700
0.239600	-3.698700
0.239680	-4.152000
0.239760	-4.372500
0.239840	-4.213200
0.239920	-4.139700
0.240000	-4.727700
0.240080	-6.148700
0.240160	-8.047500
0.240240	-9.897200
0.240320	-11.012000
0.240400	-11.220000
0.240480	-10.718000
0.240560	-9.921700
0.240640	-9.052000
0.240720	-8.390500
0.240800	-7.839200
0.240880	-7.251200
0.240960	-6.504000
0.241040	-5.634200
0.241120	-4.666500
0.241200	-3.747700
0.241280	-2.841200
0.241360	-2.008200
0.241440	-1.297700
0.241520	-0.758730
0.241600	-0.280980
0.241680	0.037517
0.241760	0.245770
0.241840	0.552020
0.241920	0.919520
0.242000	1.372800
0.242080	1.838300
0.242160	2.426300
0.242240	3.161300
0.242320	4.092300
0.242400	5.219300
0.242480	6.566800
0.242560	8.171500
0.242640	9.874300
0.242720	11.418000
0.242800	12.557000
0.242880	13.182000
0.242960	13.267000
0.243040	13.059000
0.243120	12.361000
0.243200	11.271000
0.243280	9.788500
0.243360	8.073500
0.243440	6.150300
0.243520	4.190300
0.243600	2.389500
0.243680	0.650020
0.243760	-0.966980
0.243840	-2.228700
0.243920	-3.159700
0.244000	-3.833500
0.244080	-4.384700
0.244160	-4.838000
0.244240	-5.242200
0.244320	-5.720000
0.244400	-6.467200
0.244480	-7.496200
0.244560	-8.709000
0.244640	-9.995200
0.244720	-11.257000
0.244800	-12.384000
0.244880	-13.266000
0.244960	-13.658000
0.245040	-13.413000
0.245120	-12.519000
0.245200	-10.975000
0.245280	-8.770200
0.245360	-6.014000
0.245440	-2.939200
0.245520	0.111020
0.245600	2.940800
0.245680	5.501000
0.245760	7.816300
0.245840	9.727300
0.245920	11.087000
0.246000	11.810000
0.246080	12.006000
0.246160	11.920000
0.246240	11.687000
0.246320	11.430000
0.246400	11.124000
0.246480	10.879000
0.246560	10.585000
0.246640	10.205000
0.246720	9.543500
0.246800	8.575800
0.246880	7.301800
0.246960	5.856300
0.247040	4.398500
0.247120	2.916300
0.247200	1.336000
0.247280	-0.452480
0.247360	-2.486000
0.247440	-4.580700
0.247520	-6.455000
0.247600	-7.986200
0.247680	-9.162200
0.247760	-10.057000
0.247840	-10.730000
0.247920	-11.233000
0.248000	-11.514000
0.248080	-11.539000
0.248160	-11.184000
0.248240	-10.498000
0.248320	-9.517500
0.248400	-8.317000
0.248480	-6.969500
0.248560	-5.585200
0.248640	-4.201000
0.248720	-2.878000
0.248800	-1.591700
0.248880	-0.342230
0.248960	0.846020
0.249040	1.924000
0.249120	2.793800
0.249200	3.443000
0.249280	3.847300
0.249360	4.031000
0.249440	4.165800
0.249520	4.227000
0.249600	4.263800
0.249680	4.337300
0.249760	4.447500
0.249840	4.484300
0.249920	4.545500
0.250000	4.582300
0.250080	4.582300
0.250160	4.545500
0.250240	4.410800
0.250320	4.227000
0.250400	3.945300
0.250480	3.492000
0.250560	2.842800
0.250640	1.997500
0.250720	0.980770
0.250800	-0.109480
0.250880	-1.101700
0.250960	-1.910200
0.251040	-2.571700
0.251120	-3.147500
0.251200	-3.637500
0.251280	-4.090700
0.251360	-4.482700
0.251440	-4.727700
0.251520	-4.715500
0.251600	-4.531700
0.251680	-4.384700
0.251760	-4.188700
0.251840	-4.054000
0.251920	-3.907000
0.252000	-3.723200
0.252080	-3.453700
0.252160	-3.123000
0.252240	-2.755500
0.252320	-2.486000
0.252400	-2.253200
0.252480	-2.081700
0.252560	-1.873500
0.252640	-1.616200
0.252720	-1.444700
0.252800	-1.359000
0.252880	-1.371200
0.252960	-1.371200
0.253040	-1.322200
0.253120	-1.322200
0.253200	-1.420200
0.253280	-1.604000
0.253360	-1.800000
0.253440	-1.983700
0.253520	-2.155200
0.253600	-2.302200
0.253680	-2.461500
0.253760	-2.584000
0.253840	-2.669700
0.253920	-2.669700
0.254000	-2.633000
0.254080	-2.486000
0.254160	-2.253200
0.254240	-1.885700
0.254320	-1.469200
0.254400	-1.016000
0.254480	-0.574980
0.254560	-0.072733
0.254640	0.454020
0.254720	1.029800
0.254800	1.593300
0.254880	2.120000
0.254960	2.610000
0.255040	3.161300
0.255120	3.675800
0.255200	4.141300
0.255280	4.508800
0.255360	4.766000
0.255440	4.851800
0.255520	4.766000
0.255600	4.545500
0.255680	4.141300
0.255760	3.651300
0.255840	3.014300
0.255920	2.291500
0.256000	1.434000
0.256080	0.466270
0.256160	-0.513730
0.256240	-1.457000
0.256320	-2.326700
0.256400	-3.110700
0.256480	-3.784500
0.256560	-4.348000
0.256640	-4.813500
0.256720	-5.205500
0.256800	-5.487200
0.256880	-5.646500
0.256960	-5.744500
0.257040	-5.732200
0.257120	-5.658700
0.257200	-5.524000
0.257280	-5.364700
0.257360	-5.156500
0.257440	-4.911500
0.257520	-4.727700
0.257600	-4.507200
0.257680	-4.237700
0.257760	-3.980500
0.257840	-3.698700
0.257920	-3.343500
0.258000	-3.025000
0.258080	-2.682000
0.258160	-2.326700
0.258240	-1.947000
0.258320	-1.567200
0.258400	-1.224200
0.258480	-0.832230
0.258560	-0.464730
0.258640	-0.084982
0.258720	0.270270
0.258800	0.613270
0.258880	0.931770
0.258960	1.201300
0.259040	1.421800
0.259120	1.568800
0.259200	1.666800
0.259280	1.679000
0.259360	1.617800
0.259440	1.495300
0.259520	1.311500
0.259600	1.054300
0.259680	0.784770
0.259760	0.539770
0.259840	0.258020
0.259920	0.025268
0.260000	-0.219730
0.260080	-0.489230
0.260160	-0.770980
0.260240	-1.077200
0.260320	-1.383500
0.260400	-1.653000
0.260480	-1.885700
0.260560	-2.106200
0.260640	-2.290000
0.260720	-2.449200
0.260800	-2.596200
0.260880	-2.718700
0.260960	-2.804500
0.261040	-2.792200
0.261120	-2.718700
0.261200	-2.584000
0.261280	-2.486000
0.261360	-2.375700
0.261440	-2.302200
0.261520	-2.253200
0.261600	-2.253200
0.261680	-2.253200
0.261760	-2.179700
0.261840	-2.106200
0.261920	-1.971500
0.262000	-1.787700
0.262080	-1.653000
0.262160	-1.493700
0.262240	-1.371200
0.262320	-1.297700
0.262400	-1.163000
0.262480	-1.028200
0.262560	-0.881230
0.262640	-0.709730
0.262720	-0.587230
0.262800	-0.513730
0.262880	-0.427980
0.262960	-0.293230
0.263040	-0.109480
0.263120	0.111020
0.263200	0.368270
0.263280	0.650020
0.263360	0.895020
0.263440	1.066500
0.263520	1.225800
0.263600	1.385000
0.263680	1.544300
0.263760	1.642300
0.263840	1.715800
0.263920	1.715800
0.264000	1.593300
0.264080	1.434000
0.264160	1.238000
0.264240	1.029800
0.264320	0.833770
0.264400	0.601020
0.264480	0.319270
0.264560	-0.035983
0.264640	-0.391230
0.264720	-0.734230
0.264800	-1.052700
0.264880	-1.371200
0.264960	-1.591700
0.265040	-1.763200
0.265120	-1.885700
0.265200	-1.934700
0.265280	-2.008200
0.265360	-2.032700
0.265440	-1.996000
0.265520	-1.873500
0.265600	-1.763200
0.265680	-1.665200
0.265760	-1.579500
0.265840	-1.518200
0.265920	-1.395700
0.266000	-1.297700
0.266080	-1.224200
0.266160	-1.150700
0.266240	-1.065000
0.266320	-0.966980
0.266400	-0.856730
0.266480	-0.770980
0.266560	-0.636230
0.266640	-0.501480
0.266720	-0.403480
0.266800	-0.329980
0.266880	-0.305480
0.266960	-0.268730
0.267040	-0.293230
0.267120	-0.329980
0.267200	-0.403480
0.267280	-0.489230
0.267360	-0.550480
0.267440	-0.611730
0.267520	-0.685230
0.267600	-0.783230
0.267680	-0.917980
0.267760	-1.077200
0.267840	-1.273200
0.267920	-1.493700
0.268000	-1.665200
0.268080	-1.738700
0.268160	-1.714200
0.268240	-1.518200
0.268320	-1.297700
0.268400	-1.101700
0.268480	-0.991480
0.268560	-0.856730
0.268640	-0.538230
0.268720	-0.158480
0.268800	0.025268
0.268880	-0.109480
0.268960	-0.611730
0.269040	-1.212000
0.269120	-1.224200
0.269200	-0.023733
0.269280	1.740300
0.269360	2.781500
0.269440	2.916300
0.269520	2.548800
0.269600	1.826000
0.269680	1.630000
0.269760	2.181300
0.269840	2.377300
0.269920	2.022000
0.270000	1.764800
0.270080	1.360500
0.270160	0.931770
0.270240	0.797020
0.270320	0.098767
0.270400	-1.408000
0.270480	-2.437000
0.270560	-2.547200
0.270640	-2.253200
0.270720	-2.130700
0.270800	-2.596200
0.270880	-3.270000
0.270960	-2.927000
0.271040	-1.310000
0.271120	0.527520
0.271200	1.568800
0.271280	1.728000
0.271360	1.483000
0.271440	1.323800
0.271520	0.895020
0.271600	-0.574980
0.271680	-2.988200
0.271760	-5.781200
0.271840	-8.427200
0.271920	-10.485000
0.272000	-11.759000
0.272080	-12.494000
0.272160	-12.347000
0.272240	-10.902000
0.272320	-8.268000
0.272400	-4.789000
0.272480	-1.163000
0.272560	1.862800
0.272640	4.214800
0.272720	5.954300
0.272800	7.020000
0.272880	7.375300
0.272960	6.983300
0.273040	5.929800
0.273120	4.582300
0.273200	3.026500
0.273280	1.262500
0.273360	-0.623980
0.273440	-2.486000
0.273520	-4.164200
0.273600	-5.438200
0.273680	-6.210000
0.273760	-6.638700
0.273840	-6.675500
0.273920	-6.246700
0.274000	-5.450500
0.274080	-4.237700
0.274160	-2.718700
0.274240	-1.003700
0.274320	0.821520
0.274400	2.646800
0.274480	4.178000
0.274560	5.121300
0.274640	5.256000
0.274720	4.570000
0.274800	3.418500
0.274880	2.144500
0.274960	0.809270
0.275040	-0.550480
0.275120	-1.812200
0.275200	-2.902500
0.275280	-3.662000
0.275360	-3.980500
0.275440	-3.956000
0.275520	-3.576200
0.275600	-2.706500
0.275680	-1.640700
0.275760	-0.587230
0.275840	0.245770
0.275920	0.735770
0.276000	0.931770
0.276080	0.919520
0.276160	0.735770
0.276240	0.196770
0.276320	-0.648480
0.276400	-1.861200
0.276480	-3.208700
0.276560	-4.470500
0.276640	-5.499500
0.276720	-6.185500
0.276800	-6.516200
0.276880	-6.418200
0.276960	-5.903700
0.277040	-5.009500
0.277120	-3.919200
0.277200	-2.755500
0.277280	-1.518200
0.277360	-0.317730
0.277440	0.760270
0.277520	1.666800
0.277600	2.230300
0.277680	2.450800
0.277760	2.279300
0.277840	1.715800
0.277920	0.907270
0.278000	0.013017
0.278080	-0.795480
0.278160	-1.432500
0.278240	-1.873500
0.278320	-2.216500
0.278400	-2.473700
0.278480	-2.620700
0.278560	-2.694200
0.278640	-2.584000
0.278720	-2.241000
0.278800	-1.738700
0.278880	-1.224200
0.278960	-0.832230
0.279040	-0.709730
0.279120	-0.905730
0.279200	-1.420200
0.279280	-2.179700
0.279360	-3.110700
0.279440	-4.017200
0.279520	-4.813500
0.279600	-5.450500
0.279680	-5.928200
0.279760	-6.271200
0.279840	-6.418200
0.279920	-6.344700
0.280000	-5.916000
0.280080	-5.168700
0.280160	-4.115200
0.280240	-2.951500
0.280320	-1.787700
0.280400	-0.746480
0.280480	0.184520
0.280560	0.980770
0.280640	1.642300
0.280720	2.107800
0.280800	2.414000
0.280880	2.548800
0.280960	2.475300
0.281040	2.156800
0.281120	1.666800
0.281200	1.127800
0.281280	0.601020
0.281360	0.172270
0.281440	-0.170730
0.281520	-0.440230
0.281600	-0.648480
0.281680	-0.709730
0.281760	-0.636230
0.281840	-0.489230
0.281920	-0.342230
0.282000	-0.219730
0.282080	-0.195230
0.282160	-0.244230
0.282240	-0.378980
0.282320	-0.685230
0.282400	-1.163000
0.282480	-1.689700
0.282560	-2.228700
0.282640	-2.682000
0.282720	-3.049500
0.282800	-3.294500
0.282880	-3.478200
0.282960	-3.564000
0.283040	-3.515000
0.283120	-3.368000
0.283200	-3.135200
0.283280	-2.853500
0.283360	-2.437000
0.283440	-1.934700
0.283520	-1.444700
0.283600	-0.966980
0.283680	-0.550480
0.283760	-0.170730
0.283840	0.147770
0.283920	0.429520
0.284000	0.637770
0.284080	0.735770
0.284160	0.686770
0.284240	0.527520
0.284320	0.282520
0.284400	0.000767
0.284480	-0.280980
0.284560	-0.587230
0.284640	-0.685230
0.284720	-0.746480
0.284800	-0.636230
0.284880	-0.538230
0.284960	-0.440230
0.285040	-0.280980
0.285120	-0.121730
0.285200	-0.035983
0.285280	0.000767
0.285360	-0.060482
0.285440	-0.207480
0.285520	-0.452480
0.285600	-0.734230
0.285680	-1.003700
0.285760	-1.285500
0.285840	-1.469200
0.285920	-1.604000
0.286000	-1.616200
0.286080	-1.555000
0.286160	-1.542700
0.286240	-1.493700
0.286320	-1.395700
0.286400	-1.285500
0.286480	-1.114000
0.286560	-0.966980
0.286640	-0.819980
0.286720	-0.697480
0.286800	-0.611730
0.286880	-0.525980
0.286960	-0.440230
0.287040	-0.403480
0.287120	-0.366730
0.287200	-0.391230
0.287280	-0.440230
0.287360	-0.538230
0.287440	-0.672980
0.287520	-0.819980
0.287600	-0.979230
0.287680	-1.077200
0.287760	-1.150700
0.287840	-1.187500
0.287920	-1.212000
0.288000	-1.199700
0.288080	-1.199700
0.288160	-1.187500
0.288240	-1.212000
0.288320	-1.273200
0.288400	-1.322200
0.288480	-1.383500
0.288560	-1.444700
0.288640	-1.493700
0.288720	-1.591700
0.288800	-1.665200
0.288880	-1.738700
0.288960	-1.812200
0.289040	-1.836700
0.289120	-1.836700
0.289200	-1.812200
0.289280	-1.751000
0.289360	-1.689700
0.289440	-1.591700
0.289520	-1.457000
0.289600	-1.310000
0.289680	-1.138500
0.289760	-0.954730
0.289840	-0.783230
0.289920	-0.648480
0.290000	-0.538230
0.290080	-0.489230
0.290160	-0.489230
0.290240	-0.489230
0.290320	-0.562730
0.290400	-0.660730
0.290480	-0.795480
0.290560	-0.844480
0.290640	-0.917980
0.290720	-0.966980
0.290800	-1.003700
0.290880	-1.052700
0.290960	-1.077200
0.291040	-1.114000
0.291120	-1.138500
0.291200	-1.163000
0.291280	-1.150700
0.291360	-1.138500
0.291440	-1.138500
0.291520	-1.114000
0.291600	-1.089500
0.291680	-1.065000
0.291760	-1.077200
0.291840	-1.089500
0.291920	-1.101700
0.292000	-1.089500
0.292080	-1.126200
0.292160	-1.150700
0.292240	-1.150700
0.292320	-1.138500
0.292400	-1.077200
0.292480	-1.003700
0.292560	-0.893480
0.292640	-0.758730
0.292720	-0.611730
0.292800	-0.464730
0.292880	-0.354480
0.292960	-0.256480
0.293040	-0.195230
0.293120	-0.158480
0.293200	-0.182980
0.293280	-0.231980
0.293360	-0.268730
0.293440	-0.317730
0.293520	-0.403480
0.293600	-0.464730
0.293680	-0.562730
0.293760	-0.672980
0.293840	-0.795480
0.293920	-0.905730
0.294000	-0.991480
0.294080	-1.101700
0.294160	-1.126200
0.294240	-1.199700
0.294320	-1.261000
0.294400	-1.273200
0.294480	-1.297700
0.294560	-1.310000
0.294640	-1.285500
0.294720	-1.248700
0.294800	-1.187500
0.294880	-1.150700
0.294960	-1.150700
0.295040	-1.175200
0.295120	-1.163000
0.295200	-1.150700
0.295280	-1.114000
0.295360	-1.065000
0.295440	-1.052700
0.295520	-0.991480
0.295600	-0.966980
0.295680	-0.905730
0.295760	-0.868980
0.295840	-0.783230
0.295920	-0.721980
0.296000	-0.685230
0.296080	-0.623980
0.296160	-0.574980
0.296240	-0.538230
0.296320	-0.452480
0.296400	-0.378980
0.296480	-0.317730
0.296560	-0.268730
0.296640	-0.219730
0.296720	-0.195230
0.296800	-0.207480
0.296880	-0.219730
0.296960	-0.182980
0.297040	-0.219730
0.297120	-0.231980
0.297200	-0.231980
0.297280	-0.231980
0.297360	-0.219730
0.297440	-0.182980
0.297520	-0.146230
0.297600	-0.133980
0.297680	-0.133980
0.297760	-0.121730
0.297840	-0.146230
0.297920	-0.170730
0.298000	-0.244230
0.298080	-0.317730
0.298160	-0.415730
0.298240	-0.501480
0.298320	-0.587230
0.298400	-0.697480
0.298480	-0.832230
0.298560	-0.942480
0.298640	-0.991480
0.298720	-1.040500
0.298800	-1.003700
0.298880	-0.979230
0.298960	-0.917980
0.299040	-0.893480
0.299120	-0.881230
0.299200	-0.868980
0.299280	-0.844480
0.299360	-0.795480
0.299440	-0.746480
0.299520	-0.709730
0.299600	-0.697480
0.299680	-0.697480
0.299760	-0.685230
0.299840	-0.623980
0.299920	-0.611730
0.300000	-0.721980
0.300080	-0.844480
0.300160	-0.930230
0.300240	-0.979230
0.300320	-0.979230
0.300400	-1.028200
0.300480	-1.187500
0.300560	-1.359000
0.300640	-1.444700
0.300720	-1.506000
0.300800	-1.493700
0.300880	-1.567200
0.300960	-1.677500
0.301040	-1.775500
0.301120	-1.836700
0.301200	-1.836700
0.301280	-1.849000
0.301360	-1.836700
0.301440	-1.763200
0.301520	-1.604000
0.301600	-1.432500
0.301680	-1.322200
0.301760	-1.224200
0.301840	-1.126200
0.301920	-0.991480
0.302000	-0.819980
0.302080	-0.685230
0.302160	-0.623980
0.302240	-0.587230
0.302320	-0.550480
0.302400	-0.513730
0.302480	-0.415730
0.302560	-0.293230
0.302640	-0.207480
0.302720	-0.121730
0.302800	-0.060482
0.302880	0.111020
0.302960	0.282520
0.303040	0.454020
0.303120	0.454020
0.303200	0.429520
0.303280	0.405020
0.303360	0.356020
0.303440	0.294770
0.303520	0.123270
0.303600	-0.048232
0.303680	-0.195230
0.303760	-0.342230
0.303840	-0.501480
0.303920	-0.611730
0.304000	-0.758730
0.304080	-0.844480
0.304160	-0.881230
0.304240	-0.819980
0.304320	-0.685230
0.304400	-0.574980
0.304480	-0.452480
0.304560	-0.317730
0.304640	-0.133980
0.304720	0.025268
0.304800	0.196770
0.304880	0.368270
0.304960	0.564270
0.305040	0.711270
0.305120	0.833770
0.305200	0.980770
0.305280	1.103300
0.305360	1.238000
0.305440	1.336000
0.305520	1.446300
0.305600	1.483000
0.305680	1.495300
0.305760	1.458500
0.305840	1.434000
0.305920	1.397300
0.306000	1.372800
0.306080	1.299300
0.306160	1.225800
0.306240	1.115500
0.306320	1.042000
0.306400	0.944020
0.306480	0.907270
0.306560	0.858270
0.306640	0.809270
0.306720	0.784770
0.306800	0.723520
0.306880	0.625520
0.306960	0.478520
0.307040	0.307020
0.307120	0.123270
0.307200	-0.084982
0.307280	-0.280980
0.307360	-0.464730
0.307440	-0.587230
0.307520	-0.721980
0.307600	-0.807730
0.307680	-0.856730
0.307760	-0.844480
0.307840	-0.783230
0.307920	-0.721980
0.308000	-0.623980
0.308080	-0.538230
0.308160	-0.476980
0.308240	-0.464730
0.308320	-0.525980
0.308400	-0.587230
0.308480	-0.685230
0.308560	-0.795480
0.308640	-0.868980
0.308720	-0.917980
0.308800	-0.942480
0.308880	-0.954730
0.308960	-0.979230
0.309040	-0.930230
0.309120	-0.807730
0.309200	-0.672980
0.309280	-0.440230
0.309360	-0.182980
0.309440	0.049768
0.309520	0.294770
0.309600	0.527520
0.309680	0.760270
0.309760	0.931770
0.309840	1.103300
0.309920	1.140000
