-0.020080	0.074965
-0.020000	0.050483
-0.019920	0.062724
-0.019840	0.050483
-0.019760	0.038242
-0.019680	0.062724
-0.019600	0.062724
-0.019520	0.026001
-0.019440	0.050483
-0.019360	0.026001
-0.019280	0.062724
-0.019200	0.026001
-0.019120	0.026001
-0.019040	0.013760
-0.018960	0.026001
-0.018880	0.013760
-0.018800	0.013760
-0.018720	0.013760
-0.018640	0.026001
-0.018560	0.013760
-0.018480	0.001519
-0.018400	-0.010722
-0.018320	-0.022963
-0.018240	0.001519
-0.018160	0.013760
-0.018080	0.026001
-0.018000	0.001519
-0.017920	0.026001
-0.017840	0.038242
-0.017760	0.001519
-0.017680	0.026001
-0.017600	0.013760
-0.017520	0.013760
-0.017440	0.026001
-0.017360	0.013760
-0.017280	0.026001
-0.017200	0.038242
-0.017120	0.038242
-0.017040	0.050483
-0.016960	0.038242
-0.016880	0.013760
-0.016800	0.026001
-0.016720	0.038242
-0.016640	0.050483
-0.016560	0.050483
-0.016480	0.050483
-0.016400	0.074965
-0.016320	0.062724
-0.016240	0.038242
-0.016160	0.062724
-0.016080	0.050483
-0.016000	0.038242
-0.015920	0.026001
-0.015840	0.013760
-0.015760	0.038242
-0.015680	0.038242
-0.015600	0.050483
-0.015520	0.062724
-0.015440	0.074965
-0.015360	0.050483
-0.015280	0.062724
-0.015200	0.038242
-0.015120	0.038242
-0.015040	0.013760
-0.014960	0.050483
-0.014880	0.074965
-0.014800	0.074965
-0.014720	0.074965
-0.014640	0.087206
-0.014560	0.111690
-0.014480	0.099447
-0.014400	0.087206
-0.014320	0.050483
-0.014240	0.050483
-0.014160	0.038242
-0.014080	0.050483
-0.014000	0.038242
-0.013920	0.038242
-0.013840	0.013760
-0.013760	0.026001
-0.013680	0.013760
-0.013600	-0.010722
-0.013520	0.001519
-0.013440	0.001519
-0.013360	-0.010722
-0.013280	0.001519
-0.013200	0.038242
-0.013120	0.050483
-0.013040	0.026001
-0.012960	0.038242
-0.012880	0.062724
-0.012800	0.050483
-0.012720	0.038242
-0.012640	0.026001
-0.012560	0.026001
-0.012480	0.026001
-0.012400	0.026001
-0.012320	0.026001
-0.012240	0.026001
-0.012160	0.026001
-0.012080	0.050483
-0.012000	0.050483
-0.011920	0.050483
-0.011840	0.062724
-0.011760	0.062724
-0.011680	0.050483
-0.011600	0.062724
-0.011520	0.038242
-0.011440	0.013760
-0.011360	0.038242
-0.011280	0.038242
-0.011200	0.026001
-0.011120	0.026001
-0.011040	0.001519
-0.010960	-0.022963
-0.010880	0.013760
-0.010800	0.013760
-0.010720	-0.010722
-0.010640	0.001519
-0.010560	0.013760
-0.010480	0.013760
-0.010400	0.038242
-0.010320	0.026001
-0.010240	0.026001
-0.010160	0.026001
-0.010080	0.026001
-0.010000	0.026001
-0.009920	0.026001
-0.009840	0.001519
-0.009760	0.038242
-0.009680	0.026001
-0.009600	0.026001
-0.009520	0.013760
-0.009440	0.038242
-0.009360	0.038242
-0.009280	0.050483
-0.009200	0.062724
-0.009120	0.026001
-0.009040	0.026001
-0.008960	0.026001
-0.008880	0.026001
-0.008800	0.026001
-0.008720	0.038242
-0.008640	0.026001
-0.008560	0.013760
-0.008480	0.001519
-0.008400	0.013760
-0.008320	0.026001
-0.008240	0.013760
-0.008160	0.013760
-0.008080	0.026001
-0.008000	0.001519
-0.007920	0.013760
-0.007840	0.026001
-0.007760	0.001519
-0.007680	0.026001
-0.007600	0.038242
-0.007520	0.038242
-0.007440	0.050483
-0.007360	0.074965
-0.007280	0.087206
-0.007200	0.111690
-0.007120	0.087206
-0.007040	0.062724
-0.006960	0.074965
-0.006880	0.050483
-0.006800	0.062724
-0.006720	0.087206
-0.006640	0.074965
-0.006560	0.087206
-0.006480	0.074965
-0.006400	0.062724
-0.006320	0.050483
-0.006240	0.038242
-0.006160	0.026001
-0.006080	0.001519
-0.006000	0.001519
-0.005920	0.013760
-0.005840	0.001519
-0.005760	0.013760
-0.005680	-0.035204
-0.005600	-0.010722
-0.005520	0.001519
-0.005440	-0.010722
-0.005360	-0.022963
-0.005280	0.001519
-0.005200	-0.059686
-0.005120	-0.059686
-0.005040	-0.071927
-0.004960	-0.084168
-0.004880	-0.084168
-0.004800	-0.059686
-0.004720	-0.035204
-0.004640	-0.035204
-0.004560	-0.022963
-0.004480	-0.035204
-0.004400	-0.035204
-0.004320	-0.035204
-0.004240	-0.035204
-0.004160	-0.035204
-0.004080	-0.035204
-0.004000	-0.022963
-0.003920	-0.022963
-0.003840	-0.035204
-0.003760	-0.071927
-0.003680	-0.047445
-0.003600	-0.047445
-0.003520	-0.047445
-0.003440	-0.035204
-0.003360	-0.059686
-0.003280	-0.071927
-0.003200	-0.084168
-0.003120	-0.059686
-0.003040	-0.071927
-0.002960	-0.059686
-0.002880	-0.071927
-0.002800	-0.059686
-0.002720	-0.084168
-0.002640	-0.084168
-0.002560	-0.047445
-0.002480	-0.047445
-0.002400	-0.047445
-0.002320	-0.035204
-0.002240	-0.010722
-0.002160	0.013760
-0.002080	0.026001
-0.002000	0.026001
-0.001920	0.038242
-0.001840	0.038242
-0.001760	0.038242
-0.001680	0.038242
-0.001600	0.026001
-0.001520	0.026001
-0.001440	0.026001
-0.001360	0.013760
-0.001280	0.001519
-0.001200	0.001519
-0.001120	0.026001
-0.001040	0.013760
-0.000960	0.050483
-0.000880	0.001519
-0.000800	0.001519
-0.000720	0.001519
-0.000640	0.013760
-0.000560	-0.010722
-0.000480	-0.010722
-0.000400	0.001519
-0.000320	0.001519
-0.000240	-0.010722
-0.000160	0.013760
-0.000080	0.001519
0.000000	0.026001
0.000080	0.013760
0.000160	0.038242
0.000240	0.050483
0.000320	0.050483
0.000400	0.038242
0.000480	0.050483
0.000560	0.050483
0.000640	0.050483
0.000720	0.062724
0.000800	0.062724
0.000880	0.087206
0.000960	0.111690
0.001040	0.111690
0.001120	0.099447
0.001200	0.111690
0.001280	0.087206
0.001360	0.074965
0.001440	0.062724
0.001520	0.074965
0.001600	0.087206
0.001680	0.099447
0.001760	0.074965
0.001840	0.074965
0.001920	0.074965
0.002000	0.050483
0.002080	0.062724
0.002160	0.062724
0.002240	0.074965
0.002320	0.074965
0.002400	0.062724
0.002480	0.074965
0.002560	0.087206
0.002640	0.111690
0.002720	0.087206
0.002800	0.062724
0.002880	0.050483
0.002960	0.074965
0.003040	0.074965
0.003120	0.087206
0.003200	0.099447
0.003280	0.099447
0.003360	0.099447
0.003440	0.123930
0.003520	0.099447
0.003600	0.111690
0.003680	0.087206
0.003760	0.050483
0.003840	0.001519
0.003920	-0.010722
0.004000	-0.022963
0.004080	-0.022963
0.004160	-0.010722
0.004240	0.013760
0.004320	-0.022963
0.004400	-0.010722
0.004480	-0.022963
0.004560	-0.010722
0.004640	0.001519
0.004720	-0.010722
0.004800	-0.010722
0.004880	-0.022963
0.004960	-0.022963
0.005040	-0.022963
0.005120	-0.035204
0.005200	-0.022963
0.005280	0.013760
0.005360	0.026001
0.005440	0.026001
0.005520	0.038242
0.005600	0.038242
0.005680	0.026001
0.005760	0.038242
0.005840	0.026001
0.005920	0.026001
0.006000	0.026001
0.006080	0.001519
0.006160	0.001519
0.006240	0.038242
0.006320	0.013760
0.006400	0.013760
0.006480	0.001519
0.006560	0.001519
0.006640	0.013760
0.006720	0.026001
0.006800	0.013760
0.006880	0.013760
0.006960	0.026001
0.007040	0.013760
0.007120	0.038242
0.007200	0.001519
0.007280	0.013760
0.007360	0.013760
0.007440	-0.010722
0.007520	0.001519
0.007600	0.013760
0.007680	0.026001
0.007760	0.013760
0.007840	-0.010722
0.007920	0.001519
0.008000	0.013760
0.008080	-0.022963
0.008160	-0.022963
0.008240	0.013760
0.008320	0.038242
0.008400	0.038242
0.008480	0.026001
0.008560	0.026001
0.008640	0.038242
0.008720	0.050483
0.008800	0.050483
0.008880	0.062724
0.008960	0.038242
0.009040	0.050483
0.009120	0.050483
0.009200	0.026001
0.009280	0.013760
0.009360	-0.022963
0.009440	-0.047445
0.009520	-0.096409
0.009600	-0.096409
0.009680	-0.120890
0.009760	-0.145370
0.009840	-0.182100
0.009920	-0.182100
0.010000	-0.169850
0.010080	-0.169850
0.010160	-0.182100
0.010240	-0.145370
0.010320	-0.133130
0.010400	-0.096409
0.010480	-0.047445
0.010560	0.001519
0.010640	0.013760
0.010720	0.062724
0.010800	0.074965
0.010880	0.038242
0.010960	0.013760
0.011040	0.013760
0.011120	0.026001
0.011200	0.050483
0.011280	0.087206
0.011360	0.123930
0.011440	0.185130
0.011520	0.209620
0.011600	0.246340
0.011680	0.221860
0.011760	0.197370
0.011840	0.185130
0.011920	0.209620
0.012000	0.221860
0.012080	0.197370
0.012160	0.197370
0.012240	0.185130
0.012320	0.148410
0.012400	0.111690
0.012480	0.087206
0.012560	0.026001
0.012640	-0.035204
0.012720	-0.096409
0.012800	-0.145370
0.012880	-0.157610
0.012960	-0.120890
0.013040	-0.096409
0.013120	-0.022963
0.013200	0.013760
0.013280	0.026001
0.013360	0.038242
0.013440	0.050483
0.013520	0.050483
0.013600	0.026001
0.013680	0.013760
0.013760	-0.047445
0.013840	-0.120890
0.013920	-0.182100
0.014000	-0.206580
0.014080	-0.231060
0.014160	-0.218820
0.014240	-0.145370
0.014320	-0.096409
0.014400	-0.010722
0.014480	0.026001
0.014560	0.087206
0.014640	0.087206
0.014720	0.099447
0.014800	0.087206
0.014880	0.074965
0.014960	0.099447
0.015040	0.136170
0.015120	0.209620
0.015200	0.295300
0.015280	0.417710
0.015360	0.589090
0.015440	0.674770
0.015520	0.711500
0.015600	0.711500
0.015680	0.662530
0.015760	0.601330
0.015840	0.564600
0.015920	0.503400
0.016000	0.478920
0.016080	0.442190
0.016160	0.405470
0.016240	0.393230
0.016320	0.368750
0.016400	0.332030
0.016480	0.270820
0.016560	0.295300
0.016640	0.270820
0.016720	0.221860
0.016800	0.160650
0.016880	0.111690
0.016960	0.050483
0.017040	0.001519
0.017120	-0.047445
0.017200	-0.096409
0.017280	-0.120890
0.017360	-0.169850
0.017440	-0.194340
0.017520	-0.206580
0.017600	-0.182100
0.017680	-0.169850
0.017760	-0.145370
0.017840	-0.194340
0.017920	-0.206580
0.018000	-0.120890
0.018080	-0.084168
0.018160	0.001519
0.018240	0.099447
0.018320	0.160650
0.018400	0.172890
0.018480	0.221860
0.018560	0.258580
0.018640	0.307540
0.018720	0.356510
0.018800	0.429950
0.018880	0.478920
0.018960	0.478920
0.019040	0.491160
0.019120	0.466680
0.019200	0.466680
0.019280	0.491160
0.019360	0.515640
0.019440	0.552360
0.019520	0.552360
0.019600	0.491160
0.019680	0.356510
0.019760	0.234100
0.019840	0.074965
0.019920	-0.096409
0.020000	-0.157610
0.020080	-0.206580
0.020160	-0.206580
0.020240	-0.169850
0.020320	-0.145370
0.020400	-0.133130
0.020480	-0.145370
0.020560	-0.218820
0.020640	-0.255540
0.020720	-0.243300
0.020800	-0.206580
0.020880	-0.059686
0.020960	0.111690
0.021040	0.332030
0.021120	0.564600
0.021200	0.699260
0.021280	0.821670
0.021360	0.919590
0.021440	0.956320
0.021520	0.956320
0.021600	0.870630
0.021680	0.711500
0.021760	0.478920
0.021840	0.246340
0.021920	0.074965
0.022000	0.038242
0.022080	0.172890
0.022160	0.454440
0.022240	0.797180
0.022320	1.213400
0.022400	1.568400
0.022480	1.739700
0.022560	1.690800
0.022640	1.458200
0.022720	1.029800
0.022800	0.540120
0.022880	0.050483
0.022960	-0.206580
0.023040	-0.120890
0.023120	0.185130
0.023200	0.552360
0.023280	0.931830
0.023360	1.176700
0.023440	1.250100
0.023520	1.176700
0.023600	0.882870
0.023680	0.478920
0.023760	0.001519
0.023840	-0.365710
0.023920	-0.586050
0.024000	-0.537080
0.024080	-0.267780
0.024160	0.209620
0.024240	0.711500
0.024320	1.066500
0.024400	1.225600
0.024480	1.103200
0.024560	0.760460
0.024640	0.344270
0.024720	0.062724
0.024800	0.001519
0.024880	0.197370
0.024960	0.650290
0.025040	1.176700
0.025120	1.690800
0.025200	2.033500
0.025280	2.180400
0.025360	2.045800
0.025440	1.752000
0.025520	1.299100
0.025600	0.772700
0.025680	0.270820
0.025760	-0.047445
0.025840	-0.169850
0.025920	-0.071927
0.026000	0.074965
0.026080	0.246340
0.026160	0.283060
0.026240	0.185130
0.026320	-0.084168
0.026400	-0.524840
0.026480	-1.039000
0.026560	-1.528600
0.026640	-1.883600
0.026720	-2.042700
0.026800	-2.006000
0.026880	-1.761200
0.026960	-1.357200
0.027040	-0.904310
0.027120	-0.463640
0.027200	-0.157610
0.027280	-0.145370
0.027360	-0.365710
0.027440	-0.794150
0.027520	-1.283800
0.027600	-1.687700
0.027680	-1.859100
0.027760	-1.724500
0.027840	-1.247100
0.027920	-0.635010
0.028000	-0.059686
0.028080	0.356510
0.028160	0.552360
0.028240	0.515640
0.028320	0.295300
0.028400	-0.084168
0.028480	-0.524840
0.028560	-0.818630
0.028640	-0.928800
0.028720	-0.720700
0.028800	-0.267780
0.028880	0.258580
0.028960	0.735980
0.029040	1.017500
0.029120	1.091000
0.029200	1.005300
0.029280	0.772700
0.029360	0.515640
0.029440	0.332030
0.029520	0.209620
0.029600	0.172890
0.029680	0.234100
0.029760	0.356510
0.029840	0.552360
0.029920	0.735980
0.030000	0.846150
0.030080	0.760460
0.030160	0.527880
0.030240	0.246340
0.030320	0.050483
0.030400	0.026001
0.030480	0.026001
0.030560	0.160650
0.030640	0.491160
0.030720	0.907350
0.030800	1.237900
0.030880	1.531600
0.030960	1.739700
0.031040	1.837700
0.031120	1.727500
0.031200	1.531600
0.031280	1.311300
0.031360	1.152200
0.031440	1.139900
0.031520	1.274600
0.031600	1.592800
0.031680	1.984600
0.031760	2.327300
0.031840	2.596600
0.031920	2.706800
0.032000	2.694500
0.032080	2.694500
0.032160	2.792500
0.032240	3.037300
0.032320	3.233100
0.032400	3.343300
0.032480	3.257600
0.032560	2.939400
0.032640	2.474200
0.032720	1.972300
0.032800	1.519400
0.032880	1.078700
0.032960	0.699260
0.033040	0.307540
0.033120	0.001519
0.033200	-0.377950
0.033280	-0.757420
0.033360	-1.173600
0.033440	-1.614300
0.033520	-1.981500
0.033600	-2.263100
0.033680	-2.397700
0.033760	-2.348800
0.033840	-2.177400
0.033920	-1.883600
0.034000	-1.540900
0.034080	-1.222600
0.034160	-1.026700
0.034240	-0.965520
0.034320	-0.867590
0.034400	-0.732940
0.034480	-0.549330
0.034560	-0.280020
0.034640	-0.022963
0.034720	0.148410
0.034800	0.197370
0.034880	0.209620
0.034960	0.111690
0.035040	0.013760
0.035120	-0.096409
0.035200	-0.157610
0.035280	-0.280020
0.035360	-0.463640
0.035440	-0.708460
0.035520	-0.855350
0.035600	-0.977760
0.035680	-1.039000
0.035760	-1.039000
0.035840	-1.100200
0.035920	-1.173600
0.036000	-1.345000
0.036080	-1.491900
0.036160	-1.638800
0.036240	-1.773400
0.036320	-1.785700
0.036400	-1.736700
0.036480	-1.638800
0.036560	-1.479600
0.036640	-1.234800
0.036720	-0.879830
0.036800	-0.537080
0.036880	-0.194340
0.036960	-0.010722
0.037040	0.013760
0.037120	-0.047445
0.037200	-0.145370
0.037280	-0.182100
0.037360	-0.120890
0.037440	0.013760
0.037520	0.172890
0.037600	0.344270
0.037680	0.417710
0.037760	0.478920
0.037840	0.491160
0.037920	0.478920
0.038000	0.405470
0.038080	0.295300
0.038160	0.221860
0.038240	0.136170
0.038320	0.062724
0.038400	0.050483
0.038480	0.013760
0.038560	-0.071927
0.038640	-0.182100
0.038720	-0.316750
0.038800	-0.451400
0.038880	-0.573810
0.038960	-0.622770
0.039040	-0.647250
0.039120	-0.720700
0.039200	-0.830870
0.039280	-0.941040
0.039360	-1.051200
0.039440	-1.136900
0.039520	-1.112400
0.039600	-0.953280
0.039680	-0.683980
0.039760	-0.353470
0.039840	0.038242
0.039920	0.393230
0.040000	0.760460
0.040080	1.115500
0.040160	1.397000
0.040240	1.568400
0.040320	1.715300
0.040400	1.788700
0.040480	1.886600
0.040560	1.898900
0.040640	1.874400
0.040720	1.813200
0.040800	1.654000
0.040880	1.494900
0.040960	1.262300
0.041040	1.115500
0.041120	1.029800
0.041200	0.956320
0.041280	0.931830
0.041360	0.944080
0.041440	0.907350
0.041520	0.772700
0.041600	0.552360
0.041680	0.295300
0.041760	-0.010722
0.041840	-0.304510
0.041920	-0.512600
0.042000	-0.586050
0.042080	-0.573810
0.042160	-0.500360
0.042240	-0.426920
0.042320	-0.377950
0.042400	-0.390190
0.042480	-0.488120
0.042560	-0.622770
0.042640	-0.745180
0.042720	-0.781900
0.042800	-0.781900
0.042880	-0.683980
0.042960	-0.537080
0.043040	-0.267780
0.043120	0.013760
0.043200	0.295300
0.043280	0.503400
0.043360	0.711500
0.043440	0.833910
0.043520	0.944080
0.043600	0.993040
0.043680	1.017500
0.043760	1.005300
0.043840	0.956320
0.043920	0.882870
0.044000	0.821670
0.044080	0.735980
0.044160	0.662530
0.044240	0.503400
0.044320	0.332030
0.044400	0.123930
0.044480	-0.059686
0.044560	-0.169850
0.044640	-0.231060
0.044720	-0.145370
0.044800	-0.010722
0.044880	0.197370
0.044960	0.429950
0.045040	0.723740
0.045120	1.005300
0.045200	1.286800
0.045280	1.519400
0.045360	1.690800
0.045440	1.776500
0.045520	1.813200
0.045600	1.801000
0.045680	1.788700
0.045760	1.801000
0.045840	1.886600
0.045920	2.094700
0.046000	2.364000
0.046080	2.719000
0.046160	3.098500
0.046240	3.355600
0.046320	3.416800
0.046400	3.429000
0.046480	3.441200
0.046560	3.429000
0.046640	3.367800
0.046720	3.208700
0.046800	2.939400
0.046880	2.780200
0.046960	2.743500
0.047040	2.792500
0.047120	2.804700
0.047200	2.670100
0.047280	2.302800
0.047360	1.862100
0.047440	1.446000
0.047520	1.213400
0.047600	1.164400
0.047680	1.201100
0.047760	1.274600
0.047840	1.372500
0.047920	1.470400
0.048000	1.568400
0.048080	1.531600
0.048160	1.250100
0.048240	0.699260
0.048320	0.062724
0.048400	-0.500360
0.048480	-0.892070
0.048560	-1.063400
0.048640	-0.843110
0.048720	-0.426920
0.048800	0.087206
0.048880	0.466680
0.048960	0.589090
0.049040	0.356510
0.049120	0.038242
0.049200	-0.243300
0.049280	-0.414670
0.049360	-0.500360
0.049440	-0.475880
0.049520	-0.439160
0.049600	-0.341230
0.049680	-0.231060
0.049760	-0.267780
0.049840	-0.537080
0.049920	-1.149100
0.050000	-1.871400
0.050080	-2.336500
0.050160	-2.348800
0.050240	-1.944800
0.050320	-1.271600
0.050400	-0.512600
0.050480	0.074965
0.050560	0.368750
0.050640	0.442190
0.050720	0.221860
0.050800	-0.218820
0.050880	-0.635010
0.050960	-0.953280
0.051040	-1.039000
0.051120	-0.904310
0.051200	-0.537080
0.051280	-0.120890
0.051360	0.221860
0.051440	0.087206
0.051520	-0.537080
0.051600	-1.467400
0.051680	-2.263100
0.051760	-2.703700
0.051840	-2.556800
0.051920	-2.152900
0.052000	-1.491900
0.052080	-0.843110
0.052160	-0.255540
0.052240	0.258580
0.052320	0.589090
0.052400	0.711500
0.052480	0.601330
0.052560	0.307540
0.052640	-0.145370
0.052720	-0.708460
0.052800	-1.124700
0.052880	-1.320500
0.052960	-1.320500
0.053040	-1.002200
0.053120	-0.598290
0.053200	-0.304510
0.053280	-0.035204
0.053360	0.001519
0.053440	-0.010722
0.053520	0.001519
0.053600	-0.145370
0.053680	-0.402430
0.053760	-0.647250
0.053840	-0.904310
0.053920	-0.977760
0.054000	-0.892070
0.054080	-0.830870
0.054160	-0.855350
0.054240	-1.026700
0.054320	-1.308300
0.054400	-1.540900
0.054480	-1.626500
0.054560	-1.638800
0.054640	-1.577600
0.054720	-1.491900
0.054800	-1.381700
0.054880	-1.283800
0.054960	-1.271600
0.055040	-1.161400
0.055120	-1.026700
0.055200	-0.892070
0.055280	-0.622770
0.055360	-0.292260
0.055440	-0.035204
0.055520	0.050483
0.055600	-0.071927
0.055680	-0.390190
0.055760	-0.622770
0.055840	-0.830870
0.055920	-0.916560
0.056000	-0.818630
0.056080	-0.708460
0.056160	-0.586050
0.056240	-0.524840
0.056320	-0.598290
0.056400	-0.781900
0.056480	-0.892070
0.056560	-0.965520
0.056640	-0.953280
0.056720	-0.855350
0.056800	-0.781900
0.056880	-0.794150
0.056960	-0.904310
0.057040	-1.026700
0.057120	-1.161400
0.057200	-1.210300
0.057280	-1.222600
0.057360	-1.271600
0.057440	-1.406200
0.057520	-1.638800
0.057600	-1.846900
0.057680	-1.920300
0.057760	-1.883600
0.057840	-1.736700
0.057920	-1.589800
0.058000	-1.418400
0.058080	-1.247100
0.058160	-1.039000
0.058240	-0.769660
0.058320	-0.586050
0.058400	-0.549330
0.058480	-0.769660
0.058560	-1.112400
0.058640	-1.491900
0.058720	-1.895800
0.058800	-2.226300
0.058880	-2.397700
0.058960	-2.422200
0.059040	-2.299800
0.059120	-2.079400
0.059200	-1.859100
0.059280	-1.687700
0.059360	-1.626500
0.059440	-1.773400
0.059520	-2.018200
0.059600	-2.336500
0.059680	-2.703700
0.059760	-3.058700
0.059840	-3.401500
0.059920	-3.621800
0.060000	-3.683000
0.060080	-3.462700
0.060160	-2.973000
0.060240	-2.397700
0.060320	-1.932600
0.060400	-1.785700
0.060480	-1.920300
0.060560	-2.152900
0.060640	-2.361000
0.060720	-2.495700
0.060800	-2.618100
0.060880	-2.850600
0.060960	-3.107700
0.061040	-3.205600
0.061120	-3.217900
0.061200	-3.107700
0.061280	-3.009800
0.061360	-3.046500
0.061440	-3.095400
0.061520	-3.181100
0.061600	-3.230100
0.061680	-3.217900
0.061760	-3.107700
0.061840	-2.985300
0.061920	-2.862900
0.062000	-2.654800
0.062080	-2.507900
0.062160	-2.495700
0.062240	-2.703700
0.062320	-3.058700
0.062400	-3.474900
0.062480	-3.805400
0.062560	-4.087000
0.062640	-4.270600
0.062720	-4.417500
0.062800	-4.429700
0.062880	-4.319600
0.062960	-4.295100
0.063040	-4.344000
0.063120	-4.417500
0.063200	-4.344000
0.063280	-4.062500
0.063360	-3.670800
0.063440	-3.499400
0.063520	-3.511700
0.063600	-3.401500
0.063680	-3.132200
0.063760	-2.850600
0.063840	-2.532400
0.063920	-2.030500
0.064000	-1.320500
0.064080	-0.794150
0.064160	-0.659490
0.064240	-0.953280
0.064320	-1.357200
0.064400	-1.136900
0.064480	-0.120890
0.064560	1.384800
0.064640	2.768000
0.064720	3.722800
0.064800	4.175700
0.064880	4.298100
0.064960	4.261400
0.065040	3.979800
0.065120	3.392300
0.065200	2.547700
0.065280	1.372500
0.065360	-0.194340
0.065440	-2.140700
0.065520	-4.111500
0.065600	-5.409000
0.065680	-5.396800
0.065760	-4.038000
0.065840	-2.177400
0.065920	-0.610530
0.066000	0.442190
0.066080	0.687010
0.066160	0.221860
0.066240	-0.647250
0.066320	-1.467400
0.066400	-1.675500
0.066480	-1.283800
0.066560	-0.794150
0.066640	-0.488120
0.066720	-0.647250
0.066800	-1.442900
0.066880	-2.765000
0.066960	-4.490900
0.067040	-6.180200
0.067120	-7.587900
0.067200	-8.518200
0.067280	-8.530500
0.067360	-7.636900
0.067440	-6.339300
0.067520	-5.139700
0.067600	-4.062500
0.067680	-2.740500
0.067760	-1.308300
0.067840	-0.524840
0.067920	-0.500360
0.068000	-0.451400
0.068080	0.295300
0.068160	1.421500
0.068240	1.862100
0.068320	0.944080
0.068400	-1.185900
0.068480	-3.683000
0.068560	-5.825200
0.068640	-7.000300
0.068720	-6.780000
0.068800	-5.139700
0.068880	-2.507900
0.068960	0.380990
0.069040	2.792500
0.069120	4.432800
0.069200	5.412000
0.069280	5.607900
0.069360	4.714300
0.069440	2.645600
0.069520	-0.133130
0.069600	-3.009800
0.069680	-5.274400
0.069760	-6.584100
0.069840	-7.135000
0.069920	-7.318600
0.070000	-7.183900
0.070080	-6.718800
0.070160	-6.168000
0.070240	-5.825200
0.070320	-5.372300
0.070400	-4.417500
0.070480	-3.389200
0.070560	-2.948600
0.070640	-2.777200
0.070720	-2.728200
0.070800	-3.989000
0.070880	-6.547400
0.070960	-8.248900
0.071040	-8.628400
0.071120	-8.371300
0.071200	-8.089800
0.071280	-7.796000
0.071360	-7.000300
0.071440	-5.947600
0.071520	-5.372300
0.071600	-5.555900
0.071680	-5.886400
0.071760	-4.050300
0.071840	0.393230
0.071920	4.530700
0.072000	6.770800
0.072080	7.395100
0.072160	6.330100
0.072240	2.939400
0.072320	-1.687700
0.072400	-4.295100
0.072480	-4.111500
0.072560	-2.667000
0.072640	-0.084168
0.072720	2.731300
0.072800	3.404500
0.072880	1.788700
0.072960	-1.051200
0.073040	-3.499400
0.073120	-4.552100
0.073200	-4.772500
0.073280	-3.364800
0.073360	0.185130
0.073440	4.604100
0.073520	9.182300
0.073600	13.283000
0.073680	15.951000
0.073760	17.066000
0.073840	16.587999
0.073920	14.703000
0.074000	11.998000
0.074080	9.084300
0.074160	6.513700
0.074240	4.334800
0.074320	2.608900
0.074400	1.335800
0.074480	0.393230
0.074560	-0.035204
0.074640	0.515640
0.074720	2.107000
0.074800	4.151200
0.074880	5.779300
0.074960	6.807500
0.075040	7.297200
0.075120	6.513700
0.075200	4.726500
0.075280	3.380000
0.075360	3.343300
0.075440	4.469500
0.075520	5.938400
0.075600	6.342400
0.075680	6.244400
0.075760	6.881000
0.075840	8.484500
0.075920	10.382000
0.076000	11.300000
0.076080	10.504000
0.076160	8.717100
0.076240	6.942200
0.076320	6.073100
0.076400	6.660600
0.076480	7.994900
0.076560	9.206700
0.076640	10.137000
0.076720	10.920000
0.076800	12.181000
0.076880	13.883000
0.076960	15.229000
0.077040	15.327000
0.077120	13.393000
0.077200	9.439300
0.077280	4.469500
0.077360	-0.194340
0.077440	-3.536100
0.077520	-4.980600
0.077600	-4.845900
0.077680	-4.172700
0.077760	-3.683000
0.077840	-3.426000
0.077920	-3.144400
0.078000	-2.458900
0.078080	-1.283800
0.078160	-0.426920
0.078240	-0.696220
0.078320	-2.079400
0.078400	-3.805400
0.078480	-5.066300
0.078560	-5.396800
0.078640	-5.017300
0.078720	-4.393000
0.078800	-3.242400
0.078880	-1.577600
0.078960	0.466680
0.079040	2.657800
0.079120	4.530700
0.079200	5.901700
0.079280	6.122000
0.079360	4.873400
0.079440	3.833000
0.079520	3.637100
0.079600	3.416800
0.079680	2.902600
0.079760	2.645600
0.079840	3.306600
0.079920	4.848900
0.080000	5.999600
0.080080	5.522200
0.080160	3.037300
0.080240	-0.084168
0.080320	-2.789400
0.080400	-5.029500
0.080480	-6.486200
0.080560	-7.808200
0.080640	-8.836500
0.080720	-7.881700
0.080800	-4.992800
0.080880	-0.928800
0.080960	3.220900
0.081040	5.081500
0.081120	5.032600
0.081200	5.020300
0.081280	5.044800
0.081360	4.200200
0.081440	1.960100
0.081520	-1.528600
0.081600	-5.066300
0.081680	-7.159500
0.081760	-8.248900
0.081840	-9.460800
0.081920	-10.281000
0.082000	-9.411800
0.082080	-7.122700
0.082160	-4.821400
0.082240	-4.380800
0.082320	-6.657600
0.082400	-10.391000
0.082480	-14.002000
0.082560	-16.438000
0.082640	-16.952000
0.082720	-15.165000
0.082800	-11.872000
0.082880	-8.273400
0.082960	-4.833700
0.083040	-1.700000
0.083120	1.225600
0.083200	2.878100
0.083280	2.364000
0.083360	0.136170
0.083440	-3.291300
0.083520	-6.877900
0.083600	-8.897700
0.083680	-9.240400
0.083760	-8.714100
0.083840	-8.175500
0.083920	-8.334600
0.084000	-8.567200
0.084080	-8.224400
0.084160	-7.441000
0.084240	-6.645300
0.084320	-6.400500
0.084400	-7.294100
0.084480	-9.313900
0.084560	-11.823000
0.084640	-14.271000
0.084720	-16.316000
0.084800	-17.528000
0.084880	-17.014000
0.084960	-14.761000
0.085040	-11.236000
0.085120	-7.183900
0.085200	-3.450400
0.085280	-1.002200
0.085360	-0.316750
0.085440	-0.941040
0.085520	-2.226300
0.085600	-3.903400
0.085680	-5.617100
0.085760	-6.975900
0.085840	-7.379800
0.085920	-6.425000
0.086000	-4.356300
0.086080	-2.006000
0.086160	-0.194340
0.086240	0.613570
0.086320	0.417710
0.086400	-0.341230
0.086480	-1.504100
0.086560	-2.765000
0.086640	-0.182100
0.086720	6.538200
0.086800	11.104000
0.086880	10.982000
0.086960	8.815000
0.087040	5.803800
0.087120	0.711500
0.087200	-5.727300
0.087280	-9.925900
0.087360	-10.036000
0.087440	-6.914600
0.087520	-1.712200
0.087600	4.334800
0.087680	9.843300
0.087760	13.014000
0.087840	13.002000
0.087920	11.373000
0.088000	10.161000
0.088080	10.333000
0.088160	11.887000
0.088240	14.079000
0.088320	16.330999
0.088400	18.179001
0.088480	19.122000
0.088560	19.146000
0.088640	18.534000
0.088720	17.702000
0.088800	16.833000
0.088880	16.013000
0.088960	15.572000
0.089040	15.572000
0.089120	15.780000
0.089200	16.073999
0.089280	16.233000
0.089360	16.209000
0.089440	15.915000
0.089520	15.058000
0.089600	13.454000
0.089680	10.774000
0.089760	7.284900
0.089840	3.575900
0.089920	0.001519
0.090000	-3.058700
0.090080	-5.127500
0.090160	-6.021000
0.090240	-6.070000
0.090320	-5.751700
0.090400	-5.543700
0.090480	-5.690500
0.090560	-5.837400
0.090640	-6.082300
0.090720	-6.510700
0.090800	-7.318600
0.090880	-8.885500
0.090960	-9.583200
0.091040	-8.665100
0.091120	-7.490000
0.091200	-5.555900
0.091280	-2.397700
0.091360	0.735980
0.091440	3.404500
0.091520	5.008100
0.091600	4.775500
0.091680	2.951600
0.091760	0.013760
0.091840	-2.752700
0.091920	-4.417500
0.092000	-4.943900
0.092080	-4.197100
0.092160	-2.152900
0.092240	0.625810
0.092320	3.392300
0.092400	5.436500
0.092480	6.464800
0.092560	6.073100
0.092640	4.102300
0.092720	1.066500
0.092800	-2.324300
0.092880	-5.176400
0.092960	-6.780000
0.093040	-7.171700
0.093120	-6.498400
0.093200	-5.103000
0.093280	-3.499400
0.093360	-2.165100
0.093440	-1.504100
0.093520	-1.932600
0.093600	-3.279100
0.093680	-5.286600
0.093760	-7.783800
0.093840	-10.183000
0.093920	-11.982000
0.094000	-12.851000
0.094080	-12.692000
0.094160	-11.799000
0.094240	-10.342000
0.094320	-8.506000
0.094400	-6.841200
0.094480	-5.678300
0.094560	-5.164200
0.094640	-5.151900
0.094720	-5.494700
0.094800	-5.886400
0.094880	-6.008800
0.094960	-5.666100
0.095040	-4.699000
0.095120	-3.022000
0.095200	-0.830870
0.095280	1.617300
0.095360	3.955400
0.095440	5.901700
0.095520	7.395100
0.095600	8.227500
0.095680	8.447800
0.095760	8.239700
0.095840	7.823500
0.095920	7.346100
0.096000	6.856500
0.096080	6.415800
0.096160	6.024100
0.096240	5.595700
0.096320	5.142700
0.096400	4.665300
0.096480	4.151200
0.096560	3.551400
0.096640	2.939400
0.096720	2.204900
0.096800	1.323500
0.096880	0.380990
0.096960	-0.537080
0.097040	-1.418400
0.097120	-2.128400
0.097200	-2.679300
0.097280	-3.022000
0.097360	-3.156700
0.097440	-3.034300
0.097520	-2.630300
0.097600	-1.920300
0.097680	-1.026700
0.097760	0.001519
0.097840	0.980800
0.097920	1.764200
0.098000	2.315100
0.098080	2.731300
0.098160	3.037300
0.098240	3.453500
0.098320	4.016600
0.098400	4.763300
0.098480	5.644600
0.098560	6.550400
0.098640	7.321600
0.098720	7.811300
0.098800	7.945900
0.098880	7.799000
0.098960	7.358400
0.099040	6.856500
0.099120	6.342400
0.099200	5.950600
0.099280	5.681300
0.099360	5.473200
0.099440	5.289600
0.099520	4.995900
0.099600	4.481700
0.099680	3.735000
0.099760	2.939400
0.099840	2.082500
0.099920	1.274600
0.100000	0.564600
0.100080	-0.022963
0.100160	-0.414670
0.100240	-0.781900
0.100320	-1.173600
0.100400	-1.602000
0.100480	-2.067200
0.100560	-2.544600
0.100640	-3.071000
0.100720	-3.646300
0.100800	-4.135900
0.100880	-4.368500
0.100960	-4.270600
0.101040	-3.805400
0.101120	-3.058700
0.101200	-2.079400
0.101280	-1.161400
0.101360	-0.463640
0.101440	-0.096409
0.101520	0.246340
0.101600	0.454440
0.101680	0.784940
0.101760	1.201100
0.101840	1.801000
0.101920	2.400700
0.102000	2.963800
0.102080	3.526900
0.102160	3.906400
0.102240	4.004300
0.102320	3.869700
0.102400	3.539200
0.102480	3.012800
0.102560	2.437500
0.102640	1.935600
0.102720	1.531600
0.102800	1.274600
0.102880	1.078700
0.102960	0.907350
0.103040	0.674770
0.103120	0.380990
0.103200	-0.022963
0.103280	-0.439160
0.103360	-0.757420
0.103440	-1.026700
0.103520	-1.234800
0.103600	-1.394000
0.103680	-1.540900
0.103760	-1.565300
0.103840	-1.553100
0.103920	-1.394000
0.104000	-1.222600
0.104080	-1.014500
0.104160	-0.781900
0.104240	-0.524840
0.104320	-0.243300
0.104400	0.087206
0.104480	0.454440
0.104560	0.858390
0.104640	1.348000
0.104720	1.825400
0.104800	2.241600
0.104880	2.645600
0.104960	3.000600
0.105040	3.294300
0.105120	3.551400
0.105200	3.710500
0.105280	3.747300
0.105360	3.637100
0.105440	3.441200
0.105520	3.196400
0.105600	2.927100
0.105680	2.584400
0.105760	2.241600
0.105840	1.923400
0.105920	1.617300
0.106000	1.225600
0.106080	0.821670
0.106160	0.380990
0.106240	-0.108650
0.106320	-0.561570
0.106400	-0.941040
0.106480	-1.149100
0.106560	-1.173600
0.106640	-1.124700
0.106720	-1.075700
0.106800	-1.124700
0.106880	-1.357200
0.106960	-1.700000
0.107040	-2.067200
0.107120	-2.250800
0.107200	-2.201900
0.107280	-1.895800
0.107360	-1.491900
0.107440	-1.198100
0.107520	-1.063400
0.107600	-1.124700
0.107680	-1.185900
0.107760	-1.259300
0.107840	-1.394000
0.107920	-1.675500
0.108000	-2.042700
0.108080	-2.397700
0.108160	-2.630300
0.108240	-2.654800
0.108320	-2.336500
0.108400	-1.700000
0.108480	-0.879830
0.108560	-0.231060
0.108640	0.062724
0.108720	-0.108650
0.108800	-0.586050
0.108880	-1.112400
0.108960	-1.577600
0.109040	-1.932600
0.109120	-2.091700
0.109200	-2.091700
0.109280	-2.079400
0.109360	-2.091700
0.109440	-2.226300
0.109520	-2.532400
0.109600	-3.046500
0.109680	-3.658500
0.109760	-4.197100
0.109840	-4.539900
0.109920	-4.515400
0.110000	-4.074700
0.110080	-3.340300
0.110160	-2.495700
0.110240	-1.663300
0.110320	-0.990000
0.110400	-0.647250
0.110480	-0.586050
0.110560	-0.781900
0.110640	-0.977760
0.110720	-0.977760
0.110800	-0.757420
0.110880	-0.292260
0.110960	0.491160
0.111040	1.433700
0.111120	2.413000
0.111200	3.196400
0.111280	3.612600
0.111360	3.673800
0.111440	3.343300
0.111520	2.792500
0.111600	2.204900
0.111680	1.727500
0.111760	1.531600
0.111840	1.629600
0.111920	1.960100
0.112000	2.364000
0.112080	2.694500
0.112160	2.817000
0.112240	2.706800
0.112320	2.351800
0.112400	1.825400
0.112480	1.286800
0.112560	0.772700
0.112640	0.478920
0.112720	0.466680
0.112800	0.687010
0.112880	1.054200
0.112960	1.494900
0.113040	1.849900
0.113120	1.960100
0.113200	1.849900
0.113280	1.592800
0.113360	1.299100
0.113440	1.054200
0.113520	0.944080
0.113600	0.993040
0.113680	1.164400
0.113760	1.458200
0.113840	1.813200
0.113920	2.094700
0.114000	2.266100
0.114080	2.229400
0.114160	2.045800
0.114240	1.715300
0.114320	1.286800
0.114400	0.907350
0.114480	0.601330
0.114560	0.454440
0.114640	0.429950
0.114720	0.466680
0.114800	0.503400
0.114880	0.356510
0.114960	0.074965
0.115040	-0.328990
0.115120	-0.892070
0.115200	-1.418400
0.115280	-1.871400
0.115360	-2.128400
0.115440	-2.177400
0.115520	-2.091700
0.115600	-1.846900
0.115680	-1.577600
0.115760	-1.332700
0.115840	-1.161400
0.115920	-1.124700
0.116000	-1.161400
0.116080	-1.259300
0.116160	-1.381700
0.116240	-1.406200
0.116320	-1.320500
0.116400	-1.075700
0.116480	-0.696220
0.116560	-0.280020
0.116640	0.111690
0.116720	0.442190
0.116800	0.711500
0.116880	0.858390
0.116960	0.919590
0.117040	0.944080
0.117120	0.944080
0.117200	0.993040
0.117280	1.078700
0.117360	1.188900
0.117440	1.262300
0.117520	1.299100
0.117600	1.286800
0.117680	1.201100
0.117760	0.993040
0.117840	0.772700
0.117920	0.564600
0.118000	0.307540
0.118080	0.136170
0.118160	0.001519
0.118240	-0.084168
0.118320	-0.169850
0.118400	-0.243300
0.118480	-0.267780
0.118560	-0.341230
0.118640	-0.463640
0.118720	-0.598290
0.118800	-0.757420
0.118880	-0.904310
0.118960	-1.002200
0.119040	-0.977760
0.119120	-0.830870
0.119200	-0.635010
0.119280	-0.365710
0.119360	-0.108650
0.119440	0.087206
0.119520	0.270820
0.119600	0.442190
0.119680	0.564600
0.119760	0.650290
0.119840	0.735980
0.119920	0.809420
0.120000	0.882870
0.120080	0.944080
0.120160	1.017500
0.120240	1.029800
0.120320	1.029800
0.120400	0.956320
0.120480	0.833910
0.120560	0.723740
0.120640	0.552360
0.120720	0.405470
0.120800	0.234100
0.120880	0.087206
0.120960	-0.035204
0.121040	-0.096409
0.121120	-0.120890
0.121200	-0.133130
0.121280	-0.096409
0.121360	-0.084168
0.121440	-0.035204
0.121520	0.001519
0.121600	0.001519
0.121680	0.026001
0.121760	0.050483
0.121840	0.074965
0.121920	0.074965
0.122000	0.099447
0.122080	0.087206
0.122160	0.123930
0.122240	0.172890
0.122320	0.209620
0.122400	0.246340
0.122480	0.295300
0.122560	0.356510
0.122640	0.344270
0.122720	0.332030
0.122800	0.368750
0.122880	0.442190
0.122960	0.576850
0.123040	0.699260
0.123120	0.797180
0.123200	0.907350
0.123280	0.956320
0.123360	0.907350
0.123440	0.858390
0.123520	0.723740
0.123600	0.589090
0.123680	0.478920
0.123760	0.368750
0.123840	0.283060
0.123920	0.258580
0.124000	0.246340
0.124080	0.258580
0.124160	0.258580
0.124240	0.258580
0.124320	0.172890
0.124400	0.087206
0.124480	-0.047445
0.124560	-0.157610
0.124640	-0.218820
0.124720	-0.231060
0.124800	-0.206580
0.124880	-0.157610
0.124960	-0.059686
0.125040	0.050483
0.125120	0.172890
0.125200	0.270820
0.125280	0.307540
0.125360	0.319780
0.125440	0.283060
0.125520	0.283060
0.125600	0.270820
0.125680	0.283060
0.125760	0.344270
0.125840	0.454440
0.125920	0.564600
0.126000	0.638050
0.126080	0.650290
0.126160	0.625810
0.126240	0.540120
0.126320	0.393230
0.126400	0.209620
0.126480	0.038242
0.126560	-0.108650
0.126640	-0.231060
0.126720	-0.316750
0.126800	-0.304510
0.126880	-0.218820
0.126960	-0.133130
0.127040	-0.059686
0.127120	-0.010722
0.127200	-0.022963
0.127280	-0.035204
0.127360	0.013760
0.127440	0.038242
0.127520	0.099447
0.127600	0.234100
0.127680	0.356510
0.127760	0.454440
0.127840	0.503400
0.127920	0.540120
0.128000	0.564600
0.128080	0.540120
0.128160	0.454440
0.128240	0.417710
0.128320	0.368750
0.128400	0.319780
0.128480	0.270820
0.128560	0.221860
0.128640	0.246340
0.128720	0.197370
0.128800	0.111690
0.128880	0.050483
0.128960	-0.022963
0.129040	-0.145370
0.129120	-0.267780
0.129200	-0.365710
0.129280	-0.488120
0.129360	-0.573810
0.129440	-0.732940
0.129520	-0.953280
0.129600	-1.100200
0.129680	-1.210300
0.129760	-1.283800
0.129840	-1.308300
0.129920	-1.296000
0.130000	-1.173600
0.130080	-1.014500
0.130160	-0.916560
0.130240	-0.855350
0.130320	-0.794150
0.130400	-0.732940
0.130480	-0.683980
0.130560	-0.647250
0.130640	-0.586050
0.130720	-0.463640
0.130800	-0.353470
0.130880	-0.255540
0.130960	-0.218820
0.131040	-0.206580
0.131120	-0.206580
0.131200	-0.182100
0.131280	-0.169850
0.131360	-0.071927
0.131440	0.050483
0.131520	0.221860
0.131600	0.368750
0.131680	0.478920
0.131760	0.540120
0.131840	0.491160
0.131920	0.393230
0.132000	0.258580
0.132080	0.087206
0.132160	-0.108650
0.132240	-0.206580
0.132320	-0.218820
0.132400	-0.120890
0.132480	0.001519
0.132560	0.087206
0.132640	0.209620
0.132720	0.234100
0.132800	0.197370
0.132880	0.123930
0.132960	0.013760
0.133040	-0.071927
0.133120	-0.084168
0.133200	0.001519
0.133280	0.111690
0.133360	0.258580
0.133440	0.417710
0.133520	0.601330
0.133600	0.687010
0.133680	0.699260
0.133760	0.662530
0.133840	0.540120
0.133920	0.393230
0.134000	0.209620
0.134080	-0.010722
0.134160	-0.133130
0.134240	-0.255540
0.134320	-0.341230
0.134400	-0.414670
0.134480	-0.475880
0.134560	-0.537080
0.134640	-0.647250
0.134720	-0.732940
0.134800	-0.879830
0.134880	-0.928800
0.134960	-0.977760
0.135040	-1.002200
0.135120	-0.965520
0.135200	-0.941040
0.135280	-0.904310
0.135360	-0.830870
0.135440	-0.843110
0.135520	-0.879830
0.135600	-0.928800
0.135680	-0.953280
0.135760	-1.063400
0.135840	-1.075700
0.135920	-1.014500
0.136000	-0.916560
0.136080	-0.781900
0.136160	-0.610530
0.136240	-0.500360
0.136320	-0.426920
0.136400	-0.402430
0.136480	-0.390190
0.136560	-0.353470
0.136640	-0.280020
0.136720	-0.218820
0.136800	-0.133130
0.136880	-0.084168
0.136960	-0.022963
0.137040	0.026001
0.137120	-0.022963
0.137200	-0.096409
0.137280	-0.218820
0.137360	-0.365710
0.137440	-0.402430
0.137520	-0.524840
0.137600	-0.659490
0.137680	-0.732940
0.137760	-0.757420
0.137840	-0.732940
0.137920	-0.696220
0.138000	-0.671740
0.138080	-0.647250
0.138160	-0.659490
0.138240	-0.659490
0.138320	-0.671740
0.138400	-0.671740
0.138480	-0.598290
0.138560	-0.549330
0.138640	-0.488120
0.138720	-0.365710
0.138800	-0.267780
0.138880	-0.120890
0.138960	0.013760
0.139040	0.087206
0.139120	0.099447
0.139200	0.087206
0.139280	0.026001
0.139360	0.013760
0.139440	0.050483
0.139520	0.087206
0.139600	0.197370
0.139680	0.356510
0.139760	0.527880
0.139840	0.662530
0.139920	0.748220
0.140000	0.699260
0.140080	0.638050
0.140160	0.466680
0.140240	0.258580
0.140320	0.013760
0.140400	-0.280020
0.140480	-0.537080
0.140560	-0.757420
0.140640	-0.941040
0.140720	-1.014500
0.140800	-1.136900
0.140880	-1.198100
0.140960	-1.222600
0.141040	-1.222600
0.141120	-1.332700
0.141200	-1.565300
0.141280	-1.846900
0.141360	-2.042700
0.141440	-2.140700
0.141520	-2.140700
0.141600	-2.103900
0.141680	-1.969300
0.141760	-1.748900
0.141840	-1.504100
0.141920	-1.271600
0.142000	-1.075700
0.142080	-0.990000
0.142160	-0.965520
0.142240	-0.904310
0.142320	-0.671740
0.142400	-0.365710
0.142480	-0.169850
0.142560	-0.120890
0.142640	-0.071927
0.142720	0.087206
0.142800	0.380990
0.142880	0.650290
0.142960	0.772700
0.143040	0.797180
0.143120	0.895110
0.143200	1.054200
0.143280	1.078700
0.143360	0.980800
0.143440	0.833910
0.143520	0.748220
0.143600	0.748220
0.143680	0.735980
0.143760	0.613570
0.143840	0.442190
0.143920	0.258580
0.144000	0.148410
0.144080	0.148410
0.144160	0.123930
0.144240	0.062724
0.144320	-0.047445
0.144400	-0.120890
0.144480	-0.096409
0.144560	-0.071927
0.144640	-0.182100
0.144720	-0.341230
0.144800	-0.390190
0.144880	-0.280020
0.144960	-0.133130
0.145040	-0.047445
0.145120	0.001519
0.145200	0.074965
0.145280	0.246340
0.145360	0.417710
0.145440	0.454440
0.145520	0.405470
0.145600	0.393230
0.145680	0.442190
0.145760	0.576850
0.145840	0.625810
0.145920	0.625810
0.146000	0.601330
0.146080	0.589090
0.146160	0.613570
0.146240	0.674770
0.146320	0.735980
0.146400	0.735980
0.146480	0.650290
0.146560	0.540120
0.146640	0.405470
0.146720	0.246340
0.146800	0.038242
0.146880	-0.157610
0.146960	-0.267780
0.147040	-0.328990
0.147120	-0.353470
0.147200	-0.390190
0.147280	-0.439160
0.147360	-0.488120
0.147440	-0.573810
0.147520	-0.647250
0.147600	-0.720700
0.147680	-0.794150
0.147760	-0.806390
0.147840	-0.843110
0.147920	-0.843110
0.148000	-0.757420
0.148080	-0.671740
0.148160	-0.586050
0.148240	-0.488120
0.148320	-0.426920
0.148400	-0.328990
0.148480	-0.243300
0.148560	-0.120890
0.148640	0.026001
0.148720	0.111690
0.148800	0.148410
0.148880	0.123930
0.148960	0.074965
0.149040	0.026001
0.149120	-0.010722
0.149200	0.026001
0.149280	0.087206
0.149360	0.136170
0.149440	0.160650
0.149520	0.136170
0.149600	0.087206
0.149680	0.026001
0.149760	-0.084168
0.149840	-0.231060
0.149920	-0.365710
0.150000	-0.537080
0.150080	-0.683980
0.150160	-0.769660
0.150240	-0.757420
0.150320	-0.671740
0.150400	-0.524840
0.150480	-0.451400
0.150560	-0.390190
0.150640	-0.365710
0.150720	-0.353470
0.150800	-0.365710
0.150880	-0.390190
0.150960	-0.414670
0.151040	-0.426920
0.151120	-0.365710
0.151200	-0.182100
0.151280	0.026001
0.151360	0.246340
0.151440	0.417710
0.151520	0.589090
0.151600	0.699260
0.151680	0.797180
0.151760	0.895110
0.151840	0.944080
0.151920	0.931830
0.152000	0.956320
0.152080	1.017500
0.152160	1.066500
0.152240	1.103200
0.152320	1.115500
0.152400	1.066500
0.152480	0.980800
0.152560	0.870630
0.152640	0.809420
0.152720	0.687010
0.152800	0.564600
0.152880	0.417710
0.152960	0.246340
0.153040	0.197370
0.153120	0.074965
0.153200	-0.022963
0.153280	-0.133130
0.153360	-0.145370
0.153440	-0.218820
0.153520	-0.280020
0.153600	-0.316750
0.153680	-0.341230
0.153760	-0.328990
0.153840	-0.292260
0.153920	-0.231060
0.154000	-0.182100
0.154080	-0.108650
0.154160	-0.022963
0.154240	0.074965
0.154320	0.160650
0.154400	0.234100
0.154480	0.270820
0.154560	0.258580
0.154640	0.185130
0.154720	0.099447
0.154800	0.050483
0.154880	0.099447
0.154960	0.160650
0.155040	0.185130
0.155120	0.160650
0.155200	0.111690
0.155280	0.074965
0.155360	0.001519
0.155440	-0.120890
0.155520	-0.280020
0.155600	-0.439160
0.155680	-0.586050
0.155760	-0.671740
0.155840	-0.708460
0.155920	-0.696220
0.156000	-0.659490
0.156080	-0.635010
0.156160	-0.635010
0.156240	-0.683980
0.156320	-0.757420
0.156400	-0.794150
0.156480	-0.843110
0.156560	-0.843110
0.156640	-0.806390
0.156720	-0.769660
0.156800	-0.720700
0.156880	-0.683980
0.156960	-0.696220
0.157040	-0.696220
0.157120	-0.696220
0.157200	-0.610530
0.157280	-0.537080
0.157360	-0.402430
0.157440	-0.280020
0.157520	-0.145370
0.157600	-0.010722
0.157680	0.148410
0.157760	0.283060
0.157840	0.393230
0.157920	0.442190
0.158000	0.478920
0.158080	0.503400
0.158160	0.564600
0.158240	0.589090
0.158320	0.638050
0.158400	0.662530
0.158480	0.723740
0.158560	0.735980
0.158640	0.687010
0.158720	0.589090
0.158800	0.466680
0.158880	0.307540
0.158960	0.148410
0.159040	-0.047445
0.159120	-0.194340
0.159200	-0.328990
0.159280	-0.512600
0.159360	-0.635010
0.159440	-0.683980
0.159520	-0.683980
0.159600	-0.537080
0.159680	-0.426920
0.159760	-0.341230
0.159840	-0.353470
0.159920	-0.402430
0.160000	-0.414670
0.160080	-0.402430
0.160160	-0.304510
0.160240	-0.194340
0.160320	-0.047445
0.160400	0.087206
0.160480	0.197370
0.160560	0.332030
0.160640	0.429950
0.160720	0.540120
0.160800	0.589090
0.160880	0.650290
0.160960	0.601330
0.161040	0.552360
0.161120	0.503400
0.161200	0.540120
0.161280	0.564600
0.161360	0.638050
0.161440	0.723740
0.161520	0.784940
0.161600	0.797180
0.161680	0.809420
0.161760	0.784940
0.161840	0.711500
0.161920	0.638050
0.162000	0.527880
0.162080	0.466680
0.162160	0.417710
0.162240	0.429950
0.162320	0.491160
0.162400	0.613570
0.162480	0.809420
0.162560	0.944080
0.162640	1.054200
0.162720	1.127700
0.162800	1.152200
0.162880	1.091000
0.162960	1.029800
0.163040	0.858390
0.163120	0.711500
0.163200	0.674770
0.163280	0.687010
0.163360	0.662530
0.163440	0.601330
0.163520	0.454440
0.163600	0.368750
0.163680	0.307540
0.163760	0.283060
0.163840	0.270820
0.163920	0.209620
0.164000	0.172890
0.164080	0.148410
0.164160	0.197370
0.164240	0.283060
0.164320	0.393230
0.164400	0.540120
0.164480	0.601330
0.164560	0.674770
0.164640	0.638050
0.164720	0.503400
0.164800	0.295300
0.164880	0.099447
0.164960	-0.071927
0.165040	-0.169850
0.165120	-0.206580
0.165200	-0.169850
0.165280	-0.096409
0.165360	0.013760
0.165440	0.074965
0.165520	0.026001
0.165600	-0.145370
0.165680	-0.377950
0.165760	-0.610530
0.165840	-0.794150
0.165920	-0.941040
0.166000	-0.990000
0.166080	-1.002200
0.166160	-1.051200
0.166240	-1.149100
0.166320	-1.296000
0.166400	-1.479600
0.166480	-1.577600
0.166560	-1.663300
0.166640	-1.675500
0.166720	-1.663300
0.166800	-1.565300
0.166880	-1.430700
0.166960	-1.198100
0.167040	-0.990000
0.167120	-0.843110
0.167200	-0.732940
0.167280	-0.683980
0.167360	-0.586050
0.167440	-0.512600
0.167520	-0.439160
0.167600	-0.414670
0.167680	-0.451400
0.167760	-0.475880
0.167840	-0.488120
0.167920	-0.377950
0.168000	-0.206580
0.168080	-0.071927
0.168160	0.099447
0.168240	0.148410
0.168320	0.111690
0.168400	0.062724
0.168480	-0.047445
0.168560	-0.169850
0.168640	-0.316750
0.168720	-0.451400
0.168800	-0.524840
0.168880	-0.512600
0.168960	-0.402430
0.169040	-0.182100
0.169120	-0.022963
0.169200	0.062724
0.169280	0.074965
0.169360	0.026001
0.169440	-0.022963
0.169520	-0.047445
0.169600	-0.084168
0.169680	-0.059686
0.169760	-0.010722
0.169840	0.013760
0.169920	0.050483
0.170000	0.074965
0.170080	0.160650
0.170160	0.209620
0.170240	0.234100
0.170320	0.197370
0.170400	0.087206
0.170480	-0.035204
0.170560	-0.218820
0.170640	-0.365710
0.170720	-0.524840
0.170800	-0.659490
0.170880	-0.720700
0.170960	-0.769660
0.171040	-0.720700
0.171120	-0.683980
0.171200	-0.696220
0.171280	-0.732940
0.171360	-0.745180
0.171440	-0.781900
0.171520	-0.769660
0.171600	-0.867590
0.171680	-0.965520
0.171760	-1.026700
0.171840	-1.051200
0.171920	-0.977760
0.172000	-0.867590
0.172080	-0.757420
0.172160	-0.610530
0.172240	-0.439160
0.172320	-0.328990
0.172400	-0.206580
0.172480	-0.108650
0.172560	-0.022963
0.172640	0.050483
0.172720	0.160650
0.172800	0.197370
0.172880	0.270820
0.172960	0.307540
0.173040	0.417710
0.173120	0.589090
0.173200	0.760460
0.173280	0.919590
0.173360	1.005300
0.173440	1.066500
0.173520	1.054200
0.173600	1.139900
0.173680	1.201100
0.173760	1.274600
0.173840	1.274600
0.173920	1.127700
0.174000	0.895110
0.174080	0.638050
0.174160	0.442190
0.174240	0.417710
0.174320	0.491160
0.174400	0.552360
0.174480	0.638050
0.174560	0.625810
0.174640	0.540120
0.174720	0.478920
0.174800	0.429950
0.174880	0.417710
0.174960	0.442190
0.175040	0.466680
0.175120	0.564600
0.175200	0.650290
0.175280	0.699260
0.175360	0.711500
0.175440	0.650290
0.175520	0.466680
0.175600	0.136170
0.175680	-0.157610
0.175760	-0.390190
0.175840	-0.451400
0.175920	-0.304510
0.176000	0.038242
0.176080	0.380990
0.176160	0.625810
0.176240	0.687010
0.176320	0.478920
0.176400	0.136170
0.176480	-0.304510
0.176560	-0.745180
0.176640	-1.075700
0.176720	-1.320500
0.176800	-1.418400
0.176880	-1.479600
0.176960	-1.540900
0.177040	-1.626500
0.177120	-1.773400
0.177200	-1.871400
0.177280	-1.932600
0.177360	-1.908100
0.177440	-1.822400
0.177520	-1.638800
0.177600	-1.418400
0.177680	-1.198100
0.177760	-1.002200
0.177840	-0.941040
0.177920	-0.953280
0.178000	-0.990000
0.178080	-1.039000
0.178160	-1.161400
0.178240	-1.296000
0.178320	-1.491900
0.178400	-1.651000
0.178480	-1.651000
0.178560	-1.516400
0.178640	-1.357200
0.178720	-1.210300
0.178800	-1.124700
0.178880	-1.112400
0.178960	-1.051200
0.179040	-0.977760
0.179120	-0.928800
0.179200	-0.904310
0.179280	-0.867590
0.179360	-0.855350
0.179440	-0.892070
0.179520	-0.977760
0.179600	-1.039000
0.179680	-1.075700
0.179760	-0.990000
0.179840	-0.855350
0.179920	-0.647250
0.180000	-0.488120
0.180080	-0.377950
0.180160	-0.328990
0.180240	-0.365710
0.180320	-0.328990
0.180400	-0.292260
0.180480	-0.255540
0.180560	-0.206580
0.180640	-0.194340
0.180720	-0.218820
0.180800	-0.243300
0.180880	-0.255540
0.180960	-0.218820
0.181040	-0.145370
0.181120	-0.071927
0.181200	-0.071927
0.181280	-0.096409
0.181360	-0.120890
0.181440	-0.182100
0.181520	-0.169850
0.181600	-0.169850
0.181680	-0.157610
0.181760	-0.108650
0.181840	0.001519
0.181920	0.123930
0.182000	0.258580
0.182080	0.405470
0.182160	0.576850
0.182240	0.735980
0.182320	0.882870
0.182400	0.956320
0.182480	0.968560
0.182560	0.907350
0.182640	0.833910
0.182720	0.760460
0.182800	0.662530
0.182880	0.625810
0.182960	0.564600
0.183040	0.515640
0.183120	0.429950
0.183200	0.368750
0.183280	0.295300
0.183360	0.221860
0.183440	0.234100
0.183520	0.234100
0.183600	0.283060
0.183680	0.270820
0.183760	0.283060
0.183840	0.295300
0.183920	0.283060
0.184000	0.307540
0.184080	0.332030
0.184160	0.307540
0.184240	0.258580
0.184320	0.185130
0.184400	0.087206
0.184480	0.038242
0.184560	0.026001
0.184640	0.050483
0.184720	0.062724
0.184800	0.123930
0.184880	0.062724
0.184960	-0.010722
0.185040	-0.084168
0.185120	-0.084168
0.185200	-0.022963
0.185280	0.050483
0.185360	0.160650
0.185440	0.246340
0.185520	0.258580
0.185600	0.270820
0.185680	0.258580
0.185760	0.197370
0.185840	0.160650
0.185920	0.123930
0.186000	0.111690
0.186080	0.099447
0.186160	0.062724
0.186240	0.087206
0.186320	0.062724
0.186400	0.050483
0.186480	0.013760
0.186560	-0.022963
0.186640	-0.084168
0.186720	-0.108650
0.186800	-0.120890
0.186880	-0.047445
0.186960	0.001519
0.187040	0.099447
0.187120	0.234100
0.187200	0.344270
0.187280	0.442190
0.187360	0.491160
0.187440	0.491160
0.187520	0.491160
0.187600	0.503400
0.187680	0.552360
0.187760	0.638050
0.187840	0.674770
0.187920	0.784940
0.188000	0.907350
0.188080	1.066500
0.188160	1.188900
0.188240	1.274600
0.188320	1.335800
0.188400	1.360300
0.188480	1.335800
0.188560	1.323500
0.188640	1.262300
0.188720	1.188900
0.188800	1.164400
0.188880	1.115500
0.188960	1.091000
0.189040	1.042000
0.189120	1.005300
0.189200	0.944080
0.189280	0.870630
0.189360	0.821670
0.189440	0.748220
0.189520	0.687010
0.189600	0.601330
0.189680	0.515640
0.189760	0.417710
0.189840	0.380990
0.189920	0.356510
0.190000	0.344270
0.190080	0.283060
0.190160	0.270820
0.190240	0.197370
0.190320	0.136170
0.190400	0.087206
0.190480	0.038242
0.190560	-0.010722
0.190640	-0.022963
0.190720	-0.022963
0.190800	-0.010722
0.190880	-0.010722
0.190960	-0.071927
0.191040	-0.084168
0.191120	-0.108650
0.191200	-0.169850
0.191280	-0.145370
0.191360	-0.096409
0.191440	-0.010722
0.191520	0.123930
0.191600	0.246340
0.191680	0.380990
0.191760	0.491160
0.191840	0.552360
0.191920	0.552360
0.192000	0.503400
0.192080	0.429950
0.192160	0.332030
0.192240	0.221860
0.192320	0.123930
0.192400	0.050483
0.192480	0.013760
0.192560	-0.035204
0.192640	-0.084168
0.192720	-0.133130
0.192800	-0.194340
0.192880	-0.231060
0.192960	-0.218820
0.193040	-0.182100
0.193120	-0.133130
0.193200	-0.084168
0.193280	0.062724
0.193360	0.221860
0.193440	0.380990
0.193520	0.540120
0.193600	0.625810
0.193680	0.699260
0.193760	0.735980
0.193840	0.772700
0.193920	0.809420
0.194000	0.870630
0.194080	0.931830
0.194160	1.054200
0.194240	1.201100
0.194320	1.335800
0.194400	1.494900
0.194480	1.654000
0.194560	1.776500
0.194640	1.788700
0.194720	1.776500
0.194800	1.678500
0.194880	1.580600
0.194960	1.433700
0.195040	1.348000
0.195120	1.335800
0.195200	1.360300
0.195280	1.458200
0.195360	1.531600
0.195440	1.519400
0.195520	1.446000
0.195600	1.311300
0.195680	1.164400
0.195760	0.980800
0.195840	0.748220
0.195920	0.491160
0.196000	0.270820
0.196080	0.087206
0.196160	0.013760
0.196240	-0.022963
0.196320	-0.010722
0.196400	0.001519
0.196480	-0.022963
0.196560	-0.047445
0.196640	-0.145370
0.196720	-0.267780
0.196800	-0.341230
0.196880	-0.439160
0.196960	-0.475880
0.197040	-0.500360
0.197120	-0.451400
0.197200	-0.365710
0.197280	-0.280020
0.197360	-0.108650
0.197440	0.050483
0.197520	0.197370
0.197600	0.295300
0.197680	0.393230
0.197760	0.491160
0.197840	0.540120
0.197920	0.540120
0.198000	0.503400
0.198080	0.503400
0.198160	0.491160
0.198240	0.503400
0.198320	0.478920
0.198400	0.478920
0.198480	0.454440
0.198560	0.356510
0.198640	0.307540
0.198720	0.172890
0.198800	0.013760
0.198880	-0.182100
0.198960	-0.390190
0.199040	-0.586050
0.199120	-0.708460
0.199200	-0.781900
0.199280	-0.830870
0.199360	-0.818630
0.199440	-0.794150
0.199520	-0.794150
0.199600	-0.781900
0.199680	-0.806390
0.199760	-0.855350
0.199840	-0.879830
0.199920	-0.904310
0.200000	-0.928800
0.200080	-0.892070
0.200160	-0.843110
0.200240	-0.720700
0.200320	-0.573810
0.200400	-0.402430
0.200480	-0.206580
0.200560	-0.010722
0.200640	0.197370
0.200720	0.344270
0.200800	0.491160
0.200880	0.589090
0.200960	0.650290
0.201040	0.662530
0.201120	0.674770
0.201200	0.687010
0.201280	0.638050
0.201360	0.687010
0.201440	0.674770
0.201520	0.687010
0.201600	0.613570
0.201680	0.540120
0.201760	0.442190
0.201840	0.344270
0.201920	0.258580
0.202000	0.136170
0.202080	0.013760
0.202160	-0.071927
0.202240	-0.108650
0.202320	-0.182100
0.202400	-0.243300
0.202480	-0.316750
0.202560	-0.439160
0.202640	-0.561570
0.202720	-0.696220
0.202800	-0.794150
0.202880	-0.855350
0.202960	-0.879830
0.203040	-0.867590
0.203120	-0.794150
0.203200	-0.708460
0.203280	-0.598290
0.203360	-0.561570
0.203440	-0.500360
0.203520	-0.475880
0.203600	-0.463640
0.203680	-0.488120
0.203760	-0.512600
0.203840	-0.537080
0.203920	-0.549330
0.204000	-0.524840
0.204080	-0.451400
0.204160	-0.390190
0.204240	-0.328990
0.204320	-0.328990
0.204400	-0.328990
0.204480	-0.414670
0.204560	-0.475880
0.204640	-0.549330
0.204720	-0.598290
0.204800	-0.622770
0.204880	-0.683980
0.204960	-0.720700
0.205040	-0.732940
0.205120	-0.745180
0.205200	-0.757420
0.205280	-0.745180
0.205360	-0.757420
0.205440	-0.757420
0.205520	-0.769660
0.205600	-0.769660
0.205680	-0.745180
0.205760	-0.720700
0.205840	-0.659490
0.205920	-0.573810
0.206000	-0.439160
0.206080	-0.206580
0.206160	0.074965
0.206240	0.393230
0.206320	0.711500
0.206400	0.907350
0.206480	0.931830
0.206560	0.809420
0.206640	0.589090
0.206720	0.417710
0.206800	0.283060
0.206880	0.307540
0.206960	0.393230
0.207040	0.503400
0.207120	0.601330
0.207200	0.687010
0.207280	0.760460
0.207360	0.895110
0.207440	1.029800
0.207520	1.188900
0.207600	1.286800
0.207680	1.335800
0.207760	1.348000
0.207840	1.372500
0.207920	1.409200
0.208000	1.507200
0.208080	1.605100
0.208160	1.739700
0.208240	1.837700
0.208320	1.837700
0.208400	1.764200
0.208480	1.592800
0.208560	1.348000
0.208640	1.091000
0.208720	0.858390
0.208800	0.687010
0.208880	0.601330
0.208960	0.540120
0.209040	0.466680
0.209120	0.429950
0.209200	0.393230
0.209280	0.307540
0.209360	0.234100
0.209440	0.148410
0.209520	0.087206
0.209600	-0.010722
0.209680	-0.120890
0.209760	-0.243300
0.209840	-0.328990
0.209920	-0.377950
0.210000	-0.377950
0.210080	-0.316750
0.210160	-0.169850
0.210240	-0.010722
0.210320	0.136170
0.210400	0.307540
0.210480	0.405470
0.210560	0.503400
0.210640	0.552360
0.210720	0.552360
0.210800	0.503400
0.210880	0.466680
0.210960	0.405470
0.211040	0.368750
0.211120	0.344270
0.211200	0.307540
0.211280	0.319780
0.211360	0.283060
0.211440	0.221860
0.211520	0.136170
0.211600	0.038242
0.211680	-0.096409
0.211760	-0.218820
0.211840	-0.341230
0.211920	-0.463640
0.212000	-0.500360
0.212080	-0.549330
0.212160	-0.512600
0.212240	-0.524840
0.212320	-0.488120
0.212400	-0.512600
0.212480	-0.512600
0.212560	-0.524840
0.212640	-0.475880
0.212720	-0.463640
0.212800	-0.439160
0.212880	-0.439160
0.212960	-0.451400
0.213040	-0.439160
0.213120	-0.390190
0.213200	-0.255540
0.213280	-0.096409
0.213360	0.050483
0.213440	0.185130
0.213520	0.197370
0.213600	0.148410
0.213680	0.099447
0.213760	0.050483
0.213840	0.038242
0.213920	0.087206
0.214000	0.172890
0.214080	0.270820
0.214160	0.380990
0.214240	0.478920
0.214320	0.564600
0.214400	0.601330
0.214480	0.613570
0.214560	0.576850
0.214640	0.503400
0.214720	0.442190
0.214800	0.307540
0.214880	0.185130
0.214960	0.074965
0.215040	0.001519
0.215120	-0.010722
0.215200	0.038242
0.215280	0.123930
0.215360	0.172890
0.215440	0.185130
0.215520	0.172890
0.215600	0.111690
0.215680	0.026001
0.215760	-0.022963
0.215840	-0.047445
0.215920	-0.084168
0.216000	-0.071927
0.216080	-0.059686
0.216160	-0.010722
0.216240	0.062724
0.216320	0.197370
0.216400	0.307540
0.216480	0.442190
0.216560	0.478920
0.216640	0.527880
0.216720	0.478920
0.216800	0.429950
0.216880	0.344270
0.216960	0.307540
0.217040	0.246340
0.217120	0.209620
0.217200	0.221860
0.217280	0.295300
0.217360	0.380990
0.217440	0.478920
0.217520	0.552360
0.217600	0.589090
0.217680	0.625810
0.217760	0.589090
0.217840	0.540120
0.217920	0.405470
0.218000	0.246340
0.218080	0.074965
0.218160	-0.096409
0.218240	-0.218820
0.218320	-0.316750
0.218400	-0.365710
0.218480	-0.402430
0.218560	-0.439160
0.218640	-0.500360
0.218720	-0.512600
0.218800	-0.573810
0.218880	-0.622770
0.218960	-0.659490
0.219040	-0.671740
0.219120	-0.622770
0.219200	-0.524840
0.219280	-0.390190
0.219360	-0.280020
0.219440	-0.182100
0.219520	-0.145370
0.219600	-0.133130
0.219680	-0.182100
0.219760	-0.243300
0.219840	-0.280020
0.219920	-0.267780
0.220000	-0.194340
0.220080	-0.096409
0.220160	0.001519
0.220240	0.062724
0.220320	0.074965
0.220400	0.038242
0.220480	-0.047445
0.220560	-0.120890
0.220640	-0.194340
0.220720	-0.255540
0.220800	-0.280020
0.220880	-0.341230
0.220960	-0.414670
0.221040	-0.426920
0.221120	-0.414670
0.221200	-0.439160
0.221280	-0.304510
0.221360	-0.206580
0.221440	-0.182100
0.221520	-0.218820
0.221600	-0.292260
0.221680	-0.377950
0.221760	-0.475880
0.221840	-0.500360
0.221920	-0.475880
0.222000	-0.439160
0.222080	-0.353470
0.222160	-0.243300
0.222240	-0.145370
0.222320	-0.059686
0.222400	0.013760
0.222480	0.074965
0.222560	0.074965
0.222640	0.074965
0.222720	0.087206
0.222800	0.087206
0.222880	0.111690
0.222960	0.160650
0.223040	0.246340
0.223120	0.356510
0.223200	0.540120
0.223280	0.711500
0.223360	0.797180
0.223440	0.858390
0.223520	0.858390
0.223600	0.772700
0.223680	0.650290
0.223760	0.503400
0.223840	0.429950
0.223920	0.380990
0.224000	0.344270
0.224080	0.319780
0.224160	0.307540
0.224240	0.295300
0.224320	0.270820
0.224400	0.270820
0.224480	0.209620
0.224560	0.123930
0.224640	0.026001
0.224720	-0.084168
0.224800	-0.182100
0.224880	-0.231060
0.224960	-0.218820
0.225040	-0.157610
0.225120	-0.084168
0.225200	-0.022963
0.225280	-0.010722
0.225360	-0.035204
0.225440	-0.120890
0.225520	-0.169850
0.225600	-0.206580
0.225680	-0.169850
0.225760	-0.035204
0.225840	0.160650
0.225920	0.356510
0.226000	0.613570
0.226080	0.784940
0.226160	0.907350
0.226240	0.968560
0.226320	0.993040
0.226400	0.968560
0.226480	0.931830
0.226560	0.870630
0.226640	0.833910
0.226720	0.772700
0.226800	0.760460
0.226880	0.760460
0.226960	0.748220
0.227040	0.784940
0.227120	0.784940
0.227200	0.699260
0.227280	0.540120
0.227360	0.197370
0.227440	-0.218820
0.227520	-0.610530
0.227600	-0.928800
0.227680	-1.063400
0.227760	-1.026700
0.227840	-0.965520
0.227920	-1.149100
0.228000	-1.736700
0.228080	-2.862900
0.228160	-4.442000
0.228240	-6.302600
0.228320	-8.420300
0.228400	-10.636000
0.228480	-12.423000
0.228560	-13.415000
0.228640	-13.378000
0.228720	-9.877000
0.228800	-0.096409
0.228880	14.838000
0.228960	28.559999
0.229040	34.631001
0.229120	29.551001
0.229200	13.687000
0.229280	-7.759300
0.229360	-27.247000
0.229440	-38.030998
0.229520	-37.395000
0.229600	-27.749001
0.229680	-13.427000
0.229760	1.519400
0.229840	13.246000
0.229920	19.061001
0.230000	17.898001
0.230080	10.504000
0.230160	0.515640
0.230240	-7.514500
0.230320	-11.615000
0.230400	-12.154000
0.230480	-9.338400
0.230560	-2.948600
0.230640	6.415800
0.230720	17.200001
0.230800	27.299000
0.230880	33.994999
0.230960	35.158001
0.231040	30.017000
0.231120	19.881001
0.231200	8.460000
0.231280	-0.414670
0.231360	-4.650100
0.231440	-3.781000
0.231520	0.393230
0.231600	5.314100
0.231680	8.888500
0.231760	9.733100
0.231840	7.799000
0.231920	4.236900
0.232000	0.393230
0.232080	-2.569100
0.232160	-5.066300
0.232240	-8.224400
0.232320	-12.142000
0.232400	-15.716000
0.232480	-17.271000
0.232560	-15.569000
0.232640	-11.040000
0.232720	-5.568100
0.232800	-1.222600
0.232880	0.735980
0.232960	0.356510
0.233040	-1.442900
0.233120	-3.560600
0.233200	-5.286600
0.233280	-6.204700
0.233360	-5.568100
0.233440	-3.181100
0.233520	0.895110
0.233600	5.999600
0.233680	11.031000
0.233760	14.593000
0.233840	15.425000
0.233920	13.112000
0.234000	8.362100
0.234080	2.817000
0.234160	-1.589800
0.234240	-3.805400
0.234320	-4.111500
0.234400	-3.254600
0.234480	-2.165100
0.234560	-1.406200
0.234640	-0.928800
0.234720	-0.745180
0.234800	-0.916560
0.234880	-1.957000
0.234960	-4.295100
0.235040	-7.575700
0.235120	-11.150000
0.235200	-14.063000
0.235280	-14.884000
0.235360	-12.901000
0.235440	-8.506000
0.235520	-3.022000
0.235600	2.045800
0.235680	5.412000
0.235760	6.611700
0.235840	5.816000
0.235920	3.698300
0.236000	0.797180
0.236080	-2.348800
0.236160	-5.225400
0.236240	-7.232900
0.236320	-7.587900
0.236400	-5.874200
0.236480	-2.238600
0.236560	2.584400
0.236640	7.272700
0.236720	10.541000
0.236800	11.496000
0.236880	10.027000
0.236960	6.697400
0.237040	2.559900
0.237120	-1.332700
0.237200	-4.123700
0.237280	-5.139700
0.237360	-4.282800
0.237440	-1.785700
0.237520	1.556100
0.237600	4.677600
0.237680	6.611700
0.237760	6.636100
0.237840	4.702100
0.237920	1.372500
0.238000	-2.471200
0.238080	-5.813000
0.238160	-7.869400
0.238240	-8.518200
0.238320	-8.004100
0.238400	-6.853400
0.238480	-5.617100
0.238560	-4.539900
0.238640	-3.793200
0.238720	-3.242400
0.238800	-2.826100
0.238880	-2.654800
0.238960	-2.826100
0.239040	-3.389200
0.239120	-4.295100
0.239200	-5.176400
0.239280	-5.604900
0.239360	-5.274400
0.239440	-4.172700
0.239520	-2.556800
0.239600	-0.818630
0.239680	0.821670
0.239760	2.168200
0.239840	3.196400
0.239920	3.845200
0.240000	3.918600
0.240080	3.392300
0.240160	2.621100
0.240240	2.082500
0.240320	2.082500
0.240400	2.804700
0.240480	4.090000
0.240560	5.399800
0.240640	6.146500
0.240720	5.926200
0.240800	4.922400
0.240880	3.563600
0.240960	2.315100
0.241040	1.666300
0.241120	1.727500
0.241200	2.266100
0.241280	3.135200
0.241360	4.041000
0.241440	4.763300
0.241520	5.167200
0.241600	5.093800
0.241680	4.420500
0.241760	3.245400
0.241840	1.764200
0.241920	0.405470
0.242000	-0.586050
0.242080	-1.185900
0.242160	-1.283800
0.242240	-0.953280
0.242320	-0.255540
0.242400	0.625810
0.242480	1.397000
0.242560	1.898900
0.242640	1.911100
0.242720	1.164400
0.242800	-0.194340
0.242880	-1.651000
0.242960	-2.887400
0.243040	-3.585100
0.243120	-3.695300
0.243200	-3.266800
0.243280	-2.434400
0.243360	-1.394000
0.243440	-0.561570
0.243520	-0.133130
0.243600	-0.108650
0.243680	-0.488120
0.243760	-1.320500
0.243840	-2.569100
0.243920	-4.160400
0.244000	-5.739500
0.244080	-7.147200
0.244160	-8.261200
0.244240	-8.922200
0.244320	-9.032300
0.244400	-8.824200
0.244480	-8.432500
0.244560	-7.845000
0.244640	-7.269600
0.244720	-6.877900
0.244800	-6.841200
0.244880	-7.147200
0.244960	-7.428800
0.245040	-7.477700
0.245120	-7.245200
0.245200	-6.694300
0.245280	-5.861900
0.245360	-4.821400
0.245440	-3.634100
0.245520	-2.348800
0.245600	-1.124700
0.245680	0.013760
0.245760	1.091000
0.245840	1.911100
0.245920	2.425200
0.246000	2.829200
0.246080	3.196400
0.246160	3.612600
0.246240	4.187900
0.246320	4.959100
0.246400	5.840500
0.246480	6.587200
0.246560	7.015600
0.246640	6.942200
0.246720	6.293400
0.246800	5.142700
0.246880	3.722800
0.246960	2.278300
0.247040	1.029800
0.247120	0.111690
0.247200	-0.500360
0.247280	-1.051200
0.247360	-1.614300
0.247440	-2.238600
0.247520	-2.838400
0.247600	-3.328000
0.247680	-3.609600
0.247760	-3.646300
0.247840	-3.523900
0.247920	-3.352500
0.248000	-3.058700
0.248080	-2.618100
0.248160	-1.895800
0.248240	-0.941040
0.248320	0.111690
0.248400	1.078700
0.248480	1.764200
0.248560	2.131400
0.248640	2.278300
0.248720	2.278300
0.248800	2.315100
0.248880	2.425200
0.248960	2.645600
0.249040	3.061800
0.249120	3.637100
0.249200	4.273600
0.249280	4.824500
0.249360	5.216200
0.249440	5.265200
0.249520	4.983600
0.249600	4.408300
0.249680	3.747300
0.249760	2.976100
0.249840	2.253900
0.249920	1.543900
0.250000	0.895110
0.250080	0.380990
0.250160	-0.035204
0.250240	-0.353470
0.250320	-0.622770
0.250400	-0.928800
0.250480	-1.381700
0.250560	-1.957000
0.250640	-2.642500
0.250720	-3.377000
0.250800	-4.111500
0.250880	-4.625600
0.250960	-4.919400
0.251040	-4.931600
0.251120	-4.760200
0.251200	-4.527600
0.251280	-4.282800
0.251360	-4.087000
0.251440	-4.001300
0.251520	-3.878900
0.251600	-3.683000
0.251680	-3.487200
0.251760	-3.119900
0.251840	-2.642500
0.251920	-1.993800
0.252000	-1.185900
0.252080	-0.280020
0.252160	0.601330
0.252240	1.421500
0.252320	2.033500
0.252400	2.449700
0.252480	2.682300
0.252560	2.780200
0.252640	2.841400
0.252720	2.792500
0.252800	2.743500
0.252880	2.633300
0.252960	2.437500
0.253040	2.119200
0.253120	1.801000
0.253200	1.446000
0.253280	1.115500
0.253360	0.748220
0.253440	0.295300
0.253520	-0.280020
0.253600	-0.928800
0.253680	-1.516400
0.253760	-2.018200
0.253840	-2.385500
0.253920	-2.618100
0.254000	-2.605800
0.254080	-2.397700
0.254160	-2.006000
0.254240	-1.540900
0.254320	-1.026700
0.254400	-0.549330
0.254480	-0.071927
0.254560	0.380990
0.254640	0.882870
0.254720	1.458200
0.254800	2.107000
0.254880	2.780200
0.254960	3.404500
0.255040	4.065500
0.255120	4.665300
0.255200	5.289600
0.255280	5.754800
0.255360	6.085300
0.255440	6.207700
0.255520	6.097500
0.255600	5.754800
0.255680	5.252900
0.255760	4.726500
0.255840	4.139000
0.255920	3.575900
0.256000	2.988300
0.256080	2.376300
0.256160	1.825400
0.256240	1.323500
0.256320	0.882870
0.256400	0.454440
0.256480	0.099447
0.256560	-0.304510
0.256640	-0.720700
0.256720	-1.185900
0.256800	-1.614300
0.256880	-1.981500
0.256960	-2.287500
0.257040	-2.507900
0.257120	-2.667000
0.257200	-2.642500
0.257280	-2.495700
0.257360	-2.275300
0.257440	-1.981500
0.257520	-1.712200
0.257600	-1.491900
0.257680	-1.259300
0.257760	-1.026700
0.257840	-0.708460
0.257920	-0.377950
0.258000	0.013760
0.258080	0.380990
0.258160	0.772700
0.258240	1.091000
0.258320	1.421500
0.258400	1.617300
0.258480	1.837700
0.258560	1.972300
0.258640	2.058000
0.258720	2.131400
0.258800	2.204900
0.258880	2.217100
0.258960	2.253900
0.259040	2.204900
0.259120	2.143700
0.259200	1.972300
0.259280	1.764200
0.259360	1.421500
0.259440	1.029800
0.259520	0.540120
0.259600	-0.010722
0.259680	-0.573810
0.259760	-1.051200
0.259840	-1.467400
0.259920	-1.748900
0.260000	-1.981500
0.260080	-2.165100
0.260160	-2.324300
0.260240	-2.471200
0.260320	-2.569100
0.260400	-2.630300
0.260480	-2.593600
0.260560	-2.556800
0.260640	-2.422200
0.260720	-2.275300
0.260800	-2.091700
0.260880	-1.859100
0.260960	-1.528600
0.261040	-1.112400
0.261120	-0.635010
0.261200	-0.120890
0.261280	0.393230
0.261360	0.833910
0.261440	1.201100
0.261520	1.458200
0.261600	1.605100
0.261680	1.654000
0.261760	1.715300
0.261840	1.813200
0.261920	1.911100
0.262000	2.009000
0.262080	2.021300
0.262160	1.960100
0.262240	1.788700
0.262320	1.568400
0.262400	1.299100
0.262480	1.017500
0.262560	0.711500
0.262640	0.393230
0.262720	0.038242
0.262800	-0.328990
0.262880	-0.671740
0.262960	-0.990000
0.263040	-1.247100
0.263120	-1.442900
0.263200	-1.553100
0.263280	-1.626500
0.263360	-1.663300
0.263440	-1.675500
0.263520	-1.626500
0.263600	-1.528600
0.263680	-1.381700
0.263760	-1.247100
0.263840	-1.100200
0.263920	-0.965520
0.264000	-0.781900
0.264080	-0.610530
0.264160	-0.365710
0.264240	-0.157610
0.264320	0.087206
0.264400	0.356510
0.264480	0.552360
0.264560	0.748220
0.264640	0.882870
0.264720	0.956320
0.264800	1.005300
0.264880	1.017500
0.264960	0.931830
0.265040	0.821670
0.265120	0.638050
0.265200	0.380990
0.265280	0.099447
0.265360	-0.255540
0.265440	-0.586050
0.265520	-0.904310
0.265600	-1.234800
0.265680	-1.504100
0.265760	-1.773400
0.265840	-2.042700
0.265920	-2.238600
0.266000	-2.373200
0.266080	-2.520100
0.266160	-2.654800
0.266240	-2.765000
0.266320	-2.862900
0.266400	-2.948600
0.266480	-2.948600
0.266560	-2.924100
0.266640	-2.813900
0.266720	-2.654800
0.266800	-2.422200
0.266880	-2.152900
0.266960	-1.834600
0.267040	-1.516400
0.267120	-1.161400
0.267200	-0.781900
0.267280	-0.390190
0.267360	0.038242
0.267440	0.466680
0.267520	0.931830
0.267600	1.360300
0.267680	1.654000
0.267760	1.874400
0.267840	1.996800
0.267920	1.984600
0.268000	1.923400
0.268080	1.813200
0.268160	1.629600
0.268240	1.446000
0.268320	1.274600
0.268400	1.201100
0.268480	1.103200
0.268560	0.870630
0.268640	0.735980
0.268720	0.589090
0.268800	0.478920
0.268880	0.576850
0.268960	0.723740
0.269040	0.442190
0.269120	-0.194340
0.269200	-0.304510
0.269280	0.687010
0.269360	1.409200
0.269440	1.299100
0.269520	0.417710
0.269600	-1.700000
0.269680	-4.258300
0.269760	-5.910900
0.269840	-6.988100
0.269920	-7.734800
0.270000	-7.942900
0.270080	-7.722500
0.270160	-7.269600
0.270240	-6.290400
0.270320	-4.466500
0.270400	-2.006000
0.270480	0.687010
0.270560	3.159700
0.270640	4.922400
0.270720	5.571200
0.270800	4.591900
0.270880	2.278300
0.270960	-0.390190
0.271040	-3.315800
0.271120	-6.290400
0.271200	-8.089800
0.271280	-8.493700
0.271360	-7.722500
0.271440	-5.678300
0.271520	-3.144400
0.271600	-0.855350
0.271680	1.152200
0.271760	2.804700
0.271840	3.918600
0.271920	4.408300
0.272000	4.347100
0.272080	4.077800
0.272160	3.771700
0.272240	3.808500
0.272320	4.396000
0.272400	5.142700
0.272480	5.546700
0.272560	5.424300
0.272640	5.057100
0.272720	4.555200
0.272800	3.771700
0.272880	2.768000
0.272960	1.592800
0.273040	0.246340
0.273120	-0.769660
0.273200	-1.112400
0.273280	-1.173600
0.273360	-1.039000
0.273440	-0.965520
0.273520	-1.222600
0.273600	-1.810200
0.273680	-2.630300
0.273760	-3.548400
0.273840	-4.295100
0.273920	-4.858200
0.274000	-5.188700
0.274080	-5.139700
0.274160	-4.833700
0.274240	-4.429700
0.274320	-3.878900
0.274400	-3.291300
0.274480	-2.887400
0.274560	-2.642500
0.274640	-2.483400
0.274720	-2.422200
0.274800	-2.189600
0.274880	-1.442900
0.274960	-0.218820
0.275040	1.225600
0.275120	2.657800
0.275200	3.759500
0.275280	4.200200
0.275360	3.943100
0.275440	2.939400
0.275520	1.372500
0.275600	-0.598290
0.275680	-2.654800
0.275760	-4.515400
0.275840	-5.800700
0.275920	-6.486200
0.276000	-6.437300
0.276080	-5.690500
0.276160	-4.601100
0.276240	-3.450400
0.276320	-2.458900
0.276400	-1.993800
0.276480	-2.103900
0.276560	-2.642500
0.276640	-3.426000
0.276720	-4.172700
0.276800	-4.650100
0.276880	-4.821400
0.276960	-4.650100
0.277040	-4.062500
0.277120	-3.279100
0.277200	-2.336500
0.277280	-1.394000
0.277360	-0.659490
0.277440	-0.231060
0.277520	-0.157610
0.277600	-0.341230
0.277680	-0.635010
0.277760	-0.806390
0.277840	-0.720700
0.277920	-0.231060
0.278000	0.711500
0.278080	2.021300
0.278160	3.453500
0.278240	4.751000
0.278320	5.669100
0.278400	5.999600
0.278480	5.754800
0.278560	4.971400
0.278640	3.894200
0.278720	2.731300
0.278800	1.752000
0.278880	1.029800
0.278960	0.638050
0.279040	0.478920
0.279120	0.466680
0.279200	0.491160
0.279280	0.380990
0.279360	0.123930
0.279440	-0.206580
0.279520	-0.598290
0.279600	-0.953280
0.279680	-1.198100
0.279760	-1.296000
0.279840	-1.222600
0.279920	-1.026700
0.280000	-0.769660
0.280080	-0.512600
0.280160	-0.439160
0.280240	-0.537080
0.280320	-0.867590
0.280400	-1.345000
0.280480	-1.761200
0.280560	-2.006000
0.280640	-1.944800
0.280720	-1.565300
0.280800	-0.855350
0.280880	-0.047445
0.280960	0.821670
0.281040	1.580600
0.281120	2.155900
0.281200	2.474200
0.281280	2.523200
0.281360	2.204900
0.281440	1.605100
0.281520	0.809420
0.281600	-0.059686
0.281680	-0.781900
0.281760	-1.271600
0.281840	-1.491900
0.281920	-1.455200
0.282000	-1.320500
0.282080	-1.222600
0.282160	-1.271600
0.282240	-1.565300
0.282320	-2.128400
0.282400	-2.813900
0.282480	-3.487200
0.282560	-4.074700
0.282640	-4.442000
0.282720	-4.539900
0.282800	-4.295100
0.282880	-3.805400
0.282960	-3.230100
0.283040	-2.605800
0.283120	-2.103900
0.283200	-1.773400
0.283280	-1.663300
0.283360	-1.797900
0.283440	-2.152900
0.283520	-2.593600
0.283600	-3.083200
0.283680	-3.413700
0.283760	-3.487200
0.283840	-3.242400
0.283920	-2.679300
0.284000	-1.895800
0.284080	-1.026700
0.284160	-0.292260
0.284240	0.246340
0.284320	0.466680
0.284400	0.393230
0.284480	0.099447
0.284560	-0.292260
0.284640	-0.635010
0.284720	-0.977760
0.284800	-1.112400
0.284880	-1.210300
0.284960	-1.210300
0.285040	-1.112400
0.285120	-1.051200
0.285200	-1.063400
0.285280	-1.198100
0.285360	-1.442900
0.285440	-1.773400
0.285520	-2.128400
0.285600	-2.422200
0.285680	-2.569100
0.285760	-2.593600
0.285840	-2.410000
0.285920	-2.140700
0.286000	-1.761200
0.286080	-1.491900
0.286160	-1.332700
0.286240	-1.308300
0.286320	-1.345000
0.286400	-1.418400
0.286480	-1.406200
0.286560	-1.308300
0.286640	-1.087900
0.286720	-0.830870
0.286800	-0.426920
0.286880	0.013760
0.286960	0.417710
0.287040	0.748220
0.287120	0.956320
0.287200	1.078700
0.287280	1.054200
0.287360	0.968560
0.287440	0.919590
0.287520	0.919590
0.287600	0.980800
0.287680	1.139900
0.287760	1.299100
0.287840	1.421500
0.287920	1.470400
0.288000	1.384800
0.288080	1.176700
0.288160	0.821670
0.288240	0.368750
0.288320	-0.120890
0.288400	-0.561570
0.288480	-0.818630
0.288560	-0.916560
0.288640	-0.867590
0.288720	-0.745180
0.288800	-0.549330
0.288880	-0.341230
0.288960	-0.182100
0.289040	-0.108650
0.289120	-0.157610
0.289200	-0.328990
0.289280	-0.561570
0.289360	-0.843110
0.289440	-1.051200
0.289520	-1.100200
0.289600	-1.063400
0.289680	-0.892070
0.289760	-0.610530
0.289840	-0.292260
0.289920	-0.022963
0.290000	0.172890
0.290080	0.319780
0.290160	0.344270
0.290240	0.344270
0.290320	0.246340
0.290400	0.136170
0.290480	0.099447
0.290560	0.123930
0.290640	0.197370
0.290720	0.344270
0.290800	0.454440
0.290880	0.540120
0.290960	0.540120
0.291040	0.429950
0.291120	0.270820
0.291200	0.062724
0.291280	-0.206580
0.291360	-0.451400
0.291440	-0.708460
0.291520	-0.916560
0.291600	-1.051200
0.291680	-1.173600
0.291760	-1.259300
0.291840	-1.296000
0.291920	-1.320500
0.292000	-1.332700
0.292080	-1.357200
0.292160	-1.418400
0.292240	-1.455200
0.292320	-1.467400
0.292400	-1.491900
0.292480	-1.467400
0.292560	-1.381700
0.292640	-1.271600
0.292720	-1.112400
0.292800	-0.916560
0.292880	-0.720700
0.292960	-0.537080
0.293040	-0.365710
0.293120	-0.243300
0.293200	-0.133130
0.293280	-0.059686
0.293360	0.026001
0.293440	0.123930
0.293520	0.246340
0.293600	0.380990
0.293680	0.540120
0.293760	0.687010
0.293840	0.833910
0.293920	0.895110
0.294000	0.895110
0.294080	0.870630
0.294160	0.772700
0.294240	0.601330
0.294320	0.429950
0.294400	0.270820
0.294480	0.111690
0.294560	0.013760
0.294640	-0.022963
0.294720	-0.047445
0.294800	-0.096409
0.294880	-0.157610
0.294960	-0.243300
0.295040	-0.365710
0.295120	-0.463640
0.295200	-0.561570
0.295280	-0.635010
0.295360	-0.671740
0.295440	-0.671740
0.295520	-0.635010
0.295600	-0.573810
0.295680	-0.451400
0.295760	-0.365710
0.295840	-0.280020
0.295920	-0.255540
0.296000	-0.280020
0.296080	-0.316750
0.296160	-0.365710
0.296240	-0.426920
0.296320	-0.390190
0.296400	-0.304510
0.296480	-0.145370
0.296560	0.074965
0.296640	0.283060
0.296720	0.442190
0.296800	0.564600
0.296880	0.625810
0.296960	0.601330
0.297040	0.552360
0.297120	0.478920
0.297200	0.405470
0.297280	0.332030
0.297360	0.270820
0.297440	0.270820
0.297520	0.258580
0.297600	0.234100
0.297680	0.270820
0.297760	0.270820
0.297840	0.221860
0.297920	0.123930
0.298000	0.013760
0.298080	-0.157610
0.298160	-0.328990
0.298240	-0.488120
0.298320	-0.573810
0.298400	-0.610530
0.298480	-0.586050
0.298560	-0.549330
0.298640	-0.463640
0.298720	-0.451400
0.298800	-0.439160
0.298880	-0.426920
0.298960	-0.426920
0.299040	-0.414670
0.299120	-0.426920
0.299200	-0.402430
0.299280	-0.316750
0.299360	-0.169850
0.299440	-0.035204
0.299520	0.123930
0.299600	0.246340
0.299680	0.319780
0.299760	0.368750
0.299840	0.417710
0.299920	0.442190
0.300000	0.393230
0.300080	0.319780
0.300160	0.246340
0.300240	0.246340
0.300320	0.319780
0.300400	0.442190
0.300480	0.540120
0.300560	0.589090
0.300640	0.515640
0.300720	0.405470
0.300800	0.295300
0.300880	0.160650
0.300960	0.050483
0.301040	-0.108650
0.301120	-0.280020
0.301200	-0.377950
0.301280	-0.475880
0.301360	-0.537080
0.301440	-0.635010
0.301520	-0.732940
0.301600	-0.916560
0.301680	-1.063400
0.301760	-1.161400
0.301840	-1.161400
0.301920	-1.039000
0.302000	-0.830870
0.302080	-0.598290
0.302160	-0.365710
0.302240	-0.108650
0.302320	0.111690
0.302400	0.319780
0.302480	0.478920
0.302560	0.638050
0.302640	0.711500
0.302720	0.760460
0.302800	0.760460
0.302880	0.833910
0.302960	0.858390
0.303040	0.956320
0.303120	0.895110
0.303200	0.870630
0.303280	0.772700
0.303360	0.650290
0.303440	0.466680
0.303520	0.319780
0.303600	0.111690
0.303680	-0.071927
0.303760	-0.292260
0.303840	-0.463640
0.303920	-0.635010
0.304000	-0.818630
0.304080	-0.977760
0.304160	-1.173600
0.304240	-1.271600
0.304320	-1.320500
0.304400	-1.320500
0.304480	-1.271600
0.304560	-1.259300
0.304640	-1.198100
0.304720	-1.173600
0.304800	-1.112400
0.304880	-1.063400
0.304960	-1.051200
0.305040	-0.990000
0.305120	-0.990000
0.305200	-0.953280
0.305280	-0.867590
0.305360	-0.745180
0.305440	-0.561570
0.305520	-0.328990
0.305600	-0.096409
0.305680	0.074965
0.305760	0.258580
0.305840	0.393230
0.305920	0.466680
0.306000	0.503400
0.306080	0.466680
0.306160	0.442190
0.306240	0.368750
0.306320	0.295300
0.306400	0.185130
0.306480	0.013760
0.306560	-0.194340
0.306640	-0.426920
0.306720	-0.671740
0.306800	-0.892070
0.306880	-1.124700
0.306960	-1.271600
0.307040	-1.345000
0.307120	-1.442900
0.307200	-1.430700
0.307280	-1.406200
0.307360	-1.296000
0.307440	-1.198100
0.307520	-1.124700
0.307600	-1.087900
0.307680	-1.051200
0.307760	-1.002200
0.307840	-0.977760
0.307920	-0.941040
0.308000	-0.879830
0.308080	-0.745180
0.308160	-0.610530
0.308240	-0.414670
0.308320	-0.218820
0.308400	-0.047445
0.308480	0.148410
0.308560	0.319780
0.308640	0.478920
0.308720	0.650290
0.308800	0.760460
0.308880	0.846150
0.308960	0.870630
0.309040	0.858390
0.309120	0.809420
0.309200	0.723740
0.309280	0.650290
0.309360	0.540120
0.309440	0.393230
0.309520	0.197370
0.309600	0.050483
0.309680	-0.133130
0.309760	-0.267780
0.309840	-0.390190
0.309920	-0.586050
