-0.020080	0.673710
-0.020000	0.673710
-0.019920	1.351600
-0.019840	1.351600
-0.019760	1.351600
-0.019680	1.351600
-0.019600	-0.004164
-0.019520	-0.004164
-0.019440	-0.004164
-0.019360	-0.004164
-0.019280	-0.004164
-0.019200	-0.004164
-0.019120	-0.004164
-0.019040	-0.682040
-0.018960	1.351600
-0.018880	0.673710
-0.018800	-0.004164
-0.018720	0.673710
-0.018640	-0.682040
-0.018560	-0.682040
-0.018480	-1.359900
-0.018400	-2.715700
-0.018320	-2.037800
-0.018240	-1.359900
-0.018160	-0.682040
-0.018080	0.673710
-0.018000	0.673710
-0.017920	0.673710
-0.017840	-1.359900
-0.017760	-1.359900
-0.017680	-1.359900
-0.017600	-0.682040
-0.017520	-0.004164
-0.017440	0.673710
-0.017360	-0.004164
-0.017280	0.673710
-0.017200	0.673710
-0.017120	-0.004164
-0.017040	-1.359900
-0.016960	-0.682040
-0.016880	-1.359900
-0.016800	0.673710
-0.016720	-0.004164
-0.016640	-0.004164
-0.016560	0.673710
-0.016480	-0.004164
-0.016400	-0.682040
-0.016320	-0.682040
-0.016240	-0.682040
-0.016160	-0.682040
-0.016080	0.673710
-0.016000	2.029500
-0.015920	-0.004164
-0.015840	0.673710
-0.015760	-2.037800
-0.015680	-0.682040
-0.015600	-0.682040
-0.015520	-0.682040
-0.015440	0.673710
-0.015360	0.673710
-0.015280	-0.682040
-0.015200	-0.682040
-0.015120	-1.359900
-0.015040	-0.682040
-0.014960	1.351600
-0.014880	2.029500
-0.014800	2.029500
-0.014720	-0.004164
-0.014640	0.673710
-0.014560	-0.682040
-0.014480	-0.004164
-0.014400	-0.004164
-0.014320	1.351600
-0.014240	-0.004164
-0.014160	-0.004164
-0.014080	-0.682040
-0.014000	-1.359900
-0.013920	0.673710
-0.013840	-0.682040
-0.013760	0.673710
-0.013680	-0.682040
-0.013600	-0.682040
-0.013520	-1.359900
-0.013440	-0.004164
-0.013360	-0.682040
-0.013280	-0.682040
-0.013200	-2.715700
-0.013120	-2.715700
-0.013040	-5.427200
-0.012960	-1.359900
-0.012880	-2.715700
-0.012800	-0.004164
-0.012720	-0.682040
-0.012640	-0.682040
-0.012560	0.673710
-0.012480	2.029500
-0.012400	2.029500
-0.012320	0.673710
-0.012240	-1.359900
-0.012160	-2.037800
-0.012080	-2.715700
-0.012000	-2.037800
-0.011920	-0.682040
-0.011840	0.673710
-0.011760	-0.682040
-0.011680	-0.682040
-0.011600	-1.359900
-0.011520	-0.004164
-0.011440	-0.004164
-0.011360	-0.004164
-0.011280	-1.359900
-0.011200	-1.359900
-0.011120	-0.682040
-0.011040	2.029500
-0.010960	0.673710
-0.010880	2.029500
-0.010800	-0.004164
-0.010720	0.673710
-0.010640	0.673710
-0.010560	-0.004164
-0.010480	2.029500
-0.010400	2.707300
-0.010320	1.351600
-0.010240	1.351600
-0.010160	-0.004164
-0.010080	-0.682040
-0.010000	-1.359900
-0.009920	0.673710
-0.009840	1.351600
-0.009760	1.351600
-0.009680	-0.004164
-0.009600	-0.004164
-0.009520	-2.037800
-0.009440	-1.359900
-0.009360	-0.004164
-0.009280	1.351600
-0.009200	0.673710
-0.009120	0.673710
-0.009040	-0.004164
-0.008960	-0.004164
-0.008880	2.029500
-0.008800	2.029500
-0.008720	2.029500
-0.008640	2.029500
-0.008560	-0.682040
-0.008480	-1.359900
-0.008400	-2.037800
-0.008320	-1.359900
-0.008240	0.673710
-0.008160	0.673710
-0.008080	0.673710
-0.008000	0.673710
-0.007920	0.673710
-0.007840	-0.004164
-0.007760	-0.004164
-0.007680	-1.359900
-0.007600	-1.359900
-0.007520	-2.715700
-0.007440	-3.393500
-0.007360	-1.359900
-0.007280	-2.037800
-0.007200	-0.682040
-0.007120	-0.682040
-0.007040	-0.004164
-0.006960	0.673710
-0.006880	1.351600
-0.006800	-0.004164
-0.006720	-0.682040
-0.006640	-0.004164
-0.006560	-0.004164
-0.006480	-0.682040
-0.006400	-0.004164
-0.006320	-0.004164
-0.006240	-0.682040
-0.006160	-0.004164
-0.006080	-0.004164
-0.006000	-0.682040
-0.005920	-0.004164
-0.005840	1.351600
-0.005760	1.351600
-0.005680	1.351600
-0.005600	-0.004164
-0.005520	-1.359900
-0.005440	-2.037800
-0.005360	-0.682040
-0.005280	-1.359900
-0.005200	-1.359900
-0.005120	-1.359900
-0.005040	-1.359900
-0.004960	-0.682040
-0.004880	-0.004164
-0.004800	0.673710
-0.004720	-0.682040
-0.004640	-0.682040
-0.004560	-1.359900
-0.004480	-0.682040
-0.004400	0.673710
-0.004320	-0.004164
-0.004240	-0.682040
-0.004160	-2.037800
-0.004080	-2.037800
-0.004000	-1.359900
-0.003920	-0.004164
-0.003840	-0.682040
-0.003760	-0.004164
-0.003680	-1.359900
-0.003600	-2.037800
-0.003520	-2.715700
-0.003440	-0.004164
-0.003360	1.351600
-0.003280	0.673710
-0.003200	2.029500
-0.003120	-0.682040
-0.003040	-2.715700
-0.002960	-3.393500
-0.002880	-2.715700
-0.002800	-2.037800
-0.002720	-1.359900
-0.002640	-0.004164
-0.002560	0.673710
-0.002480	0.673710
-0.002400	-0.004164
-0.002320	-0.004164
-0.002240	-0.682040
-0.002160	-1.359900
-0.002080	-0.004164
-0.002000	-0.682040
-0.001920	-0.682040
-0.001840	-1.359900
-0.001760	-2.037800
-0.001680	-4.071400
-0.001600	-4.071400
-0.001520	-3.393500
-0.001440	-2.715700
-0.001360	-2.037800
-0.001280	-4.071400
-0.001200	-4.071400
-0.001120	-2.037800
-0.001040	-0.682040
-0.000960	-0.682040
-0.000880	-0.682040
-0.000800	0.673710
-0.000720	-0.682040
-0.000640	-0.004164
-0.000560	-0.682040
-0.000480	-2.037800
-0.000400	-1.359900
-0.000320	-0.004164
-0.000240	-0.004164
-0.000160	0.673710
-0.000080	1.351600
0.000000	0.673710
0.000080	-0.004164
0.000160	-0.004164
0.000240	-0.682040
0.000320	-1.359900
0.000400	-2.037800
0.000480	-2.037800
0.000560	-3.393500
0.000640	-2.715700
0.000720	-2.037800
0.000800	-2.715700
0.000880	-2.037800
0.000960	-3.393500
0.001040	-2.037800
0.001120	-4.071400
0.001200	-3.393500
0.001280	-2.037800
0.001360	-2.037800
0.001440	-0.682040
0.001520	-1.359900
0.001600	-1.359900
0.001680	-4.071400
0.001760	-3.393500
0.001840	-2.037800
0.001920	-2.037800
0.002000	-1.359900
0.002080	-0.682040
0.002160	-1.359900
0.002240	-2.037800
0.002320	-2.037800
0.002400	-2.037800
0.002480	-2.037800
0.002560	-1.359900
0.002640	-0.682040
0.002720	0.673710
0.002800	-0.682040
0.002880	-0.682040
0.002960	-2.037800
0.003040	-4.071400
0.003120	-2.715700
0.003200	-2.037800
0.003280	-2.037800
0.003360	-0.682040
0.003440	2.029500
0.003520	0.673710
0.003600	-0.682040
0.003680	-4.749300
0.003760	-4.071400
0.003840	-3.393500
0.003920	-3.393500
0.004000	-2.715700
0.004080	-2.037800
0.004160	-2.715700
0.004240	-2.037800
0.004320	-1.359900
0.004400	-2.715700
0.004480	-3.393500
0.004560	-5.427200
0.004640	-6.105100
0.004720	-5.427200
0.004800	-4.749300
0.004880	-4.749300
0.004960	-2.715700
0.005040	-2.037800
0.005120	-1.359900
0.005200	-3.393500
0.005280	-4.071400
0.005360	-3.393500
0.005440	-3.393500
0.005520	-3.393500
0.005600	-2.715700
0.005680	-3.393500
0.005760	-4.749300
0.005840	-4.071400
0.005920	-3.393500
0.006000	-2.715700
0.006080	-2.037800
0.006160	-3.393500
0.006240	-3.393500
0.006320	-4.749300
0.006400	-4.071400
0.006480	-2.715700
0.006560	-2.715700
0.006640	-2.037800
0.006720	-3.393500
0.006800	-4.071400
0.006880	-4.071400
0.006960	-3.393500
0.007040	-2.037800
0.007120	-2.037800
0.007200	-2.037800
0.007280	-3.393500
0.007360	-4.071400
0.007440	-5.427200
0.007520	-4.071400
0.007600	-3.393500
0.007680	-3.393500
0.007760	-4.749300
0.007840	-4.749300
0.007920	-4.749300
0.008000	-5.427200
0.008080	-5.427200
0.008160	-3.393500
0.008240	-2.715700
0.008320	-2.037800
0.008400	-3.393500
0.008480	-3.393500
0.008560	-4.071400
0.008640	-4.071400
0.008720	-3.393500
0.008800	-3.393500
0.008880	-2.715700
0.008960	-4.749300
0.009040	-5.427200
0.009120	-4.749300
0.009200	-4.071400
0.009280	-5.427200
0.009360	-3.393500
0.009440	-3.393500
0.009520	-4.071400
0.009600	-5.427200
0.009680	-4.749300
0.009760	-4.749300
0.009840	-4.071400
0.009920	-4.071400
0.010000	-4.749300
0.010080	-4.071400
0.010160	-4.071400
0.010240	-4.071400
0.010320	-3.393500
0.010400	-5.427200
0.010480	-4.749300
0.010560	-4.749300
0.010640	-2.715700
0.010720	-3.393500
0.010800	-4.071400
0.010880	-3.393500
0.010960	-4.071400
0.011040	-5.427200
0.011120	-4.749300
0.011200	-3.393500
0.011280	-2.037800
0.011360	-2.037800
0.011440	-3.393500
0.011520	-3.393500
0.011600	-2.715700
0.011680	-2.037800
0.011760	-4.749300
0.011840	-3.393500
0.011920	-4.071400
0.012000	-4.071400
0.012080	-3.393500
0.012160	-3.393500
0.012240	-4.071400
0.012320	-2.715700
0.012400	-4.071400
0.012480	-5.427200
0.012560	-5.427200
0.012640	-6.105100
0.012720	-4.749300
0.012800	-4.071400
0.012880	-3.393500
0.012960	-3.393500
0.013040	-6.782900
0.013120	-6.105100
0.013200	-6.105100
0.013280	-6.105100
0.013360	-4.071400
0.013440	-4.071400
0.013520	-2.037800
0.013600	-2.037800
0.013680	-3.393500
0.013760	-4.749300
0.013840	-6.782900
0.013920	-8.138700
0.014000	-8.138700
0.014080	-6.105100
0.014160	-4.071400
0.014240	-3.393500
0.014320	-2.715700
0.014400	-3.393500
0.014480	-4.749300
0.014560	-6.782900
0.014640	-6.782900
0.014720	-6.105100
0.014800	-8.138700
0.014880	-5.427200
0.014960	-6.782900
0.015040	-6.105100
0.015120	-6.105100
0.015200	-8.138700
0.015280	-8.816600
0.015360	-10.172000
0.015440	-9.494400
0.015520	-8.816600
0.015600	-6.782900
0.015680	-6.782900
0.015760	-8.138700
0.015840	-7.460800
0.015920	-8.138700
0.016000	-8.816600
0.016080	-8.816600
0.016160	-10.172000
0.016240	-8.816600
0.016320	-8.816600
0.016400	-9.494400
0.016480	-9.494400
0.016560	-10.172000
0.016640	-10.172000
0.016720	-10.850000
0.016800	-9.494400
0.016880	-10.850000
0.016960	-10.850000
0.017040	-11.528000
0.017120	-10.850000
0.017200	-12.206000
0.017280	-12.206000
0.017360	-12.884000
0.017440	-12.884000
0.017520	-13.562000
0.017600	-14.240000
0.017680	-13.562000
0.017760	-12.884000
0.017840	-13.562000
0.017920	-14.240000
0.018000	-14.240000
0.018080	-13.562000
0.018160	-14.240000
0.018240	-16.951000
0.018320	-17.629000
0.018400	-17.629000
0.018480	-16.951000
0.018560	-16.273001
0.018640	-14.917000
0.018720	-14.917000
0.018800	-16.951000
0.018880	-16.951000
0.018960	-16.951000
0.019040	-18.306999
0.019120	-16.951000
0.019200	-17.629000
0.019280	-17.629000
0.019360	-17.629000
0.019440	-18.306999
0.019520	-18.306999
0.019600	-15.595000
0.019680	-14.240000
0.019760	-12.206000
0.019840	-13.562000
0.019920	-15.595000
0.020000	-13.562000
0.020080	-13.562000
0.020160	-12.884000
0.020240	-15.595000
0.020320	-16.273001
0.020400	-17.629000
0.020480	-20.340000
0.020560	-18.985001
0.020640	-21.018000
0.020720	-22.374001
0.020800	-23.730000
0.020880	-23.730000
0.020960	-22.374001
0.021040	-19.663000
0.021120	-18.985001
0.021200	-18.985001
0.021280	-18.985001
0.021360	-20.340000
0.021440	-20.340000
0.021520	-19.663000
0.021600	-20.340000
0.021680	-18.306999
0.021760	-21.695999
0.021840	-22.374001
0.021920	-23.052000
0.022000	-23.730000
0.022080	-23.730000
0.022160	-25.764000
0.022240	-26.441000
0.022320	-25.764000
0.022400	-27.797001
0.022480	-27.797001
0.022560	-27.797001
0.022640	-27.118999
0.022720	-26.441000
0.022800	-24.408001
0.022880	-21.695999
0.022960	-18.985001
0.023040	-16.273001
0.023120	-15.595000
0.023200	-14.240000
0.023280	-16.273001
0.023360	-23.730000
0.023440	-21.018000
0.023520	-19.663000
0.023600	-18.985001
0.023680	-20.340000
0.023760	-23.052000
0.023840	-27.118999
0.023920	-31.864000
0.024000	-31.187000
0.024080	-29.830999
0.024160	-27.797001
0.024240	-25.764000
0.024320	-25.086000
0.024400	-26.441000
0.024480	-23.730000
0.024560	-23.052000
0.024640	-23.052000
0.024720	-23.052000
0.024800	-21.695999
0.024880	-22.374001
0.024960	-20.340000
0.025040	-18.306999
0.025120	-17.629000
0.025200	-19.663000
0.025280	-18.306999
0.025360	-18.985001
0.025440	-19.663000
0.025520	-20.340000
0.025600	-19.663000
0.025680	-19.663000
0.025760	-21.695999
0.025840	-22.374001
0.025920	-23.052000
0.026000	-23.052000
0.026080	-21.018000
0.026160	-21.018000
0.026240	-20.340000
0.026320	-20.340000
0.026400	-20.340000
0.026480	-20.340000
0.026560	-20.340000
0.026640	-21.695999
0.026720	-21.018000
0.026800	-22.374001
0.026880	-21.018000
0.026960	-19.663000
0.027040	-19.663000
0.027120	-18.306999
0.027200	-18.985001
0.027280	-18.306999
0.027360	-18.985001
0.027440	-17.629000
0.027520	-16.951000
0.027600	-17.629000
0.027680	-16.951000
0.027760	-16.273001
0.027840	-15.595000
0.027920	-14.917000
0.028000	-14.917000
0.028080	-13.562000
0.028160	-14.240000
0.028240	-12.884000
0.028320	-12.884000
0.028400	-12.884000
0.028480	-11.528000
0.028560	-11.528000
0.028640	-11.528000
0.028720	-11.528000
0.028800	-10.172000
0.028880	-10.850000
0.028960	-10.850000
0.029040	-9.494400
0.029120	-9.494400
0.029200	-7.460800
0.029280	-6.105100
0.029360	-4.071400
0.029440	-4.749300
0.029520	-5.427200
0.029600	-4.749300
0.029680	-4.749300
0.029760	-4.071400
0.029840	-2.715700
0.029920	-1.359900
0.030000	-0.682040
0.030080	1.351600
0.030160	2.029500
0.030240	-0.004164
0.030320	1.351600
0.030400	-0.004164
0.030480	0.673710
0.030560	0.673710
0.030640	2.707300
0.030720	4.741000
0.030800	5.418800
0.030880	5.418800
0.030960	5.418800
0.031040	6.096700
0.031120	6.096700
0.031200	6.774600
0.031280	6.096700
0.031360	6.096700
0.031440	7.452500
0.031520	8.130400
0.031600	8.808200
0.031680	10.164000
0.031760	12.198000
0.031840	12.875000
0.031920	12.198000
0.032000	12.198000
0.032080	12.875000
0.032160	12.875000
0.032240	14.231000
0.032320	10.842000
0.032400	11.520000
0.032480	13.553000
0.032560	14.231000
0.032640	16.264999
0.032720	17.621000
0.032800	16.943001
0.032880	16.943001
0.032960	16.264999
0.033040	16.264999
0.033120	16.264999
0.033200	16.943001
0.033280	18.299000
0.033360	18.299000
0.033440	18.299000
0.033520	20.332001
0.033600	22.365999
0.033680	23.044001
0.033760	23.722000
0.033840	22.365999
0.033920	21.688000
0.034000	21.010000
0.034080	21.688000
0.034160	24.399000
0.034240	26.433001
0.034320	25.077000
0.034400	26.433001
0.034480	25.754999
0.034560	23.722000
0.034640	23.044001
0.034720	23.722000
0.034800	25.077000
0.034880	27.789000
0.034960	26.433001
0.035040	25.077000
0.035120	23.722000
0.035200	25.077000
0.035280	24.399000
0.035360	27.111000
0.035440	27.111000
0.035520	28.466999
0.035600	29.145000
0.035680	29.145000
0.035760	29.145000
0.035840	30.500000
0.035920	30.500000
0.036000	28.466999
0.036080	26.433001
0.036160	27.111000
0.036240	27.789000
0.036320	27.111000
0.036400	28.466999
0.036480	29.145000
0.036560	28.466999
0.036640	28.466999
0.036720	26.433001
0.036800	28.466999
0.036880	27.111000
0.036960	32.534000
0.037040	34.568001
0.037120	33.889999
0.037200	37.957001
0.037280	37.278999
0.037360	36.601002
0.037440	37.278999
0.037520	36.601002
0.037600	36.601002
0.037680	35.923000
0.037760	35.244999
0.037840	34.568001
0.037920	33.212002
0.038000	33.889999
0.038080	32.534000
0.038160	32.534000
0.038240	31.177999
0.038320	29.145000
0.038400	29.822001
0.038480	31.177999
0.038560	33.889999
0.038640	35.923000
0.038720	37.278999
0.038800	37.957001
0.038880	37.278999
0.038960	40.667999
0.039040	43.380001
0.039120	45.414001
0.039200	46.769001
0.039280	45.414001
0.039360	43.380001
0.039440	43.380001
0.039520	44.736000
0.039600	45.414001
0.039680	46.769001
0.039760	47.446999
0.039840	47.446999
0.039920	47.446999
0.040000	46.769001
0.040080	47.446999
0.040160	46.091000
0.040240	46.769001
0.040320	45.414001
0.040400	46.769001
0.040480	46.091000
0.040560	46.091000
0.040640	46.769001
0.040720	48.125000
0.040800	48.803001
0.040880	50.159000
0.040960	48.803001
0.041040	48.125000
0.041120	48.125000
0.041200	50.159000
0.041280	49.480999
0.041360	51.514000
0.041440	52.192001
0.041520	53.548000
0.041600	53.548000
0.041680	53.548000
0.041760	52.192001
0.041840	50.835999
0.041920	50.159000
0.042000	51.514000
0.042080	52.192001
0.042160	54.226002
0.042240	54.226002
0.042320	53.548000
0.042400	52.869999
0.042480	52.192001
0.042560	54.903999
0.042640	54.903999
0.042720	55.582001
0.042800	54.226002
0.042880	52.192001
0.042960	50.835999
0.043040	51.514000
0.043120	53.548000
0.043200	56.258999
0.043280	58.292999
0.043360	58.292999
0.043440	57.615002
0.043520	56.937000
0.043600	56.258999
0.043680	57.615002
0.043760	58.292999
0.043840	59.648998
0.043920	62.360001
0.044000	62.360001
0.044080	61.682999
0.044160	63.037998
0.044240	63.037998
0.044320	64.393997
0.044400	65.750000
0.044480	67.106003
0.044560	69.817001
0.044640	69.817001
0.044720	69.139000
0.044800	71.172997
0.044880	69.139000
0.044960	70.495003
0.045040	72.528999
0.045120	73.884003
0.045200	71.172997
0.045280	69.139000
0.045360	67.106003
0.045440	68.460999
0.045520	71.172997
0.045600	73.206001
0.045680	74.561996
0.045760	73.884003
0.045840	73.206001
0.045920	75.239998
0.046000	77.274002
0.046080	80.663002
0.046160	80.663002
0.046240	79.306999
0.046320	79.306999
0.046400	79.985001
0.046480	82.696999
0.046560	84.052002
0.046640	86.085999
0.046720	85.407997
0.046800	84.730003
0.046880	85.407997
0.046960	88.120003
0.047040	90.153000
0.047120	90.153000
0.047200	88.797997
0.047280	88.120003
0.047360	90.831001
0.047440	93.542999
0.047520	94.221001
0.047600	94.221001
0.047680	93.542999
0.047760	95.575996
0.047840	95.575996
0.047920	98.966003
0.048000	100.320000
0.048080	100.320000
0.048160	100.320000
0.048240	100.320000
0.048320	100.320000
0.048400	101.000000
0.048480	102.360001
0.048560	104.389999
0.048640	105.739998
0.048720	105.739998
0.048800	105.070000
0.048880	105.070000
0.048960	104.389999
0.049040	105.070000
0.049120	107.099998
0.049200	109.809998
0.049280	111.169998
0.049360	112.519997
0.049440	112.519997
0.049520	113.199997
0.049600	114.559998
0.049680	115.239998
0.049760	115.239998
0.049840	117.269997
0.049920	117.269997
0.050000	119.300003
0.050080	123.370003
0.050160	124.720001
0.050240	125.400002
0.050320	127.440002
0.050400	128.789993
0.050480	130.149994
0.050560	130.830002
0.050640	132.179993
0.050720	132.860001
0.050800	134.210007
0.050880	134.210007
0.050960	133.539993
0.051040	134.889999
0.051120	136.250000
0.051200	137.600006
0.051280	138.960007
0.051360	140.990005
0.051440	144.380005
0.051520	148.449997
0.051600	151.160004
0.051680	151.839996
0.051760	153.869995
0.051840	155.229996
0.051920	157.940002
0.052000	160.649994
0.052080	161.330002
0.052160	163.360001
0.052240	164.039993
0.052320	167.429993
0.052400	172.179993
0.052480	176.240005
0.052560	179.630005
0.052640	179.630005
0.052720	180.309998
0.052800	181.669998
0.052880	182.339996
0.052960	185.729996
0.053040	185.729996
0.053120	187.089996
0.053200	187.089996
0.053280	188.449997
0.053360	189.119995
0.053440	190.479996
0.053520	192.509995
0.053600	194.550003
0.053680	196.580002
0.053760	195.899994
0.053840	197.259995
0.053920	199.289993
0.054000	203.360001
0.054080	207.429993
0.054160	209.460007
0.054240	209.460007
0.054320	209.460007
0.054400	210.820007
0.054480	213.529999
0.054560	215.559998
0.054640	218.270004
0.054720	220.309998
0.054800	221.660004
0.054880	223.699997
0.054960	226.410004
0.055040	227.759995
0.055120	231.149994
0.055200	234.539993
0.055280	236.570007
0.055360	239.960007
0.055440	241.320007
0.055520	244.029999
0.055600	247.419998
0.055680	249.449997
0.055760	252.169998
0.055840	253.520004
0.055920	256.910004
0.056000	258.940002
0.056080	260.980011
0.056160	262.329987
0.056240	266.399994
0.056320	269.109985
0.056400	271.149994
0.056480	275.209991
0.056560	277.920013
0.056640	277.250000
0.056720	279.279999
0.056800	281.309998
0.056880	284.700012
0.056960	289.450012
0.057040	292.839996
0.057120	294.869995
0.057200	296.230011
0.057280	297.579987
0.057360	298.260010
0.057440	300.299988
0.057520	300.970001
0.057600	305.720001
0.057680	307.070007
0.057760	307.750000
0.057840	308.429993
0.057920	309.790009
0.058000	311.140015
0.058080	313.850006
0.058160	317.920013
0.058240	320.630005
0.058320	321.309998
0.058400	322.670013
0.058480	324.019989
0.058560	326.049988
0.058640	328.769989
0.058720	330.119995
0.058800	330.119995
0.058880	331.480011
0.058960	334.190002
0.059040	336.899994
0.059120	340.290009
0.059200	339.609985
0.059280	341.640015
0.059360	342.320007
0.059440	344.359985
0.059520	345.040009
0.059600	346.390015
0.059680	348.420013
0.059760	351.140015
0.059840	353.170013
0.059920	356.559998
0.060000	358.589996
0.060080	361.980011
0.060160	363.339996
0.060240	365.369995
0.060320	367.399994
0.060400	368.079987
0.060480	371.470001
0.060560	374.859985
0.060640	379.609985
0.060720	384.350006
0.060800	389.769989
0.060880	391.130005
0.060960	388.420013
0.061040	386.390015
0.061120	384.350006
0.061200	384.350006
0.061280	389.769989
0.061360	394.519989
0.061440	399.269989
0.061520	401.980011
0.061600	400.619995
0.061680	398.589996
0.061760	395.880005
0.061840	395.880005
0.061920	398.589996
0.062000	404.010010
0.062080	408.760010
0.062160	411.470001
0.062240	409.429993
0.062320	408.079987
0.062400	408.079987
0.062480	409.429993
0.062560	411.470001
0.062640	412.820007
0.062720	413.500000
0.062800	412.820007
0.062880	413.500000
0.062960	414.859985
0.063040	417.570007
0.063120	421.640015
0.063200	424.350006
0.063280	426.380005
0.063360	427.739990
0.063440	427.739990
0.063520	429.089996
0.063600	429.769989
0.063680	429.089996
0.063760	430.450012
0.063840	433.160004
0.063920	437.899994
0.064000	439.940002
0.064080	441.970001
0.064160	442.649994
0.064240	441.290009
0.064320	441.290009
0.064400	443.329987
0.064480	446.040009
0.064560	449.429993
0.064640	449.429993
0.064720	451.459991
0.064800	452.820007
0.064880	454.170013
0.064960	456.209991
0.065040	458.239990
0.065120	458.920013
0.065200	460.269989
0.065280	459.600006
0.065360	458.920013
0.065440	459.600006
0.065520	460.950012
0.065600	462.980011
0.065680	465.019989
0.065760	467.049988
0.065840	467.049988
0.065920	466.380005
0.066000	465.019989
0.066080	466.380005
0.066160	466.380005
0.066240	468.410004
0.066320	467.730011
0.066400	469.089996
0.066480	465.700012
0.066560	462.980011
0.066640	462.980011
0.066720	463.660004
0.066800	465.700012
0.066880	467.049988
0.066960	468.410004
0.067040	469.760010
0.067120	469.760010
0.067200	471.799988
0.067280	472.480011
0.067360	475.859985
0.067440	479.250000
0.067520	479.250000
0.067600	480.609985
0.067680	481.970001
0.067760	480.609985
0.067840	479.929993
0.067920	479.250000
0.068000	477.220001
0.068080	473.829987
0.068160	471.119995
0.068240	468.410004
0.068320	467.049988
0.068400	465.700012
0.068480	468.410004
0.068560	469.089996
0.068640	471.119995
0.068720	475.190002
0.068800	475.859985
0.068880	480.609985
0.068960	484.000000
0.069040	487.390015
0.069120	490.779999
0.069200	493.489990
0.069280	496.880005
0.069360	499.589996
0.069440	498.230011
0.069520	495.519989
0.069600	495.519989
0.069680	498.230011
0.069760	504.339996
0.069840	507.049988
0.069920	509.079987
0.070000	509.760010
0.070080	510.440002
0.070160	511.109985
0.070240	508.399994
0.070320	505.690002
0.070400	503.660004
0.070480	502.980011
0.070560	507.049988
0.070640	511.790009
0.070720	513.150024
0.070800	512.469971
0.070880	512.469971
0.070960	511.790009
0.071040	511.790009
0.071120	512.469971
0.071200	514.500000
0.071280	517.890015
0.071360	519.929993
0.071440	521.280029
0.071520	523.320007
0.071600	521.960022
0.071680	520.599976
0.071760	519.929993
0.071840	519.250000
0.071920	518.570007
0.072000	518.570007
0.072080	517.890015
0.072160	517.219971
0.072240	514.500000
0.072320	512.469971
0.072400	513.150024
0.072480	515.179993
0.072560	518.570007
0.072640	521.280029
0.072720	521.960022
0.072800	519.929993
0.072880	519.929993
0.072960	521.280029
0.073040	522.640015
0.073120	525.349976
0.073200	525.349976
0.073280	525.349976
0.073360	525.349976
0.073440	526.030029
0.073520	528.059998
0.073600	528.739990
0.073680	530.770020
0.073760	532.130005
0.073840	536.869995
0.073920	538.229980
0.074000	541.619995
0.074080	544.330017
0.074160	545.010010
0.074240	542.969971
0.074320	543.650024
0.074400	542.969971
0.074480	543.650024
0.074560	543.650024
0.074640	545.690002
0.074720	548.400024
0.074800	547.039978
0.074880	547.719971
0.074960	547.719971
0.075040	550.429993
0.075120	552.469971
0.075200	557.210022
0.075280	561.280029
0.075360	560.599976
0.075440	558.570007
0.075520	553.140015
0.075600	546.359985
0.075680	540.940002
0.075760	536.200012
0.075840	535.520020
0.075920	533.479980
0.076000	532.809998
0.076080	530.770020
0.076160	530.770020
0.076240	528.739990
0.076320	526.710022
0.076400	526.030029
0.076480	523.989990
0.076560	521.280029
0.076640	517.890015
0.076720	515.859985
0.076800	512.469971
0.076880	511.790009
0.076960	511.790009
0.077040	512.469971
0.077120	513.830017
0.077200	513.830017
0.077280	511.790009
0.077360	511.790009
0.077440	511.790009
0.077520	512.469971
0.077600	511.790009
0.077680	513.150024
0.077760	513.830017
0.077840	514.500000
0.077920	513.830017
0.078000	513.830017
0.078080	511.109985
0.078160	510.440002
0.078240	509.079987
0.078320	506.369995
0.078400	503.660004
0.078480	502.980011
0.078560	500.269989
0.078640	498.230011
0.078720	500.269989
0.078800	500.269989
0.078880	498.910004
0.078960	498.230011
0.079040	496.880005
0.079120	495.519989
0.079200	494.170013
0.079280	490.779999
0.079360	489.420013
0.079440	485.359985
0.079520	484.000000
0.079600	483.320007
0.079680	482.640015
0.079760	481.290009
0.079840	481.290009
0.079920	478.579987
0.080000	477.220001
0.080080	475.190002
0.080160	476.540009
0.080240	474.510010
0.080320	472.480011
0.080400	470.440002
0.080480	468.410004
0.080560	467.049988
0.080640	463.660004
0.080720	463.660004
0.080800	460.950012
0.080880	460.950012
0.080960	458.920013
0.081040	456.880005
0.081120	454.170013
0.081200	452.140015
0.081280	451.459991
0.081360	452.140015
0.081440	452.140015
0.081520	452.140015
0.081600	450.779999
0.081680	449.429993
0.081760	448.750000
0.081840	447.390015
0.081920	446.720001
0.082000	445.359985
0.082080	444.010010
0.082160	445.359985
0.082240	445.359985
0.082320	446.040009
0.082400	443.329987
0.082480	443.329987
0.082560	441.290009
0.082640	441.290009
0.082720	439.940002
0.082800	439.940002
0.082880	437.899994
0.082960	436.549988
0.083040	435.869995
0.083120	435.869995
0.083200	434.510010
0.083280	434.510010
0.083360	431.130005
0.083440	430.450012
0.083520	429.769989
0.083600	429.089996
0.083680	426.380005
0.083760	425.700012
0.083840	422.989990
0.083920	419.600006
0.084000	416.890015
0.084080	416.209991
0.084160	415.529999
0.084240	413.500000
0.084320	410.790009
0.084400	408.079987
0.084480	406.040009
0.084560	403.329987
0.084640	403.329987
0.084720	402.649994
0.084800	401.980011
0.084880	399.940002
0.084960	397.230011
0.085040	394.519989
0.085120	391.130005
0.085200	390.450012
0.085280	388.420013
0.085360	386.390015
0.085440	385.029999
0.085520	381.640015
0.085600	380.959991
0.085680	376.220001
0.085760	374.179993
0.085840	371.470001
0.085920	369.440002
0.086000	367.399994
0.086080	366.730011
0.086160	364.690002
0.086240	360.630005
0.086320	359.950012
0.086400	357.239990
0.086480	355.880005
0.086560	355.200012
0.086640	353.170013
0.086720	351.809998
0.086800	349.779999
0.086880	348.420013
0.086960	342.320007
0.087040	340.970001
0.087120	342.320007
0.087200	339.609985
0.087280	337.579987
0.087360	335.540009
0.087440	334.190002
0.087520	332.829987
0.087600	330.799988
0.087680	330.119995
0.087760	326.730011
0.087840	324.019989
0.087920	321.989990
0.088000	319.950012
0.088080	318.600006
0.088160	317.239990
0.088240	314.529999
0.088320	311.820007
0.088400	309.790009
0.088480	307.070007
0.088560	305.720001
0.088640	303.010010
0.088720	299.619995
0.088800	297.579987
0.088880	294.190002
0.088960	290.799988
0.089040	290.799988
0.089120	288.769989
0.089200	286.739990
0.089280	284.029999
0.089360	282.670013
0.089440	278.600006
0.089520	277.920013
0.089600	275.890015
0.089680	273.859985
0.089760	273.179993
0.089840	271.149994
0.089920	269.790009
0.090000	265.720001
0.090080	265.049988
0.090160	265.049988
0.090240	260.980011
0.090320	258.940002
0.090400	258.269989
0.090480	259.619995
0.090560	260.299988
0.090640	261.660004
0.090720	260.299988
0.090800	258.940002
0.090880	256.910004
0.090960	254.199997
0.091040	252.839996
0.091120	251.490005
0.091200	250.809998
0.091280	250.130005
0.091360	249.449997
0.091440	246.740005
0.091520	246.740005
0.091600	244.710007
0.091680	243.350006
0.091760	242.000000
0.091840	239.960007
0.091920	239.289993
0.092000	235.899994
0.092080	233.860001
0.092160	233.179993
0.092240	230.470001
0.092320	229.800003
0.092400	229.800003
0.092480	227.080002
0.092560	224.369995
0.092640	220.309998
0.092720	218.949997
0.092800	215.559998
0.092880	213.529999
0.092960	211.490005
0.093040	210.820007
0.093120	210.139999
0.093200	209.460007
0.093280	208.100006
0.093360	206.750000
0.093440	204.710007
0.093520	204.039993
0.093600	200.649994
0.093680	199.289993
0.093760	197.259995
0.093840	195.220001
0.093920	193.190002
0.094000	192.509995
0.094080	190.479996
0.094160	188.449997
0.094240	187.089996
0.094320	187.089996
0.094400	185.729996
0.094480	185.059998
0.094560	182.339996
0.094640	182.339996
0.094720	182.339996
0.094800	182.339996
0.094880	181.669998
0.094960	181.669998
0.095040	180.990005
0.095120	178.960007
0.095200	177.600006
0.095280	175.570007
0.095360	174.889999
0.095440	174.889999
0.095520	174.210007
0.095600	174.210007
0.095680	173.529999
0.095760	172.850006
0.095840	171.500000
0.095920	170.139999
0.096000	168.789993
0.096080	166.750000
0.096160	163.360001
0.096240	161.330002
0.096320	159.300003
0.096400	157.940002
0.096480	157.259995
0.096560	156.589996
0.096640	155.229996
0.096720	151.160004
0.096800	149.809998
0.096880	147.770004
0.096960	147.770004
0.097040	146.419998
0.097120	144.380005
0.097200	143.710007
0.097280	142.350006
0.097360	142.350006
0.097440	141.669998
0.097520	143.029999
0.097600	143.029999
0.097680	140.990005
0.097760	140.320007
0.097840	138.279999
0.097920	135.570007
0.098000	134.210007
0.098080	135.570007
0.098160	134.210007
0.098240	136.929993
0.098320	135.570007
0.098400	134.210007
0.098480	132.179993
0.098560	131.500000
0.098640	130.149994
0.098720	129.470001
0.098800	129.470001
0.098880	129.470001
0.098960	130.149994
0.099040	129.470001
0.099120	128.789993
0.099200	128.110001
0.099280	126.080002
0.099360	126.080002
0.099440	125.400002
0.099520	126.080002
0.099600	125.400002
0.099680	126.080002
0.099760	126.760002
0.099840	127.440002
0.099920	126.760002
0.100000	125.400002
0.100080	123.370003
0.100160	122.690002
0.100240	122.690002
0.100320	120.660004
0.100400	120.660004
0.100480	118.620003
0.100560	116.589996
0.100640	117.269997
0.100720	117.949997
0.100800	118.620003
0.100880	117.949997
0.100960	116.589996
0.101040	117.269997
0.101120	117.269997
0.101200	117.269997
0.101280	117.949997
0.101360	117.949997
0.101440	117.269997
0.101520	116.589996
0.101600	116.589996
0.101680	115.910004
0.101760	115.910004
0.101840	115.239998
0.101920	116.589996
0.102000	113.879997
0.102080	114.559998
0.102160	115.239998
0.102240	113.879997
0.102320	115.239998
0.102400	115.239998
0.102480	113.879997
0.102560	111.849998
0.102640	112.519997
0.102720	112.519997
0.102800	113.199997
0.102880	112.519997
0.102960	111.849998
0.103040	109.809998
0.103120	109.809998
0.103200	107.779999
0.103280	108.459999
0.103360	108.459999
0.103440	109.129997
0.103520	110.489998
0.103600	108.459999
0.103680	107.779999
0.103760	105.070000
0.103840	104.389999
0.103920	105.070000
0.104000	106.419998
0.104080	107.099998
0.104160	105.070000
0.104240	105.739998
0.104320	104.389999
0.104400	103.709999
0.104480	103.029999
0.104560	103.029999
0.104640	101.680000
0.104720	101.000000
0.104800	103.029999
0.104880	101.680000
0.104960	102.360001
0.105040	100.320000
0.105120	97.610001
0.105200	98.966003
0.105280	100.320000
0.105360	100.320000
0.105440	96.931999
0.105520	96.931999
0.105600	95.575996
0.105680	92.864998
0.105760	91.509003
0.105840	92.186996
0.105920	91.509003
0.106000	92.186996
0.106080	92.864998
0.106160	92.186996
0.106240	87.442001
0.106320	86.085999
0.106400	84.730003
0.106480	84.730003
0.106560	84.052002
0.106640	84.052002
0.106720	83.375000
0.106800	80.663002
0.106880	79.306999
0.106960	78.629997
0.107040	77.274002
0.107120	76.596001
0.107200	75.917999
0.107280	75.917999
0.107360	74.561996
0.107440	73.206001
0.107520	69.817001
0.107600	68.460999
0.107680	67.106003
0.107760	67.106003
0.107840	66.428001
0.107920	67.106003
0.108000	67.106003
0.108080	66.428001
0.108160	64.393997
0.108240	63.037998
0.108320	62.360001
0.108400	61.005001
0.108480	58.971001
0.108560	56.937000
0.108640	56.937000
0.108720	57.615002
0.108800	57.615002
0.108880	58.292999
0.108960	58.292999
0.109040	56.937000
0.109120	56.937000
0.109200	56.258999
0.109280	55.582001
0.109360	53.548000
0.109440	52.869999
0.109520	50.835999
0.109600	50.159000
0.109680	50.159000
0.109760	49.480999
0.109840	49.480999
0.109920	48.125000
0.110000	46.091000
0.110080	46.769001
0.110160	46.769001
0.110240	44.736000
0.110320	43.380001
0.110400	42.023998
0.110480	40.667999
0.110560	40.667999
0.110640	39.313000
0.110720	37.957001
0.110800	37.957001
0.110880	38.634998
0.110960	36.601002
0.111040	35.923000
0.111120	35.923000
0.111200	36.601002
0.111280	33.212002
0.111360	30.500000
0.111440	29.145000
0.111520	28.466999
0.111600	28.466999
0.111680	27.111000
0.111760	27.789000
0.111840	27.111000
0.111920	27.789000
0.112000	25.754999
0.112080	23.722000
0.112160	23.044001
0.112240	21.010000
0.112320	16.943001
0.112400	15.587000
0.112480	16.943001
0.112560	15.587000
0.112640	15.587000
0.112720	15.587000
0.112800	16.264999
0.112880	14.909000
0.112960	14.909000
0.113040	13.553000
0.113120	12.875000
0.113200	11.520000
0.113280	12.198000
0.113360	10.164000
0.113440	10.164000
0.113520	10.164000
0.113600	9.486100
0.113680	8.130400
0.113760	7.452500
0.113840	8.130400
0.113920	8.808200
0.114000	8.130400
0.114080	8.130400
0.114160	7.452500
0.114240	6.774600
0.114320	4.741000
0.114400	1.351600
0.114480	-0.004164
0.114560	0.673710
0.114640	-0.004164
0.114720	1.351600
0.114800	-0.004164
0.114880	-2.037800
0.114960	-4.749300
0.115040	-4.749300
0.115120	-6.105100
0.115200	-6.105100
0.115280	-6.782900
0.115360	-6.782900
0.115440	-7.460800
0.115520	-8.138700
0.115600	-9.494400
0.115680	-10.850000
0.115760	-10.850000
0.115840	-12.884000
0.115920	-13.562000
0.116000	-14.240000
0.116080	-16.951000
0.116160	-16.951000
0.116240	-17.629000
0.116320	-18.985001
0.116400	-18.985001
0.116480	-21.018000
0.116560	-22.374001
0.116640	-23.052000
0.116720	-22.374001
0.116800	-23.052000
0.116880	-23.052000
0.116960	-23.730000
0.117040	-25.086000
0.117120	-25.086000
0.117200	-26.441000
0.117280	-26.441000
0.117360	-25.764000
0.117440	-27.118999
0.117520	-27.118999
0.117600	-26.441000
0.117680	-25.086000
0.117760	-23.052000
0.117840	-22.374001
0.117920	-22.374001
0.118000	-23.052000
0.118080	-25.086000
0.118160	-25.764000
0.118240	-25.086000
0.118320	-23.730000
0.118400	-23.730000
0.118480	-23.730000
0.118560	-23.730000
0.118640	-24.408001
0.118720	-25.086000
0.118800	-24.408001
0.118880	-24.408001
0.118960	-22.374001
0.119040	-23.052000
0.119120	-23.052000
0.119200	-23.730000
0.119280	-25.086000
0.119360	-25.086000
0.119440	-25.086000
0.119520	-24.408001
0.119600	-24.408001
0.119680	-25.764000
0.119760	-25.764000
0.119840	-25.764000
0.119920	-25.764000
0.120000	-25.086000
0.120080	-23.052000
0.120160	-23.052000
0.120240	-23.052000
0.120320	-26.441000
0.120400	-27.118999
0.120480	-26.441000
0.120560	-27.118999
0.120640	-26.441000
0.120720	-25.764000
0.120800	-23.730000
0.120880	-22.374001
0.120960	-21.018000
0.121040	-21.695999
0.121120	-21.018000
0.121200	-21.018000
0.121280	-23.052000
0.121360	-23.052000
0.121440	-25.086000
0.121520	-25.764000
0.121600	-25.764000
0.121680	-24.408001
0.121760	-23.730000
0.121840	-23.730000
0.121920	-23.052000
0.122000	-25.086000
0.122080	-27.118999
0.122160	-25.764000
0.122240	-25.086000
0.122320	-25.764000
0.122400	-25.764000
0.122480	-24.408001
0.122560	-24.408001
0.122640	-23.730000
0.122720	-23.730000
0.122800	-22.374001
0.122880	-23.052000
0.122960	-24.408001
0.123040	-24.408001
0.123120	-23.730000
0.123200	-25.086000
0.123280	-24.408001
0.123360	-21.695999
0.123440	-21.018000
0.123520	-21.018000
0.123600	-21.695999
0.123680	-21.695999
0.123760	-22.374001
0.123840	-23.052000
0.123920	-23.052000
0.124000	-22.374001
0.124080	-21.018000
0.124160	-22.374001
0.124240	-22.374001
0.124320	-23.730000
0.124400	-22.374001
0.124480	-23.052000
0.124560	-21.695999
0.124640	-22.374001
0.124720	-21.695999
0.124800	-23.730000
0.124880	-21.695999
0.124960	-21.018000
0.125040	-19.663000
0.125120	-19.663000
0.125200	-18.985001
0.125280	-21.018000
0.125360	-23.052000
0.125440	-23.052000
0.125520	-21.018000
0.125600	-17.629000
0.125680	-18.306999
0.125760	-16.951000
0.125840	-16.951000
0.125920	-18.985001
0.126000	-18.306999
0.126080	-18.306999
0.126160	-20.340000
0.126240	-19.663000
0.126320	-19.663000
0.126400	-18.985001
0.126480	-17.629000
0.126560	-17.629000
0.126640	-18.306999
0.126720	-20.340000
0.126800	-21.695999
0.126880	-23.052000
0.126960	-21.695999
0.127040	-22.374001
0.127120	-22.374001
0.127200	-23.052000
0.127280	-24.408001
0.127360	-23.052000
0.127440	-21.695999
0.127520	-21.018000
0.127600	-18.985001
0.127680	-18.985001
0.127760	-18.306999
0.127840	-17.629000
0.127920	-16.951000
0.128000	-16.273001
0.128080	-16.951000
0.128160	-17.629000
0.128240	-18.306999
0.128320	-18.985001
0.128400	-17.629000
0.128480	-15.595000
0.128560	-15.595000
0.128640	-14.917000
0.128720	-16.951000
0.128800	-16.273001
0.128880	-16.273001
0.128960	-16.273001
0.129040	-16.273001
0.129120	-17.629000
0.129200	-18.985001
0.129280	-17.629000
0.129360	-17.629000
0.129440	-17.629000
0.129520	-17.629000
0.129600	-18.306999
0.129680	-18.306999
0.129760	-18.306999
0.129840	-18.985001
0.129920	-16.951000
0.130000	-14.917000
0.130080	-12.206000
0.130160	-12.206000
0.130240	-10.850000
0.130320	-9.494400
0.130400	-7.460800
0.130480	-5.427200
0.130560	-7.460800
0.130640	-8.138700
0.130720	-9.494400
0.130800	-10.172000
0.130880	-10.850000
0.130960	-9.494400
0.131040	-8.816600
0.131120	-7.460800
0.131200	-6.782900
0.131280	-6.782900
0.131360	-6.782900
0.131440	-8.138700
0.131520	-8.138700
0.131600	-8.138700
0.131680	-6.105100
0.131760	-3.393500
0.131840	-2.715700
0.131920	-2.037800
0.132000	-0.004164
0.132080	-0.682040
0.132160	-1.359900
0.132240	-4.071400
0.132320	-4.071400
0.132400	-5.427200
0.132480	-5.427200
0.132560	-2.715700
0.132640	-2.037800
0.132720	-1.359900
0.132800	-0.682040
0.132880	-0.682040
0.132960	-0.682040
0.133040	-2.037800
0.133120	-2.037800
0.133200	-1.359900
0.133280	-1.359900
0.133360	0.673710
0.133440	0.673710
0.133520	2.029500
0.133600	2.029500
0.133680	2.707300
0.133760	3.385200
0.133840	4.741000
0.133920	5.418800
0.134000	5.418800
0.134080	5.418800
0.134160	3.385200
0.134240	3.385200
0.134320	2.029500
0.134400	-0.004164
0.134480	-0.682040
0.134560	-2.037800
0.134640	-2.715700
0.134720	-3.393500
0.134800	-4.749300
0.134880	-4.749300
0.134960	-4.749300
0.135040	-4.071400
0.135120	-4.071400
0.135200	-4.071400
0.135280	-4.071400
0.135360	-4.071400
0.135440	-2.715700
0.135520	-2.037800
0.135600	-1.359900
0.135680	-2.037800
0.135760	-3.393500
0.135840	-4.749300
0.135920	-3.393500
0.136000	-3.393500
0.136080	-3.393500
0.136160	-3.393500
0.136240	-1.359900
0.136320	-0.004164
0.136400	-2.037800
0.136480	-0.682040
0.136560	0.673710
0.136640	0.673710
0.136720	-2.037800
0.136800	-1.359900
0.136880	-1.359900
0.136960	3.385200
0.137040	-0.004164
0.137120	1.351600
0.137200	2.707300
0.137280	3.385200
0.137360	3.385200
0.137440	4.063100
0.137520	4.063100
0.137600	5.418800
0.137680	7.452500
0.137760	6.774600
0.137840	6.774600
0.137920	6.096700
0.138000	4.741000
0.138080	4.741000
0.138160	4.741000
0.138240	4.063100
0.138320	6.774600
0.138400	6.096700
0.138480	6.774600
0.138560	5.418800
0.138640	4.741000
0.138720	6.096700
0.138800	7.452500
0.138880	6.096700
0.138960	4.741000
0.139040	4.741000
0.139120	6.096700
0.139200	6.774600
0.139280	7.452500
0.139360	8.808200
0.139440	7.452500
0.139520	8.808200
0.139600	8.808200
0.139680	8.808200
0.139760	10.164000
0.139840	10.164000
0.139920	8.808200
0.140000	10.164000
0.140080	9.486100
0.140160	10.842000
0.140240	10.842000
0.140320	12.198000
0.140400	11.520000
0.140480	11.520000
0.140560	10.842000
0.140640	11.520000
0.140720	12.198000
0.140800	12.198000
0.140880	10.842000
0.140960	10.842000
0.141040	10.164000
0.141120	10.164000
0.141200	10.842000
0.141280	10.164000
0.141360	8.808200
0.141440	8.808200
0.141520	10.164000
0.141600	10.842000
0.141680	10.842000
0.141760	10.842000
0.141840	10.164000
0.141920	10.842000
0.142000	10.164000
0.142080	11.520000
0.142160	12.198000
0.142240	11.520000
0.142320	12.875000
0.142400	12.198000
0.142480	11.520000
0.142560	10.842000
0.142640	12.198000
0.142720	13.553000
0.142800	13.553000
0.142880	16.264999
0.142960	15.587000
0.143040	15.587000
0.143120	13.553000
0.143200	11.520000
0.143280	12.198000
0.143360	10.842000
0.143440	10.842000
0.143520	10.842000
0.143600	10.164000
0.143680	9.486100
0.143760	11.520000
0.143840	12.875000
0.143920	14.909000
0.144000	14.909000
0.144080	17.621000
0.144160	16.943001
0.144240	17.621000
0.144320	18.299000
0.144400	18.299000
0.144480	16.943001
0.144560	15.587000
0.144640	14.909000
0.144720	13.553000
0.144800	14.231000
0.144880	13.553000
0.144960	16.264999
0.145040	16.264999
0.145120	16.264999
0.145200	15.587000
0.145280	16.943001
0.145360	16.264999
0.145440	18.976000
0.145520	19.653999
0.145600	20.332001
0.145680	20.332001
0.145760	20.332001
0.145840	20.332001
0.145920	20.332001
0.146000	21.688000
0.146080	21.688000
0.146160	23.044001
0.146240	21.688000
0.146320	21.688000
0.146400	20.332001
0.146480	20.332001
0.146560	21.688000
0.146640	23.044001
0.146720	23.722000
0.146800	21.688000
0.146880	23.044001
0.146960	23.722000
0.147040	24.399000
0.147120	24.399000
0.147200	24.399000
0.147280	23.044001
0.147360	23.722000
0.147440	22.365999
0.147520	22.365999
0.147600	23.044001
0.147680	24.399000
0.147760	23.722000
0.147840	24.399000
0.147920	23.044001
0.148000	23.044001
0.148080	25.077000
0.148160	26.433001
0.148240	25.754999
0.148320	25.754999
0.148400	25.754999
0.148480	25.754999
0.148560	24.399000
0.148640	25.754999
0.148720	25.077000
0.148800	26.433001
0.148880	26.433001
0.148960	27.789000
0.149040	28.466999
0.149120	27.789000
0.149200	28.466999
0.149280	28.466999
0.149360	28.466999
0.149440	29.145000
0.149520	29.822001
0.149600	29.822001
0.149680	29.822001
0.149760	29.822001
0.149840	30.500000
0.149920	32.534000
0.150000	31.177999
0.150080	30.500000
0.150160	27.789000
0.150240	27.789000
0.150320	27.789000
0.150400	28.466999
0.150480	29.822001
0.150560	30.500000
0.150640	30.500000
0.150720	31.177999
0.150800	29.822001
0.150880	31.177999
0.150960	31.177999
0.151040	30.500000
0.151120	29.145000
0.151200	27.789000
0.151280	28.466999
0.151360	30.500000
0.151440	30.500000
0.151520	29.822001
0.151600	29.822001
0.151680	27.789000
0.151760	27.789000
0.151840	27.789000
0.151920	27.111000
0.152000	28.466999
0.152080	27.789000
0.152160	27.789000
0.152240	27.111000
0.152320	25.077000
0.152400	25.077000
0.152480	23.044001
0.152560	23.722000
0.152640	23.722000
0.152720	23.044001
0.152800	22.365999
0.152880	23.044001
0.152960	23.044001
0.153040	22.365999
0.153120	24.399000
0.153200	23.722000
0.153280	24.399000
0.153360	25.077000
0.153440	25.754999
0.153520	25.754999
0.153600	23.722000
0.153680	26.433001
0.153760	26.433001
0.153840	27.789000
0.153920	28.466999
0.154000	30.500000
0.154080	29.145000
0.154160	28.466999
0.154240	27.111000
0.154320	26.433001
0.154400	26.433001
0.154480	26.433001
0.154560	26.433001
0.154640	27.111000
0.154720	28.466999
0.154800	27.789000
0.154880	25.754999
0.154960	25.077000
0.155040	25.077000
0.155120	27.111000
0.155200	28.466999
0.155280	29.822001
0.155360	29.145000
0.155440	27.789000
0.155520	26.433001
0.155600	27.789000
0.155680	27.789000
0.155760	28.466999
0.155840	29.822001
0.155920	31.177999
0.156000	31.177999
0.156080	30.500000
0.156160	29.822001
0.156240	30.500000
0.156320	29.145000
0.156400	30.500000
0.156480	31.177999
0.156560	31.856001
0.156640	31.856001
0.156720	31.856001
0.156800	31.856001
0.156880	30.500000
0.156960	30.500000
0.157040	31.856001
0.157120	31.856001
0.157200	31.856001
0.157280	32.534000
0.157360	33.212002
0.157440	31.856001
0.157520	32.534000
0.157600	31.856001
0.157680	33.212002
0.157760	33.212002
0.157840	33.889999
0.157920	33.889999
0.158000	33.889999
0.158080	33.212002
0.158160	32.534000
0.158240	31.856001
0.158320	33.212002
0.158400	33.212002
0.158480	33.889999
0.158560	34.568001
0.158640	35.244999
0.158720	34.568001
0.158800	34.568001
0.158880	33.889999
0.158960	35.923000
0.159040	37.278999
0.159120	37.278999
0.159200	37.278999
0.159280	37.278999
0.159360	36.601002
0.159440	36.601002
0.159520	37.278999
0.159600	36.601002
0.159680	34.568001
0.159760	34.568001
0.159840	33.212002
0.159920	33.212002
0.160000	35.244999
0.160080	37.957001
0.160160	39.313000
0.160240	37.957001
0.160320	37.278999
0.160400	38.634998
0.160480	38.634998
0.160560	37.957001
0.160640	37.278999
0.160720	38.634998
0.160800	37.957001
0.160880	37.278999
0.160960	37.278999
0.161040	37.278999
0.161120	38.634998
0.161200	37.278999
0.161280	37.957001
0.161360	37.957001
0.161440	38.634998
0.161520	38.634998
0.161600	39.313000
0.161680	37.278999
0.161760	39.313000
0.161840	39.313000
0.161920	39.313000
0.162000	38.634998
0.162080	39.313000
0.162160	39.991001
0.162240	41.346001
0.162320	42.023998
0.162400	41.346001
0.162480	39.991001
0.162560	39.991001
0.162640	40.667999
0.162720	41.346001
0.162800	42.702000
0.162880	43.380001
0.162960	42.702000
0.163040	42.023998
0.163120	42.702000
0.163200	42.023998
0.163280	42.702000
0.163360	42.023998
0.163440	41.346001
0.163520	41.346001
0.163600	41.346001
0.163680	42.702000
0.163760	42.023998
0.163840	42.023998
0.163920	41.346001
0.164000	41.346001
0.164080	39.991001
0.164160	40.667999
0.164240	40.667999
0.164320	41.346001
0.164400	41.346001
0.164480	39.313000
0.164560	37.957001
0.164640	39.991001
0.164720	39.991001
0.164800	39.991001
0.164880	39.991001
0.164960	40.667999
0.165040	40.667999
0.165120	41.346001
0.165200	42.023998
0.165280	42.023998
0.165360	39.991001
0.165440	39.313000
0.165520	39.991001
0.165600	39.313000
0.165680	39.313000
0.165760	39.991001
0.165840	41.346001
0.165920	41.346001
0.166000	43.380001
0.166080	41.346001
0.166160	41.346001
0.166240	40.667999
0.166320	38.634998
0.166400	40.667999
0.166480	42.023998
0.166560	42.702000
0.166640	42.023998
0.166720	41.346001
0.166800	41.346001
0.166880	42.023998
0.166960	40.667999
0.167040	41.346001
0.167120	42.023998
0.167200	42.023998
0.167280	44.057999
0.167360	44.057999
0.167440	44.057999
0.167520	44.057999
0.167600	43.380001
0.167680	42.702000
0.167760	43.380001
0.167840	44.057999
0.167920	42.023998
0.168000	41.346001
0.168080	41.346001
0.168160	40.667999
0.168240	42.702000
0.168320	43.380001
0.168400	42.702000
0.168480	42.702000
0.168560	43.380001
0.168640	43.380001
0.168720	44.057999
0.168800	44.057999
0.168880	42.702000
0.168960	42.023998
0.169040	44.057999
0.169120	42.023998
0.169200	43.380001
0.169280	43.380001
0.169360	44.057999
0.169440	44.736000
0.169520	44.736000
0.169600	44.057999
0.169680	44.057999
0.169760	42.702000
0.169840	43.380001
0.169920	42.702000
0.170000	44.057999
0.170080	42.702000
0.170160	42.702000
0.170240	43.380001
0.170320	42.702000
0.170400	43.380001
0.170480	43.380001
0.170560	44.736000
0.170640	44.057999
0.170720	46.091000
0.170800	45.414001
0.170880	45.414001
0.170960	45.414001
0.171040	43.380001
0.171120	45.414001
0.171200	44.736000
0.171280	44.736000
0.171360	43.380001
0.171440	42.702000
0.171520	43.380001
0.171600	42.702000
0.171680	43.380001
0.171760	42.702000
0.171840	42.702000
0.171920	42.023998
0.172000	42.702000
0.172080	43.380001
0.172160	42.702000
0.172240	44.057999
0.172320	43.380001
0.172400	44.057999
0.172480	43.380001
0.172560	42.023998
0.172640	42.023998
0.172720	42.702000
0.172800	43.380001
0.172880	43.380001
0.172960	43.380001
0.173040	43.380001
0.173120	43.380001
0.173200	42.702000
0.173280	46.769001
0.173360	46.769001
0.173440	48.803001
0.173520	47.446999
0.173600	44.057999
0.173680	44.736000
0.173760	42.702000
0.173840	42.702000
0.173920	44.057999
0.174000	44.057999
0.174080	44.736000
0.174160	44.057999
0.174240	43.380001
0.174320	45.414001
0.174400	48.803001
0.174480	48.803001
0.174560	49.480999
0.174640	48.803001
0.174720	48.125000
0.174800	46.091000
0.174880	46.091000
0.174960	45.414001
0.175040	47.446999
0.175120	48.125000
0.175200	47.446999
0.175280	46.769001
0.175360	45.414001
0.175440	46.091000
0.175520	46.769001
0.175600	47.446999
0.175680	47.446999
0.175760	46.091000
0.175840	46.769001
0.175920	46.769001
0.176000	47.446999
0.176080	48.125000
0.176160	46.769001
0.176240	46.769001
0.176320	46.091000
0.176400	46.091000
0.176480	46.091000
0.176560	46.091000
0.176640	46.769001
0.176720	46.769001
0.176800	44.736000
0.176880	46.091000
0.176960	46.769001
0.177040	48.125000
0.177120	48.125000
0.177200	48.803001
0.177280	48.803001
0.177360	47.446999
0.177440	46.769001
0.177520	47.446999
0.177600	48.125000
0.177680	48.803001
0.177760	48.803001
0.177840	48.803001
0.177920	49.480999
0.178000	48.803001
0.178080	48.803001
0.178160	47.446999
0.178240	48.125000
0.178320	50.159000
0.178400	49.480999
0.178480	50.159000
0.178560	49.480999
0.178640	50.835999
0.178720	50.159000
0.178800	50.835999
0.178880	51.514000
0.178960	52.869999
0.179040	52.192001
0.179120	52.192001
0.179200	51.514000
0.179280	52.192001
0.179360	53.548000
0.179440	54.903999
0.179520	53.548000
0.179600	52.869999
0.179680	51.514000
0.179760	52.869999
0.179840	54.226002
0.179920	54.903999
0.180000	54.903999
0.180080	54.226002
0.180160	52.869999
0.180240	52.869999
0.180320	52.869999
0.180400	54.226002
0.180480	52.192001
0.180560	52.869999
0.180640	52.869999
0.180720	52.192001
0.180800	54.903999
0.180880	55.582001
0.180960	54.903999
0.181040	54.903999
0.181120	54.226002
0.181200	54.226002
0.181280	55.582001
0.181360	55.582001
0.181440	56.258999
0.181520	54.903999
0.181600	55.582001
0.181680	56.258999
0.181760	56.258999
0.181840	55.582001
0.181920	54.903999
0.182000	54.903999
0.182080	54.226002
0.182160	55.582001
0.182240	56.258999
0.182320	56.937000
0.182400	57.615002
0.182480	57.615002
0.182560	56.258999
0.182640	58.971001
0.182720	57.615002
0.182800	56.937000
0.182880	55.582001
0.182960	55.582001
0.183040	56.937000
0.183120	57.615002
0.183200	58.292999
0.183280	57.615002
0.183360	57.615002
0.183440	57.615002
0.183520	58.292999
0.183600	58.971001
0.183680	57.615002
0.183760	58.971001
0.183840	58.971001
0.183920	58.292999
0.184000	56.937000
0.184080	57.615002
0.184160	56.937000
0.184240	57.615002
0.184320	58.292999
0.184400	58.292999
0.184480	57.615002
0.184560	58.292999
0.184640	58.971001
0.184720	58.292999
0.184800	58.971001
0.184880	58.971001
0.184960	59.648998
0.185040	58.971001
0.185120	59.648998
0.185200	60.327000
0.185280	60.327000
0.185360	61.005001
0.185440	61.005001
0.185520	60.327000
0.185600	59.648998
0.185680	60.327000
0.185760	61.005001
0.185840	63.037998
0.185920	63.037998
0.186000	63.037998
0.186080	64.393997
0.186160	62.360001
0.186240	61.682999
0.186320	61.005001
0.186400	61.005001
0.186480	61.682999
0.186560	61.682999
0.186640	60.327000
0.186720	61.005001
0.186800	61.005001
0.186880	58.292999
0.186960	56.937000
0.187040	58.292999
0.187120	60.327000
0.187200	59.648998
0.187280	63.716000
0.187360	63.037998
0.187440	61.682999
0.187520	62.360001
0.187600	61.682999
0.187680	63.037998
0.187760	63.037998
0.187840	64.393997
0.187920	62.360001
0.188000	62.360001
0.188080	61.005001
0.188160	61.682999
0.188240	62.360001
0.188320	63.037998
0.188400	63.716000
0.188480	63.716000
0.188560	61.005001
0.188640	60.327000
0.188720	60.327000
0.188800	61.682999
0.188880	63.037998
0.188960	63.716000
0.189040	64.393997
0.189120	63.716000
0.189200	63.716000
0.189280	63.716000
0.189360	61.682999
0.189440	63.037998
0.189520	61.682999
0.189600	62.360001
0.189680	63.037998
0.189760	63.716000
0.189840	64.393997
0.189920	65.071999
0.190000	63.716000
0.190080	63.037998
0.190160	64.393997
0.190240	64.393997
0.190320	65.750000
0.190400	66.428001
0.190480	65.750000
0.190560	65.750000
0.190640	65.750000
0.190720	65.071999
0.190800	65.750000
0.190880	66.428001
0.190960	65.071999
0.191040	65.750000
0.191120	67.106003
0.191200	66.428001
0.191280	65.071999
0.191360	64.393997
0.191440	65.071999
0.191520	65.071999
0.191600	66.428001
0.191680	66.428001
0.191760	68.460999
0.191840	66.428001
0.191920	66.428001
0.192000	67.106003
0.192080	66.428001
0.192160	67.106003
0.192240	67.782997
0.192320	67.106003
0.192400	68.460999
0.192480	69.139000
0.192560	68.460999
0.192640	70.495003
0.192720	69.139000
0.192800	68.460999
0.192880	66.428001
0.192960	68.460999
0.193040	66.428001
0.193120	67.106003
0.193200	67.106003
0.193280	69.139000
0.193360	69.817001
0.193440	71.172997
0.193520	71.850998
0.193600	69.817001
0.193680	69.817001
0.193760	69.139000
0.193840	70.495003
0.193920	71.172997
0.194000	72.528999
0.194080	72.528999
0.194160	71.850998
0.194240	70.495003
0.194320	68.460999
0.194400	67.106003
0.194480	67.106003
0.194560	68.460999
0.194640	68.460999
0.194720	69.139000
0.194800	69.817001
0.194880	69.817001
0.194960	69.139000
0.195040	69.139000
0.195120	69.139000
0.195200	70.495003
0.195280	69.817001
0.195360	69.139000
0.195440	68.460999
0.195520	68.460999
0.195600	69.139000
0.195680	69.817001
0.195760	70.495003
0.195840	70.495003
0.195920	70.495003
0.196000	69.817001
0.196080	69.817001
0.196160	69.817001
0.196240	71.850998
0.196320	73.206001
0.196400	73.206001
0.196480	71.850998
0.196560	71.172997
0.196640	69.817001
0.196720	69.817001
0.196800	70.495003
0.196880	71.850998
0.196960	72.528999
0.197040	73.884003
0.197120	71.850998
0.197200	71.850998
0.197280	71.172997
0.197360	70.495003
0.197440	71.172997
0.197520	71.172997
0.197600	72.528999
0.197680	73.884003
0.197760	71.850998
0.197840	71.172997
0.197920	71.172997
0.198000	70.495003
0.198080	71.172997
0.198160	71.172997
0.198240	71.850998
0.198320	70.495003
0.198400	70.495003
0.198480	69.139000
0.198560	68.460999
0.198640	67.106003
0.198720	68.460999
0.198800	69.817001
0.198880	69.817001
0.198960	69.817001
0.199040	69.817001
0.199120	69.139000
0.199200	69.139000
0.199280	67.782997
0.199360	67.106003
0.199440	67.106003
0.199520	69.139000
0.199600	69.817001
0.199680	70.495003
0.199760	69.817001
0.199840	70.495003
0.199920	68.460999
0.200000	67.106003
0.200080	67.782997
0.200160	67.106003
0.200240	67.782997
0.200320	69.139000
0.200400	69.817001
0.200480	67.106003
0.200560	67.106003
0.200640	67.106003
0.200720	67.782997
0.200800	69.139000
0.200880	69.139000
0.200960	68.460999
0.201040	67.106003
0.201120	65.071999
0.201200	63.716000
0.201280	64.393997
0.201360	65.750000
0.201440	65.750000
0.201520	65.071999
0.201600	64.393997
0.201680	63.037998
0.201760	62.360001
0.201840	60.327000
0.201920	61.005001
0.202000	63.037998
0.202080	63.716000
0.202160	65.750000
0.202240	65.750000
0.202320	65.071999
0.202400	66.428001
0.202480	67.106003
0.202560	67.106003
0.202640	66.428001
0.202720	66.428001
0.202800	63.037998
0.202880	63.037998
0.202960	62.360001
0.203040	63.037998
0.203120	63.037998
0.203200	65.071999
0.203280	65.750000
0.203360	69.139000
0.203440	68.460999
0.203520	69.817001
0.203600	64.393997
0.203680	66.428001
0.203760	65.750000
0.203840	66.428001
0.203920	66.428001
0.204000	65.750000
0.204080	65.750000
0.204160	66.428001
0.204240	67.782997
0.204320	68.460999
0.204400	66.428001
0.204480	64.393997
0.204560	63.037998
0.204640	65.750000
0.204720	65.071999
0.204800	66.428001
0.204880	66.428001
0.204960	67.782997
0.205040	67.106003
0.205120	68.460999
0.205200	67.782997
0.205280	68.460999
0.205360	66.428001
0.205440	66.428001
0.205520	67.106003
0.205600	66.428001
0.205680	65.750000
0.205760	65.750000
0.205840	66.428001
0.205920	65.750000
0.206000	67.106003
0.206080	67.106003
0.206160	67.106003
0.206240	66.428001
0.206320	68.460999
0.206400	69.139000
0.206480	69.139000
0.206560	69.817001
0.206640	68.460999
0.206720	66.428001
0.206800	65.750000
0.206880	65.071999
0.206960	67.782997
0.207040	68.460999
0.207120	67.782997
0.207200	67.106003
0.207280	65.750000
0.207360	64.393997
0.207440	64.393997
0.207520	64.393997
0.207600	66.428001
0.207680	67.106003
0.207760	66.428001
0.207840	64.393997
0.207920	64.393997
0.208000	64.393997
0.208080	64.393997
0.208160	65.750000
0.208240	63.716000
0.208320	63.716000
0.208400	63.716000
0.208480	63.716000
0.208560	65.071999
0.208640	65.750000
0.208720	63.037998
0.208800	63.037998
0.208880	58.292999
0.208960	59.648998
0.209040	57.615002
0.209120	57.615002
0.209200	58.292999
0.209280	58.292999
0.209360	58.971001
0.209440	60.327000
0.209520	60.327000
0.209600	63.037998
0.209680	63.716000
0.209760	63.716000
0.209840	65.071999
0.209920	63.716000
0.210000	65.750000
0.210080	65.750000
0.210160	65.750000
0.210240	64.393997
0.210320	61.682999
0.210400	59.648998
0.210480	57.615002
0.210560	56.937000
0.210640	57.615002
0.210720	56.937000
0.210800	56.937000
0.210880	56.937000
0.210960	55.582001
0.211040	55.582001
0.211120	54.226002
0.211200	53.548000
0.211280	52.192001
0.211360	50.159000
0.211440	50.835999
0.211520	48.125000
0.211600	48.803001
0.211680	48.803001
0.211760	49.480999
0.211840	50.159000
0.211920	48.125000
0.212000	50.159000
0.212080	50.159000
0.212160	50.159000
0.212240	52.192001
0.212320	52.869999
0.212400	52.869999
0.212480	53.548000
0.212560	52.192001
0.212640	52.869999
0.212720	53.548000
0.212800	53.548000
0.212880	54.903999
0.212960	53.548000
0.213040	51.514000
0.213120	50.835999
0.213200	50.159000
0.213280	49.480999
0.213360	50.835999
0.213440	49.480999
0.213520	48.803001
0.213600	48.803001
0.213680	47.446999
0.213760	46.091000
0.213840	46.091000
0.213920	45.414001
0.214000	45.414001
0.214080	46.091000
0.214160	45.414001
0.214240	46.091000
0.214320	43.380001
0.214400	44.057999
0.214480	44.736000
0.214560	44.736000
0.214640	44.057999
0.214720	44.057999
0.214800	42.702000
0.214880	42.702000
0.214960	42.023998
0.215040	42.023998
0.215120	41.346001
0.215200	43.380001
0.215280	42.702000
0.215360	43.380001
0.215440	41.346001
0.215520	41.346001
0.215600	41.346001
0.215680	41.346001
0.215760	42.023998
0.215840	42.023998
0.215920	42.023998
0.216000	42.023998
0.216080	40.667999
0.216160	39.313000
0.216240	39.991001
0.216320	38.634998
0.216400	39.313000
0.216480	39.991001
0.216560	39.991001
0.216640	39.313000
0.216720	37.957001
0.216800	37.278999
0.216880	36.601002
0.216960	36.601002
0.217040	37.957001
0.217120	37.957001
0.217200	37.957001
0.217280	37.957001
0.217360	36.601002
0.217440	37.278999
0.217520	36.601002
0.217600	33.889999
0.217680	34.568001
0.217760	34.568001
0.217840	33.889999
0.217920	34.568001
0.218000	33.889999
0.218080	31.856001
0.218160	30.500000
0.218240	29.145000
0.218320	29.822001
0.218400	31.177999
0.218480	31.177999
0.218560	30.500000
0.218640	30.500000
0.218720	27.789000
0.218800	25.754999
0.218880	24.399000
0.218960	23.722000
0.219040	24.399000
0.219120	25.077000
0.219200	25.754999
0.219280	25.077000
0.219360	25.077000
0.219440	25.754999
0.219520	25.077000
0.219600	23.044001
0.219680	22.365999
0.219760	22.365999
0.219840	21.688000
0.219920	21.688000
0.220000	21.010000
0.220080	23.044001
0.220160	19.653999
0.220240	18.976000
0.220320	20.332001
0.220400	18.299000
0.220480	18.976000
0.220560	18.976000
0.220640	18.299000
0.220720	18.299000
0.220800	18.299000
0.220880	16.943001
0.220960	16.943001
0.221040	16.943001
0.221120	16.264999
0.221200	14.909000
0.221280	14.231000
0.221360	14.231000
0.221440	14.909000
0.221520	14.231000
0.221600	14.231000
0.221680	14.909000
0.221760	14.231000
0.221840	12.198000
0.221920	12.198000
0.222000	13.553000
0.222080	12.875000
0.222160	12.875000
0.222240	12.198000
0.222320	10.164000
0.222400	10.842000
0.222480	10.842000
0.222560	10.164000
0.222640	10.842000
0.222720	11.520000
0.222800	10.842000
0.222880	10.164000
0.222960	10.842000
0.223040	10.164000
0.223120	10.164000
0.223200	11.520000
0.223280	10.164000
0.223360	10.164000
0.223440	6.774600
0.223520	6.096700
0.223600	6.774600
0.223680	8.130400
0.223760	9.486100
0.223840	8.130400
0.223920	6.774600
0.224000	4.741000
0.224080	4.741000
0.224160	4.063100
0.224240	3.385200
0.224320	4.063100
0.224400	4.741000
0.224480	4.741000
0.224560	4.741000
0.224640	4.741000
0.224720	5.418800
0.224800	2.707300
0.224880	4.063100
0.224960	3.385200
0.225040	4.741000
0.225120	4.741000
0.225200	5.418800
0.225280	5.418800
0.225360	4.741000
0.225440	4.741000
0.225520	4.063100
0.225600	2.029500
0.225680	2.029500
0.225760	0.673710
0.225840	1.351600
0.225920	1.351600
0.226000	1.351600
0.226080	3.385200
0.226160	3.385200
0.226240	4.063100
0.226320	4.741000
0.226400	4.063100
0.226480	4.063100
0.226560	4.063100
0.226640	4.741000
0.226720	4.741000
0.226800	4.741000
0.226880	3.385200
0.226960	1.351600
0.227040	2.707300
0.227120	4.741000
0.227200	3.385200
0.227280	3.385200
0.227360	1.351600
0.227440	3.385200
0.227520	2.029500
0.227600	2.029500
0.227680	3.385200
0.227760	2.707300
0.227840	2.707300
0.227920	2.029500
0.228000	1.351600
0.228080	2.029500
0.228160	3.385200
0.228240	4.063100
0.228320	2.707300
0.228400	3.385200
0.228480	1.351600
0.228560	0.673710
0.228640	1.351600
0.228720	1.351600
0.228800	2.029500
0.228880	2.707300
0.228960	2.707300
0.229040	3.385200
0.229120	3.385200
0.229200	3.385200
0.229280	4.741000
0.229360	6.096700
0.229440	5.418800
0.229520	4.063100
0.229600	4.741000
0.229680	6.774600
0.229760	6.096700
0.229840	6.774600
0.229920	5.418800
0.230000	5.418800
0.230080	4.741000
0.230160	4.741000
0.230240	6.096700
0.230320	6.096700
0.230400	6.774600
0.230480	6.096700
0.230560	7.452500
0.230640	6.774600
0.230720	6.774600
0.230800	6.096700
0.230880	6.096700
0.230960	6.774600
0.231040	6.774600
0.231120	6.774600
0.231200	6.774600
0.231280	8.808200
0.231360	8.808200
0.231440	7.452500
0.231520	7.452500
0.231600	6.096700
0.231680	6.096700
0.231760	5.418800
0.231840	4.063100
0.231920	4.063100
0.232000	4.741000
0.232080	6.774600
0.232160	8.808200
0.232240	10.842000
0.232320	10.842000
0.232400	8.130400
0.232480	6.096700
0.232560	5.418800
0.232640	6.774600
0.232720	8.808200
0.232800	8.808200
0.232880	8.130400
0.232960	8.130400
0.233040	7.452500
0.233120	8.130400
0.233200	10.842000
0.233280	9.486100
0.233360	9.486100
0.233440	8.808200
0.233520	6.774600
0.233600	8.808200
0.233680	6.774600
0.233760	6.774600
0.233840	6.774600
0.233920	6.774600
0.234000	8.130400
0.234080	7.452500
0.234160	5.418800
0.234240	5.418800
0.234320	6.096700
0.234400	7.452500
0.234480	8.130400
0.234560	10.164000
0.234640	10.164000
0.234720	10.164000
0.234800	9.486100
0.234880	10.164000
0.234960	9.486100
0.235040	10.164000
0.235120	8.808200
0.235200	8.130400
0.235280	7.452500
0.235360	6.774600
0.235440	10.164000
0.235520	9.486100
0.235600	10.164000
0.235680	9.486100
0.235760	9.486100
0.235840	10.842000
0.235920	9.486100
0.236000	10.164000
0.236080	10.842000
0.236160	10.842000
0.236240	11.520000
0.236320	11.520000
0.236400	10.164000
0.236480	9.486100
0.236560	9.486100
0.236640	9.486100
0.236720	10.164000
0.236800	11.520000
0.236880	8.808200
0.236960	10.164000
0.237040	8.808200
0.237120	13.553000
0.237200	15.587000
0.237280	12.198000
0.237360	12.875000
0.237440	11.520000
0.237520	9.486100
0.237600	9.486100
0.237680	10.164000
0.237760	10.164000
0.237840	10.164000
0.237920	10.164000
0.238000	9.486100
0.238080	9.486100
0.238160	10.842000
0.238240	10.164000
0.238320	10.842000
0.238400	10.164000
0.238480	10.164000
0.238560	10.842000
0.238640	12.875000
0.238720	12.875000
0.238800	12.875000
0.238880	12.875000
0.238960	12.198000
0.239040	10.842000
0.239120	9.486100
0.239200	9.486100
0.239280	8.808200
0.239360	8.808200
0.239440	9.486100
0.239520	9.486100
0.239600	9.486100
0.239680	8.808200
0.239760	8.130400
0.239840	8.130400
0.239920	8.130400
0.240000	8.130400
0.240080	8.808200
0.240160	8.808200
0.240240	7.452500
0.240320	6.774600
0.240400	4.063100
0.240480	3.385200
0.240560	4.063100
0.240640	3.385200
0.240720	3.385200
0.240800	2.029500
0.240880	1.351600
0.240960	2.029500
0.241040	1.351600
0.241120	1.351600
0.241200	1.351600
0.241280	-0.004164
0.241360	2.029500
0.241440	2.029500
0.241520	2.029500
0.241600	0.673710
0.241680	0.673710
0.241760	1.351600
0.241840	2.029500
0.241920	2.029500
0.242000	2.029500
0.242080	1.351600
0.242160	0.673710
0.242240	-0.682040
0.242320	-0.004164
0.242400	-1.359900
0.242480	-0.682040
0.242560	-0.682040
0.242640	-0.682040
0.242720	-0.004164
0.242800	-1.359900
0.242880	-1.359900
0.242960	-2.037800
0.243040	-3.393500
0.243120	-3.393500
0.243200	-3.393500
0.243280	-4.071400
0.243360	-5.427200
0.243440	-5.427200
0.243520	-5.427200
0.243600	-4.749300
0.243680	-4.071400
0.243760	-4.749300
0.243840	-5.427200
0.243920	-6.782900
0.244000	-4.071400
0.244080	-4.749300
0.244160	-6.782900
0.244240	-7.460800
0.244320	-7.460800
0.244400	-6.782900
0.244480	-7.460800
0.244560	-6.782900
0.244640	-7.460800
0.244720	-8.138700
0.244800	-6.782900
0.244880	-8.816600
0.244960	-8.138700
0.245040	-9.494400
0.245120	-9.494400
0.245200	-10.172000
0.245280	-12.206000
0.245360	-12.884000
0.245440	-13.562000
0.245520	-13.562000
0.245600	-12.206000
0.245680	-10.850000
0.245760	-11.528000
0.245840	-12.884000
0.245920	-12.206000
0.246000	-12.884000
0.246080	-12.884000
0.246160	-13.562000
0.246240	-13.562000
0.246320	-12.884000
0.246400	-14.917000
0.246480	-14.917000
0.246560	-14.240000
0.246640	-15.595000
0.246720	-15.595000
0.246800	-16.273001
0.246880	-16.951000
0.246960	-16.273001
0.247040	-16.951000
0.247120	-16.951000
0.247200	-16.273001
0.247280	-15.595000
0.247360	-16.273001
0.247440	-15.595000
0.247520	-16.273001
0.247600	-16.951000
0.247680	-16.951000
0.247760	-15.595000
0.247840	-16.951000
0.247920	-18.306999
0.248000	-17.629000
0.248080	-19.663000
0.248160	-18.306999
0.248240	-18.306999
0.248320	-18.306999
0.248400	-17.629000
0.248480	-16.951000
0.248560	-15.595000
0.248640	-14.240000
0.248720	-15.595000
0.248800	-16.951000
0.248880	-17.629000
0.248960	-18.306999
0.249040	-17.629000
0.249120	-18.985001
0.249200	-18.306999
0.249280	-20.340000
0.249360	-18.985001
0.249440	-18.985001
0.249520	-20.340000
0.249600	-18.306999
0.249680	-19.663000
0.249760	-19.663000
0.249840	-18.985001
0.249920	-19.663000
0.250000	-21.018000
0.250080	-21.018000
0.250160	-19.663000
0.250240	-21.018000
0.250320	-18.306999
0.250400	-18.985001
0.250480	-20.340000
0.250560	-20.340000
0.250640	-20.340000
0.250720	-19.663000
0.250800	-18.985001
0.250880	-19.663000
0.250960	-20.340000
0.251040	-19.663000
0.251120	-21.695999
0.251200	-19.663000
0.251280	-18.306999
0.251360	-18.306999
0.251440	-18.985001
0.251520	-18.985001
0.251600	-19.663000
0.251680	-21.695999
0.251760	-21.018000
0.251840	-18.985001
0.251920	-18.985001
0.252000	-19.663000
0.252080	-18.306999
0.252160	-19.663000
0.252240	-19.663000
0.252320	-20.340000
0.252400	-21.018000
0.252480	-19.663000
0.252560	-19.663000
0.252640	-18.306999
0.252720	-19.663000
0.252800	-18.306999
0.252880	-18.306999
0.252960	-18.306999
0.253040	-15.595000
0.253120	-16.273001
0.253200	-16.951000
0.253280	-17.629000
0.253360	-19.663000
0.253440	-18.306999
0.253520	-15.595000
0.253600	-14.240000
0.253680	-13.562000
0.253760	-13.562000
0.253840	-16.273001
0.253920	-17.629000
0.254000	-16.951000
0.254080	-15.595000
0.254160	-14.917000
0.254240	-15.595000
0.254320	-16.951000
0.254400	-18.985001
0.254480	-19.663000
0.254560	-18.306999
0.254640	-17.629000
0.254720	-16.273001
0.254800	-16.273001
0.254880	-14.917000
0.254960	-14.917000
0.255040	-15.595000
0.255120	-18.306999
0.255200	-21.695999
0.255280	-21.695999
0.255360	-21.018000
0.255440	-16.273001
0.255520	-15.595000
0.255600	-12.206000
0.255680	-12.206000
0.255760	-12.206000
0.255840	-12.206000
0.255920	-13.562000
0.256000	-13.562000
0.256080	-16.273001
0.256160	-15.595000
0.256240	-14.240000
0.256320	-14.917000
0.256400	-12.884000
0.256480	-13.562000
0.256560	-14.240000
0.256640	-14.917000
0.256720	-15.595000
0.256800	-16.273001
0.256880	-18.306999
0.256960	-19.663000
0.257040	-21.695999
0.257120	-19.663000
0.257200	-18.985001
0.257280	-18.306999
0.257360	-18.306999
0.257440	-16.273001
0.257520	-14.240000
0.257600	-13.562000
0.257680	-12.884000
0.257760	-12.884000
0.257840	-15.595000
0.257920	-15.595000
0.258000	-14.917000
0.258080	-14.240000
0.258160	-14.917000
0.258240	-14.917000
0.258320	-16.273001
0.258400	-14.917000
0.258480	-14.917000
0.258560	-14.240000
0.258640	-12.884000
0.258720	-13.562000
0.258800	-13.562000
0.258880	-13.562000
0.258960	-12.884000
0.259040	-12.884000
0.259120	-10.850000
0.259200	-11.528000
0.259280	-12.206000
0.259360	-13.562000
0.259440	-13.562000
0.259520	-14.917000
0.259600	-14.917000
0.259680	-15.595000
0.259760	-16.951000
0.259840	-16.273001
0.259920	-15.595000
0.260000	-14.917000
0.260080	-12.884000
0.260160	-12.884000
0.260240	-14.240000
0.260320	-14.917000
0.260400	-15.595000
0.260480	-15.595000
0.260560	-15.595000
0.260640	-14.240000
0.260720	-14.240000
0.260800	-12.884000
0.260880	-12.206000
0.260960	-12.206000
0.261040	-12.884000
0.261120	-12.206000
0.261200	-12.206000
0.261280	-12.206000
0.261360	-11.528000
0.261440	-10.850000
0.261520	-11.528000
0.261600	-10.850000
0.261680	-10.172000
0.261760	-11.528000
0.261840	-12.206000
0.261920	-14.240000
0.262000	-16.951000
0.262080	-16.273001
0.262160	-16.951000
0.262240	-16.273001
0.262320	-16.273001
0.262400	-16.951000
0.262480	-18.306999
0.262560	-16.951000
0.262640	-16.951000
0.262720	-18.306999
0.262800	-16.951000
0.262880	-15.595000
0.262960	-16.273001
0.263040	-15.595000
0.263120	-15.595000
0.263200	-14.917000
0.263280	-14.917000
0.263360	-14.917000
0.263440	-14.917000
0.263520	-14.917000
0.263600	-14.917000
0.263680	-14.917000
0.263760	-14.917000
0.263840	-16.273001
0.263920	-15.595000
0.264000	-16.273001
0.264080	-15.595000
0.264160	-16.951000
0.264240	-18.306999
0.264320	-18.306999
0.264400	-16.951000
0.264480	-15.595000
0.264560	-16.273001
0.264640	-17.629000
0.264720	-18.306999
0.264800	-18.306999
0.264880	-18.985001
0.264960	-18.985001
0.265040	-20.340000
0.265120	-19.663000
0.265200	-18.985001
0.265280	-19.663000
0.265360	-20.340000
0.265440	-21.695999
0.265520	-22.374001
0.265600	-21.695999
0.265680	-23.730000
0.265760	-23.052000
0.265840	-22.374001
0.265920	-20.340000
0.266000	-20.340000
0.266080	-20.340000
0.266160	-22.374001
0.266240	-23.052000
0.266320	-24.408001
0.266400	-25.086000
0.266480	-24.408001
0.266560	-23.052000
0.266640	-21.695999
0.266720	-23.052000
0.266800	-25.086000
0.266880	-23.052000
0.266960	-24.408001
0.267040	-23.730000
0.267120	-25.086000
0.267200	-25.764000
0.267280	-25.764000
0.267360	-25.086000
0.267440	-25.086000
0.267520	-23.730000
0.267600	-25.086000
0.267680	-25.086000
0.267760	-25.764000
0.267840	-26.441000
0.267920	-27.118999
0.268000	-27.118999
0.268080	-28.475000
0.268160	-27.797001
0.268240	-28.475000
0.268320	-29.153000
0.268400	-29.830999
0.268480	-29.153000
0.268560	-29.830999
0.268640	-28.475000
0.268720	-29.830999
0.268800	-31.187000
0.268880	-29.830999
0.268960	-31.187000
0.269040	-31.187000
0.269120	-29.830999
0.269200	-29.830999
0.269280	-29.830999
0.269360	-30.509001
0.269440	-29.830999
0.269520	-29.830999
0.269600	-29.830999
0.269680	-27.797001
0.269760	-27.118999
0.269840	-26.441000
0.269920	-28.475000
0.270000	-28.475000
0.270080	-29.830999
0.270160	-26.441000
0.270240	-25.764000
0.270320	-26.441000
0.270400	-23.730000
0.270480	-25.764000
0.270560	-24.408001
0.270640	-27.118999
0.270720	-27.118999
0.270800	-28.475000
0.270880	-27.797001
0.270960	-27.118999
0.271040	-28.475000
0.271120	-29.830999
0.271200	-31.187000
0.271280	-33.220001
0.271360	-33.897999
0.271440	-33.897999
0.271520	-33.220001
0.271600	-33.220001
0.271680	-34.576000
0.271760	-33.897999
0.271840	-34.576000
0.271920	-35.931999
0.272000	-37.286999
0.272080	-39.999001
0.272160	-39.999001
0.272240	-37.286999
0.272320	-37.286999
0.272400	-36.610001
0.272480	-35.931999
0.272560	-35.254002
0.272640	-36.610001
0.272720	-36.610001
0.272800	-36.610001
0.272880	-37.286999
0.272960	-37.965000
0.273040	-37.286999
0.273120	-37.965000
0.273200	-38.643002
0.273280	-39.320999
0.273360	-39.999001
0.273440	-41.355000
0.273520	-44.066002
0.273600	-45.422001
0.273680	-46.778000
0.273760	-48.132999
0.273840	-48.811001
0.273920	-50.845001
0.274000	-51.522999
0.274080	-52.879002
0.274160	-53.556000
0.274240	-54.234001
0.274320	-55.590000
0.274400	-53.556000
0.274480	-52.879002
0.274560	-51.522999
0.274640	-50.167000
0.274720	-49.488998
0.274800	-49.488998
0.274880	-48.811001
0.274960	-49.488998
0.275040	-50.167000
0.275120	-50.167000
0.275200	-52.201000
0.275280	-52.879002
0.275360	-53.556000
0.275440	-54.911999
0.275520	-54.234001
0.275600	-54.911999
0.275680	-54.234001
0.275760	-54.911999
0.275840	-55.590000
0.275920	-56.268002
0.276000	-56.945999
0.276080	-54.911999
0.276160	-54.911999
0.276240	-54.234001
0.276320	-52.201000
0.276400	-52.201000
0.276480	-50.167000
0.276560	-50.167000
0.276640	-50.167000
0.276720	-48.811001
0.276800	-46.778000
0.276880	-46.099998
0.276960	-45.422001
0.277040	-46.778000
0.277120	-48.811001
0.277200	-50.167000
0.277280	-49.488998
0.277360	-49.488998
0.277440	-47.456001
0.277520	-48.132999
0.277600	-48.132999
0.277680	-48.132999
0.277760	-46.778000
0.277840	-46.099998
0.277920	-44.743999
0.278000	-44.743999
0.278080	-45.422001
0.278160	-44.743999
0.278240	-44.743999
0.278320	-47.456001
0.278400	-48.811001
0.278480	-52.879002
0.278560	-56.945999
0.278640	-58.300999
0.278720	-59.657001
0.278800	-61.013000
0.278880	-61.013000
0.278960	-61.013000
0.279040	-61.013000
0.279120	-61.013000
0.279200	-60.334999
0.279280	-58.979000
0.279360	-57.624001
0.279440	-56.268002
0.279520	-54.911999
0.279600	-52.879002
0.279680	-51.522999
0.279760	-49.488998
0.279840	-48.132999
0.279920	-51.522999
0.280000	-52.201000
0.280080	-55.590000
0.280160	-57.624001
0.280240	-57.624001
0.280320	-58.300999
0.280400	-58.300999
0.280480	-58.979000
0.280560	-60.334999
0.280640	-59.657001
0.280720	-58.300999
0.280800	-57.624001
0.280880	-57.624001
0.280960	-58.300999
0.281040	-58.979000
0.281120	-60.334999
0.281200	-60.334999
0.281280	-59.657001
0.281360	-59.657001
0.281440	-59.657001
0.281520	-58.979000
0.281600	-58.300999
0.281680	-56.268002
0.281760	-53.556000
0.281840	-54.234001
0.281920	-54.911999
0.282000	-54.911999
0.282080	-55.590000
0.282160	-56.945999
0.282240	-56.268002
0.282320	-56.945999
0.282400	-56.268002
0.282480	-56.945999
0.282560	-58.979000
0.282640	-61.691002
0.282720	-61.013000
0.282800	-62.368999
0.282880	-62.368999
0.282960	-60.334999
0.283040	-58.979000
0.283120	-59.657001
0.283200	-58.979000
0.283280	-58.300999
0.283360	-56.268002
0.283440	-57.624001
0.283520	-58.300999
0.283600	-58.979000
0.283680	-59.657001
0.283760	-57.624001
0.283840	-58.300999
0.283920	-57.624001
0.284000	-58.979000
0.284080	-60.334999
0.284160	-61.013000
0.284240	-60.334999
0.284320	-59.657001
0.284400	-58.300999
0.284480	-56.945999
0.284560	-56.945999
0.284640	-57.624001
0.284720	-60.334999
0.284800	-61.691002
0.284880	-62.368999
0.284960	-61.013000
0.285040	-60.334999
0.285120	-60.334999
0.285200	-59.657001
0.285280	-59.657001
0.285360	-59.657001
0.285440	-58.300999
0.285520	-57.624001
0.285600	-58.979000
0.285680	-58.300999
0.285760	-55.590000
0.285840	-54.911999
0.285920	-54.911999
0.286000	-54.234001
0.286080	-54.234001
0.286160	-54.234001
0.286240	-55.590000
0.286320	-56.268002
0.286400	-56.945999
0.286480	-56.945999
0.286560	-58.300999
0.286640	-62.368999
0.286720	-61.013000
0.286800	-60.334999
0.286880	-55.590000
0.286960	-56.268002
0.287040	-52.201000
0.287120	-52.201000
0.287200	-54.234001
0.287280	-54.911999
0.287360	-56.268002
0.287440	-56.268002
0.287520	-56.268002
0.287600	-56.268002
0.287680	-55.590000
0.287760	-54.911999
0.287840	-54.911999
0.287920	-54.911999
0.288000	-54.911999
0.288080	-54.234001
0.288160	-52.201000
0.288240	-52.201000
0.288320	-52.201000
0.288400	-52.879002
0.288480	-52.201000
0.288560	-54.234001
0.288640	-54.234001
0.288720	-55.590000
0.288800	-54.234001
0.288880	-53.556000
0.288960	-54.234001
0.289040	-55.590000
0.289120	-56.945999
0.289200	-57.624001
0.289280	-59.657001
0.289360	-60.334999
0.289440	-60.334999
0.289520	-60.334999
0.289600	-59.657001
0.289680	-59.657001
0.289760	-60.334999
0.289840	-61.691002
0.289920	-61.013000
0.290000	-59.657001
0.290080	-57.624001
0.290160	-56.945999
0.290240	-55.590000
0.290320	-56.945999
0.290400	-56.268002
0.290480	-56.268002
0.290560	-55.590000
0.290640	-56.268002
0.290720	-57.624001
0.290800	-56.945999
0.290880	-58.300999
0.290960	-58.979000
0.291040	-58.979000
0.291120	-57.624001
0.291200	-57.624001
0.291280	-56.268002
0.291360	-56.268002
0.291440	-56.268002
0.291520	-55.590000
0.291600	-54.911999
0.291680	-55.590000
0.291760	-54.911999
0.291840	-55.590000
0.291920	-55.590000
0.292000	-54.234001
0.292080	-54.911999
0.292160	-53.556000
0.292240	-52.879002
0.292320	-54.234001
0.292400	-52.879002
0.292480	-52.879002
0.292560	-52.879002
0.292640	-53.556000
0.292720	-55.590000
0.292800	-55.590000
0.292880	-53.556000
0.292960	-52.879002
0.293040	-53.556000
0.293120	-51.522999
0.293200	-50.167000
0.293280	-51.522999
0.293360	-50.845001
0.293440	-52.879002
0.293520	-52.879002
0.293600	-52.201000
0.293680	-50.845001
0.293760	-50.845001
0.293840	-51.522999
0.293920	-50.845001
0.294000	-50.167000
0.294080	-48.132999
0.294160	-47.456001
0.294240	-47.456001
0.294320	-48.132999
0.294400	-48.132999
0.294480	-48.811001
0.294560	-47.456001
0.294640	-46.778000
0.294720	-48.132999
0.294800	-49.488998
0.294880	-50.167000
0.294960	-51.522999
0.295040	-50.167000
0.295120	-50.167000
0.295200	-49.488998
0.295280	-48.132999
0.295360	-48.811001
0.295440	-48.132999
0.295520	-48.811001
0.295600	-48.132999
0.295680	-48.132999
0.295760	-46.778000
0.295840	-47.456001
0.295920	-48.132999
0.296000	-48.132999
0.296080	-48.132999
0.296160	-46.099998
0.296240	-45.422001
0.296320	-44.066002
0.296400	-46.778000
0.296480	-46.778000
0.296560	-46.778000
0.296640	-47.456001
0.296720	-48.132999
0.296800	-46.099998
0.296880	-46.778000
0.296960	-46.099998
0.297040	-46.099998
0.297120	-46.099998
0.297200	-46.099998
0.297280	-46.099998
0.297360	-44.066002
0.297440	-44.743999
0.297520	-44.743999
0.297600	-45.422001
0.297680	-44.743999
0.297760	-45.422001
0.297840	-44.743999
0.297920	-44.743999
0.298000	-46.778000
0.298080	-45.422001
0.298160	-44.743999
0.298240	-42.709999
0.298320	-42.709999
0.298400	-43.388000
0.298480	-46.099998
0.298560	-45.422001
0.298640	-45.422001
0.298720	-44.066002
0.298800	-42.033001
0.298880	-41.355000
0.298960	-40.676998
0.299040	-40.676998
0.299120	-39.999001
0.299200	-42.033001
0.299280	-42.709999
0.299360	-42.709999
0.299440	-42.709999
0.299520	-44.066002
0.299600	-44.066002
0.299680	-44.066002
0.299760	-43.388000
0.299840	-43.388000
0.299920	-42.709999
0.300000	-42.709999
0.300080	-43.388000
0.300160	-44.066002
0.300240	-42.709999
0.300320	-41.355000
0.300400	-42.033001
0.300480	-41.355000
0.300560	-41.355000
0.300640	-40.676998
0.300720	-41.355000
0.300800	-44.066002
0.300880	-44.743999
0.300960	-44.066002
0.301040	-43.388000
0.301120	-43.388000
0.301200	-44.743999
0.301280	-47.456001
0.301360	-45.422001
0.301440	-45.422001
0.301520	-44.066002
0.301600	-41.355000
0.301680	-39.999001
0.301760	-37.286999
0.301840	-38.643002
0.301920	-38.643002
0.302000	-39.999001
0.302080	-40.676998
0.302160	-44.066002
0.302240	-42.709999
0.302320	-43.388000
0.302400	-44.066002
0.302480	-44.743999
0.302560	-45.422001
0.302640	-44.743999
0.302720	-46.099998
0.302800	-47.456001
0.302880	-48.811001
0.302960	-46.778000
0.303040	-46.099998
0.303120	-43.388000
0.303200	-41.355000
0.303280	-40.676998
0.303360	-40.676998
0.303440	-42.033001
0.303520	-42.709999
0.303600	-41.355000
0.303680	-42.033001
0.303760	-44.066002
0.303840	-43.388000
0.303920	-46.099998
0.304000	-46.778000
0.304080	-48.132999
0.304160	-48.132999
0.304240	-47.456001
0.304320	-48.132999
0.304400	-46.099998
0.304480	-44.743999
0.304560	-45.422001
0.304640	-44.743999
0.304720	-44.743999
0.304800	-45.422001
0.304880	-44.743999
0.304960	-46.099998
0.305040	-45.422001
0.305120	-44.066002
0.305200	-42.033001
0.305280	-39.999001
0.305360	-39.999001
0.305440	-41.355000
0.305520	-42.033001
0.305600	-42.033001
0.305680	-42.033001
0.305760	-41.355000
0.305840	-39.320999
0.305920	-39.999001
0.306000	-41.355000
0.306080	-42.709999
0.306160	-42.709999
0.306240	-42.033001
0.306320	-42.033001
0.306400	-41.355000
0.306480	-42.033001
0.306560	-42.033001
0.306640	-44.066002
0.306720	-43.388000
0.306800	-42.033001
0.306880	-40.676998
0.306960	-42.033001
0.307040	-42.033001
0.307120	-41.355000
0.307200	-43.388000
0.307280	-44.743999
0.307360	-42.709999
0.307440	-43.388000
0.307520	-44.066002
0.307600	-44.066002
0.307680	-44.066002
0.307760	-42.033001
0.307840	-40.676998
0.307920	-39.999001
0.308000	-40.676998
0.308080	-41.355000
0.308160	-42.033001
0.308240	-42.033001
0.308320	-42.709999
0.308400	-42.709999
0.308480	-42.709999
0.308560	-42.709999
0.308640	-42.709999
0.308720	-42.709999
0.308800	-40.676998
0.308880	-40.676998
0.308960	-42.709999
0.309040	-43.388000
0.309120	-43.388000
0.309200	-44.066002
0.309280	-42.709999
0.309360	-43.388000
0.309440	-42.709999
0.309520	-42.033001
0.309600	-42.033001
0.309680	-42.709999
0.309760	-42.709999
0.309840	-42.033001
0.309920	-43.388000
