-0.020080	-0.014754
-0.020000	-0.002512
-0.019920	0.021973
-0.019840	0.046457
-0.019760	0.070942
-0.019680	0.034215
-0.019600	0.046457
-0.019520	0.046457
-0.019440	0.034215
-0.019360	0.046457
-0.019280	0.034215
-0.019200	0.021973
-0.019120	0.009731
-0.019040	0.021973
-0.018960	-0.002512
-0.018880	-0.002512
-0.018800	-0.014754
-0.018720	-0.026996
-0.018640	-0.014754
-0.018560	-0.039238
-0.018480	-0.026996
-0.018400	-0.039238
-0.018320	-0.051480
-0.018240	-0.051480
-0.018160	-0.063723
-0.018080	-0.088207
-0.018000	-0.051480
-0.017920	-0.039238
-0.017840	-0.051480
-0.017760	-0.014754
-0.017680	0.009731
-0.017600	-0.002512
-0.017520	0.009731
-0.017440	0.034215
-0.017360	0.058699
-0.017280	0.046457
-0.017200	0.046457
-0.017120	0.034215
-0.017040	0.046457
-0.016960	0.070942
-0.016880	0.058699
-0.016800	0.046457
-0.016720	0.058699
-0.016640	0.046457
-0.016560	0.034215
-0.016480	0.046457
-0.016400	0.034215
-0.016320	0.009731
-0.016240	-0.014754
-0.016160	0.009731
-0.016080	0.009731
-0.016000	-0.014754
-0.015920	-0.026996
-0.015840	-0.026996
-0.015760	-0.051480
-0.015680	-0.063723
-0.015600	-0.051480
-0.015520	-0.026996
-0.015440	-0.051480
-0.015360	-0.051480
-0.015280	-0.026996
-0.015200	-0.002512
-0.015120	-0.002512
-0.015040	0.009731
-0.014960	-0.026996
-0.014880	-0.051480
-0.014800	-0.002512
-0.014720	0.021973
-0.014640	0.009731
-0.014560	0.046457
-0.014480	0.009731
-0.014400	0.021973
-0.014320	0.046457
-0.014240	0.058699
-0.014160	0.095426
-0.014080	0.070942
-0.014000	0.070942
-0.013920	0.058699
-0.013840	0.058699
-0.013760	0.034215
-0.013680	0.058699
-0.013600	0.046457
-0.013520	0.021973
-0.013440	0.009731
-0.013360	0.021973
-0.013280	0.009731
-0.013200	-0.002512
-0.013120	-0.002512
-0.013040	-0.002512
-0.012960	0.009731
-0.012880	-0.002512
-0.012800	-0.014754
-0.012720	-0.014754
-0.012640	-0.026996
-0.012560	-0.014754
-0.012480	-0.026996
-0.012400	-0.026996
-0.012320	-0.002512
-0.012240	-0.002512
-0.012160	0.009731
-0.012080	0.009731
-0.012000	0.021973
-0.011920	-0.002512
-0.011840	0.009731
-0.011760	0.021973
-0.011680	0.009731
-0.011600	0.021973
-0.011520	0.021973
-0.011440	0.046457
-0.011360	0.021973
-0.011280	0.009731
-0.011200	0.046457
-0.011120	0.021973
-0.011040	0.034215
-0.010960	0.009731
-0.010880	0.009731
-0.010800	0.009731
-0.010720	0.009731
-0.010640	0.009731
-0.010560	-0.002512
-0.010480	0.021973
-0.010400	-0.002512
-0.010320	0.009731
-0.010240	0.021973
-0.010160	0.034215
-0.010080	-0.002512
-0.010000	0.021973
-0.009920	0.034215
-0.009840	0.034215
-0.009760	0.021973
-0.009680	0.046457
-0.009600	0.058699
-0.009520	0.058699
-0.009440	0.070942
-0.009360	0.046457
-0.009280	0.070942
-0.009200	0.070942
-0.009120	0.070942
-0.009040	0.070942
-0.008960	0.046457
-0.008880	0.058699
-0.008800	0.058699
-0.008720	0.021973
-0.008640	0.046457
-0.008560	0.009731
-0.008480	0.021973
-0.008400	0.034215
-0.008320	0.046457
-0.008240	0.021973
-0.008160	0.021973
-0.008080	-0.014754
-0.008000	0.009731
-0.007920	-0.002512
-0.007840	-0.014754
-0.007760	-0.014754
-0.007680	-0.026996
-0.007600	-0.014754
-0.007520	-0.002512
-0.007440	0.009731
-0.007360	0.009731
-0.007280	0.021973
-0.007200	0.058699
-0.007120	0.046457
-0.007040	0.021973
-0.006960	0.021973
-0.006880	0.046457
-0.006800	0.046457
-0.006720	0.058699
-0.006640	0.046457
-0.006560	0.070942
-0.006480	0.083184
-0.006400	0.095426
-0.006320	0.058699
-0.006240	0.070942
-0.006160	0.095426
-0.006080	0.070942
-0.006000	0.058699
-0.005920	0.034215
-0.005840	0.034215
-0.005760	0.021973
-0.005680	0.021973
-0.005600	0.021973
-0.005520	0.021973
-0.005440	0.021973
-0.005360	0.034215
-0.005280	0.021973
-0.005200	0.021973
-0.005120	0.034215
-0.005040	0.009731
-0.004960	0.021973
-0.004880	0.021973
-0.004800	0.009731
-0.004720	0.034215
-0.004640	0.058699
-0.004560	0.058699
-0.004480	0.095426
-0.004400	0.083184
-0.004320	0.095426
-0.004240	0.107670
-0.004160	0.095426
-0.004080	0.119910
-0.004000	0.119910
-0.003920	0.107670
-0.003840	0.119910
-0.003760	0.107670
-0.003680	0.119910
-0.003600	0.119910
-0.003520	0.119910
-0.003440	0.095426
-0.003360	0.107670
-0.003280	0.095426
-0.003200	0.083184
-0.003120	0.070942
-0.003040	0.058699
-0.002960	0.046457
-0.002880	0.070942
-0.002800	0.058699
-0.002720	0.058699
-0.002640	0.070942
-0.002560	0.058699
-0.002480	0.046457
-0.002400	0.058699
-0.002320	0.070942
-0.002240	0.070942
-0.002160	0.070942
-0.002080	0.083184
-0.002000	0.083184
-0.001920	0.107670
-0.001840	0.119910
-0.001760	0.156640
-0.001680	0.144390
-0.001600	0.168880
-0.001520	0.168880
-0.001440	0.205610
-0.001360	0.181120
-0.001280	0.205610
-0.001200	0.205610
-0.001120	0.217850
-0.001040	0.205610
-0.000960	0.242330
-0.000880	0.217850
-0.000800	0.217850
-0.000720	0.217850
-0.000640	0.193360
-0.000560	0.181120
-0.000480	0.156640
-0.000400	0.156640
-0.000320	0.156640
-0.000240	0.156640
-0.000160	0.144390
-0.000080	0.156640
0.000000	0.144390
0.000080	0.132150
0.000160	0.119910
0.000240	0.119910
0.000320	0.107670
0.000400	0.132150
0.000480	0.144390
0.000560	0.144390
0.000640	0.156640
0.000720	0.144390
0.000800	0.156640
0.000880	0.181120
0.000960	0.193360
0.001040	0.193360
0.001120	0.217850
0.001200	0.217850
0.001280	0.230090
0.001360	0.230090
0.001440	0.242330
0.001520	0.254580
0.001600	0.254580
0.001680	0.279060
0.001760	0.279060
0.001840	0.279060
0.001920	0.291300
0.002000	0.303540
0.002080	0.291300
0.002160	0.315790
0.002240	0.291300
0.002320	0.291300
0.002400	0.303540
0.002480	0.279060
0.002560	0.291300
0.002640	0.266820
0.002720	0.291300
0.002800	0.340270
0.002880	0.352510
0.002960	0.340270
0.003040	0.352510
0.003120	0.352510
0.003200	0.389240
0.003280	0.377000
0.003360	0.413720
0.003440	0.401480
0.003520	0.413720
0.003600	0.438210
0.003680	0.474930
0.003760	0.487180
0.003840	0.499420
0.003920	0.523900
0.004000	0.536140
0.004080	0.560630
0.004160	0.560630
0.004240	0.572870
0.004320	0.585110
0.004400	0.609600
0.004480	0.621840
0.004560	0.646320
0.004640	0.646320
0.004720	0.658570
0.004800	0.658570
0.004880	0.670810
0.004960	0.695290
0.005040	0.695290
0.005120	0.732020
0.005200	0.732020
0.005280	0.732020
0.005360	0.756510
0.005440	0.768750
0.005520	0.768750
0.005600	0.780990
0.005680	0.793230
0.005760	0.829960
0.005840	0.829960
0.005920	0.866680
0.006000	0.866680
0.006080	0.878930
0.006160	0.940140
0.006240	0.952380
0.006320	0.940140
0.006400	0.952380
0.006480	0.964620
0.006560	0.952380
0.006640	0.952380
0.006720	0.976860
0.006800	1.001400
0.006880	1.013600
0.006960	1.025800
0.007040	1.025800
0.007120	1.025800
0.007200	1.038100
0.007280	1.050300
0.007360	1.025800
0.007440	1.013600
0.007520	1.001400
0.007600	1.013600
0.007680	1.013600
0.007760	1.025800
0.007840	1.038100
0.007920	1.013600
0.008000	1.062600
0.008080	1.025800
0.008160	1.038100
0.008240	1.050300
0.008320	1.025800
0.008400	1.074800
0.008480	1.099300
0.008560	1.136000
0.008640	1.172700
0.008720	1.209500
0.008800	1.234000
0.008880	1.270700
0.008960	1.295200
0.009040	1.331900
0.009120	1.319700
0.009200	1.356400
0.009280	1.380900
0.009360	1.417600
0.009440	1.466500
0.009520	1.466500
0.009600	1.442100
0.009680	1.380900
0.009760	1.356400
0.009840	1.331900
0.009920	1.319700
0.010000	1.295200
0.010080	1.295200
0.010160	1.282900
0.010240	1.270700
0.010320	1.234000
0.010400	1.209500
0.010480	1.185000
0.010560	1.172700
0.010640	1.136000
0.010720	1.123800
0.010800	1.099300
0.010880	1.099300
0.010960	1.111500
0.011040	1.136000
0.011120	1.185000
0.011200	1.246200
0.011280	1.319700
0.011360	1.344100
0.011440	1.393100
0.011520	1.417600
0.011600	1.442100
0.011680	1.478800
0.011760	1.515500
0.011840	1.552300
0.011920	1.601200
0.012000	1.662400
0.012080	1.711400
0.012160	1.723600
0.012240	1.735900
0.012320	1.735900
0.012400	1.711400
0.012480	1.735900
0.012560	1.748100
0.012640	1.772600
0.012720	1.784900
0.012800	1.772600
0.012880	1.760400
0.012960	1.735900
0.013040	1.662400
0.013120	1.601200
0.013200	1.540000
0.013280	1.491000
0.013360	1.454300
0.013440	1.417600
0.013520	1.405300
0.013600	1.429800
0.013680	1.442100
0.013760	1.478800
0.013840	1.515500
0.013920	1.515500
0.014000	1.564500
0.014080	1.564500
0.014160	1.589000
0.014240	1.576700
0.014320	1.564500
0.014400	1.576700
0.014480	1.589000
0.014560	1.637900
0.014640	1.674700
0.014720	1.723600
0.014800	1.748100
0.014880	1.748100
0.014960	1.735900
0.015040	1.637900
0.015120	1.540000
0.015200	1.454300
0.015280	1.368600
0.015360	1.319700
0.015440	1.319700
0.015520	1.319700
0.015600	1.344100
0.015680	1.417600
0.015760	1.454300
0.015840	1.515500
0.015920	1.503300
0.016000	1.478800
0.016080	1.478800
0.016160	1.442100
0.016240	1.417600
0.016320	1.368600
0.016400	1.307400
0.016480	1.295200
0.016560	1.331900
0.016640	1.429800
0.016720	1.552300
0.016800	1.674700
0.016880	1.772600
0.016960	1.821600
0.017040	1.784900
0.017120	1.760400
0.017200	1.686900
0.017280	1.650200
0.017360	1.650200
0.017440	1.699100
0.017520	1.772600
0.017600	1.846100
0.017680	1.882800
0.017760	1.944000
0.017840	2.005200
0.017920	2.041900
0.018000	2.029700
0.018080	2.017500
0.018160	2.054200
0.018240	2.029700
0.018320	2.054200
0.018400	2.127600
0.018480	2.127600
0.018560	2.164400
0.018640	2.188800
0.018720	2.213300
0.018800	2.201100
0.018880	2.176600
0.018960	2.139900
0.019040	2.103100
0.019120	2.103100
0.019200	2.152100
0.019280	2.201100
0.019360	2.274500
0.019440	2.348000
0.019520	2.372500
0.019600	2.348000
0.019680	2.274500
0.019760	2.188800
0.019840	2.164400
0.019920	2.225600
0.020000	2.360200
0.020080	2.445900
0.020160	2.421400
0.020240	2.311300
0.020320	2.176600
0.020400	2.139900
0.020480	2.225600
0.020560	2.470400
0.020640	2.825400
0.020720	3.168200
0.020800	3.425300
0.020880	3.560000
0.020960	3.547700
0.021040	3.437600
0.021120	3.278400
0.021200	3.119300
0.021280	3.058000
0.021360	3.045800
0.021440	3.180500
0.021520	3.449800
0.021600	3.817000
0.021680	4.110900
0.021760	4.257800
0.021840	4.257800
0.021920	4.172100
0.022000	3.988500
0.022080	3.792600
0.022160	3.596700
0.022240	3.400800
0.022320	3.192700
0.022400	2.984600
0.022480	2.654100
0.022560	2.213300
0.022640	1.760400
0.022720	1.356400
0.022800	1.074800
0.022880	0.927900
0.022960	0.927900
0.023040	1.001400
0.023120	1.197200
0.023200	1.393100
0.023280	1.601200
0.023360	1.821600
0.023440	2.041900
0.023520	2.299000
0.023600	2.507100
0.023680	2.703000
0.023760	2.849900
0.023840	2.960100
0.023920	3.033600
0.024000	3.045800
0.024080	3.033600
0.024160	2.984600
0.024240	2.923400
0.024320	2.886700
0.024400	2.849900
0.024480	2.788700
0.024560	2.739700
0.024640	2.641800
0.024720	2.580600
0.024800	2.421400
0.024880	2.262300
0.024960	2.090900
0.025040	1.980700
0.025120	1.870500
0.025200	1.833800
0.025280	1.846100
0.025360	1.907300
0.025440	2.066400
0.025520	2.286800
0.025600	2.568400
0.025680	2.813200
0.025760	2.996800
0.025840	3.131500
0.025920	3.192700
0.026000	3.192700
0.026080	3.180500
0.026160	3.156000
0.026240	3.156000
0.026320	3.131500
0.026400	3.033600
0.026480	2.972300
0.026560	2.874400
0.026640	2.837700
0.026720	2.837700
0.026800	2.898900
0.026880	2.996800
0.026960	3.058000
0.027040	3.045800
0.027120	2.862200
0.027200	2.543900
0.027280	2.164400
0.027360	1.907300
0.027440	1.809300
0.027520	1.870500
0.027600	2.103100
0.027680	2.323500
0.027760	2.494900
0.027840	2.592800
0.027920	2.580600
0.028000	2.482700
0.028080	2.348000
0.028160	2.201100
0.028240	2.201100
0.028320	2.335800
0.028400	2.654100
0.028480	3.107000
0.028560	3.694600
0.028640	4.208800
0.028720	4.674000
0.028800	5.004500
0.028880	5.249400
0.028960	5.408500
0.029040	5.531000
0.029120	5.628900
0.029200	5.690100
0.029280	5.788100
0.029360	5.886000
0.029440	5.898200
0.029520	5.800300
0.029600	5.531000
0.029680	5.114700
0.029760	4.600600
0.029840	4.037400
0.029920	3.486500
0.030000	3.009100
0.030080	2.666300
0.030160	2.445900
0.030240	2.372500
0.030320	2.409200
0.030400	2.470400
0.030480	2.531600
0.030560	2.458200
0.030640	2.335800
0.030720	2.066400
0.030800	1.858300
0.030880	1.723600
0.030960	1.686900
0.031040	1.821600
0.031120	2.066400
0.031200	2.397000
0.031280	2.813200
0.031360	3.278400
0.031440	3.694600
0.031520	4.049700
0.031600	4.233300
0.031680	4.331200
0.031760	4.331200
0.031840	4.306700
0.031920	4.270000
0.032000	4.257800
0.032080	4.331200
0.032160	4.502600
0.032240	4.796400
0.032320	5.212700
0.032400	5.641100
0.032480	6.020600
0.032560	6.277700
0.032640	6.363400
0.032720	6.241000
0.032800	5.971700
0.032880	5.592200
0.032960	5.139200
0.033040	4.661800
0.033120	4.245500
0.033200	3.902800
0.033280	3.596700
0.033360	3.315100
0.033440	3.058000
0.033520	2.703000
0.033600	2.299000
0.033680	1.882800
0.033760	1.527800
0.033840	1.209500
0.033920	1.013600
0.034000	0.903410
0.034080	0.854440
0.034160	0.878930
0.034240	0.940140
0.034320	1.074800
0.034400	1.331900
0.034480	1.674700
0.034560	2.127600
0.034640	2.617300
0.034720	3.082500
0.034800	3.498800
0.034880	3.829300
0.034960	4.110900
0.035040	4.331200
0.035120	4.539400
0.035200	4.588300
0.035280	4.637300
0.035360	4.612800
0.035440	4.576100
0.035520	4.514900
0.035600	4.404700
0.035680	4.294500
0.035760	4.135400
0.035840	3.964000
0.035920	3.792600
0.036000	3.584500
0.036080	3.376300
0.036160	3.082500
0.036240	2.752000
0.036320	2.458200
0.036400	2.164400
0.036480	1.956200
0.036560	1.846100
0.036640	1.809300
0.036720	1.784900
0.036800	1.797100
0.036880	1.760400
0.036960	1.735900
0.037040	1.723600
0.037120	1.650200
0.037200	1.613500
0.037280	1.625700
0.037360	1.613500
0.037440	1.674700
0.037520	1.797100
0.037600	1.993000
0.037680	2.262300
0.037760	2.592800
0.037840	2.960100
0.037920	3.315100
0.038000	3.657900
0.038080	3.939500
0.038160	4.208800
0.038240	4.404700
0.038320	4.600600
0.038400	4.710700
0.038480	4.747500
0.038560	4.820900
0.038640	4.943300
0.038720	5.151500
0.038800	5.347300
0.038880	5.579900
0.038960	5.677900
0.039040	5.628900
0.039120	5.457500
0.039200	5.249400
0.039280	5.078000
0.039360	5.102500
0.039440	5.224900
0.039520	5.408500
0.039600	5.518700
0.039680	5.445300
0.039760	5.249400
0.039840	4.980100
0.039920	4.747500
0.040000	4.576100
0.040080	4.576100
0.040160	4.747500
0.040240	4.980100
0.040320	5.175900
0.040400	5.310600
0.040480	5.396300
0.040560	5.469700
0.040640	5.567700
0.040720	5.714600
0.040800	5.947200
0.040880	6.192000
0.040960	6.363400
0.041040	6.375700
0.041120	6.241000
0.041200	6.069600
0.041280	5.935000
0.041360	5.935000
0.041440	6.081900
0.041520	6.277700
0.041600	6.559300
0.041680	6.755200
0.041760	6.853100
0.041840	6.840900
0.041920	6.791900
0.042000	6.730700
0.042080	6.730700
0.042160	6.804200
0.042240	6.902100
0.042320	6.987800
0.042400	7.098000
0.042480	7.171400
0.042560	7.183700
0.042640	7.183700
0.042720	7.244900
0.042800	7.355100
0.042880	7.465200
0.042960	7.624400
0.043040	7.734600
0.043120	7.783500
0.043200	7.820300
0.043280	7.759000
0.043360	7.685600
0.043440	7.587600
0.043520	7.453000
0.043600	7.367300
0.043680	7.244900
0.043760	7.220400
0.043840	7.257100
0.043920	7.465200
0.044000	7.783500
0.044080	8.150800
0.044160	8.518100
0.044240	8.762900
0.044320	8.885300
0.044400	8.873100
0.044480	8.775200
0.044560	8.603800
0.044640	8.407900
0.044720	8.273200
0.044800	8.199800
0.044880	8.175300
0.044960	8.297700
0.045040	8.469100
0.045120	8.640500
0.045200	8.860800
0.045280	8.946500
0.045360	8.922100
0.045440	8.799600
0.045520	8.554800
0.045600	8.297700
0.045680	8.003900
0.045760	7.783500
0.045840	7.587600
0.045920	7.502000
0.046000	7.465200
0.046080	7.489700
0.046160	7.489700
0.046240	7.440800
0.046320	7.330600
0.046400	7.159200
0.046480	6.926600
0.046560	6.632800
0.046640	6.326700
0.046720	6.032900
0.046800	5.788100
0.046880	5.628900
0.046960	5.567700
0.047040	5.604400
0.047120	5.641100
0.047200	5.616700
0.047280	5.457500
0.047360	5.200400
0.047440	4.833200
0.047520	4.465900
0.047600	4.110900
0.047680	3.817000
0.047760	3.572200
0.047840	3.339600
0.047920	3.131500
0.048000	2.984600
0.048080	2.874400
0.048160	2.837700
0.048240	2.813200
0.048320	2.764200
0.048400	2.543900
0.048480	2.299000
0.048560	1.968500
0.048640	1.674700
0.048720	1.368600
0.048800	1.123800
0.048880	0.989110
0.048960	0.976860
0.049040	1.062600
0.049120	1.148200
0.049200	1.136000
0.049280	1.074800
0.049360	0.976860
0.049440	0.878930
0.049520	0.854440
0.049600	0.842200
0.049680	0.829960
0.049760	0.768750
0.049840	0.585110
0.049920	0.315790
0.050000	0.070942
0.050080	-0.124930
0.050160	-0.271840
0.050240	-0.247360
0.050320	-0.149420
0.050400	-0.075965
0.050480	-0.161660
0.050560	-0.382020
0.050640	-0.590140
0.050720	-0.798260
0.050800	-0.883950
0.050880	-0.871710
0.050960	-0.749290
0.051040	-0.663590
0.051120	-0.590140
0.051200	-0.614620
0.051280	-0.786010
0.051360	-1.190000
0.051440	-1.594000
0.051520	-1.973500
0.051600	-2.193900
0.051680	-2.193900
0.051760	-2.022500
0.051840	-1.802100
0.051920	-1.471600
0.052000	-1.104300
0.052080	-0.651350
0.052160	-0.075965
0.052240	0.548390
0.052320	1.197200
0.052400	1.723600
0.052480	2.041900
0.052560	2.103100
0.052640	2.078700
0.052720	2.029700
0.052800	2.005200
0.052880	2.005200
0.052960	2.066400
0.053040	2.274500
0.053120	2.629600
0.053200	3.156000
0.053280	3.719100
0.053360	4.245500
0.053440	4.576100
0.053520	4.747500
0.053600	4.723000
0.053680	4.453600
0.053760	3.988500
0.053840	3.400800
0.053920	2.960100
0.054000	2.801000
0.054080	3.009100
0.054160	3.425300
0.054240	3.792600
0.054320	3.927200
0.054400	3.817000
0.054480	3.547700
0.054560	3.339600
0.054640	3.253900
0.054720	3.290600
0.054800	3.498800
0.054880	3.841500
0.054960	4.233300
0.055040	4.576100
0.055120	4.759700
0.055200	4.808700
0.055280	4.771900
0.055360	4.771900
0.055440	4.857600
0.055520	5.004500
0.055600	5.212700
0.055680	5.482000
0.055760	5.775800
0.055840	6.167600
0.055920	6.571500
0.056000	6.987800
0.056080	7.367300
0.056160	7.612100
0.056240	7.612100
0.056320	7.416300
0.056400	7.000000
0.056480	6.522600
0.056560	6.020600
0.056640	5.579900
0.056720	5.114700
0.056800	4.625000
0.056880	4.221000
0.056960	3.915000
0.057040	3.694600
0.057120	3.511000
0.057200	3.327400
0.057280	3.131500
0.057360	2.960100
0.057440	2.752000
0.057520	2.421400
0.057600	2.029700
0.057680	1.674700
0.057760	1.478800
0.057840	1.478800
0.057920	1.650200
0.058000	1.907300
0.058080	2.188800
0.058160	2.409200
0.058240	2.605100
0.058320	2.666300
0.058400	2.641800
0.058480	2.531600
0.058560	2.482700
0.058640	2.494900
0.058720	2.617300
0.058800	2.788700
0.058880	2.972300
0.058960	3.119300
0.059040	3.204900
0.059120	3.339600
0.059200	3.351900
0.059280	3.498800
0.059360	3.951700
0.059440	4.882100
0.059520	6.094100
0.059600	7.061200
0.059680	7.122400
0.059760	5.996200
0.059840	4.086400
0.059920	2.090900
0.060000	0.548390
0.060080	-0.247360
0.060160	-0.541170
0.060240	-0.663590
0.060320	-0.994130
0.060400	-1.667400
0.060480	-2.708000
0.060560	-3.993500
0.060640	-5.266700
0.060720	-6.429700
0.060800	-7.237600
0.060880	-7.556000
0.060960	-7.360100
0.061040	-6.748000
0.061120	-5.780800
0.061200	-4.642300
0.061280	-3.528300
0.061360	-2.475400
0.061440	-1.606200
0.061520	-0.908430
0.061600	-0.333050
0.061680	0.168880
0.061760	0.695290
0.061840	1.246200
0.061920	1.882800
0.062000	2.543900
0.062080	3.278400
0.062160	3.927200
0.062240	4.576100
0.062320	5.090200
0.062400	5.445300
0.062480	5.579900
0.062560	5.469700
0.062640	5.102500
0.062720	4.600600
0.062800	4.037400
0.062880	3.474300
0.062960	2.898900
0.063040	2.348000
0.063120	1.760400
0.063200	1.123800
0.063280	0.364750
0.063360	-0.333050
0.063440	-0.590140
0.063520	-0.137180
0.063600	0.646320
0.063680	1.136000
0.063760	0.976860
0.063840	0.303540
0.063920	-0.345290
0.064000	-0.516680
0.064080	-0.063723
0.064160	1.246200
0.064240	3.780300
0.064320	7.563200
0.064400	11.224000
0.064480	12.876000
0.064560	11.677000
0.064640	8.444600
0.064720	5.127000
0.064800	3.511000
0.064880	3.804800
0.064960	4.784200
0.065040	5.114700
0.065120	4.294500
0.065200	2.776500
0.065280	1.270700
0.065360	0.181120
0.065440	-0.614620
0.065520	-1.471600
0.065600	-2.646800
0.065680	-4.115900
0.065760	-5.560500
0.065840	-6.699000
0.065920	-7.323300
0.066000	-7.188700
0.066080	-6.074600
0.066160	-3.687400
0.066240	-0.443230
0.066320	2.764200
0.066400	5.016800
0.066480	6.032900
0.066560	6.118600
0.066640	5.898200
0.066720	5.898200
0.066800	6.473600
0.066880	7.514200
0.066960	8.799600
0.067040	9.779000
0.067120	10.208000
0.067200	9.999400
0.067280	9.313800
0.067360	8.420100
0.067440	7.550900
0.067520	6.914300
0.067600	6.718500
0.067680	7.416300
0.067760	8.836400
0.067840	10.220000
0.067920	10.526000
0.068000	9.301600
0.068080	7.024500
0.068160	4.465900
0.068240	2.250100
0.068320	0.634080
0.068400	-0.492200
0.068480	-1.349100
0.068560	-2.059200
0.068640	-2.610100
0.068720	-2.818200
0.068800	-2.769200
0.068880	-2.548900
0.068960	-2.402000
0.069040	-2.475400
0.069120	-2.793700
0.069200	-3.283400
0.069280	-3.773100
0.069360	-4.103700
0.069440	-4.189300
0.069520	-4.042400
0.069600	-3.638400
0.069680	-2.916200
0.069760	-1.814400
0.069840	-0.320810
0.069920	1.442100
0.070000	3.560000
0.070080	6.179800
0.070160	8.824100
0.070240	10.636000
0.070320	11.199000
0.070400	10.538000
0.070480	9.326000
0.070560	8.248700
0.070640	7.550900
0.070720	7.208100
0.070800	6.804200
0.070880	6.020600
0.070960	4.747500
0.071040	3.131500
0.071120	1.344100
0.071200	-0.320810
0.071280	-1.716400
0.071360	-2.769200
0.071440	-3.430300
0.071520	-3.748600
0.071600	-3.797600
0.071680	-3.662900
0.071760	-3.516000
0.071840	-3.430300
0.071920	-3.369100
0.072000	-3.271200
0.072080	-3.050800
0.072160	-2.646800
0.072240	-2.059200
0.072320	-1.263500
0.072400	-0.026996
0.072480	1.466500
0.072560	2.519400
0.072640	2.874400
0.072720	2.764200
0.072800	3.045800
0.072880	4.294500
0.072960	6.387900
0.073040	8.628200
0.073120	10.208000
0.073200	10.428000
0.073280	9.264800
0.073360	7.367300
0.073440	5.886000
0.073520	5.714600
0.073600	7.110200
0.073680	9.350500
0.073760	11.554000
0.073840	13.366000
0.073920	15.264000
0.074000	17.443001
0.074080	19.070999
0.074160	18.924000
0.074240	16.414000
0.074320	11.309000
0.074400	3.792600
0.074480	-4.311800
0.074560	-9.930900
0.074640	-10.910000
0.074720	-7.225400
0.074800	-1.177800
0.074880	4.490400
0.074960	8.677200
0.075040	11.652000
0.075120	13.990000
0.075200	15.227000
0.075280	13.709000
0.075360	8.836400
0.075440	2.384700
0.075520	-2.891700
0.075600	-5.670700
0.075680	-6.968300
0.075760	-8.400700
0.075840	-10.102000
0.075920	-11.008000
0.076000	-10.041000
0.076080	-7.409000
0.076160	-4.801400
0.076240	-3.846600
0.076320	-5.058500
0.076400	-7.507000
0.076480	-9.833000
0.076560	-10.996000
0.076640	-10.972000
0.076720	-10.310000
0.076800	-9.759600
0.076880	-9.441200
0.076960	-8.841400
0.077040	-7.494700
0.077120	-5.303400
0.077200	-2.536600
0.077280	0.083184
0.077360	1.797100
0.077440	2.335800
0.077520	1.956200
0.077600	1.270700
0.077680	0.364750
0.077760	-0.737040
0.077840	-1.740900
0.077920	-1.887800
0.078000	-0.675830
0.078080	1.711400
0.078160	4.698500
0.078240	7.000000
0.078320	7.049000
0.078400	3.572200
0.078480	-0.467710
0.078560	0.829960
0.078640	5.983900
0.078720	5.849300
0.078800	-4.213800
0.078880	-18.855000
0.078960	-28.808001
0.079040	-29.812000
0.079120	-25.540001
0.079200	-21.781000
0.079280	-18.646999
0.079360	-10.739000
0.079440	5.494200
0.079520	24.849001
0.079600	36.723999
0.079680	34.643002
0.079760	21.261999
0.079840	5.004500
0.079920	-7.347800
0.080000	-14.681000
0.080080	-17.913000
0.080160	-16.407000
0.080240	-9.074000
0.080320	2.445900
0.080400	13.464000
0.080480	19.193001
0.080560	18.532000
0.080640	14.027000
0.080720	8.995500
0.080800	4.490400
0.080880	-0.418750
0.080960	-6.246000
0.081040	-12.147000
0.081120	-16.358000
0.081200	-17.166000
0.081280	-13.983000
0.081360	-7.629400
0.081440	0.242330
0.081520	7.624400
0.081600	12.938000
0.081680	16.047001
0.081760	18.385000
0.081840	20.563999
0.081920	21.653999
0.082000	20.797001
0.082080	18.188999
0.082160	15.717000
0.082240	16.341000
0.082320	21.923000
0.082400	30.909000
0.082480	39.319000
0.082560	44.069000
0.082640	44.167000
0.082720	40.470001
0.082800	34.680000
0.082880	28.962000
0.082960	24.653000
0.083040	22.046000
0.083120	20.025999
0.083200	17.357000
0.083280	13.684000
0.083360	9.203600
0.083440	3.608900
0.083520	-3.626200
0.083600	-12.257000
0.083680	-21.096001
0.083760	-29.150999
0.083840	-35.713001
0.083920	-40.304001
0.084000	-42.653999
0.084080	-42.618000
0.084160	-40.168999
0.084240	-35.896999
0.084320	-30.681000
0.084400	-25.514999
0.084480	-21.475000
0.084560	-18.794001
0.084640	-16.676001
0.084720	-14.044000
0.084800	-10.176000
0.084880	-5.095300
0.084960	0.927900
0.085040	7.404000
0.085120	13.782000
0.085200	19.597000
0.085280	24.629000
0.085360	28.877001
0.085440	32.181999
0.085520	34.178001
0.085600	34.348999
0.085680	32.709000
0.085760	30.089001
0.085840	27.763000
0.085920	26.612000
0.086000	26.427999
0.086080	26.011999
0.086160	24.066000
0.086240	19.989000
0.086320	14.064000
0.086400	7.134700
0.086480	0.205610
0.086560	-6.209300
0.086640	-12.159000
0.086720	-17.607000
0.086800	-22.063000
0.086880	-25.319000
0.086960	-27.315001
0.087040	-28.576000
0.087120	-29.665001
0.087200	-30.926001
0.087280	-31.941999
0.087360	-31.930000
0.087440	-30.521999
0.087520	-27.694000
0.087600	-23.691000
0.087680	-18.819000
0.087760	-13.347000
0.087840	-7.470300
0.087920	-1.643000
0.088000	3.584500
0.088080	7.808000
0.088160	10.820000
0.088240	12.595000
0.088320	13.623000
0.088400	14.676000
0.088480	16.292000
0.088560	18.447001
0.088640	20.613001
0.088720	22.375999
0.088800	23.368000
0.088880	23.747000
0.088960	23.674000
0.089040	23.233000
0.089120	22.364000
0.089200	20.895000
0.089280	18.471001
0.089360	15.092000
0.089440	11.554000
0.089520	8.616000
0.089600	6.314500
0.089680	4.061900
0.089760	1.540000
0.089840	-1.275700
0.089920	-4.360700
0.090000	-7.923200
0.090080	-12.061000
0.090160	-16.211000
0.090240	-19.271999
0.090320	-20.533001
0.090400	-20.398001
0.090480	-19.957001
0.090560	-19.858999
0.090640	-19.921000
0.090720	-19.627001
0.090800	-18.537001
0.090880	-16.738001
0.090960	-14.742000
0.091040	-13.163000
0.091120	-11.902000
0.091200	-10.555000
0.091280	-8.694500
0.091360	-6.111400
0.091440	-3.075300
0.091520	0.009731
0.091600	3.033600
0.091680	5.665600
0.091760	7.685600
0.091840	9.093400
0.091920	9.974900
0.092000	10.501000
0.092080	10.881000
0.092160	11.187000
0.092240	11.334000
0.092320	11.175000
0.092400	10.709000
0.092480	10.012000
0.092560	9.228100
0.092640	8.175300
0.092720	6.632800
0.092800	4.429200
0.092880	1.760400
0.092960	-0.908430
0.093040	-3.369100
0.093120	-5.474800
0.093200	-7.323300
0.093280	-8.963800
0.093360	-10.384000
0.093440	-11.608000
0.093520	-12.637000
0.093600	-13.604000
0.093680	-14.497000
0.093760	-15.158000
0.093840	-15.464000
0.093920	-15.256000
0.094000	-14.546000
0.094080	-13.371000
0.094160	-11.902000
0.094240	-10.188000
0.094320	-8.253700
0.094400	-6.148100
0.094480	-4.128100
0.094560	-2.206100
0.094640	-0.235110
0.094720	1.833800
0.094800	4.012900
0.094880	6.057400
0.094960	7.795800
0.095040	9.228100
0.095120	10.391000
0.095200	11.309000
0.095280	11.897000
0.095360	12.080000
0.095440	11.750000
0.095520	10.979000
0.095600	9.876900
0.095680	8.652700
0.095760	7.391800
0.095840	6.155300
0.095920	4.845400
0.096000	3.474300
0.096080	1.919500
0.096160	0.340270
0.096240	-1.287900
0.096320	-2.916200
0.096400	-4.409700
0.096480	-5.682900
0.096560	-6.686700
0.096640	-7.396800
0.096720	-7.911000
0.096800	-8.143600
0.096880	-8.082400
0.096960	-7.751800
0.097040	-7.213200
0.097120	-6.650000
0.097200	-6.001200
0.097280	-5.291100
0.097360	-4.434200
0.097440	-3.540500
0.097520	-2.671300
0.097600	-1.936800
0.097680	-1.202300
0.097760	-0.382020
0.097840	0.548390
0.097920	1.527800
0.098000	2.384700
0.098080	3.045800
0.098160	3.437600
0.098240	3.645700
0.098320	3.743600
0.098400	3.743600
0.098480	3.572200
0.098560	3.278400
0.098640	2.862200
0.098720	2.421400
0.098800	2.029700
0.098880	1.674700
0.098960	1.356400
0.099040	1.001400
0.099120	0.560630
0.099200	0.168880
0.099280	-0.173900
0.099360	-0.467710
0.099440	-0.675830
0.099520	-0.798260
0.099600	-0.859470
0.099680	-0.798260
0.099760	-0.712560
0.099840	-0.688080
0.099920	-0.688080
0.100000	-0.724800
0.100080	-0.737040
0.100160	-0.724800
0.100240	-0.700320
0.100320	-0.663590
0.100400	-0.602380
0.100480	-0.479960
0.100560	-0.284080
0.100640	-0.063723
0.100720	0.217850
0.100800	0.634080
0.100880	1.001400
0.100960	1.331900
0.101040	1.564500
0.101120	1.662400
0.101200	1.772600
0.101280	1.882800
0.101360	2.029700
0.101440	2.152100
0.101520	2.250100
0.101600	2.372500
0.101680	2.592800
0.101760	2.776500
0.101840	2.776500
0.101920	2.617300
0.102000	2.348000
0.102080	1.993000
0.102160	1.662400
0.102240	1.295200
0.102320	1.013600
0.102400	0.866680
0.102480	0.780990
0.102560	0.732020
0.102640	0.658570
0.102720	0.536140
0.102800	0.377000
0.102880	0.291300
0.102960	0.266820
0.103040	0.315790
0.103120	0.438210
0.103200	0.572870
0.103280	0.683050
0.103360	0.744260
0.103440	0.817720
0.103520	0.878930
0.103600	0.927900
0.103680	0.989110
0.103760	1.038100
0.103840	1.099300
0.103920	1.111500
0.104000	1.062600
0.104080	0.964620
0.104160	0.829960
0.104240	0.646320
0.104320	0.425970
0.104400	0.168880
0.104480	-0.100450
0.104560	-0.394260
0.104640	-0.737040
0.104720	-1.079800
0.104800	-1.398100
0.104880	-1.679700
0.104960	-1.973500
0.105040	-2.193900
0.105120	-2.389700
0.105200	-2.524400
0.105280	-2.573400
0.105360	-2.585600
0.105440	-2.475400
0.105520	-2.340800
0.105600	-2.157100
0.105680	-1.985700
0.105760	-1.961300
0.105840	-1.998000
0.105920	-2.059200
0.106000	-2.034700
0.106080	-1.998000
0.106160	-1.936800
0.106240	-1.826600
0.106320	-1.618500
0.106400	-1.361400
0.106480	-1.018600
0.106560	-0.761530
0.106640	-0.614620
0.106720	-0.590140
0.106800	-0.553410
0.106880	-0.553410
0.106960	-0.504440
0.107040	-0.492200
0.107120	-0.479960
0.107200	-0.541170
0.107280	-0.614620
0.107360	-0.675830
0.107440	-0.737040
0.107520	-0.822740
0.107600	-0.896190
0.107680	-1.006400
0.107760	-1.128800
0.107840	-1.263500
0.107920	-1.385900
0.108000	-1.471600
0.108080	-1.532800
0.108160	-1.569500
0.108240	-1.606200
0.108320	-1.655200
0.108400	-1.740900
0.108480	-1.814400
0.108560	-1.936800
0.108640	-2.095900
0.108720	-2.267300
0.108800	-2.377500
0.108880	-2.402000
0.108960	-2.402000
0.109040	-2.377500
0.109120	-2.365300
0.109200	-2.304000
0.109280	-2.255100
0.109360	-2.157100
0.109440	-2.034700
0.109520	-1.900100
0.109600	-1.765400
0.109680	-1.655200
0.109760	-1.532800
0.109840	-1.300200
0.109920	-1.006400
0.110000	-0.712560
0.110080	-0.418750
0.110160	-0.296320
0.110240	-0.247360
0.110320	-0.198390
0.110400	0.009731
0.110480	0.377000
0.110560	0.609600
0.110640	0.695290
0.110720	0.462690
0.110800	-0.014754
0.110880	-0.516680
0.110960	-0.945160
0.111040	-1.141000
0.111120	-1.153300
0.111200	-0.945160
0.111280	-0.626860
0.111360	-0.271840
0.111440	-0.002512
0.111520	0.095426
0.111600	-0.051480
0.111680	-0.382020
0.111760	-0.822740
0.111840	-1.226700
0.111920	-1.447100
0.112000	-1.434800
0.112080	-1.116500
0.112160	-0.626860
0.112240	-0.026996
0.112320	0.658570
0.112400	1.295200
0.112480	1.723600
0.112560	1.919500
0.112640	1.809300
0.112720	1.564500
0.112800	1.344100
0.112880	1.258400
0.112960	1.319700
0.113040	1.442100
0.113120	1.564500
0.113200	1.686900
0.113280	1.784900
0.113360	1.858300
0.113440	1.858300
0.113520	1.723600
0.113600	1.491000
0.113680	1.172700
0.113760	0.940140
0.113840	0.768750
0.113920	0.695290
0.114000	0.707540
0.114080	0.793230
0.114160	0.891170
0.114240	0.964620
0.114320	1.013600
0.114400	1.087000
0.114480	1.136000
0.114560	1.172700
0.114640	1.221700
0.114720	1.282900
0.114800	1.429800
0.114880	1.613500
0.114960	1.870500
0.115040	2.115400
0.115120	2.372500
0.115200	2.531600
0.115280	2.568400
0.115360	2.543900
0.115440	2.494900
0.115520	2.409200
0.115600	2.384700
0.115680	2.372500
0.115760	2.421400
0.115840	2.531600
0.115920	2.641800
0.116000	2.739700
0.116080	2.752000
0.116160	2.690800
0.116240	2.580600
0.116320	2.409200
0.116400	2.225600
0.116480	2.066400
0.116560	1.944000
0.116640	1.956200
0.116720	2.017500
0.116800	2.176600
0.116880	2.274500
0.116960	2.250100
0.117040	2.115400
0.117120	1.882800
0.117200	1.601200
0.117280	1.356400
0.117360	1.123800
0.117440	0.976860
0.117520	0.915650
0.117600	0.952380
0.117680	1.087000
0.117760	1.234000
0.117840	1.344100
0.117920	1.356400
0.118000	1.356400
0.118080	1.295200
0.118160	1.307400
0.118240	1.393100
0.118320	1.564500
0.118400	1.833800
0.118480	1.980700
0.118560	2.115400
0.118640	2.201100
0.118720	2.225600
0.118800	2.164400
0.118880	2.041900
0.118960	1.870500
0.119040	1.662400
0.119120	1.478800
0.119200	1.344100
0.119280	1.295200
0.119360	1.331900
0.119440	1.405300
0.119520	1.466500
0.119600	1.564500
0.119680	1.662400
0.119760	1.711400
0.119840	1.735900
0.119920	1.784900
0.120000	1.858300
0.120080	2.005200
0.120160	2.213300
0.120240	2.458200
0.120320	2.727500
0.120400	2.996800
0.120480	3.229400
0.120560	3.388600
0.120640	3.449800
0.120720	3.449800
0.120800	3.400800
0.120880	3.327400
0.120960	3.180500
0.121040	3.058000
0.121120	2.935600
0.121200	2.849900
0.121280	2.801000
0.121360	2.776500
0.121440	2.727500
0.121520	2.666300
0.121600	2.592800
0.121680	2.445900
0.121760	2.262300
0.121840	2.078700
0.121920	1.907300
0.122000	1.748100
0.122080	1.625700
0.122160	1.503300
0.122240	1.344100
0.122320	1.246200
0.122400	1.123800
0.122480	1.025800
0.122560	0.952380
0.122640	0.878930
0.122720	0.829960
0.122800	0.793230
0.122880	0.756510
0.122960	0.756510
0.123040	0.732020
0.123120	0.732020
0.123200	0.780990
0.123280	0.854440
0.123360	0.976860
0.123440	1.136000
0.123520	1.368600
0.123600	1.527800
0.123680	1.735900
0.123760	1.882800
0.123840	2.017500
0.123920	2.152100
0.124000	2.299000
0.124080	2.421400
0.124160	2.507100
0.124240	2.519400
0.124320	2.482700
0.124400	2.397000
0.124480	2.299000
0.124560	2.164400
0.124640	2.029700
0.124720	1.846100
0.124800	1.613500
0.124880	1.393100
0.124960	1.185000
0.125040	0.940140
0.125120	0.707540
0.125200	0.487180
0.125280	0.193360
0.125360	-0.014754
0.125440	-0.235110
0.125520	-0.430990
0.125600	-0.553410
0.125680	-0.663590
0.125760	-0.749290
0.125840	-0.786010
0.125920	-0.773770
0.126000	-0.737040
0.126080	-0.688080
0.126160	-0.626860
0.126240	-0.614620
0.126320	-0.590140
0.126400	-0.553410
0.126480	-0.467710
0.126560	-0.296320
0.126640	-0.088207
0.126720	0.156640
0.126800	0.377000
0.126880	0.585110
0.126960	0.707540
0.127040	0.805470
0.127120	0.866680
0.127200	0.915650
0.127280	0.964620
0.127360	0.976860
0.127440	0.976860
0.127520	0.915650
0.127600	0.793230
0.127680	0.646320
0.127760	0.487180
0.127840	0.364750
0.127920	0.266820
0.128000	0.168880
0.128080	0.021973
0.128160	-0.124930
0.128240	-0.284080
0.128320	-0.455470
0.128400	-0.590140
0.128480	-0.737040
0.128560	-0.847220
0.128640	-0.883950
0.128720	-0.920680
0.128800	-0.883950
0.128880	-0.834980
0.128960	-0.786010
0.129040	-0.663590
0.129120	-0.553410
0.129200	-0.467710
0.129280	-0.394260
0.129360	-0.296320
0.129440	-0.149420
0.129520	-0.063723
0.129600	0.107670
0.129680	0.217850
0.129760	0.425970
0.129840	0.695290
0.129920	0.952380
0.130000	1.148200
0.130080	1.282900
0.130160	1.344100
0.130240	1.380900
0.130320	1.368600
0.130400	1.258400
0.130480	1.197200
0.130560	1.172700
0.130640	1.172700
0.130720	1.246200
0.130800	1.331900
0.130880	1.405300
0.130960	1.442100
0.131040	1.417600
0.131120	1.368600
0.131200	1.295200
0.131280	1.221700
0.131360	1.172700
0.131440	1.050300
0.131520	0.976860
0.131600	0.866680
0.131680	0.756510
0.131760	0.609600
0.131840	0.377000
0.131920	0.168880
0.132000	0.095426
0.132080	0.083184
0.132160	0.181120
0.132240	0.266820
0.132320	0.364750
0.132400	0.511660
0.132480	0.634080
0.132560	0.805470
0.132640	0.940140
0.132720	1.001400
0.132800	1.013600
0.132880	0.940140
0.132960	0.817720
0.133040	0.707540
0.133120	0.609600
0.133200	0.609600
0.133280	0.695290
0.133360	0.817720
0.133440	0.989110
0.133520	1.172700
0.133600	1.246200
0.133680	1.258400
0.133760	1.185000
0.133840	1.087000
0.133920	0.952380
0.134000	0.866680
0.134080	0.793230
0.134160	0.780990
0.134240	0.793230
0.134320	0.854440
0.134400	0.903410
0.134480	0.927900
0.134560	0.891170
0.134640	0.854440
0.134720	0.744260
0.134800	0.683050
0.134880	0.548390
0.134960	0.511660
0.135040	0.536140
0.135120	0.560630
0.135200	0.585110
0.135280	0.646320
0.135360	0.634080
0.135440	0.609600
0.135520	0.536140
0.135600	0.511660
0.135680	0.536140
0.135760	0.634080
0.135840	0.744260
0.135920	0.854440
0.136000	0.964620
0.136080	1.025800
0.136160	1.087000
0.136240	1.074800
0.136320	1.025800
0.136400	0.964620
0.136480	0.915650
0.136560	0.891170
0.136640	0.878930
0.136720	0.878930
0.136800	0.829960
0.136880	0.793230
0.136960	0.719780
0.137040	0.585110
0.137120	0.462690
0.137200	0.340270
0.137280	0.205610
0.137360	0.046457
0.137440	-0.112690
0.137520	-0.296320
0.137600	-0.418750
0.137680	-0.528930
0.137760	-0.639110
0.137840	-0.749290
0.137920	-0.847220
0.138000	-0.981890
0.138080	-1.104300
0.138160	-1.165500
0.138240	-1.177800
0.138320	-1.190000
0.138400	-1.202300
0.138480	-1.190000
0.138560	-1.251200
0.138640	-1.251200
0.138720	-1.202300
0.138800	-1.153300
0.138880	-1.079800
0.138960	-1.030900
0.139040	-1.006400
0.139120	-0.981890
0.139200	-0.969650
0.139280	-0.969650
0.139360	-0.945160
0.139440	-0.932920
0.139520	-0.908430
0.139600	-0.859470
0.139680	-0.810500
0.139760	-0.773770
0.139840	-0.749290
0.139920	-0.712560
0.140000	-0.749290
0.140080	-0.773770
0.140160	-0.883950
0.140240	-0.969650
0.140320	-1.055300
0.140400	-1.079800
0.140480	-1.079800
0.140560	-1.018600
0.140640	-0.981890
0.140720	-0.883950
0.140800	-0.834980
0.140880	-0.932920
0.140960	-1.128800
0.141040	-1.459300
0.141120	-1.814400
0.141200	-2.095900
0.141280	-2.218300
0.141360	-2.193900
0.141440	-1.961300
0.141520	-1.643000
0.141600	-1.349100
0.141680	-1.079800
0.141760	-0.932920
0.141840	-0.822740
0.141920	-0.724800
0.142000	-0.602380
0.142080	-0.516680
0.142160	-0.467710
0.142240	-0.418750
0.142320	-0.382020
0.142400	-0.271840
0.142480	-0.100450
0.142560	0.070942
0.142640	0.193360
0.142720	0.303540
0.142800	0.377000
0.142880	0.413720
0.142960	0.413720
0.143040	0.389240
0.143120	0.340270
0.143200	0.230090
0.143280	0.156640
0.143360	0.095426
0.143440	0.070942
0.143520	-0.014754
0.143600	-0.149420
0.143680	-0.271840
0.143760	-0.467710
0.143840	-0.651350
0.143920	-0.859470
0.144000	-1.030900
0.144080	-1.128800
0.144160	-1.177800
0.144240	-1.177800
0.144320	-1.190000
0.144400	-1.251200
0.144480	-1.312400
0.144560	-1.349100
0.144640	-1.471600
0.144720	-1.545000
0.144800	-1.569500
0.144880	-1.508300
0.144960	-1.275700
0.145040	-0.932920
0.145120	-0.651350
0.145200	-0.430990
0.145280	-0.284080
0.145360	-0.271840
0.145440	-0.284080
0.145520	-0.284080
0.145600	-0.284080
0.145680	-0.271840
0.145760	-0.247360
0.145840	-0.173900
0.145920	-0.026996
0.146000	0.119910
0.146080	0.315790
0.146160	0.438210
0.146240	0.462690
0.146320	0.389240
0.146400	0.242330
0.146480	0.046457
0.146560	-0.186140
0.146640	-0.394260
0.146720	-0.602380
0.146800	-0.688080
0.146880	-0.724800
0.146960	-0.675830
0.147040	-0.590140
0.147120	-0.541170
0.147200	-0.528930
0.147280	-0.577890
0.147360	-0.810500
0.147440	-1.177800
0.147520	-1.643000
0.147600	-2.083700
0.147680	-2.389700
0.147760	-2.573400
0.147840	-2.561100
0.147920	-2.389700
0.148000	-2.083700
0.148080	-1.814400
0.148160	-1.594000
0.148240	-1.471600
0.148320	-1.447100
0.148400	-1.496100
0.148480	-1.508300
0.148560	-1.483800
0.148640	-1.373600
0.148720	-1.202300
0.148800	-0.994130
0.148880	-0.724800
0.148960	-0.443230
0.149040	-0.235110
0.149120	-0.075965
0.149200	0.021973
0.149280	0.058699
0.149360	-0.002512
0.149440	-0.051480
0.149520	-0.075965
0.149600	-0.075965
0.149680	-0.039238
0.149760	-0.063723
0.149840	-0.088207
0.149920	-0.161660
0.150000	-0.271840
0.150080	-0.430990
0.150160	-0.565650
0.150240	-0.712560
0.150320	-0.798260
0.150400	-0.859470
0.150480	-0.871710
0.150560	-0.810500
0.150640	-0.761530
0.150720	-0.688080
0.150800	-0.651350
0.150880	-0.614620
0.150960	-0.639110
0.151040	-0.675830
0.151120	-0.712560
0.151200	-0.737040
0.151280	-0.749290
0.151360	-0.688080
0.151440	-0.577890
0.151520	-0.357540
0.151600	-0.100450
0.151680	0.181120
0.151760	0.413720
0.151840	0.560630
0.151920	0.597360
0.152000	0.560630
0.152080	0.450450
0.152160	0.377000
0.152240	0.315790
0.152320	0.340270
0.152400	0.377000
0.152480	0.536140
0.152560	0.646320
0.152640	0.732020
0.152720	0.744260
0.152800	0.695290
0.152880	0.523900
0.152960	0.315790
0.153040	0.021973
0.153120	-0.186140
0.153200	-0.345290
0.153280	-0.394260
0.153360	-0.443230
0.153440	-0.455470
0.153520	-0.443230
0.153600	-0.418750
0.153680	-0.430990
0.153760	-0.479960
0.153840	-0.553410
0.153920	-0.590140
0.154000	-0.602380
0.154080	-0.516680
0.154160	-0.357540
0.154240	-0.149420
0.154320	0.083184
0.154400	0.303540
0.154480	0.474930
0.154560	0.560630
0.154640	0.646320
0.154720	0.707540
0.154800	0.744260
0.154880	0.768750
0.154960	0.768750
0.155040	0.805470
0.155120	0.829960
0.155200	0.805470
0.155280	0.793230
0.155360	0.707540
0.155440	0.585110
0.155520	0.450450
0.155600	0.291300
0.155680	0.168880
0.155760	0.021973
0.155840	-0.100450
0.155920	-0.198390
0.156000	-0.333050
0.156080	-0.467710
0.156160	-0.590140
0.156240	-0.724800
0.156320	-0.859470
0.156400	-0.981890
0.156480	-1.153300
0.156560	-1.275700
0.156640	-1.422600
0.156720	-1.459300
0.156800	-1.434800
0.156880	-1.349100
0.156960	-1.239000
0.157040	-1.153300
0.157120	-1.006400
0.157200	-0.883950
0.157280	-0.798260
0.157360	-0.688080
0.157440	-0.639110
0.157520	-0.614620
0.157600	-0.577890
0.157680	-0.455470
0.157760	-0.271840
0.157840	-0.075965
0.157920	0.119910
0.158000	0.315790
0.158080	0.474930
0.158160	0.634080
0.158240	0.695290
0.158320	0.744260
0.158400	0.744260
0.158480	0.683050
0.158560	0.621840
0.158640	0.572870
0.158720	0.560630
0.158800	0.585110
0.158880	0.572870
0.158960	0.548390
0.159040	0.462690
0.159120	0.315790
0.159200	0.119910
0.159280	-0.063723
0.159360	-0.271840
0.159440	-0.467710
0.159520	-0.626860
0.159600	-0.737040
0.159680	-0.810500
0.159760	-0.810500
0.159840	-0.786010
0.159920	-0.749290
0.160000	-0.737040
0.160080	-0.712560
0.160160	-0.761530
0.160240	-0.761530
0.160320	-0.737040
0.160400	-0.712560
0.160480	-0.651350
0.160560	-0.577890
0.160640	-0.455470
0.160720	-0.320810
0.160800	-0.173900
0.160880	-0.014754
0.160960	0.144390
0.161040	0.315790
0.161120	0.487180
0.161200	0.609600
0.161280	0.707540
0.161360	0.732020
0.161440	0.780990
0.161520	0.780990
0.161600	0.768750
0.161680	0.719780
0.161760	0.646320
0.161840	0.572870
0.161920	0.523900
0.162000	0.462690
0.162080	0.389240
0.162160	0.352510
0.162240	0.291300
0.162320	0.193360
0.162400	0.046457
0.162480	-0.124930
0.162560	-0.271840
0.162640	-0.430990
0.162720	-0.553410
0.162800	-0.651350
0.162880	-0.773770
0.162960	-0.871710
0.163040	-0.957400
0.163120	-1.030900
0.163200	-1.030900
0.163280	-1.006400
0.163360	-0.908430
0.163440	-0.822740
0.163520	-0.737040
0.163600	-0.761530
0.163680	-0.749290
0.163760	-0.749290
0.163840	-0.749290
0.163920	-0.749290
0.164000	-0.810500
0.164080	-0.883950
0.164160	-0.932920
0.164240	-0.969650
0.164320	-0.908430
0.164400	-0.822740
0.164480	-0.700320
0.164560	-0.577890
0.164640	-0.504440
0.164720	-0.516680
0.164800	-0.528930
0.164880	-0.590140
0.164960	-0.651350
0.165040	-0.761530
0.165120	-0.822740
0.165200	-0.920680
0.165280	-0.969650
0.165360	-1.055300
0.165440	-1.116500
0.165520	-1.214500
0.165600	-1.239000
0.165680	-1.349100
0.165760	-1.385900
0.165840	-1.398100
0.165920	-1.410400
0.166000	-1.459300
0.166080	-1.545000
0.166160	-1.606200
0.166240	-1.691900
0.166320	-1.789900
0.166400	-1.887800
0.166480	-1.985700
0.166560	-2.047000
0.166640	-2.071400
0.166720	-2.047000
0.166800	-2.010200
0.166880	-1.973500
0.166960	-1.936800
0.167040	-1.863300
0.167120	-1.777600
0.167200	-1.716400
0.167280	-1.667400
0.167360	-1.569500
0.167440	-1.483800
0.167520	-1.410400
0.167600	-1.312400
0.167680	-1.226700
0.167760	-1.141000
0.167840	-1.079800
0.167920	-1.030900
0.168000	-0.957400
0.168080	-0.786010
0.168160	-0.700320
0.168240	-0.528930
0.168320	-0.394260
0.168400	-0.406500
0.168480	-0.418750
0.168560	-0.430990
0.168640	-0.443230
0.168720	-0.443230
0.168800	-0.430990
0.168880	-0.455470
0.168960	-0.492200
0.169040	-0.528930
0.169120	-0.541170
0.169200	-0.590140
0.169280	-0.663590
0.169360	-0.749290
0.169440	-0.859470
0.169520	-1.018600
0.169600	-1.153300
0.169680	-1.275700
0.169760	-1.312400
0.169840	-1.275700
0.169920	-1.190000
0.170000	-1.055300
0.170080	-0.969650
0.170160	-0.896190
0.170240	-0.786010
0.170320	-0.688080
0.170400	-0.577890
0.170480	-0.443230
0.170560	-0.296320
0.170640	-0.088207
0.170720	0.144390
0.170800	0.340270
0.170880	0.536140
0.170960	0.646320
0.171040	0.768750
0.171120	0.854440
0.171200	0.976860
0.171280	1.123800
0.171360	1.258400
0.171440	1.393100
0.171520	1.503300
0.171600	1.637900
0.171680	1.797100
0.171760	1.895000
0.171840	2.005200
0.171920	2.029700
0.172000	1.993000
0.172080	1.882800
0.172160	1.748100
0.172240	1.613500
0.172320	1.515500
0.172400	1.442100
0.172480	1.368600
0.172560	1.295200
0.172640	1.246200
0.172720	1.160500
0.172800	1.062600
0.172880	0.952380
0.172960	0.817720
0.173040	0.683050
0.173120	0.499420
0.173200	0.352510
0.173280	0.266820
0.173360	0.193360
0.173440	0.193360
0.173520	0.181120
0.173600	0.193360
0.173680	0.168880
0.173760	0.156640
0.173840	0.058699
0.173920	-0.063723
0.174000	-0.112690
0.174080	-0.124930
0.174160	-0.002512
0.174240	0.242330
0.174320	0.658570
0.174400	1.209500
0.174480	1.821600
0.174560	2.323500
0.174640	2.690800
0.174720	2.862200
0.174800	2.825400
0.174880	2.605100
0.174960	2.299000
0.175040	1.931800
0.175120	1.674700
0.175200	1.576700
0.175280	1.613500
0.175360	1.797100
0.175440	1.980700
0.175520	2.066400
0.175600	1.993000
0.175680	1.735900
0.175760	1.417600
0.175840	1.050300
0.175920	0.683050
0.176000	0.413720
0.176080	0.132150
0.176160	-0.186140
0.176240	-0.590140
0.176320	-1.018600
0.176400	-1.483800
0.176480	-1.814400
0.176560	-1.961300
0.176640	-1.912300
0.176720	-1.643000
0.176800	-1.251200
0.176880	-0.871710
0.176960	-0.590140
0.177040	-0.443230
0.177120	-0.455470
0.177200	-0.614620
0.177280	-0.810500
0.177360	-0.932920
0.177440	-0.920680
0.177520	-0.761530
0.177600	-0.516680
0.177680	-0.284080
0.177760	-0.100450
0.177840	-0.075965
0.177920	-0.075965
0.178000	-0.100450
0.178080	-0.124930
0.178160	-0.088207
0.178240	0.009731
0.178320	0.119910
0.178400	0.168880
0.178480	0.070942
0.178560	-0.161660
0.178640	-0.492200
0.178720	-0.822740
0.178800	-1.116500
0.178880	-1.312400
0.178960	-1.422600
0.179040	-1.483800
0.179120	-1.581800
0.179200	-1.679700
0.179280	-1.814400
0.179360	-1.998000
0.179440	-2.193900
0.179520	-2.414200
0.179600	-2.561100
0.179680	-2.622300
0.179760	-2.561100
0.179840	-2.426500
0.179920	-2.255100
0.180000	-2.108200
0.180080	-1.949000
0.180160	-1.814400
0.180240	-1.691900
0.180320	-1.569500
0.180400	-1.349100
0.180480	-1.104300
0.180560	-0.871710
0.180640	-0.663590
0.180720	-0.455470
0.180800	-0.296320
0.180880	-0.161660
0.180960	-0.051480
0.181040	0.083184
0.181120	0.254580
0.181200	0.438210
0.181280	0.585110
0.181360	0.683050
0.181440	0.719780
0.181520	0.695290
0.181600	0.585110
0.181680	0.389240
0.181760	0.181120
0.181840	-0.051480
0.181920	-0.247360
0.182000	-0.406500
0.182080	-0.577890
0.182160	-0.724800
0.182240	-0.822740
0.182320	-0.969650
0.182400	-1.104300
0.182480	-1.214500
0.182560	-1.300200
0.182640	-1.385900
0.182720	-1.447100
0.182800	-1.422600
0.182880	-1.349100
0.182960	-1.177800
0.183040	-0.957400
0.183120	-0.663590
0.183200	-0.382020
0.183280	-0.112690
0.183360	0.095426
0.183440	0.303540
0.183520	0.425970
0.183600	0.523900
0.183680	0.597360
0.183760	0.732020
0.183840	0.842200
0.183920	1.001400
0.184000	1.234000
0.184080	1.380900
0.184160	1.478800
0.184240	1.491000
0.184320	1.417600
0.184400	1.282900
0.184480	1.136000
0.184560	1.013600
0.184640	0.927900
0.184720	0.866680
0.184800	0.719780
0.184880	0.695290
0.184960	0.719780
0.185040	0.719780
0.185120	0.646320
0.185200	0.523900
0.185280	0.401480
0.185360	0.230090
0.185440	0.070942
0.185520	0.009731
0.185600	0.009731
0.185680	0.058699
0.185760	0.168880
0.185840	0.279060
0.185920	0.377000
0.186000	0.450450
0.186080	0.474930
0.186160	0.450450
0.186240	0.413720
0.186320	0.340270
0.186400	0.315790
0.186480	0.340270
0.186560	0.401480
0.186640	0.548390
0.186720	0.658570
0.186800	0.695290
0.186880	0.719780
0.186960	0.634080
0.187040	0.548390
0.187120	0.487180
0.187200	0.413720
0.187280	0.340270
0.187360	0.279060
0.187440	0.230090
0.187520	0.144390
0.187600	0.070942
0.187680	-0.026996
0.187760	-0.112690
0.187840	-0.247360
0.187920	-0.394260
0.188000	-0.528930
0.188080	-0.663590
0.188160	-0.773770
0.188240	-0.810500
0.188320	-0.847220
0.188400	-0.859470
0.188480	-0.896190
0.188560	-0.908430
0.188640	-0.932920
0.188720	-0.945160
0.188800	-0.957400
0.188880	-1.018600
0.188960	-1.030900
0.189040	-1.079800
0.189120	-1.104300
0.189200	-1.092100
0.189280	-1.104300
0.189360	-1.128800
0.189440	-1.165500
0.189520	-1.190000
0.189600	-1.226700
0.189680	-1.263500
0.189760	-1.324700
0.189840	-1.385900
0.189920	-1.447100
0.190000	-1.496100
0.190080	-1.520500
0.190160	-1.532800
0.190240	-1.532800
0.190320	-1.520500
0.190400	-1.520500
0.190480	-1.569500
0.190560	-1.581800
0.190640	-1.581800
0.190720	-1.532800
0.190800	-1.459300
0.190880	-1.349100
0.190960	-1.263500
0.191040	-1.214500
0.191120	-1.153300
0.191200	-1.141000
0.191280	-1.141000
0.191360	-1.128800
0.191440	-1.104300
0.191520	-1.043100
0.191600	-1.018600
0.191680	-0.957400
0.191760	-0.883950
0.191840	-0.822740
0.191920	-0.724800
0.192000	-0.675830
0.192080	-0.614620
0.192160	-0.528930
0.192240	-0.492200
0.192320	-0.467710
0.192400	-0.455470
0.192480	-0.430990
0.192560	-0.443230
0.192640	-0.443230
0.192720	-0.467710
0.192800	-0.504440
0.192880	-0.516680
0.192960	-0.541170
0.193040	-0.553410
0.193120	-0.541170
0.193200	-0.528930
0.193280	-0.565650
0.193360	-0.602380
0.193440	-0.675830
0.193520	-0.712560
0.193600	-0.810500
0.193680	-0.847220
0.193760	-0.908430
0.193840	-0.957400
0.193920	-0.932920
0.194000	-0.883950
0.194080	-0.908430
0.194160	-0.896190
0.194240	-0.932920
0.194320	-0.945160
0.194400	-0.920680
0.194480	-0.871710
0.194560	-0.786010
0.194640	-0.675830
0.194720	-0.516680
0.194800	-0.382020
0.194880	-0.247360
0.194960	-0.075965
0.195040	0.083184
0.195120	0.217850
0.195200	0.266820
0.195280	0.291300
0.195360	0.254580
0.195440	0.205610
0.195520	0.107670
0.195600	0.058699
0.195680	0.021973
0.195760	0.070942
0.195840	0.095426
0.195920	0.132150
0.196000	0.095426
0.196080	0.058699
0.196160	0.009731
0.196240	-0.039238
0.196320	-0.124930
0.196400	-0.173900
0.196480	-0.210630
0.196560	-0.235110
0.196640	-0.210630
0.196720	-0.161660
0.196800	-0.100450
0.196880	-0.002512
0.196960	0.070942
0.197040	0.144390
0.197120	0.193360
0.197200	0.217850
0.197280	0.291300
0.197360	0.389240
0.197440	0.474930
0.197520	0.585110
0.197600	0.707540
0.197680	0.817720
0.197760	0.891170
0.197840	0.940140
0.197920	0.940140
0.198000	0.854440
0.198080	0.732020
0.198160	0.597360
0.198240	0.499420
0.198320	0.364750
0.198400	0.291300
0.198480	0.266820
0.198560	0.217850
0.198640	0.193360
0.198720	0.132150
0.198800	0.070942
0.198880	-0.002512
0.198960	-0.100450
0.199040	-0.149420
0.199120	-0.210630
0.199200	-0.210630
0.199280	-0.186140
0.199360	-0.124930
0.199440	-0.063723
0.199520	-0.014754
0.199600	0.021973
0.199680	0.009731
0.199760	-0.026996
0.199840	-0.100450
0.199920	-0.222870
0.200000	-0.296320
0.200080	-0.369780
0.200160	-0.382020
0.200240	-0.406500
0.200320	-0.394260
0.200400	-0.357540
0.200480	-0.345290
0.200560	-0.333050
0.200640	-0.333050
0.200720	-0.320810
0.200800	-0.296320
0.200880	-0.271840
0.200960	-0.284080
0.201040	-0.284080
0.201120	-0.284080
0.201200	-0.369780
0.201280	-0.369780
0.201360	-0.553410
0.201440	-0.663590
0.201520	-0.834980
0.201600	-0.871710
0.201680	-0.871710
0.201760	-0.883950
0.201840	-0.859470
0.201920	-0.847220
0.202000	-0.822740
0.202080	-0.761530
0.202160	-0.700320
0.202240	-0.639110
0.202320	-0.590140
0.202400	-0.541170
0.202480	-0.516680
0.202560	-0.528930
0.202640	-0.504440
0.202720	-0.443230
0.202800	-0.369780
0.202880	-0.271840
0.202960	-0.137180
0.203040	-0.039238
0.203120	0.046457
0.203200	0.119910
0.203280	0.144390
0.203360	0.156640
0.203440	0.144390
0.203520	0.058699
0.203600	-0.026996
0.203680	-0.124930
0.203760	-0.186140
0.203840	-0.271840
0.203920	-0.296320
0.204000	-0.296320
0.204080	-0.333050
0.204160	-0.369780
0.204240	-0.443230
0.204320	-0.516680
0.204400	-0.614620
0.204480	-0.675830
0.204560	-0.737040
0.204640	-0.761530
0.204720	-0.761530
0.204800	-0.761530
0.204880	-0.737040
0.204960	-0.712560
0.205040	-0.663590
0.205120	-0.614620
0.205200	-0.639110
0.205280	-0.590140
0.205360	-0.541170
0.205440	-0.430990
0.205520	-0.271840
0.205600	-0.112690
0.205680	0.046457
0.205760	0.205610
0.205840	0.364750
0.205920	0.462690
0.206000	0.560630
0.206080	0.609600
0.206160	0.670810
0.206240	0.756510
0.206320	0.829960
0.206400	0.903410
0.206480	0.976860
0.206560	1.001400
0.206640	1.038100
0.206720	0.964620
0.206800	0.866680
0.206880	0.670810
0.206960	0.450450
0.207040	0.254580
0.207120	0.070942
0.207200	-0.075965
0.207280	-0.210630
0.207360	-0.308570
0.207440	-0.394260
0.207520	-0.479960
0.207600	-0.541170
0.207680	-0.602380
0.207760	-0.663590
0.207840	-0.675830
0.207920	-0.639110
0.208000	-0.565650
0.208080	-0.430990
0.208160	-0.271840
0.208240	-0.100450
0.208320	0.021973
0.208400	0.119910
0.208480	0.217850
0.208560	0.291300
0.208640	0.389240
0.208720	0.474930
0.208800	0.609600
0.208880	0.732020
0.208960	0.891170
0.209040	1.001400
0.209120	1.172700
0.209200	1.258400
0.209280	1.331900
0.209360	1.368600
0.209440	1.393100
0.209520	1.344100
0.209600	1.295200
0.209680	1.270700
0.209760	1.221700
0.209840	1.172700
0.209920	1.136000
0.210000	1.099300
0.210080	1.038100
0.210160	0.952380
0.210240	0.878930
0.210320	0.780990
0.210400	0.658570
0.210480	0.499420
0.210560	0.315790
0.210640	0.168880
0.210720	0.070942
0.210800	-0.014754
0.210880	-0.039238
0.210960	-0.026996
0.211040	-0.014754
0.211120	0.034215
0.211200	0.107670
0.211280	0.193360
0.211360	0.242330
0.211440	0.303540
0.211520	0.340270
0.211600	0.377000
0.211680	0.474930
0.211760	0.536140
0.211840	0.658570
0.211920	0.768750
0.212000	0.878930
0.212080	0.915650
0.212160	0.976860
0.212240	1.038100
0.212320	1.087000
0.212400	1.172700
0.212480	1.221700
0.212560	1.319700
0.212640	1.331900
0.212720	1.393100
0.212800	1.380900
0.212880	1.393100
0.212960	1.368600
0.213040	1.319700
0.213120	1.221700
0.213200	1.148200
0.213280	1.099300
0.213360	1.136000
0.213440	1.258400
0.213520	1.270700
0.213600	1.221700
0.213680	1.050300
0.213760	0.780990
0.213840	0.511660
0.213920	0.291300
0.214000	0.144390
0.214080	0.095426
0.214160	0.095426
0.214240	0.181120
0.214320	0.352510
0.214400	0.536140
0.214480	0.670810
0.214560	0.780990
0.214640	0.854440
0.214720	0.903410
0.214800	0.964620
0.214880	1.013600
0.214960	1.025800
0.215040	1.062600
0.215120	1.099300
0.215200	1.136000
0.215280	1.185000
0.215360	1.258400
0.215440	1.307400
0.215520	1.295200
0.215600	1.319700
0.215680	1.368600
0.215760	1.466500
0.215840	1.613500
0.215920	1.711400
0.216000	1.748100
0.216080	1.662400
0.216160	1.515500
0.216240	1.319700
0.216320	1.160500
0.216400	0.976860
0.216480	0.829960
0.216560	0.670810
0.216640	0.560630
0.216720	0.462690
0.216800	0.364750
0.216880	0.291300
0.216960	0.230090
0.217040	0.132150
0.217120	0.083184
0.217200	-0.088207
0.217280	-0.296320
0.217360	-0.565650
0.217440	-0.822740
0.217520	-0.957400
0.217600	-1.018600
0.217680	-1.079800
0.217760	-1.116500
0.217840	-1.141000
0.217920	-1.116500
0.218000	-1.018600
0.218080	-0.847220
0.218160	-0.700320
0.218240	-0.590140
0.218320	-0.553410
0.218400	-0.614620
0.218480	-0.688080
0.218560	-0.724800
0.218640	-0.749290
0.218720	-0.675830
0.218800	-0.565650
0.218880	-0.443230
0.218960	-0.345290
0.219040	-0.296320
0.219120	-0.296320
0.219200	-0.333050
0.219280	-0.382020
0.219360	-0.455470
0.219440	-0.541170
0.219520	-0.602380
0.219600	-0.651350
0.219680	-0.639110
0.219760	-0.541170
0.219840	-0.382020
0.219920	-0.198390
0.220000	-0.100450
0.220080	-0.039238
0.220160	0.046457
0.220240	0.230090
0.220320	0.462690
0.220400	0.707540
0.220480	0.927900
0.220560	1.062600
0.220640	1.111500
0.220720	1.123800
0.220800	1.013600
0.220880	0.891170
0.220960	0.719780
0.221040	0.413720
0.221120	0.156640
0.221200	-0.137180
0.221280	-0.528930
0.221360	-0.908430
0.221440	-1.263500
0.221520	-1.655200
0.221600	-2.034700
0.221680	-2.365300
0.221760	-2.597900
0.221840	-2.732500
0.221920	-2.769200
0.222000	-2.683500
0.222080	-2.536600
0.222160	-2.353000
0.222240	-2.206100
0.222320	-2.108200
0.222400	-2.059200
0.222480	-2.022500
0.222560	-1.961300
0.222640	-1.887800
0.222720	-1.777600
0.222800	-1.655200
0.222880	-1.483800
0.222960	-1.275700
0.223040	-1.055300
0.223120	-0.822740
0.223200	-0.590140
0.223280	-0.394260
0.223360	-0.198390
0.223440	-0.075965
0.223520	0.009731
0.223600	0.034215
0.223680	0.021973
0.223760	-0.051480
0.223840	-0.088207
0.223920	-0.124930
0.224000	-0.026996
0.224080	0.132150
0.224160	0.377000
0.224240	0.585110
0.224320	0.683050
0.224400	0.621840
0.224480	0.352510
0.224560	0.009731
0.224640	-0.430990
0.224720	-0.761530
0.224800	-0.883950
0.224880	-0.798260
0.224960	-0.528930
0.225040	-0.186140
0.225120	0.095426
0.225200	0.291300
0.225280	0.266820
0.225360	0.144390
0.225440	-0.112690
0.225520	-0.394260
0.225600	-0.639110
0.225680	-0.810500
0.225760	-0.908430
0.225840	-0.920680
0.225920	-0.883950
0.226000	-0.847220
0.226080	-0.810500
0.226160	-0.810500
0.226240	-0.883950
0.226320	-0.957400
0.226400	-1.055300
0.226480	-1.153300
0.226560	-1.190000
0.226640	-1.190000
0.226720	-1.079800
0.226800	-0.957400
0.226880	-0.798260
0.226960	-0.688080
0.227040	-0.614620
0.227120	-0.590140
0.227200	-0.639110
0.227280	-0.724800
0.227360	-0.810500
0.227440	-0.896190
0.227520	-0.981890
0.227600	-1.043100
0.227680	-1.067600
0.227760	-1.079800
0.227840	-1.092100
0.227920	-1.116500
0.228000	-1.018600
0.228080	-0.773770
0.228160	-0.394260
0.228240	0.095426
0.228320	0.670810
0.228400	1.246200
0.228480	1.919500
0.228560	2.580600
0.228640	3.131500
0.228720	3.462000
0.228800	3.462000
0.228880	3.107000
0.228960	2.421400
0.229040	1.491000
0.229120	0.560630
0.229200	-0.284080
0.229280	-0.945160
0.229360	-1.251200
0.229440	-0.994130
0.229520	-0.271840
0.229600	0.646320
0.229680	1.185000
0.229760	1.038100
0.229840	0.303540
0.229920	-0.541170
0.230000	-1.030900
0.230080	-0.920680
0.230160	-0.382020
0.230240	0.340270
0.230320	0.989110
0.230400	1.344100
0.230480	0.976860
0.230560	-0.222870
0.230640	-2.034700
0.230720	-3.736400
0.230800	-4.777000
0.230880	-5.021800
0.230960	-4.752500
0.231040	-4.128100
0.231120	-3.197700
0.231200	-2.047000
0.231280	-1.079800
0.231360	-0.528930
0.231440	-0.210630
0.231520	-0.051480
0.231600	-0.112690
0.231680	-0.516680
0.231760	-1.079800
0.231840	-1.496100
0.231920	-1.545000
0.232000	-1.349100
0.232080	-1.141000
0.232160	-1.165500
0.232240	-1.239000
0.232320	-1.165500
0.232400	-0.773770
0.232480	-0.210630
0.232560	0.377000
0.232640	0.891170
0.232720	1.270700
0.232800	1.491000
0.232880	1.466500
0.232960	1.270700
0.233040	1.160500
0.233120	1.221700
0.233200	1.454300
0.233280	1.699100
0.233360	1.858300
0.233440	1.760400
0.233520	1.393100
0.233600	0.756510
0.233680	0.046457
0.233760	-0.590140
0.233840	-0.859470
0.233920	-0.541170
0.234000	0.291300
0.234080	1.405300
0.234160	2.360200
0.234240	2.911100
0.234320	3.058000
0.234400	2.874400
0.234480	2.409200
0.234560	1.760400
0.234640	1.013600
0.234720	0.413720
0.234800	-0.026996
0.234880	-0.039238
0.234960	0.168880
0.235040	0.291300
0.235120	0.095426
0.235200	-0.320810
0.235280	-0.859470
0.235360	-1.300200
0.235440	-1.410400
0.235520	-1.214500
0.235600	-0.932920
0.235680	-0.834980
0.235760	-0.981890
0.235840	-1.434800
0.235920	-2.047000
0.236000	-2.561100
0.236080	-2.769200
0.236160	-2.646800
0.236240	-2.304000
0.236320	-1.924500
0.236400	-1.630700
0.236480	-1.373600
0.236560	-1.202300
0.236640	-1.202300
0.236720	-1.447100
0.236800	-1.900100
0.236880	-2.230600
0.236960	-2.059200
0.237040	-1.336900
0.237120	-0.382020
0.237200	0.462690
0.237280	1.087000
0.237360	1.515500
0.237440	1.784900
0.237520	1.870500
0.237600	2.005200
0.237680	2.397000
0.237760	3.070300
0.237840	3.560000
0.237920	3.535500
0.238000	3.045800
0.238080	2.348000
0.238160	1.576700
0.238240	0.842200
0.238320	0.156640
0.238400	-0.284080
0.238480	-0.516680
0.238560	-0.602380
0.238640	-0.492200
0.238720	0.156640
0.238800	1.723600
0.238880	4.502600
0.238960	8.395600
0.239040	12.656000
0.239120	15.925000
0.239200	17.198000
0.239280	16.684000
0.239360	15.631000
0.239440	15.215000
0.239520	15.386000
0.239600	15.533000
0.239680	15.129000
0.239760	14.174000
0.239840	12.338000
0.239920	9.252600
0.240000	5.053500
0.240080	0.279060
0.240160	-4.666800
0.240240	-9.355500
0.240320	-13.065000
0.240400	-15.330000
0.240480	-16.591000
0.240560	-17.434999
0.240640	-17.875999
0.240720	-17.521000
0.240800	-16.811001
0.240880	-15.966000
0.240960	-14.791000
0.241040	-13.053000
0.241120	-11.143000
0.241200	-9.747300
0.241280	-9.049500
0.241360	-8.743400
0.241440	-8.596500
0.241520	-8.290500
0.241600	-7.592700
0.241680	-6.490900
0.241760	-5.266700
0.241840	-4.140400
0.241920	-2.977400
0.242000	-1.643000
0.242080	-0.186140
0.242160	1.417600
0.242240	3.119300
0.242320	4.771900
0.242400	6.057400
0.242480	6.742900
0.242560	6.975500
0.242640	6.902100
0.242720	6.669500
0.242800	6.375700
0.242880	6.155300
0.242960	5.886000
0.243040	5.359600
0.243120	4.392400
0.243200	2.801000
0.243280	0.621840
0.243360	-1.838800
0.243440	-4.348500
0.243520	-6.674500
0.243600	-8.731200
0.243680	-10.531000
0.243760	-12.110000
0.243840	-13.628000
0.243920	-15.048000
0.244000	-16.260000
0.244080	-16.934000
0.244160	-16.995001
0.244240	-16.346001
0.244320	-15.122000
0.244400	-13.396000
0.244480	-11.437000
0.244560	-9.343300
0.244640	-7.176400
0.244720	-5.070800
0.244800	-2.965100
0.244880	-0.786010
0.244960	1.491000
0.245040	3.866000
0.245120	6.216500
0.245200	8.444600
0.245280	10.440000
0.245360	12.117000
0.245440	13.366000
0.245520	14.174000
0.245600	14.578000
0.245680	14.541000
0.245760	14.101000
0.245840	13.195000
0.245920	11.872000
0.246000	10.281000
0.246080	8.616000
0.246160	7.073500
0.246240	5.665600
0.246320	4.282300
0.246400	2.874400
0.246480	1.356400
0.246560	-0.284080
0.246640	-2.034700
0.246720	-3.822100
0.246800	-5.560500
0.246880	-7.176400
0.246960	-8.547600
0.247040	-9.771800
0.247120	-10.800000
0.247200	-11.608000
0.247280	-12.122000
0.247360	-12.306000
0.247440	-12.220000
0.247520	-11.682000
0.247600	-10.776000
0.247680	-9.416800
0.247760	-7.678400
0.247840	-5.719600
0.247920	-3.601700
0.248000	-1.434800
0.248080	0.670810
0.248160	2.654100
0.248240	4.478100
0.248320	6.057400
0.248400	7.330600
0.248480	8.322200
0.248560	9.203600
0.248640	9.950400
0.248720	10.636000
0.248800	11.175000
0.248880	11.579000
0.248960	11.652000
0.249040	11.395000
0.249120	10.709000
0.249200	9.668800
0.249280	8.371200
0.249360	6.816400
0.249440	5.090200
0.249520	3.266200
0.249600	1.417600
0.249680	-0.443230
0.249760	-2.108200
0.249840	-3.589500
0.249920	-4.825900
0.250000	-5.731900
0.250080	-6.392900
0.250160	-6.772400
0.250240	-6.907100
0.250320	-6.858100
0.250400	-6.650000
0.250480	-6.307200
0.250560	-5.829800
0.250640	-5.168700
0.250720	-4.250600
0.250800	-3.001800
0.250880	-1.520500
0.250960	0.132150
0.251040	1.833800
0.251120	3.511000
0.251200	5.102500
0.251280	6.522600
0.251360	7.746800
0.251440	8.738400
0.251520	9.399500
0.251600	9.840200
0.251680	10.134000
0.251760	10.195000
0.251840	10.146000
0.251920	9.864700
0.252000	9.411700
0.252080	8.775200
0.252160	7.906000
0.252240	6.926600
0.252320	5.861500
0.252400	4.723000
0.252480	3.486500
0.252560	2.139900
0.252640	0.707540
0.252720	-0.749290
0.252800	-2.230600
0.252880	-3.638400
0.252960	-4.960600
0.253040	-6.148100
0.253120	-7.103000
0.253200	-7.739600
0.253280	-8.033400
0.253360	-7.972200
0.253440	-7.617200
0.253520	-7.005100
0.253600	-6.270500
0.253680	-5.376800
0.253760	-4.360700
0.253840	-3.234500
0.253920	-2.022500
0.254000	-0.737040
0.254080	0.585110
0.254160	1.895000
0.254240	3.204900
0.254320	4.441400
0.254400	5.604400
0.254480	6.596000
0.254560	7.404000
0.254640	8.040600
0.254720	8.493600
0.254800	8.701700
0.254880	8.713900
0.254960	8.432400
0.255040	7.918200
0.255120	7.195900
0.255200	6.265500
0.255280	5.237200
0.255360	4.098600
0.255440	2.898900
0.255520	1.625700
0.255600	0.413720
0.255680	-0.847220
0.255760	-2.010200
0.255840	-3.124300
0.255920	-4.164900
0.256000	-5.119800
0.256080	-5.964500
0.256160	-6.650000
0.256240	-7.152000
0.256320	-7.421300
0.256400	-7.445800
0.256480	-7.213200
0.256560	-6.796900
0.256640	-6.184800
0.256720	-5.425800
0.256800	-4.544400
0.256880	-3.626200
0.256960	-2.683500
0.257040	-1.716400
0.257120	-0.773770
0.257200	0.144390
0.257280	1.001400
0.257360	1.846100
0.257440	2.641800
0.257520	3.400800
0.257600	4.061900
0.257680	4.576100
0.257760	4.992300
0.257840	5.310600
0.257920	5.555400
0.258000	5.702400
0.258080	5.739100
0.258160	5.604400
0.258240	5.286100
0.258320	4.784200
0.258400	4.074100
0.258480	3.315100
0.258560	2.445900
0.258640	1.552300
0.258720	0.683050
0.258800	-0.173900
0.258880	-0.981890
0.258960	-1.765400
0.259040	-2.499900
0.259120	-3.161000
0.259200	-3.773100
0.259280	-4.275000
0.259360	-4.666800
0.259440	-4.936100
0.259520	-5.034100
0.259600	-4.972800
0.259680	-4.801400
0.259760	-4.507600
0.259840	-4.091400
0.259920	-3.577200
0.260000	-2.965100
0.260080	-2.279600
0.260160	-1.545000
0.260240	-0.773770
0.260320	0.021973
0.260400	0.780990
0.260480	1.515500
0.260560	2.213300
0.260640	2.801000
0.260720	3.266200
0.260800	3.621200
0.260880	3.829300
0.260960	3.853800
0.261040	3.743600
0.261120	3.498800
0.261200	3.131500
0.261280	2.727500
0.261360	2.262300
0.261440	1.760400
0.261520	1.246200
0.261600	0.732020
0.261680	0.181120
0.261760	-0.345290
0.261840	-0.883950
0.261920	-1.373600
0.262000	-1.765400
0.262080	-2.108200
0.262160	-2.353000
0.262240	-2.499900
0.262320	-2.561100
0.262400	-2.499900
0.262480	-2.377500
0.262560	-2.157100
0.262640	-1.887800
0.262720	-1.532800
0.262800	-1.177800
0.262880	-0.810500
0.262960	-0.430990
0.263040	-0.026996
0.263120	0.401480
0.263200	0.805470
0.263280	1.270700
0.263360	1.699100
0.263440	2.139900
0.263520	2.543900
0.263600	2.849900
0.263680	3.070300
0.263760	3.204900
0.263840	3.192700
0.263920	3.107000
0.264000	2.923400
0.264080	2.703000
0.264160	2.507100
0.264240	2.250100
0.264320	1.968500
0.264400	1.637900
0.264480	1.246200
0.264560	0.817720
0.264640	0.364750
0.264720	-0.100450
0.264800	-0.541170
0.264880	-0.945160
0.264960	-1.263500
0.265040	-1.496100
0.265120	-1.655200
0.265200	-1.716400
0.265280	-1.740900
0.265360	-1.740900
0.265440	-1.704200
0.265520	-1.606200
0.265600	-1.447100
0.265680	-1.251200
0.265760	-1.006400
0.265840	-0.663590
0.265920	-0.247360
0.266000	0.230090
0.266080	0.744260
0.266160	1.234000
0.266240	1.662400
0.266320	2.029700
0.266400	2.323500
0.266480	2.556100
0.266560	2.715300
0.266640	2.813200
0.266720	2.849900
0.266800	2.837700
0.266880	2.739700
0.266960	2.605100
0.267040	2.397000
0.267120	2.090900
0.267200	1.809300
0.267280	1.466500
0.267360	1.062600
0.267440	0.621840
0.267520	0.168880
0.267600	-0.308570
0.267680	-0.749290
0.267760	-1.153300
0.267840	-1.483800
0.267920	-1.728700
0.268000	-1.949000
0.268080	-2.083700
0.268160	-2.132600
0.268240	-2.095900
0.268320	-2.022500
0.268400	-1.949000
0.268480	-1.753100
0.268560	-1.471600
0.268640	-1.116500
0.268720	-0.737040
0.268800	-0.333050
0.268880	0.070942
0.268960	0.462690
0.269040	0.842200
0.269120	1.172700
0.269200	1.442100
0.269280	1.674700
0.269360	1.870500
0.269440	2.005200
0.269520	2.213300
0.269600	2.397000
0.269680	2.445900
0.269760	2.372500
0.269840	2.188800
0.269920	1.882800
0.270000	1.515500
0.270080	1.148200
0.270160	0.842200
0.270240	0.597360
0.270320	0.389240
0.270400	0.254580
0.270480	0.205610
0.270560	0.009731
0.270640	-0.259600
0.270720	-0.590140
0.270800	-0.969650
0.270880	-1.287900
0.270960	-1.496100
0.271040	-1.618500
0.271120	-1.740900
0.271200	-1.814400
0.271280	-1.667400
0.271360	-1.300200
0.271440	-0.737040
0.271520	-0.075965
0.271600	0.695290
0.271680	1.417600
0.271760	2.054200
0.271840	2.556100
0.271920	2.813200
0.272000	2.825400
0.272080	2.580600
0.272160	2.262300
0.272240	1.931800
0.272320	1.601200
0.272400	1.172700
0.272480	0.768750
0.272560	0.340270
0.272640	-0.026996
0.272720	-0.320810
0.272800	-0.602380
0.272880	-0.945160
0.272960	-1.422600
0.273040	-1.936800
0.273120	-2.389700
0.273200	-2.867200
0.273280	-3.454800
0.273360	-4.103700
0.273440	-4.752500
0.273520	-5.340100
0.273600	-5.768600
0.273680	-6.001200
0.273760	-6.037900
0.273840	-5.756400
0.273920	-5.119800
0.274000	-4.311800
0.274080	-3.442600
0.274160	-2.708000
0.274240	-2.144900
0.274320	-1.728700
0.274400	-1.349100
0.274480	-1.006400
0.274560	-0.651350
0.274640	-0.247360
0.274720	0.181120
0.274800	0.683050
0.274880	1.185000
0.274960	1.613500
0.275040	1.931800
0.275120	2.103100
0.275200	2.225600
0.275280	2.409200
0.275360	2.703000
0.275440	3.033600
0.275520	3.462000
0.275600	3.878300
0.275680	4.233300
0.275760	4.502600
0.275840	4.625000
0.275920	4.625000
0.276000	4.367900
0.276080	3.841500
0.276160	3.107000
0.276240	2.250100
0.276320	1.380900
0.276400	0.658570
0.276480	0.058699
0.276560	-0.357540
0.276640	-0.712560
0.276720	-0.969650
0.276800	-1.141000
0.276880	-1.349100
0.276960	-1.594000
0.277040	-1.912300
0.277120	-2.242800
0.277200	-2.512200
0.277280	-2.634600
0.277360	-2.671300
0.277440	-2.512200
0.277520	-2.267300
0.277600	-1.838800
0.277680	-1.300200
0.277760	-0.688080
0.277840	-0.075965
0.277920	0.474930
0.278000	0.891170
0.278080	1.185000
0.278160	1.393100
0.278240	1.589000
0.278320	1.833800
0.278400	2.090900
0.278480	2.409200
0.278560	2.690800
0.278640	2.898900
0.278720	2.996800
0.278800	2.923400
0.278880	2.690800
0.278960	2.311300
0.279040	1.858300
0.279120	1.307400
0.279200	0.780990
0.279280	0.266820
0.279360	-0.124930
0.279440	-0.492200
0.279520	-0.724800
0.279600	-0.945160
0.279680	-1.128800
0.279760	-1.324700
0.279840	-1.557300
0.279920	-1.789900
0.280000	-1.985700
0.280080	-2.132600
0.280160	-2.157100
0.280240	-2.083700
0.280320	-1.912300
0.280400	-1.679700
0.280480	-1.471600
0.280560	-1.239000
0.280640	-1.092100
0.280720	-0.908430
0.280800	-0.786010
0.280880	-0.590140
0.280960	-0.443230
0.281040	-0.235110
0.281120	-0.014754
0.281200	0.217850
0.281280	0.450450
0.281360	0.658570
0.281440	0.829960
0.281520	0.891170
0.281600	0.878930
0.281680	0.829960
0.281760	0.719780
0.281840	0.621840
0.281920	0.536140
0.282000	0.438210
0.282080	0.401480
0.282160	0.377000
0.282240	0.377000
0.282320	0.377000
0.282400	0.364750
0.282480	0.315790
0.282560	0.266820
0.282640	0.144390
0.282720	-0.014754
0.282800	-0.124930
0.282880	-0.222870
0.282960	-0.222870
0.283040	-0.222870
0.283120	-0.198390
0.283200	-0.198390
0.283280	-0.235110
0.283360	-0.222870
0.283440	-0.235110
0.283520	-0.198390
0.283600	-0.137180
0.283680	-0.088207
0.283760	-0.039238
0.283840	0.021973
0.283920	0.070942
0.284000	0.181120
0.284080	0.303540
0.284160	0.425970
0.284240	0.585110
0.284320	0.707540
0.284400	0.780990
0.284480	0.829960
0.284560	0.927900
0.284640	0.976860
0.284720	1.074800
0.284800	1.111500
0.284880	1.221700
0.284960	1.344100
0.285040	1.368600
0.285120	1.393100
0.285200	1.356400
0.285280	1.331900
0.285360	1.319700
0.285440	1.344100
0.285520	1.344100
0.285600	1.344100
0.285680	1.368600
0.285760	1.344100
0.285840	1.368600
0.285920	1.405300
0.286000	1.442100
0.286080	1.466500
0.286160	1.491000
0.286240	1.454300
0.286320	1.417600
0.286400	1.368600
0.286480	1.295200
0.286560	1.258400
0.286640	1.148200
0.286720	1.013600
0.286800	0.891170
0.286880	0.707540
0.286960	0.585110
0.287040	0.450450
0.287120	0.328030
0.287200	0.205610
0.287280	0.046457
0.287360	-0.088207
0.287440	-0.222870
0.287520	-0.382020
0.287600	-0.528930
0.287680	-0.675830
0.287760	-0.822740
0.287840	-0.957400
0.287920	-1.030900
0.288000	-1.055300
0.288080	-1.030900
0.288160	-0.969650
0.288240	-0.859470
0.288320	-0.712560
0.288400	-0.565650
0.288480	-0.430990
0.288560	-0.247360
0.288640	-0.075965
0.288720	0.070942
0.288800	0.230090
0.288880	0.438210
0.288960	0.646320
0.289040	0.866680
0.289120	1.099300
0.289200	1.319700
0.289280	1.491000
0.289360	1.589000
0.289440	1.650200
0.289520	1.650200
0.289600	1.625700
0.289680	1.613500
0.289760	1.564500
0.289840	1.527800
0.289920	1.466500
0.290000	1.417600
0.290080	1.368600
0.290160	1.270700
0.290240	1.160500
0.290320	1.025800
0.290400	0.817720
0.290480	0.560630
0.290560	0.315790
0.290640	0.046457
0.290720	-0.173900
0.290800	-0.418750
0.290880	-0.614620
0.290960	-0.749290
0.291040	-0.871710
0.291120	-0.945160
0.291200	-0.981890
0.291280	-0.945160
0.291360	-0.920680
0.291440	-0.822740
0.291520	-0.712560
0.291600	-0.553410
0.291680	-0.345290
0.291760	-0.112690
0.291840	0.107670
0.291920	0.364750
0.292000	0.609600
0.292080	0.842200
0.292160	1.038100
0.292240	1.209500
0.292320	1.380900
0.292400	1.552300
0.292480	1.674700
0.292560	1.821600
0.292640	1.919500
0.292720	1.993000
0.292800	2.054200
0.292880	2.054200
0.292960	2.005200
0.293040	1.907300
0.293120	1.748100
0.293200	1.564500
0.293280	1.344100
0.293360	1.123800
0.293440	0.878930
0.293520	0.658570
0.293600	0.425970
0.293680	0.217850
0.293760	0.009731
0.293840	-0.149420
0.293920	-0.284080
0.294000	-0.394260
0.294080	-0.492200
0.294160	-0.565650
0.294240	-0.590140
0.294320	-0.577890
0.294400	-0.577890
0.294480	-0.516680
0.294560	-0.418750
0.294640	-0.308570
0.294720	-0.161660
0.294800	-0.014754
0.294880	0.168880
0.294960	0.328030
0.295040	0.474930
0.295120	0.621840
0.295200	0.780990
0.295280	0.927900
0.295360	1.062600
0.295440	1.197200
0.295520	1.331900
0.295600	1.478800
0.295680	1.576700
0.295760	1.662400
0.295840	1.699100
0.295920	1.735900
0.296000	1.674700
0.296080	1.625700
0.296160	1.491000
0.296240	1.331900
0.296320	1.209500
0.296400	1.062600
0.296480	0.878930
0.296560	0.707540
0.296640	0.523900
0.296720	0.352510
0.296800	0.217850
0.296880	0.046457
0.296960	-0.051480
0.297040	-0.149420
0.297120	-0.235110
0.297200	-0.320810
0.297280	-0.406500
0.297360	-0.430990
0.297440	-0.430990
0.297520	-0.394260
0.297600	-0.345290
0.297680	-0.271840
0.297760	-0.137180
0.297840	-0.002512
0.297920	0.144390
0.298000	0.291300
0.298080	0.438210
0.298160	0.609600
0.298240	0.756510
0.298320	0.866680
0.298400	0.976860
0.298480	1.087000
0.298560	1.148200
0.298640	1.234000
0.298720	1.246200
0.298800	1.258400
0.298880	1.221700
0.298960	1.185000
0.299040	1.087000
0.299120	1.001400
0.299200	0.878930
0.299280	0.805470
0.299360	0.634080
0.299440	0.536140
0.299520	0.364750
0.299600	0.217850
0.299680	0.095426
0.299760	-0.051480
0.299840	-0.186140
0.299920	-0.271840
0.300000	-0.382020
0.300080	-0.430990
0.300160	-0.528930
0.300240	-0.590140
0.300320	-0.602380
0.300400	-0.663590
0.300480	-0.651350
0.300560	-0.688080
0.300640	-0.663590
0.300720	-0.639110
0.300800	-0.577890
0.300880	-0.479960
0.300960	-0.394260
0.301040	-0.320810
0.301120	-0.235110
0.301200	-0.137180
0.301280	-0.063723
0.301360	0.009731
0.301440	0.107670
0.301520	0.193360
0.301600	0.217850
0.301680	0.291300
0.301760	0.315790
0.301840	0.340270
0.301920	0.328030
0.302000	0.291300
0.302080	0.242330
0.302160	0.217850
0.302240	0.168880
0.302320	0.107670
0.302400	0.034215
0.302480	-0.075965
0.302560	-0.222870
0.302640	-0.394260
0.302720	-0.528930
0.302800	-0.651350
0.302880	-0.859470
0.302960	-0.969650
0.303040	-1.202300
0.303120	-1.263500
0.303200	-1.336900
0.303280	-1.410400
0.303360	-1.447100
0.303440	-1.483800
0.303520	-1.434800
0.303600	-1.361400
0.303680	-1.300200
0.303760	-1.202300
0.303840	-1.092100
0.303920	-0.945160
0.304000	-0.712560
0.304080	-0.541170
0.304160	-0.320810
0.304240	-0.137180
0.304320	0.058699
0.304400	0.217850
0.304480	0.352510
0.304560	0.511660
0.304640	0.634080
0.304720	0.756510
0.304800	0.793230
0.304880	0.829960
0.304960	0.854440
0.305040	0.842200
0.305120	0.817720
0.305200	0.768750
0.305280	0.707540
0.305360	0.585110
0.305440	0.462690
0.305520	0.340270
0.305600	0.193360
0.305680	0.021973
0.305760	-0.173900
0.305840	-0.369780
0.305920	-0.565650
0.306000	-0.761530
0.306080	-0.945160
0.306160	-1.079800
0.306240	-1.190000
0.306320	-1.251200
0.306400	-1.287900
0.306480	-1.300200
0.306560	-1.312400
0.306640	-1.300200
0.306720	-1.251200
0.306800	-1.190000
0.306880	-1.067600
0.306960	-0.908430
0.307040	-0.712560
0.307120	-0.516680
0.307200	-0.296320
0.307280	-0.063723
0.307360	0.107670
0.307440	0.291300
0.307520	0.462690
0.307600	0.621840
0.307680	0.780990
0.307760	0.915650
0.307840	1.074800
0.307920	1.221700
0.308000	1.246200
0.308080	1.331900
0.308160	1.319700
0.308240	1.295200
0.308320	1.221700
0.308400	1.111500
0.308480	1.001400
0.308560	0.854440
0.308640	0.707540
0.308720	0.548390
0.308800	0.364750
0.308880	0.144390
0.308960	-0.039238
0.309040	-0.247360
0.309120	-0.443230
0.309200	-0.614620
0.309280	-0.749290
0.309360	-0.883950
0.309440	-0.994130
0.309520	-1.043100
0.309600	-1.055300
0.309680	-1.043100
0.309760	-0.981890
0.309840	-0.920680
0.309920	-0.859470
