-0.020080	0.596060
-0.020000	0.596060
-0.019920	0.188330
-0.019840	0.596060
-0.019760	-0.219390
-0.019680	-0.627110
-0.019600	-1.034800
-0.019520	0.188330
-0.019440	0.188330
-0.019360	-0.219390
-0.019280	0.596060
-0.019200	0.188330
-0.019120	0.596060
-0.019040	-0.219390
-0.018960	-0.219390
-0.018880	-0.627110
-0.018800	-0.219390
-0.018720	-1.034800
-0.018640	-1.034800
-0.018560	-0.219390
-0.018480	-0.627110
-0.018400	0.596060
-0.018320	0.596060
-0.018240	-0.627110
-0.018160	-0.219390
-0.018080	-1.034800
-0.018000	-0.219390
-0.017920	-0.627110
-0.017840	-0.219390
-0.017760	0.596060
-0.017680	-0.219390
-0.017600	-0.219390
-0.017520	-0.219390
-0.017440	0.188330
-0.017360	-0.627110
-0.017280	-1.034800
-0.017200	0.188330
-0.017120	0.596060
-0.017040	0.596060
-0.016960	0.596060
-0.016880	-0.219390
-0.016800	-0.219390
-0.016720	-1.034800
-0.016640	-0.627110
-0.016560	0.188330
-0.016480	0.188330
-0.016400	0.596060
-0.016320	-0.219390
-0.016240	-0.219390
-0.016160	-0.627110
-0.016080	-0.219390
-0.016000	0.188330
-0.015920	1.003800
-0.015840	0.596060
-0.015760	0.188330
-0.015680	-0.219390
-0.015600	-0.627110
-0.015520	-0.627110
-0.015440	-0.219390
-0.015360	0.188330
-0.015280	1.003800
-0.015200	-0.219390
-0.015120	0.188330
-0.015040	-0.219390
-0.014960	-0.219390
-0.014880	-0.627110
-0.014800	-0.219390
-0.014720	0.596060
-0.014640	0.188330
-0.014560	-0.219390
-0.014480	-0.219390
-0.014400	-0.627110
-0.014320	-0.627110
-0.014240	-0.219390
-0.014160	-0.219390
-0.014080	-0.219390
-0.014000	-0.219390
-0.013920	-0.219390
-0.013840	-0.219390
-0.013760	0.188330
-0.013680	-0.219390
-0.013600	-0.627110
-0.013520	-0.627110
-0.013440	-0.627110
-0.013360	-0.627110
-0.013280	-0.627110
-0.013200	0.188330
-0.013120	-0.627110
-0.013040	0.188330
-0.012960	1.003800
-0.012880	0.596060
-0.012800	1.003800
-0.012720	1.411500
-0.012640	1.411500
-0.012560	0.596060
-0.012480	0.188330
-0.012400	-0.219390
-0.012320	0.188330
-0.012240	0.596060
-0.012160	0.188330
-0.012080	0.188330
-0.012000	0.188330
-0.011920	-0.219390
-0.011840	-0.627110
-0.011760	0.596060
-0.011680	0.188330
-0.011600	-0.219390
-0.011520	-0.219390
-0.011440	-1.850300
-0.011360	-1.034800
-0.011280	-1.442600
-0.011200	-1.034800
-0.011120	1.003800
-0.011040	0.596060
-0.010960	0.596060
-0.010880	0.188330
-0.010800	-0.627110
-0.010720	-0.219390
-0.010640	-0.627110
-0.010560	0.596060
-0.010480	-0.627110
-0.010400	-0.627110
-0.010320	-0.627110
-0.010240	-0.219390
-0.010160	-1.034800
-0.010080	-1.034800
-0.010000	-0.627110
-0.009920	0.188330
-0.009840	1.003800
-0.009760	1.411500
-0.009680	1.003800
-0.009600	0.596060
-0.009520	1.003800
-0.009440	0.596060
-0.009360	-0.219390
-0.009280	-0.627110
-0.009200	0.596060
-0.009120	0.188330
-0.009040	0.188330
-0.008960	-0.219390
-0.008880	0.188330
-0.008800	0.188330
-0.008720	0.188330
-0.008640	0.188330
-0.008560	0.188330
-0.008480	0.188330
-0.008400	0.188330
-0.008320	-0.627110
-0.008240	-0.627110
-0.008160	-0.219390
-0.008080	-0.219390
-0.008000	1.003800
-0.007920	0.596060
-0.007840	0.596060
-0.007760	0.596060
-0.007680	0.188330
-0.007600	-0.219390
-0.007520	0.188330
-0.007440	0.188330
-0.007360	0.188330
-0.007280	-0.627110
-0.007200	-0.627110
-0.007120	-0.219390
-0.007040	-0.219390
-0.006960	0.188330
-0.006880	0.596060
-0.006800	0.596060
-0.006720	-0.219390
-0.006640	-0.627110
-0.006560	-1.850300
-0.006480	-1.850300
-0.006400	-1.442600
-0.006320	-0.219390
-0.006240	0.596060
-0.006160	1.819200
-0.006080	1.411500
-0.006000	1.003800
-0.005920	0.188330
-0.005840	0.596060
-0.005760	-0.219390
-0.005680	0.188330
-0.005600	0.596060
-0.005520	0.596060
-0.005440	0.188330
-0.005360	0.188330
-0.005280	0.188330
-0.005200	0.596060
-0.005120	1.003800
-0.005040	1.411500
-0.004960	0.188330
-0.004880	0.596060
-0.004800	0.188330
-0.004720	0.596060
-0.004640	0.596060
-0.004560	-0.219390
-0.004480	0.188330
-0.004400	-0.219390
-0.004320	1.003800
-0.004240	0.596060
-0.004160	0.188330
-0.004080	-0.219390
-0.004000	-0.627110
-0.003920	-0.219390
-0.003840	1.003800
-0.003760	1.003800
-0.003680	0.596060
-0.003600	0.188330
-0.003520	0.596060
-0.003440	1.003800
-0.003360	0.596060
-0.003280	0.188330
-0.003200	-0.219390
-0.003120	-0.219390
-0.003040	-0.219390
-0.002960	-0.627110
-0.002880	-0.219390
-0.002800	-0.219390
-0.002720	-0.219390
-0.002640	-0.627110
-0.002560	0.188330
-0.002480	0.596060
-0.002400	0.596060
-0.002320	0.188330
-0.002240	0.188330
-0.002160	-0.219390
-0.002080	-0.627110
-0.002000	0.188330
-0.001920	0.596060
-0.001840	0.188330
-0.001760	1.411500
-0.001680	0.596060
-0.001600	0.596060
-0.001520	0.188330
-0.001440	0.596060
-0.001360	-0.219390
-0.001280	0.188330
-0.001200	-0.219390
-0.001120	-0.219390
-0.001040	0.188330
-0.000960	0.188330
-0.000880	0.596060
-0.000800	0.188330
-0.000720	-0.219390
-0.000640	-0.219390
-0.000560	-0.627110
-0.000480	-0.627110
-0.000400	-0.627110
-0.000320	-1.442600
-0.000240	-0.627110
-0.000160	-0.219390
-0.000080	-0.219390
0.000000	-0.627110
0.000080	0.188330
0.000160	0.188330
0.000240	0.188330
0.000320	0.188330
0.000400	0.188330
0.000480	0.596060
0.000560	0.596060
0.000640	1.003800
0.000720	0.188330
0.000800	0.188330
0.000880	-0.627110
0.000960	0.188330
0.001040	0.188330
0.001120	0.596060
0.001200	-0.219390
0.001280	0.596060
0.001360	-0.219390
0.001440	0.596060
0.001520	-0.219390
0.001600	-1.034800
0.001680	-0.627110
0.001760	0.188330
0.001840	0.188330
0.001920	-0.627110
0.002000	-0.627110
0.002080	-1.034800
0.002160	-0.219390
0.002240	0.188330
0.002320	1.003800
0.002400	0.596060
0.002480	0.188330
0.002560	0.188330
0.002640	0.188330
0.002720	0.188330
0.002800	1.411500
0.002880	0.188330
0.002960	-0.219390
0.003040	0.596060
0.003120	0.188330
0.003200	-0.219390
0.003280	0.596060
0.003360	0.188330
0.003440	0.188330
0.003520	0.596060
0.003600	-0.219390
0.003680	0.188330
0.003760	-0.219390
0.003840	-0.627110
0.003920	-0.219390
0.004000	-0.627110
0.004080	-0.627110
0.004160	-0.219390
0.004240	-0.627110
0.004320	0.188330
0.004400	0.188330
0.004480	-0.219390
0.004560	0.188330
0.004640	-0.627110
0.004720	-0.627110
0.004800	-1.034800
0.004880	-0.219390
0.004960	0.188330
0.005040	0.596060
0.005120	0.596060
0.005200	1.003800
0.005280	0.596060
0.005360	0.596060
0.005440	0.188330
0.005520	0.596060
0.005600	-0.219390
0.005680	-0.627110
0.005760	0.188330
0.005840	0.596060
0.005920	-0.219390
0.006000	-0.219390
0.006080	-1.442600
0.006160	-0.219390
0.006240	0.188330
0.006320	0.188330
0.006400	-0.219390
0.006480	-0.219390
0.006560	-0.219390
0.006640	0.188330
0.006720	-0.219390
0.006800	-0.219390
0.006880	0.188330
0.006960	0.596060
0.007040	0.596060
0.007120	0.188330
0.007200	-0.627110
0.007280	-2.258000
0.007360	-3.073500
0.007440	-1.034800
0.007520	-0.627110
0.007600	0.596060
0.007680	-0.219390
0.007760	0.188330
0.007840	-0.219390
0.007920	-0.627110
0.008000	-1.034800
0.008080	-1.442600
0.008160	-1.850300
0.008240	-1.442600
0.008320	-1.850300
0.008400	-1.442600
0.008480	-1.034800
0.008560	-1.034800
0.008640	-1.034800
0.008720	-1.034800
0.008800	-1.442600
0.008880	-1.442600
0.008960	-1.034800
0.009040	-1.442600
0.009120	-1.034800
0.009200	-1.850300
0.009280	-1.034800
0.009360	-1.442600
0.009440	-1.034800
0.009520	-1.034800
0.009600	-0.627110
0.009680	-1.034800
0.009760	-1.034800
0.009840	-1.034800
0.009920	-1.034800
0.010000	-1.034800
0.010080	-1.034800
0.010160	-0.627110
0.010240	-0.627110
0.010320	-1.034800
0.010400	-1.850300
0.010480	-1.034800
0.010560	-1.034800
0.010640	-1.850300
0.010720	-1.850300
0.010800	-1.850300
0.010880	-1.034800
0.010960	-1.442600
0.011040	-1.442600
0.011120	-1.850300
0.011200	-1.442600
0.011280	-1.034800
0.011360	-1.034800
0.011440	-0.627110
0.011520	-1.442600
0.011600	-1.850300
0.011680	-1.850300
0.011760	-2.258000
0.011840	-2.258000
0.011920	-2.665700
0.012000	-1.850300
0.012080	-1.442600
0.012160	-0.627110
0.012240	-1.034800
0.012320	-1.034800
0.012400	-1.850300
0.012480	-1.442600
0.012560	-1.850300
0.012640	-1.034800
0.012720	-1.850300
0.012800	-1.034800
0.012880	-1.442600
0.012960	-1.442600
0.013040	-1.034800
0.013120	-1.034800
0.013200	-1.850300
0.013280	-2.665700
0.013360	-1.850300
0.013440	-1.850300
0.013520	-1.034800
0.013600	-1.034800
0.013680	-0.627110
0.013760	-1.034800
0.013840	-1.850300
0.013920	-3.073500
0.014000	-2.665700
0.014080	-2.665700
0.014160	-1.442600
0.014240	-1.850300
0.014320	-1.850300
0.014400	-3.073500
0.014480	-3.481200
0.014560	-2.258000
0.014640	-2.665700
0.014720	-1.442600
0.014800	-1.850300
0.014880	-2.665700
0.014960	-1.850300
0.015040	-1.850300
0.015120	-2.258000
0.015200	-3.073500
0.015280	-2.258000
0.015360	-3.073500
0.015440	-2.665700
0.015520	-2.258000
0.015600	-1.442600
0.015680	-1.850300
0.015760	-1.850300
0.015840	-1.850300
0.015920	-1.850300
0.016000	-1.442600
0.016080	-1.034800
0.016160	-1.034800
0.016240	-1.442600
0.016320	-1.850300
0.016400	-1.442600
0.016480	-1.442600
0.016560	-1.442600
0.016640	-1.442600
0.016720	-1.850300
0.016800	-2.258000
0.016880	-2.665700
0.016960	-2.258000
0.017040	-2.258000
0.017120	-1.850300
0.017200	-2.665700
0.017280	-2.258000
0.017360	-1.850300
0.017440	-2.258000
0.017520	-1.442600
0.017600	-1.442600
0.017680	-2.665700
0.017760	-2.258000
0.017840	-2.665700
0.017920	-2.258000
0.018000	-1.850300
0.018080	-1.034800
0.018160	-1.850300
0.018240	-1.850300
0.018320	-2.258000
0.018400	-1.850300
0.018480	-1.034800
0.018560	-1.034800
0.018640	-1.850300
0.018720	-3.073500
0.018800	-2.665700
0.018880	-3.073500
0.018960	-2.665700
0.019040	-2.258000
0.019120	-1.034800
0.019200	-0.219390
0.019280	-1.442600
0.019360	-1.850300
0.019440	-3.481200
0.019520	-4.704300
0.019600	-3.481200
0.019680	-3.481200
0.019760	-3.073500
0.019840	-2.665700
0.019920	-3.481200
0.020000	-2.665700
0.020080	-2.665700
0.020160	-2.258000
0.020240	-1.850300
0.020320	-2.665700
0.020400	-2.258000
0.020480	-3.073500
0.020560	-3.073500
0.020640	-3.481200
0.020720	-3.481200
0.020800	-2.665700
0.020880	-1.850300
0.020960	-1.850300
0.021040	-1.850300
0.021120	-2.665700
0.021200	-3.888900
0.021280	-3.481200
0.021360	-4.296600
0.021440	-3.481200
0.021520	-3.073500
0.021600	-3.481200
0.021680	-3.073500
0.021760	-2.665700
0.021840	-2.258000
0.021920	-1.442600
0.022000	-1.850300
0.022080	-1.850300
0.022160	-1.850300
0.022240	-2.665700
0.022320	-1.850300
0.022400	-1.442600
0.022480	-2.665700
0.022560	-1.034800
0.022640	0.188330
0.022720	-0.219390
0.022800	-1.850300
0.022880	-4.296600
0.022960	-4.296600
0.023040	-3.073500
0.023120	-1.442600
0.023200	-0.627110
0.023280	-1.442600
0.023360	-3.073500
0.023440	-0.627110
0.023520	3.042400
0.023600	5.488700
0.023680	5.081000
0.023760	2.226900
0.023840	-0.627110
0.023920	0.188330
0.024000	-0.627110
0.024080	0.596060
0.024160	0.188330
0.024240	-0.627110
0.024320	-2.665700
0.024400	-3.481200
0.024480	-1.850300
0.024560	0.188330
0.024640	1.003800
0.024720	0.596060
0.024800	-1.034800
0.024880	-1.034800
0.024960	-0.627110
0.025040	-0.219390
0.025120	1.411500
0.025200	1.411500
0.025280	1.003800
0.025360	0.596060
0.025440	1.819200
0.025520	2.226900
0.025600	3.042400
0.025680	2.634700
0.025760	3.042400
0.025840	2.226900
0.025920	2.634700
0.026000	2.634700
0.026080	3.042400
0.026160	2.634700
0.026240	2.634700
0.026320	2.226900
0.026400	2.226900
0.026480	2.634700
0.026560	3.857900
0.026640	3.042400
0.026720	3.042400
0.026800	2.226900
0.026880	2.226900
0.026960	2.226900
0.027040	1.411500
0.027120	1.003800
0.027200	1.819200
0.027280	0.596060
0.027360	0.596060
0.027440	0.596060
0.027520	1.003800
0.027600	1.411500
0.027680	0.596060
0.027760	0.596060
0.027840	0.596060
0.027920	0.596060
0.028000	1.411500
0.028080	2.226900
0.028160	2.634700
0.028240	2.634700
0.028320	1.819200
0.028400	1.003800
0.028480	0.596060
0.028560	0.188330
0.028640	0.596060
0.028720	0.596060
0.028800	0.596060
0.028880	0.188330
0.028960	-0.627110
0.029040	-0.627110
0.029120	0.596060
0.029200	1.411500
0.029280	1.003800
0.029360	0.596060
0.029440	0.188330
0.029520	-1.034800
0.029600	-0.627110
0.029680	-0.627110
0.029760	-0.219390
0.029840	0.596060
0.029920	0.596060
0.030000	1.003800
0.030080	0.596060
0.030160	-0.219390
0.030240	0.188330
0.030320	0.188330
0.030400	0.188330
0.030480	0.188330
0.030560	0.596060
0.030640	1.003800
0.030720	1.819200
0.030800	2.634700
0.030880	1.819200
0.030960	0.596060
0.031040	1.003800
0.031120	-0.219390
0.031200	-0.219390
0.031280	-1.034800
0.031360	-0.219390
0.031440	0.188330
0.031520	0.188330
0.031600	1.003800
0.031680	1.411500
0.031760	1.411500
0.031840	1.003800
0.031920	0.596060
0.032000	0.596060
0.032080	1.411500
0.032160	1.003800
0.032240	1.819200
0.032320	1.411500
0.032400	1.411500
0.032480	1.003800
0.032560	1.003800
0.032640	1.819200
0.032720	2.226900
0.032800	2.634700
0.032880	2.226900
0.032960	2.226900
0.033040	2.226900
0.033120	1.819200
0.033200	1.819200
0.033280	2.226900
0.033360	2.634700
0.033440	1.411500
0.033520	1.411500
0.033600	1.819200
0.033680	2.634700
0.033760	1.411500
0.033840	1.003800
0.033920	1.411500
0.034000	0.596060
0.034080	0.188330
0.034160	0.596060
0.034240	1.003800
0.034320	1.003800
0.034400	1.819200
0.034480	1.819200
0.034560	1.411500
0.034640	1.411500
0.034720	0.596060
0.034800	0.596060
0.034880	1.003800
0.034960	1.003800
0.035040	1.003800
0.035120	1.819200
0.035200	1.819200
0.035280	1.819200
0.035360	1.411500
0.035440	3.042400
0.035520	2.226900
0.035600	2.634700
0.035680	2.226900
0.035760	2.226900
0.035840	2.226900
0.035920	1.411500
0.036000	1.411500
0.036080	1.819200
0.036160	1.411500
0.036240	1.819200
0.036320	2.226900
0.036400	2.226900
0.036480	2.634700
0.036560	3.450100
0.036640	3.450100
0.036720	3.042400
0.036800	2.634700
0.036880	2.226900
0.036960	2.634700
0.037040	3.450100
0.037120	4.673300
0.037200	4.265600
0.037280	3.450100
0.037360	2.226900
0.037440	1.819200
0.037520	2.634700
0.037600	3.450100
0.037680	3.857900
0.037760	3.857900
0.037840	2.634700
0.037920	2.634700
0.038000	2.634700
0.038080	3.450100
0.038160	3.450100
0.038240	2.634700
0.038320	2.634700
0.038400	2.634700
0.038480	3.450100
0.038560	2.634700
0.038640	3.857900
0.038720	3.857900
0.038800	3.450100
0.038880	3.042400
0.038960	3.450100
0.039040	3.857900
0.039120	3.857900
0.039200	4.673300
0.039280	5.896500
0.039360	5.081000
0.039440	5.488700
0.039520	6.304200
0.039600	4.673300
0.039680	3.857900
0.039760	3.042400
0.039840	4.265600
0.039920	5.081000
0.040000	5.488700
0.040080	6.304200
0.040160	5.896500
0.040240	7.119600
0.040320	6.711900
0.040400	5.488700
0.040480	7.527400
0.040560	7.119600
0.040640	7.935100
0.040720	5.488700
0.040800	6.711900
0.040880	5.896500
0.040960	7.527400
0.041040	8.342800
0.041120	8.750500
0.041200	7.935100
0.041280	7.935100
0.041360	7.935100
0.041440	7.527400
0.041520	7.935100
0.041600	7.527400
0.041680	7.119600
0.041760	6.711900
0.041840	7.527400
0.041920	8.750500
0.042000	8.342800
0.042080	8.750500
0.042160	8.342800
0.042240	7.935100
0.042320	7.935100
0.042400	7.119600
0.042480	7.935100
0.042560	7.527400
0.042640	7.119600
0.042720	7.527400
0.042800	7.527400
0.042880	7.119600
0.042960	8.342800
0.043040	7.527400
0.043120	7.527400
0.043200	6.711900
0.043280	7.119600
0.043360	7.119600
0.043440	7.527400
0.043520	7.527400
0.043600	7.119600
0.043680	7.119600
0.043760	7.119600
0.043840	6.304200
0.043920	5.896500
0.044000	6.711900
0.044080	8.342800
0.044160	7.935100
0.044240	7.119600
0.044320	7.119600
0.044400	6.304200
0.044480	6.711900
0.044560	6.711900
0.044640	7.119600
0.044720	6.711900
0.044800	6.304200
0.044880	5.488700
0.044960	5.081000
0.045040	5.896500
0.045120	5.488700
0.045200	5.896500
0.045280	5.896500
0.045360	5.081000
0.045440	5.081000
0.045520	6.304200
0.045600	5.896500
0.045680	7.119600
0.045760	6.711900
0.045840	6.304200
0.045920	6.304200
0.046000	6.304200
0.046080	6.304200
0.046160	7.527400
0.046240	7.527400
0.046320	7.527400
0.046400	7.119600
0.046480	7.119600
0.046560	7.527400
0.046640	7.527400
0.046720	6.304200
0.046800	6.711900
0.046880	7.527400
0.046960	6.711900
0.047040	6.304200
0.047120	5.488700
0.047200	6.304200
0.047280	6.304200
0.047360	7.119600
0.047440	7.119600
0.047520	7.119600
0.047600	7.527400
0.047680	6.304200
0.047760	5.081000
0.047840	3.857900
0.047920	2.634700
0.048000	2.226900
0.048080	2.634700
0.048160	2.226900
0.048240	2.226900
0.048320	2.226900
0.048400	2.226900
0.048480	2.634700
0.048560	2.226900
0.048640	1.819200
0.048720	1.819200
0.048800	1.003800
0.048880	1.003800
0.048960	1.003800
0.049040	0.188330
0.049120	1.411500
0.049200	0.596060
0.049280	0.188330
0.049360	-1.034800
0.049440	-0.627110
0.049520	-2.665700
0.049600	-1.850300
0.049680	-2.258000
0.049760	-2.665700
0.049840	-3.073500
0.049920	-3.481200
0.050000	-3.481200
0.050080	-4.296600
0.050160	-4.296600
0.050240	-4.704300
0.050320	-4.296600
0.050400	-3.888900
0.050480	-3.888900
0.050560	-4.704300
0.050640	-4.296600
0.050720	-5.519800
0.050800	-6.335200
0.050880	-5.927500
0.050960	-6.743000
0.051040	-6.335200
0.051120	-7.558400
0.051200	-7.966100
0.051280	-7.966100
0.051360	-7.966100
0.051440	-9.189300
0.051520	-9.189300
0.051600	-10.413000
0.051680	-10.413000
0.051760	-10.413000
0.051840	-8.781600
0.051920	-9.189300
0.052000	-7.966100
0.052080	-8.373900
0.052160	-8.781600
0.052240	-10.413000
0.052320	-10.820000
0.052400	-10.413000
0.052480	-8.781600
0.052560	-7.966100
0.052640	-8.373900
0.052720	-8.373900
0.052800	-8.373900
0.052880	-8.373900
0.052960	-7.558400
0.053040	-6.743000
0.053120	-6.335200
0.053200	-6.743000
0.053280	-7.966100
0.053360	-8.373900
0.053440	-9.189300
0.053520	-9.189300
0.053600	-8.373900
0.053680	-7.150700
0.053760	-6.335200
0.053840	-5.927500
0.053920	-7.150700
0.054000	-7.966100
0.054080	-7.966100
0.054160	-7.150700
0.054240	-6.743000
0.054320	-5.927500
0.054400	-5.927500
0.054480	-4.296600
0.054560	-3.888900
0.054640	-3.481200
0.054720	-3.073500
0.054800	-2.258000
0.054880	-2.258000
0.054960	-1.850300
0.055040	-2.665700
0.055120	-3.481200
0.055200	-4.704300
0.055280	-5.519800
0.055360	-5.927500
0.055440	-4.704300
0.055520	-3.888900
0.055600	-3.481200
0.055680	-3.073500
0.055760	-4.296600
0.055840	-4.704300
0.055920	-3.888900
0.056000	-4.704300
0.056080	-4.296600
0.056160	-3.888900
0.056240	-4.704300
0.056320	-3.481200
0.056400	-4.296600
0.056480	-4.704300
0.056560	-4.704300
0.056640	-5.112100
0.056720	-5.519800
0.056800	-4.704300
0.056880	-3.888900
0.056960	-3.888900
0.057040	-2.258000
0.057120	-4.704300
0.057200	-5.112100
0.057280	-5.112100
0.057360	-6.335200
0.057440	-5.927500
0.057520	-6.335200
0.057600	-5.519800
0.057680	-5.519800
0.057760	-7.150700
0.057840	-6.335200
0.057920	-5.519800
0.058000	-5.519800
0.058080	-5.519800
0.058160	-5.112100
0.058240	-4.704300
0.058320	-5.519800
0.058400	-5.519800
0.058480	-4.296600
0.058560	-3.888900
0.058640	-2.665700
0.058720	-2.258000
0.058800	-3.073500
0.058880	-2.665700
0.058960	-3.073500
0.059040	-2.258000
0.059120	-1.850300
0.059200	-2.258000
0.059280	-2.258000
0.059360	-0.627110
0.059440	0.188330
0.059520	0.596060
0.059600	-0.219390
0.059680	-0.627110
0.059760	-1.034800
0.059840	-0.627110
0.059920	1.003800
0.060000	1.819200
0.060080	2.226900
0.060160	1.819200
0.060240	0.596060
0.060320	-0.219390
0.060400	-0.219390
0.060480	0.596060
0.060560	1.003800
0.060640	0.596060
0.060720	1.411500
0.060800	1.411500
0.060880	0.596060
0.060960	0.188330
0.061040	1.003800
0.061120	0.188330
0.061200	0.596060
0.061280	1.003800
0.061360	1.003800
0.061440	0.596060
0.061520	2.226900
0.061600	2.634700
0.061680	2.226900
0.061760	2.634700
0.061840	2.634700
0.061920	1.003800
0.062000	-1.442600
0.062080	-2.665700
0.062160	-1.850300
0.062240	2.226900
0.062320	6.304200
0.062400	7.527400
0.062480	7.119600
0.062560	5.488700
0.062640	4.265600
0.062720	3.857900
0.062800	4.265600
0.062880	5.081000
0.062960	4.673300
0.063040	4.673300
0.063120	4.673300
0.063200	5.488700
0.063280	7.119600
0.063360	6.304200
0.063440	7.119600
0.063520	6.304200
0.063600	5.081000
0.063680	5.896500
0.063760	5.488700
0.063840	5.081000
0.063920	5.081000
0.064000	5.896500
0.064080	7.119600
0.064160	6.711900
0.064240	7.119600
0.064320	7.527400
0.064400	8.342800
0.064480	8.342800
0.064560	8.750500
0.064640	9.566000
0.064720	9.973700
0.064800	10.381000
0.064880	10.381000
0.064960	8.750500
0.065040	7.119600
0.065120	5.081000
0.065200	3.450100
0.065280	2.634700
0.065360	3.450100
0.065440	3.450100
0.065520	3.450100
0.065600	5.081000
0.065680	5.081000
0.065760	5.488700
0.065840	5.488700
0.065920	5.488700
0.066000	5.488700
0.066080	6.304200
0.066160	6.304200
0.066240	7.119600
0.066320	6.711900
0.066400	7.119600
0.066480	8.342800
0.066560	7.119600
0.066640	8.342800
0.066720	6.711900
0.066800	6.304200
0.066880	6.304200
0.066960	5.081000
0.067040	5.081000
0.067120	4.673300
0.067200	3.857900
0.067280	4.265600
0.067360	4.673300
0.067440	4.673300
0.067520	4.673300
0.067600	5.081000
0.067680	5.488700
0.067760	5.488700
0.067840	5.896500
0.067920	4.673300
0.068000	4.673300
0.068080	5.896500
0.068160	6.304200
0.068240	5.488700
0.068320	5.488700
0.068400	5.081000
0.068480	4.265600
0.068560	4.265600
0.068640	4.265600
0.068720	3.857900
0.068800	4.265600
0.068880	3.450100
0.068960	3.450100
0.069040	3.450100
0.069120	3.857900
0.069200	3.042400
0.069280	3.042400
0.069360	2.634700
0.069440	2.634700
0.069520	2.634700
0.069600	2.634700
0.069680	2.226900
0.069760	1.819200
0.069840	1.411500
0.069920	0.596060
0.070000	0.188330
0.070080	1.003800
0.070160	3.042400
0.070240	3.042400
0.070320	2.226900
0.070400	1.411500
0.070480	-0.219390
0.070560	-1.034800
0.070640	-2.258000
0.070720	-2.258000
0.070800	-3.073500
0.070880	-3.481200
0.070960	-3.888900
0.071040	-3.481200
0.071120	-3.073500
0.071200	-3.481200
0.071280	-3.481200
0.071360	-3.481200
0.071440	-4.296600
0.071520	-4.296600
0.071600	-4.704300
0.071680	-4.704300
0.071760	-5.519800
0.071840	-4.296600
0.071920	-3.073500
0.072000	-3.073500
0.072080	-3.481200
0.072160	-3.481200
0.072240	-5.112100
0.072320	-5.112100
0.072400	-5.112100
0.072480	-5.112100
0.072560	-5.112100
0.072640	-5.112100
0.072720	-5.519800
0.072800	-5.519800
0.072880	-5.112100
0.072960	-4.704300
0.073040	-4.704300
0.073120	-4.704300
0.073200	-4.296600
0.073280	-4.704300
0.073360	-4.704300
0.073440	-4.296600
0.073520	-3.481200
0.073600	-4.296600
0.073680	-5.112100
0.073760	-5.927500
0.073840	-5.519800
0.073920	-5.927500
0.074000	-5.519800
0.074080	-6.335200
0.074160	-2.258000
0.074240	-2.258000
0.074320	-2.665700
0.074400	-3.073500
0.074480	-1.442600
0.074560	0.188330
0.074640	1.411500
0.074720	1.411500
0.074800	2.226900
0.074880	2.634700
0.074960	3.857900
0.075040	4.265600
0.075120	4.673300
0.075200	6.304200
0.075280	5.488700
0.075360	5.896500
0.075440	4.265600
0.075520	3.450100
0.075600	2.634700
0.075680	2.634700
0.075760	3.042400
0.075840	4.265600
0.075920	3.450100
0.076000	1.819200
0.076080	0.596060
0.076160	0.188330
0.076240	1.003800
0.076320	2.634700
0.076400	1.819200
0.076480	2.226900
0.076560	2.226900
0.076640	1.411500
0.076720	1.819200
0.076800	1.819200
0.076880	2.634700
0.076960	2.226900
0.077040	3.450100
0.077120	2.634700
0.077200	2.634700
0.077280	2.226900
0.077360	2.226900
0.077440	2.634700
0.077520	2.634700
0.077600	3.857900
0.077680	3.857900
0.077760	3.450100
0.077840	3.450100
0.077920	3.042400
0.078000	3.857900
0.078080	3.450100
0.078160	3.857900
0.078240	2.634700
0.078320	3.450100
0.078400	3.857900
0.078480	3.450100
0.078560	3.042400
0.078640	2.634700
0.078720	2.226900
0.078800	2.634700
0.078880	3.857900
0.078960	3.857900
0.079040	3.042400
0.079120	2.634700
0.079200	2.226900
0.079280	3.450100
0.079360	3.450100
0.079440	4.265600
0.079520	3.450100
0.079600	3.857900
0.079680	3.857900
0.079760	2.634700
0.079840	2.634700
0.079920	2.226900
0.080000	2.634700
0.080080	2.634700
0.080160	2.634700
0.080240	1.819200
0.080320	0.596060
0.080400	0.596060
0.080480	1.003800
0.080560	1.003800
0.080640	1.003800
0.080720	2.226900
0.080800	1.819200
0.080880	2.634700
0.080960	3.450100
0.081040	3.042400
0.081120	3.042400
0.081200	2.634700
0.081280	2.634700
0.081360	1.819200
0.081440	1.819200
0.081520	0.596060
0.081600	1.819200
0.081680	1.819200
0.081760	3.042400
0.081840	4.673300
0.081920	4.673300
0.082000	5.081000
0.082080	3.857900
0.082160	4.265600
0.082240	3.857900
0.082320	3.450100
0.082400	2.634700
0.082480	3.857900
0.082560	3.857900
0.082640	4.265600
0.082720	5.896500
0.082800	6.304200
0.082880	5.488700
0.082960	5.488700
0.083040	5.488700
0.083120	5.488700
0.083200	6.304200
0.083280	5.896500
0.083360	6.711900
0.083440	7.527400
0.083520	7.527400
0.083600	7.527400
0.083680	7.935100
0.083760	7.119600
0.083840	6.711900
0.083920	5.488700
0.084000	5.488700
0.084080	5.896500
0.084160	6.304200
0.084240	6.304200
0.084320	6.711900
0.084400	6.304200
0.084480	5.896500
0.084560	5.896500
0.084640	5.896500
0.084720	5.081000
0.084800	4.265600
0.084880	4.265600
0.084960	3.042400
0.085040	3.857900
0.085120	3.857900
0.085200	3.857900
0.085280	2.634700
0.085360	2.634700
0.085440	1.819200
0.085520	1.819200
0.085600	1.819200
0.085680	1.819200
0.085760	1.411500
0.085840	1.003800
0.085920	0.596060
0.086000	0.596060
0.086080	0.596060
0.086160	0.596060
0.086240	0.596060
0.086320	0.188330
0.086400	0.188330
0.086480	-0.219390
0.086560	0.188330
0.086640	-0.627110
0.086720	-0.627110
0.086800	-0.627110
0.086880	-0.219390
0.086960	-0.219390
0.087040	0.188330
0.087120	-0.219390
0.087200	-0.219390
0.087280	-1.034800
0.087360	-1.850300
0.087440	-1.034800
0.087520	-1.442600
0.087600	-0.219390
0.087680	1.003800
0.087760	0.596060
0.087840	1.411500
0.087920	1.411500
0.088000	0.596060
0.088080	-1.034800
0.088160	-1.034800
0.088240	-1.442600
0.088320	-1.442600
0.088400	-1.034800
0.088480	-0.627110
0.088560	0.188330
0.088640	0.188330
0.088720	0.188330
0.088800	0.596060
0.088880	1.819200
0.088960	2.226900
0.089040	2.226900
0.089120	1.819200
0.089200	1.411500
0.089280	1.003800
0.089360	1.819200
0.089440	2.226900
0.089520	3.042400
0.089600	2.226900
0.089680	1.411500
0.089760	0.596060
0.089840	0.188330
0.089920	1.819200
0.090000	3.042400
0.090080	2.226900
0.090160	2.226900
0.090240	1.411500
0.090320	3.450100
0.090400	2.226900
0.090480	1.411500
0.090560	2.226900
0.090640	2.634700
0.090720	1.411500
0.090800	2.226900
0.090880	3.857900
0.090960	4.673300
0.091040	4.265600
0.091120	3.857900
0.091200	3.857900
0.091280	3.857900
0.091360	5.081000
0.091440	5.081000
0.091520	4.673300
0.091600	5.896500
0.091680	5.896500
0.091760	5.896500
0.091840	5.896500
0.091920	5.896500
0.092000	6.304200
0.092080	6.711900
0.092160	7.527400
0.092240	7.935100
0.092320	7.935100
0.092400	7.935100
0.092480	8.342800
0.092560	7.935100
0.092640	8.342800
0.092720	9.158300
0.092800	8.342800
0.092880	9.158300
0.092960	9.566000
0.093040	9.566000
0.093120	9.973700
0.093200	9.566000
0.093280	9.973700
0.093360	9.566000
0.093440	11.197000
0.093520	11.197000
0.093600	11.197000
0.093680	12.012000
0.093760	12.420000
0.093840	11.605000
0.093920	11.197000
0.094000	10.789000
0.094080	11.197000
0.094160	12.012000
0.094240	12.012000
0.094320	12.828000
0.094400	13.236000
0.094480	13.236000
0.094560	13.643000
0.094640	13.236000
0.094720	12.828000
0.094800	13.236000
0.094880	12.420000
0.094960	12.420000
0.095040	11.605000
0.095120	12.012000
0.095200	12.828000
0.095280	12.828000
0.095360	11.197000
0.095440	11.605000
0.095520	11.197000
0.095600	12.420000
0.095680	13.236000
0.095760	12.828000
0.095840	13.236000
0.095920	13.236000
0.096000	14.051000
0.096080	14.866000
0.096160	14.051000
0.096240	13.643000
0.096320	12.420000
0.096400	11.605000
0.096480	11.605000
0.096560	10.789000
0.096640	10.789000
0.096720	11.197000
0.096800	12.420000
0.096880	12.420000
0.096960	13.236000
0.097040	12.828000
0.097120	12.828000
0.097200	12.420000
0.097280	12.828000
0.097360	13.643000
0.097440	12.828000
0.097520	13.236000
0.097600	13.236000
0.097680	12.828000
0.097760	13.236000
0.097840	13.643000
0.097920	13.236000
0.098000	12.828000
0.098080	13.643000
0.098160	14.459000
0.098240	15.274000
0.098320	14.459000
0.098400	14.459000
0.098480	14.459000
0.098560	13.236000
0.098640	14.051000
0.098720	13.643000
0.098800	15.274000
0.098880	16.497000
0.098960	16.497000
0.099040	16.090000
0.099120	15.274000
0.099200	14.459000
0.099280	13.643000
0.099360	13.643000
0.099440	14.459000
0.099520	15.274000
0.099600	15.274000
0.099680	14.866000
0.099760	14.866000
0.099840	15.682000
0.099920	16.090000
0.100000	15.274000
0.100080	15.274000
0.100160	14.866000
0.100240	14.866000
0.100320	14.866000
0.100400	15.274000
0.100480	16.090000
0.100560	16.090000
0.100640	16.090000
0.100720	14.866000
0.100800	14.866000
0.100880	14.866000
0.100960	15.274000
0.101040	14.459000
0.101120	15.682000
0.101200	16.090000
0.101280	16.905001
0.101360	16.905001
0.101440	17.313000
0.101520	16.905001
0.101600	16.905001
0.101680	16.497000
0.101760	16.905001
0.101840	17.313000
0.101920	17.313000
0.102000	18.128000
0.102080	18.128000
0.102160	17.313000
0.102240	16.905001
0.102320	15.682000
0.102400	16.090000
0.102480	16.905001
0.102560	17.721001
0.102640	17.721001
0.102720	18.128000
0.102800	16.905001
0.102880	16.497000
0.102960	15.274000
0.103040	15.682000
0.103120	15.682000
0.103200	15.682000
0.103280	15.682000
0.103360	15.682000
0.103440	15.682000
0.103520	15.274000
0.103600	15.682000
0.103680	15.682000
0.103760	16.090000
0.103840	16.497000
0.103920	16.090000
0.104000	16.090000
0.104080	17.313000
0.104160	16.905001
0.104240	17.721001
0.104320	18.128000
0.104400	18.535999
0.104480	19.351000
0.104560	18.944000
0.104640	18.944000
0.104720	19.759001
0.104800	19.351000
0.104880	19.759001
0.104960	20.167000
0.105040	20.167000
0.105120	20.573999
0.105200	20.573999
0.105280	20.982000
0.105360	20.573999
0.105440	20.573999
0.105520	20.982000
0.105600	21.389999
0.105680	20.982000
0.105760	21.798000
0.105840	22.205000
0.105920	21.389999
0.106000	21.389999
0.106080	20.573999
0.106160	19.759001
0.106240	20.167000
0.106320	19.351000
0.106400	18.944000
0.106480	19.351000
0.106560	19.351000
0.106640	18.535999
0.106720	19.351000
0.106800	19.759001
0.106880	19.759001
0.106960	19.759001
0.107040	19.351000
0.107120	18.944000
0.107200	20.982000
0.107280	20.167000
0.107360	20.167000
0.107440	19.351000
0.107520	20.167000
0.107600	20.167000
0.107680	20.167000
0.107760	20.167000
0.107840	20.167000
0.107920	20.982000
0.108000	21.389999
0.108080	20.982000
0.108160	20.573999
0.108240	19.759001
0.108320	19.759001
0.108400	19.351000
0.108480	19.351000
0.108560	20.167000
0.108640	20.573999
0.108720	21.389999
0.108800	20.573999
0.108880	20.573999
0.108960	20.573999
0.109040	20.573999
0.109120	20.982000
0.109200	21.389999
0.109280	20.982000
0.109360	20.982000
0.109440	20.573999
0.109520	20.167000
0.109600	20.982000
0.109680	20.573999
0.109760	20.982000
0.109840	21.389999
0.109920	21.798000
0.110000	22.205000
0.110080	22.613001
0.110160	22.205000
0.110240	23.021000
0.110320	23.429001
0.110400	23.021000
0.110480	23.021000
0.110560	23.429001
0.110640	23.429001
0.110720	24.243999
0.110800	24.243999
0.110880	25.059000
0.110960	25.466999
0.111040	24.652000
0.111120	25.059000
0.111200	24.243999
0.111280	24.243999
0.111360	24.652000
0.111440	24.243999
0.111520	25.059000
0.111600	25.875000
0.111680	25.875000
0.111760	25.059000
0.111840	25.059000
0.111920	25.059000
0.112000	25.466999
0.112080	26.283001
0.112160	27.098000
0.112240	26.690001
0.112320	25.875000
0.112400	25.466999
0.112480	26.283001
0.112560	26.283001
0.112640	25.875000
0.112720	25.059000
0.112800	25.875000
0.112880	25.466999
0.112960	25.875000
0.113040	25.466999
0.113120	25.875000
0.113200	25.875000
0.113280	26.690001
0.113360	26.283001
0.113440	27.098000
0.113520	27.506001
0.113600	25.875000
0.113680	25.059000
0.113760	25.059000
0.113840	24.652000
0.113920	25.466999
0.114000	25.466999
0.114080	25.059000
0.114160	23.021000
0.114240	23.021000
0.114320	23.429001
0.114400	24.243999
0.114480	26.283001
0.114560	27.914000
0.114640	29.136999
0.114720	29.136999
0.114800	29.952000
0.114880	29.136999
0.114960	29.952000
0.115040	29.952000
0.115120	29.136999
0.115200	28.729000
0.115280	27.914000
0.115360	27.506001
0.115440	27.506001
0.115520	27.914000
0.115600	28.320999
0.115680	28.729000
0.115760	29.545000
0.115840	30.360001
0.115920	29.136999
0.116000	27.914000
0.116080	27.914000
0.116160	27.098000
0.116240	27.506001
0.116320	27.506001
0.116400	27.914000
0.116480	27.914000
0.116560	26.690001
0.116640	25.875000
0.116720	25.059000
0.116800	24.652000
0.116880	25.059000
0.116960	25.466999
0.117040	27.098000
0.117120	27.506001
0.117200	26.690001
0.117280	24.652000
0.117360	25.466999
0.117440	25.059000
0.117520	24.652000
0.117600	24.652000
0.117680	25.059000
0.117760	25.059000
0.117840	25.059000
0.117920	26.690001
0.118000	26.690001
0.118080	27.098000
0.118160	27.506001
0.118240	28.320999
0.118320	27.914000
0.118400	28.729000
0.118480	28.729000
0.118560	28.729000
0.118640	28.320999
0.118720	29.136999
0.118800	29.136999
0.118880	28.320999
0.118960	27.914000
0.119040	27.506001
0.119120	26.690001
0.119200	26.690001
0.119280	26.283001
0.119360	25.875000
0.119440	24.652000
0.119520	23.836000
0.119600	24.243999
0.119680	23.836000
0.119760	24.652000
0.119840	24.243999
0.119920	25.059000
0.120000	25.875000
0.120080	25.466999
0.120160	24.652000
0.120240	25.059000
0.120320	25.466999
0.120400	26.283001
0.120480	27.506001
0.120560	28.320999
0.120640	28.320999
0.120720	28.729000
0.120800	28.729000
0.120880	27.506001
0.120960	28.320999
0.121040	29.952000
0.121120	30.360001
0.121200	31.174999
0.121280	31.174999
0.121360	30.768000
0.121440	31.174999
0.121520	30.360001
0.121600	28.729000
0.121680	29.136999
0.121760	28.729000
0.121840	29.136999
0.121920	28.729000
0.122000	28.729000
0.122080	27.098000
0.122160	27.098000
0.122240	26.283001
0.122320	26.690001
0.122400	26.690001
0.122480	26.283001
0.122560	25.466999
0.122640	25.875000
0.122720	26.283001
0.122800	25.059000
0.122880	25.466999
0.122960	25.875000
0.123040	26.283001
0.123120	27.506001
0.123200	28.320999
0.123280	27.506001
0.123360	25.875000
0.123440	24.652000
0.123520	24.243999
0.123600	25.059000
0.123680	25.059000
0.123760	26.283001
0.123840	25.875000
0.123920	25.875000
0.124000	26.283001
0.124080	27.098000
0.124160	27.098000
0.124240	26.283001
0.124320	24.652000
0.124400	24.243999
0.124480	23.021000
0.124560	22.613001
0.124640	21.798000
0.124720	22.613001
0.124800	22.613001
0.124880	22.205000
0.124960	21.798000
0.125040	21.798000
0.125120	20.982000
0.125200	20.573999
0.125280	20.573999
0.125360	21.389999
0.125440	21.798000
0.125520	21.798000
0.125600	21.389999
0.125680	20.573999
0.125760	20.982000
0.125840	20.573999
0.125920	20.982000
0.126000	21.389999
0.126080	21.389999
0.126160	21.798000
0.126240	21.798000
0.126320	24.652000
0.126400	23.429001
0.126480	22.613001
0.126560	20.167000
0.126640	20.167000
0.126720	18.535999
0.126800	20.167000
0.126880	21.389999
0.126960	21.798000
0.127040	21.798000
0.127120	21.389999
0.127200	21.389999
0.127280	20.982000
0.127360	20.167000
0.127440	20.167000
0.127520	20.573999
0.127600	19.351000
0.127680	19.759001
0.127760	20.167000
0.127840	20.167000
0.127920	19.759001
0.128000	20.573999
0.128080	19.759001
0.128160	19.351000
0.128240	18.128000
0.128320	18.535999
0.128400	17.721001
0.128480	18.535999
0.128560	18.535999
0.128640	18.944000
0.128720	19.351000
0.128800	19.759001
0.128880	20.167000
0.128960	19.759001
0.129040	19.759001
0.129120	19.351000
0.129200	18.944000
0.129280	19.351000
0.129360	19.759001
0.129440	19.759001
0.129520	19.759001
0.129600	18.944000
0.129680	18.944000
0.129760	19.351000
0.129840	18.944000
0.129920	19.351000
0.130000	19.351000
0.130080	19.351000
0.130160	19.759001
0.130240	19.351000
0.130320	19.351000
0.130400	20.167000
0.130480	19.351000
0.130560	18.944000
0.130640	18.128000
0.130720	18.535999
0.130800	18.944000
0.130880	19.759001
0.130960	19.351000
0.131040	19.759001
0.131120	19.759001
0.131200	18.535999
0.131280	18.128000
0.131360	18.944000
0.131440	18.128000
0.131520	19.759001
0.131600	19.759001
0.131680	18.944000
0.131760	18.535999
0.131840	18.128000
0.131920	18.535999
0.132000	18.128000
0.132080	17.313000
0.132160	17.721001
0.132240	17.721001
0.132320	18.535999
0.132400	18.944000
0.132480	19.759001
0.132560	20.982000
0.132640	20.573999
0.132720	20.982000
0.132800	20.573999
0.132880	20.573999
0.132960	19.759001
0.133040	20.167000
0.133120	20.573999
0.133200	20.573999
0.133280	20.573999
0.133360	20.982000
0.133440	21.389999
0.133520	20.167000
0.133600	19.759001
0.133680	18.128000
0.133760	19.351000
0.133840	18.944000
0.133920	18.944000
0.134000	19.351000
0.134080	19.351000
0.134160	18.944000
0.134240	18.535999
0.134320	17.721001
0.134400	17.721001
0.134480	17.721001
0.134560	18.535999
0.134640	18.535999
0.134720	18.535999
0.134800	18.535999
0.134880	18.944000
0.134960	18.944000
0.135040	18.128000
0.135120	19.351000
0.135200	20.167000
0.135280	20.573999
0.135360	19.351000
0.135440	18.128000
0.135520	16.090000
0.135600	16.090000
0.135680	16.090000
0.135760	16.905001
0.135840	17.313000
0.135920	16.905001
0.136000	16.905001
0.136080	16.905001
0.136160	16.905001
0.136240	17.313000
0.136320	16.905001
0.136400	16.090000
0.136480	15.274000
0.136560	14.866000
0.136640	14.866000
0.136720	15.274000
0.136800	14.866000
0.136880	15.682000
0.136960	14.866000
0.137040	15.274000
0.137120	14.866000
0.137200	15.274000
0.137280	15.682000
0.137360	15.274000
0.137440	14.459000
0.137520	13.236000
0.137600	12.828000
0.137680	13.236000
0.137760	13.236000
0.137840	13.643000
0.137920	12.420000
0.138000	12.828000
0.138080	13.236000
0.138160	13.643000
0.138240	12.828000
0.138320	12.420000
0.138400	12.420000
0.138480	13.643000
0.138560	13.236000
0.138640	13.643000
0.138720	13.236000
0.138800	12.828000
0.138880	12.012000
0.138960	12.012000
0.139040	11.605000
0.139120	11.605000
0.139200	12.012000
0.139280	11.605000
0.139360	11.605000
0.139440	10.381000
0.139520	10.381000
0.139600	9.973700
0.139680	8.750500
0.139760	8.750500
0.139840	8.750500
0.139920	8.750500
0.140000	7.935100
0.140080	7.527400
0.140160	7.527400
0.140240	7.527400
0.140320	6.304200
0.140400	7.527400
0.140480	6.711900
0.140560	5.896500
0.140640	7.527400
0.140720	6.304200
0.140800	6.711900
0.140880	7.119600
0.140960	6.304200
0.141040	5.896500
0.141120	5.488700
0.141200	5.488700
0.141280	5.488700
0.141360	5.896500
0.141440	6.304200
0.141520	5.896500
0.141600	5.488700
0.141680	5.488700
0.141760	5.081000
0.141840	5.081000
0.141920	5.081000
0.142000	4.673300
0.142080	5.488700
0.142160	6.304200
0.142240	5.081000
0.142320	3.857900
0.142400	3.857900
0.142480	3.450100
0.142560	3.857900
0.142640	3.857900
0.142720	3.857900
0.142800	2.634700
0.142880	3.042400
0.142960	3.042400
0.143040	2.226900
0.143120	1.411500
0.143200	2.634700
0.143280	3.042400
0.143360	2.634700
0.143440	3.450100
0.143520	3.042400
0.143600	3.042400
0.143680	1.819200
0.143760	2.226900
0.143840	2.226900
0.143920	2.226900
0.144000	1.819200
0.144080	2.226900
0.144160	2.634700
0.144240	2.226900
0.144320	1.411500
0.144400	1.411500
0.144480	1.411500
0.144560	1.819200
0.144640	1.819200
0.144720	1.411500
0.144800	1.003800
0.144880	0.188330
0.144960	-0.627110
0.145040	0.188330
0.145120	0.596060
0.145200	0.188330
0.145280	1.003800
0.145360	1.003800
0.145440	-0.219390
0.145520	0.188330
0.145600	-0.219390
0.145680	0.188330
0.145760	0.596060
0.145840	0.596060
0.145920	1.003800
0.146000	1.411500
0.146080	1.003800
0.146160	0.596060
0.146240	0.596060
0.146320	1.003800
0.146400	0.188330
0.146480	0.188330
0.146560	0.596060
0.146640	1.003800
0.146720	0.188330
0.146800	0.188330
0.146880	-0.219390
0.146960	0.188330
0.147040	-0.627110
0.147120	-0.219390
0.147200	-0.219390
0.147280	-0.627110
0.147360	-0.627110
0.147440	-1.034800
0.147520	0.188330
0.147600	-0.219390
0.147680	-1.034800
0.147760	-0.219390
0.147840	-0.219390
0.147920	0.596060
0.148000	1.411500
0.148080	0.188330
0.148160	0.596060
0.148240	0.596060
0.148320	0.596060
0.148400	1.819200
0.148480	1.819200
0.148560	1.819200
0.148640	2.634700
0.148720	3.042400
0.148800	2.634700
0.148880	3.450100
0.148960	3.042400
0.149040	3.042400
0.149120	2.226900
0.149200	1.819200
0.149280	1.819200
0.149360	2.226900
0.149440	2.226900
0.149520	1.411500
0.149600	2.226900
0.149680	1.411500
0.149760	1.003800
0.149840	1.003800
0.149920	1.411500
0.150000	1.819200
0.150080	2.634700
0.150160	2.634700
0.150240	2.226900
0.150320	1.411500
0.150400	1.411500
0.150480	1.411500
0.150560	0.596060
0.150640	1.411500
0.150720	2.634700
0.150800	2.634700
0.150880	2.226900
0.150960	1.819200
0.151040	3.450100
0.151120	3.042400
0.151200	2.634700
0.151280	3.450100
0.151360	4.265600
0.151440	2.634700
0.151520	3.450100
0.151600	2.634700
0.151680	2.634700
0.151760	2.634700
0.151840	3.450100
0.151920	4.265600
0.152000	3.857900
0.152080	3.857900
0.152160	3.450100
0.152240	3.042400
0.152320	3.450100
0.152400	3.450100
0.152480	3.857900
0.152560	3.857900
0.152640	3.450100
0.152720	3.042400
0.152800	2.634700
0.152880	2.634700
0.152960	3.042400
0.153040	4.265600
0.153120	3.857900
0.153200	4.265600
0.153280	5.896500
0.153360	6.304200
0.153440	7.527400
0.153520	8.342800
0.153600	7.935100
0.153680	6.711900
0.153760	5.081000
0.153840	3.042400
0.153920	0.596060
0.154000	-0.219390
0.154080	-1.442600
0.154160	-3.073500
0.154240	-3.481200
0.154320	-3.481200
0.154400	-3.073500
0.154480	-3.073500
0.154560	-2.665700
0.154640	-3.481200
0.154720	-3.888900
0.154800	-4.296600
0.154880	-4.296600
0.154960	-3.888900
0.155040	-3.073500
0.155120	-3.481200
0.155200	-3.073500
0.155280	-3.073500
0.155360	-2.665700
0.155440	-1.850300
0.155520	-2.258000
0.155600	-2.665700
0.155680	-2.258000
0.155760	-2.665700
0.155840	-2.258000
0.155920	-1.442600
0.156000	-1.442600
0.156080	-1.442600
0.156160	-1.850300
0.156240	-2.258000
0.156320	-1.850300
0.156400	-2.665700
0.156480	-3.481200
0.156560	-3.888900
0.156640	-3.481200
0.156720	-3.073500
0.156800	-2.258000
0.156880	-1.850300
0.156960	-2.258000
0.157040	-4.296600
0.157120	-2.258000
0.157200	-2.665700
0.157280	-1.034800
0.157360	-2.258000
0.157440	-0.627110
0.157520	-2.665700
0.157600	-2.258000
0.157680	-1.850300
0.157760	-1.442600
0.157840	-1.034800
0.157920	-0.627110
0.158000	-1.850300
0.158080	-1.850300
0.158160	-3.073500
0.158240	-2.665700
0.158320	-1.850300
0.158400	-1.442600
0.158480	-0.219390
0.158560	-0.627110
0.158640	-1.034800
0.158720	-1.442600
0.158800	-1.442600
0.158880	-1.442600
0.158960	-1.850300
0.159040	-1.850300
0.159120	-1.850300
0.159200	-2.258000
0.159280	-1.850300
0.159360	-1.442600
0.159440	-1.034800
0.159520	-1.442600
0.159600	-1.034800
0.159680	-1.034800
0.159760	-1.442600
0.159840	-1.850300
0.159920	-1.442600
0.160000	-2.258000
0.160080	-1.850300
0.160160	-2.258000
0.160240	-2.665700
0.160320	-2.665700
0.160400	-3.073500
0.160480	-2.665700
0.160560	-2.258000
0.160640	-1.850300
0.160720	-1.442600
0.160800	-1.442600
0.160880	-0.627110
0.160960	-1.442600
0.161040	-2.258000
0.161120	-3.888900
0.161200	-4.704300
0.161280	-5.112100
0.161360	-4.296600
0.161440	-3.888900
0.161520	-3.481200
0.161600	-3.888900
0.161680	-3.481200
0.161760	-3.481200
0.161840	-3.481200
0.161920	-3.481200
0.162000	-3.481200
0.162080	-5.112100
0.162160	-5.519800
0.162240	-6.335200
0.162320	-5.519800
0.162400	-4.704300
0.162480	-3.888900
0.162560	-3.888900
0.162640	-5.112100
0.162720	-5.519800
0.162800	-6.743000
0.162880	-7.150700
0.162960	-6.335200
0.163040	-5.927500
0.163120	-5.112100
0.163200	-5.112100
0.163280	-5.112100
0.163360	-5.112100
0.163440	-5.519800
0.163520	-5.927500
0.163600	-6.743000
0.163680	-5.519800
0.163760	-5.927500
0.163840	-5.927500
0.163920	-6.743000
0.164000	-6.743000
0.164080	-6.743000
0.164160	-5.927500
0.164240	-5.519800
0.164320	-5.519800
0.164400	-6.743000
0.164480	-6.743000
0.164560	-6.335200
0.164640	-6.335200
0.164720	-5.927500
0.164800	-5.927500
0.164880	-6.335200
0.164960	-7.150700
0.165040	-6.743000
0.165120	-6.743000
0.165200	-5.519800
0.165280	-5.927500
0.165360	-5.927500
0.165440	-5.519800
0.165520	-5.112100
0.165600	-5.519800
0.165680	-6.335200
0.165760	-7.150700
0.165840	-7.558400
0.165920	-6.743000
0.166000	-6.743000
0.166080	-6.743000
0.166160	-5.927500
0.166240	-5.927500
0.166320	-6.335200
0.166400	-5.927500
0.166480	-5.927500
0.166560	-5.927500
0.166640	-6.335200
0.166720	-5.927500
0.166800	-6.335200
0.166880	-6.743000
0.166960	-6.335200
0.167040	-6.335200
0.167120	-6.335200
0.167200	-6.335200
0.167280	-6.335200
0.167360	-6.335200
0.167440	-6.335200
0.167520	-6.335200
0.167600	-6.743000
0.167680	-5.927500
0.167760	-5.927500
0.167840	-6.743000
0.167920	-7.558400
0.168000	-8.781600
0.168080	-7.966100
0.168160	-7.558400
0.168240	-6.743000
0.168320	-7.558400
0.168400	-8.373900
0.168480	-7.558400
0.168560	-7.558400
0.168640	-7.150700
0.168720	-7.558400
0.168800	-8.373900
0.168880	-10.005000
0.168960	-9.189300
0.169040	-8.781600
0.169120	-8.781600
0.169200	-8.781600
0.169280	-7.558400
0.169360	-8.373900
0.169440	-8.373900
0.169520	-7.966100
0.169600	-8.373900
0.169680	-9.189300
0.169760	-9.189300
0.169840	-10.005000
0.169920	-10.005000
0.170000	-10.005000
0.170080	-10.820000
0.170160	-10.005000
0.170240	-10.413000
0.170320	-9.189300
0.170400	-8.781600
0.170480	-9.189300
0.170560	-9.597000
0.170640	-10.005000
0.170720	-10.413000
0.170800	-10.820000
0.170880	-10.413000
0.170960	-10.820000
0.171040	-10.413000
0.171120	-10.413000
0.171200	-10.005000
0.171280	-10.820000
0.171360	-10.413000
0.171440	-10.820000
0.171520	-10.005000
0.171600	-10.413000
0.171680	-10.820000
0.171760	-10.820000
0.171840	-11.636000
0.171920	-11.636000
0.172000	-11.228000
0.172080	-11.228000
0.172160	-11.636000
0.172240	-12.451000
0.172320	-12.859000
0.172400	-12.451000
0.172480	-12.451000
0.172560	-12.451000
0.172640	-11.636000
0.172720	-12.043000
0.172800	-12.043000
0.172880	-12.043000
0.172960	-12.043000
0.173040	-11.228000
0.173120	-10.820000
0.173200	-10.413000
0.173280	-10.820000
0.173360	-10.820000
0.173440	-11.636000
0.173520	-12.043000
0.173600	-12.451000
0.173680	-12.451000
0.173760	-11.228000
0.173840	-11.228000
0.173920	-12.043000
0.174000	-12.043000
0.174080	-12.859000
0.174160	-11.636000
0.174240	-12.859000
0.174320	-12.043000
0.174400	-12.451000
0.174480	-12.043000
0.174560	-12.043000
0.174640	-12.859000
0.174720	-13.267000
0.174800	-12.859000
0.174880	-12.859000
0.174960	-12.451000
0.175040	-12.451000
0.175120	-12.451000
0.175200	-12.859000
0.175280	-13.267000
0.175360	-13.267000
0.175440	-12.451000
0.175520	-12.451000
0.175600	-12.451000
0.175680	-12.451000
0.175760	-12.451000
0.175840	-13.267000
0.175920	-12.859000
0.176000	-13.267000
0.176080	-12.451000
0.176160	-12.859000
0.176240	-13.267000
0.176320	-12.859000
0.176400	-13.267000
0.176480	-12.451000
0.176560	-12.859000
0.176640	-12.451000
0.176720	-11.636000
0.176800	-11.228000
0.176880	-11.636000
0.176960	-12.043000
0.177040	-12.043000
0.177120	-12.043000
0.177200	-12.043000
0.177280	-11.636000
0.177360	-12.043000
0.177440	-11.636000
0.177520	-11.636000
0.177600	-11.228000
0.177680	-11.636000
0.177760	-11.636000
0.177840	-12.043000
0.177920	-12.451000
0.178000	-12.043000
0.178080	-12.451000
0.178160	-12.043000
0.178240	-12.451000
0.178320	-12.451000
0.178400	-12.451000
0.178480	-12.043000
0.178560	-11.228000
0.178640	-12.043000
0.178720	-12.451000
0.178800	-11.636000
0.178880	-12.451000
0.178960	-12.859000
0.179040	-12.859000
0.179120	-13.267000
0.179200	-12.859000
0.179280	-12.859000
0.179360	-12.043000
0.179440	-12.859000
0.179520	-12.043000
0.179600	-11.636000
0.179680	-12.451000
0.179760	-12.451000
0.179840	-12.451000
0.179920	-12.451000
0.180000	-11.228000
0.180080	-11.228000
0.180160	-10.820000
0.180240	-11.636000
0.180320	-12.043000
0.180400	-12.043000
0.180480	-12.451000
0.180560	-11.228000
0.180640	-11.228000
0.180720	-11.636000
0.180800	-11.228000
0.180880	-12.451000
0.180960	-12.451000
0.181040	-11.636000
0.181120	-10.820000
0.181200	-11.228000
0.181280	-11.636000
0.181360	-12.043000
0.181440	-12.043000
0.181520	-11.228000
0.181600	-10.820000
0.181680	-10.413000
0.181760	-10.005000
0.181840	-10.413000
0.181920	-10.820000
0.182000	-11.228000
0.182080	-10.820000
0.182160	-11.228000
0.182240	-12.043000
0.182320	-10.820000
0.182400	-11.228000
0.182480	-11.228000
0.182560	-11.228000
0.182640	-10.413000
0.182720	-10.820000
0.182800	-10.413000
0.182880	-10.820000
0.182960	-10.413000
0.183040	-10.005000
0.183120	-10.413000
0.183200	-10.820000
0.183280	-10.413000
0.183360	-10.413000
0.183440	-10.413000
0.183520	-10.820000
0.183600	-10.820000
0.183680	-10.820000
0.183760	-11.228000
0.183840	-10.820000
0.183920	-10.820000
0.184000	-10.820000
0.184080	-11.228000
0.184160	-10.005000
0.184240	-10.820000
0.184320	-10.820000
0.184400	-10.005000
0.184480	-10.413000
0.184560	-10.820000
0.184640	-10.820000
0.184720	-10.820000
0.184800	-10.820000
0.184880	-10.005000
0.184960	-10.413000
0.185040	-10.820000
0.185120	-9.597000
0.185200	-9.597000
0.185280	-10.005000
0.185360	-11.228000
0.185440	-10.413000
0.185520	-10.413000
0.185600	-10.820000
0.185680	-10.005000
0.185760	-10.005000
0.185840	-9.189300
0.185920	-10.005000
0.186000	-9.597000
0.186080	-10.413000
0.186160	-10.413000
0.186240	-9.597000
0.186320	-9.597000
0.186400	-9.189300
0.186480	-9.189300
0.186560	-9.189300
0.186640	-10.005000
0.186720	-9.189300
0.186800	-10.005000
0.186880	-9.189300
0.186960	-9.189300
0.187040	-8.373900
0.187120	-8.781600
0.187200	-9.189300
0.187280	-9.597000
0.187360	-9.189300
0.187440	-9.189300
0.187520	-8.373900
0.187600	-9.189300
0.187680	-8.373900
0.187760	-9.597000
0.187840	-9.597000
0.187920	-10.413000
0.188000	-10.413000
0.188080	-10.413000
0.188160	-9.597000
0.188240	-9.189300
0.188320	-8.373900
0.188400	-8.373900
0.188480	-8.781600
0.188560	-9.189300
0.188640	-8.781600
0.188720	-8.781600
0.188800	-9.189300
0.188880	-9.597000
0.188960	-9.597000
0.189040	-9.189300
0.189120	-8.781600
0.189200	-8.373900
0.189280	-7.966100
0.189360	-8.373900
0.189440	-7.966100
0.189520	-8.373900
0.189600	-8.373900
0.189680	-8.781600
0.189760	-8.781600
0.189840	-9.189300
0.189920	-9.189300
0.190000	-9.597000
0.190080	-8.781600
0.190160	-7.966100
0.190240	-8.373900
0.190320	-8.781600
0.190400	-9.597000
0.190480	-7.966100
0.190560	-8.781600
0.190640	-8.781600
0.190720	-7.558400
0.190800	-8.781600
0.190880	-8.781600
0.190960	-9.189300
0.191040	-8.781600
0.191120	-8.781600
0.191200	-7.966100
0.191280	-7.966100
0.191360	-7.966100
0.191440	-8.373900
0.191520	-9.597000
0.191600	-8.781600
0.191680	-8.781600
0.191760	-7.558400
0.191840	-7.150700
0.191920	-8.373900
0.192000	-7.966100
0.192080	-7.966100
0.192160	-8.373900
0.192240	-8.373900
0.192320	-8.781600
0.192400	-8.373900
0.192480	-7.558400
0.192560	-8.373900
0.192640	-8.373900
0.192720	-9.597000
0.192800	-9.189300
0.192880	-7.558400
0.192960	-6.743000
0.193040	-7.558400
0.193120	-7.966100
0.193200	-8.781600
0.193280	-8.781600
0.193360	-7.966100
0.193440	-7.558400
0.193520	-7.150700
0.193600	-7.150700
0.193680	-6.743000
0.193760	-7.150700
0.193840	-7.150700
0.193920	-6.335200
0.194000	-7.558400
0.194080	-7.150700
0.194160	-7.966100
0.194240	-7.966100
0.194320	-7.150700
0.194400	-6.743000
0.194480	-5.927500
0.194560	-6.335200
0.194640	-6.743000
0.194720	-7.150700
0.194800	-6.335200
0.194880	-6.743000
0.194960	-6.743000
0.195040	-6.743000
0.195120	-6.743000
0.195200	-7.558400
0.195280	-7.150700
0.195360	-7.558400
0.195440	-6.743000
0.195520	-5.927500
0.195600	-5.112100
0.195680	-5.519800
0.195760	-6.335200
0.195840	-7.150700
0.195920	-8.373900
0.196000	-7.150700
0.196080	-6.335200
0.196160	-6.335200
0.196240	-6.335200
0.196320	-6.335200
0.196400	-6.743000
0.196480	-6.335200
0.196560	-5.927500
0.196640	-6.335200
0.196720	-5.927500
0.196800	-5.519800
0.196880	-5.519800
0.196960	-5.519800
0.197040	-5.519800
0.197120	-5.112100
0.197200	-4.704300
0.197280	-4.704300
0.197360	-5.112100
0.197440	-5.519800
0.197520	-5.927500
0.197600	-5.112100
0.197680	-5.927500
0.197760	-4.704300
0.197840	-4.296600
0.197920	-4.704300
0.198000	-4.704300
0.198080	-4.296600
0.198160	-5.112100
0.198240	-5.112100
0.198320	-4.704300
0.198400	-4.296600
0.198480	-4.704300
0.198560	-3.073500
0.198640	-3.888900
0.198720	-3.888900
0.198800	-5.112100
0.198880	-4.704300
0.198960	-3.481200
0.199040	-3.481200
0.199120	-4.296600
0.199200	-4.704300
0.199280	-4.704300
0.199360	-4.704300
0.199440	-4.704300
0.199520	-4.704300
0.199600	-3.888900
0.199680	-4.296600
0.199760	-4.704300
0.199840	-4.704300
0.199920	-4.704300
0.200000	-4.704300
0.200080	-4.704300
0.200160	-4.704300
0.200240	-4.704300
0.200320	-4.704300
0.200400	-4.704300
0.200480	-4.704300
0.200560	-4.704300
0.200640	-4.296600
0.200720	-5.519800
0.200800	-4.704300
0.200880	-4.704300
0.200960	-4.704300
0.201040	-5.112100
0.201120	-4.704300
0.201200	-5.519800
0.201280	-4.704300
0.201360	-4.704300
0.201440	-4.296600
0.201520	-4.296600
0.201600	-4.296600
0.201680	-4.704300
0.201760	-5.519800
0.201840	-4.704300
0.201920	-5.519800
0.202000	-4.704300
0.202080	-4.704300
0.202160	-4.296600
0.202240	-4.296600
0.202320	-4.296600
0.202400	-4.296600
0.202480	-4.296600
0.202560	-4.704300
0.202640	-4.296600
0.202720	-3.888900
0.202800	-3.481200
0.202880	-2.665700
0.202960	-3.888900
0.203040	-4.296600
0.203120	-2.665700
0.203200	-3.481200
0.203280	-3.073500
0.203360	-3.481200
0.203440	-3.481200
0.203520	-3.481200
0.203600	-2.665700
0.203680	-2.665700
0.203760	-2.258000
0.203840	-2.258000
0.203920	-1.850300
0.204000	-2.258000
0.204080	-1.850300
0.204160	-2.258000
0.204240	-2.258000
0.204320	-2.258000
0.204400	-2.258000
0.204480	-2.258000
0.204560	-2.665700
0.204640	-3.073500
0.204720	-1.850300
0.204800	-1.442600
0.204880	-2.258000
0.204960	-1.442600
0.205040	-1.442600
0.205120	-1.850300
0.205200	-1.850300
0.205280	-1.442600
0.205360	-1.442600
0.205440	-2.258000
0.205520	-2.665700
0.205600	-2.665700
0.205680	-2.258000
0.205760	-2.665700
0.205840	-1.442600
0.205920	-2.258000
0.206000	-2.258000
0.206080	-3.073500
0.206160	-3.888900
0.206240	-3.481200
0.206320	-1.850300
0.206400	-2.665700
0.206480	-1.850300
0.206560	-1.442600
0.206640	-1.442600
0.206720	-1.850300
0.206800	-1.850300
0.206880	-1.850300
0.206960	-1.442600
0.207040	-0.627110
0.207120	-0.627110
0.207200	-1.850300
0.207280	-1.850300
0.207360	-2.665700
0.207440	-2.258000
0.207520	-1.442600
0.207600	-1.850300
0.207680	-1.850300
0.207760	-1.034800
0.207840	-1.850300
0.207920	-1.850300
0.208000	-2.258000
0.208080	-2.665700
0.208160	-1.850300
0.208240	-1.442600
0.208320	-2.258000
0.208400	-1.034800
0.208480	-1.442600
0.208560	-0.627110
0.208640	-2.665700
0.208720	-1.442600
0.208800	-2.258000
0.208880	-2.665700
0.208960	-2.258000
0.209040	-1.850300
0.209120	-1.850300
0.209200	-3.481200
0.209280	-3.481200
0.209360	-4.296600
0.209440	-5.112100
0.209520	-4.704300
0.209600	-5.519800
0.209680	-6.335200
0.209760	-6.743000
0.209840	-7.966100
0.209920	-7.150700
0.210000	-6.335200
0.210080	-5.927500
0.210160	-5.927500
0.210240	-6.743000
0.210320	-6.743000
0.210400	-6.335200
0.210480	-6.335200
0.210560	-5.927500
0.210640	-5.519800
0.210720	-5.519800
0.210800	-4.704300
0.210880	-4.704300
0.210960	-3.481200
0.211040	-3.888900
0.211120	-3.888900
0.211200	-3.888900
0.211280	-4.296600
0.211360	-4.296600
0.211440	-4.704300
0.211520	-5.112100
0.211600	-5.519800
0.211680	-6.335200
0.211760	-6.335200
0.211840	-6.335200
0.211920	-6.743000
0.212000	-5.927500
0.212080	-6.335200
0.212160	-7.558400
0.212240	-7.150700
0.212320	-8.373900
0.212400	-8.373900
0.212480	-9.189300
0.212560	-8.781600
0.212640	-8.373900
0.212720	-8.373900
0.212800	-7.966100
0.212880	-8.373900
0.212960	-8.373900
0.213040	-9.189300
0.213120	-9.597000
0.213200	-9.597000
0.213280	-8.781600
0.213360	-9.189300
0.213440	-9.189300
0.213520	-8.781600
0.213600	-9.189300
0.213680	-9.597000
0.213760	-9.597000
0.213840	-9.189300
0.213920	-8.373900
0.214000	-9.189300
0.214080	-9.189300
0.214160	-9.189300
0.214240	-9.189300
0.214320	-10.005000
0.214400	-10.413000
0.214480	-10.820000
0.214560	-10.413000
0.214640	-11.228000
0.214720	-10.820000
0.214800	-10.820000
0.214880	-10.413000
0.214960	-10.820000
0.215040	-10.413000
0.215120	-10.413000
0.215200	-11.636000
0.215280	-12.043000
0.215360	-12.451000
0.215440	-11.636000
0.215520	-11.228000
0.215600	-10.413000
0.215680	-11.636000
0.215760	-11.228000
0.215840	-11.636000
0.215920	-12.451000
0.216000	-12.451000
0.216080	-11.636000
0.216160	-11.636000
0.216240	-12.043000
0.216320	-12.043000
0.216400	-12.451000
0.216480	-12.451000
0.216560	-12.451000
0.216640	-12.043000
0.216720	-12.451000
0.216800	-12.451000
0.216880	-12.043000
0.216960	-10.820000
0.217040	-11.228000
0.217120	-11.636000
0.217200	-11.636000
0.217280	-12.451000
0.217360	-12.451000
0.217440	-12.451000
0.217520	-12.859000
0.217600	-12.859000
0.217680	-12.859000
0.217760	-13.267000
0.217840	-13.674000
0.217920	-14.082000
0.218000	-14.490000
0.218080	-14.082000
0.218160	-14.082000
0.218240	-13.267000
0.218320	-13.267000
0.218400	-13.267000
0.218480	-14.082000
0.218560	-14.490000
0.218640	-13.674000
0.218720	-12.451000
0.218800	-12.043000
0.218880	-12.043000
0.218960	-13.674000
0.219040	-14.490000
0.219120	-15.305000
0.219200	-14.490000
0.219280	-13.674000
0.219360	-12.859000
0.219440	-12.451000
0.219520	-12.451000
0.219600	-13.267000
0.219680	-13.267000
0.219760	-13.267000
0.219840	-13.267000
0.219920	-13.267000
0.220000	-12.859000
0.220080	-12.451000
0.220160	-12.451000
0.220240	-12.043000
0.220320	-12.043000
0.220400	-12.859000
0.220480	-13.674000
0.220560	-12.859000
0.220640	-13.674000
0.220720	-13.674000
0.220800	-12.859000
0.220880	-12.451000
0.220960	-12.859000
0.221040	-12.859000
0.221120	-12.859000
0.221200	-12.451000
0.221280	-12.043000
0.221360	-12.859000
0.221440	-12.043000
0.221520	-12.451000
0.221600	-11.228000
0.221680	-12.859000
0.221760	-13.267000
0.221840	-12.451000
0.221920	-12.451000
0.222000	-12.859000
0.222080	-13.674000
0.222160	-13.674000
0.222240	-14.490000
0.222320	-12.451000
0.222400	-12.859000
0.222480	-12.451000
0.222560	-12.859000
0.222640	-12.451000
0.222720	-12.043000
0.222800	-12.043000
0.222880	-12.451000
0.222960	-11.636000
0.223040	-12.043000
0.223120	-12.859000
0.223200	-12.451000
0.223280	-12.451000
0.223360	-12.859000
0.223440	-12.451000
0.223520	-11.228000
0.223600	-11.228000
0.223680	-10.820000
0.223760	-10.820000
0.223840	-11.228000
0.223920	-10.820000
0.224000	-9.597000
0.224080	-9.189300
0.224160	-10.413000
0.224240	-10.413000
0.224320	-10.005000
0.224400	-9.189300
0.224480	-10.413000
0.224560	-10.413000
0.224640	-10.820000
0.224720	-10.820000
0.224800	-12.043000
0.224880	-12.043000
0.224960	-12.451000
0.225040	-13.267000
0.225120	-13.674000
0.225200	-14.082000
0.225280	-14.082000
0.225360	-13.674000
0.225440	-13.267000
0.225520	-12.859000
0.225600	-13.267000
0.225680	-12.859000
0.225760	-12.451000
0.225840	-12.451000
0.225920	-13.674000
0.226000	-13.674000
0.226080	-13.267000
0.226160	-12.859000
0.226240	-12.043000
0.226320	-11.228000
0.226400	-11.636000
0.226480	-11.228000
0.226560	-12.043000
0.226640	-12.859000
0.226720	-12.451000
0.226800	-11.228000
0.226880	-11.228000
0.226960	-12.451000
0.227040	-12.451000
0.227120	-12.451000
0.227200	-12.043000
0.227280	-11.636000
0.227360	-12.451000
0.227440	-12.451000
0.227520	-12.451000
0.227600	-12.859000
0.227680	-12.859000
0.227760	-13.267000
0.227840	-14.082000
0.227920	-13.674000
0.228000	-13.267000
0.228080	-14.082000
0.228160	-14.490000
0.228240	-15.305000
0.228320	-16.936001
0.228400	-16.121000
0.228480	-15.713000
0.228560	-16.121000
0.228640	-16.121000
0.228720	-16.121000
0.228800	-16.936001
0.228880	-18.159000
0.228960	-18.159000
0.229040	-17.344000
0.229120	-16.936001
0.229200	-16.528000
0.229280	-17.750999
0.229360	-18.566999
0.229440	-18.566999
0.229520	-18.975000
0.229600	-19.382000
0.229680	-19.382000
0.229760	-20.198000
0.229840	-19.790001
0.229920	-20.606001
0.230000	-21.013000
0.230080	-21.421000
0.230160	-21.829000
0.230240	-22.643999
0.230320	-22.643999
0.230400	-22.643999
0.230480	-22.643999
0.230560	-23.459999
0.230640	-22.236000
0.230720	-22.643999
0.230800	-22.643999
0.230880	-23.459999
0.230960	-23.867001
0.231040	-24.683001
0.231120	-24.275000
0.231200	-24.275000
0.231280	-24.683001
0.231360	-25.091000
0.231440	-26.313999
0.231520	-26.313999
0.231600	-26.721001
0.231680	-26.313999
0.231760	-26.721001
0.231840	-27.129000
0.231920	-27.537001
0.232000	-27.945000
0.232080	-27.537001
0.232160	-27.537001
0.232240	-27.945000
0.232320	-29.167999
0.232400	-29.167999
0.232480	-28.760000
0.232560	-28.760000
0.232640	-28.351999
0.232720	-27.945000
0.232800	-28.351999
0.232880	-29.576000
0.232960	-29.983000
0.233040	-29.576000
0.233120	-29.983000
0.233200	-30.799000
0.233280	-29.983000
0.233360	-30.391001
0.233440	-29.983000
0.233520	-30.391001
0.233600	-30.391001
0.233680	-31.614000
0.233760	-31.205999
0.233840	-31.614000
0.233920	-32.021999
0.234000	-32.430000
0.234080	-33.653000
0.234160	-33.653000
0.234240	-34.467999
0.234320	-34.467999
0.234400	-34.467999
0.234480	-35.284000
0.234560	-34.875999
0.234640	-35.691002
0.234720	-36.098999
0.234800	-35.691002
0.234880	-36.915001
0.234960	-36.507000
0.235040	-38.138000
0.235120	-37.730000
0.235200	-37.730000
0.235280	-37.730000
0.235360	-37.730000
0.235440	-38.952999
0.235520	-38.544998
0.235600	-38.952999
0.235680	-38.952999
0.235760	-39.361000
0.235840	-39.769001
0.235920	-41.400002
0.236000	-41.400002
0.236080	-41.806999
0.236160	-41.400002
0.236240	-41.806999
0.236320	-40.992001
0.236400	-40.584000
0.236480	-40.175999
0.236560	-40.175999
0.236640	-40.584000
0.236720	-40.992001
0.236800	-40.992001
0.236880	-40.992001
0.236960	-41.806999
0.237040	-42.215000
0.237120	-41.806999
0.237200	-42.623001
0.237280	-42.623001
0.237360	-43.029999
0.237440	-43.438000
0.237520	-43.846001
0.237600	-44.254002
0.237680	-44.254002
0.237760	-43.846001
0.237840	-43.029999
0.237920	-43.029999
0.238000	-42.623001
0.238080	-43.029999
0.238160	-43.029999
0.238240	-42.623001
0.238320	-43.438000
0.238400	-43.029999
0.238480	-43.438000
0.238560	-43.846001
0.238640	-44.660999
0.238720	-44.254002
0.238800	-44.254002
0.238880	-44.254002
0.238960	-44.660999
0.239040	-45.069000
0.239120	-44.254002
0.239200	-44.660999
0.239280	-43.029999
0.239360	-43.846001
0.239440	-43.438000
0.239520	-43.029999
0.239600	-43.029999
0.239680	-42.623001
0.239760	-40.992001
0.239840	-40.584000
0.239920	-40.992001
0.240000	-41.400002
0.240080	-41.806999
0.240160	-40.584000
0.240240	-37.730000
0.240320	-37.321999
0.240400	-38.544998
0.240480	-42.215000
0.240560	-42.215000
0.240640	-44.254002
0.240720	-44.254002
0.240800	-44.660999
0.240880	-45.069000
0.240960	-45.069000
0.241040	-44.660999
0.241120	-44.254002
0.241200	-44.254002
0.241280	-42.215000
0.241360	-41.806999
0.241440	-40.584000
0.241520	-40.992001
0.241600	-40.992001
0.241680	-40.992001
0.241760	-40.584000
0.241840	-40.175999
0.241920	-40.992001
0.242000	-40.175999
0.242080	-39.769001
0.242160	-40.175999
0.242240	-39.361000
0.242320	-39.361000
0.242400	-39.361000
0.242480	-39.361000
0.242560	-38.138000
0.242640	-38.952999
0.242720	-37.321999
0.242800	-36.915001
0.242880	-36.098999
0.242960	-36.915001
0.243040	-37.321999
0.243120	-38.138000
0.243200	-37.730000
0.243280	-37.321999
0.243360	-36.507000
0.243440	-36.507000
0.243520	-36.915001
0.243600	-38.544998
0.243680	-39.769001
0.243760	-39.361000
0.243840	-40.175999
0.243920	-39.769001
0.244000	-39.361000
0.244080	-38.544998
0.244160	-38.138000
0.244240	-38.544998
0.244320	-38.138000
0.244400	-38.138000
0.244480	-36.507000
0.244560	-34.467999
0.244640	-33.244999
0.244720	-34.467999
0.244800	-36.098999
0.244880	-37.321999
0.244960	-38.952999
0.245040	-38.138000
0.245120	-37.321999
0.245200	-36.507000
0.245280	-35.691002
0.245360	-34.061001
0.245440	-32.430000
0.245520	-31.205999
0.245600	-30.799000
0.245680	-31.614000
0.245760	-33.653000
0.245840	-35.284000
0.245920	-36.098999
0.246000	-35.284000
0.246080	-35.284000
0.246160	-35.284000
0.246240	-35.691002
0.246320	-35.691002
0.246400	-35.691002
0.246480	-35.691002
0.246560	-34.061001
0.246640	-34.061001
0.246720	-33.244999
0.246800	-33.653000
0.246880	-33.653000
0.246960	-33.244999
0.247040	-33.244999
0.247120	-33.653000
0.247200	-32.837002
0.247280	-32.430000
0.247360	-32.021999
0.247440	-32.021999
0.247520	-32.837002
0.247600	-33.653000
0.247680	-33.244999
0.247760	-33.244999
0.247840	-33.244999
0.247920	-32.430000
0.248000	-32.430000
0.248080	-32.837002
0.248160	-33.244999
0.248240	-32.430000
0.248320	-32.021999
0.248400	-32.837002
0.248480	-33.653000
0.248560	-33.244999
0.248640	-32.837002
0.248720	-32.430000
0.248800	-32.021999
0.248880	-33.653000
0.248960	-32.837002
0.249040	-32.837002
0.249120	-31.614000
0.249200	-31.205999
0.249280	-30.799000
0.249360	-30.799000
0.249440	-32.021999
0.249520	-31.614000
0.249600	-32.021999
0.249680	-32.430000
0.249760	-31.614000
0.249840	-31.205999
0.249920	-30.799000
0.250000	-30.799000
0.250080	-30.799000
0.250160	-31.614000
0.250240	-30.799000
0.250320	-29.983000
0.250400	-29.167999
0.250480	-29.167999
0.250560	-28.760000
0.250640	-29.576000
0.250720	-30.391001
0.250800	-31.614000
0.250880	-31.205999
0.250960	-30.799000
0.251040	-30.391001
0.251120	-29.983000
0.251200	-29.576000
0.251280	-29.167999
0.251360	-29.167999
0.251440	-28.351999
0.251520	-28.760000
0.251600	-28.760000
0.251680	-28.351999
0.251760	-29.167999
0.251840	-28.351999
0.251920	-28.760000
0.252000	-29.167999
0.252080	-29.983000
0.252160	-29.576000
0.252240	-31.205999
0.252320	-29.983000
0.252400	-30.391001
0.252480	-29.576000
0.252560	-29.983000
0.252640	-30.391001
0.252720	-29.167999
0.252800	-29.576000
0.252880	-28.760000
0.252960	-28.351999
0.253040	-27.537001
0.253120	-26.721001
0.253200	-27.129000
0.253280	-27.129000
0.253360	-27.129000
0.253440	-27.129000
0.253520	-26.721001
0.253600	-26.721001
0.253680	-26.313999
0.253760	-26.313999
0.253840	-25.497999
0.253920	-25.091000
0.254000	-24.275000
0.254080	-24.275000
0.254160	-23.867001
0.254240	-24.275000
0.254320	-23.459999
0.254400	-23.459999
0.254480	-23.052000
0.254560	-22.236000
0.254640	-22.236000
0.254720	-21.829000
0.254800	-22.643999
0.254880	-21.829000
0.254960	-23.052000
0.255040	-22.643999
0.255120	-23.052000
0.255200	-24.275000
0.255280	-25.497999
0.255360	-26.313999
0.255440	-25.091000
0.255520	-24.275000
0.255600	-23.459999
0.255680	-22.236000
0.255760	-21.421000
0.255840	-19.790001
0.255920	-18.975000
0.256000	-18.159000
0.256080	-18.566999
0.256160	-19.790001
0.256240	-21.829000
0.256320	-22.236000
0.256400	-23.459999
0.256480	-23.459999
0.256560	-24.275000
0.256640	-25.497999
0.256720	-27.129000
0.256800	-28.351999
0.256880	-28.760000
0.256960	-28.760000
0.257040	-27.945000
0.257120	-27.129000
0.257200	-26.721001
0.257280	-26.721001
0.257360	-28.351999
0.257440	-27.129000
0.257520	-26.721001
0.257600	-25.497999
0.257680	-24.683001
0.257760	-23.867001
0.257840	-23.867001
0.257920	-25.497999
0.258000	-25.906000
0.258080	-25.497999
0.258160	-25.497999
0.258240	-24.683001
0.258320	-25.091000
0.258400	-24.275000
0.258480	-25.091000
0.258560	-25.906000
0.258640	-27.537001
0.258720	-27.537001
0.258800	-27.537001
0.258880	-27.129000
0.258960	-27.129000
0.259040	-27.537001
0.259120	-27.537001
0.259200	-26.721001
0.259280	-26.313999
0.259360	-24.275000
0.259440	-23.867001
0.259520	-24.683001
0.259600	-24.683001
0.259680	-24.683001
0.259760	-25.091000
0.259840	-24.275000
0.259920	-23.867001
0.260000	-24.275000
0.260080	-23.867001
0.260160	-25.091000
0.260240	-25.497999
0.260320	-24.275000
0.260400	-24.275000
0.260480	-23.867001
0.260560	-24.275000
0.260640	-24.275000
0.260720	-24.683001
0.260800	-23.867001
0.260880	-22.643999
0.260960	-21.829000
0.261040	-18.566999
0.261120	-16.528000
0.261200	-14.082000
0.261280	-13.674000
0.261360	-14.082000
0.261440	-14.898000
0.261520	-15.305000
0.261600	-14.898000
0.261680	-14.898000
0.261760	-14.490000
0.261840	-15.713000
0.261920	-16.528000
0.262000	-17.750999
0.262080	-17.344000
0.262160	-15.305000
0.262240	-12.859000
0.262320	-11.636000
0.262400	-12.859000
0.262480	-13.674000
0.262560	-16.121000
0.262640	-16.936001
0.262720	-18.566999
0.262800	-18.975000
0.262880	-18.975000
0.262960	-19.790001
0.263040	-20.606001
0.263120	-21.013000
0.263200	-21.013000
0.263280	-20.606001
0.263360	-20.606001
0.263440	-21.013000
0.263520	-19.790001
0.263600	-19.790001
0.263680	-17.750999
0.263760	-17.344000
0.263840	-15.713000
0.263920	-16.528000
0.264000	-16.121000
0.264080	-16.936001
0.264160	-17.344000
0.264240	-17.750999
0.264320	-18.975000
0.264400	-18.975000
0.264480	-19.382000
0.264560	-18.975000
0.264640	-17.344000
0.264720	-16.936001
0.264800	-16.936001
0.264880	-17.750999
0.264960	-16.936001
0.265040	-16.936001
0.265120	-15.713000
0.265200	-15.713000
0.265280	-15.713000
0.265360	-16.528000
0.265440	-16.528000
0.265520	-16.936001
0.265600	-16.528000
0.265680	-15.713000
0.265760	-15.305000
0.265840	-14.490000
0.265920	-14.898000
0.266000	-14.490000
0.266080	-15.713000
0.266160	-17.344000
0.266240	-18.566999
0.266320	-18.566999
0.266400	-18.566999
0.266480	-17.750999
0.266560	-16.936001
0.266640	-16.528000
0.266720	-16.936001
0.266800	-16.528000
0.266880	-16.936001
0.266960	-17.344000
0.267040	-17.344000
0.267120	-17.344000
0.267200	-16.121000
0.267280	-16.528000
0.267360	-16.936001
0.267440	-16.528000
0.267520	-16.528000
0.267600	-16.528000
0.267680	-16.528000
0.267760	-14.898000
0.267840	-14.490000
0.267920	-14.490000
0.268000	-14.490000
0.268080	-14.082000
0.268160	-14.082000
0.268240	-12.859000
0.268320	-12.859000
0.268400	-12.451000
0.268480	-12.859000
0.268560	-12.451000
0.268640	-12.043000
0.268720	-12.859000
0.268800	-11.636000
0.268880	-11.228000
0.268960	-10.820000
0.269040	-11.228000
0.269120	-11.228000
0.269200	-10.820000
0.269280	-12.451000
0.269360	-11.636000
0.269440	-10.820000
0.269520	-11.636000
0.269600	-11.228000
0.269680	-11.636000
0.269760	-12.451000
0.269840	-12.043000
0.269920	-12.043000
0.270000	-10.820000
0.270080	-11.636000
0.270160	-10.820000
0.270240	-11.228000
0.270320	-12.859000
0.270400	-11.636000
0.270480	-11.228000
0.270560	-11.228000
0.270640	-11.636000
0.270720	-12.451000
0.270800	-11.636000
0.270880	-12.451000
0.270960	-11.636000
0.271040	-11.636000
0.271120	-10.820000
0.271200	-11.228000
0.271280	-12.043000
0.271360	-10.820000
0.271440	-11.228000
0.271520	-10.820000
0.271600	-10.413000
0.271680	-10.413000
0.271760	-10.413000
0.271840	-11.636000
0.271920	-11.228000
0.272000	-11.228000
0.272080	-12.043000
0.272160	-11.636000
0.272240	-12.451000
0.272320	-11.636000
0.272400	-11.228000
0.272480	-12.043000
0.272560	-12.451000
0.272640	-12.043000
0.272720	-12.859000
0.272800	-12.859000
0.272880	-12.451000
0.272960	-12.451000
0.273040	-11.636000
0.273120	-11.228000
0.273200	-10.413000
0.273280	-10.413000
0.273360	-10.820000
0.273440	-11.228000
0.273520	-11.228000
0.273600	-11.228000
0.273680	-10.005000
0.273760	-9.597000
0.273840	-10.005000
0.273920	-10.005000
0.274000	-10.820000
0.274080	-10.413000
0.274160	-10.820000
0.274240	-10.413000
0.274320	-10.005000
0.274400	-9.597000
0.274480	-10.005000
0.274560	-10.413000
0.274640	-10.820000
0.274720	-11.636000
0.274800	-10.820000
0.274880	-10.820000
0.274960	-10.413000
0.275040	-10.413000
0.275120	-10.413000
0.275200	-9.597000
0.275280	-9.189300
0.275360	-9.597000
0.275440	-9.597000
0.275520	-10.413000
0.275600	-9.189300
0.275680	-9.189300
0.275760	-9.189300
0.275840	-9.189300
0.275920	-8.781600
0.276000	-9.597000
0.276080	-9.189300
0.276160	-8.781600
0.276240	-10.005000
0.276320	-9.189300
0.276400	-8.373900
0.276480	-8.373900
0.276560	-8.373900
0.276640	-9.189300
0.276720	-7.966100
0.276800	-9.189300
0.276880	-9.189300
0.276960	-12.859000
0.277040	-12.451000
0.277120	-11.636000
0.277200	-12.859000
0.277280	-12.451000
0.277360	-12.451000
0.277440	-12.859000
0.277520	-12.451000
0.277600	-12.859000
0.277680	-12.043000
0.277760	-12.043000
0.277840	-12.451000
0.277920	-13.674000
0.278000	-12.451000
0.278080	-13.267000
0.278160	-12.043000
0.278240	-12.451000
0.278320	-12.859000
0.278400	-13.674000
0.278480	-12.859000
0.278560	-13.267000
0.278640	-13.674000
0.278720	-13.267000
0.278800	-14.082000
0.278880	-13.674000
0.278960	-13.267000
0.279040	-14.082000
0.279120	-14.082000
0.279200	-14.082000
0.279280	-14.082000
0.279360	-14.082000
0.279440	-12.859000
0.279520	-12.451000
0.279600	-12.043000
0.279680	-12.451000
0.279760	-12.451000
0.279840	-12.043000
0.279920	-12.043000
0.280000	-11.228000
0.280080	-10.413000
0.280160	-10.413000
0.280240	-10.413000
0.280320	-11.228000
0.280400	-11.228000
0.280480	-12.043000
0.280560	-11.228000
0.280640	-10.413000
0.280720	-9.597000
0.280800	-9.597000
0.280880	-10.005000
0.280960	-10.005000
0.281040	-10.413000
0.281120	-9.597000
0.281200	-10.413000
0.281280	-10.820000
0.281360	-11.228000
0.281440	-11.228000
0.281520	-12.043000
0.281600	-12.043000
0.281680	-12.451000
0.281760	-11.636000
0.281840	-11.636000
0.281920	-11.636000
0.282000	-12.043000
0.282080	-12.043000
0.282160	-12.451000
0.282240	-13.267000
0.282320	-13.267000
0.282400	-13.674000
0.282480	-13.674000
0.282560	-13.674000
0.282640	-13.267000
0.282720	-13.267000
0.282800	-12.859000
0.282880	-12.451000
0.282960	-12.043000
0.283040	-12.859000
0.283120	-13.674000
0.283200	-14.082000
0.283280	-15.305000
0.283360	-14.898000
0.283440	-14.898000
0.283520	-15.713000
0.283600	-15.305000
0.283680	-14.490000
0.283760	-15.305000
0.283840	-16.121000
0.283920	-15.713000
0.284000	-15.305000
0.284080	-16.528000
0.284160	-16.121000
0.284240	-16.528000
0.284320	-16.936001
0.284400	-17.750999
0.284480	-16.936001
0.284560	-16.528000
0.284640	-15.713000
0.284720	-15.713000
0.284800	-15.713000
0.284880	-16.528000
0.284960	-16.936001
0.285040	-16.936001
0.285120	-17.344000
0.285200	-16.936001
0.285280	-16.528000
0.285360	-16.936001
0.285440	-17.750999
0.285520	-17.750999
0.285600	-16.936001
0.285680	-16.528000
0.285760	-16.528000
0.285840	-16.121000
0.285920	-17.344000
0.286000	-17.750999
0.286080	-17.750999
0.286160	-18.159000
0.286240	-18.566999
0.286320	-18.159000
0.286400	-17.344000
0.286480	-17.344000
0.286560	-17.344000
0.286640	-17.750999
0.286720	-17.750999
0.286800	-17.750999
0.286880	-16.121000
0.286960	-17.344000
0.287040	-18.159000
0.287120	-17.344000
0.287200	-17.750999
0.287280	-17.344000
0.287360	-17.344000
0.287440	-17.344000
0.287520	-16.936001
0.287600	-17.750999
0.287680	-17.344000
0.287760	-16.936001
0.287840	-16.936001
0.287920	-16.121000
0.288000	-15.713000
0.288080	-16.528000
0.288160	-16.121000
0.288240	-16.528000
0.288320	-17.344000
0.288400	-16.936001
0.288480	-16.528000
0.288560	-16.936001
0.288640	-16.936001
0.288720	-16.121000
0.288800	-16.121000
0.288880	-16.528000
0.288960	-16.121000
0.289040	-14.898000
0.289120	-15.713000
0.289200	-14.490000
0.289280	-14.082000
0.289360	-14.898000
0.289440	-14.898000
0.289520	-14.490000
0.289600	-14.490000
0.289680	-14.490000
0.289760	-14.490000
0.289840	-15.713000
0.289920	-16.121000
0.290000	-15.305000
0.290080	-15.305000
0.290160	-14.082000
0.290240	-14.490000
0.290320	-15.305000
0.290400	-15.305000
0.290480	-16.121000
0.290560	-15.713000
0.290640	-16.121000
0.290720	-14.082000
0.290800	-15.305000
0.290880	-14.490000
0.290960	-14.490000
0.291040	-14.898000
0.291120	-13.674000
0.291200	-14.082000
0.291280	-13.267000
0.291360	-13.674000
0.291440	-13.674000
0.291520	-13.267000
0.291600	-12.859000
0.291680	-13.267000
0.291760	-11.636000
0.291840	-12.043000
0.291920	-12.043000
0.292000	-11.636000
0.292080	-12.043000
0.292160	-12.451000
0.292240	-12.859000
0.292320	-12.451000
0.292400	-11.636000
0.292480	-10.820000
0.292560	-10.820000
0.292640	-10.820000
0.292720	-11.228000
0.292800	-11.228000
0.292880	-10.413000
0.292960	-10.413000
0.293040	-10.413000
0.293120	-10.413000
0.293200	-9.597000
0.293280	-10.005000
0.293360	-10.005000
0.293440	-10.413000
0.293520	-10.413000
0.293600	-9.189300
0.293680	-9.597000
0.293760	-9.597000
0.293840	-10.005000
0.293920	-10.413000
0.294000	-9.189300
0.294080	-9.189300
0.294160	-8.781600
0.294240	-8.781600
0.294320	-8.373900
0.294400	-7.966100
0.294480	-7.150700
0.294560	-6.743000
0.294640	-6.743000
0.294720	-6.743000
0.294800	-7.558400
0.294880	-7.558400
0.294960	-7.558400
0.295040	-6.335200
0.295120	-5.927500
0.295200	-5.927500
0.295280	-6.743000
0.295360	-5.927500
0.295440	-5.927500
0.295520	-5.519800
0.295600	-5.112100
0.295680	-5.519800
0.295760	-6.335200
0.295840	-6.335200
0.295920	-5.519800
0.296000	-5.112100
0.296080	-4.704300
0.296160	-4.296600
0.296240	-4.704300
0.296320	-4.296600
0.296400	-5.112100
0.296480	-3.481200
0.296560	-3.073500
0.296640	-3.888900
0.296720	-3.481200
0.296800	-3.073500
0.296880	-3.888900
0.296960	-3.888900
0.297040	-3.073500
0.297120	-1.850300
0.297200	-1.442600
0.297280	-1.442600
0.297360	-1.034800
0.297440	-2.258000
0.297520	-3.073500
0.297600	-2.665700
0.297680	-3.073500
0.297760	-2.258000
0.297840	-2.665700
0.297920	-2.665700
0.298000	-2.665700
0.298080	-3.481200
0.298160	-3.073500
0.298240	-2.258000
0.298320	-2.258000
0.298400	-1.442600
0.298480	-1.034800
0.298560	-1.442600
0.298640	-1.850300
0.298720	-1.442600
0.298800	-1.850300
0.298880	-1.442600
0.298960	-0.627110
0.299040	-1.034800
0.299120	0.188330
0.299200	1.411500
0.299280	1.819200
0.299360	2.634700
0.299440	2.634700
0.299520	2.226900
0.299600	3.450100
0.299680	3.857900
0.299760	4.673300
0.299840	6.304200
0.299920	6.711900
0.300000	7.935100
0.300080	7.935100
0.300160	5.488700
0.300240	2.634700
0.300320	-0.219390
0.300400	-0.627110
0.300480	-0.219390
0.300560	1.819200
0.300640	3.042400
0.300720	3.857900
0.300800	3.450100
0.300880	3.857900
0.300960	5.081000
0.301040	6.711900
0.301120	7.119600
0.301200	7.935100
0.301280	6.711900
0.301360	6.711900
0.301440	5.896500
0.301520	6.304200
0.301600	5.896500
0.301680	7.527400
0.301760	7.119600
0.301840	6.711900
0.301920	5.896500
0.302000	5.488700
0.302080	5.488700
0.302160	6.304200
0.302240	6.711900
0.302320	7.935100
0.302400	6.711900
0.302480	7.527400
0.302560	7.527400
0.302640	7.119600
0.302720	6.304200
0.302800	6.711900
0.302880	7.119600
0.302960	7.935100
0.303040	8.750500
0.303120	8.342800
0.303200	7.935100
0.303280	7.935100
0.303360	7.527400
0.303440	7.935100
0.303520	8.750500
0.303600	9.158300
0.303680	8.750500
0.303760	8.342800
0.303840	7.935100
0.303920	8.342800
0.304000	8.342800
0.304080	7.935100
0.304160	9.158300
0.304240	9.158300
0.304320	8.750500
0.304400	9.566000
0.304480	9.566000
0.304560	9.566000
0.304640	9.566000
0.304720	9.158300
0.304800	9.158300
0.304880	9.158300
0.304960	9.973700
0.305040	9.973700
0.305120	9.973700
0.305200	11.197000
0.305280	10.789000
0.305360	10.789000
0.305440	12.012000
0.305520	12.012000
0.305600	12.420000
0.305680	12.012000
0.305760	11.605000
0.305840	12.012000
0.305920	12.012000
0.306000	13.236000
0.306080	14.051000
0.306160	14.459000
0.306240	14.459000
0.306320	15.274000
0.306400	14.459000
0.306480	14.866000
0.306560	14.051000
0.306640	14.459000
0.306720	15.274000
0.306800	15.682000
0.306880	16.090000
0.306960	16.090000
0.307040	16.497000
0.307120	15.274000
0.307200	15.682000
0.307280	16.497000
0.307360	15.274000
0.307440	14.866000
0.307520	14.459000
0.307600	14.866000
0.307680	15.682000
0.307760	16.090000
0.307840	16.090000
0.307920	16.497000
0.308000	16.497000
0.308080	16.090000
0.308160	16.090000
0.308240	16.497000
0.308320	15.682000
0.308400	15.682000
0.308480	15.274000
0.308560	15.682000
0.308640	15.682000
0.308720	15.274000
0.308800	15.682000
0.308880	15.682000
0.308960	15.682000
0.309040	14.866000
0.309120	15.682000
0.309200	15.274000
0.309280	15.682000
0.309360	14.459000
0.309440	14.051000
0.309520	13.643000
0.309600	13.236000
0.309680	13.643000
0.309760	14.051000
0.309840	14.459000
0.309920	14.866000
