-0.020080	-2.371800
-0.020000	-2.344300
-0.019920	-2.312692
-0.019840	-2.273134
-0.019760	-2.222977
-0.019680	-2.162145
-0.019600	-2.093868
-0.019520	-2.024092
-0.019440	-1.960007
-0.019360	-1.908349
-0.019280	-1.873927
-0.019200	-1.859013
-0.019120	-1.864049
-0.019040	-1.889003
-0.018960	-1.934023
-0.018880	-1.998742
-0.018800	-2.081112
-0.018720	-2.177315
-0.018640	-2.282780
-0.018560	-2.392948
-0.018480	-2.503589
-0.018400	-2.611329
-0.018320	-2.713960
-0.018240	-2.809862
-0.018160	-2.897206
-0.018080	-2.973833
-0.018000	-3.037815
-0.017920	-3.087802
-0.017840	-3.122724
-0.017760	-3.141945
-0.017680	-3.146113
-0.017600	-3.137138
-0.017520	-3.117069
-0.017440	-3.087444
-0.017360	-3.049756
-0.017280	-3.005932
-0.017200	-2.957943
-0.017120	-2.906960
-0.017040	-2.852532
-0.016960	-2.792204
-0.016880	-2.722028
-0.016800	-2.637535
-0.016720	-2.534935
-0.016640	-2.412561
-0.016560	-2.271667
-0.016480	-2.115918
-0.016400	-1.950228
-0.016320	-1.780072
-0.016240	-1.611464
-0.016160	-1.451171
-0.016080	-1.306700
-0.016000	-1.185604
-0.015920	-1.094106
-0.015840	-1.035466
-0.015760	-1.008763
-0.015680	-1.009188
-0.015600	-1.030078
-0.015520	-1.065142
-0.015440	-1.109549
-0.015360	-1.160109
-0.015280	-1.215218
-0.015200	-1.274798
-0.015120	-1.340002
-0.015040	-1.412250
-0.014960	-1.491814
-0.014880	-1.577054
-0.014800	-1.664989
-0.014720	-1.752521
-0.014640	-1.837217
-0.014560	-1.917418
-0.014480	-1.992137
-0.014400	-2.060957
-0.014320	-2.123937
-0.014240	-2.181525
-0.014160	-2.234476
-0.014080	-2.283784
-0.014000	-2.330609
-0.013920	-2.376218
-0.013840	-2.421922
-0.013760	-2.469021
-0.013680	-2.518742
-0.013600	-2.572180
-0.013520	-2.630236
-0.013440	-2.693548
-0.013360	-2.762415
-0.013280	-2.836721
-0.013200	-2.915844
-0.013120	-2.998790
-0.013040	-3.084976
-0.012960	-3.175244
-0.012880	-3.271746
-0.012800	-3.376502
-0.012720	-3.489719
-0.012640	-3.608990
-0.012560	-3.729821
-0.012480	-3.847037
-0.012400	-3.956190
-0.012320	-4.054304
-0.012240	-4.139739
-0.012160	-4.211404
-0.012080	-4.268204
-0.012000	-4.309178
-0.011920	-4.333423
-0.011840	-4.339826
-0.011760	-4.327476
-0.011680	-4.296550
-0.011600	-4.249217
-0.011520	-4.190122
-0.011440	-4.125777
-0.011360	-4.062858
-0.011280	-4.005836
-0.011200	-3.955053
-0.011120	-3.906573
-0.011040	-3.853801
-0.010960	-3.790219
-0.010880	-3.712120
-0.010800	-3.619583
-0.010720	-3.515465
-0.010640	-3.403737
-0.010560	-3.288059
-0.010480	-3.171029
-0.010400	-3.054111
-0.010320	-2.937995
-0.010240	-2.823418
-0.010160	-2.711754
-0.010080	-2.604711
-0.010000	-2.503808
-0.009920	-2.410284
-0.009840	-2.325229
-0.009760	-2.249695
-0.009680	-2.184810
-0.009600	-2.131866
-0.009520	-2.092184
-0.009440	-2.066286
-0.009360	-2.052836
-0.009280	-2.048672
-0.009200	-2.049936
-0.009120	-2.052967
-0.009040	-2.054307
-0.008960	-2.050029
-0.008880	-2.035293
-0.008800	-2.005023
-0.008720	-1.955480
-0.008640	-1.885864
-0.008560	-1.799043
-0.008480	-1.700969
-0.008400	-1.599238
-0.008320	-1.501423
-0.008240	-1.413646
-0.008160	-1.339806
-0.008080	-1.281467
-0.008000	-1.237945
-0.007920	-1.206603
-0.007840	-1.183801
-0.007760	-1.166262
-0.007680	-1.152000
-0.007600	-1.140558
-0.007520	-1.132811
-0.007440	-1.130085
-0.007360	-1.132835
-0.007280	-1.139758
-0.007200	-1.147789
-0.007120	-1.152981
-0.007040	-1.151831
-0.006960	-1.142165
-0.006880	-1.123360
-0.006800	-1.096359
-0.006720	-1.063696
-0.006640	-1.029300
-0.006560	-0.997651
-0.006480	-0.972486
-0.006400	-0.955942
-0.006320	-0.948367
-0.006240	-0.948340
-0.006160	-0.952897
-0.006080	-0.958428
-0.006000	-0.962001
-0.005920	-0.962246
-0.005840	-0.959353
-0.005760	-0.954182
-0.005680	-0.947154
-0.005600	-0.938256
-0.005520	-0.928161
-0.005440	-0.919129
-0.005360	-0.915013
-0.005280	-0.920164
-0.005200	-0.937203
-0.005120	-0.965019
-0.005040	-0.998737
-0.004960	-1.031915
-0.004880	-1.059611
-0.004800	-1.080566
-0.004720	-1.097175
-0.004640	-1.113454
-0.004560	-1.132799
-0.004480	-1.156848
-0.004400	-1.185233
-0.004320	-1.215771
-0.004240	-1.245316
-0.004160	-1.270836
-0.004080	-1.289594
-0.004000	-1.298901
-0.003920	-1.296533
-0.003840	-1.281390
-0.003760	-1.253720
-0.003680	-1.215141
-0.003600	-1.168671
-0.003520	-1.118777
-0.003440	-1.071431
-0.003360	-1.033947
-0.003280	-1.013924
-0.003200	-1.017287
-0.003120	-1.046978
-0.003040	-1.103165
-0.002960	-1.183872
-0.002880	-1.285132
-0.002800	-1.400881
-0.002720	-1.523060
-0.002640	-1.642582
-0.002560	-1.751404
-0.002480	-1.844606
-0.002400	-1.921366
-0.002320	-1.984846
-0.002240	-2.040983
-0.002160	-2.096183
-0.002080	-2.155024
-0.002000	-2.219069
-0.001920	-2.286793
-0.001840	-2.354391
-0.001760	-2.417021
-0.001680	-2.469619
-0.001600	-2.507261
-0.001520	-2.525993
-0.001440	-2.524117
-0.001360	-2.503060
-0.001280	-2.467376
-0.001200	-2.423660
-0.001120	-2.378368
-0.001040	-2.335644
-0.000960	-2.296487
-0.000880	-2.259467
-0.000800	-2.222111
-0.000720	-2.181838
-0.000640	-2.136230
-0.000560	-2.083087
-0.000480	-2.020480
-0.000400	-1.946828
-0.000320	-1.860970
-0.000240	-1.762263
-0.000160	-1.650692
-0.000080	-1.526991
0.000000	-1.392784
0.000080	-1.250744
0.000160	-1.104758
0.000240	-0.960102
0.000320	-0.823628
0.000400	-0.703714
0.000480	-0.609545
0.000560	-0.549702
0.000640	-0.530498
0.000720	-0.554488
0.000800	-0.619605
0.000880	-0.719126
0.000960	-0.842703
0.001040	-0.978462
0.001120	-1.115304
0.001200	-1.244510
0.001280	-1.360249
0.001360	-1.458966
0.001440	-1.538580
0.001520	-1.598132
0.001600	-1.637911
0.001680	-1.660043
0.001760	-1.668888
0.001840	-1.670339
0.001920	-1.670253
0.002000	-1.672891
0.002080	-1.680244
0.002160	-1.692700
0.002240	-1.710361
0.002320	-1.733695
0.002400	-1.762852
0.002480	-1.796512
0.002560	-1.831860
0.002640	-1.865648
0.002720	-1.895042
0.002800	-1.917805
0.002880	-1.932264
0.002960	-1.937273
0.003040	-1.932208
0.003120	-1.916950
0.003200	-1.891899
0.003280	-1.857988
0.003360	-1.816719
0.003440	-1.770198
0.003520	-1.721195
0.003600	-1.673193
0.003680	-1.630229
0.003760	-1.596064
0.003840	-1.572896
0.003920	-1.560519
0.004000	-1.556345
0.004080	-1.556314
0.004160	-1.556229
0.004240	-1.552652
0.004320	-1.543126
0.004400	-1.526182
0.004480	-1.501352
0.004560	-1.468968
0.004640	-1.429304
0.004720	-1.381284
0.004800	-1.321863
0.004880	-1.246757
0.004960	-1.151852
0.005040	-1.034192
0.005120	-0.892321
0.005200	-0.726434
0.005280	-0.538554
0.005360	-0.332520
0.005440	-0.113332
0.005520	0.113923
0.005600	0.344695
0.005680	0.574902
0.005760	0.800645
0.005840	1.017925
0.005920	1.222356
0.006000	1.408898
0.006080	1.571824
0.006160	1.705382
0.006240	1.804921
0.006320	1.867626
0.006400	1.892388
0.006480	1.879066
0.006560	1.828013
0.006640	1.740318
0.006720	1.617645
0.006800	1.461463
0.006880	1.273197
0.006960	1.055540
0.007040	0.813577
0.007120	0.555065
0.007200	0.289839
0.007280	0.028590
0.007360	-0.218595
0.007440	-0.443454
0.007520	-0.640140
0.007600	-0.805156
0.007680	-0.937112
0.007760	-1.036520
0.007840	-1.105622
0.007920	-1.148042
0.008000	-1.167812
0.008080	-1.168197
0.008160	-1.151450
0.008240	-1.119032
0.008320	-1.071181
0.008400	-1.006291
0.008480	-0.920970
0.008560	-0.811013
0.008640	-0.672840
0.008720	-0.504535
0.008800	-0.306234
0.008880	-0.080344
0.008960	0.168208
0.009040	0.431920
0.009120	0.701291
0.009200	0.966049
0.009280	1.216602
0.009360	1.445258
0.009440	1.646816
0.009520	1.818272
0.009600	1.957910
0.009680	2.064642
0.009760	2.138277
0.009840	2.180059
0.009920	2.192795
0.010000	2.180805
0.010080	2.149906
0.010160	2.107201
0.010240	2.060233
0.010320	2.015697
0.010400	1.978610
0.010480	1.952145
0.010560	1.937675
0.010640	1.934809
0.010720	1.941630
0.010800	1.955594
0.010880	1.974860
0.010960	1.999159
0.011040	2.029776
0.011120	2.068634
0.011200	2.116918
0.011280	2.174142
0.011360	2.237866
0.011440	2.303848
0.011520	2.366860
0.011600	2.421938
0.011680	2.465201
0.011760	2.494007
0.011840	2.506904
0.011920	2.503597
0.012000	2.484931
0.012080	2.452905
0.012160	2.410689
0.012240	2.362448
0.012320	2.312504
0.012400	2.264065
0.012480	2.218395
0.012560	2.174881
0.012640	2.131977
0.012720	2.088598
0.012800	2.045066
0.012880	2.003388
0.012960	1.967089
0.013040	1.940382
0.013120	1.926872
0.013200	1.928485
0.013280	1.944592
0.013360	1.971563
0.013440	2.003422
0.013520	2.033367
0.013600	2.055296
0.013680	2.064664
0.013760	2.058680
0.013840	2.036080
0.013920	1.996471
0.014000	1.939917
0.014080	1.867436
0.014160	1.781741
0.014240	1.687330
0.014320	1.589706
0.014400	1.494386
0.014480	1.407020
0.014560	1.334399
0.014640	1.284565
0.014720	1.265565
0.014800	1.283732
0.014880	1.342151
0.014960	1.439746
0.015040	1.571206
0.015120	1.727978
0.015200	1.900326
0.015280	2.079367
0.015360	2.257971
0.015440	2.430761
0.015520	2.593901
0.015600	2.744873
0.015680	2.882286
0.015760	3.005679
0.015840	3.115359
0.015920	3.212017
0.016000	3.295932
0.016080	3.366405
0.016160	3.422095
0.016240	3.461832
0.016320	3.485649
0.016400	3.496082
0.016480	3.498796
0.016560	3.501692
0.016640	3.512676
0.016720	3.537433
0.016800	3.578517
0.016880	3.635993
0.016960	3.708938
0.017040	3.796929
0.017120	3.900400
0.017200	4.019196
0.017280	4.150672
0.017360	4.289320
0.017440	4.427945
0.017520	4.559273
0.017600	4.677341
0.017680	4.778224
0.017760	4.860119
0.017840	4.923221
0.017920	4.969623
0.018000	5.003017
0.018080	5.027748
0.018160	5.047441
0.018240	5.064079
0.018320	5.077758
0.018400	5.086893
0.018480	5.089091
0.018560	5.082703
0.018640	5.068376
0.018720	5.049738
0.018800	5.032750
0.018880	5.023950
0.018960	5.028251
0.019040	5.047624
0.019120	5.081309
0.019200	5.126463
0.019280	5.178569
0.019360	5.232047
0.019440	5.280862
0.019520	5.319136
0.019600	5.342641
0.019680	5.350541
0.019760	5.345591
0.019840	5.332790
0.019920	5.317619
0.020000	5.304718
0.020080	5.297908
0.020160	5.301317
0.020240	5.320282
0.020320	5.361343
0.020400	5.431332
0.020480	5.535761
0.020560	5.677182
0.020640	5.854386
0.020720	6.062894
0.020800	6.296298
0.020880	6.547556
0.020960	6.809596
0.021040	7.075231
0.021120	7.337055
0.021200	7.588011
0.021280	7.822398
0.021360	8.036452
0.021440	8.228063
0.021520	8.395836
0.021600	8.538420
0.021680	8.654737
0.021760	8.744705
0.021840	8.809980
0.021920	8.854294
0.022000	8.882931
0.022080	8.902009
0.022160	8.917997
0.022240	8.936806
0.022320	8.962657
0.022400	8.997840
0.022480	9.042904
0.022560	9.096394
0.022640	9.154801
0.022720	9.212949
0.022800	9.264365
0.022880	9.302112
0.022960	9.320285
0.023040	9.315754
0.023120	9.289701
0.023200	9.248081
0.023280	9.200098
0.023360	9.155374
0.023440	9.121562
0.023520	9.103513
0.023600	9.103985
0.023680	9.124785
0.023760	9.166990
0.023840	9.230704
0.023920	9.315454
0.024000	9.420783
0.024080	9.546370
0.024160	9.691901
0.024240	9.856919
0.024320	10.040645
0.024400	10.241773
0.024480	10.458249
0.024560	10.687019
0.024640	10.923767
0.024720	11.162631
0.024800	11.396359
0.024880	11.617796
0.024960	11.822044
0.025040	12.007080
0.025120	12.172622
0.025200	12.319009
0.025280	12.446781
0.025360	12.556497
0.025440	12.648803
0.025520	12.724970
0.025600	12.787224
0.025680	12.838434
0.025760	12.882043
0.025840	12.922225
0.025920	12.963395
0.026000	13.009269
0.026080	13.061934
0.026160	13.121343
0.026240	13.185927
0.026320	13.254083
0.026400	13.325430
0.026480	13.400735
0.026560	13.480719
0.026640	13.565077
0.026720	13.652383
0.026800	13.740888
0.026880	13.829742
0.026960	13.919784
0.027040	14.013662
0.027120	14.115498
0.027200	14.229890
0.027280	14.360453
0.027360	14.508794
0.027440	14.674346
0.027520	14.855309
0.027600	15.050439
0.027680	15.260171
0.027760	15.485931
0.027840	15.728547
0.027920	15.987302
0.028000	16.260086
0.028080	16.543739
0.028160	16.833941
0.028240	17.124866
0.028320	17.409048
0.028400	17.677917
0.028480	17.923010
0.028560	18.137419
0.028640	18.317064
0.028720	18.461311
0.028800	18.572762
0.028880	18.656195
0.028960	18.717094
0.029040	18.760662
0.029120	18.791533
0.029200	18.813711
0.029280	18.830555
0.029360	18.844746
0.029440	18.858278
0.029520	18.872452
0.029600	18.887856
0.029680	18.904369
0.029760	18.921150
0.029840	18.936617
0.029920	18.948446
0.030000	18.953560
0.030080	18.948347
0.030160	18.929556
0.030240	18.895645
0.030320	18.847713
0.030400	18.789543
0.030480	18.726789
0.030560	18.665726
0.030640	18.612211
0.030720	18.570894
0.030800	18.544832
0.030880	18.536003
0.030960	18.546013
0.031040	18.576330
0.031120	18.628290
0.031200	18.703060
0.031280	18.801588
0.031360	18.924288
0.031440	19.070042
0.031520	19.234938
0.031600	19.412325
0.031680	19.594610
0.031760	19.775286
0.031840	19.949808
0.031920	20.115614
0.032000	20.271914
0.032080	20.419270
0.032160	20.558517
0.032240	20.689260
0.032320	20.809036
0.032400	20.914053
0.032480	21.001266
0.032560	21.070274
0.032640	21.123421
0.032720	21.164404
0.032800	21.196432
0.032880	21.220625
0.032960	21.235315
0.033040	21.236921
0.033120	21.222162
0.033200	21.190287
0.033280	21.143999
0.033360	21.088621
0.033440	21.029928
0.033520	20.972235
0.033600	20.918253
0.033680	20.870283
0.033760	20.831182
0.033840	20.804647
0.033920	20.795288
0.034000	20.808434
0.034080	20.849270
0.034160	20.921494
0.034240	21.026382
0.034320	21.162710
0.034400	21.327290
0.034480	21.515488
0.034560	21.721460
0.034640	21.938616
0.034720	22.160013
0.034800	22.378345
0.034880	22.585884
0.034960	22.775120
0.035040	22.939833
0.035120	23.076000
0.035200	23.182484
0.035280	23.261312
0.035360	23.317116
0.035440	23.356377
0.035520	23.386909
0.035600	23.416943
0.035680	23.453747
0.035760	23.502716
0.035840	23.567102
0.035920	23.647976
0.036000	23.744135
0.036080	23.852034
0.036160	23.965662
0.036240	24.076653
0.036320	24.175037
0.036400	24.250689
0.036480	24.294983
0.036560	24.302280
0.036640	24.270784
0.036720	24.202761
0.036800	24.104368
0.036880	23.984644
0.036960	23.853413
0.037040	23.719446
0.037120	23.590410
0.037200	23.473927
0.037280	23.377750
0.037360	23.308804
0.037440	23.272202
0.037520	23.270456
0.037600	23.303082
0.037680	23.367060
0.037760	23.457691
0.037840	23.569654
0.037920	23.698217
0.038000	23.839802
0.038080	23.991150
0.038160	24.148058
0.038240	24.305199
0.038320	24.457268
0.038400	24.600357
0.038480	24.732450
0.038560	24.852806
0.038640	24.961136
0.038720	25.057249
0.038800	25.141146
0.038880	25.213799
0.038960	25.278170
0.039040	25.338911
0.039120	25.400513
0.039200	25.465899
0.039280	25.536591
0.039360	25.613293
0.039440	25.696266
0.039520	25.785910
0.039600	25.883106
0.039680	25.988691
0.039760	26.102657
0.039840	26.224049
0.039920	26.351706
0.040000	26.485254
0.040080	26.625162
0.040160	26.772373
0.040240	26.928362
0.040320	27.094954
0.040400	27.273706
0.040480	27.465487
0.040560	27.670252
0.040640	27.886822
0.040720	28.112860
0.040800	28.345282
0.040880	28.580868
0.040960	28.817106
0.041040	29.053015
0.041120	29.288857
0.041200	29.524754
0.041280	29.759506
0.041360	29.990314
0.041440	30.213385
0.041520	30.424988
0.041600	30.622080
0.041680	30.802284
0.041760	30.963650
0.041840	31.104441
0.041920	31.223175
0.042000	31.319349
0.042080	31.394642
0.042160	31.453688
0.042240	31.504000
0.042320	31.554804
0.042400	31.614750
0.042480	31.689642
0.042560	31.781260
0.042640	31.887280
0.042720	32.002285
0.042800	32.119869
0.042880	32.234734
0.042960	32.343670
0.043040	32.445431
0.043120	32.539730
0.043200	32.625782
0.043280	32.701546
0.043360	32.764290
0.043440	32.811855
0.043520	32.843472
0.043600	32.859734
0.043680	32.861656
0.043760	32.849380
0.043840	32.821472
0.043920	32.775883
0.044000	32.712193
0.044080	32.633713
0.044160	32.547558
0.044240	32.462772
0.044320	32.388226
0.044400	32.331612
0.044480	32.299335
0.044560	32.296593
0.044640	32.327435
0.044720	32.394764
0.044800	32.500324
0.044880	32.644623
0.044960	32.826817
0.045040	33.044765
0.045120	33.295479
0.045200	33.575317
0.045280	33.879456
0.045360	34.201782
0.045440	34.535637
0.045520	34.874321
0.045600	35.210911
0.045680	35.538082
0.045760	35.848587
0.045840	36.136421
0.045920	36.398006
0.046000	36.632526
0.046080	36.841156
0.046160	37.026115
0.046240	37.190220
0.046320	37.336639
0.046400	37.468727
0.046480	37.589828
0.046560	37.703148
0.046640	37.811611
0.046720	37.917732
0.046800	38.023483
0.046880	38.130199
0.046960	38.238445
0.047040	38.347908
0.047120	38.457264
0.047200	38.564304
0.047280	38.666679
0.047360	38.762917
0.047440	38.852299
0.047520	38.933872
0.047600	39.006142
0.047680	39.067417
0.047760	39.116196
0.047840	39.151764
0.047920	39.174835
0.048000	39.187729
0.048080	39.194370
0.048160	39.200062
0.048240	39.210613
0.048320	39.231007
0.048400	39.264500
0.048480	39.312420
0.048560	39.374119
0.048640	39.447163
0.048720	39.528145
0.048800	39.613979
0.048880	39.702682
0.048960	39.793282
0.049040	39.884865
0.049120	39.975117
0.049200	40.059578
0.049280	40.132214
0.049360	40.186882
0.049440	40.219044
0.049520	40.227051
0.049600	40.212132
0.049680	40.177273
0.049760	40.126389
0.049840	40.064144
0.049920	39.996040
0.050000	39.928509
0.050080	39.869015
0.050160	39.825935
0.050240	39.807755
0.050320	39.821800
0.050400	39.873177
0.050480	39.963860
0.050560	40.092213
0.050640	40.253551
0.050720	40.441345
0.050800	40.647915
0.050880	40.864670
0.050960	41.082535
0.051040	41.292362
0.051120	41.485146
0.051200	41.652641
0.051280	41.788502
0.051360	41.888981
0.051440	41.952991
0.051520	41.982010
0.051600	41.979786
0.051680	41.951450
0.051760	41.902187
0.051840	41.836395
0.051920	41.757561
0.052000	41.668343
0.052080	41.570686
0.052160	41.465981
0.052240	41.355392
0.052320	41.240700
0.052400	41.124889
0.052480	41.011875
0.052560	40.905998
0.052640	40.811966
0.052720	40.734989
0.052800	40.680939
0.052880	40.656212
0.052960	40.666943
0.053040	40.717491
0.053120	40.808887
0.053200	40.938332
0.053280	41.100452
0.053360	41.289139
0.053440	41.498272
0.053520	41.721046
0.053600	41.949295
0.053680	42.173897
0.053760	42.386066
0.053840	42.578655
0.053920	42.746792
0.054000	42.887886
0.054080	43.001446
0.054160	43.088692
0.054240	43.151760
0.054320	43.193188
0.054400	43.216049
0.054480	43.223717
0.054560	43.218727
0.054640	43.202145
0.054720	43.174217
0.054800	43.136009
0.054880	43.090992
0.054960	43.045559
0.055040	43.007767
0.055120	42.985184
0.055200	42.983185
0.055280	43.004539
0.055360	43.050762
0.055440	43.123901
0.055520	43.226482
0.055600	43.359428
0.055680	43.519974
0.055760	43.701496
0.055840	43.895561
0.055920	44.094620
0.056000	44.293324
0.056080	44.488102
0.056160	44.676235
0.056240	44.855446
0.056320	45.023651
0.056400	45.178768
0.056480	45.318542
0.056560	45.440342
0.056640	45.541031
0.056720	45.617046
0.056800	45.665180
0.056880	45.683853
0.056960	45.673965
0.057040	45.639095
0.057120	45.585335
0.057200	45.520454
0.057280	45.452644
0.057360	45.389740
0.057440	45.338863
0.057520	45.305634
0.057600	45.293152
0.057680	45.302040
0.057760	45.331596
0.057840	45.380695
0.057920	45.447994
0.058000	45.531895
0.058080	45.630463
0.058160	45.741367
0.058240	45.861771
0.058320	45.988201
0.058400	46.116436
0.058480	46.241364
0.058560	46.357063
0.058640	46.457554
0.058720	46.538029
0.058800	46.595619
0.058880	46.629562
0.058960	46.641125
0.059040	46.633377
0.059120	46.610310
0.059200	46.575516
0.059280	46.531582
0.059360	46.480598
0.059440	46.424675
0.059520	46.365574
0.059600	46.304146
0.059680	46.240200
0.059760	46.172588
0.059840	46.099548
0.059920	46.019699
0.060000	45.933254
0.060080	45.842144
0.060160	45.749054
0.060240	45.656422
0.060320	45.565708
0.060400	45.477074
0.060480	45.389965
0.060560	45.303902
0.060640	45.218857
0.060720	45.135357
0.060800	45.054405
0.060880	44.976933
0.060960	44.903481
0.061040	44.834763
0.061120	44.772438
0.061200	44.719223
0.061280	44.678104
0.061360	44.651077
0.061440	44.638344
0.061520	44.638134
0.061600	44.646744
0.061680	44.658779
0.061760	44.668064
0.061840	44.668747
0.061920	44.655552
0.062000	44.623337
0.062080	44.566711
0.062160	44.479633
0.062240	44.355751
0.062320	44.189846
0.062400	43.979809
0.062480	43.728428
0.062560	43.444096
0.062640	43.139397
0.062720	42.827908
0.062800	42.521481
0.062880	42.229317
0.062960	41.958141
0.063040	41.712601
0.063120	41.495598
0.063200	41.308624
0.063280	41.152077
0.063360	41.025471
0.063440	40.927689
0.063520	40.857136
0.063600	40.811909
0.063680	40.789871
0.063760	40.788761
0.063840	40.806225
0.063920	40.839825
0.064000	40.887066
0.064080	40.945572
0.064160	41.013943
0.064240	41.092808
0.064320	41.184765
0.064400	41.293186
0.064480	41.421211
0.064560	41.571213
0.064640	41.743958
0.064720	41.937786
0.064800	42.148170
0.064880	42.367737
0.064960	42.586666
0.065040	42.793568
0.065120	42.977219
0.065200	43.128780
0.065280	43.242477
0.065360	43.314537
0.065440	43.342186
0.065520	43.323353
0.065600	43.256660
0.065680	43.141460
0.065760	42.977947
0.065840	42.767319
0.065920	42.512001
0.066000	42.215931
0.066080	41.884899
0.066160	41.526714
0.066240	41.150745
0.066320	40.766846
0.066400	40.384037
0.066480	40.009251
0.066560	39.646255
0.066640	39.295483
0.066720	38.954941
0.066800	38.621353
0.066880	38.291039
0.066960	37.961246
0.067040	37.631935
0.067120	37.306858
0.067200	36.993111
0.067280	36.699116
0.067360	36.431915
0.067440	36.195110
0.067520	35.988091
0.067600	35.806362
0.067680	35.642925
0.067760	35.490528
0.067840	35.343231
0.067920	35.196159
0.068000	35.044170
0.068080	34.880707
0.068160	34.698025
0.068240	34.488743
0.068320	34.247639
0.068400	33.972630
0.068480	33.664616
0.068560	33.327190
0.068640	32.966602
0.068720	32.591080
0.068800	32.209061
0.068880	31.827475
0.068960	31.450882
0.069040	31.081083
0.069120	30.717161
0.069200	30.356409
0.069280	29.995462
0.069360	29.631002
0.069440	29.259989
0.069520	28.879265
0.069600	28.484915
0.069680	28.072762
0.069760	27.639996
0.069840	27.186594
0.069920	26.715881
0.070000	26.234224
0.070080	25.750296
0.070160	25.274807
0.070240	24.820679
0.070320	24.402527
0.070400	24.034803
0.070480	23.728979
0.070560	23.490688
0.070640	23.317883
0.070720	23.201153
0.070800	23.126167
0.070880	23.077188
0.070960	23.040281
0.071040	23.004953
0.071120	22.964005
0.071200	22.912909
0.071280	22.849438
0.071360	22.772856
0.071440	22.682882
0.071520	22.579588
0.071600	22.463737
0.071680	22.336704
0.071760	22.200844
0.071840	22.060556
0.071920	21.922464
0.072000	21.794264
0.072080	21.683111
0.072160	21.594028
0.072240	21.528482
0.072320	21.484058
0.072400	21.455891
0.072480	21.438499
0.072560	21.426064
0.072640	21.411348
0.072720	21.385056
0.072800	21.336754
0.072880	21.257139
0.072960	21.140347
0.073040	20.984941
0.073120	20.793413
0.073200	20.570826
0.073280	20.323288
0.073360	20.056456
0.073440	19.774076
0.073520	19.476994
0.073600	19.163731
0.073680	18.832876
0.073760	18.485493
0.073840	18.125525
0.073920	17.758265
0.074000	17.388573
0.074080	17.020241
0.074160	16.656235
0.074240	16.299170
0.074320	15.951773
0.074400	15.617110
0.074480	15.298147
0.074560	14.996838
0.074640	14.713865
0.074720	14.449470
0.074800	14.204259
0.074880	13.978875
0.074960	13.772976
0.075040	13.584861
0.075120	13.412178
0.075200	13.252831
0.075280	13.105431
0.075360	12.969277
0.075440	12.843660
0.075520	12.726702
0.075600	12.614636
0.075680	12.501954
0.075760	12.382447
0.075840	12.250689
0.075920	12.103081
0.076000	11.938026
0.076080	11.755011
0.076160	11.552817
0.076240	11.328643
0.076320	11.079479
0.076400	10.804391
0.076480	10.505735
0.076560	10.188610
0.076640	9.859022
0.076720	9.521834
0.076800	9.179401
0.076880	8.831114
0.076960	8.473384
0.077040	8.099642
0.077120	7.701239
0.077200	7.269928
0.077280	6.800816
0.077360	6.294692
0.077440	5.759070
0.077520	5.207267
0.077600	4.655968
0.077680	4.122351
0.077760	3.621446
0.077840	3.164570
0.077920	2.759511
0.078000	2.411315
0.078080	2.122356
0.078160	1.892096
0.078240	1.717454
0.078320	1.593985
0.078400	1.517210
0.078480	1.482777
0.078560	1.485442
0.078640	1.518453
0.078720	1.574214
0.078800	1.645575
0.078880	1.726661
0.078960	1.812778
0.079040	1.899205
0.079120	1.979084
0.079200	2.042202
0.079280	2.076230
0.079360	2.069756
0.079440	2.015362
0.079520	1.911194
0.079600	1.760362
0.079680	1.568852
0.079760	1.343487
0.079840	1.090829
0.079920	0.816573
0.080000	0.525188
0.080080	0.220041
0.080160	-0.096244
0.080240	-0.421399
0.080320	-0.753346
0.080400	-1.090674
0.080480	-1.433336
0.080560	-1.782225
0.080640	-2.137638
0.080720	-2.497941
0.080800	-2.858909
0.080880	-3.213492
0.080960	-3.552704
0.081040	-3.868294
0.081120	-4.155884
0.081200	-4.416576
0.081280	-4.656601
0.081360	-4.885208
0.081440	-5.111694
0.081520	-5.343341
0.081600	-5.584679
0.081680	-5.837198
0.081760	-6.099267
0.081840	-6.366708
0.081920	-6.634031
0.082000	-6.895877
0.082080	-7.148251
0.082160	-7.389086
0.082240	-7.618155
0.082320	-7.836552
0.082400	-8.045741
0.082480	-8.246840
0.082560	-8.440807
0.082640	-8.628862
0.082720	-8.812463
0.082800	-8.993082
0.082880	-9.171974
0.082960	-9.349953
0.083040	-9.527180
0.083120	-9.702934
0.083200	-9.875405
0.083280	-10.041695
0.083360	-10.198502
0.083440	-10.343250
0.083520	-10.474790
0.083600	-10.593446
0.083680	-10.700861
0.083760	-10.799850
0.083840	-10.894271
0.083920	-10.988909
0.084000	-11.089133
0.084080	-11.199900
0.084160	-11.324292
0.084240	-11.462720
0.084320	-11.613659
0.084400	-11.775705
0.084480	-11.949393
0.084560	-12.137223
0.084640	-12.342113
0.084720	-12.565394
0.084800	-12.805220
0.084880	-13.056520
0.084960	-13.312705
0.085040	-13.567584
0.085120	-13.816163
0.085200	-14.054561
0.085280	-14.279930
0.085360	-14.491048
0.085440	-14.689164
0.085520	-14.877737
0.085600	-15.061082
0.085680	-15.243472
0.085760	-15.429362
0.085840	-15.623602
0.085920	-15.830773
0.086000	-16.054277
0.086080	-16.295862
0.086160	-16.555347
0.086240	-16.830324
0.086320	-17.116072
0.086400	-17.406321
0.086480	-17.694914
0.086560	-17.976788
0.086640	-18.247618
0.086720	-18.503704
0.086800	-18.742752
0.086880	-18.964445
0.086960	-19.170170
0.087040	-19.361839
0.087120	-19.540327
0.087200	-19.704334
0.087280	-19.850182
0.087360	-19.972502
0.087440	-20.065632
0.087520	-20.125242
0.087600	-20.149576
0.087680	-20.139385
0.087760	-20.096800
0.087840	-20.024462
0.087920	-19.925375
0.088000	-19.803219
0.088080	-19.663158
0.088160	-19.512220
0.088240	-19.358158
0.088320	-19.207636
0.088400	-19.065323
0.088480	-18.933876
0.088560	-18.814119
0.088640	-18.705221
0.088720	-18.604864
0.088800	-18.509392
0.088880	-18.413937
0.088960	-18.312576
0.089040	-18.198671
0.089120	-18.065910
0.089200	-17.909571
0.089280	-17.726709
0.089360	-17.515482
0.089440	-17.275379
0.089520	-17.008406
0.089600	-16.719387
0.089680	-16.414980
0.089760	-16.102274
0.089840	-15.787615
0.089920	-15.476131
0.090000	-15.171900
0.090080	-14.878358
0.090160	-14.598690
0.090240	-14.335981
0.090320	-14.092695
0.090400	-13.869674
0.090480	-13.665791
0.090560	-13.478907
0.090640	-13.307245
0.090720	-13.149640
0.090800	-13.004657
0.090880	-12.869902
0.090960	-12.742000
0.091040	-12.616772
0.091120	-12.489410
0.091200	-12.354641
0.091280	-12.207127
0.091360	-12.042310
0.091440	-11.857055
0.091520	-11.649423
0.091600	-11.418252
0.091680	-11.163200
0.091760	-10.885050
0.091840	-10.585814
0.091920	-10.268205
0.092000	-9.934685
0.092080	-9.586984
0.092160	-9.226304
0.092240	-8.853767
0.092320	-8.470870
0.092400	-8.080190
0.092480	-7.686537
0.092560	-7.297672
0.092640	-6.923252
0.092720	-6.572433
0.092800	-6.251896
0.092880	-5.965180
0.092960	-5.712642
0.093040	-5.491161
0.093120	-5.294011
0.093200	-5.111821
0.093280	-4.934386
0.093360	-4.752467
0.093440	-4.558685
0.093520	-4.347104
0.093600	-4.112143
0.093680	-3.847964
0.093760	-3.548559
0.093840	-3.208082
0.093920	-2.821245
0.094000	-2.383749
0.094080	-1.892779
0.094160	-1.347567
0.094240	-0.749789
0.094320	-0.103370
0.094400	0.586317
0.094480	1.313409
0.094560	2.072248
0.094640	2.857344
0.094720	3.662648
0.094800	4.480781
0.094880	5.302912
0.094960	6.119062
0.095040	6.918184
0.095120	7.688470
0.095200	8.418799
0.095280	9.100880
0.095360	9.730784
0.095440	10.308981
0.095520	10.838876
0.095600	11.324752
0.095680	11.770430
0.095760	12.179326
0.095840	12.555223
0.095920	12.902643
0.096000	13.226596
0.096080	13.532146
0.096160	13.823997
0.096240	14.106336
0.096320	14.383354
0.096400	14.659998
0.096480	14.941631
0.096560	15.232569
0.096640	15.535057
0.096720	15.849580
0.096800	16.175810
0.096880	16.513111
0.096960	16.860350
0.097040	17.215700
0.097120	17.576878
0.097200	17.941368
0.097280	18.306419
0.097360	18.669262
0.097440	19.027534
0.097520	19.379957
0.097600	19.727215
0.097680	20.072411
0.097760	20.420855
0.097840	20.779631
0.097920	21.157166
0.098000	21.562775
0.098080	22.005968
0.098160	22.495050
0.098240	23.035231
0.098320	23.627342
0.098400	24.267836
0.098480	24.949589
0.098560	25.663122
0.098640	26.397968
0.098720	27.143122
0.098800	27.886129
0.098880	28.612831
0.098960	29.309557
0.099040	29.966671
0.099120	30.581043
0.099200	31.156357
0.099280	31.701662
0.099360	32.229122
0.099440	32.751534
0.099520	33.280132
0.099600	33.823246
0.099680	34.386322
0.099760	34.972576
0.099840	35.583187
0.099920	36.217003
0.100000	36.870682
0.100080	37.539471
0.100160	38.218155
0.100240	38.901814
0.100320	39.586063
0.100400	40.267361
0.100480	40.943676
0.100560	41.615467
0.100640	42.286140
0.100720	42.961250
0.100800	43.646320
0.100880	44.344437
0.100960	45.054981
0.101040	45.774303
0.101120	46.497971
0.101200	47.223186
0.101280	47.950165
0.101360	48.681423
0.101440	49.419777
0.101520	50.166794
0.101600	50.922291
0.101680	51.684109
0.101760	52.447826
0.101840	53.207615
0.101920	53.958176
0.102000	54.696491
0.102080	55.422661
0.102160	56.139683
0.102240	56.852093
0.102320	57.564438
0.102400	58.280155
0.102480	59.000931
0.102560	59.726696
0.102640	60.456318
0.102720	61.188477
0.102800	61.922314
0.102880	62.657673
0.102960	63.395294
0.103040	64.137245
0.103120	64.886925
0.103200	65.648346
0.103280	66.425240
0.103360	67.220329
0.103440	68.035278
0.103520	68.871033
0.103600	69.727936
0.103680	70.605606
0.103760	71.502548
0.103840	72.415489
0.103920	73.339218
0.104000	74.267220
0.104080	75.193207
0.104160	76.113091
0.104240	77.026329
0.104320	77.935883
0.104400	78.847092
0.104480	79.765686
0.104560	80.695320
0.104640	81.635803
0.104720	82.582817
0.104800	83.529221
0.104880	84.467255
0.104960	85.390671
0.105040	86.296082
0.105120	87.182930
0.105200	88.052376
0.105280	88.905571
0.105360	89.742355
0.105440	90.561775
0.105520	91.363983
0.105600	92.151443
0.105680	92.928185
0.105760	93.697952
0.105840	94.463509
0.105920	95.227676
0.106000	95.994659
0.106080	96.770218
0.106160	97.560715
0.106240	98.371574
0.106320	99.205803
0.106400	100.063728
0.106480	100.943764
0.106560	101.843773
0.106640	102.762268
0.106720	103.698425
0.106800	104.651413
0.106880	105.620125
0.106960	106.603409
0.107040	107.599709
0.107120	108.606400
0.107200	109.619400
0.107280	110.633537
0.107360	111.643089
0.107440	112.642349
0.107520	113.626411
0.107600	114.592361
0.107680	115.540359
0.107760	116.473587
0.107840	117.397278
0.107920	118.317642
0.108000	119.240715
0.108080	120.171265
0.108160	121.111877
0.108240	122.062752
0.108320	123.022095
0.108400	123.986771
0.108480	124.952896
0.108560	125.916740
0.108640	126.875946
0.108720	127.830620
0.108800	128.783066
0.108880	129.736176
0.108960	130.691864
0.109040	131.650604
0.109120	132.611755
0.109200	133.574280
0.109280	134.537338
0.109360	135.500916
0.109440	136.466171
0.109520	137.435059
0.109600	138.408844
0.109680	139.387421
0.109760	140.370178
0.109840	141.357224
0.109920	142.350250
0.110000	143.352859
0.110080	144.370117
0.110160	145.406815
0.110240	146.465851
0.110320	147.547684
0.110400	148.650543
0.110480	149.770950
0.110560	150.904388
0.110640	152.046432
0.110720	153.193542
0.110800	154.343094
0.110880	155.493073
0.110960	156.642258
0.111040	157.790634
0.111120	158.939545
0.111200	160.091248
0.111280	161.247681
0.111360	162.409393
0.111440	163.575180
0.111520	164.743011
0.111600	165.910751
0.111680	167.076187
0.111760	168.236664
0.111840	169.389084
0.111920	170.529831
0.112000	171.655380
0.112080	172.763626
0.112160	173.854294
0.112240	174.928101
0.112320	175.985413
0.112400	177.025253
0.112480	178.045105
0.112560	179.041885
0.112640	180.013275
0.112720	180.958450
0.112800	181.878540
0.112880	182.776398
0.112960	183.655731
0.113040	184.520065
0.113120	185.371933
0.113200	186.212753
0.113280	187.043381
0.113360	187.864944
0.113440	188.679428
0.113520	189.489532
0.113600	190.298325
0.113680	191.109055
0.113760	191.925583
0.113840	192.752426
0.113920	193.593903
0.114000	194.453247
0.114080	195.331635
0.114160	196.227386
0.114240	197.135849
0.114320	198.049881
0.114400	198.960831
0.114480	199.859909
0.114560	200.739578
0.114640	201.594528
0.114720	202.422180
0.114800	203.222641
0.114880	203.997925
0.114960	204.751068
0.115040	205.485214
0.115120	206.202774
0.115200	206.904831
0.115280	207.591415
0.115360	208.262680
0.115440	208.919754
0.115520	209.564636
0.115600	210.200073
0.115680	210.829590
0.115760	211.457169
0.115840	212.087448
0.115920	212.726120
0.116000	213.379517
0.116080	214.053619
0.116160	214.753769
0.116240	215.484604
0.116320	216.249466
0.116400	217.049606
0.116480	217.883530
0.116560	218.746948
0.116640	219.633408
0.116720	220.535034
0.116800	221.443130
0.116880	222.348236
0.116960	223.240372
0.117040	224.110550
0.117120	224.952759
0.117200	225.765259
0.117280	226.549835
0.117360	227.309769
0.117440	228.048264
0.117520	228.768234
0.117600	229.472900
0.117680	230.165741
0.117760	230.850067
0.117840	231.528107
0.117920	232.200623
0.118000	232.866898
0.118080	233.525421
0.118160	234.174225
0.118240	234.811310
0.118320	235.435211
0.118400	236.045227
0.118480	236.640976
0.118560	237.221695
0.118640	237.785858
0.118720	238.331421
0.118800	238.856522
0.118880	239.360062
0.118960	239.842255
0.119040	240.305145
0.119120	240.752213
0.119200	241.186691
0.119280	241.610474
0.119360	242.024185
0.119440	242.427063
0.119520	242.816483
0.119600	243.187836
0.119680	243.536545
0.119760	243.860672
0.119840	244.163147
0.119920	244.452255
0.120000	244.740585
0.120080	245.042221
0.120160	245.369446
0.120240	245.730194
0.120320	246.127563
0.120400	246.560760
0.120480	247.026474
0.120560	247.520065
0.120640	248.036148
0.120720	248.569244
0.120800	249.114487
0.120880	249.668076
0.120960	250.226791
0.121040	250.787552
0.121120	251.346710
0.121200	251.899719
0.121280	252.441452
0.121360	252.966965
0.121440	253.471756
0.121520	253.951523
0.121600	254.401581
0.121680	254.816620
0.121760	255.191406
0.121840	255.522278
0.121920	255.808228
0.122000	256.050323
0.122080	256.250763
0.122160	256.412537
0.122240	256.539276
0.122320	256.635071
0.122400	256.704590
0.122480	256.752869
0.122560	256.785522
0.122640	256.808685
0.122720	256.828857
0.122800	256.852417
0.122880	256.885162
0.122960	256.932709
0.123040	257.000183
0.123120	257.091339
0.123200	257.207855
0.123280	257.349945
0.123360	257.517761
0.123440	257.711884
0.123520	257.932648
0.123600	258.178619
0.123680	258.445862
0.123760	258.728455
0.123840	259.020721
0.123920	259.319061
0.124000	259.622559
0.124080	259.932281
0.124160	260.249390
0.124240	260.574158
0.124320	260.905426
0.124400	261.240479
0.124480	261.575775
0.124560	261.907715
0.124640	262.233337
0.124720	262.549316
0.124800	262.851318
0.124880	263.134430
0.124960	263.394348
0.125040	263.628784
0.125120	263.837952
0.125200	264.023590
0.125280	264.187622
0.125360	264.331024
0.125440	264.453644
0.125520	264.554016
0.125600	264.629700
0.125680	264.677979
0.125760	264.697327
0.125840	264.688354
0.125920	264.653839
0.126000	264.598053
0.126080	264.525482
0.126160	264.440247
0.126240	264.346039
0.126320	264.246460
0.126400	264.146118
0.126480	264.051178
0.126560	263.968933
0.126640	263.906586
0.126720	263.869781
0.126800	263.861969
0.126880	263.884369
0.126960	263.936066
0.127040	264.014069
0.127120	264.113403
0.127200	264.227142
0.127280	264.346588
0.127360	264.462158
0.127440	264.564880
0.127520	264.648041
0.127600	264.707733
0.127680	264.742401
0.127760	264.752350
0.127840	264.739532
0.127920	264.707520
0.128000	264.661713
0.128080	264.608307
0.128160	264.553314
0.128240	264.501740
0.128320	264.457611
0.128400	264.424164
0.128480	264.403931
0.128560	264.398773
0.128640	264.409302
0.128720	264.434601
0.128800	264.472656
0.128880	264.521271
0.128960	264.578278
0.129040	264.641571
0.129120	264.709137
0.129200	264.779205
0.129280	264.850159
0.129360	264.920654
0.129440	264.989380
0.129520	265.054382
0.129600	265.112732
0.129680	265.160919
0.129760	265.195709
0.129840	265.214264
0.129920	265.214447
0.130000	265.195923
0.130080	265.161377
0.130160	265.116486
0.130240	265.068939
0.130320	265.026733
0.130400	264.996552
0.130480	264.982208
0.130560	264.983429
0.130640	264.996185
0.130720	265.014923
0.130800	265.034698
0.130880	265.052521
0.130960	265.067444
0.131040	265.079712
0.131120	265.089569
0.131200	265.096436
0.131280	265.098846
0.131360	265.094696
0.131440	265.082092
0.131520	265.059937
0.131600	265.027527
0.131680	264.983856
0.131760	264.926910
0.131840	264.853333
0.131920	264.759125
0.132000	264.640472
0.132080	264.494263
0.132160	264.318237
0.132240	264.111450
0.132320	263.874481
0.132400	263.609619
0.132480	263.320679
0.132560	263.012665
0.132640	262.691681
0.132720	262.363831
0.132800	262.033905
0.132880	261.705780
0.132960	261.384003
0.133040	261.074982
0.133120	260.786621
0.133200	260.526611
0.133280	260.300415
0.133360	260.109772
0.133440	259.951660
0.133520	259.818756
0.133600	259.701050
0.133680	259.587799
0.133760	259.469360
0.133840	259.337219
0.133920	259.183472
0.134000	259.000885
0.134080	258.783722
0.134160	258.528320
0.134240	258.234406
0.134320	257.905731
0.134400	257.549927
0.134480	257.176575
0.134560	256.795410
0.134640	256.414886
0.134720	256.041046
0.134800	255.676437
0.134880	255.320129
0.134960	254.968857
0.135040	254.619034
0.135120	254.268051
0.135200	253.915390
0.135280	253.563568
0.135360	253.218460
0.135440	252.888580
0.135520	252.583527
0.135600	252.311905
0.135680	252.078674
0.135760	251.883163
0.135840	251.718750
0.135920	251.574860
0.136000	251.440094
0.136080	251.305252
0.136160	251.165146
0.136240	251.018631
0.136320	250.866989
0.136400	250.711868
0.136480	250.554581
0.136560	250.396088
0.136640	250.237396
0.136720	250.079803
0.136800	249.925201
0.136880	249.776413
0.136960	249.637253
0.137040	249.511932
0.137120	249.403976
0.137200	249.315414
0.137280	249.245880
0.137360	249.191727
0.137440	249.146225
0.137520	249.101044
0.137600	249.048264
0.137680	248.981781
0.137760	248.897812
0.137840	248.794556
0.137920	248.671982
0.138000	248.531250
0.138080	248.373260
0.138160	248.197769
0.138240	248.003571
0.138320	247.790009
0.138400	247.557938
0.138480	247.309235
0.138560	247.044983
0.138640	246.763870
0.138720	246.462418
0.138800	246.136520
0.138880	245.783081
0.138960	245.401413
0.139040	244.994217
0.139120	244.567505
0.139200	244.129684
0.139280	243.690353
0.139360	243.259018
0.139440	242.843231
0.139520	242.447113
0.139600	242.070969
0.139680	241.712646
0.139760	241.369370
0.139840	241.039261
0.139920	240.721817
0.140000	240.417542
0.140080	240.127167
0.140160	239.850937
0.140240	239.588058
0.140320	239.335754
0.140400	239.089020
0.140480	238.841766
0.140560	238.588516
0.140640	238.325729
0.140720	238.052444
0.140800	237.770493
0.140880	237.484055
0.140960	237.198547
0.141040	236.919281
0.141120	236.650192
0.141200	236.392426
0.141280	236.143341
0.141360	235.895889
0.141440	235.639160
0.141520	235.359833
0.141600	235.044861
0.141680	234.684113
0.141760	234.272064
0.141840	233.808273
0.141920	233.297119
0.142000	232.746994
0.142080	232.168976
0.142160	231.574966
0.142240	230.975403
0.142320	230.377640
0.142400	229.785660
0.142480	229.200745
0.142560	228.622498
0.142640	228.050369
0.142720	227.484909
0.142800	226.927902
0.142880	226.381668
0.142960	225.848038
0.143040	225.327332
0.143120	224.817856
0.143200	224.316650
0.143280	223.821259
0.143360	223.331192
0.143440	222.847961
0.143520	222.374207
0.143600	221.912643
0.143680	221.465225
0.143760	221.032593
0.143840	220.613724
0.143920	220.205200
0.144000	219.800934
0.144080	219.392761
0.144160	218.971954
0.144240	218.531174
0.144320	218.065704
0.144400	217.573517
0.144480	217.054321
0.144560	216.508514
0.144640	215.936386
0.144720	215.338013
0.144800	214.713776
0.144880	214.065277
0.144960	213.395966
0.145040	212.711136
0.145120	212.017517
0.145200	211.323166
0.145280	210.637024
0.145360	209.967468
0.145440	209.320099
0.145520	208.696472
0.145600	208.094559
0.145680	207.510056
0.145760	206.937637
0.145840	206.372498
0.145920	205.811768
0.146000	205.255402
0.146080	204.705765
0.146160	204.166000
0.146240	203.637711
0.146320	203.119278
0.146400	202.605667
0.146480	202.089890
0.146560	201.565048
0.146640	201.025726
0.146720	200.468277
0.146800	199.890961
0.146880	199.294250
0.146960	198.680756
0.147040	198.054520
0.147120	197.420258
0.147200	196.783188
0.147280	196.148727
0.147360	195.521805
0.147440	194.906067
0.147520	194.303238
0.147600	193.713913
0.147680	193.138489
0.147760	192.577637
0.147840	192.032104
0.147920	191.502502
0.148000	190.988647
0.148080	190.489243
0.148160	190.001678
0.148240	189.522308
0.148320	189.047607
0.148400	188.575241
0.148480	188.104126
0.148560	187.633743
0.148640	187.163681
0.148720	186.693207
0.148800	186.220596
0.148880	185.742889
0.148960	185.256378
0.149040	184.757202
0.149120	184.242126
0.149200	183.708969
0.149280	183.156433
0.149360	182.583542
0.149440	181.989288
0.149520	181.372513
0.149600	180.732101
0.149680	180.067551
0.149760	179.379898
0.149840	178.672394
0.149920	177.950500
0.150000	177.221359
0.150080	176.492935
0.150160	175.773254
0.150240	175.069595
0.150320	174.387421
0.150400	173.728943
0.150480	173.091995
0.150560	172.470749
0.150640	171.857651
0.150720	171.245163
0.150800	170.626923
0.150880	169.998428
0.150960	169.357803
0.151040	168.705673
0.151120	168.044525
0.151200	167.377792
0.151280	166.709198
0.151360	166.042755
0.151440	165.383286
0.151520	164.736099
0.151600	164.105759
0.151680	163.494675
0.151760	162.902893
0.151840	162.328629
0.151920	161.769135
0.152000	161.221466
0.152080	160.683029
0.152160	160.151398
0.152240	159.623810
0.152320	159.096939
0.152400	158.567413
0.152480	158.032532
0.152560	157.491028
0.152640	156.943527
0.152720	156.392441
0.152800	155.841110
0.152880	155.292816
0.152960	154.749954
0.153040	154.213654
0.153120	153.683456
0.153200	153.156876
0.153280	152.630142
0.153360	152.100037
0.153440	151.565292
0.153520	151.026413
0.153600	150.484146
0.153680	149.938080
0.153760	149.386169
0.153840	148.825302
0.153920	148.252060
0.154000	147.663452
0.154080	147.057480
0.154160	146.433060
0.154240	145.789459
0.154320	145.126312
0.154400	144.444199
0.154480	143.745331
0.154560	143.033371
0.154640	142.312103
0.154720	141.584198
0.154800	140.850983
0.154880	140.113052
0.154960	139.370514
0.155040	138.623322
0.155120	137.871796
0.155200	137.116989
0.155280	136.360733
0.155360	135.605560
0.155440	134.854355
0.155520	134.110260
0.155600	133.376526
0.155680	132.656174
0.155760	131.952057
0.155840	131.267624
0.155920	130.607590
0.156000	129.977753
0.156080	129.383408
0.156160	128.827057
0.156240	128.307022
0.156320	127.817902
0.156400	127.352417
0.156480	126.902969
0.156560	126.462242
0.156640	126.022957
0.156720	125.577332
0.156800	125.117699
0.156880	124.638229
0.156960	124.136398
0.157040	123.613708
0.157120	123.075180
0.157200	122.527855
0.157280	121.979073
0.157360	121.435181
0.157440	120.900703
0.157520	120.378410
0.157600	119.870438
0.157680	119.379471
0.157760	118.908707
0.157840	118.460999
0.157920	118.037666
0.158000	117.637550
0.158080	117.256943
0.158160	116.890511
0.158240	116.532555
0.158320	116.177681
0.158400	115.821075
0.158480	115.458336
0.158560	115.085518
0.158640	114.700043
0.158720	114.301910
0.158800	113.894188
0.158880	113.482445
0.158960	113.073074
0.159040	112.671417
0.159120	112.280258
0.159200	111.898865
0.159280	111.522789
0.159360	111.145332
0.159440	110.760201
0.159520	110.364105
0.159600	109.957428
0.159680	109.543457
0.159760	109.126945
0.159840	108.712166
0.159920	108.301285
0.160000	107.893799
0.160080	107.486839
0.160160	107.075722
0.160240	106.654747
0.160320	106.218590
0.160400	105.764221
0.160480	105.292175
0.160560	104.806236
0.160640	104.311844
0.160720	103.814522
0.160800	103.319176
0.160880	102.829643
0.160960	102.348015
0.161040	101.874382
0.161120	101.407257
0.161200	100.944176
0.161280	100.482338
0.161360	100.019211
0.161440	99.553139
0.161520	99.083961
0.161600	98.613625
0.161680	98.146561
0.161760	97.689438
0.161840	97.250214
0.161920	96.836716
0.162000	96.454788
0.162080	96.106812
0.162160	95.792000
0.162240	95.507996
0.162320	95.252113
0.162400	95.021790
0.162480	94.814247
0.162560	94.626106
0.162640	94.453285
0.162720	94.290543
0.162800	94.131104
0.162880	93.966835
0.162960	93.789429
0.163040	93.592125
0.163120	93.371567
0.163200	93.128723
0.163280	92.868530
0.163360	92.598419
0.163440	92.326256
0.163520	92.058449
0.163600	91.799187
0.163680	91.550613
0.163760	91.313133
0.163840	91.085785
0.163920	90.866524
0.164000	90.652534
0.164080	90.440567
0.164160	90.227188
0.164240	90.009094
0.164320	89.783394
0.164400	89.547905
0.164480	89.301476
0.164560	89.044273
0.164640	88.778145
0.164720	88.506737
0.164800	88.234924
0.164880	87.967880
0.164960	87.710533
0.165040	87.467682
0.165120	87.244125
0.165200	87.044098
0.165280	86.870232
0.165360	86.722946
0.165440	86.600441
0.165520	86.498909
0.165600	86.412735
0.165680	86.334831
0.165760	86.257454
0.165840	86.172989
0.165920	86.074516
0.166000	85.956612
0.166080	85.816139
0.166160	85.652664
0.166240	85.468422
0.166320	85.267662
0.166400	85.055305
0.166480	84.835487
0.166560	84.610237
0.166640	84.379135
0.166720	84.140259
0.166800	83.892082
0.166880	83.635292
0.166960	83.373856
0.167040	83.114639
0.167120	82.866226
0.167200	82.637459
0.167280	82.436005
0.167360	82.267082
0.167440	82.132622
0.167520	82.030624
0.167600	81.954849
0.167680	81.895470
0.167760	81.840034
0.167840	81.774918
0.167920	81.687630
0.168000	81.568916
0.168080	81.413132
0.168160	81.217285
0.168240	80.980370
0.168320	80.703407
0.168400	80.389977
0.168480	80.047256
0.168560	79.686653
0.168640	79.322670
0.168720	78.970284
0.168800	78.642052
0.168880	78.346138
0.168960	78.085831
0.169040	77.860603
0.169120	77.667793
0.169200	77.503761
0.169280	77.364410
0.169360	77.245392
0.169440	77.142296
0.169520	77.050804
0.169600	76.966660
0.169680	76.884850
0.169760	76.798668
0.169840	76.699806
0.169920	76.579811
0.170000	76.432037
0.170080	76.253105
0.170160	76.043144
0.170240	75.804680
0.170320	75.541122
0.170400	75.255554
0.170480	74.950165
0.170560	74.626381
0.170640	74.285538
0.170720	73.930138
0.170800	73.565422
0.170880	73.199615
0.170960	72.842163
0.171040	72.501076
0.171120	72.181190
0.171200	71.884354
0.171280	71.610985
0.171360	71.361313
0.171440	71.135963
0.171520	70.936089
0.171600	70.762741
0.171680	70.615799
0.171760	70.493561
0.171840	70.393364
0.171920	70.312202
0.172000	70.246391
0.172080	70.191078
0.172160	70.140053
0.172240	70.086075
0.172320	70.021858
0.172400	69.941467
0.172480	69.841080
0.172560	69.718445
0.172640	69.571671
0.172720	69.398750
0.172800	69.198402
0.172880	68.971626
0.172960	68.722672
0.173040	68.458389
0.173120	68.186371
0.173200	67.913055
0.173280	67.642952
0.173360	67.378777
0.173440	67.121803
0.173520	66.872200
0.173600	66.629364
0.173680	66.392242
0.173760	66.159645
0.173840	65.930336
0.173920	65.702446
0.174000	65.472443
0.174080	65.234749
0.174160	64.982704
0.174240	64.710228
0.174320	64.413048
0.174400	64.089012
0.174480	63.737633
0.174560	63.359123
0.174640	62.954002
0.174720	62.523113
0.174800	62.067471
0.174880	61.588375
0.174960	61.088428
0.175040	60.572605
0.175120	60.048206
0.175200	59.524178
0.175280	59.010666
0.175360	58.518349
0.175440	58.056858
0.175520	57.633163
0.175600	57.251064
0.175680	56.911484
0.175760	56.612965
0.175840	56.352097
0.175920	56.123901
0.176000	55.922379
0.176080	55.741489
0.176160	55.575840
0.176240	55.420258
0.176320	55.268681
0.176400	55.113678
0.176480	54.947105
0.176560	54.761189
0.176640	54.549866
0.176720	54.310333
0.176800	54.044025
0.176880	53.756218
0.176960	53.454823
0.177040	53.148754
0.177120	52.845856
0.177200	52.551048
0.177280	52.265842
0.177360	51.989365
0.177440	51.719830
0.177520	51.454891
0.177600	51.190872
0.177680	50.922226
0.177760	50.641628
0.177840	50.340557
0.177920	50.010540
0.178000	49.644875
0.178080	49.239933
0.178160	48.795631
0.178240	48.315052
0.178320	47.803673
0.178400	47.268856
0.178480	46.719376
0.178560	46.164539
0.178640	45.613087
0.178720	45.072109
0.178800	44.546192
0.178880	44.037403
0.178960	43.546429
0.179040	43.073837
0.179120	42.620964
0.179200	42.190243
0.179280	41.784908
0.179360	41.407974
0.179440	41.061169
0.179520	40.744537
0.179600	40.456417
0.179680	40.193390
0.179760	39.950645
0.179840	39.722530
0.179920	39.502422
0.180000	39.282326
0.180080	39.053165
0.180160	38.805950
0.180240	38.533405
0.180320	38.230927
0.180400	37.896278
0.180480	37.528633
0.180560	37.127876
0.180640	36.694172
0.180720	36.228027
0.180800	35.731049
0.180880	35.206303
0.180960	34.657829
0.181040	34.090397
0.181120	33.509747
0.181200	32.922417
0.181280	32.335106
0.181360	31.754324
0.181440	31.185986
0.181520	30.634808
0.181600	30.103899
0.181680	29.594336
0.181760	29.104488
0.181840	28.629986
0.181920	28.164991
0.182000	27.704136
0.182080	27.243979
0.182160	26.783585
0.182240	26.324205
0.182320	25.868301
0.182400	25.418320
0.182480	24.975712
0.182560	24.540594
0.182640	24.112070
0.182720	23.688780
0.182800	23.269409
0.182880	22.853233
0.182960	22.440395
0.183040	22.031544
0.183120	21.626993
0.183200	21.226351
0.183280	20.828999
0.183360	20.435268
0.183440	20.047142
0.183520	19.667179
0.183600	19.296328
0.183680	18.932831
0.183760	18.572901
0.183840	18.211836
0.183920	17.844679
0.184000	17.466667
0.184080	17.073677
0.184160	16.662697
0.184240	16.232296
0.184320	15.783146
0.184400	15.318316
0.184480	14.842935
0.184560	14.363205
0.184640	13.885205
0.184720	13.413913
0.184800	12.952909
0.184880	12.504499
0.184960	12.069388
0.185040	11.645900
0.185120	11.229834
0.185200	10.815658
0.185280	10.398346
0.185360	9.974552
0.185440	9.542461
0.185520	9.100963
0.185600	8.649301
0.185680	8.187383
0.185760	7.716108
0.185840	7.237046
0.185920	6.751453
0.186000	6.259300
0.186080	5.759196
0.186160	5.249439
0.186240	4.729065
0.186320	4.197810
0.186400	3.655408
0.186480	3.101355
0.186560	2.535348
0.186640	1.957960
0.186720	1.371337
0.186800	0.779678
0.186880	0.188841
0.186960	-0.395160
0.187040	-0.967658
0.187120	-1.525734
0.187200	-2.067745
0.187280	-2.592643
0.187360	-3.099318
0.187440	-3.586183
0.187520	-4.051447
0.187600	-4.493862
0.187680	-4.913274
0.187760	-5.310977
0.187840	-5.689657
0.187920	-6.052691
0.188000	-6.403915
0.188080	-6.748080
0.188160	-7.090656
0.188240	-7.437197
0.188320	-7.793378
0.188400	-8.165246
0.188480	-8.558799
0.188560	-8.978645
0.188640	-9.426199
0.188720	-9.898515
0.188800	-10.388634
0.188880	-10.887241
0.188960	-11.384529
0.189040	-11.871825
0.189120	-12.343438
0.189200	-12.798306
0.189280	-13.240317
0.189360	-13.676877
0.189440	-14.116157
0.189520	-14.564340
0.189600	-15.024210
0.189680	-15.495499
0.189760	-15.976557
0.189840	-16.466011
0.189920	-16.963308
0.190000	-17.468342
0.190080	-17.980858
0.190160	-18.500074
0.190240	-19.024960
0.190320	-19.554935
0.190400	-20.090137
0.190480	-20.631006
0.190560	-21.177643
0.190640	-21.729380
0.190720	-22.285013
0.190800	-22.843475
0.190880	-23.404055
0.190960	-23.965952
0.191040	-24.527601
0.191120	-25.086227
0.191200	-25.638050
0.191280	-26.179182
0.191360	-26.706745
0.191440	-27.219555
0.191520	-27.717497
0.191600	-28.200026
0.191680	-28.665794
0.191760	-29.114086
0.191840	-29.546478
0.191920	-29.967438
0.192000	-30.383797
0.192080	-30.803375
0.192160	-31.232939
0.192240	-31.676126
0.192320	-32.132298
0.192400	-32.596664
0.192480	-33.061539
0.192560	-33.518227
0.192640	-33.958721
0.192720	-34.376270
0.192800	-34.765308
0.192880	-35.121868
0.192960	-35.444462
0.193040	-35.734570
0.193120	-35.996479
0.193200	-36.236755
0.193280	-36.463039
0.193360	-36.682465
0.193440	-36.900726
0.193520	-37.122524
0.193600	-37.352642
0.193680	-37.596600
0.193760	-37.860630
0.193840	-38.151173
0.193920	-38.473705
0.194000	-38.831066
0.194080	-39.222431
0.194160	-39.643562
0.194240	-40.087696
0.194320	-40.545933
0.194400	-41.007408
0.194480	-41.460533
0.194560	-41.895344
0.194640	-42.305656
0.194720	-42.690109
0.194800	-43.051708
0.194880	-43.396027
0.194960	-43.729042
0.195040	-44.055161
0.195120	-44.376186
0.195200	-44.691620
0.195280	-44.999615
0.195360	-45.297749
0.195440	-45.583561
0.195520	-45.854897
0.195600	-46.110027
0.195680	-46.348030
0.195760	-46.569382
0.195840	-46.776840
0.195920	-46.976311
0.196000	-47.176628
0.196080	-47.388004
0.196160	-47.620049
0.196240	-47.879978
0.196320	-48.171700
0.196400	-48.496189
0.196480	-48.852501
0.196560	-49.238297
0.196640	-49.649647
0.196720	-50.080620
0.196800	-50.523010
0.196880	-50.966747
0.196960	-51.400940
0.197040	-51.815166
0.197120	-52.200733
0.197200	-52.551994
0.197280	-52.867489
0.197360	-53.150406
0.197440	-53.408276
0.197520	-53.651722
0.197600	-53.892662
0.197680	-54.142235
0.197760	-54.408993
0.197840	-54.697968
0.197920	-55.011032
0.198000	-55.348148
0.198080	-55.708569
0.198160	-56.091129
0.198240	-56.493401
0.198320	-56.910580
0.198400	-57.335037
0.198480	-57.756973
0.198560	-58.166348
0.198640	-58.555325
0.198720	-58.919350
0.198800	-59.256496
0.198880	-59.566383
0.198960	-59.849602
0.199040	-60.107342
0.199120	-60.341118
0.199200	-60.552471
0.199280	-60.742741
0.199360	-60.912834
0.199440	-61.063042
0.199520	-61.193104
0.199600	-61.302940
0.199680	-61.393898
0.199760	-61.469528
0.199840	-61.535744
0.199920	-61.600574
0.200000	-61.673218
0.200080	-61.762680
0.200160	-61.876850
0.200240	-62.022205
0.200320	-62.203938
0.200400	-62.426476
0.200480	-62.693768
0.200560	-63.008591
0.200640	-63.371590
0.200720	-63.780960
0.200800	-64.232903
0.200880	-64.722496
0.200960	-65.244087
0.201040	-65.790924
0.201120	-66.354805
0.201200	-66.926315
0.201280	-67.495743
0.201360	-68.054184
0.201440	-68.594460
0.201520	-69.111328
0.201600	-69.601112
0.201680	-70.061096
0.201760	-70.488945
0.201840	-70.882423
0.201920	-71.239807
0.202000	-71.560966
0.202080	-71.848595
0.202160	-72.108444
0.202240	-72.348633
0.202320	-72.578453
0.202400	-72.807022
0.202480	-73.041687
0.202560	-73.286911
0.202640	-73.543800
0.202720	-73.810074
0.202800	-74.080696
0.202880	-74.349144
0.202960	-74.608917
0.203040	-74.854790
0.203120	-75.083466
0.203200	-75.293526
0.203280	-75.485214
0.203360	-75.660217
0.203440	-75.821487
0.203520	-75.973061
0.203600	-76.119957
0.203680	-76.267975
0.203760	-76.423630
0.203840	-76.593956
0.203920	-76.786201
0.204000	-77.006966
0.204080	-77.261337
0.204160	-77.552498
0.204240	-77.881607
0.204320	-78.248215
0.204400	-78.650558
0.204480	-79.085342
0.204560	-79.547356
0.204640	-80.029152
0.204720	-80.521431
0.204800	-81.014091
0.204880	-81.497391
0.204960	-81.963005
0.205040	-82.404327
0.205120	-82.816185
0.205200	-83.194565
0.205280	-83.537071
0.205360	-83.843796
0.205440	-84.117889
0.205520	-84.365204
0.205600	-84.593140
0.205680	-84.809013
0.205760	-85.018982
0.205840	-85.227592
0.205920	-85.437531
0.206000	-85.649727
0.206080	-85.863945
0.206160	-86.079994
0.206240	-86.298355
0.206320	-86.520226
0.206400	-86.747070
0.206480	-86.979729
0.206560	-87.217758
0.206640	-87.459869
0.206720	-87.705223
0.206800	-87.954765
0.206880	-88.211868
0.206960	-88.482048
0.207040	-88.771866
0.207120	-89.087029
0.207200	-89.430573
0.207280	-89.802071
0.207360	-90.198570
0.207440	-90.616219
0.207520	-91.050934
0.207600	-91.498146
0.207680	-91.952553
0.207760	-92.408501
0.207840	-92.860832
0.207920	-93.305229
0.208000	-93.737968
0.208080	-94.155403
0.208160	-94.553711
0.208240	-94.929352
0.208320	-95.280128
0.208400	-95.606422
0.208480	-95.911407
0.208560	-96.200073
0.208640	-96.477356
0.208720	-96.746239
0.208800	-97.006844
0.208880	-97.257027
0.208960	-97.494331
0.209040	-97.717972
0.209120	-97.929718
0.209200	-98.133888
0.209280	-98.336945
0.209360	-98.546387
0.209440	-98.769249
0.209520	-99.010994
0.209600	-99.275093
0.209680	-99.562759
0.209760	-99.872696
0.209840	-100.201035
0.209920	-100.541878
0.210000	-100.888283
0.210080	-101.233040
0.210160	-101.569412
0.210240	-101.892090
0.210320	-102.197746
0.210400	-102.484940
0.210480	-102.753746
0.210560	-103.005524
0.210640	-103.242599
0.210720	-103.468063
0.210800	-103.685493
0.210880	-103.898743
0.210960	-104.111542
0.211040	-104.326378
0.211120	-104.543198
0.211200	-104.759178
0.211280	-104.969887
0.211360	-105.170837
0.211440	-105.358879
0.211520	-105.532875
0.211600	-105.693764
0.211680	-105.844421
0.211760	-105.989525
0.211840	-106.135185
0.211920	-106.287987
0.212000	-106.453499
0.212080	-106.635277
0.212160	-106.834732
0.212240	-107.051826
0.212320	-107.286255
0.212400	-107.538124
0.212480	-107.807922
0.212560	-108.096313
0.212640	-108.403839
0.212720	-108.730614
0.212800	-109.076050
0.212880	-109.438698
0.212960	-109.816795
0.213040	-110.209213
0.213120	-110.615936
0.213200	-111.037857
0.213280	-111.476143
0.213360	-111.930840
0.213440	-112.399315
0.213520	-112.875946
0.213600	-113.353630
0.213680	-113.825699
0.213760	-114.287163
0.213840	-114.734634
0.213920	-115.164726
0.214000	-115.572449
0.214080	-115.951157
0.214160	-116.293716
0.214240	-116.593849
0.214320	-116.847572
0.214400	-117.054222
0.214480	-117.216217
0.214560	-117.337769
0.214640	-117.423836
0.214720	-117.479843
0.214800	-117.511642
0.214880	-117.525513
0.214960	-117.528183
0.215040	-117.526894
0.215120	-117.529465
0.215200	-117.544357
0.215280	-117.580528
0.215360	-117.646591
0.215440	-117.749489
0.215520	-117.893616
0.215600	-118.080505
0.215680	-118.308739
0.215760	-118.574013
0.215840	-118.869789
0.215920	-119.188423
0.216000	-119.521927
0.216080	-119.862579
0.216160	-120.203011
0.216240	-120.535614
0.216320	-120.852470
0.216400	-121.146057
0.216480	-121.410065
0.216560	-121.640244
0.216640	-121.835434
0.216720	-121.998260
0.216800	-122.134979
0.216880	-122.254433
0.216960	-122.366409
0.217040	-122.479782
0.217120	-122.600899
0.217200	-122.732605
0.217280	-122.874161
0.217360	-123.022285
0.217440	-123.173256
0.217520	-123.325027
0.217600	-123.477989
0.217680	-123.634209
0.217760	-123.795990
0.217840	-123.964821
0.217920	-124.141075
0.218000	-124.323830
0.218080	-124.510986
0.218160	-124.699959
0.218240	-124.888885
0.218320	-125.077347
0.218400	-125.266182
0.218480	-125.456696
0.218560	-125.650040
0.218640	-125.847488
0.218720	-126.050934
0.218800	-126.262718
0.218880	-126.484596
0.218960	-126.716362
0.219040	-126.955719
0.219120	-127.199142
0.219200	-127.442535
0.219280	-127.681480
0.219360	-127.911865
0.219440	-128.131027
0.219520	-128.338409
0.219600	-128.535400
0.219680	-128.724228
0.219760	-128.906647
0.219840	-129.083878
0.219920	-129.257233
0.220000	-129.428040
0.220080	-129.596588
0.220160	-129.761978
0.220240	-129.923157
0.220320	-130.079590
0.220400	-130.231430
0.220480	-130.379395
0.220560	-130.524612
0.220640	-130.668533
0.220720	-130.813095
0.220800	-130.961212
0.220880	-131.117126
0.220960	-131.285904
0.221040	-131.472397
0.221120	-131.679962
0.221200	-131.909042
0.221280	-132.156204
0.221360	-132.414948
0.221440	-132.677597
0.221520	-132.937347
0.221600	-133.189056
0.221680	-133.429337
0.221760	-133.656174
0.221840	-133.868851
0.221920	-134.067612
0.222000	-134.253586
0.222080	-134.428314
0.222160	-134.592987
0.222240	-134.747818
0.222320	-134.892365
0.222400	-135.026123
0.222480	-135.148560
0.222560	-135.259125
0.222640	-135.357117
0.222720	-135.441879
0.222800	-135.513611
0.222880	-135.574707
0.222960	-135.630417
0.223040	-135.688156
0.223120	-135.755966
0.223200	-135.840775
0.223280	-135.946747
0.223360	-136.074692
0.223440	-136.222595
0.223520	-136.386917
0.223600	-136.563538
0.223680	-136.748642
0.223760	-136.939102
0.223840	-137.132660
0.223920	-137.327713
0.224000	-137.523178
0.224080	-137.718094
0.224160	-137.910797
0.224240	-138.098297
0.224320	-138.276810
0.224400	-138.442902
0.224480	-138.594269
0.224560	-138.729858
0.224640	-138.849670
0.224720	-138.954575
0.224800	-139.045441
0.224880	-139.122757
0.224960	-139.186935
0.225040	-139.239075
0.225120	-139.281097
0.225200	-139.315796
0.225280	-139.346863
0.225360	-139.378922
0.225440	-139.417374
0.225520	-139.467468
0.225600	-139.533096
0.225680	-139.615845
0.225760	-139.714996
0.225840	-139.828476
0.225920	-139.954010
0.226000	-140.090088
0.226080	-140.235809
0.226160	-140.389923
0.226240	-140.549637
0.226320	-140.710464
0.226400	-140.867477
0.226480	-141.016724
0.226560	-141.155792
0.226640	-141.283249
0.226720	-141.397903
0.226800	-141.498520
0.226880	-141.583908
0.226960	-141.653839
0.227040	-141.710327
0.227120	-141.758301
0.227200	-141.804916
0.227280	-141.858032
0.227360	-141.924469
0.227440	-142.008484
0.227520	-142.111008
0.227600	-142.230377
0.227680	-142.363602
0.227760	-142.507141
0.227840	-142.657104
0.227920	-142.809143
0.228000	-142.958542
0.228080	-143.100983
0.228160	-143.233856
0.228240	-143.356766
0.228320	-143.470779
0.228400	-143.577057
0.228480	-143.675858
0.228560	-143.766541
0.228640	-143.848373
0.228720	-143.921844
0.228800	-143.989517
0.228880	-144.056305
0.228960	-144.129120
0.229040	-144.215881
0.229120	-144.323196
0.229200	-144.454193
0.229280	-144.607452
0.229360	-144.777695
0.229440	-144.957428
0.229520	-145.139465
0.229600	-145.319473
0.229680	-145.496689
0.229760	-145.672714
0.229840	-145.849548
0.229920	-146.027939
0.230000	-146.206528
0.230080	-146.382416
0.230160	-146.552307
0.230240	-146.713318
0.230320	-146.863037
0.230400	-146.999405
0.230480	-147.120605
0.230560	-147.225021
0.230640	-147.311096
0.230720	-147.377365
0.230800	-147.422363
0.230880	-147.444885
0.230960	-147.444901
0.231040	-147.424728
0.231120	-147.389084
0.231200	-147.344162
0.231280	-147.296722
0.231360	-147.253952
0.231440	-147.222824
0.231520	-147.209579
0.231600	-147.219437
0.231680	-147.256027
0.231760	-147.320740
0.231840	-147.412613
0.231920	-147.528473
0.232000	-147.663879
0.232080	-147.814331
0.232160	-147.976074
0.232240	-148.146255
0.232320	-148.322784
0.232400	-148.504425
0.232480	-148.691330
0.232560	-148.885315
0.232640	-149.089111
0.232720	-149.304535
0.232800	-149.531097
0.232880	-149.765732
0.232960	-150.003983
0.233040	-150.241516
0.233120	-150.475296
0.233200	-150.703323
0.233280	-150.923599
0.233360	-151.133850
0.233440	-151.332489
0.233520	-151.519104
0.233600	-151.693863
0.233680	-151.856842
0.233760	-152.008453
0.233840	-152.149872
0.233920	-152.283035
0.234000	-152.409576
0.234080	-152.529449
0.234160	-152.640137
0.234240	-152.737579
0.234320	-152.818207
0.234400	-152.881256
0.234480	-152.929520
0.234560	-152.968597
0.234640	-153.004562
0.234720	-153.041870
0.234800	-153.082458
0.234880	-153.126450
0.234960	-153.173569
0.235040	-153.223984
0.235120	-153.278610
0.235200	-153.339127
0.235280	-153.407761
0.235360	-153.486389
0.235440	-153.575470
0.235520	-153.673950
0.235600	-153.780441
0.235680	-153.893982
0.235760	-154.014099
0.235840	-154.139740
0.235920	-154.268158
0.236000	-154.394852
0.236080	-154.514801
0.236160	-154.624161
0.236240	-154.721786
0.236320	-154.809814
0.236400	-154.893005
0.236480	-154.977310
0.236560	-155.069061
0.236640	-155.174393
0.236720	-155.298416
0.236800	-155.443741
0.236880	-155.609604
0.236960	-155.791672
0.237040	-155.983124
0.237120	-156.176682
0.237200	-156.366455
0.237280	-156.548019
0.237360	-156.717209
0.237440	-156.868988
0.237520	-156.997391
0.237600	-157.096329
0.237680	-157.160980
0.237760	-157.189407
0.237840	-157.183197
0.237920	-157.147018
0.238000	-157.088104
0.238080	-157.016159
0.238160	-156.943268
0.238240	-156.883179
0.238320	-156.849930
0.238400	-156.856003
0.238480	-156.910202
0.238560	-157.016418
0.238640	-157.173843
0.238720	-157.377594
0.238800	-157.619034
0.238880	-157.886505
0.238960	-158.166687
0.239040	-158.446320
0.239120	-158.714203
0.239200	-158.962234
0.239280	-159.184738
0.239360	-159.376907
0.239440	-159.533966
0.239520	-159.651627
0.239600	-159.727600
0.239680	-159.763062
0.239760	-159.763275
0.239840	-159.737045
0.239920	-159.695175
0.240000	-159.648819
0.240080	-159.608093
0.240160	-159.581314
0.240240	-159.574860
0.240320	-159.593384
0.240400	-159.639786
0.240480	-159.715393
0.240560	-159.819885
0.240640	-159.951340
0.240720	-160.106201
0.240800	-160.279144
0.240880	-160.463257
0.240960	-160.650711
0.241040	-160.834274
0.241120	-161.008896
0.241200	-161.172867
0.241280	-161.327728
0.241360	-161.477051
0.241440	-161.625183
0.241520	-161.776016
0.241600	-161.931641
0.241680	-162.091476
0.241760	-162.252884
0.241840	-162.412369
0.241920	-162.566345
0.242000	-162.711258
0.242080	-162.843460
0.242160	-162.959381
0.242240	-163.056305
0.242320	-163.133621
0.242400	-163.193726
0.242480	-163.242004
0.242560	-163.285934
0.242640	-163.333755
0.242720	-163.393448
0.242800	-163.471603
0.242880	-163.572098
0.242960	-163.695221
0.243040	-163.837585
0.243120	-163.993011
0.243200	-164.153915
0.243280	-164.313034
0.243360	-164.464890
0.243440	-164.606461
0.243520	-164.737213
0.243600	-164.858032
0.243680	-164.969833
0.243760	-165.072662
0.243840	-165.165329
0.243920	-165.245636
0.244000	-165.311264
0.244080	-165.361053
0.244160	-165.395889
0.244240	-165.418762
0.244320	-165.433884
0.244400	-165.445465
0.244480	-165.456848
0.244560	-165.470352
0.244640	-165.487625
0.244720	-165.510529
0.244800	-165.542328
0.244880	-165.587830
0.244960	-165.652176
0.245040	-165.739899
0.245120	-165.853943
0.245200	-165.995239
0.245280	-166.163071
0.245360	-166.355682
0.245440	-166.570312
0.245520	-166.803116
0.245600	-167.049164
0.245680	-167.303101
0.245760	-167.560349
0.245840	-167.817642
0.245920	-168.073105
0.246000	-168.325790
0.246080	-168.574493
0.246160	-168.816483
0.246240	-169.047455
0.246320	-169.263565
0.246400	-169.464127
0.246480	-169.652710
0.246560	-169.835693
0.246640	-170.019196
0.246720	-170.206528
0.246800	-170.397095
0.246880	-170.587189
0.246960	-170.772003
0.247040	-170.947769
0.247120	-171.112717
0.247200	-171.266922
0.247280	-171.411270
0.247360	-171.546082
0.247440	-171.670334
0.247520	-171.782181
0.247600	-171.880325
0.247680	-171.964767
0.247760	-172.037079
0.247840	-172.100296
0.247920	-172.158997
0.248000	-172.219025
0.248080	-172.286652
0.248160	-172.367233
0.248240	-172.464310
0.248320	-172.579391
0.248400	-172.711914
0.248480	-172.859406
0.248560	-173.018295
0.248640	-173.185135
0.248720	-173.357437
0.248800	-173.533722
0.248880	-173.713440
0.248960	-173.896774
0.249040	-174.084610
0.249120	-174.278244
0.249200	-174.479370
0.249280	-174.689880
0.249360	-174.911652
0.249440	-175.146454
0.249520	-175.395676
0.249600	-175.660187
0.249680	-175.940063
0.249760	-176.234375
0.249840	-176.540894
0.249920	-176.855865
0.250000	-177.173859
0.250080	-177.488419
0.250160	-177.793289
0.250240	-178.083878
0.250320	-178.358307
0.250400	-178.617157
0.250480	-178.862091
0.250560	-179.094696
0.250640	-179.316315
0.250720	-179.528473
0.250800	-179.733185
0.250880	-179.932236
0.250960	-180.126480
0.251040	-180.315521
0.251120	-180.498627
0.251200	-180.675537
0.251280	-180.846436
0.251360	-181.010849
0.251440	-181.167587
0.251520	-181.315735
0.251600	-181.455353
0.251680	-181.587738
0.251760	-181.715240
0.251840	-181.841003
0.251920	-181.968018
0.252000	-182.097870
0.252080	-182.230774
0.252160	-182.366531
0.252240	-182.505402
0.252320	-182.648193
0.252400	-182.796448
0.252480	-182.953003
0.252560	-183.122345
0.252640	-183.309799
0.252720	-183.519913
0.252800	-183.754700
0.252880	-184.012817
0.252960	-184.290054
0.253040	-184.580582
0.253120	-184.878555
0.253200	-185.179153
0.253280	-185.478302
0.253360	-185.771255
0.253440	-186.051682
0.253520	-186.312027
0.253600	-186.544632
0.253680	-186.742569
0.253760	-186.900589
0.253840	-187.016266
0.253920	-187.090866
0.254000	-187.129196
0.254080	-187.138794
0.254160	-187.128586
0.254240	-187.107849
0.254320	-187.085251
0.254400	-187.067596
0.254480	-187.059265
0.254560	-187.063019
0.254640	-187.081451
0.254720	-187.117676
0.254800	-187.174789
0.254880	-187.254578
0.254960	-187.356613
0.255040	-187.478088
0.255120	-187.613922
0.255200	-187.757675
0.255280	-187.902740
0.255360	-188.043396
0.255440	-188.175873
0.255520	-188.299286
0.255600	-188.415695
0.255680	-188.528793
0.255760	-188.643082
0.255840	-188.763290
0.255920	-188.893494
0.256000	-189.035660
0.256080	-189.188766
0.256160	-189.348663
0.256240	-189.508835
0.256320	-189.661697
0.256400	-189.799591
0.256480	-189.915756
0.256560	-190.005630
0.256640	-190.067657
0.256720	-190.103348
0.256800	-190.116302
0.256880	-190.110992
0.256960	-190.091919
0.257040	-190.063522
0.257120	-190.030243
0.257200	-189.996674
0.257280	-189.967743
0.257360	-189.948730
0.257440	-189.945312
0.257520	-189.962708
0.257600	-190.004410
0.257680	-190.071487
0.257760	-190.162506
0.257840	-190.274475
0.257920	-190.404175
0.258000	-190.548965
0.258080	-190.706970
0.258160	-190.876968
0.258240	-191.058289
0.258320	-191.250717
0.258400	-191.454346
0.258480	-191.669388
0.258560	-191.896118
0.258640	-192.134537
0.258720	-192.384369
0.258800	-192.644669
0.258880	-192.913773
0.258960	-193.188904
0.259040	-193.466080
0.259120	-193.739944
0.259200	-194.004547
0.259280	-194.254303
0.259360	-194.484741
0.259440	-194.692444
0.259520	-194.874924
0.259600	-195.030411
0.259680	-195.157700
0.259760	-195.256119
0.259840	-195.325409
0.259920	-195.365723
0.260000	-195.377609
0.260080	-195.362091
0.260160	-195.320724
0.260240	-195.255707
0.260320	-195.170059
0.260400	-195.067749
0.260480	-194.953705
0.260560	-194.833405
0.260640	-194.712326
0.260720	-194.595673
0.260800	-194.487183
0.260880	-194.388290
0.260960	-194.298569
0.261040	-194.216629
0.261120	-194.140533
0.261200	-194.068024
0.261280	-193.996674
0.261360	-193.924118
0.261440	-193.848206
0.261520	-193.766968
0.261600	-193.678192
0.261680	-193.579102
0.261760	-193.466858
0.261840	-193.338715
0.261920	-193.192078
0.262000	-193.025208
0.262080	-192.838165
0.262160	-192.633286
0.262240	-192.415390
0.262320	-192.191132
0.262400	-191.968109
0.262480	-191.754105
0.262560	-191.556366
0.262640	-191.380569
0.262720	-191.230301
0.262800	-191.107193
0.262880	-191.011108
0.262960	-190.940491
0.263040	-190.892700
0.263120	-190.864960
0.263200	-190.855103
0.263280	-190.861984
0.263360	-190.885315
0.263440	-190.925110
0.263520	-190.981049
0.263600	-191.052368
0.263680	-191.137787
0.263760	-191.235580
0.263840	-191.343536
0.263920	-191.458939
0.264000	-191.578491
0.264080	-191.698334
0.264160	-191.813904
0.264240	-191.919952
0.264320	-192.010422
0.264400	-192.078735
0.264480	-192.118530
0.264560	-192.125137
0.264640	-192.096436
0.264720	-192.033188
0.264800	-191.939178
0.264880	-191.821121
0.264960	-191.688049
0.265040	-191.549911
0.265120	-191.416138
0.265200	-191.294235
0.265280	-191.189240
0.265360	-191.103760
0.265440	-191.038071
0.265520	-190.990463
0.265600	-190.957291
0.265680	-190.933456
0.265760	-190.913345
0.265840	-190.892334
0.265920	-190.867798
0.266000	-190.839401
0.266080	-190.809067
0.266160	-190.780167
0.266240	-190.756378
0.266320	-190.740814
0.266400	-190.735825
0.266480	-190.742340
0.266560	-190.759583
0.266640	-190.785538
0.266720	-190.817780
0.266800	-190.853638
0.266880	-190.890350
0.266960	-190.925064
0.267040	-190.954895
0.267120	-190.976959
0.267200	-190.988434
0.267280	-190.986862
0.267360	-190.970901
0.267440	-190.940796
0.267520	-190.897903
0.267600	-190.843262
0.267680	-190.776306
0.267760	-190.695145
0.267840	-190.597763
0.267920	-190.483170
0.268000	-190.352005
0.268080	-190.207474
0.268160	-190.055832
0.268240	-189.905029
0.268320	-189.762192
0.268400	-189.631424
0.268480	-189.513123
0.268560	-189.405197
0.268640	-189.305511
0.268720	-189.214096
0.268800	-189.133591
0.268880	-189.068115
0.268960	-189.021683
0.269040	-188.996841
0.269120	-188.993866
0.269200	-189.010712
0.269280	-189.043335
0.269360	-189.086578
0.269440	-189.135651
0.269520	-189.186996
0.269600	-189.238525
0.269680	-189.289490
0.269760	-189.339539
0.269840	-189.387482
0.269920	-189.430618
0.270000	-189.465424
0.270080	-189.488937
0.270160	-189.499908
0.270240	-189.499741
0.270320	-189.493042
0.270400	-189.487000
0.270480	-189.489746
0.270560	-189.507980
0.270640	-189.544815
0.270720	-189.598984
0.270800	-189.665756
0.270880	-189.739197
0.270960	-189.814346
0.271040	-189.888138
0.271120	-189.958740
0.271200	-190.024231
0.271280	-190.081650
0.271360	-190.127060
0.271440	-190.156448
0.271520	-190.167084
0.271600	-190.158218
0.271680	-190.130539
0.271760	-190.084900
0.271840	-190.021561
0.271920	-189.940369
0.272000	-189.841782
0.272080	-189.728363
0.272160	-189.605743
0.272240	-189.481903
0.272320	-189.365189
0.272400	-189.262344
0.272480	-189.177643
0.272560	-189.112900
0.272640	-189.067795
0.272720	-189.041077
0.272800	-189.031662
0.272880	-189.038879
0.272960	-189.061371
0.273040	-189.096375
0.273120	-189.139465
0.273200	-189.184891
0.273280	-189.226501
0.273360	-189.259018
0.273440	-189.279099
0.273520	-189.285294
0.273600	-189.277252
0.273680	-189.254440
0.273760	-189.215408
0.273840	-189.157867
0.273920	-189.079727
0.274000	-188.980576
0.274080	-188.862778
0.274160	-188.731873
0.274240	-188.596649
0.274320	-188.468201
0.274400	-188.358032
0.274480	-188.276016
0.274560	-188.229324
0.274640	-188.221680
0.274720	-188.253113
0.274800	-188.320679
0.274880	-188.420059
0.274960	-188.546921
0.275040	-188.696869
0.275120	-188.864304
0.275200	-189.041565
0.275280	-189.219543
0.275360	-189.388916
0.275440	-189.540787
0.275520	-189.666931
0.275600	-189.759583
0.275680	-189.811661
0.275760	-189.817596
0.275840	-189.774673
0.275920	-189.683838
0.276000	-189.549133
0.276080	-189.376541
0.276160	-189.173203
0.276240	-188.946503
0.276320	-188.703201
0.276400	-188.448776
0.276480	-188.187714
0.276560	-187.923798
0.276640	-187.660614
0.276720	-187.401932
0.276800	-187.151886
0.276880	-186.914520
0.276960	-186.692825
0.277040	-186.488281
0.277120	-186.301193
0.277200	-186.131912
0.277280	-185.982498
0.277360	-185.857681
0.277440	-185.764252
0.277520	-185.709091
0.277600	-185.697098
0.277680	-185.730270
0.277760	-185.807571
0.277840	-185.924942
0.277920	-186.075348
0.278000	-186.248856
0.278080	-186.433746
0.278160	-186.618530
0.278240	-186.794067
0.278320	-186.954529
0.278400	-187.097244
0.278480	-187.221725
0.278560	-187.328232
0.278640	-187.416824
0.278720	-187.487045
0.278800	-187.538193
0.278880	-187.570099
0.278960	-187.584595
0.279040	-187.586151
0.279120	-187.581284
0.279200	-187.577087
0.279280	-187.579788
0.279360	-187.593887
0.279440	-187.622086
0.279520	-187.665482
0.279600	-187.724182
0.279680	-187.797195
0.279760	-187.882339
0.279840	-187.976608
0.279920	-188.076828
0.280000	-188.180130
0.280080	-188.284454
0.280160	-188.388885
0.280240	-188.492310
0.280320	-188.592453
0.280400	-188.685913
0.280480	-188.769043
0.280560	-188.839096
0.280640	-188.895233
0.280720	-188.938553
0.280800	-188.971008
0.280880	-188.994568
0.280960	-189.010941
0.281040	-189.021744
0.281120	-189.028503
0.281200	-189.032532
0.281280	-189.034286
0.281360	-189.033066
0.281440	-189.027725
0.281520	-189.018066
0.281600	-189.005676
0.281680	-188.993286
0.281760	-188.983353
0.281840	-188.976791
0.281920	-188.973114
0.282000	-188.971558
0.282080	-188.972183
0.282160	-188.976059
0.282240	-188.985229
0.282320	-189.001816
0.282400	-189.026794
0.282480	-189.059402
0.282560	-189.097824
0.282640	-189.140594
0.282720	-189.187531
0.282800	-189.239731
0.282880	-189.298737
0.282960	-189.365204
0.283040	-189.438034
0.283120	-189.514130
0.283200	-189.588638
0.283280	-189.655807
0.283360	-189.710312
0.283440	-189.748184
0.283520	-189.766998
0.283600	-189.765976
0.283680	-189.745987
0.283760	-189.709671
0.283840	-189.661530
0.283920	-189.607864
0.284000	-189.555954
0.284080	-189.512726
0.284160	-189.483078
0.284240	-189.468674
0.284320	-189.468109
0.284400	-189.478271
0.284480	-189.496307
0.284560	-189.521118
0.284640	-189.554459
0.284720	-189.600876
0.284800	-189.666916
0.284880	-189.759552
0.284960	-189.884460
0.285040	-190.044373
0.285120	-190.238312
0.285200	-190.462250
0.285280	-190.710159
0.285360	-190.974762
0.285440	-191.247513
0.285520	-191.518372
0.285600	-191.775757
0.285680	-192.007401
0.285760	-192.202332
0.285840	-192.352951
0.285920	-192.455688
0.286000	-192.510284
0.286080	-192.518417
0.286160	-192.482788
0.286240	-192.407028
0.286320	-192.295761
0.286400	-192.154846
0.286480	-191.991348
0.286560	-191.813126
0.286640	-191.628433
0.286720	-191.445816
0.286800	-191.273727
0.286880	-191.119965
0.286960	-190.990829
0.287040	-190.890106
0.287120	-190.818375
0.287200	-190.773270
0.287280	-190.750732
0.287360	-190.747147
0.287440	-190.760773
0.287520	-190.791489
0.287600	-190.839157
0.287680	-190.902237
0.287760	-190.976822
0.287840	-191.056747
0.287920	-191.134140
0.288000	-191.200165
0.288080	-191.245407
0.288160	-191.260773
0.288240	-191.239075
0.288320	-191.176682
0.288400	-191.074280
0.288480	-190.936371
0.288560	-190.770157
0.288640	-190.584686
0.288720	-190.389984
0.288800	-190.196091
0.288880	-190.012466
0.288960	-189.847870
0.289040	-189.709808
0.289120	-189.603424
0.289200	-189.530899
0.289280	-189.491440
0.289360	-189.481674
0.289440	-189.496674
0.289520	-189.531128
0.289600	-189.579712
0.289680	-189.636856
0.289760	-189.697174
0.289840	-189.756241
0.289920	-189.810760
0.290000	-189.858536
0.290080	-189.898621
0.290160	-189.931198
0.290240	-189.957687
0.290320	-189.980774
0.290400	-190.004440
0.290480	-190.033783
0.290560	-190.074249
0.290640	-190.130249
0.290720	-190.204300
0.290800	-190.296890
0.290880	-190.406387
0.290960	-190.529266
0.291040	-190.660934
0.291120	-190.796967
0.291200	-190.933777
0.291280	-191.067734
0.291360	-191.194107
0.291440	-191.306854
0.291520	-191.399719
0.291600	-191.467087
0.291680	-191.504120
0.291760	-191.507019
0.291840	-191.473923
0.291920	-191.406372
0.292000	-191.310013
0.292080	-191.193970
0.292160	-191.068741
0.292240	-190.944229
0.292320	-190.828903
0.292400	-190.729721
0.292480	-190.652435
0.292560	-190.601517
0.292640	-190.579483
0.292720	-190.585907
0.292800	-190.617508
0.292880	-190.669403
0.292960	-190.736176
0.293040	-190.812851
0.293120	-190.895538
0.293200	-190.981628
0.293280	-191.069580
0.293360	-191.158203
0.293440	-191.245941
0.293520	-191.330673
0.293600	-191.409653
0.293680	-191.479507
0.293760	-191.536148
0.293840	-191.574860
0.293920	-191.590485
0.294000	-191.578384
0.294080	-191.535767
0.294160	-191.462524
0.294240	-191.360931
0.294320	-191.235062
0.294400	-191.090683
0.294480	-190.934448
0.294560	-190.772751
0.294640	-190.610336
0.294720	-190.449982
0.294800	-190.293365
0.294880	-190.142807
0.294960	-190.002106
0.295040	-189.876144
0.295120	-189.769669
0.295200	-189.685898
0.295280	-189.626099
0.295360	-189.590210
0.295440	-189.577682
0.295520	-189.587555
0.295600	-189.617706
0.295680	-189.663818
0.295760	-189.719360
0.295840	-189.777039
0.295920	-189.830490
0.296000	-189.875916
0.296080	-189.912720
0.296160	-189.942902
0.296240	-189.969742
0.296320	-189.996704
0.296400	-190.026413
0.296480	-190.059372
0.296560	-190.093277
0.296640	-190.123795
0.296720	-190.145859
0.296800	-190.154892
0.296880	-190.147705
0.296960	-190.123062
0.297040	-190.081207
0.297120	-190.023499
0.297200	-189.952103
0.297280	-189.870361
0.297360	-189.782761
0.297440	-189.695038
0.297520	-189.613419
0.297600	-189.543457
0.297680	-189.489365
0.297760	-189.453918
0.297840	-189.438644
0.297920	-189.443893
0.298000	-189.468994
0.298080	-189.512039
0.298160	-189.569077
0.298240	-189.633286
0.298320	-189.695755
0.298400	-189.748093
0.298480	-189.784058
0.298560	-189.800110
0.298640	-189.795425
0.298720	-189.771744
0.298800	-189.732544
0.298880	-189.681808
0.298960	-189.623322
0.299040	-189.560532
0.299120	-189.496735
0.299200	-189.435181
0.299280	-189.379074
0.299360	-189.330811
0.299440	-189.290741
0.299520	-189.256500
0.299600	-189.223083
0.299680	-189.184082
0.299760	-189.134094
0.299840	-189.070724
0.299920	-188.995117
0.300000	-188.910873
0.300080	-188.823181
0.300160	-188.737839
0.300240	-188.660141
0.300320	-188.594193
0.300400	-188.542770
0.300480	-188.507553
0.300560	-188.489273
0.300640	-188.487778
0.300720	-188.502182
0.300800	-188.530884
0.300880	-188.571732
0.300960	-188.621964
0.301040	-188.678284
0.301120	-188.736847
0.301200	-188.793320
0.301280	-188.843063
0.301360	-188.882050
0.301440	-188.907974
0.301520	-188.920334
0.301600	-188.919296
0.301680	-188.904922
0.301760	-188.877213
0.301840	-188.836884
0.301920	-188.785919
0.302000	-188.727280
0.302080	-188.664307
0.302160	-188.600754
0.302240	-188.540833
0.302320	-188.489441
0.302400	-188.452057
0.302480	-188.433990
0.302560	-188.438980
0.302640	-188.467468
0.302720	-188.515381
0.302800	-188.574326
0.302880	-188.633698
0.302960	-188.683060
0.303040	-188.714188
0.303120	-188.722427
0.303200	-188.706711
0.303280	-188.668533
0.303360	-188.611160
0.303440	-188.539291
0.303520	-188.458344
0.303600	-188.373245
0.303680	-188.287750
0.303760	-188.204651
0.303840	-188.126526
0.303920	-188.056488
0.304000	-187.997803
0.304080	-187.953506
0.304160	-187.926178
0.304240	-187.918198
0.304320	-187.931610
0.304400	-187.967239
0.304480	-188.023743
0.304560	-188.097549
0.304640	-188.184265
0.304720	-188.280426
0.304800	-188.384750
0.304880	-188.497925
0.304960	-188.620529
0.305040	-188.750992
0.305120	-188.885239
0.305200	-189.017975
0.305280	-189.144379
0.305360	-189.261536
0.305440	-189.369095
0.305520	-189.468414
0.305600	-189.561279
0.305680	-189.648911
0.305760	-189.731506
0.305840	-189.807495
0.305920	-189.873108
0.306000	-189.922989
0.306080	-189.952026
0.306160	-189.957748
0.306240	-189.942398
0.306320	-189.913025
0.306400	-189.879303
0.306480	-189.850555
0.306560	-189.833450
0.306640	-189.831146
0.306720	-189.843887
0.306800	-189.869736
0.306880	-189.905075
0.306960	-189.945328
0.307040	-189.985641
0.307120	-190.021378
0.307200	-190.048813
0.307280	-190.065567
0.307360	-190.070297
0.307440	-190.061768
0.307520	-190.038055
0.307600	-189.996277
0.307680	-189.932999
0.307760	-189.845139
0.307840	-189.730331
0.307920	-189.587067
0.308000	-189.414993
0.308080	-189.215088
0.308160	-188.990005
0.308240	-188.744400
0.308320	-188.485260
0.308400	-188.222092
0.308480	-187.966171
0.308560	-187.728760
0.308640	-187.519257
0.308720	-187.344208
0.308800	-187.206802
0.308880	-187.106689
0.308960	-187.040634
0.309040	-187.003464
0.309120	-186.988403
0.309200	-186.987198
0.309280	-186.990433
0.309360	-186.988525
0.309440	-186.973114
0.309520	-186.938049
0.309600	-186.879654
0.309680	-186.796707
0.309760	-186.689621
0.309840	-186.559158
0.309920	-186.404770
