-0.020080	-0.002568
-0.020000	-0.002568
-0.019920	-0.002568
-0.019840	-0.002568
-0.019760	-0.014649
-0.019680	-0.014649
-0.019600	0.009513
-0.019520	0.009513
-0.019440	0.009513
-0.019360	-0.002568
-0.019280	0.009513
-0.019200	0.021594
-0.019120	-0.014649
-0.019040	-0.002568
-0.018960	-0.002568
-0.018880	0.009513
-0.018800	-0.002568
-0.018720	-0.002568
-0.018640	-0.014649
-0.018560	-0.002568
-0.018480	0.021594
-0.018400	-0.002568
-0.018320	-0.002568
-0.018240	-0.014649
-0.018160	0.009513
-0.018080	-0.014649
-0.018000	-0.002568
-0.017920	0.009513
-0.017840	-0.014649
-0.017760	0.009513
-0.017680	-0.014649
-0.017600	-0.014649
-0.017520	-0.002568
-0.017440	-0.002568
-0.017360	-0.014649
-0.017280	-0.002568
-0.017200	-0.002568
-0.017120	-0.002568
-0.017040	0.009513
-0.016960	-0.014649
-0.016880	-0.002568
-0.016800	-0.014649
-0.016720	-0.002568
-0.016640	-0.014649
-0.016560	0.021594
-0.016480	-0.002568
-0.016400	0.009513
-0.016320	0.009513
-0.016240	0.009513
-0.016160	0.021594
-0.016080	0.021594
-0.016000	0.009513
-0.015920	-0.002568
-0.015840	-0.002568
-0.015760	-0.014649
-0.015680	-0.002568
-0.015600	-0.002568
-0.015520	0.021594
-0.015440	-0.002568
-0.015360	-0.002568
-0.015280	-0.002568
-0.015200	-0.002568
-0.015120	0.009513
-0.015040	0.021594
-0.014960	0.033675
-0.014880	-0.002568
-0.014800	-0.002568
-0.014720	0.009513
-0.014640	-0.002568
-0.014560	0.009513
-0.014480	-0.002568
-0.014400	-0.014649
-0.014320	-0.002568
-0.014240	0.009513
-0.014160	-0.002568
-0.014080	-0.014649
-0.014000	-0.002568
-0.013920	-0.002568
-0.013840	-0.014649
-0.013760	-0.026730
-0.013680	-0.026730
-0.013600	-0.014649
-0.013520	-0.002568
-0.013440	-0.014649
-0.013360	0.009513
-0.013280	0.021594
-0.013200	-0.002568
-0.013120	-0.002568
-0.013040	-0.002568
-0.012960	-0.014649
-0.012880	-0.014649
-0.012800	-0.014649
-0.012720	0.009513
-0.012640	-0.002568
-0.012560	0.009513
-0.012480	0.009513
-0.012400	0.009513
-0.012320	0.009513
-0.012240	-0.002568
-0.012160	-0.002568
-0.012080	-0.014649
-0.012000	-0.014649
-0.011920	0.009513
-0.011840	-0.038811
-0.011760	-0.014649
-0.011680	-0.014649
-0.011600	-0.014649
-0.011520	-0.002568
-0.011440	0.009513
-0.011360	0.021594
-0.011280	0.009513
-0.011200	0.021594
-0.011120	0.009513
-0.011040	0.009513
-0.010960	-0.038811
-0.010880	-0.002568
-0.010800	-0.014649
-0.010720	-0.014649
-0.010640	0.009513
-0.010560	-0.002568
-0.010480	-0.014649
-0.010400	0.009513
-0.010320	0.021594
-0.010240	0.009513
-0.010160	0.009513
-0.010080	0.021594
-0.010000	0.021594
-0.009920	-0.014649
-0.009840	0.009513
-0.009760	-0.026730
-0.009680	-0.002568
-0.009600	-0.014649
-0.009520	-0.014649
-0.009440	-0.026730
-0.009360	0.033675
-0.009280	0.021594
-0.009200	-0.038811
-0.009120	-0.014649
-0.009040	-0.014649
-0.008960	-0.002568
-0.008880	0.009513
-0.008800	0.009513
-0.008720	0.009513
-0.008640	0.009513
-0.008560	-0.026730
-0.008480	-0.002568
-0.008400	-0.014649
-0.008320	-0.026730
-0.008240	-0.002568
-0.008160	-0.014649
-0.008080	-0.002568
-0.008000	0.009513
-0.007920	0.009513
-0.007840	-0.002568
-0.007760	-0.014649
-0.007680	-0.002568
-0.007600	-0.014649
-0.007520	-0.002568
-0.007440	-0.038811
-0.007360	-0.026730
-0.007280	0.009513
-0.007200	-0.002568
-0.007120	-0.002568
-0.007040	-0.002568
-0.006960	-0.014649
-0.006880	-0.002568
-0.006800	-0.014649
-0.006720	0.021594
-0.006640	0.009513
-0.006560	-0.014649
-0.006480	-0.014649
-0.006400	0.009513
-0.006320	0.021594
-0.006240	-0.002568
-0.006160	0.021594
-0.006080	-0.014649
-0.006000	-0.014649
-0.005920	0.009513
-0.005840	-0.002568
-0.005760	0.021594
-0.005680	0.009513
-0.005600	-0.002568
-0.005520	0.009513
-0.005440	-0.002568
-0.005360	0.009513
-0.005280	0.009513
-0.005200	-0.002568
-0.005120	-0.002568
-0.005040	0.009513
-0.004960	0.009513
-0.004880	0.009513
-0.004800	0.009513
-0.004720	0.009513
-0.004640	0.009513
-0.004560	0.021594
-0.004480	0.009513
-0.004400	0.009513
-0.004320	-0.002568
-0.004240	-0.002568
-0.004160	-0.002568
-0.004080	-0.002568
-0.004000	-0.014649
-0.003920	-0.002568
-0.003840	-0.002568
-0.003760	-0.002568
-0.003680	-0.002568
-0.003600	0.009513
-0.003520	0.021594
-0.003440	0.009513
-0.003360	0.009513
-0.003280	0.009513
-0.003200	-0.002568
-0.003120	-0.002568
-0.003040	-0.002568
-0.002960	-0.014649
-0.002880	-0.002568
-0.002800	-0.014649
-0.002720	-0.002568
-0.002640	-0.002568
-0.002560	0.009513
-0.002480	0.009513
-0.002400	-0.002568
-0.002320	-0.014649
-0.002240	-0.014649
-0.002160	-0.014649
-0.002080	-0.002568
-0.002000	-0.002568
-0.001920	-0.002568
-0.001840	-0.002568
-0.001760	-0.014649
-0.001680	-0.038811
-0.001600	-0.026730
-0.001520	-0.002568
-0.001440	-0.002568
-0.001360	0.009513
-0.001280	0.009513
-0.001200	0.009513
-0.001120	0.009513
-0.001040	0.009513
-0.000960	-0.002568
-0.000880	-0.002568
-0.000800	-0.002568
-0.000720	0.009513
-0.000640	-0.014649
-0.000560	-0.014649
-0.000480	0.009513
-0.000400	0.021594
-0.000320	-0.002568
-0.000240	0.021594
-0.000160	-0.014649
-0.000080	0.009513
0.000000	0.021594
0.000080	-0.002568
0.000160	-0.002568
0.000240	-0.002568
0.000320	-0.014649
0.000400	-0.002568
0.000480	-0.014649
0.000560	-0.014649
0.000640	-0.026730
0.000720	-0.002568
0.000800	0.009513
0.000880	-0.002568
0.000960	-0.014649
0.001040	-0.014649
0.001120	-0.014649
0.001200	-0.002568
0.001280	-0.002568
0.001360	-0.014649
0.001440	-0.002568
0.001520	-0.014649
0.001600	-0.026730
0.001680	-0.026730
0.001760	-0.038811
0.001840	0.009513
0.001920	-0.014649
0.002000	0.009513
0.002080	-0.026730
0.002160	-0.002568
0.002240	-0.026730
0.002320	-0.002568
0.002400	-0.002568
0.002480	-0.026730
0.002560	-0.002568
0.002640	-0.002568
0.002720	-0.014649
0.002800	-0.014649
0.002880	-0.002568
0.002960	-0.002568
0.003040	-0.026730
0.003120	-0.014649
0.003200	-0.014649
0.003280	-0.026730
0.003360	-0.026730
0.003440	-0.014649
0.003520	0.009513
0.003600	0.009513
0.003680	-0.014649
0.003760	-0.002568
0.003840	-0.014649
0.003920	-0.002568
0.004000	-0.014649
0.004080	0.009513
0.004160	-0.002568
0.004240	-0.014649
0.004320	-0.026730
0.004400	-0.026730
0.004480	-0.014649
0.004560	-0.014649
0.004640	0.009513
0.004720	-0.002568
0.004800	-0.002568
0.004880	-0.002568
0.004960	-0.014649
0.005040	-0.002568
0.005120	-0.026730
0.005200	-0.014649
0.005280	-0.026730
0.005360	-0.002568
0.005440	-0.014649
0.005520	-0.038811
0.005600	-0.002568
0.005680	-0.026730
0.005760	-0.026730
0.005840	-0.014649
0.005920	-0.002568
0.006000	-0.014649
0.006080	-0.014649
0.006160	0.009513
0.006240	-0.014649
0.006320	-0.002568
0.006400	-0.014649
0.006480	-0.002568
0.006560	-0.002568
0.006640	-0.014649
0.006720	-0.002568
0.006800	-0.002568
0.006880	-0.014649
0.006960	-0.002568
0.007040	-0.014649
0.007120	0.009513
0.007200	-0.014649
0.007280	-0.014649
0.007360	0.033675
0.007440	-0.002568
0.007520	-0.002568
0.007600	-0.062973
0.007680	-0.014649
0.007760	-0.038811
0.007840	-0.014649
0.007920	-0.014649
0.008000	-0.026730
0.008080	-0.026730
0.008160	-0.038811
0.008240	-0.026730
0.008320	-0.014649
0.008400	-0.014649
0.008480	-0.026730
0.008560	-0.026730
0.008640	-0.026730
0.008720	-0.002568
0.008800	-0.026730
0.008880	-0.014649
0.008960	-0.002568
0.009040	-0.014649
0.009120	-0.038811
0.009200	-0.026730
0.009280	-0.014649
0.009360	-0.026730
0.009440	-0.026730
0.009520	-0.026730
0.009600	-0.050892
0.009680	-0.026730
0.009760	-0.050892
0.009840	-0.038811
0.009920	-0.038811
0.010000	-0.050892
0.010080	-0.062973
0.010160	-0.038811
0.010240	-0.026730
0.010320	-0.014649
0.010400	-0.038811
0.010480	-0.038811
0.010560	-0.050892
0.010640	-0.026730
0.010720	-0.050892
0.010800	-0.038811
0.010880	-0.026730
0.010960	-0.038811
0.011040	-0.062973
0.011120	-0.075054
0.011200	-0.062973
0.011280	-0.050892
0.011360	-0.050892
0.011440	-0.062973
0.011520	-0.050892
0.011600	-0.050892
0.011680	-0.062973
0.011760	-0.087135
0.011840	-0.075054
0.011920	-0.075054
0.012000	-0.050892
0.012080	-0.062973
0.012160	-0.038811
0.012240	-0.075054
0.012320	-0.075054
0.012400	-0.075054
0.012480	-0.062973
0.012560	-0.075054
0.012640	-0.075054
0.012720	-0.087135
0.012800	-0.062973
0.012880	-0.087135
0.012960	-0.050892
0.013040	-0.075054
0.013120	-0.087135
0.013200	-0.075054
0.013280	-0.099216
0.013360	-0.087135
0.013440	-0.099216
0.013520	-0.075054
0.013600	-0.099216
0.013680	-0.111300
0.013760	-0.111300
0.013840	-0.111300
0.013920	-0.099216
0.014000	-0.111300
0.014080	-0.111300
0.014160	-0.111300
0.014240	-0.135460
0.014320	-0.147540
0.014400	-0.147540
0.014480	-0.159620
0.014560	-0.159620
0.014640	-0.159620
0.014720	-0.135460
0.014800	-0.171700
0.014880	-0.171700
0.014960	-0.183780
0.015040	-0.183780
0.015120	-0.147540
0.015200	-0.171700
0.015280	-0.171700
0.015360	-0.183780
0.015440	-0.183780
0.015520	-0.171700
0.015600	-0.207950
0.015680	-0.183780
0.015760	-0.195860
0.015840	-0.195860
0.015920	-0.195860
0.016000	-0.207950
0.016080	-0.195860
0.016160	-0.207950
0.016240	-0.220030
0.016320	-0.232110
0.016400	-0.232110
0.016480	-0.220030
0.016560	-0.232110
0.016640	-0.244190
0.016720	-0.232110
0.016800	-0.244190
0.016880	-0.268350
0.016960	-0.268350
0.017040	-0.256270
0.017120	-0.256270
0.017200	-0.244190
0.017280	-0.292510
0.017360	-0.280430
0.017440	-0.292510
0.017520	-0.304590
0.017600	-0.316670
0.017680	-0.292510
0.017760	-0.304590
0.017840	-0.304590
0.017920	-0.328750
0.018000	-0.316670
0.018080	-0.328750
0.018160	-0.328750
0.018240	-0.340840
0.018320	-0.328750
0.018400	-0.352920
0.018480	-0.352920
0.018560	-0.352920
0.018640	-0.340840
0.018720	-0.365000
0.018800	-0.365000
0.018880	-0.352920
0.018960	-0.401240
0.019040	-0.377080
0.019120	-0.352920
0.019200	-0.377080
0.019280	-0.377080
0.019360	-0.389160
0.019440	-0.401240
0.019520	-0.413320
0.019600	-0.377080
0.019680	-0.377080
0.019760	-0.377080
0.019840	-0.425400
0.019920	-0.437480
0.020000	-0.437480
0.020080	-0.425400
0.020160	-0.413320
0.020240	-0.413320
0.020320	-0.401240
0.020400	-0.389160
0.020480	-0.401240
0.020560	-0.413320
0.020640	-0.437480
0.020720	-0.413320
0.020800	-0.425400
0.020880	-0.437480
0.020960	-0.425400
0.021040	-0.461650
0.021120	-0.461650
0.021200	-0.473730
0.021280	-0.461650
0.021360	-0.461650
0.021440	-0.485810
0.021520	-0.497890
0.021600	-0.497890
0.021680	-0.473730
0.021760	-0.485810
0.021840	-0.473730
0.021920	-0.485810
0.022000	-0.485810
0.022080	-0.497890
0.022160	-0.497890
0.022240	-0.473730
0.022320	-0.485810
0.022400	-0.473730
0.022480	-0.497890
0.022560	-0.509970
0.022640	-0.509970
0.022720	-0.497890
0.022800	-0.522050
0.022880	-0.497890
0.022960	-0.497890
0.023040	-0.485810
0.023120	-0.473730
0.023200	-0.485810
0.023280	-0.497890
0.023360	-0.473730
0.023440	-0.449560
0.023520	-0.377080
0.023600	-0.377080
0.023680	-0.389160
0.023760	-0.449560
0.023840	-0.509970
0.023920	-0.582460
0.024000	-0.546210
0.024080	-0.509970
0.024160	-0.473730
0.024240	-0.485810
0.024320	-0.546210
0.024400	-0.558290
0.024480	-0.534130
0.024560	-0.522050
0.024640	-0.522050
0.024720	-0.509970
0.024800	-0.497890
0.024880	-0.509970
0.024960	-0.546210
0.025040	-0.509970
0.025120	-0.522050
0.025200	-0.522050
0.025280	-0.522050
0.025360	-0.522050
0.025440	-0.522050
0.025520	-0.534130
0.025600	-0.546210
0.025680	-0.509970
0.025760	-0.522050
0.025840	-0.509970
0.025920	-0.534130
0.026000	-0.546210
0.026080	-0.570380
0.026160	-0.546210
0.026240	-0.546210
0.026320	-0.534130
0.026400	-0.534130
0.026480	-0.558290
0.026560	-0.558290
0.026640	-0.546210
0.026720	-0.546210
0.026800	-0.546210
0.026880	-0.534130
0.026960	-0.522050
0.027040	-0.522050
0.027120	-0.534130
0.027200	-0.522050
0.027280	-0.558290
0.027360	-0.546210
0.027440	-0.534130
0.027520	-0.522050
0.027600	-0.473730
0.027680	-0.473730
0.027760	-0.473730
0.027840	-0.473730
0.027920	-0.485810
0.028000	-0.485810
0.028080	-0.473730
0.028160	-0.485810
0.028240	-0.449560
0.028320	-0.461650
0.028400	-0.461650
0.028480	-0.449560
0.028560	-0.449560
0.028640	-0.449560
0.028720	-0.437480
0.028800	-0.425400
0.028880	-0.437480
0.028960	-0.461650
0.029040	-0.449560
0.029120	-0.437480
0.029200	-0.425400
0.029280	-0.425400
0.029360	-0.437480
0.029440	-0.425400
0.029520	-0.413320
0.029600	-0.413320
0.029680	-0.413320
0.029760	-0.437480
0.029840	-0.401240
0.029920	-0.413320
0.030000	-0.377080
0.030080	-0.389160
0.030160	-0.377080
0.030240	-0.389160
0.030320	-0.377080
0.030400	-0.389160
0.030480	-0.389160
0.030560	-0.389160
0.030640	-0.365000
0.030720	-0.377080
0.030800	-0.377080
0.030880	-0.377080
0.030960	-0.352920
0.031040	-0.365000
0.031120	-0.365000
0.031200	-0.352920
0.031280	-0.365000
0.031360	-0.340840
0.031440	-0.340840
0.031520	-0.316670
0.031600	-0.292510
0.031680	-0.304590
0.031760	-0.292510
0.031840	-0.316670
0.031920	-0.292510
0.032000	-0.280430
0.032080	-0.268350
0.032160	-0.280430
0.032240	-0.268350
0.032320	-0.280430
0.032400	-0.280430
0.032480	-0.280430
0.032560	-0.256270
0.032640	-0.280430
0.032720	-0.280430
0.032800	-0.244190
0.032880	-0.232110
0.032960	-0.244190
0.033040	-0.244190
0.033120	-0.244190
0.033200	-0.207950
0.033280	-0.183780
0.033360	-0.195860
0.033440	-0.159620
0.033520	-0.159620
0.033600	-0.159620
0.033680	-0.159620
0.033760	-0.171700
0.033840	-0.183780
0.033920	-0.159620
0.034000	-0.147540
0.034080	-0.135460
0.034160	-0.099216
0.034240	-0.123380
0.034320	-0.099216
0.034400	-0.123380
0.034480	-0.123380
0.034560	-0.099216
0.034640	-0.099216
0.034720	-0.111300
0.034800	-0.111300
0.034880	-0.099216
0.034960	-0.099216
0.035040	-0.075054
0.035120	-0.075054
0.035200	-0.087135
0.035280	-0.062973
0.035360	-0.062973
0.035440	-0.062973
0.035520	-0.050892
0.035600	-0.038811
0.035680	-0.026730
0.035760	-0.014649
0.035840	-0.002568
0.035920	0.009513
0.036000	0.009513
0.036080	0.009513
0.036160	-0.014649
0.036240	0.009513
0.036320	0.009513
0.036400	0.021594
0.036480	0.045756
0.036560	0.069918
0.036640	0.094080
0.036720	0.106160
0.036800	0.094080
0.036880	0.094080
0.036960	0.081999
0.037040	0.106160
0.037120	0.118240
0.037200	0.130320
0.037280	0.130320
0.037360	0.154490
0.037440	0.130320
0.037520	0.154490
0.037600	0.166570
0.037680	0.190730
0.037760	0.166570
0.037840	0.202810
0.037920	0.190730
0.038000	0.226970
0.038080	0.263210
0.038160	0.275290
0.038240	0.299460
0.038320	0.299460
0.038400	0.275290
0.038480	0.299460
0.038560	0.311540
0.038640	0.311540
0.038720	0.311540
0.038800	0.311540
0.038880	0.335700
0.038960	0.335700
0.039040	0.371940
0.039120	0.359860
0.039200	0.347780
0.039280	0.347780
0.039360	0.335700
0.039440	0.323620
0.039520	0.335700
0.039600	0.347780
0.039680	0.371940
0.039760	0.371940
0.039840	0.408190
0.039920	0.432350
0.040000	0.432350
0.040080	0.420270
0.040160	0.456510
0.040240	0.492750
0.040320	0.480670
0.040400	0.529000
0.040480	0.529000
0.040560	0.541080
0.040640	0.492750
0.040720	0.553160
0.040800	0.565240
0.040880	0.601480
0.040960	0.613560
0.041040	0.589400
0.041120	0.601480
0.041200	0.601480
0.041280	0.625640
0.041360	0.661890
0.041440	0.686050
0.041520	0.710210
0.041600	0.722290
0.041680	0.734370
0.041760	0.758540
0.041840	0.734370
0.041920	0.758540
0.042000	0.782700
0.042080	0.794780
0.042160	0.806860
0.042240	0.831020
0.042320	0.831020
0.042400	0.831020
0.042480	0.831020
0.042560	0.831020
0.042640	0.843100
0.042720	0.831020
0.042800	0.831020
0.042880	0.806860
0.042960	0.818940
0.043040	0.831020
0.043120	0.818940
0.043200	0.794780
0.043280	0.782700
0.043360	0.758540
0.043440	0.746450
0.043520	0.746450
0.043600	0.770620
0.043680	0.806860
0.043760	0.843100
0.043840	0.867260
0.043920	0.879340
0.044000	0.879340
0.044080	0.891430
0.044160	0.915590
0.044240	0.915590
0.044320	0.951830
0.044400	0.939750
0.044480	0.939750
0.044560	0.939750
0.044640	0.939750
0.044720	0.963910
0.044800	0.939750
0.044880	0.951830
0.044960	0.939750
0.045040	0.939750
0.045120	0.951830
0.045200	0.939750
0.045280	0.963910
0.045360	0.963910
0.045440	0.939750
0.045520	0.927670
0.045600	0.951830
0.045680	0.951830
0.045760	0.963910
0.045840	0.975990
0.045920	0.975990
0.046000	0.975990
0.046080	0.951830
0.046160	0.963910
0.046240	0.975990
0.046320	0.975990
0.046400	0.963910
0.046480	0.951830
0.046560	0.963910
0.046640	0.951830
0.046720	0.939750
0.046800	0.927670
0.046880	0.939750
0.046960	0.951830
0.047040	0.951830
0.047120	0.939750
0.047200	0.915590
0.047280	0.915590
0.047360	0.927670
0.047440	0.927670
0.047520	0.951830
0.047600	0.939750
0.047680	0.927670
0.047760	0.915590
0.047840	0.927670
0.047920	0.915590
0.048000	0.903510
0.048080	0.915590
0.048160	0.891430
0.048240	0.903510
0.048320	0.915590
0.048400	0.903510
0.048480	0.879340
0.048560	0.879340
0.048640	0.903510
0.048720	0.915590
0.048800	0.903510
0.048880	0.915590
0.048960	0.879340
0.049040	0.903510
0.049120	0.879340
0.049200	0.891430
0.049280	0.879340
0.049360	0.855180
0.049440	0.831020
0.049520	0.843100
0.049600	0.831020
0.049680	0.818940
0.049760	0.818940
0.049840	0.818940
0.049920	0.831020
0.050000	0.843100
0.050080	0.843100
0.050160	0.831020
0.050240	0.782700
0.050320	0.806860
0.050400	0.794780
0.050480	0.770620
0.050560	0.746450
0.050640	0.722290
0.050720	0.722290
0.050800	0.686050
0.050880	0.710210
0.050960	0.686050
0.051040	0.673970
0.051120	0.686050
0.051200	0.686050
0.051280	0.673970
0.051360	0.661890
0.051440	0.649810
0.051520	0.637720
0.051600	0.637720
0.051680	0.625640
0.051760	0.613560
0.051840	0.601480
0.051920	0.613560
0.052000	0.589400
0.052080	0.565240
0.052160	0.553160
0.052240	0.553160
0.052320	0.516920
0.052400	0.516920
0.052480	0.529000
0.052560	0.529000
0.052640	0.492750
0.052720	0.480670
0.052800	0.504830
0.052880	0.492750
0.052960	0.492750
0.053040	0.504830
0.053120	0.529000
0.053200	0.529000
0.053280	0.516920
0.053360	0.516920
0.053440	0.504830
0.053520	0.516920
0.053600	0.492750
0.053680	0.468590
0.053760	0.456510
0.053840	0.456510
0.053920	0.456510
0.054000	0.444430
0.054080	0.408190
0.054160	0.408190
0.054240	0.420270
0.054320	0.396100
0.054400	0.384020
0.054480	0.347780
0.054560	0.311540
0.054640	0.275290
0.054720	0.251130
0.054800	0.226970
0.054880	0.226970
0.054960	0.202810
0.055040	0.214890
0.055120	0.178650
0.055200	0.178650
0.055280	0.154490
0.055360	0.154490
0.055440	0.130320
0.055520	0.118240
0.055600	0.106160
0.055680	0.118240
0.055760	0.130320
0.055840	0.130320
0.055920	0.142400
0.056000	0.081999
0.056080	0.106160
0.056160	0.069918
0.056240	0.057837
0.056320	0.045756
0.056400	0.033675
0.056480	-0.002568
0.056560	0.033675
0.056640	0.021594
0.056720	0.021594
0.056800	0.033675
0.056880	-0.002568
0.056960	-0.014649
0.057040	-0.075054
0.057120	-0.111300
0.057200	-0.147540
0.057280	-0.171700
0.057360	-0.232110
0.057440	-0.232110
0.057520	-0.256270
0.057600	-0.280430
0.057680	-0.292510
0.057760	-0.292510
0.057840	-0.304590
0.057920	-0.304590
0.058000	-0.316670
0.058080	-0.292510
0.058160	-0.328750
0.058240	-0.340840
0.058320	-0.377080
0.058400	-0.352920
0.058480	-0.328750
0.058560	-0.292510
0.058640	-0.256270
0.058720	-0.207950
0.058800	-0.135460
0.058880	-0.111300
0.058960	-0.099216
0.059040	-0.111300
0.059120	-0.123380
0.059200	-0.135460
0.059280	-0.159620
0.059360	-0.123380
0.059440	-0.087135
0.059520	-0.075054
0.059600	-0.062973
0.059680	-0.075054
0.059760	-0.087135
0.059840	-0.135460
0.059920	-0.171700
0.060000	-0.207950
0.060080	-0.244190
0.060160	-0.207950
0.060240	-0.195860
0.060320	-0.207950
0.060400	-0.207950
0.060480	-0.244190
0.060560	-0.280430
0.060640	-0.304590
0.060720	-0.328750
0.060800	-0.352920
0.060880	-0.377080
0.060960	-0.352920
0.061040	-0.352920
0.061120	-0.365000
0.061200	-0.401240
0.061280	-0.389160
0.061360	-0.401240
0.061440	-0.413320
0.061520	-0.413320
0.061600	-0.437480
0.061680	-0.437480
0.061760	-0.473730
0.061840	-0.473730
0.061920	-0.509970
0.062000	-0.522050
0.062080	-0.522050
0.062160	-0.534130
0.062240	-0.546210
0.062320	-0.558290
0.062400	-0.558290
0.062480	-0.558290
0.062560	-0.570380
0.062640	-0.558290
0.062720	-0.570380
0.062800	-0.594540
0.062880	-0.606620
0.062960	-0.630780
0.063040	-0.654940
0.063120	-0.691180
0.063200	-0.703270
0.063280	-0.739510
0.063360	-0.751590
0.063440	-0.727430
0.063520	-0.763670
0.063600	-0.739510
0.063680	-0.727430
0.063760	-0.715350
0.063840	-0.703270
0.063920	-0.715350
0.064000	-0.679100
0.064080	-0.667020
0.064160	-0.654940
0.064240	-0.642860
0.064320	-0.606620
0.064400	-0.582460
0.064480	-0.558290
0.064560	-0.558290
0.064640	-0.546210
0.064720	-0.497890
0.064800	-0.461650
0.064880	-0.437480
0.064960	-0.413320
0.065040	-0.401240
0.065120	-0.365000
0.065200	-0.316670
0.065280	-0.316670
0.065360	-0.280430
0.065440	-0.256270
0.065520	-0.220030
0.065600	-0.171700
0.065680	-0.159620
0.065760	-0.123380
0.065840	-0.099216
0.065920	-0.075054
0.066000	-0.075054
0.066080	-0.050892
0.066160	-0.038811
0.066240	-0.038811
0.066320	-0.014649
0.066400	-0.014649
0.066480	-0.026730
0.066560	-0.002568
0.066640	0.009513
0.066720	0.009513
0.066800	0.009513
0.066880	0.009513
0.066960	0.009513
0.067040	0.009513
0.067120	0.021594
0.067200	0.009513
0.067280	-0.002568
0.067360	0.021594
0.067440	0.009513
0.067520	0.021594
0.067600	0.033675
0.067680	0.057837
0.067760	0.033675
0.067840	0.057837
0.067920	0.069918
0.068000	0.069918
0.068080	0.094080
0.068160	0.106160
0.068240	0.106160
0.068320	0.106160
0.068400	0.118240
0.068480	0.106160
0.068560	0.130320
0.068640	0.106160
0.068720	0.130320
0.068800	0.130320
0.068880	0.106160
0.068960	0.130320
0.069040	0.130320
0.069120	0.166570
0.069200	0.178650
0.069280	0.154490
0.069360	0.190730
0.069440	0.190730
0.069520	0.202810
0.069600	0.226970
0.069680	0.239050
0.069760	0.226970
0.069840	0.263210
0.069920	0.251130
0.070000	0.299460
0.070080	0.287380
0.070160	0.323620
0.070240	0.323620
0.070320	0.299460
0.070400	0.275290
0.070480	0.287380
0.070560	0.275290
0.070640	0.275290
0.070720	0.239050
0.070800	0.226970
0.070880	0.214890
0.070960	0.166570
0.071040	0.154490
0.071120	0.106160
0.071200	0.106160
0.071280	0.069918
0.071360	0.057837
0.071440	0.021594
0.071520	0.021594
0.071600	-0.002568
0.071680	-0.014649
0.071760	0.009513
0.071840	-0.026730
0.071920	-0.014649
0.072000	-0.014649
0.072080	-0.038811
0.072160	-0.075054
0.072240	-0.087135
0.072320	-0.075054
0.072400	-0.099216
0.072480	-0.111300
0.072560	-0.123380
0.072640	-0.159620
0.072720	-0.183780
0.072800	-0.207950
0.072880	-0.220030
0.072960	-0.207950
0.073040	-0.220030
0.073120	-0.207950
0.073200	-0.207950
0.073280	-0.220030
0.073360	-0.220030
0.073440	-0.220030
0.073520	-0.207950
0.073600	-0.207950
0.073680	-0.207950
0.073760	-0.207950
0.073840	-0.220030
0.073920	-0.220030
0.074000	-0.207950
0.074080	-0.183780
0.074160	-0.195860
0.074240	-0.195860
0.074320	-0.183780
0.074400	-0.159620
0.074480	-0.171700
0.074560	-0.195860
0.074640	-0.183780
0.074720	-0.171700
0.074800	-0.159620
0.074880	-0.147540
0.074960	-0.159620
0.075040	-0.147540
0.075120	-0.135460
0.075200	-0.159620
0.075280	-0.159620
0.075360	-0.183780
0.075440	-0.171700
0.075520	-0.183780
0.075600	-0.147540
0.075680	-0.171700
0.075760	-0.147540
0.075840	-0.159620
0.075920	-0.159620
0.076000	-0.159620
0.076080	-0.123380
0.076160	-0.159620
0.076240	-0.159620
0.076320	-0.171700
0.076400	-0.220030
0.076480	-0.207950
0.076560	-0.207950
0.076640	-0.159620
0.076720	-0.171700
0.076800	-0.171700
0.076880	-0.171700
0.076960	-0.195860
0.077040	-0.171700
0.077120	-0.183780
0.077200	-0.220030
0.077280	-0.220030
0.077360	-0.207950
0.077440	-0.220030
0.077520	-0.207950
0.077600	-0.220030
0.077680	-0.232110
0.077760	-0.244190
0.077840	-0.244190
0.077920	-0.232110
0.078000	-0.232110
0.078080	-0.232110
0.078160	-0.207950
0.078240	-0.195860
0.078320	-0.183780
0.078400	-0.183780
0.078480	-0.183780
0.078560	-0.171700
0.078640	-0.183780
0.078720	-0.135460
0.078800	-0.099216
0.078880	-0.087135
0.078960	-0.135460
0.079040	-0.099216
0.079120	-0.111300
0.079200	-0.111300
0.079280	-0.111300
0.079360	-0.087135
0.079440	-0.087135
0.079520	-0.062973
0.079600	-0.038811
0.079680	-0.014649
0.079760	-0.026730
0.079840	-0.002568
0.079920	-0.014649
0.080000	0.009513
0.080080	0.021594
0.080160	0.021594
0.080240	0.033675
0.080320	0.033675
0.080400	0.057837
0.080480	0.069918
0.080560	0.081999
0.080640	0.106160
0.080720	0.118240
0.080800	0.130320
0.080880	0.178650
0.080960	0.178650
0.081040	0.190730
0.081120	0.202810
0.081200	0.226970
0.081280	0.214890
0.081360	0.239050
0.081440	0.226970
0.081520	0.226970
0.081600	0.226970
0.081680	0.251130
0.081760	0.251130
0.081840	0.275290
0.081920	0.263210
0.082000	0.275290
0.082080	0.275290
0.082160	0.299460
0.082240	0.287380
0.082320	0.311540
0.082400	0.323620
0.082480	0.359860
0.082560	0.347780
0.082640	0.347780
0.082720	0.359860
0.082800	0.371940
0.082880	0.396100
0.082960	0.396100
0.083040	0.432350
0.083120	0.432350
0.083200	0.456510
0.083280	0.456510
0.083360	0.468590
0.083440	0.492750
0.083520	0.504830
0.083600	0.541080
0.083680	0.541080
0.083760	0.565240
0.083840	0.589400
0.083920	0.589400
0.084000	0.601480
0.084080	0.601480
0.084160	0.613560
0.084240	0.637720
0.084320	0.649810
0.084400	0.661890
0.084480	0.661890
0.084560	0.649810
0.084640	0.661890
0.084720	0.661890
0.084800	0.661890
0.084880	0.673970
0.084960	0.698130
0.085040	0.661890
0.085120	0.686050
0.085200	0.734370
0.085280	0.746450
0.085360	0.758540
0.085440	0.782700
0.085520	0.782700
0.085600	0.782700
0.085680	0.806860
0.085760	0.818940
0.085840	0.843100
0.085920	0.879340
0.086000	0.903510
0.086080	0.903510
0.086160	0.915590
0.086240	0.915590
0.086320	0.951830
0.086400	0.963910
0.086480	1.000200
0.086560	1.024300
0.086640	1.036400
0.086720	1.060600
0.086800	1.072600
0.086880	1.060600
0.086960	1.084700
0.087040	1.096800
0.087120	1.096800
0.087200	1.084700
0.087280	1.096800
0.087360	1.096800
0.087440	1.108900
0.087520	1.108900
0.087600	1.121000
0.087680	1.108900
0.087760	1.108900
0.087840	1.108900
0.087920	1.121000
0.088000	1.121000
0.088080	1.121000
0.088160	1.121000
0.088240	1.121000
0.088320	1.133000
0.088400	1.121000
0.088480	1.108900
0.088560	1.121000
0.088640	1.121000
0.088720	1.121000
0.088800	1.133000
0.088880	1.121000
0.088960	1.108900
0.089040	1.084700
0.089120	1.096800
0.089200	1.096800
0.089280	1.084700
0.089360	1.072600
0.089440	1.072600
0.089520	1.048500
0.089600	1.024300
0.089680	1.000200
0.089760	1.000200
0.089840	0.963910
0.089920	0.975990
0.090000	0.939750
0.090080	0.915590
0.090160	0.927670
0.090240	0.867260
0.090320	0.843100
0.090400	0.831020
0.090480	0.855180
0.090560	0.818940
0.090640	0.806860
0.090720	0.831020
0.090800	0.818940
0.090880	0.794780
0.090960	0.770620
0.091040	0.758540
0.091120	0.734370
0.091200	0.686050
0.091280	0.722290
0.091360	0.722290
0.091440	0.710210
0.091520	0.686050
0.091600	0.686050
0.091680	0.698130
0.091760	0.686050
0.091840	0.661890
0.091920	0.673970
0.092000	0.637720
0.092080	0.613560
0.092160	0.649810
0.092240	0.601480
0.092320	0.601480
0.092400	0.601480
0.092480	0.553160
0.092560	0.541080
0.092640	0.541080
0.092720	0.516920
0.092800	0.516920
0.092880	0.516920
0.092960	0.468590
0.093040	0.468590
0.093120	0.456510
0.093200	0.432350
0.093280	0.420270
0.093360	0.408190
0.093440	0.408190
0.093520	0.432350
0.093600	0.408190
0.093680	0.371940
0.093760	0.371940
0.093840	0.347780
0.093920	0.347780
0.094000	0.335700
0.094080	0.323620
0.094160	0.335700
0.094240	0.311540
0.094320	0.311540
0.094400	0.299460
0.094480	0.287380
0.094560	0.299460
0.094640	0.275290
0.094720	0.287380
0.094800	0.287380
0.094880	0.299460
0.094960	0.287380
0.095040	0.287380
0.095120	0.299460
0.095200	0.311540
0.095280	0.287380
0.095360	0.311540
0.095440	0.299460
0.095520	0.323620
0.095600	0.347780
0.095680	0.323620
0.095760	0.323620
0.095840	0.335700
0.095920	0.359860
0.096000	0.384020
0.096080	0.384020
0.096160	0.359860
0.096240	0.371940
0.096320	0.384020
0.096400	0.408190
0.096480	0.396100
0.096560	0.432350
0.096640	0.420270
0.096720	0.420270
0.096800	0.408190
0.096880	0.396100
0.096960	0.384020
0.097040	0.371940
0.097120	0.396100
0.097200	0.384020
0.097280	0.384020
0.097360	0.347780
0.097440	0.347780
0.097520	0.311540
0.097600	0.299460
0.097680	0.287380
0.097760	0.287380
0.097840	0.275290
0.097920	0.263210
0.098000	0.226970
0.098080	0.202810
0.098160	0.202810
0.098240	0.178650
0.098320	0.154490
0.098400	0.118240
0.098480	0.106160
0.098560	0.118240
0.098640	0.094080
0.098720	0.094080
0.098800	0.106160
0.098880	0.081999
0.098960	0.094080
0.099040	0.045756
0.099120	0.057837
0.099200	0.057837
0.099280	0.045756
0.099360	0.045756
0.099440	0.045756
0.099520	0.045756
0.099600	0.033675
0.099680	0.021594
0.099760	0.009513
0.099840	-0.014649
0.099920	-0.026730
0.100000	-0.062973
0.100080	-0.050892
0.100160	-0.087135
0.100240	-0.087135
0.100320	-0.087135
0.100400	-0.099216
0.100480	-0.099216
0.100560	-0.111300
0.100640	-0.123380
0.100720	-0.135460
0.100800	-0.147540
0.100880	-0.159620
0.100960	-0.171700
0.101040	-0.171700
0.101120	-0.183780
0.101200	-0.183780
0.101280	-0.232110
0.101360	-0.232110
0.101440	-0.232110
0.101520	-0.220030
0.101600	-0.232110
0.101680	-0.220030
0.101760	-0.195860
0.101840	-0.195860
0.101920	-0.183780
0.102000	-0.183780
0.102080	-0.183780
0.102160	-0.183780
0.102240	-0.159620
0.102320	-0.147540
0.102400	-0.159620
0.102480	-0.147540
0.102560	-0.147540
0.102640	-0.135460
0.102720	-0.135460
0.102800	-0.135460
0.102880	-0.111300
0.102960	-0.099216
0.103040	-0.087135
0.103120	-0.050892
0.103200	-0.050892
0.103280	-0.050892
0.103360	-0.050892
0.103440	-0.038811
0.103520	-0.050892
0.103600	-0.014649
0.103680	-0.002568
0.103760	-0.002568
0.103840	0.009513
0.103920	0.021594
0.104000	0.009513
0.104080	0.045756
0.104160	0.045756
0.104240	0.069918
0.104320	0.081999
0.104400	0.081999
0.104480	0.081999
0.104560	0.118240
0.104640	0.130320
0.104720	0.130320
0.104800	0.166570
0.104880	0.178650
0.104960	0.214890
0.105040	0.214890
0.105120	0.226970
0.105200	0.251130
0.105280	0.275290
0.105360	0.311540
0.105440	0.323620
0.105520	0.359860
0.105600	0.335700
0.105680	0.347780
0.105760	0.359860
0.105840	0.384020
0.105920	0.384020
0.106000	0.420270
0.106080	0.432350
0.106160	0.456510
0.106240	0.456510
0.106320	0.456510
0.106400	0.468590
0.106480	0.516920
0.106560	0.529000
0.106640	0.553160
0.106720	0.565240
0.106800	0.565240
0.106880	0.589400
0.106960	0.613560
0.107040	0.625640
0.107120	0.649810
0.107200	0.637720
0.107280	0.649810
0.107360	0.673970
0.107440	0.698130
0.107520	0.698130
0.107600	0.734370
0.107680	0.746450
0.107760	0.770620
0.107840	0.806860
0.107920	0.794780
0.108000	0.818940
0.108080	0.831020
0.108160	0.831020
0.108240	0.831020
0.108320	0.855180
0.108400	0.855180
0.108480	0.903510
0.108560	0.939750
0.108640	0.963910
0.108720	0.975990
0.108800	1.000200
0.108880	1.000200
0.108960	1.060600
0.109040	1.072600
0.109120	1.096800
0.109200	1.108900
0.109280	1.157200
0.109360	1.145100
0.109440	1.145100
0.109520	1.169300
0.109600	1.181400
0.109680	1.217600
0.109760	1.229700
0.109840	1.241800
0.109920	1.253900
0.110000	1.278000
0.110080	1.302200
0.110160	1.326300
0.110240	1.314300
0.110320	1.338400
0.110400	1.338400
0.110480	1.350500
0.110560	1.350500
0.110640	1.350500
0.110720	1.374700
0.110800	1.374700
0.110880	1.386700
0.110960	1.362600
0.111040	1.410900
0.111120	1.398800
0.111200	1.386700
0.111280	1.386700
0.111360	1.374700
0.111440	1.386700
0.111520	1.386700
0.111600	1.386700
0.111680	1.386700
0.111760	1.386700
0.111840	1.374700
0.111920	1.398800
0.112000	1.386700
0.112080	1.374700
0.112160	1.386700
0.112240	1.386700
0.112320	1.386700
0.112400	1.398800
0.112480	1.386700
0.112560	1.410900
0.112640	1.398800
0.112720	1.398800
0.112800	1.398800
0.112880	1.398800
0.112960	1.398800
0.113040	1.398800
0.113120	1.410900
0.113200	1.435100
0.113280	1.410900
0.113360	1.435100
0.113440	1.447100
0.113520	1.423000
0.113600	1.435100
0.113680	1.435100
0.113760	1.447100
0.113840	1.447100
0.113920	1.435100
0.114000	1.459200
0.114080	1.471300
0.114160	1.459200
0.114240	1.435100
0.114320	1.459200
0.114400	1.471300
0.114480	1.471300
0.114560	1.447100
0.114640	1.459200
0.114720	1.483400
0.114800	1.507600
0.114880	1.495500
0.114960	1.495500
0.115040	1.495500
0.115120	1.483400
0.115200	1.495500
0.115280	1.483400
0.115360	1.471300
0.115440	1.459200
0.115520	1.471300
0.115600	1.471300
0.115680	1.471300
0.115760	1.435100
0.115840	1.423000
0.115920	1.423000
0.116000	1.423000
0.116080	1.423000
0.116160	1.386700
0.116240	1.350500
0.116320	1.362600
0.116400	1.326300
0.116480	1.290100
0.116560	1.290100
0.116640	1.278000
0.116720	1.265900
0.116800	1.241800
0.116880	1.205500
0.116960	1.181400
0.117040	1.157200
0.117120	1.157200
0.117200	1.157200
0.117280	1.145100
0.117360	1.133000
0.117440	1.121000
0.117520	1.108900
0.117600	1.096800
0.117680	1.084700
0.117760	1.072600
0.117840	1.048500
0.117920	1.024300
0.118000	1.012200
0.118080	1.012200
0.118160	0.988070
0.118240	0.988070
0.118320	0.988070
0.118400	0.939750
0.118480	0.939750
0.118560	0.951830
0.118640	0.927670
0.118720	0.915590
0.118800	0.879340
0.118880	0.843100
0.118960	0.843100
0.119040	0.818940
0.119120	0.782700
0.119200	0.794780
0.119280	0.782700
0.119360	0.734370
0.119440	0.710210
0.119520	0.673970
0.119600	0.673970
0.119680	0.649810
0.119760	0.613560
0.119840	0.625640
0.119920	0.601480
0.120000	0.601480
0.120080	0.565240
0.120160	0.565240
0.120240	0.553160
0.120320	0.541080
0.120400	0.529000
0.120480	0.504830
0.120560	0.516920
0.120640	0.480670
0.120720	0.468590
0.120800	0.504830
0.120880	0.492750
0.120960	0.480670
0.121040	0.468590
0.121120	0.432350
0.121200	0.420270
0.121280	0.396100
0.121360	0.384020
0.121440	0.408190
0.121520	0.396100
0.121600	0.384020
0.121680	0.359860
0.121760	0.359860
0.121840	0.347780
0.121920	0.347780
0.122000	0.323620
0.122080	0.299460
0.122160	0.263210
0.122240	0.263210
0.122320	0.239050
0.122400	0.251130
0.122480	0.239050
0.122560	0.251130
0.122640	0.251130
0.122720	0.226970
0.122800	0.214890
0.122880	0.202810
0.122960	0.202810
0.123040	0.190730
0.123120	0.166570
0.123200	0.166570
0.123280	0.142400
0.123360	0.154490
0.123440	0.154490
0.123520	0.142400
0.123600	0.130320
0.123680	0.130320
0.123760	0.130320
0.123840	0.118240
0.123920	0.118240
0.124000	0.094080
0.124080	0.118240
0.124160	0.118240
0.124240	0.106160
0.124320	0.081999
0.124400	0.081999
0.124480	0.081999
0.124560	0.069918
0.124640	0.069918
0.124720	0.069918
0.124800	0.057837
0.124880	0.045756
0.124960	0.021594
0.125040	-0.002568
0.125120	-0.014649
0.125200	-0.002568
0.125280	-0.026730
0.125360	-0.026730
0.125440	-0.026730
0.125520	-0.038811
0.125600	-0.038811
0.125680	-0.014649
0.125760	-0.014649
0.125840	-0.014649
0.125920	0.009513
0.126000	0.021594
0.126080	0.009513
0.126160	0.045756
0.126240	0.045756
0.126320	-0.002568
0.126400	0.033675
0.126480	0.033675
0.126560	0.009513
0.126640	0.033675
0.126720	0.081999
0.126800	0.045756
0.126880	0.021594
0.126960	0.033675
0.127040	-0.014649
0.127120	-0.002568
0.127200	0.021594
0.127280	0.021594
0.127360	0.021594
0.127440	0.021594
0.127520	0.009513
0.127600	0.021594
0.127680	0.021594
0.127760	0.009513
0.127840	-0.002568
0.127920	0.021594
0.128000	0.009513
0.128080	-0.002568
0.128160	0.021594
0.128240	0.009513
0.128320	0.033675
0.128400	0.009513
0.128480	-0.002568
0.128560	0.033675
0.128640	0.045756
0.128720	0.045756
0.128800	0.069918
0.128880	0.057837
0.128960	0.057837
0.129040	0.057837
0.129120	0.069918
0.129200	0.081999
0.129280	0.069918
0.129360	0.081999
0.129440	0.081999
0.129520	0.094080
0.129600	0.094080
0.129680	0.118240
0.129760	0.081999
0.129840	0.106160
0.129920	0.118240
0.130000	0.142400
0.130080	0.142400
0.130160	0.166570
0.130240	0.178650
0.130320	0.202810
0.130400	0.251130
0.130480	0.335700
0.130560	0.420270
0.130640	0.492750
0.130720	0.565240
0.130800	0.589400
0.130880	0.601480
0.130960	0.613560
0.131040	0.613560
0.131120	0.613560
0.131200	0.637720
0.131280	0.637720
0.131360	0.661890
0.131440	0.637720
0.131520	0.649810
0.131600	0.565240
0.131680	0.541080
0.131760	0.492750
0.131840	0.444430
0.131920	0.371940
0.132000	0.359860
0.132080	0.359860
0.132160	0.359860
0.132240	0.384020
0.132320	0.420270
0.132400	0.444430
0.132480	0.456510
0.132560	0.492750
0.132640	0.516920
0.132720	0.565240
0.132800	0.577320
0.132880	0.577320
0.132960	0.577320
0.133040	0.601480
0.133120	0.601480
0.133200	0.661890
0.133280	0.661890
0.133360	0.698130
0.133440	0.734370
0.133520	0.758540
0.133600	0.794780
0.133680	0.831020
0.133760	0.891430
0.133840	0.867260
0.133920	0.855180
0.134000	0.867260
0.134080	0.867260
0.134160	0.879340
0.134240	0.891430
0.134320	0.879340
0.134400	0.879340
0.134480	0.867260
0.134560	0.855180
0.134640	0.831020
0.134720	0.818940
0.134800	0.794780
0.134880	0.794780
0.134960	0.782700
0.135040	0.770620
0.135120	0.770620
0.135200	0.770620
0.135280	0.794780
0.135360	0.782700
0.135440	0.806860
0.135520	0.806860
0.135600	0.794780
0.135680	0.782700
0.135760	0.794780
0.135840	0.770620
0.135920	0.818940
0.136000	0.831020
0.136080	0.818940
0.136160	0.818940
0.136240	0.843100
0.136320	0.806860
0.136400	0.843100
0.136480	0.867260
0.136560	0.867260
0.136640	0.879340
0.136720	0.855180
0.136800	0.855180
0.136880	0.855180
0.136960	0.879340
0.137040	0.867260
0.137120	0.879340
0.137200	0.855180
0.137280	0.855180
0.137360	0.867260
0.137440	0.879340
0.137520	0.891430
0.137600	0.903510
0.137680	0.903510
0.137760	0.903510
0.137840	0.927670
0.137920	0.915590
0.138000	0.951830
0.138080	0.939750
0.138160	0.963910
0.138240	0.951830
0.138320	0.951830
0.138400	0.963910
0.138480	0.988070
0.138560	0.975990
0.138640	0.988070
0.138720	0.975990
0.138800	0.975990
0.138880	0.988070
0.138960	0.988070
0.139040	0.975990
0.139120	0.963910
0.139200	0.988070
0.139280	1.000200
0.139360	0.988070
0.139440	0.988070
0.139520	0.975990
0.139600	0.988070
0.139680	0.988070
0.139760	0.975990
0.139840	0.988070
0.139920	1.000200
0.140000	1.000200
0.140080	1.024300
0.140160	1.012200
0.140240	1.024300
0.140320	1.012200
0.140400	1.024300
0.140480	1.000200
0.140560	1.048500
0.140640	1.036400
0.140720	1.036400
0.140800	1.012200
0.140880	1.060600
0.140960	1.072600
0.141040	1.072600
0.141120	1.060600
0.141200	1.060600
0.141280	1.048500
0.141360	1.048500
0.141440	1.048500
0.141520	1.048500
0.141600	1.060600
0.141680	1.048500
0.141760	1.048500
0.141840	1.036400
0.141920	1.048500
0.142000	1.036400
0.142080	1.024300
0.142160	0.988070
0.142240	1.000200
0.142320	1.000200
0.142400	1.012200
0.142480	1.012200
0.142560	1.000200
0.142640	1.000200
0.142720	1.000200
0.142800	0.975990
0.142880	0.975990
0.142960	0.988070
0.143040	1.012200
0.143120	1.024300
0.143200	1.012200
0.143280	1.000200
0.143360	1.000200
0.143440	1.000200
0.143520	1.000200
0.143600	1.012200
0.143680	0.988070
0.143760	1.000200
0.143840	1.012200
0.143920	1.000200
0.144000	0.975990
0.144080	0.988070
0.144160	0.951830
0.144240	0.939750
0.144320	0.939750
0.144400	0.939750
0.144480	0.975990
0.144560	0.963910
0.144640	0.951830
0.144720	0.951830
0.144800	0.951830
0.144880	0.927670
0.144960	0.927670
0.145040	0.927670
0.145120	0.903510
0.145200	0.879340
0.145280	0.843100
0.145360	0.831020
0.145440	0.818940
0.145520	0.818940
0.145600	0.843100
0.145680	0.855180
0.145760	0.879340
0.145840	0.891430
0.145920	0.879340
0.146000	0.855180
0.146080	0.855180
0.146160	0.831020
0.146240	0.831020
0.146320	0.855180
0.146400	0.867260
0.146480	0.855180
0.146560	0.843100
0.146640	0.831020
0.146720	0.806860
0.146800	0.794780
0.146880	0.806860
0.146960	0.831020
0.147040	0.818940
0.147120	0.806860
0.147200	0.782700
0.147280	0.794780
0.147360	0.758540
0.147440	0.782700
0.147520	0.782700
0.147600	0.770620
0.147680	0.746450
0.147760	0.734370
0.147840	0.734370
0.147920	0.722290
0.148000	0.734370
0.148080	0.710210
0.148160	0.710210
0.148240	0.710210
0.148320	0.710210
0.148400	0.686050
0.148480	0.698130
0.148560	0.698130
0.148640	0.649810
0.148720	0.649810
0.148800	0.686050
0.148880	0.673970
0.148960	0.686050
0.149040	0.661890
0.149120	0.661890
0.149200	0.661890
0.149280	0.661890
0.149360	0.649810
0.149440	0.637720
0.149520	0.649810
0.149600	0.649810
0.149680	0.637720
0.149760	0.625640
0.149840	0.637720
0.149920	0.613560
0.150000	0.589400
0.150080	0.565240
0.150160	0.577320
0.150240	0.553160
0.150320	0.553160
0.150400	0.565240
0.150480	0.577320
0.150560	0.601480
0.150640	0.565240
0.150720	0.553160
0.150800	0.553160
0.150880	0.529000
0.150960	0.553160
0.151040	0.529000
0.151120	0.529000
0.151200	0.516920
0.151280	0.492750
0.151360	0.516920
0.151440	0.541080
0.151520	0.553160
0.151600	0.577320
0.151680	0.613560
0.151760	0.661890
0.151840	0.698130
0.151920	0.746450
0.152000	0.746450
0.152080	0.770620
0.152160	0.758540
0.152240	0.758540
0.152320	0.770620
0.152400	0.722290
0.152480	0.673970
0.152560	0.625640
0.152640	0.601480
0.152720	0.565240
0.152800	0.516920
0.152880	0.492750
0.152960	0.492750
0.153040	0.468590
0.153120	0.420270
0.153200	0.420270
0.153280	0.420270
0.153360	0.408190
0.153440	0.384020
0.153520	0.347780
0.153600	0.359860
0.153680	0.371940
0.153760	0.371940
0.153840	0.347780
0.153920	0.335700
0.154000	0.299460
0.154080	0.287380
0.154160	0.287380
0.154240	0.263210
0.154320	0.263210
0.154400	0.251130
0.154480	0.239050
0.154560	0.214890
0.154640	0.202810
0.154720	0.214890
0.154800	0.178650
0.154880	0.166570
0.154960	0.178650
0.155040	0.166570
0.155120	0.142400
0.155200	0.142400
0.155280	0.142400
0.155360	0.130320
0.155440	0.118240
0.155520	0.106160
0.155600	0.094080
0.155680	0.106160
0.155760	0.081999
0.155840	0.081999
0.155920	0.057837
0.156000	0.069918
0.156080	0.045756
0.156160	0.045756
0.156240	0.009513
0.156320	-0.002568
0.156400	0.021594
0.156480	-0.002568
0.156560	-0.014649
0.156640	-0.002568
0.156720	-0.038811
0.156800	-0.038811
0.156880	-0.050892
0.156960	-0.087135
0.157040	-0.050892
0.157120	-0.075054
0.157200	-0.062973
0.157280	-0.135460
0.157360	-0.099216
0.157440	-0.123380
0.157520	-0.099216
0.157600	-0.099216
0.157680	-0.075054
0.157760	-0.099216
0.157840	-0.099216
0.157920	-0.111300
0.158000	-0.087135
0.158080	-0.123380
0.158160	-0.111300
0.158240	-0.135460
0.158320	-0.111300
0.158400	-0.111300
0.158480	-0.111300
0.158560	-0.111300
0.158640	-0.111300
0.158720	-0.123380
0.158800	-0.123380
0.158880	-0.099216
0.158960	-0.099216
0.159040	-0.087135
0.159120	-0.099216
0.159200	-0.087135
0.159280	-0.087135
0.159360	-0.099216
0.159440	-0.087135
0.159520	-0.087135
0.159600	-0.087135
0.159680	-0.050892
0.159760	-0.075054
0.159840	-0.050892
0.159920	-0.062973
0.160000	-0.026730
0.160080	-0.038811
0.160160	-0.026730
0.160240	-0.026730
0.160320	-0.050892
0.160400	-0.038811
0.160480	-0.038811
0.160560	-0.026730
0.160640	-0.014649
0.160720	-0.026730
0.160800	-0.014649
0.160880	-0.026730
0.160960	-0.002568
0.161040	-0.026730
0.161120	-0.014649
0.161200	-0.014649
0.161280	-0.038811
0.161360	-0.002568
0.161440	0.009513
0.161520	-0.002568
0.161600	-0.002568
0.161680	-0.014649
0.161760	0.009513
0.161840	0.021594
0.161920	0.033675
0.162000	0.033675
0.162080	0.021594
0.162160	0.033675
0.162240	0.033675
0.162320	0.033675
0.162400	-0.002568
0.162480	0.009513
0.162560	0.033675
0.162640	0.021594
0.162720	0.045756
0.162800	0.045756
0.162880	0.045756
0.162960	0.057837
0.163040	0.057837
0.163120	0.033675
0.163200	0.045756
0.163280	0.033675
0.163360	0.033675
0.163440	0.033675
0.163520	0.033675
0.163600	0.033675
0.163680	0.009513
0.163760	-0.002568
0.163840	-0.002568
0.163920	0.009513
0.164000	-0.002568
0.164080	0.009513
0.164160	-0.002568
0.164240	-0.014649
0.164320	-0.002568
0.164400	-0.026730
0.164480	-0.002568
0.164560	-0.014649
0.164640	-0.014649
0.164720	-0.014649
0.164800	-0.014649
0.164880	-0.014649
0.164960	-0.026730
0.165040	-0.038811
0.165120	-0.038811
0.165200	-0.026730
0.165280	-0.026730
0.165360	-0.026730
0.165440	-0.038811
0.165520	-0.038811
0.165600	-0.038811
0.165680	-0.062973
0.165760	-0.062973
0.165840	-0.075054
0.165920	-0.062973
0.166000	-0.075054
0.166080	-0.062973
0.166160	-0.075054
0.166240	-0.062973
0.166320	-0.062973
0.166400	-0.099216
0.166480	-0.075054
0.166560	-0.075054
0.166640	-0.087135
0.166720	-0.087135
0.166800	-0.087135
0.166880	-0.111300
0.166960	-0.111300
0.167040	-0.099216
0.167120	-0.111300
0.167200	-0.147540
0.167280	-0.147540
0.167360	-0.135460
0.167440	-0.123380
0.167520	-0.123380
0.167600	-0.123380
0.167680	-0.135460
0.167760	-0.123380
0.167840	-0.135460
0.167920	-0.135460
0.168000	-0.135460
0.168080	-0.123380
0.168160	-0.147540
0.168240	-0.123380
0.168320	-0.135460
0.168400	-0.123380
0.168480	-0.147540
0.168560	-0.135460
0.168640	-0.147540
0.168720	-0.123380
0.168800	-0.111300
0.168880	-0.123380
0.168960	-0.087135
0.169040	-0.111300
0.169120	-0.111300
0.169200	-0.123380
0.169280	-0.135460
0.169360	-0.135460
0.169440	-0.135460
0.169520	-0.087135
0.169600	-0.111300
0.169680	-0.111300
0.169760	-0.111300
0.169840	-0.111300
0.169920	-0.111300
0.170000	-0.135460
0.170080	-0.111300
0.170160	-0.135460
0.170240	-0.099216
0.170320	-0.099216
0.170400	-0.111300
0.170480	-0.111300
0.170560	-0.099216
0.170640	-0.087135
0.170720	-0.099216
0.170800	-0.087135
0.170880	-0.087135
0.170960	-0.062973
0.171040	-0.087135
0.171120	-0.087135
0.171200	-0.087135
0.171280	-0.062973
0.171360	-0.075054
0.171440	-0.062973
0.171520	-0.062973
0.171600	-0.050892
0.171680	-0.026730
0.171760	-0.062973
0.171840	-0.062973
0.171920	-0.075054
0.172000	-0.062973
0.172080	-0.062973
0.172160	-0.062973
0.172240	-0.050892
0.172320	-0.038811
0.172400	-0.014649
0.172480	-0.026730
0.172560	-0.038811
0.172640	-0.038811
0.172720	-0.026730
0.172800	-0.050892
0.172880	-0.038811
0.172960	-0.026730
0.173040	-0.026730
0.173120	-0.026730
0.173200	-0.014649
0.173280	-0.038811
0.173360	-0.038811
0.173440	-0.026730
0.173520	-0.038811
0.173600	-0.026730
0.173680	-0.002568
0.173760	-0.014649
0.173840	-0.062973
0.173920	-0.002568
0.174000	-0.026730
0.174080	-0.026730
0.174160	-0.050892
0.174240	-0.026730
0.174320	0.009513
0.174400	-0.014649
0.174480	-0.038811
0.174560	-0.014649
0.174640	-0.014649
0.174720	-0.014649
0.174800	-0.038811
0.174880	-0.014649
0.174960	-0.026730
0.175040	-0.038811
0.175120	-0.014649
0.175200	-0.014649
0.175280	-0.026730
0.175360	-0.026730
0.175440	-0.026730
0.175520	-0.014649
0.175600	-0.014649
0.175680	-0.014649
0.175760	-0.038811
0.175840	-0.014649
0.175920	-0.002568
0.176000	-0.026730
0.176080	-0.026730
0.176160	-0.014649
0.176240	-0.026730
0.176320	-0.014649
0.176400	-0.014649
0.176480	-0.014649
0.176560	-0.014649
0.176640	-0.014649
0.176720	-0.014649
0.176800	-0.014649
0.176880	-0.014649
0.176960	-0.014649
0.177040	-0.002568
0.177120	-0.002568
0.177200	0.009513
0.177280	0.009513
0.177360	-0.002568
0.177440	-0.002568
0.177520	0.009513
0.177600	-0.002568
0.177680	0.021594
0.177760	0.021594
0.177840	0.033675
0.177920	0.033675
0.178000	0.033675
0.178080	-0.002568
0.178160	0.009513
0.178240	0.021594
0.178320	0.045756
0.178400	0.057837
0.178480	0.045756
0.178560	0.021594
0.178640	0.045756
0.178720	0.009513
0.178800	0.033675
0.178880	0.045756
0.178960	0.045756
0.179040	0.045756
0.179120	0.021594
0.179200	0.033675
0.179280	0.045756
0.179360	0.045756
0.179440	0.057837
0.179520	0.045756
0.179600	0.033675
0.179680	0.045756
0.179760	0.045756
0.179840	0.033675
0.179920	0.033675
0.180000	0.033675
0.180080	0.033675
0.180160	0.045756
0.180240	0.057837
0.180320	0.094080
0.180400	0.069918
0.180480	0.069918
0.180560	0.069918
0.180640	0.069918
0.180720	0.057837
0.180800	0.045756
0.180880	0.057837
0.180960	0.081999
0.181040	0.069918
0.181120	0.081999
0.181200	0.094080
0.181280	0.069918
0.181360	0.094080
0.181440	0.094080
0.181520	0.069918
0.181600	0.081999
0.181680	0.081999
0.181760	0.069918
0.181840	0.069918
0.181920	0.081999
0.182000	0.094080
0.182080	0.081999
0.182160	0.069918
0.182240	0.094080
0.182320	0.081999
0.182400	0.057837
0.182480	0.081999
0.182560	0.069918
0.182640	0.081999
0.182720	0.081999
0.182800	0.106160
0.182880	0.130320
0.182960	0.118240
0.183040	0.118240
0.183120	0.130320
0.183200	0.094080
0.183280	0.094080
0.183360	0.106160
0.183440	0.094080
0.183520	0.106160
0.183600	0.118240
0.183680	0.106160
0.183760	0.106160
0.183840	0.118240
0.183920	0.118240
0.184000	0.106160
0.184080	0.130320
0.184160	0.130320
0.184240	0.154490
0.184320	0.154490
0.184400	0.130320
0.184480	0.094080
0.184560	0.106160
0.184640	0.118240
0.184720	0.118240
0.184800	0.130320
0.184880	0.130320
0.184960	0.142400
0.185040	0.118240
0.185120	0.130320
0.185200	0.069918
0.185280	0.106160
0.185360	0.094080
0.185440	0.118240
0.185520	0.106160
0.185600	0.094080
0.185680	0.118240
0.185760	0.118240
0.185840	0.106160
0.185920	0.130320
0.186000	0.106160
0.186080	0.130320
0.186160	0.118240
0.186240	0.106160
0.186320	0.130320
0.186400	0.142400
0.186480	0.142400
0.186560	0.142400
0.186640	0.130320
0.186720	0.130320
0.186800	0.118240
0.186880	0.118240
0.186960	0.130320
0.187040	0.130320
0.187120	0.094080
0.187200	0.106160
0.187280	0.118240
0.187360	0.130320
0.187440	0.130320
0.187520	0.142400
0.187600	0.154490
0.187680	0.130320
0.187760	0.142400
0.187840	0.142400
0.187920	0.118240
0.188000	0.118240
0.188080	0.130320
0.188160	0.154490
0.188240	0.142400
0.188320	0.118240
0.188400	0.142400
0.188480	0.130320
0.188560	0.130320
0.188640	0.154490
0.188720	0.130320
0.188800	0.106160
0.188880	0.106160
0.188960	0.142400
0.189040	0.154490
0.189120	0.142400
0.189200	0.130320
0.189280	0.154490
0.189360	0.154490
0.189440	0.154490
0.189520	0.130320
0.189600	0.130320
0.189680	0.130320
0.189760	0.130320
0.189840	0.130320
0.189920	0.118240
0.190000	0.106160
0.190080	0.118240
0.190160	0.130320
0.190240	0.118240
0.190320	0.130320
0.190400	0.118240
0.190480	0.094080
0.190560	0.094080
0.190640	0.106160
0.190720	0.118240
0.190800	0.130320
0.190880	0.118240
0.190960	0.118240
0.191040	0.106160
0.191120	0.106160
0.191200	0.118240
0.191280	0.106160
0.191360	0.094080
0.191440	0.130320
0.191520	0.118240
0.191600	0.106160
0.191680	0.106160
0.191760	0.094080
0.191840	0.118240
0.191920	0.130320
0.192000	0.130320
0.192080	0.118240
0.192160	0.106160
0.192240	0.106160
0.192320	0.081999
0.192400	0.094080
0.192480	0.081999
0.192560	0.094080
0.192640	0.069918
0.192720	0.081999
0.192800	0.081999
0.192880	0.057837
0.192960	0.081999
0.193040	0.106160
0.193120	0.081999
0.193200	0.081999
0.193280	0.081999
0.193360	0.069918
0.193440	0.069918
0.193520	0.081999
0.193600	0.057837
0.193680	0.045756
0.193760	0.033675
0.193840	0.045756
0.193920	0.069918
0.194000	0.045756
0.194080	0.045756
0.194160	0.069918
0.194240	0.057837
0.194320	0.033675
0.194400	0.033675
0.194480	0.033675
0.194560	0.033675
0.194640	0.033675
0.194720	0.021594
0.194800	0.045756
0.194880	0.009513
0.194960	0.009513
0.195040	-0.014649
0.195120	0.009513
0.195200	0.009513
0.195280	0.009513
0.195360	-0.014649
0.195440	-0.026730
0.195520	-0.002568
0.195600	-0.014649
0.195680	-0.002568
0.195760	-0.002568
0.195840	-0.014649
0.195920	-0.014649
0.196000	-0.026730
0.196080	-0.026730
0.196160	-0.026730
0.196240	-0.038811
0.196320	-0.038811
0.196400	-0.062973
0.196480	-0.038811
0.196560	-0.050892
0.196640	-0.050892
0.196720	-0.038811
0.196800	-0.062973
0.196880	-0.075054
0.196960	-0.062973
0.197040	-0.087135
0.197120	-0.075054
0.197200	-0.087135
0.197280	-0.075054
0.197360	-0.087135
0.197440	-0.075054
0.197520	-0.087135
0.197600	-0.099216
0.197680	-0.099216
0.197760	-0.111300
0.197840	-0.111300
0.197920	-0.135460
0.198000	-0.135460
0.198080	-0.135460
0.198160	-0.135460
0.198240	-0.159620
0.198320	-0.159620
0.198400	-0.183780
0.198480	-0.171700
0.198560	-0.183780
0.198640	-0.207950
0.198720	-0.220030
0.198800	-0.220030
0.198880	-0.256270
0.198960	-0.256270
0.199040	-0.256270
0.199120	-0.232110
0.199200	-0.220030
0.199280	-0.232110
0.199360	-0.232110
0.199440	-0.220030
0.199520	-0.244190
0.199600	-0.232110
0.199680	-0.256270
0.199760	-0.256270
0.199840	-0.256270
0.199920	-0.280430
0.200000	-0.280430
0.200080	-0.268350
0.200160	-0.280430
0.200240	-0.292510
0.200320	-0.268350
0.200400	-0.268350
0.200480	-0.280430
0.200560	-0.268350
0.200640	-0.280430
0.200720	-0.268350
0.200800	-0.268350
0.200880	-0.280430
0.200960	-0.268350
0.201040	-0.268350
0.201120	-0.292510
0.201200	-0.292510
0.201280	-0.280430
0.201360	-0.304590
0.201440	-0.304590
0.201520	-0.316670
0.201600	-0.280430
0.201680	-0.280430
0.201760	-0.292510
0.201840	-0.280430
0.201920	-0.316670
0.202000	-0.280430
0.202080	-0.280430
0.202160	-0.280430
0.202240	-0.304590
0.202320	-0.292510
0.202400	-0.304590
0.202480	-0.316670
0.202560	-0.316670
0.202640	-0.304590
0.202720	-0.304590
0.202800	-0.316670
0.202880	-0.316670
0.202960	-0.304590
0.203040	-0.292510
0.203120	-0.280430
0.203200	-0.292510
0.203280	-0.292510
0.203360	-0.292510
0.203440	-0.280430
0.203520	-0.292510
0.203600	-0.280430
0.203680	-0.292510
0.203760	-0.268350
0.203840	-0.256270
0.203920	-0.244190
0.204000	-0.220030
0.204080	-0.232110
0.204160	-0.207950
0.204240	-0.207950
0.204320	-0.207950
0.204400	-0.195860
0.204480	-0.195860
0.204560	-0.159620
0.204640	-0.159620
0.204720	-0.159620
0.204800	-0.159620
0.204880	-0.147540
0.204960	-0.147540
0.205040	-0.123380
0.205120	-0.099216
0.205200	-0.099216
0.205280	-0.111300
0.205360	-0.099216
0.205440	-0.099216
0.205520	-0.087135
0.205600	-0.075054
0.205680	-0.062973
0.205760	-0.062973
0.205840	-0.062973
0.205920	-0.050892
0.206000	-0.050892
0.206080	-0.026730
0.206160	-0.026730
0.206240	-0.014649
0.206320	-0.038811
0.206400	-0.014649
0.206480	-0.038811
0.206560	-0.062973
0.206640	-0.075054
0.206720	-0.075054
0.206800	-0.050892
0.206880	-0.038811
0.206960	-0.026730
0.207040	-0.050892
0.207120	-0.062973
0.207200	-0.026730
0.207280	-0.026730
0.207360	-0.038811
0.207440	-0.014649
0.207520	-0.026730
0.207600	-0.014649
0.207680	-0.014649
0.207760	-0.002568
0.207840	0.021594
0.207920	0.021594
0.208000	0.033675
0.208080	0.045756
0.208160	0.033675
0.208240	0.021594
0.208320	0.106160
0.208400	0.069918
0.208480	0.081999
0.208560	0.021594
0.208640	0.057837
0.208720	0.045756
0.208800	0.081999
0.208880	0.106160
0.208960	0.106160
0.209040	0.094080
0.209120	0.106160
0.209200	0.094080
0.209280	0.106160
0.209360	0.118240
0.209440	0.106160
0.209520	0.106160
0.209600	0.130320
0.209680	0.130320
0.209760	0.130320
0.209840	0.154490
0.209920	0.142400
0.210000	0.166570
0.210080	0.154490
0.210160	0.178650
0.210240	0.154490
0.210320	0.178650
0.210400	0.166570
0.210480	0.154490
0.210560	0.166570
0.210640	0.166570
0.210720	0.166570
0.210800	0.178650
0.210880	0.154490
0.210960	0.142400
0.211040	0.142400
0.211120	0.130320
0.211200	0.154490
0.211280	0.154490
0.211360	0.154490
0.211440	0.142400
0.211520	0.142400
0.211600	0.166570
0.211680	0.190730
0.211760	0.178650
0.211840	0.190730
0.211920	0.202810
0.212000	0.214890
0.212080	0.202810
0.212160	0.202810
0.212240	0.202810
0.212320	0.214890
0.212400	0.226970
0.212480	0.226970
0.212560	0.263210
0.212640	0.226970
0.212720	0.263210
0.212800	0.251130
0.212880	0.263210
0.212960	0.275290
0.213040	0.299460
0.213120	0.287380
0.213200	0.287380
0.213280	0.311540
0.213360	0.287380
0.213440	0.275290
0.213520	0.299460
0.213600	0.323620
0.213680	0.323620
0.213760	0.323620
0.213840	0.347780
0.213920	0.359860
0.214000	0.371940
0.214080	0.371940
0.214160	0.384020
0.214240	0.371940
0.214320	0.396100
0.214400	0.432350
0.214480	0.408190
0.214560	0.408190
0.214640	0.420270
0.214720	0.420270
0.214800	0.420270
0.214880	0.456510
0.214960	0.456510
0.215040	0.480670
0.215120	0.480670
0.215200	0.504830
0.215280	0.492750
0.215360	0.516920
0.215440	0.516920
0.215520	0.529000
0.215600	0.516920
0.215680	0.529000
0.215760	0.541080
0.215840	0.529000
0.215920	0.553160
0.216000	0.541080
0.216080	0.577320
0.216160	0.577320
0.216240	0.553160
0.216320	0.577320
0.216400	0.577320
0.216480	0.577320
0.216560	0.577320
0.216640	0.577320
0.216720	0.601480
0.216800	0.601480
0.216880	0.565240
0.216960	0.577320
0.217040	0.565240
0.217120	0.577320
0.217200	0.577320
0.217280	0.601480
0.217360	0.613560
0.217440	0.589400
0.217520	0.601480
0.217600	0.565240
0.217680	0.541080
0.217760	0.529000
0.217840	0.541080
0.217920	0.553160
0.218000	0.529000
0.218080	0.541080
0.218160	0.504830
0.218240	0.504830
0.218320	0.516920
0.218400	0.492750
0.218480	0.504830
0.218560	0.492750
0.218640	0.492750
0.218720	0.468590
0.218800	0.468590
0.218880	0.456510
0.218960	0.456510
0.219040	0.432350
0.219120	0.444430
0.219200	0.420270
0.219280	0.408190
0.219360	0.371940
0.219440	0.371940
0.219520	0.396100
0.219600	0.384020
0.219680	0.396100
0.219760	0.371940
0.219840	0.359860
0.219920	0.347780
0.220000	0.371940
0.220080	0.359860
0.220160	0.359860
0.220240	0.347780
0.220320	0.347780
0.220400	0.323620
0.220480	0.311540
0.220560	0.311540
0.220640	0.299460
0.220720	0.287380
0.220800	0.287380
0.220880	0.299460
0.220960	0.275290
0.221040	0.263210
0.221120	0.239050
0.221200	0.226970
0.221280	0.226970
0.221360	0.202810
0.221440	0.202810
0.221520	0.154490
0.221600	0.142400
0.221680	0.130320
0.221760	0.154490
0.221840	0.166570
0.221920	0.154490
0.222000	0.130320
0.222080	0.130320
0.222160	0.142400
0.222240	0.094080
0.222320	0.094080
0.222400	0.094080
0.222480	0.057837
0.222560	0.045756
0.222640	0.045756
0.222720	0.069918
0.222800	0.057837
0.222880	0.057837
0.222960	0.021594
0.223040	0.021594
0.223120	-0.002568
0.223200	0.009513
0.223280	-0.002568
0.223360	-0.002568
0.223440	-0.026730
0.223520	-0.026730
0.223600	-0.038811
0.223680	-0.038811
0.223760	-0.062973
0.223840	-0.002568
0.223920	-0.038811
0.224000	-0.075054
0.224080	-0.062973
0.224160	-0.062973
0.224240	-0.062973
0.224320	-0.062973
0.224400	-0.062973
0.224480	-0.038811
0.224560	-0.038811
0.224640	-0.050892
0.224720	-0.038811
0.224800	-0.038811
0.224880	-0.026730
0.224960	-0.014649
0.225040	-0.002568
0.225120	-0.002568
0.225200	0.021594
0.225280	0.033675
0.225360	0.033675
0.225440	0.021594
0.225520	0.057837
0.225600	0.094080
0.225680	0.081999
0.225760	0.106160
0.225840	0.106160
0.225920	0.142400
0.226000	0.154490
0.226080	0.166570
0.226160	0.202810
0.226240	0.178650
0.226320	0.178650
0.226400	0.226970
0.226480	0.251130
0.226560	0.287380
0.226640	0.299460
0.226720	0.323620
0.226800	0.359860
0.226880	0.347780
0.226960	0.371940
0.227040	0.384020
0.227120	0.408190
0.227200	0.444430
0.227280	0.456510
0.227360	0.480670
0.227440	0.504830
0.227520	0.504830
0.227600	0.516920
0.227680	0.553160
0.227760	0.565240
0.227840	0.601480
0.227920	0.589400
0.228000	0.613560
0.228080	0.661890
0.228160	0.686050
0.228240	0.686050
0.228320	0.734370
0.228400	0.734370
0.228480	0.770620
0.228560	0.782700
0.228640	0.794780
0.228720	0.794780
0.228800	0.831020
0.228880	0.867260
0.228960	0.891430
0.229040	0.939750
0.229120	0.939750
0.229200	0.963910
0.229280	0.975990
0.229360	1.000200
0.229440	1.024300
0.229520	1.084700
0.229600	1.096800
0.229680	1.096800
0.229760	1.145100
0.229840	1.133000
0.229920	1.145100
0.230000	1.145100
0.230080	1.157200
0.230160	1.193400
0.230240	1.205500
0.230320	1.229700
0.230400	1.290100
0.230480	1.302200
0.230560	1.326300
0.230640	1.350500
0.230720	1.362600
0.230800	1.386700
0.230880	1.410900
0.230960	1.459200
0.231040	1.471300
0.231120	1.495500
0.231200	1.507600
0.231280	1.507600
0.231360	1.555900
0.231440	1.580000
0.231520	1.628400
0.231600	1.652500
0.231680	1.676700
0.231760	1.676700
0.231840	1.700900
0.231920	1.700900
0.232000	1.712900
0.232080	1.700900
0.232160	1.725000
0.232240	1.737100
0.232320	1.773300
0.232400	1.821700
0.232480	1.833700
0.232560	1.833700
0.232640	1.857900
0.232720	1.845800
0.232800	1.845800
0.232880	1.906200
0.232960	1.906200
0.233040	1.906200
0.233120	1.930400
0.233200	1.930400
0.233280	1.942500
0.233360	1.966600
0.233440	1.990800
0.233520	2.027000
0.233600	2.039100
0.233680	2.039100
0.233760	2.051200
0.233840	2.051200
0.233920	2.051200
0.234000	2.063300
0.234080	2.075400
0.234160	2.075400
0.234240	2.075400
0.234320	2.111600
0.234400	2.111600
0.234480	2.159900
0.234560	2.135800
0.234640	2.147900
0.234720	2.159900
0.234800	2.196200
0.234880	2.172000
0.234960	2.208300
0.235040	2.208300
0.235120	2.220300
0.235200	2.208300
0.235280	2.208300
0.235360	2.256600
0.235440	2.268700
0.235520	2.256600
0.235600	2.268700
0.235680	2.268700
0.235760	2.256600
0.235840	2.292800
0.235920	2.292800
0.236000	2.329100
0.236080	2.353200
0.236160	2.377400
0.236240	2.365300
0.236320	2.353200
0.236400	2.365300
0.236480	2.341200
0.236560	2.365300
0.236640	2.377400
0.236720	2.389500
0.236800	2.377400
0.236880	2.389500
0.236960	2.389500
0.237040	2.425700
0.237120	2.425700
0.237200	2.413600
0.237280	2.413600
0.237360	2.377400
0.237440	2.401600
0.237520	2.413600
0.237600	2.413600
0.237680	2.413600
0.237760	2.413600
0.237840	2.413600
0.237920	2.401600
0.238000	2.389500
0.238080	2.389500
0.238160	2.401600
0.238240	2.377400
0.238320	2.401600
0.238400	2.377400
0.238480	2.389500
0.238560	2.389500
0.238640	2.377400
0.238720	2.377400
0.238800	2.377400
0.238880	2.329100
0.238960	2.365300
0.239040	2.329100
0.239120	2.341200
0.239200	2.353200
0.239280	2.365300
0.239360	2.353200
0.239440	2.317000
0.239520	2.304900
0.239600	2.280700
0.239680	2.280700
0.239760	2.268700
0.239840	2.280700
0.239920	2.292800
0.240000	2.304900
0.240080	2.304900
0.240160	2.280700
0.240240	2.232400
0.240320	2.208300
0.240400	2.232400
0.240480	2.256600
0.240560	2.244500
0.240640	2.244500
0.240720	2.196200
0.240800	2.159900
0.240880	2.147900
0.240960	2.147900
0.241040	2.147900
0.241120	2.123700
0.241200	2.111600
0.241280	2.099500
0.241360	2.111600
0.241440	2.087500
0.241520	2.087500
0.241600	2.087500
0.241680	2.075400
0.241760	2.063300
0.241840	2.063300
0.241920	2.039100
0.242000	2.027000
0.242080	2.027000
0.242160	2.002900
0.242240	1.990800
0.242320	1.990800
0.242400	1.978700
0.242480	1.954600
0.242560	1.966600
0.242640	1.966600
0.242720	1.930400
0.242800	1.918300
0.242880	1.906200
0.242960	1.894200
0.243040	1.870000
0.243120	1.870000
0.243200	1.870000
0.243280	1.857900
0.243360	1.857900
0.243440	1.845800
0.243520	1.833700
0.243600	1.809600
0.243680	1.797500
0.243760	1.785400
0.243840	1.785400
0.243920	1.773300
0.244000	1.737100
0.244080	1.712900
0.244160	1.688800
0.244240	1.676700
0.244320	1.676700
0.244400	1.652500
0.244480	1.628400
0.244560	1.640500
0.244640	1.616300
0.244720	1.592100
0.244800	1.580000
0.244880	1.580000
0.244960	1.531700
0.245040	1.543800
0.245120	1.519600
0.245200	1.495500
0.245280	1.471300
0.245360	1.459200
0.245440	1.435100
0.245520	1.435100
0.245600	1.410900
0.245680	1.398800
0.245760	1.386700
0.245840	1.386700
0.245920	1.338400
0.246000	1.338400
0.246080	1.326300
0.246160	1.314300
0.246240	1.290100
0.246320	1.290100
0.246400	1.290100
0.246480	1.265900
0.246560	1.253900
0.246640	1.229700
0.246720	1.193400
0.246800	1.193400
0.246880	1.157200
0.246960	1.145100
0.247040	1.133000
0.247120	1.096800
0.247200	1.096800
0.247280	1.072600
0.247360	1.036400
0.247440	1.012200
0.247520	1.024300
0.247600	0.988070
0.247680	0.963910
0.247760	0.951830
0.247840	0.927670
0.247920	0.915590
0.248000	0.903510
0.248080	0.867260
0.248160	0.879340
0.248240	0.831020
0.248320	0.818940
0.248400	0.794780
0.248480	0.770620
0.248560	0.758540
0.248640	0.722290
0.248720	0.710210
0.248800	0.710210
0.248880	0.686050
0.248960	0.649810
0.249040	0.637720
0.249120	0.613560
0.249200	0.565240
0.249280	0.565240
0.249360	0.565240
0.249440	0.541080
0.249520	0.516920
0.249600	0.480670
0.249680	0.480670
0.249760	0.480670
0.249840	0.444430
0.249920	0.408190
0.250000	0.408190
0.250080	0.408190
0.250160	0.396100
0.250240	0.396100
0.250320	0.396100
0.250400	0.371940
0.250480	0.347780
0.250560	0.359860
0.250640	0.311540
0.250720	0.287380
0.250800	0.299460
0.250880	0.263210
0.250960	0.226970
0.251040	0.214890
0.251120	0.202810
0.251200	0.202810
0.251280	0.190730
0.251360	0.166570
0.251440	0.154490
0.251520	0.154490
0.251600	0.118240
0.251680	0.094080
0.251760	0.106160
0.251840	0.081999
0.251920	0.081999
0.252000	0.057837
0.252080	0.057837
0.252160	0.057837
0.252240	0.033675
0.252320	0.021594
0.252400	0.021594
0.252480	-0.014649
0.252560	-0.002568
0.252640	-0.002568
0.252720	-0.014649
0.252800	-0.014649
0.252880	-0.038811
0.252960	-0.014649
0.253040	-0.026730
0.253120	-0.038811
0.253200	-0.050892
0.253280	-0.026730
0.253360	-0.038811
0.253440	-0.050892
0.253520	-0.075054
0.253600	-0.111300
0.253680	-0.087135
0.253760	-0.111300
0.253840	-0.111300
0.253920	-0.123380
0.254000	-0.135460
0.254080	-0.135460
0.254160	-0.171700
0.254240	-0.171700
0.254320	-0.159620
0.254400	-0.207950
0.254480	-0.195860
0.254560	-0.183780
0.254640	-0.159620
0.254720	-0.159620
0.254800	-0.159620
0.254880	-0.171700
0.254960	-0.159620
0.255040	-0.195860
0.255120	-0.207950
0.255200	-0.220030
0.255280	-0.232110
0.255360	-0.232110
0.255440	-0.244190
0.255520	-0.268350
0.255600	-0.244190
0.255680	-0.280430
0.255760	-0.292510
0.255840	-0.280430
0.255920	-0.280430
0.256000	-0.280430
0.256080	-0.304590
0.256160	-0.292510
0.256240	-0.316670
0.256320	-0.304590
0.256400	-0.292510
0.256480	-0.328750
0.256560	-0.340840
0.256640	-0.352920
0.256720	-0.365000
0.256800	-0.389160
0.256880	-0.389160
0.256960	-0.389160
0.257040	-0.413320
0.257120	-0.461650
0.257200	-0.413320
0.257280	-0.473730
0.257360	-0.485810
0.257440	-0.485810
0.257520	-0.497890
0.257600	-0.509970
0.257680	-0.497890
0.257760	-0.546210
0.257840	-0.558290
0.257920	-0.582460
0.258000	-0.606620
0.258080	-0.630780
0.258160	-0.642860
0.258240	-0.667020
0.258320	-0.703270
0.258400	-0.739510
0.258480	-0.787830
0.258560	-0.836160
0.258640	-0.860320
0.258720	-0.872400
0.258800	-0.920720
0.258880	-0.981130
0.258960	-1.053600
0.259040	-1.089900
0.259120	-1.138200
0.259200	-1.222700
0.259280	-1.283100
0.259360	-1.379800
0.259440	-1.452300
0.259520	-1.536800
0.259600	-1.609300
0.259680	-1.693900
0.259760	-1.754300
0.259840	-1.826800
0.259920	-1.911400
0.260000	-1.983900
0.260080	-2.080500
0.260160	-2.153000
0.260240	-2.225500
0.260320	-2.298000
0.260400	-2.358400
0.260480	-2.346300
0.260560	-2.370400
0.260640	-2.382500
0.260720	-2.394600
0.260800	-2.382500
0.260880	-2.382500
0.260960	-2.334200
0.261040	-2.273800
0.261120	-2.249600
0.261200	-2.201300
0.261280	-2.140900
0.261360	-2.068400
0.261440	-2.032200
0.261520	-2.008000
0.261600	-1.971800
0.261680	-1.935500
0.261760	-1.935500
0.261840	-1.935500
0.261920	-1.911400
0.262000	-1.947600
0.262080	-1.947600
0.262160	-1.971800
0.262240	-1.971800
0.262320	-1.971800
0.262400	-1.959700
0.262480	-1.959700
0.262560	-1.995900
0.262640	-2.008000
0.262720	-1.995900
0.262800	-2.008000
0.262880	-2.044300
0.262960	-2.044300
0.263040	-2.008000
0.263120	-1.947600
0.263200	-1.947600
0.263280	-1.947600
0.263360	-1.935500
0.263440	-1.923400
0.263520	-1.899300
0.263600	-1.887200
0.263680	-1.875100
0.263760	-1.851000
0.263840	-1.851000
0.263920	-1.851000
0.264000	-1.826800
0.264080	-1.814700
0.264160	-1.814700
0.264240	-1.802600
0.264320	-1.814700
0.264400	-1.790600
0.264480	-1.778500
0.264560	-1.766400
0.264640	-1.766400
0.264720	-1.766400
0.264800	-1.754300
0.264880	-1.730100
0.264960	-1.754300
0.265040	-1.754300
0.265120	-1.742200
0.265200	-1.742200
0.265280	-1.730100
0.265360	-1.742200
0.265440	-1.730100
0.265520	-1.718100
0.265600	-1.754300
0.265680	-1.754300
0.265760	-1.742200
0.265840	-1.778500
0.265920	-1.790600
0.266000	-1.802600
0.266080	-1.802600
0.266160	-1.802600
0.266240	-1.814700
0.266320	-1.826800
0.266400	-1.814700
0.266480	-1.838900
0.266560	-1.851000
0.266640	-1.851000
0.266720	-1.851000
0.266800	-1.863000
0.266880	-1.875100
0.266960	-1.875100
0.267040	-1.911400
0.267120	-1.935500
0.267200	-1.923400
0.267280	-1.899300
0.267360	-1.875100
0.267440	-1.899300
0.267520	-1.863000
0.267600	-1.863000
0.267680	-1.863000
0.267760	-1.863000
0.267840	-1.887200
0.267920	-1.899300
0.268000	-1.899300
0.268080	-1.923400
0.268160	-1.911400
0.268240	-1.923400
0.268320	-1.923400
0.268400	-1.935500
0.268480	-1.923400
0.268560	-1.935500
0.268640	-1.923400
0.268720	-1.923400
0.268800	-1.947600
0.268880	-1.911400
0.268960	-1.935500
0.269040	-1.947600
0.269120	-1.923400
0.269200	-1.935500
0.269280	-1.947600
0.269360	-1.923400
0.269440	-1.947600
0.269520	-1.935500
0.269600	-1.947600
0.269680	-1.959700
0.269760	-1.935500
0.269840	-1.947600
0.269920	-1.899300
0.270000	-1.875100
0.270080	-1.851000
0.270160	-1.826800
0.270240	-1.778500
0.270320	-1.766400
0.270400	-1.754300
0.270480	-1.693900
0.270560	-1.681800
0.270640	-1.657700
0.270720	-1.645600
0.270800	-1.609300
0.270880	-1.585200
0.270960	-1.548900
0.271040	-1.524800
0.271120	-1.512700
0.271200	-1.488500
0.271280	-1.476400
0.271360	-1.452300
0.271440	-1.440200
0.271520	-1.428100
0.271600	-1.391900
0.271680	-1.367700
0.271760	-1.343600
0.271840	-1.355600
0.271920	-1.283100
0.272000	-1.271100
0.272080	-1.234800
0.272160	-1.222700
0.272240	-1.198600
0.272320	-1.174400
0.272400	-1.150300
0.272480	-1.101900
0.272560	-1.065700
0.272640	-1.053600
0.272720	-1.053600
0.272800	-1.029500
0.272880	-1.005300
0.272960	-0.981130
0.273040	-0.932810
0.273120	-0.920720
0.273200	-0.896560
0.273280	-0.884480
0.273360	-0.860320
0.273440	-0.799910
0.273520	-0.763670
0.273600	-0.739510
0.273680	-0.703270
0.273760	-0.703270
0.273840	-0.691180
0.273920	-0.667020
0.274000	-0.667020
0.274080	-0.618700
0.274160	-0.606620
0.274240	-0.618700
0.274320	-0.618700
0.274400	-0.594540
0.274480	-0.594540
0.274560	-0.618700
0.274640	-0.582460
0.274720	-0.558290
0.274800	-0.546210
0.274880	-0.546210
0.274960	-0.534130
0.275040	-0.509970
0.275120	-0.473730
0.275200	-0.473730
0.275280	-0.461650
0.275360	-0.449560
0.275440	-0.425400
0.275520	-0.437480
0.275600	-0.425400
0.275680	-0.413320
0.275760	-0.377080
0.275840	-0.377080
0.275920	-0.365000
0.276000	-0.377080
0.276080	-0.389160
0.276160	-0.401240
0.276240	-0.437480
0.276320	-0.425400
0.276400	-0.425400
0.276480	-0.413320
0.276560	-0.401240
0.276640	-0.413320
0.276720	-0.461650
0.276800	-0.413320
0.276880	-0.377080
0.276960	-0.256270
0.277040	-0.171700
0.277120	-0.075054
0.277200	-0.002568
0.277280	0.045756
0.277360	0.094080
0.277440	0.154490
0.277520	0.190730
0.277600	0.251130
0.277680	0.323620
0.277760	0.323620
0.277840	0.335700
0.277920	0.287380
0.278000	0.251130
0.278080	0.178650
0.278160	0.142400
0.278240	0.118240
0.278320	0.118240
0.278400	0.057837
0.278480	0.045756
0.278560	-0.014649
0.278640	-0.014649
0.278720	0.021594
0.278800	0.057837
0.278880	0.094080
0.278960	0.106160
0.279040	0.106160
0.279120	0.045756
0.279200	0.009513
0.279280	0.009513
0.279360	0.033675
0.279440	0.045756
0.279520	0.057837
0.279600	0.057837
0.279680	0.045756
0.279760	0.057837
0.279840	0.045756
0.279920	0.081999
0.280000	0.106160
0.280080	0.130320
0.280160	0.178650
0.280240	0.202810
0.280320	0.226970
0.280400	0.226970
0.280480	0.251130
0.280560	0.287380
0.280640	0.323620
0.280720	0.371940
0.280800	0.396100
0.280880	0.420270
0.280960	0.420270
0.281040	0.420270
0.281120	0.456510
0.281200	0.468590
0.281280	0.492750
0.281360	0.516920
0.281440	0.529000
0.281520	0.541080
0.281600	0.553160
0.281680	0.565240
0.281760	0.625640
0.281840	0.673970
0.281920	0.734370
0.282000	0.831020
0.282080	0.879340
0.282160	0.927670
0.282240	0.939750
0.282320	0.975990
0.282400	0.988070
0.282480	1.036400
0.282560	1.084700
0.282640	1.133000
0.282720	1.145100
0.282800	1.169300
0.282880	1.193400
0.282960	1.169300
0.283040	1.145100
0.283120	1.145100
0.283200	1.181400
0.283280	1.193400
0.283360	1.205500
0.283440	1.217600
0.283520	1.205500
0.283600	1.193400
0.283680	1.193400
0.283760	1.193400
0.283840	1.193400
0.283920	1.181400
0.284000	1.205500
0.284080	1.253900
0.284160	1.278000
0.284240	1.278000
0.284320	1.314300
0.284400	1.314300
0.284480	1.362600
0.284560	1.374700
0.284640	1.374700
0.284720	1.398800
0.284800	1.386700
0.284880	1.374700
0.284960	1.362600
0.285040	1.362600
0.285120	1.374700
0.285200	1.362600
0.285280	1.362600
0.285360	1.350500
0.285440	1.338400
0.285520	1.314300
0.285600	1.314300
0.285680	1.302200
0.285760	1.290100
0.285840	1.290100
0.285920	1.265900
0.286000	1.265900
0.286080	1.265900
0.286160	1.278000
0.286240	1.302200
0.286320	1.314300
0.286400	1.314300
0.286480	1.338400
0.286560	1.350500
0.286640	1.338400
0.286720	1.326300
0.286800	1.302200
0.286880	1.302200
0.286960	1.338400
0.287040	1.362600
0.287120	1.362600
0.287200	1.374700
0.287280	1.410900
0.287360	1.423000
0.287440	1.495500
0.287520	1.543800
0.287600	1.616300
0.287680	1.688800
0.287760	1.749200
0.287840	1.809600
0.287920	1.821700
0.288000	1.845800
0.288080	1.857900
0.288160	1.857900
0.288240	1.857900
0.288320	1.882100
0.288400	1.882100
0.288480	1.870000
0.288560	1.833700
0.288640	1.785400
0.288720	1.773300
0.288800	1.749200
0.288880	1.749200
0.288960	1.725000
0.289040	1.688800
0.289120	1.688800
0.289200	1.688800
0.289280	1.664600
0.289360	1.616300
0.289440	1.628400
0.289520	1.604200
0.289600	1.604200
0.289680	1.592100
0.289760	1.592100
0.289840	1.580000
0.289920	1.616300
0.290000	1.616300
0.290080	1.604200
0.290160	1.592100
0.290240	1.616300
0.290320	1.640500
0.290400	1.640500
0.290480	1.676700
0.290560	1.676700
0.290640	1.688800
0.290720	1.700900
0.290800	1.737100
0.290880	1.749200
0.290960	1.749200
0.291040	1.749200
0.291120	1.749200
0.291200	1.773300
0.291280	1.797500
0.291360	1.797500
0.291440	1.809600
0.291520	1.809600
0.291600	1.785400
0.291680	1.785400
0.291760	1.773300
0.291840	1.773300
0.291920	1.785400
0.292000	1.761300
0.292080	1.761300
0.292160	1.761300
0.292240	1.761300
0.292320	1.785400
0.292400	1.737100
0.292480	1.749200
0.292560	1.749200
0.292640	1.737100
0.292720	1.737100
0.292800	1.737100
0.292880	1.737100
0.292960	1.737100
0.293040	1.725000
0.293120	1.737100
0.293200	1.725000
0.293280	1.712900
0.293360	1.712900
0.293440	1.688800
0.293520	1.700900
0.293600	1.700900
0.293680	1.725000
0.293760	1.700900
0.293840	1.700900
0.293920	1.688800
0.294000	1.688800
0.294080	1.700900
0.294160	1.725000
0.294240	1.712900
0.294320	1.688800
0.294400	1.676700
0.294480	1.664600
0.294560	1.652500
0.294640	1.652500
0.294720	1.664600
0.294800	1.652500
0.294880	1.652500
0.294960	1.652500
0.295040	1.652500
0.295120	1.652500
0.295200	1.640500
0.295280	1.640500
0.295360	1.628400
0.295440	1.628400
0.295520	1.628400
0.295600	1.628400
0.295680	1.628400
0.295760	1.628400
0.295840	1.640500
0.295920	1.652500
0.296000	1.628400
0.296080	1.616300
0.296160	1.580000
0.296240	1.592100
0.296320	1.592100
0.296400	1.604200
0.296480	1.616300
0.296560	1.604200
0.296640	1.604200
0.296720	1.592100
0.296800	1.580000
0.296880	1.568000
0.296960	1.604200
0.297040	1.604200
0.297120	1.604200
0.297200	1.592100
0.297280	1.568000
0.297360	1.555900
0.297440	1.555900
0.297520	1.555900
0.297600	1.568000
0.297680	1.592100
0.297760	1.592100
0.297840	1.604200
0.297920	1.604200
0.298000	1.580000
0.298080	1.555900
0.298160	1.555900
0.298240	1.555900
0.298320	1.592100
0.298400	1.580000
0.298480	1.543800
0.298560	1.543800
0.298640	1.531700
0.298720	1.519600
0.298800	1.531700
0.298880	1.555900
0.298960	1.592100
0.299040	1.580000
0.299120	1.580000
0.299200	1.568000
0.299280	1.568000
0.299360	1.568000
0.299440	1.531700
0.299520	1.519600
0.299600	1.495500
0.299680	1.471300
0.299760	1.423000
0.299840	1.410900
0.299920	1.398800
0.300000	1.398800
0.300080	1.386700
0.300160	1.410900
0.300240	1.398800
0.300320	1.410900
0.300400	1.410900
0.300480	1.410900
0.300560	1.471300
0.300640	1.555900
0.300720	1.700900
0.300800	1.990800
0.300880	2.292800
0.300960	2.522400
0.301040	2.606900
0.301120	2.558600
0.301200	2.474000
0.301280	2.413600
0.301360	2.389500
0.301440	2.401600
0.301520	2.449900
0.301600	2.546500
0.301680	2.655300
0.301760	2.739800
0.301840	2.715700
0.301920	2.667300
0.302000	2.582800
0.302080	2.510300
0.302160	2.462000
0.302240	2.449900
0.302320	2.437800
0.302400	2.462000
0.302480	2.437800
0.302560	2.413600
0.302640	2.377400
0.302720	2.341200
0.302800	2.256600
0.302880	2.184100
0.302960	2.123700
0.303040	2.051200
0.303120	2.002900
0.303200	1.918300
0.303280	1.894200
0.303360	1.821700
0.303440	1.785400
0.303520	1.712900
0.303600	1.664600
0.303680	1.616300
0.303760	1.580000
0.303840	1.543800
0.303920	1.483400
0.304000	1.423000
0.304080	1.326300
0.304160	1.278000
0.304240	1.241800
0.304320	1.169300
0.304400	1.145100
0.304480	1.133000
0.304560	1.108900
0.304640	1.121000
0.304720	1.084700
0.304800	1.072600
0.304880	1.084700
0.304960	1.060600
0.305040	1.072600
0.305120	1.084700
0.305200	1.072600
0.305280	1.060600
0.305360	1.036400
0.305440	1.036400
0.305520	1.012200
0.305600	0.988070
0.305680	0.951830
0.305760	0.951830
0.305840	0.903510
0.305920	0.855180
0.306000	0.794780
0.306080	0.758540
0.306160	0.710210
0.306240	0.686050
0.306320	0.698130
0.306400	0.661890
0.306480	0.661890
0.306560	0.661890
0.306640	0.673970
0.306720	0.722290
0.306800	0.746450
0.306880	0.770620
0.306960	0.734370
0.307040	0.734370
0.307120	0.746450
0.307200	0.746450
0.307280	0.746450
0.307360	0.806860
0.307440	0.831020
0.307520	0.782700
0.307600	0.770620
0.307680	0.698130
0.307760	0.661890
0.307840	0.686050
0.307920	0.770620
0.308000	0.831020
0.308080	0.867260
0.308160	0.879340
0.308240	0.831020
0.308320	0.794780
0.308400	0.734370
0.308480	0.734370
0.308560	0.734370
0.308640	0.782700
0.308720	0.770620
0.308800	0.782700
0.308880	0.722290
0.308960	0.661890
0.309040	0.601480
0.309120	0.589400
0.309200	0.565240
0.309280	0.565240
0.309360	0.565240
0.309440	0.541080
0.309520	0.516920
0.309600	0.504830
0.309680	0.480670
0.309760	0.468590
0.309840	0.432350
0.309920	0.420270
