-0.050000	0.004190
-0.049900	0.074190
-0.049800	-0.055810
-0.049700	-0.075810
-0.049600	-0.135810
-0.049500	0.054190
-0.049400	-0.035810
-0.049300	0.044190
-0.049200	-0.015810
-0.049100	0.034190
-0.049000	0.024190
-0.048900	-0.105810
-0.048800	0.074190
-0.048700	-0.055810
-0.048600	0.104190
-0.048500	0.024190
-0.048400	-0.035810
-0.048300	0.064190
-0.048200	0.024190
-0.048100	0.024190
-0.048000	-0.005810
-0.047900	-0.025810
-0.047800	0.054190
-0.047700	-0.015810
-0.047600	0.014190
-0.047500	0.034190
-0.047400	-0.015810
-0.047300	-0.055810
-0.047200	-0.005810
-0.047100	0.214190
-0.047000	0.004190
-0.046900	0.024190
-0.046800	-0.005810
-0.046700	-0.005810
-0.046600	0.014190
-0.046500	0.024190
-0.046400	0.054190
-0.046300	-0.005810
-0.046200	0.044190
-0.046100	0.034190
-0.046000	-0.075810
-0.045900	0.094190
-0.045800	0.034190
-0.045700	-0.075810
-0.045600	-0.025810
-0.045500	0.074190
-0.045400	-0.035810
-0.045300	-0.055810
-0.045200	0.154190
-0.045100	-0.085810
-0.045000	0.044190
-0.044900	0.034190
-0.044800	-0.025810
-0.044700	-0.105810
-0.044600	-0.105810
-0.044500	0.014190
-0.044400	0.034190
-0.044300	-0.055810
-0.044200	-0.035810
-0.044100	0.064190
-0.044000	-0.045810
-0.043900	0.054190
-0.043800	-0.045810
-0.043700	0.024190
-0.043600	0.034190
-0.043500	-0.085810
-0.043400	-0.085810
-0.043300	0.124190
-0.043200	0.084190
-0.043100	0.034190
-0.043000	0.024190
-0.042900	0.044190
-0.042800	0.024190
-0.042700	-0.005810
-0.042600	-0.055810
-0.042500	-0.005810
-0.042400	-0.015810
-0.042300	-0.065810
-0.042200	-0.005810
-0.042100	0.024190
-0.042000	0.134190
-0.041900	-0.025810
-0.041800	-0.015810
-0.041700	-0.005810
-0.041600	-0.005810
-0.041500	0.004190
-0.041400	-0.015810
-0.041300	-0.015810
-0.041200	-0.085810
-0.041100	-0.045810
-0.041000	-0.045810
-0.040900	-0.025810
-0.040800	-0.055810
-0.040700	0.074190
-0.040600	0.004190
-0.040500	0.004190
-0.040400	-0.095810
-0.040300	-0.025810
-0.040200	-0.015810
-0.040100	0.014190
-0.040000	0.084190
-0.039900	-0.045810
-0.039800	0.074190
-0.039700	0.034190
-0.039600	0.094190
-0.039500	-0.095810
-0.039400	0.114190
-0.039300	-0.075810
-0.039200	-0.005810
-0.039100	0.144190
-0.039000	0.034190
-0.038900	-0.015810
-0.038800	0.044190
-0.038700	0.014190
-0.038600	-0.065810
-0.038500	0.024190
-0.038400	0.034190
-0.038300	-0.035810
-0.038200	-0.055810
-0.038100	-0.055810
-0.038000	-0.075810
-0.037900	-0.035810
-0.037800	0.054190
-0.037700	-0.045810
-0.037600	-0.065810
-0.037500	0.104190
-0.037400	-0.065810
-0.037300	0.014190
-0.037200	0.104190
-0.037100	0.044190
-0.037000	0.074190
-0.036900	-0.085810
-0.036800	-0.065810
-0.036700	-0.055810
-0.036600	0.034190
-0.036500	0.054190
-0.036400	-0.045810
-0.036300	-0.015810
-0.036200	-0.005810
-0.036100	-0.065810
-0.036000	0.004190
-0.035900	0.004190
-0.035800	0.034190
-0.035700	0.024190
-0.035600	-0.005810
-0.035500	-0.025810
-0.035400	-0.015810
-0.035300	-0.075810
-0.035200	0.064190
-0.035100	0.044190
-0.035000	0.094190
-0.034900	-0.105810
-0.034800	-0.085810
-0.034700	-0.035810
-0.034600	0.014190
-0.034500	0.104190
-0.034400	0.034190
-0.034300	0.024190
-0.034200	0.084190
-0.034100	-0.025810
-0.034000	-0.085810
-0.033900	0.034190
-0.033800	0.004190
-0.033700	0.124190
-0.033600	0.024190
-0.033500	-0.045810
-0.033400	-0.025810
-0.033300	0.014190
-0.033200	-0.105810
-0.033100	-0.075810
-0.033000	0.124190
-0.032900	-0.105810
-0.032800	-0.175810
-0.032700	0.104190
-0.032600	0.024190
-0.032500	-0.005810
-0.032400	-0.015810
-0.032300	0.044190
-0.032200	-0.015810
-0.032100	-0.045810
-0.032000	-0.005810
-0.031900	0.024190
-0.031800	0.144190
-0.031700	0.124190
-0.031600	0.064190
-0.031500	-0.025810
-0.031400	0.004190
-0.031300	0.004190
-0.031200	0.034190
-0.031100	-0.005810
-0.031000	0.024190
-0.030900	0.014190
-0.030800	-0.045810
-0.030700	0.014190
-0.030600	-0.125810
-0.030500	0.124190
-0.030400	0.094190
-0.030300	0.064190
-0.030200	-0.035810
-0.030100	-0.085810
-0.030000	-0.045810
-0.029900	0.024190
-0.029800	-0.015810
-0.029700	0.094190
-0.029600	-0.055810
-0.029500	-0.015810
-0.029400	-0.055810
-0.029300	-0.075810
-0.029200	0.014190
-0.029100	-0.005810
-0.029000	-0.015810
-0.028900	-0.095810
-0.028800	0.024190
-0.028700	0.014190
-0.028600	-0.015810
-0.028500	0.004190
-0.028400	-0.115810
-0.028300	0.044190
-0.028200	-0.045810
-0.028100	0.024190
-0.028000	-0.055810
-0.027900	0.154190
-0.027800	0.094190
-0.027700	-0.055810
-0.027600	0.014190
-0.027500	0.094190
-0.027400	0.084190
-0.027300	0.084190
-0.027200	0.044190
-0.027100	-0.075810
-0.027000	-0.035810
-0.026900	-0.065810
-0.026800	0.044190
-0.026700	-0.055810
-0.026600	-0.055810
-0.026500	0.044190
-0.026400	-0.025810
-0.026300	0.034190
-0.026200	-0.075810
-0.026100	0.014190
-0.026000	0.014190
-0.025900	0.054190
-0.025800	-0.085810
-0.025700	0.014190
-0.025600	-0.045810
-0.025500	0.084190
-0.025400	0.024190
-0.025300	-0.015810
-0.025200	-0.155810
-0.025100	-0.005810
-0.025000	0.074190
-0.024900	0.094190
-0.024800	-0.085810
-0.024700	0.064190
-0.024600	0.004190
-0.024500	-0.105810
-0.024400	-0.045810
-0.024300	0.064190
-0.024200	-0.005810
-0.024100	-0.075810
-0.024000	0.094190
-0.023900	0.054190
-0.023800	-0.025810
-0.023700	-0.025810
-0.023600	-0.015810
-0.023500	0.054190
-0.023400	0.064190
-0.023300	0.084190
-0.023200	-0.025810
-0.023100	-0.065810
-0.023000	0.044190
-0.022900	-0.015810
-0.022800	-0.015810
-0.022700	0.054190
-0.022600	-0.015810
-0.022500	-0.075810
-0.022400	-0.075810
-0.022300	0.034190
-0.022200	-0.015810
-0.022100	-0.015810
-0.022000	-0.015810
-0.021900	-0.075810
-0.021800	-0.095810
-0.021700	0.064190
-0.021600	0.014190
-0.021500	-0.015810
-0.021400	0.004190
-0.021300	0.094190
-0.021200	-0.075810
-0.021100	-0.045810
-0.021000	0.054190
-0.020900	-0.045810
-0.020800	0.064190
-0.020700	0.074190
-0.020600	-0.085810
-0.020500	-0.045810
-0.020400	0.004190
-0.020300	-0.115810
-0.020200	-0.065810
-0.020100	-0.055810
-0.020000	-0.015810
-0.019900	-0.095810
-0.019800	-0.015810
-0.019700	0.024190
-0.019600	-0.035810
-0.019500	0.004190
-0.019400	0.054190
-0.019300	-0.025810
-0.019200	0.044190
-0.019100	0.084190
-0.019000	-0.065810
-0.018900	-0.045810
-0.018800	-0.165810
-0.018700	-0.065810
-0.018600	-0.045810
-0.018500	0.094190
-0.018400	0.054190
-0.018300	-0.095810
-0.018200	0.024190
-0.018100	-0.005810
-0.018000	0.034190
-0.017900	0.014190
-0.017800	0.074190
-0.017700	-0.095810
-0.017600	-0.025810
-0.017500	0.014190
-0.017400	-0.015810
-0.017300	0.024190
-0.017200	0.044190
-0.017100	0.004190
-0.017000	-0.165810
-0.016900	-0.095810
-0.016800	-0.035810
-0.016700	-0.005810
-0.016600	0.064190
-0.016500	0.114190
-0.016400	0.034190
-0.016300	0.024190
-0.016200	-0.055810
-0.016100	0.034190
-0.016000	-0.025810
-0.015900	0.024190
-0.015800	0.064190
-0.015700	-0.095810
-0.015600	-0.025810
-0.015500	0.044190
-0.015400	0.064190
-0.015300	-0.045810
-0.015200	0.054190
-0.015100	0.044190
-0.015000	0.134190
-0.014900	0.064190
-0.014800	0.004190
-0.014700	0.094190
-0.014600	0.024190
-0.014500	-0.075810
-0.014400	-0.075810
-0.014300	-0.015810
-0.014200	0.024190
-0.014100	-0.005810
-0.014000	-0.015810
-0.013900	-0.025810
-0.013800	0.044190
-0.013700	-0.085810
-0.013600	0.054190
-0.013500	-0.045810
-0.013400	0.024190
-0.013300	-0.085810
-0.013200	-0.045810
-0.013100	-0.105810
-0.013000	0.034190
-0.012900	-0.035810
-0.012800	-0.065810
-0.012700	0.024190
-0.012600	0.034190
-0.012500	-0.015810
-0.012400	0.024190
-0.012300	0.134190
-0.012200	-0.005810
-0.012100	-0.115810
-0.012000	0.034190
-0.011900	-0.015810
-0.011800	0.074190
-0.011700	-0.105810
-0.011600	0.004190
-0.011500	-0.155810
-0.011400	-0.075810
-0.011300	0.104190
-0.011200	0.124190
-0.011100	-0.055810
-0.011000	0.084190
-0.010900	-0.065810
-0.010800	0.024190
-0.010700	0.154190
-0.010600	0.044190
-0.010500	-0.065810
-0.010400	0.034190
-0.010300	-0.045810
-0.010200	0.014190
-0.010100	0.014190
-0.010000	0.074190
-0.009900	0.014190
-0.009800	-0.005810
-0.009700	0.144190
-0.009600	-0.025810
-0.009500	-0.025810
-0.009400	-0.045810
-0.009300	-0.055810
-0.009200	-0.105810
-0.009100	0.094190
-0.009000	0.024190
-0.008900	-0.005810
-0.008800	0.064190
-0.008700	-0.035810
-0.008600	-0.065810
-0.008500	0.004190
-0.008400	0.134190
-0.008300	0.044190
-0.008200	-0.035810
-0.008100	-0.035810
-0.008000	-0.045810
-0.007900	0.014190
-0.007800	-0.165810
-0.007700	0.004190
-0.007600	-0.075810
-0.007500	0.054190
-0.007400	0.084190
-0.007300	0.104190
-0.007200	0.014190
-0.007100	-0.035810
-0.007000	-0.055810
-0.006900	0.034190
-0.006800	-0.045810
-0.006700	0.024190
-0.006600	0.094190
-0.006500	0.034190
-0.006400	-0.025810
-0.006300	0.004190
-0.006200	0.054190
-0.006100	-0.005810
-0.006000	-0.095810
-0.005900	0.104190
-0.005800	0.034190
-0.005700	-0.045810
-0.005600	0.074190
-0.005500	-0.065810
-0.005400	-0.055810
-0.005300	-0.015810
-0.005200	0.094190
-0.005100	0.024190
-0.005000	-0.005810
-0.004900	0.114190
-0.004800	0.054190
-0.004700	0.024190
-0.004600	0.084190
-0.004500	0.014190
-0.004400	0.004190
-0.004300	0.044190
-0.004200	0.024190
-0.004100	0.004190
-0.004000	-0.065810
-0.003900	-0.115810
-0.003800	-0.115810
-0.003700	-0.035810
-0.003600	0.064190
-0.003500	-0.015810
-0.003400	-0.085810
-0.003300	0.044190
-0.003200	0.104190
-0.003100	0.074190
-0.003000	0.024190
-0.002900	-0.095810
-0.002800	0.034190
-0.002700	0.014190
-0.002600	0.014190
-0.002500	0.044190
-0.002400	-0.065810
-0.002300	0.014190
-0.002200	0.004190
-0.002100	-0.015810
-0.002000	0.054190
-0.001900	0.034190
-0.001800	0.064190
-0.001700	0.094190
-0.001600	-0.005810
-0.001500	-0.035810
-0.001400	0.034190
-0.001300	0.034190
-0.001200	-0.085810
-0.001100	-0.005810
-0.001000	-0.035810
-0.000900	-0.065810
-0.000800	-0.015810
-0.000700	0.024190
-0.000600	-0.055810
-0.000500	-0.015810
-0.000400	0.164190
-0.000300	-0.055810
-0.000200	-0.075810
-0.000100	0.004190
0.000000	0.084190
0.000100	0.074190
0.000200	-0.085810
0.000300	-0.065810
0.000400	0.004190
0.000500	-0.115810
0.000600	-0.055810
0.000700	-0.115810
0.000800	-0.065810
0.000900	0.124190
0.001000	0.004190
0.001100	0.024190
0.001200	0.014190
0.001300	-0.045810
0.001400	-0.125810
0.001500	-0.015810
0.001600	-0.055810
0.001700	-0.045810
0.001800	-0.075810
0.001900	0.084190
0.002000	-0.105810
0.002100	0.084190
0.002200	0.054190
0.002300	0.074190
0.002400	-0.015810
0.002500	0.074190
0.002600	0.044190
0.002700	-0.045810
0.002800	0.034190
0.002900	-0.115810
0.003000	-0.005810
0.003100	0.004190
0.003200	-0.005810
0.003300	0.004190
0.003400	0.034190
0.003500	-0.025810
0.003600	-0.075810
0.003700	0.054190
0.003800	-0.115810
0.003900	0.084190
0.004000	0.084190
0.004100	-0.055810
0.004200	0.024190
0.004300	0.054190
0.004400	0.054190
0.004500	-0.025810
0.004600	0.014190
0.004700	-0.045810
0.004800	0.144190
0.004900	0.014190
0.005000	-0.015810
0.005100	-0.035810
0.005200	0.004190
0.005300	0.044190
0.005400	-0.045810
0.005500	-0.045810
0.005600	0.034190
0.005700	0.034190
0.005800	-0.085810
0.005900	0.054190
0.006000	-0.145810
0.006100	-0.035810
0.006200	-0.045810
0.006300	-0.085810
0.006400	0.074190
0.006500	-0.085810
0.006600	-0.005810
0.006700	0.014190
0.006800	-0.155810
0.006900	-0.005810
0.007000	0.064190
0.007100	0.094190
0.007200	-0.015810
0.007300	0.004190
0.007400	-0.065810
0.007500	-0.005810
0.007600	0.044190
0.007700	0.064190
0.007800	-0.105810
0.007900	-0.005810
0.008000	-0.085810
0.008100	0.024190
0.008200	-0.035810
0.008300	-0.095810
0.008400	-0.105810
0.008500	0.024190
0.008600	-0.005810
0.008700	-0.005810
0.008800	-0.025810
0.008900	-0.005810
0.009000	0.014190
0.009100	-0.045810
0.009200	-0.025810
0.009300	0.074190
0.009400	-0.055810
0.009500	0.094190
0.009600	-0.035810
0.009700	0.004190
0.009800	0.124190
0.009900	-0.165810
0.010000	0.074190
0.010100	-0.015810
0.010200	0.004190
0.010300	-0.055810
0.010400	-0.095810
0.010500	0.144190
0.010600	0.054190
0.010700	-0.005810
0.010800	-0.085810
0.010900	-0.035810
0.011000	-0.015810
0.011100	-0.065810
0.011200	-0.045810
0.011300	0.064190
0.011400	-0.045810
0.011500	-0.075810
0.011600	0.044190
0.011700	-0.015810
0.011800	0.014190
0.011900	-0.015810
0.012000	0.004190
0.012100	-0.035810
0.012200	-0.015810
0.012300	0.024190
0.012400	-0.065810
0.012500	-0.045810
0.012600	0.004190
0.012700	-0.005810
0.012800	0.044190
0.012900	0.094190
0.013000	-0.085810
0.013100	0.104190
0.013200	0.104190
0.013300	0.084190
0.013400	0.024190
0.013500	0.054190
0.013600	-0.025810
0.013700	-0.055810
0.013800	-0.025810
0.013900	-0.055810
0.014000	0.074190
0.014100	-0.065810
0.014200	-0.065810
0.014300	0.024190
0.014400	-0.125810
0.014500	-0.105810
0.014600	0.034190
0.014700	-0.065810
0.014800	-0.015810
0.014900	0.134190
0.015000	0.004190
0.015100	-0.125810
0.015200	-0.005810
0.015300	0.184190
0.015400	-0.035810
0.015500	0.014190
0.015600	0.054190
0.015700	0.044190
0.015800	0.014190
0.015900	0.004190
0.016000	0.034190
0.016100	0.004190
0.016200	0.034190
0.016300	0.074190
0.016400	-0.025810
0.016500	-0.095810
0.016600	-0.115810
0.016700	-0.005810
0.016800	0.024190
0.016900	0.044190
0.017000	-0.145810
0.017100	0.114190
0.017200	0.064190
0.017300	-0.035810
0.017400	0.094190
0.017500	0.044190
0.017600	0.014190
0.017700	0.034190
0.017800	0.154190
0.017900	0.114190
0.018000	0.094190
0.018100	0.024190
0.018200	-0.025810
0.018300	-0.015810
0.018400	0.074190
0.018500	0.084190
0.018600	0.054190
0.018700	0.054190
0.018800	0.104190
0.018900	-0.115810
0.019000	0.034190
0.019100	0.134190
0.019200	-0.165810
0.019300	-0.015810
0.019400	0.074190
0.019500	-0.055810
0.019600	0.054190
0.019700	0.154190
0.019800	0.114190
0.019900	0.064190
0.020000	0.034190
0.020100	0.044190
0.020200	-0.065810
0.020300	0.054190
0.020400	-0.085810
0.020500	0.014190
0.020600	-0.015810
0.020700	-0.085810
0.020800	-0.065810
0.020900	0.024190
0.021000	0.084190
0.021100	0.064190
0.021200	0.104190
0.021300	0.064190
0.021400	-0.025810
0.021500	0.024190
0.021600	0.164190
0.021700	-0.105810
0.021800	0.014190
0.021900	0.024190
0.022000	0.004190
0.022100	0.034190
0.022200	0.094190
0.022300	-0.045810
0.022400	0.024190
0.022500	-0.045810
0.022600	-0.055810
0.022700	0.004190
0.022800	0.024190
0.022900	0.104190
0.023000	-0.005810
0.023100	0.064190
0.023200	0.024190
0.023300	-0.025810
0.023400	-0.015810
0.023500	0.114190
0.023600	-0.015810
0.023700	-0.015810
0.023800	0.124190
0.023900	0.054190
0.024000	-0.025810
0.024100	-0.055810
0.024200	0.064190
0.024300	0.014190
0.024400	0.044190
0.024500	0.014190
0.024600	0.034190
0.024700	-0.165810
0.024800	0.064190
0.024900	0.014190
0.025000	0.004190
0.025100	0.064190
0.025200	0.004190
0.025300	0.014190
0.025400	-0.045810
0.025500	0.024190
0.025600	0.064190
0.025700	-0.065810
0.025800	0.054190
0.025900	0.014190
0.026000	-0.115810
0.026100	-0.095810
0.026200	0.084190
0.026300	-0.025810
0.026400	-0.055810
0.026500	-0.045810
0.026600	-0.025810
0.026700	-0.065810
0.026800	-0.095810
0.026900	0.044190
0.027000	0.134190
0.027100	0.054190
0.027200	0.104190
0.027300	-0.115810
0.027400	-0.015810
0.027500	-0.165810
0.027600	-0.075810
0.027700	-0.035810
0.027800	0.014190
0.027900	-0.005810
0.028000	0.054190
0.028100	-0.035810
0.028200	0.004190
0.028300	-0.055810
0.028400	-0.055810
0.028500	-0.105810
0.028600	-0.075810
0.028700	-0.015810
0.028800	-0.015810
0.028900	-0.105810
0.029000	-0.135810
0.029100	0.014190
0.029200	-0.115810
0.029300	-0.155810
0.029400	-0.025810
0.029500	0.024190
0.029600	-0.085810
0.029700	0.014190
0.029800	0.054190
0.029900	-0.025810
0.030000	-0.065810
0.030100	-0.055810
0.030200	-0.075810
0.030300	-0.055810
0.030400	-0.015810
0.030500	0.034190
0.030600	0.014190
0.030700	0.064190
0.030800	-0.105810
0.030900	0.014190
0.031000	0.124190
0.031100	-0.025810
0.031200	-0.075810
0.031300	-0.235810
0.031400	-0.085810
0.031500	0.034190
0.031600	0.004190
0.031700	0.054190
0.031800	-0.065810
0.031900	0.034190
0.032000	0.074190
0.032100	0.014190
0.032200	-0.015810
0.032300	0.024190
0.032400	-0.045810
0.032500	-0.065810
0.032600	0.034190
0.032700	-0.025810
0.032800	0.004190
0.032900	-0.025810
0.033000	-0.085810
0.033100	-0.015810
0.033200	0.144190
0.033300	-0.075810
0.033400	0.034190
0.033500	0.014190
0.033600	0.034190
0.033700	0.044190
0.033800	0.114190
0.033900	0.094190
0.034000	0.174190
0.034100	0.144190
0.034200	0.034190
0.034300	0.154190
0.034400	0.084190
0.034500	-0.005810
0.034600	0.024190
0.034700	0.064190
0.034800	-0.025810
0.034900	0.154190
0.035000	0.134190
0.035100	0.104190
0.035200	0.014190
0.035300	0.094190
0.035400	0.104190
0.035500	0.054190
0.035600	0.084190
0.035700	-0.035810
0.035800	0.144190
0.035900	-0.005810
0.036000	0.194190
0.036100	0.134190
0.036200	-0.135810
0.036300	-0.085810
0.036400	0.014190
0.036500	0.084190
0.036600	0.004190
0.036700	0.184190
0.036800	0.124190
0.036900	-0.015810
0.037000	0.044190
0.037100	0.094190
0.037200	0.084190
0.037300	0.034190
0.037400	0.114190
0.037500	0.054190
0.037600	-0.055810
0.037700	0.014190
0.037800	-0.065810
0.037900	0.074190
0.038000	0.074190
0.038100	0.094190
0.038200	0.194190
0.038300	0.014190
0.038400	0.004190
0.038500	0.074190
0.038600	0.014190
0.038700	0.064190
0.038800	-0.085810
0.038900	0.144190
0.039000	0.164190
0.039100	0.154190
0.039200	0.074190
0.039300	0.104190
0.039400	-0.055810
0.039500	0.124190
0.039600	0.024190
0.039700	-0.075810
0.039800	-0.005810
0.039900	0.054190
0.040000	-0.055810
0.040100	0.004190
0.040200	-0.155810
0.040300	0.044190
0.040400	-0.045810
0.040500	-0.025810
0.040600	0.064190
0.040700	0.004190
0.040800	-0.065810
0.040900	-0.105810
0.041000	-0.105810
0.041100	-0.035810
0.041200	-0.105810
0.041300	-0.085810
0.041400	0.064190
0.041500	-0.025810
0.041600	-0.085810
0.041700	0.014190
0.041800	0.034190
0.041900	-0.085810
0.042000	-0.015810
0.042100	-0.095810
0.042200	-0.045810
0.042300	-0.005810
0.042400	-0.095810
0.042500	-0.175810
0.042600	-0.015810
0.042700	0.004190
0.042800	-0.205810
0.042900	-0.085810
0.043000	-0.145810
0.043100	-0.015810
0.043200	-0.115810
0.043300	-0.095810
0.043400	-0.095810
0.043500	-0.225810
0.043600	-0.215810
0.043700	-0.065810
0.043800	-0.175810
0.043900	-0.185810
0.044000	-0.165810
0.044100	-0.195810
0.044200	-0.265810
0.044300	-0.125810
0.044400	-0.295810
0.044500	-0.335810
0.044600	-0.325810
0.044700	-0.345810
0.044800	-0.425810
0.044900	-0.385810
0.045000	-0.375810
0.045100	-0.415810
0.045200	-0.435810
0.045300	-0.475810
0.045400	-0.445810
0.045500	-0.425810
0.045600	-0.525810
0.045700	-0.555810
0.045800	-0.595810
0.045900	-0.665810
0.046000	-0.785810
0.046100	-0.555810
0.046200	-0.585810
0.046300	-0.755810
0.046400	-0.705810
0.046500	-0.735810
0.046600	-0.755810
0.046700	-0.745810
0.046800	-0.885810
0.046900	-0.865810
0.047000	-0.805810
0.047100	-0.855810
0.047200	-0.775810
0.047300	-0.775810
0.047400	-0.835810
0.047500	-0.855810
0.047600	-1.005810
0.047700	-0.935810
0.047800	-1.035810
0.047900	-1.095810
0.048000	-1.155810
0.048100	-1.115810
0.048200	-1.095810
0.048300	-1.085810
0.048400	-1.165810
0.048500	-1.125810
0.048600	-1.205810
0.048700	-1.125810
0.048800	-1.235810
0.048900	-1.255810
0.049000	-1.265810
0.049100	-1.215810
0.049200	-1.325810
0.049300	-1.235810
0.049400	-1.355810
0.049500	-1.395810
0.049600	-1.305810
0.049700	-1.375810
0.049800	-1.405810
0.049900	-1.425810
0.050000	-1.425810
0.050100	-1.425810
0.050200	-1.365810
0.050300	-1.395810
0.050400	-1.475810
0.050500	-1.555810
0.050600	-1.575810
0.050700	-1.645810
0.050800	-1.485810
0.050900	-1.495810
0.051000	-1.625810
0.051100	-1.635810
0.051200	-1.665810
0.051300	-1.715810
0.051400	-1.815810
0.051500	-1.645810
0.051600	-1.805810
0.051700	-1.785810
0.051800	-1.725810
0.051900	-1.845810
0.052000	-1.775810
0.052100	-1.785810
0.052200	-1.745810
0.052300	-1.755810
0.052400	-1.815810
0.052500	-1.825810
0.052600	-1.705810
0.052700	-1.905810
0.052800	-1.865810
0.052900	-1.965810
0.053000	-2.005810
0.053100	-1.825810
0.053200	-1.775810
0.053300	-1.905810
0.053400	-1.865810
0.053500	-1.875810
0.053600	-2.095810
0.053700	-1.965810
0.053800	-1.895810
0.053900	-1.955810
0.054000	-1.885810
0.054100	-1.955810
0.054200	-1.985810
0.054300	-2.005810
0.054400	-1.935810
0.054500	-1.995810
0.054600	-2.075810
0.054700	-1.955810
0.054800	-1.925810
0.054900	-1.985810
0.055000	-1.935810
0.055100	-1.935810
0.055200	-2.045810
0.055300	-2.015810
0.055400	-1.985810
0.055500	-2.015810
0.055600	-1.875810
0.055700	-1.955810
0.055800	-1.875810
0.055900	-1.995810
0.056000	-1.955810
0.056100	-2.025810
0.056200	-2.055810
0.056300	-1.925810
0.056400	-2.135810
0.056500	-1.925810
0.056600	-1.865810
0.056700	-1.965810
0.056800	-1.915810
0.056900	-1.965810
0.057000	-1.885810
0.057100	-1.955810
0.057200	-1.955810
0.057300	-2.005810
0.057400	-2.025810
0.057500	-1.945810
0.057600	-2.035810
0.057700	-1.915810
0.057800	-1.925810
0.057900	-1.905810
0.058000	-2.055810
0.058100	-2.015810
0.058200	-1.995810
0.058300	-1.955810
0.058400	-1.985810
0.058500	-1.915810
0.058600	-1.945810
0.058700	-2.015810
0.058800	-1.995810
0.058900	-1.885810
0.059000	-1.805810
0.059100	-1.915810
0.059200	-1.885810
0.059300	-1.885810
0.059400	-1.775810
0.059500	-1.945810
0.059600	-1.935810
0.059700	-1.705810
0.059800	-2.005810
0.059900	-1.995810
0.060000	-1.905810
0.060100	-1.905810
0.060200	-1.895810
0.060300	-1.825810
0.060400	-1.945810
0.060500	-1.865810
0.060600	-1.815810
0.060700	-1.905810
0.060800	-1.865810
0.060900	-1.875810
0.061000	-1.905810
0.061100	-1.765810
0.061200	-1.825810
0.061300	-1.845810
0.061400	-1.735810
0.061500	-1.575810
0.061600	-1.845810
0.061700	-1.705810
0.061800	-1.605810
0.061900	-1.715810
0.062000	-1.725810
0.062100	-1.665810
0.062200	-1.795810
0.062300	-1.665810
0.062400	-1.585810
0.062500	-1.575810
0.062600	-1.665810
0.062700	-1.525810
0.062800	-1.565810
0.062900	-1.545810
0.063000	-1.555810
0.063100	-1.515810
0.063200	-1.575810
0.063300	-1.455810
0.063400	-1.425810
0.063500	-1.575810
0.063600	-1.385810
0.063700	-1.435810
0.063800	-1.435810
0.063900	-1.465810
0.064000	-1.525810
0.064100	-1.475810
0.064200	-1.405810
0.064300	-1.495810
0.064400	-1.565810
0.064500	-1.515810
0.064600	-1.475810
0.064700	-1.625810
0.064800	-1.595810
0.064900	-1.425810
0.065000	-1.565810
0.065100	-1.595810
0.065200	-1.495810
0.065300	-1.625810
0.065400	-1.565810
0.065500	-1.595810
0.065600	-1.715810
0.065700	-1.595810
0.065800	-1.625810
0.065900	-1.595810
0.066000	-1.645810
0.066100	-1.505810
0.066200	-1.535810
0.066300	-1.515810
0.066400	-1.645810
0.066500	-1.545810
0.066600	-1.595810
0.066700	-1.525810
0.066800	-1.535810
0.066900	-1.465810
0.067000	-1.475810
0.067100	-1.335810
0.067200	-1.425810
0.067300	-1.365810
0.067400	-1.315810
0.067500	-1.435810
0.067600	-1.345810
0.067700	-1.315810
0.067800	-1.345810
0.067900	-1.315810
0.068000	-1.255810
0.068100	-1.285810
0.068200	-1.135810
0.068300	-1.245810
0.068400	-1.315810
0.068500	-1.175810
0.068600	-1.155810
0.068700	-1.105810
0.068800	-1.235810
0.068900	-1.195810
0.069000	-1.195810
0.069100	-1.215810
0.069200	-1.105810
0.069300	-1.095810
0.069400	-1.145810
0.069500	-1.125810
0.069600	-1.075810
0.069700	-1.025810
0.069800	-1.145810
0.069900	-1.045810
0.070000	-1.015810
0.070100	-0.995810
0.070200	-1.005810
0.070300	-1.035810
0.070400	-0.905810
0.070500	-0.915810
0.070600	-0.905810
0.070700	-0.895810
0.070800	-0.765810
0.070900	-0.945810
0.071000	-0.865810
0.071100	-0.905810
0.071200	-0.875810
0.071300	-0.805810
0.071400	-0.785810
0.071500	-0.705810
0.071600	-0.655810
0.071700	-0.695810
0.071800	-0.815810
0.071900	-0.725810
0.072000	-0.585810
0.072100	-0.695810
0.072200	-0.585810
0.072300	-0.565810
0.072400	-0.605810
0.072500	-0.605810
0.072600	-0.525810
0.072700	-0.555810
0.072800	-0.505810
0.072900	-0.405810
0.073000	-0.615810
0.073100	-0.365810
0.073200	-0.475810
0.073300	-0.425810
0.073400	-0.315810
0.073500	-0.385810
0.073600	-0.195810
0.073700	-0.375810
0.073800	-0.275810
0.073900	-0.255810
0.074000	-0.425810
0.074100	-0.175810
0.074200	-0.215810
0.074300	-0.225810
0.074400	-0.235810
0.074500	-0.125810
0.074600	-0.155810
0.074700	-0.095810
0.074800	-0.055810
0.074900	-0.035810
0.075000	-0.065810
0.075100	-0.025810
0.075200	0.044190
0.075300	0.154190
0.075400	0.284190
0.075500	0.344190
0.075600	0.294190
0.075700	0.464190
0.075800	0.364190
0.075900	0.554190
0.076000	0.514190
0.076100	0.594190
0.076200	0.674190
0.076300	0.894190
0.076400	0.794190
0.076500	0.834190
0.076600	1.014190
0.076700	1.034190
0.076800	1.004190
0.076900	1.234190
0.077000	1.204190
0.077100	1.334190
0.077200	1.324190
0.077300	1.394190
0.077400	1.404190
0.077500	1.524190
0.077600	1.504190
0.077700	1.674190
0.077800	1.924190
0.077900	1.844190
0.078000	1.834190
0.078100	1.854190
0.078200	1.984190
0.078300	2.114190
0.078400	2.194190
0.078500	2.194190
0.078600	2.284190
0.078700	2.284190
0.078800	2.424190
0.078900	2.364190
0.079000	2.454190
0.079100	2.594190
0.079200	2.584190
0.079300	2.614190
0.079400	2.764190
0.079500	2.654190
0.079600	2.754190
0.079700	2.754190
0.079800	2.724190
0.079900	2.794190
0.080000	2.854190
0.080100	2.714190
0.080200	2.894190
0.080300	2.854190
0.080400	2.804190
0.080500	2.774190
0.080600	2.724190
0.080700	2.684190
0.080800	2.684190
0.080900	2.674190
0.081000	2.664190
0.081100	2.624190
0.081200	2.704190
0.081300	2.694190
0.081400	2.694190
0.081500	2.804190
0.081600	2.814190
0.081700	2.844190
0.081800	2.944190
0.081900	2.934190
0.082000	2.934190
0.082100	3.034190
0.082200	2.894190
0.082300	2.804190
0.082400	3.014190
0.082500	2.964190
0.082600	2.834190
0.082700	2.934190
0.082800	2.864190
0.082900	2.824190
0.083000	2.874190
0.083100	2.874190
0.083200	2.854190
0.083300	2.864190
0.083400	2.874190
0.083500	2.824190
0.083600	2.844190
0.083700	2.804190
0.083800	2.774190
0.083900	2.834190
0.084000	2.884190
0.084100	2.794190
0.084200	2.814190
0.084300	2.884190
0.084400	2.694190
0.084500	2.844190
0.084600	2.854190
0.084700	2.604190
0.084800	2.704190
0.084900	2.664190
0.085000	2.714190
0.085100	2.594190
0.085200	2.644190
0.085300	2.714190
0.085400	2.604190
0.085500	2.614190
0.085600	2.614190
0.085700	2.714190
0.085800	2.634190
0.085900	2.594190
0.086000	2.594190
0.086100	2.614190
0.086200	2.594190
0.086300	2.484190
0.086400	2.524190
0.086500	2.504190
0.086600	2.604190
0.086700	2.434190
0.086800	2.554190
0.086900	2.464190
0.087000	2.504190
0.087100	2.454190
0.087200	2.364190
0.087300	2.394190
0.087400	2.534190
0.087500	2.404190
0.087600	2.434190
0.087700	2.454190
0.087800	2.334190
0.087900	2.284190
0.088000	2.324190
0.088100	2.354190
0.088200	2.284190
0.088300	2.304190
0.088400	2.244190
0.088500	2.204190
0.088600	2.134190
0.088700	2.174190
0.088800	2.084190
0.088900	2.204190
0.089000	2.114190
0.089100	2.114190
0.089200	2.154190
0.089300	2.124190
0.089400	2.064190
0.089500	2.144190
0.089600	2.024190
0.089700	2.024190
0.089800	2.084190
0.089900	2.124190
0.090000	2.084190
0.090100	1.984190
0.090200	2.124190
0.090300	2.034190
0.090400	2.054190
0.090500	2.144190
0.090600	2.204190
0.090700	2.084190
0.090800	2.194190
0.090900	2.094190
0.091000	2.194190
0.091100	2.034190
0.091200	2.084190
0.091300	2.054190
0.091400	2.044190
0.091500	2.114190
0.091600	2.184190
0.091700	2.194190
0.091800	2.144190
0.091900	2.134190
0.092000	2.234190
0.092100	2.174190
0.092200	2.234190
0.092300	2.224190
0.092400	2.274190
0.092500	2.214190
0.092600	2.144190
0.092700	2.244190
0.092800	2.254190
0.092900	2.384190
0.093000	2.364190
0.093100	2.324190
0.093200	2.344190
0.093300	2.374190
0.093400	2.424190
0.093500	2.324190
0.093600	2.304190
0.093700	2.374190
0.093800	2.494190
0.093900	2.464190
0.094000	2.424190
0.094100	2.474190
0.094200	2.514190
0.094300	2.524190
0.094400	2.554190
0.094500	2.624190
0.094600	2.694190
0.094700	2.634190
0.094800	2.664190
0.094900	2.744190
0.095000	2.734190
0.095100	2.744190
0.095200	2.764190
0.095300	2.794190
0.095400	2.834190
0.095500	2.834190
0.095600	2.664190
0.095700	2.794190
0.095800	2.914190
0.095900	2.894190
0.096000	2.834190
0.096100	2.864190
0.096200	2.884190
0.096300	2.954190
0.096400	2.884190
0.096500	2.924190
0.096600	2.894190
0.096700	2.914190
0.096800	2.854190
0.096900	2.904190
0.097000	2.944190
0.097100	3.054190
0.097200	2.994190
0.097300	2.984190
0.097400	3.064190
0.097500	2.884190
0.097600	2.944190
0.097700	3.014190
0.097800	2.954190
0.097900	2.954190
0.098000	3.014190
0.098100	2.984190
0.098200	2.984190
0.098300	2.994190
0.098400	2.904190
0.098500	3.034190
0.098600	3.094190
0.098700	2.944190
0.098800	3.004190
0.098900	3.034190
0.099000	3.024190
0.099100	2.964190
0.099200	2.964190
0.099300	2.934190
0.099400	2.984190
0.099500	2.964190
0.099600	2.994190
0.099700	2.954190
0.099800	2.944190
0.099900	2.994190
0.100000	2.964190
0.100100	2.834190
0.100200	2.944190
0.100300	2.904190
0.100400	3.034190
0.100500	2.914190
0.100600	2.934190
0.100700	2.984190
0.100800	3.074190
0.100900	2.944190
0.101000	2.934190
0.101100	2.914190
0.101200	2.824190
0.101300	2.894190
0.101400	2.924190
0.101500	2.854190
0.101600	2.854190
0.101700	2.934190
0.101800	2.884190
0.101900	2.894190
0.102000	3.004190
0.102100	2.954190
0.102200	2.954190
0.102300	3.014190
0.102400	2.994190
0.102500	2.964190
0.102600	2.964190
0.102700	2.934190
0.102800	2.964190
0.102900	3.084190
0.103000	3.134190
0.103100	3.074190
0.103200	3.144190
0.103300	3.084190
0.103400	3.134190
0.103500	3.074190
0.103600	3.124190
0.103700	3.074190
0.103800	3.184190
0.103900	3.244190
0.104000	3.154190
0.104100	3.164190
0.104200	3.214190
0.104300	3.074190
0.104400	3.184190
0.104500	3.184190
0.104600	3.204190
0.104700	3.154190
0.104800	3.374190
0.104900	3.264190
0.105000	3.304190
0.105100	3.334190
0.105200	3.214190
0.105300	3.354190
0.105400	3.284190
0.105500	3.224190
0.105600	3.314190
0.105700	3.394190
0.105800	3.334190
0.105900	3.284190
0.106000	3.364190
0.106100	3.414190
0.106200	3.474190
0.106300	3.424190
0.106400	3.504190
0.106500	3.394190
0.106600	3.494190
0.106700	3.434190
0.106800	3.514190
0.106900	3.484190
0.107000	3.644190
0.107100	3.654190
0.107200	3.554190
0.107300	3.674190
0.107400	3.554190
0.107500	3.624190
0.107600	3.644190
0.107700	3.634190
0.107800	3.674190
0.107900	3.734190
0.108000	3.714190
0.108100	3.774190
0.108200	3.714190
0.108300	3.864190
0.108400	3.764190
0.108500	3.734190
0.108600	3.774190
0.108700	3.824190
0.108800	3.764190
0.108900	3.974190
0.109000	3.874190
0.109100	3.874190
0.109200	3.894190
0.109300	3.914190
0.109400	3.974190
0.109500	3.774190
0.109600	3.954190
0.109700	3.894190
0.109800	3.884190
0.109900	3.904190
0.110000	3.814190
0.110100	3.924190
0.110200	3.874190
0.110300	3.944190
0.110400	4.014190
0.110500	3.914190
0.110600	3.954190
0.110700	3.934190
0.110800	4.014190
0.110900	3.894190
0.111000	3.904190
0.111100	4.064190
0.111200	4.044190
0.111300	3.974190
0.111400	4.014190
0.111500	4.084190
0.111600	3.974190
0.111700	4.024190
0.111800	3.954190
0.111900	3.994190
0.112000	4.004190
0.112100	4.034190
0.112200	3.984190
0.112300	4.024190
0.112400	4.004190
0.112500	3.984190
0.112600	3.984190
0.112700	3.934190
0.112800	4.054190
0.112900	3.874190
0.113000	3.944190
0.113100	3.994190
0.113200	3.904190
0.113300	4.014190
0.113400	4.054190
0.113500	3.934190
0.113600	3.994190
0.113700	3.914190
0.113800	3.914190
0.113900	3.844190
0.114000	4.054190
0.114100	3.854190
0.114200	3.904190
0.114300	4.034190
0.114400	3.884190
0.114500	3.824190
0.114600	3.874190
0.114700	3.814190
0.114800	3.864190
0.114900	3.894190
0.115000	3.884190
0.115100	3.784190
0.115200	3.794190
0.115300	3.874190
0.115400	3.784190
0.115500	3.824190
0.115600	3.784190
0.115700	3.714190
0.115800	3.804190
0.115900	3.704190
0.116000	3.704190
0.116100	3.694190
0.116200	3.774190
0.116300	3.714190
0.116400	3.684190
0.116500	3.584190
0.116600	3.544190
0.116700	3.604190
0.116800	3.564190
0.116900	3.594190
0.117000	3.544190
0.117100	3.494190
0.117200	3.464190
0.117300	3.434190
0.117400	3.494190
0.117500	3.484190
0.117600	3.404190
0.117700	3.294190
0.117800	3.294190
0.117900	3.294190
0.118000	3.214190
0.118100	3.224190
0.118200	3.324190
0.118300	3.084190
0.118400	3.054190
0.118500	3.224190
0.118600	3.164190
0.118700	2.984190
0.118800	3.034190
0.118900	3.014190
0.119000	2.914190
0.119100	2.974190
0.119200	3.014190
0.119300	2.814190
0.119400	2.824190
0.119500	2.784190
0.119600	2.704190
0.119700	2.584190
0.119800	2.614190
0.119900	2.604190
0.120000	2.514190
0.120100	2.624190
0.120200	2.584190
0.120300	2.534190
0.120400	2.364190
0.120500	2.464190
0.120600	2.254190
0.120700	2.404190
0.120800	2.254190
0.120900	2.204190
0.121000	2.084190
0.121100	2.074190
0.121200	2.074190
0.121300	1.914190
0.121400	1.844190
0.121500	1.904190
0.121600	1.724190
0.121700	1.754190
0.121800	1.764190
0.121900	1.714190
0.122000	1.504190
0.122100	1.474190
0.122200	1.624190
0.122300	1.444190
0.122400	1.424190
0.122500	1.364190
0.122600	1.314190
0.122700	1.294190
0.122800	1.244190
0.122900	1.214190
0.123000	1.154190
0.123100	1.114190
0.123200	1.024190
0.123300	0.924190
0.123400	1.014190
0.123500	0.854190
0.123600	0.724190
0.123700	0.834190
0.123800	0.864190
0.123900	0.684190
0.124000	0.644190
0.124100	0.644190
0.124200	0.484190
0.124300	0.474190
0.124400	0.514190
0.124500	0.454190
0.124600	0.344190
0.124700	0.304190
0.124800	0.394190
0.124900	0.334190
0.125000	0.314190
0.125100	0.234190
0.125200	0.214190
0.125300	0.304190
0.125400	0.134190
0.125500	0.124190
0.125600	0.094190
0.125700	-0.015810
0.125800	0.034190
0.125900	-0.005810
0.126000	0.084190
0.126100	-0.015810
0.126200	-0.055810
0.126300	-0.135810
0.126400	-0.105810
0.126500	-0.085810
0.126600	-0.045810
0.126700	-0.105810
0.126800	-0.005810
0.126900	-0.135810
0.127000	-0.275810
0.127100	-0.175810
0.127200	-0.285810
0.127300	-0.395810
0.127400	-0.295810
0.127500	-0.215810
0.127600	-0.285810
0.127700	-0.205810
0.127800	-0.205810
0.127900	-0.425810
0.128000	-0.325810
0.128100	-0.145810
0.128200	-0.255810
0.128300	-0.285810
0.128400	-0.275810
0.128500	-0.375810
0.128600	-0.325810
0.128700	-0.325810
0.128800	-0.295810
0.128900	-0.225810
0.129000	-0.275810
0.129100	-0.235810
0.129200	-0.285810
0.129300	-0.205810
0.129400	-0.285810
0.129500	-0.315810
0.129600	-0.355810
0.129700	-0.285810
0.129800	-0.205810
0.129900	-0.305810
0.130000	-0.395810
0.130100	-0.225810
0.130200	-0.275810
0.130300	-0.365810
0.130400	-0.255810
0.130500	-0.265810
0.130600	-0.395810
0.130700	-0.265810
0.130800	-0.295810
0.130900	-0.305810
0.131000	-0.425810
0.131100	-0.285810
0.131200	-0.325810
0.131300	-0.225810
0.131400	-0.305810
0.131500	-0.355810
0.131600	-0.265810
0.131700	-0.385810
0.131800	-0.255810
0.131900	-0.165810
0.132000	-0.335810
0.132100	-0.335810
0.132200	-0.215810
0.132300	-0.245810
0.132400	-0.175810
0.132500	-0.225810
0.132600	-0.215810
0.132700	-0.235810
0.132800	-0.255810
0.132900	-0.185810
0.133000	-0.175810
0.133100	-0.275810
0.133200	-0.275810
0.133300	-0.165810
0.133400	-0.155810
0.133500	-0.235810
0.133600	-0.195810
0.133700	-0.155810
0.133800	-0.155810
0.133900	-0.155810
0.134000	-0.155810
0.134100	-0.095810
0.134200	-0.155810
0.134300	-0.155810
0.134400	-0.065810
0.134500	-0.165810
0.134600	-0.205810
0.134700	-0.155810
0.134800	-0.025810
0.134900	-0.055810
0.135000	-0.065810
0.135100	-0.165810
0.135200	-0.155810
0.135300	-0.145810
0.135400	-0.055810
0.135500	-0.155810
0.135600	-0.135810
0.135700	0.004190
0.135800	-0.115810
0.135900	-0.115810
0.136000	-0.085810
0.136100	-0.045810
0.136200	-0.165810
0.136300	0.044190
0.136400	0.014190
0.136500	-0.005810
0.136600	-0.005810
0.136700	0.074190
0.136800	0.004190
0.136900	0.044190
0.137000	0.014190
0.137100	0.094190
0.137200	-0.045810
0.137300	-0.015810
0.137400	0.084190
0.137500	0.214190
0.137600	0.164190
0.137700	0.144190
0.137800	0.104190
0.137900	0.194190
0.138000	0.224190
0.138100	0.064190
0.138200	0.084190
0.138300	0.294190
0.138400	0.204190
0.138500	0.324190
0.138600	0.224190
0.138700	0.304190
0.138800	0.154190
0.138900	0.234190
0.139000	0.274190
0.139100	0.354190
0.139200	0.194190
0.139300	0.354190
0.139400	0.374190
0.139500	0.404190
0.139600	0.264190
0.139700	0.424190
0.139800	0.424190
0.139900	0.414190
0.140000	0.414190
0.140100	0.394190
0.140200	0.444190
0.140300	0.504190
0.140400	0.564190
0.140500	0.514190
0.140600	0.564190
0.140700	0.574190
0.140800	0.484190
0.140900	0.444190
0.141000	0.534190
0.141100	0.714190
0.141200	0.594190
0.141300	0.624190
0.141400	0.794190
0.141500	0.744190
0.141600	0.614190
0.141700	0.804190
0.141800	0.784190
0.141900	0.744190
0.142000	0.814190
0.142100	0.804190
0.142200	0.744190
0.142300	0.744190
0.142400	0.844190
0.142500	0.844190
0.142600	0.874190
0.142700	0.874190
0.142800	0.884190
0.142900	0.774190
0.143000	0.874190
0.143100	0.944190
0.143200	1.014190
0.143300	0.964190
0.143400	0.984190
0.143500	1.054190
0.143600	1.054190
0.143700	1.014190
0.143800	1.064190
0.143900	1.074190
0.144000	1.144190
0.144100	1.044190
0.144200	1.004190
0.144300	0.984190
0.144400	1.304190
0.144500	1.104190
0.144600	1.144190
0.144700	1.174190
0.144800	1.154190
0.144900	1.154190
0.145000	1.174190
0.145100	1.274190
0.145200	1.274190
0.145300	1.214190
0.145400	1.284190
0.145500	1.334190
0.145600	1.264190
0.145700	1.294190
0.145800	1.264190
0.145900	1.264190
0.146000	1.284190
0.146100	1.294190
0.146200	1.274190
0.146300	1.244190
0.146400	1.394190
0.146500	1.444190
0.146600	1.374190
0.146700	1.424190
0.146800	1.324190
0.146900	1.414190
0.147000	1.324190
0.147100	1.394190
0.147200	1.404190
0.147300	1.414190
0.147400	1.484190
0.147500	1.494190
0.147600	1.484190
0.147700	1.504190
0.147800	1.384190
0.147900	1.524190
0.148000	1.454190
0.148100	1.414190
0.148200	1.524190
0.148300	1.474190
0.148400	1.564190
0.148500	1.504190
0.148600	1.514190
0.148700	1.624190
0.148800	1.584190
0.148900	1.484190
0.149000	1.654190
0.149100	1.674190
0.149200	1.494190
0.149300	1.474190
0.149400	1.654190
0.149500	1.594190
0.149600	1.554190
0.149700	1.654190
0.149800	1.644190
0.149900	1.604190
0.150000	1.694190
0.150100	1.644190
0.150200	1.694190
0.150300	1.654190
0.150400	1.654190
0.150500	1.684190
0.150600	1.624190
0.150700	1.594190
0.150800	1.734190
0.150900	1.684190
0.151000	1.624190
0.151100	1.664190
0.151200	1.614190
0.151300	1.704190
0.151400	1.644190
0.151500	1.684190
0.151600	1.634190
0.151700	1.684190
0.151800	1.824190
0.151900	1.514190
0.152000	1.664190
0.152100	1.704190
0.152200	1.524190
0.152300	1.544190
0.152400	1.634190
0.152500	1.664190
0.152600	1.594190
0.152700	1.684190
0.152800	1.654190
0.152900	1.694190
0.153000	1.724190
0.153100	1.744190
0.153200	1.764190
0.153300	1.724190
0.153400	1.704190
0.153500	1.654190
0.153600	1.634190
0.153700	1.624190
0.153800	1.634190
0.153900	1.764190
0.154000	1.864190
0.154100	1.734190
0.154200	1.754190
0.154300	1.634190
0.154400	1.594190
0.154500	1.644190
0.154600	1.534190
0.154700	1.564190
0.154800	1.604190
0.154900	1.644190
0.155000	1.704190
0.155100	1.594190
0.155200	1.674190
0.155300	1.594190
0.155400	1.664190
0.155500	1.464190
0.155600	1.584190
0.155700	1.584190
0.155800	1.564190
0.155900	1.504190
0.156000	1.524190
0.156100	1.554190
0.156200	1.584190
0.156300	1.554190
0.156400	1.704190
0.156500	1.534190
0.156600	1.474190
0.156700	1.504190
0.156800	1.594190
0.156900	1.614190
0.157000	1.524190
0.157100	1.474190
0.157200	1.504190
0.157300	1.474190
0.157400	1.624190
0.157500	1.464190
0.157600	1.524190
0.157700	1.414190
0.157800	1.594190
0.157900	1.434190
0.158000	1.464190
0.158100	1.394190
0.158200	1.494190
0.158300	1.434190
0.158400	1.594190
0.158500	1.484190
0.158600	1.424190
0.158700	1.364190
0.158800	1.544190
0.158900	1.374190
0.159000	1.384190
0.159100	1.454190
0.159200	1.444190
0.159300	1.354190
0.159400	1.354190
0.159500	1.444190
0.159600	1.444190
0.159700	1.464190
0.159800	1.394190
0.159900	1.444190
0.160000	1.244190
0.160100	1.234190
0.160200	1.294190
0.160300	1.344190
0.160400	1.264190
0.160500	1.364190
0.160600	1.284190
0.160700	1.354190
0.160800	1.354190
0.160900	1.314190
0.161000	1.264190
0.161100	1.444190
0.161200	1.354190
0.161300	1.274190
0.161400	1.314190
0.161500	1.284190
0.161600	1.254190
0.161700	1.184190
0.161800	1.324190
0.161900	1.244190
0.162000	1.234190
0.162100	1.384190
0.162200	1.374190
0.162300	1.284190
0.162400	1.164190
0.162500	1.294190
0.162600	1.124190
0.162700	0.974190
0.162800	1.074190
0.162900	1.134190
0.163000	1.134190
0.163100	1.134190
0.163200	1.024190
0.163300	1.044190
0.163400	1.184190
0.163500	1.164190
0.163600	1.144190
0.163700	1.104190
0.163800	1.184190
0.163900	1.294190
0.164000	1.184190
0.164100	1.144190
0.164200	1.234190
0.164300	1.154190
0.164400	1.284190
0.164500	1.274190
0.164600	1.114190
0.164700	1.204190
0.164800	1.194190
0.164900	1.184190
0.165000	1.064190
0.165100	1.064190
0.165200	1.124190
0.165300	1.044190
0.165400	1.194190
0.165500	1.184190
0.165600	1.074190
0.165700	1.054190
0.165800	1.064190
0.165900	1.114190
0.166000	0.984190
0.166100	0.954190
0.166200	1.044190
0.166300	1.104190
0.166400	1.134190
0.166500	1.054190
0.166600	0.994190
0.166700	1.064190
0.166800	1.024190
0.166900	1.034190
0.167000	1.104190
0.167100	1.014190
0.167200	1.074190
0.167300	1.024190
0.167400	1.114190
0.167500	1.064190
0.167600	1.004190
0.167700	1.064190
0.167800	1.024190
0.167900	1.104190
0.168000	0.904190
0.168100	1.044190
0.168200	1.024190
0.168300	0.974190
0.168400	1.014190
0.168500	0.974190
0.168600	0.974190
0.168700	1.004190
0.168800	0.964190
0.168900	0.894190
0.169000	0.904190
0.169100	0.904190
0.169200	0.954190
0.169300	0.974190
0.169400	0.944190
0.169500	0.994190
0.169600	0.914190
0.169700	0.814190
0.169800	0.954190
0.169900	0.814190
0.170000	0.944190
0.170100	0.844190
0.170200	0.874190
0.170300	0.854190
0.170400	0.794190
0.170500	0.934190
0.170600	0.874190
0.170700	0.874190
0.170800	0.804190
0.170900	0.824190
0.171000	0.814190
0.171100	0.724190
0.171200	0.784190
0.171300	0.984190
0.171400	0.914190
0.171500	0.914190
0.171600	0.914190
0.171700	0.734190
0.171800	0.954190
0.171900	0.784190
0.172000	0.774190
0.172100	0.824190
0.172200	0.864190
0.172300	0.874190
0.172400	0.844190
0.172500	0.814190
0.172600	0.764190
0.172700	0.734190
0.172800	0.684190
0.172900	0.774190
0.173000	0.914190
0.173100	0.974190
0.173200	0.854190
0.173300	0.844190
0.173400	0.824190
0.173500	0.794190
0.173600	0.754190
0.173700	0.744190
0.173800	0.734190
0.173900	0.744190
0.174000	0.764190
0.174100	0.714190
0.174200	0.674190
0.174300	0.874190
0.174400	0.784190
0.174500	0.794190
0.174600	0.794190
0.174700	0.804190
0.174800	0.844190
0.174900	0.864190
0.175000	0.734190
0.175100	0.704190
0.175200	0.714190
0.175300	0.704190
0.175400	0.744190
0.175500	0.924190
0.175600	0.824190
0.175700	0.844190
0.175800	0.804190
0.175900	0.814190
0.176000	0.834190
0.176100	0.764190
0.176200	0.814190
0.176300	0.804190
0.176400	0.934190
0.176500	0.774190
0.176600	0.964190
0.176700	0.864190
0.176800	0.764190
0.176900	0.894190
0.177000	0.924190
0.177100	0.764190
0.177200	0.904190
0.177300	0.914190
0.177400	0.964190
0.177500	0.764190
0.177600	0.834190
0.177700	0.934190
0.177800	0.944190
0.177900	0.914190
0.178000	0.874190
0.178100	0.874190
0.178200	0.924190
0.178300	1.024190
0.178400	0.924190
0.178500	0.954190
0.178600	0.954190
0.178700	1.064190
0.178800	1.014190
0.178900	0.994190
0.179000	1.074190
0.179100	0.964190
0.179200	0.994190
0.179300	1.124190
0.179400	0.984190
0.179500	0.944190
0.179600	1.024190
0.179700	1.104190
0.179800	1.044190
0.179900	1.014190
0.180000	1.084190
0.180100	1.024190
0.180200	1.044190
0.180300	1.044190
0.180400	1.074190
0.180500	1.004190
0.180600	1.034190
0.180700	1.104190
0.180800	1.024190
0.180900	0.914190
0.181000	1.014190
0.181100	1.034190
0.181200	1.004190
0.181300	0.974190
0.181400	0.924190
0.181500	0.894190
0.181600	0.964190
0.181700	1.084190
0.181800	0.924190
0.181900	1.074190
0.182000	0.974190
0.182100	0.864190
0.182200	0.654190
0.182300	0.864190
0.182400	0.824190
0.182500	0.784190
0.182600	0.764190
0.182700	0.844190
0.182800	0.764190
0.182900	0.674190
0.183000	0.764190
0.183100	0.784190
0.183200	0.734190
0.183300	0.714190
0.183400	0.734190
0.183500	0.624190
0.183600	0.684190
0.183700	0.634190
0.183800	0.664190
0.183900	0.754190
0.184000	0.574190
0.184100	0.614190
0.184200	0.644190
0.184300	0.734190
0.184400	0.734190
0.184500	0.554190
0.184600	0.614190
0.184700	0.594190
0.184800	0.714190
0.184900	0.634190
0.185000	0.654190
0.185100	0.664190
0.185200	0.584190
0.185300	0.664190
0.185400	0.714190
0.185500	0.604190
0.185600	0.554190
0.185700	0.524190
0.185800	0.634190
0.185900	0.504190
0.186000	0.544190
0.186100	0.744190
0.186200	0.464190
0.186300	0.604190
0.186400	0.564190
0.186500	0.414190
0.186600	0.494190
0.186700	0.464190
0.186800	0.564190
0.186900	0.594190
0.187000	0.574190
0.187100	0.654190
0.187200	0.624190
0.187300	0.474190
0.187400	0.514190
0.187500	0.504190
0.187600	0.574190
0.187700	0.574190
0.187800	0.574190
0.187900	0.514190
0.188000	0.524190
0.188100	0.524190
0.188200	0.554190
0.188300	0.484190
0.188400	0.604190
0.188500	0.514190
0.188600	0.464190
0.188700	0.584190
0.188800	0.564190
0.188900	0.434190
0.189000	0.594190
0.189100	0.534190
0.189200	0.564190
0.189300	0.564190
0.189400	0.554190
0.189500	0.524190
0.189600	0.514190
0.189700	0.514190
0.189800	0.524190
0.189900	0.484190
0.190000	0.644190
0.190100	0.604190
0.190200	0.684190
0.190300	0.554190
0.190400	0.624190
0.190500	0.594190
0.190600	0.744190
0.190700	0.604190
0.190800	0.524190
0.190900	0.564190
0.191000	0.484190
0.191100	0.634190
0.191200	0.594190
0.191300	0.644190
0.191400	0.504190
0.191500	0.764190
0.191600	0.694190
0.191700	0.594190
0.191800	0.624190
0.191900	0.524190
0.192000	0.604190
0.192100	0.624190
0.192200	0.654190
0.192300	0.654190
0.192400	0.544190
0.192500	0.714190
0.192600	0.664190
0.192700	0.804190
0.192800	0.774190
0.192900	0.694190
0.193000	0.634190
0.193100	0.774190
0.193200	0.744190
0.193300	0.744190
0.193400	0.754190
0.193500	0.774190
0.193600	0.644190
0.193700	0.684190
0.193800	0.714190
0.193900	0.774190
0.194000	0.704190
0.194100	0.714190
0.194200	0.774190
0.194300	0.794190
0.194400	0.734190
0.194500	0.724190
0.194600	0.754190
0.194700	0.714190
0.194800	0.704190
0.194900	0.654190
0.195000	0.664190
0.195100	0.844190
0.195200	0.744190
0.195300	0.964190
0.195400	0.934190
0.195500	0.984190
0.195600	0.944190
0.195700	0.924190
0.195800	0.984190
0.195900	0.834190
0.196000	0.884190
0.196100	0.744190
0.196200	0.834190
0.196300	0.804190
0.196400	0.884190
0.196500	0.954190
0.196600	1.034190
0.196700	0.934190
0.196800	1.054190
0.196900	1.254190
0.197000	1.044190
0.197100	1.014190
0.197200	1.094190
0.197300	1.074190
0.197400	1.034190
0.197500	1.104190
0.197600	0.964190
0.197700	1.024190
0.197800	1.194190
0.197900	1.074190
0.198000	1.114190
0.198100	1.074190
0.198200	1.114190
0.198300	1.024190
0.198400	1.044190
0.198500	1.074190
0.198600	1.144190
0.198700	1.074190
0.198800	1.074190
0.198900	1.124190
0.199000	0.994190
0.199100	1.114190
0.199200	1.074190
0.199300	1.124190
0.199400	1.104190
0.199500	1.054190
0.199600	1.004190
0.199700	1.084190
0.199800	1.174190
0.199900	1.064190
0.200000	1.064190
0.200100	1.144190
0.200200	1.074190
0.200300	1.024190
0.200400	1.014190
0.200500	1.144190
0.200600	1.174190
0.200700	1.144190
0.200800	1.114190
0.200900	1.204190
0.201000	1.144190
0.201100	0.914190
0.201200	1.094190
0.201300	1.134190
0.201400	1.014190
0.201500	1.084190
0.201600	1.134190
0.201700	1.124190
0.201800	1.024190
0.201900	0.954190
0.202000	1.004190
0.202100	1.094190
0.202200	1.174190
0.202300	0.954190
0.202400	1.084190
0.202500	1.094190
0.202600	0.994190
0.202700	0.984190
0.202800	0.914190
0.202900	1.084190
0.203000	0.984190
0.203100	0.944190
0.203200	0.974190
0.203300	1.034190
0.203400	1.024190
0.203500	1.024190
0.203600	0.984190
0.203700	0.824190
0.203800	0.874190
0.203900	1.004190
0.204000	0.904190
0.204100	1.014190
0.204200	1.114190
0.204300	1.074190
0.204400	0.874190
0.204500	0.804190
0.204600	0.994190
0.204700	0.824190
0.204800	0.804190
0.204900	0.864190
0.205000	0.854190
0.205100	0.794190
0.205200	0.824190
0.205300	0.864190
0.205400	0.764190
0.205500	0.744190
0.205600	0.834190
0.205700	0.854190
0.205800	0.664190
0.205900	0.854190
0.206000	0.764190
0.206100	0.704190
0.206200	0.804190
0.206300	0.724190
0.206400	0.674190
0.206500	0.764190
0.206600	0.714190
0.206700	0.704190
0.206800	0.744190
0.206900	0.724190
0.207000	0.684190
0.207100	0.564190
0.207200	0.624190
0.207300	0.694190
0.207400	0.694190
0.207500	0.554190
0.207600	0.594190
0.207700	0.584190
0.207800	0.514190
0.207900	0.544190
0.208000	0.624190
0.208100	0.554190
0.208200	0.594190
0.208300	0.654190
0.208400	0.514190
0.208500	0.454190
0.208600	0.484190
0.208700	0.544190
0.208800	0.404190
0.208900	0.424190
0.209000	0.574190
0.209100	0.484190
0.209200	0.494190
0.209300	0.444190
0.209400	0.454190
0.209500	0.434190
0.209600	0.474190
0.209700	0.364190
0.209800	0.314190
0.209900	0.284190
0.210000	0.514190
0.210100	0.414190
0.210200	0.324190
0.210300	0.344190
0.210400	0.324190
0.210500	0.334190
0.210600	0.364190
0.210700	0.334190
0.210800	0.254190
0.210900	0.434190
0.211000	0.364190
0.211100	0.424190
0.211200	0.394190
0.211300	0.304190
0.211400	0.394190
0.211500	0.374190
0.211600	0.314190
0.211700	0.304190
0.211800	0.224190
0.211900	0.264190
0.212000	0.234190
0.212100	0.284190
0.212200	0.194190
0.212300	0.274190
0.212400	0.404190
0.212500	0.174190
0.212600	0.364190
0.212700	0.254190
0.212800	0.364190
0.212900	0.334190
0.213000	0.244190
0.213100	0.334190
0.213200	0.284190
0.213300	0.354190
0.213400	0.284190
0.213500	0.294190
0.213600	0.254190
0.213700	0.394190
0.213800	0.384190
0.213900	0.404190
0.214000	0.414190
0.214100	0.364190
0.214200	0.234190
0.214300	0.264190
0.214400	0.214190
0.214500	0.164190
0.214600	0.044190
0.214700	0.174190
0.214800	0.234190
0.214900	0.234190
0.215000	0.184190
0.215100	0.164190
0.215200	0.084190
0.215300	0.024190
0.215400	0.154190
0.215500	0.084190
0.215600	0.044190
0.215700	0.144190
0.215800	0.034190
0.215900	0.134190
0.216000	0.114190
0.216100	0.164190
0.216200	0.144190
0.216300	0.184190
0.216400	0.094190
0.216500	0.074190
0.216600	0.204190
0.216700	-0.015810
0.216800	0.204190
0.216900	0.114190
0.217000	0.074190
0.217100	0.154190
0.217200	0.094190
0.217300	0.124190
0.217400	0.214190
0.217500	0.174190
0.217600	0.084190
0.217700	0.154190
0.217800	0.314190
0.217900	0.204190
0.218000	0.204190
0.218100	0.214190
0.218200	0.104190
0.218300	0.334190
0.218400	0.274190
0.218500	0.244190
0.218600	0.284190
0.218700	0.284190
0.218800	0.244190
0.218900	0.334190
0.219000	0.304190
0.219100	0.304190
0.219200	0.264190
0.219300	0.264190
0.219400	0.204190
0.219500	0.134190
0.219600	0.224190
0.219700	0.114190
0.219800	0.144190
0.219900	0.164190
0.220000	0.244190
0.220100	0.104190
0.220200	0.054190
0.220300	0.234190
0.220400	0.144190
0.220500	0.154190
0.220600	0.294190
0.220700	0.174190
0.220800	-0.035810
0.220900	0.204190
0.221000	0.114190
0.221100	0.054190
0.221200	0.134190
0.221300	0.054190
0.221400	-0.025810
0.221500	0.104190
0.221600	0.254190
0.221700	0.104190
0.221800	0.204190
0.221900	0.224190
0.222000	0.114190
0.222100	0.034190
0.222200	0.164190
0.222300	0.204190
0.222400	0.254190
0.222500	0.274190
0.222600	0.204190
0.222700	0.224190
0.222800	0.234190
0.222900	0.324190
0.223000	0.174190
0.223100	0.204190
0.223200	0.154190
0.223300	0.264190
0.223400	0.244190
0.223500	0.214190
0.223600	0.124190
0.223700	0.104190
0.223800	0.124190
0.223900	0.304190
0.224000	0.264190
0.224100	0.174190
0.224200	0.164190
0.224300	0.094190
0.224400	0.304190
0.224500	0.224190
0.224600	0.194190
0.224700	0.104190
0.224800	0.144190
0.224900	0.274190
0.225000	0.224190
0.225100	0.274190
0.225200	0.264190
0.225300	0.284190
0.225400	0.354190
0.225500	0.144190
0.225600	0.244190
0.225700	0.134190
0.225800	0.224190
0.225900	0.294190
0.226000	0.244190
0.226100	0.304190
0.226200	0.274190
0.226300	0.204190
0.226400	0.264190
0.226500	0.234190
0.226600	0.074190
0.226700	0.214190
0.226800	0.214190
0.226900	0.204190
0.227000	0.194190
0.227100	0.254190
0.227200	0.234190
0.227300	0.214190
0.227400	0.244190
0.227500	0.194190
0.227600	0.214190
0.227700	0.274190
0.227800	0.224190
0.227900	0.104190
0.228000	0.194190
0.228100	0.314190
0.228200	0.214190
0.228300	0.054190
0.228400	0.224190
0.228500	0.334190
0.228600	0.224190
0.228700	0.354190
0.228800	0.254190
0.228900	0.324190
0.229000	0.224190
0.229100	0.214190
0.229200	0.204190
0.229300	0.204190
0.229400	0.354190
0.229500	0.404190
0.229600	0.394190
0.229700	0.384190
0.229800	0.234190
0.229900	0.394190
0.230000	0.454190
0.230100	0.304190
0.230200	0.344190
0.230300	0.354190
0.230400	0.274190
0.230500	0.404190
0.230600	0.344190
0.230700	0.404190
0.230800	0.294190
0.230900	0.214190
0.231000	0.354190
0.231100	0.324190
0.231200	0.264190
0.231300	0.374190
0.231400	0.214190
0.231500	0.334190
0.231600	0.374190
0.231700	0.394190
0.231800	0.354190
0.231900	0.324190
0.232000	0.254190
0.232100	0.254190
0.232200	0.314190
0.232300	0.374190
0.232400	0.324190
0.232500	0.404190
0.232600	0.354190
0.232700	0.214190
0.232800	0.414190
0.232900	0.424190
0.233000	0.564190
0.233100	0.274190
0.233200	0.294190
0.233300	0.294190
0.233400	0.284190
0.233500	0.144190
0.233600	0.224190
0.233700	0.254190
0.233800	0.134190
0.233900	0.274190
0.234000	0.154190
0.234100	0.174190
0.234200	0.274190
0.234300	0.184190
0.234400	0.074190
0.234500	0.194190
0.234600	0.104190
0.234700	0.134190
0.234800	0.244190
0.234900	0.184190
0.235000	0.104190
0.235100	0.154190
0.235200	0.194190
0.235300	0.204190
0.235400	0.184190
0.235500	0.274190
0.235600	0.144190
0.235700	0.074190
0.235800	0.234190
0.235900	0.224190
0.236000	0.194190
0.236100	0.214190
0.236200	0.154190
0.236300	0.134190
0.236400	0.174190
0.236500	0.034190
0.236600	0.164190
0.236700	0.114190
0.236800	0.084190
0.236900	0.064190
0.237000	0.024190
0.237100	0.094190
0.237200	-0.025810
0.237300	-0.085810
0.237400	0.024190
0.237500	0.194190
0.237600	0.154190
0.237700	0.114190
0.237800	0.094190
0.237900	-0.105810
0.238000	0.014190
0.238100	0.084190
0.238200	-0.035810
0.238300	0.024190
0.238400	0.094190
0.238500	-0.025810
0.238600	-0.035810
0.238700	0.024190
0.238800	0.074190
0.238900	-0.075810
0.239000	0.014190
0.239100	-0.065810
0.239200	-0.005810
0.239300	-0.025810
0.239400	0.094190
0.239500	0.054190
0.239600	0.064190
0.239700	-0.015810
0.239800	0.084190
0.239900	0.034190
0.240000	0.074190
0.240100	0.014190
0.240200	0.054190
0.240300	0.204190
0.240400	-0.045810
0.240500	0.044190
0.240600	-0.245810
0.240700	-0.145810
0.240800	-0.035810
0.240900	-0.065810
0.241000	0.074190
0.241100	0.074190
0.241200	-0.085810
0.241300	-0.065810
0.241400	-0.045810
0.241500	-0.135810
0.241600	-0.075810
0.241700	-0.125810
0.241800	-0.105810
0.241900	-0.115810
0.242000	-0.085810
0.242100	0.094190
0.242200	-0.095810
0.242300	0.094190
0.242400	-0.095810
0.242500	-0.195810
0.242600	-0.075810
0.242700	-0.025810
0.242800	-0.065810
0.242900	-0.025810
0.243000	-0.025810
0.243100	-0.135810
0.243200	-0.255810
0.243300	-0.015810
0.243400	-0.215810
0.243500	-0.065810
0.243600	-0.125810
0.243700	-0.195810
0.243800	-0.125810
0.243900	-0.085810
0.244000	-0.185810
0.244100	-0.195810
0.244200	-0.085810
0.244300	-0.055810
0.244400	-0.265810
0.244500	-0.115810
0.244600	-0.135810
0.244700	-0.205810
0.244800	-0.175810
0.244900	-0.125810
0.245000	-0.095810
0.245100	-0.215810
0.245200	-0.055810
0.245300	-0.165810
0.245400	-0.065810
0.245500	-0.075810
0.245600	-0.115810
0.245700	-0.125810
0.245800	-0.015810
0.245900	-0.085810
0.246000	-0.185810
0.246100	-0.115810
0.246200	-0.195810
0.246300	-0.175810
0.246400	-0.025810
0.246500	-0.145810
0.246600	-0.235810
0.246700	-0.295810
0.246800	-0.095810
0.246900	-0.075810
0.247000	-0.145810
0.247100	-0.175810
0.247200	-0.205810
0.247300	-0.055810
0.247400	-0.085810
0.247500	-0.185810
0.247600	-0.165810
0.247700	-0.105810
0.247800	-0.115810
0.247900	-0.165810
0.248000	-0.085810
0.248100	-0.135810
0.248200	-0.295810
0.248300	-0.125810
0.248400	-0.025810
0.248500	-0.205810
0.248600	-0.165810
0.248700	-0.035810
0.248800	-0.175810
0.248900	-0.135810
0.249000	-0.155810
0.249100	-0.285810
0.249200	-0.185810
0.249300	-0.175810
0.249400	-0.165810
0.249500	-0.125810
0.249600	-0.185810
0.249700	-0.145810
0.249800	-0.235810
0.249900	-0.255810
0.250000	-0.045810
0.250100	-0.275810
0.250200	-0.205810
0.250300	-0.165810
0.250400	-0.165810
0.250500	-0.125810
0.250600	-0.005810
0.250700	-0.165810
0.250800	-0.215810
0.250900	-0.195810
0.251000	-0.195810
0.251100	-0.185810
0.251200	-0.225810
0.251300	-0.265810
0.251400	-0.265810
0.251500	-0.205810
0.251600	-0.065810
0.251700	-0.125810
0.251800	-0.135810
0.251900	-0.135810
0.252000	-0.065810
0.252100	-0.145810
0.252200	-0.165810
0.252300	-0.145810
0.252400	-0.155810
0.252500	-0.045810
0.252600	-0.065810
0.252700	-0.045810
0.252800	-0.145810
0.252900	-0.115810
0.253000	-0.165810
0.253100	-0.185810
0.253200	-0.005810
0.253300	-0.105810
0.253400	-0.115810
0.253500	-0.065810
0.253600	-0.035810
0.253700	-0.095810
0.253800	-0.235810
0.253900	0.024190
0.254000	-0.115810
0.254100	-0.035810
0.254200	-0.125810
0.254300	-0.115810
0.254400	-0.065810
0.254500	-0.055810
0.254600	-0.125810
0.254700	-0.105810
0.254800	0.004190
0.254900	-0.105810
0.255000	-0.195810
0.255100	-0.055810
0.255200	0.044190
0.255300	-0.035810
0.255400	0.004190
0.255500	-0.065810
0.255600	-0.065810
0.255700	-0.085810
0.255800	-0.065810
0.255900	0.084190
0.256000	-0.075810
0.256100	-0.055810
0.256200	-0.015810
0.256300	-0.085810
0.256400	-0.115810
0.256500	0.044190
0.256600	-0.115810
0.256700	-0.055810
0.256800	-0.015810
0.256900	-0.145810
0.257000	-0.125810
0.257100	-0.005810
0.257200	-0.105810
0.257300	-0.075810
0.257400	-0.035810
0.257500	-0.185810
0.257600	-0.165810
0.257700	-0.045810
0.257800	-0.205810
0.257900	-0.065810
0.258000	0.024190
0.258100	-0.045810
0.258200	-0.065810
0.258300	-0.145810
0.258400	0.084190
0.258500	-0.015810
0.258600	-0.125810
0.258700	-0.005810
0.258800	-0.045810
0.258900	-0.035810
0.259000	-0.035810
0.259100	-0.085810
0.259200	0.004190
0.259300	0.034190
0.259400	-0.035810
0.259500	-0.075810
0.259600	-0.095810
0.259700	-0.065810
0.259800	-0.145810
0.259900	-0.155810
0.260000	-0.065810
0.260100	-0.135810
0.260200	-0.195810
0.260300	-0.075810
0.260400	-0.135810
0.260500	-0.045810
0.260600	-0.045810
0.260700	-0.045810
0.260800	-0.005810
0.260900	-0.055810
0.261000	-0.055810
0.261100	-0.105810
0.261200	-0.215810
0.261300	-0.005810
0.261400	-0.105810
0.261500	-0.055810
0.261600	0.044190
0.261700	-0.165810
0.261800	-0.105810
0.261900	-0.115810
0.262000	-0.055810
0.262100	-0.145810
0.262200	-0.025810
0.262300	0.004190
0.262400	-0.085810
0.262500	0.054190
0.262600	-0.085810
0.262700	-0.035810
0.262800	-0.175810
0.262900	-0.235810
0.263000	-0.165810
0.263100	-0.105810
0.263200	-0.195810
0.263300	-0.285810
0.263400	-0.265810
0.263500	-0.135810
0.263600	-0.195810
0.263700	-0.175810
0.263800	-0.215810
0.263900	-0.235810
0.264000	-0.255810
0.264100	-0.265810
0.264200	-0.165810
0.264300	-0.215810
0.264400	-0.205810
0.264500	-0.085810
0.264600	-0.205810
0.264700	-0.135810
0.264800	-0.145810
0.264900	-0.215810
0.265000	-0.115810
0.265100	-0.075810
0.265200	-0.095810
0.265300	-0.195810
0.265400	-0.025810
0.265500	0.004190
0.265600	-0.205810
0.265700	-0.095810
0.265800	-0.125810
0.265900	-0.155810
0.266000	-0.185810
0.266100	-0.115810
0.266200	-0.145810
0.266300	-0.075810
0.266400	-0.085810
0.266500	-0.085810
0.266600	-0.125810
0.266700	-0.215810
0.266800	-0.115810
0.266900	-0.065810
0.267000	-0.105810
0.267100	-0.165810
0.267200	-0.045810
0.267300	-0.185810
0.267400	-0.105810
0.267500	-0.055810
0.267600	-0.125810
0.267700	-0.195810
0.267800	-0.055810
0.267900	-0.175810
0.268000	-0.055810
0.268100	-0.055810
0.268200	-0.135810
0.268300	-0.095810
0.268400	-0.095810
0.268500	-0.185810
0.268600	-0.125810
0.268700	-0.195810
0.268800	-0.075810
0.268900	-0.185810
0.269000	-0.085810
0.269100	-0.005810
0.269200	-0.085810
0.269300	0.104190
0.269400	-0.085810
0.269500	-0.075810
0.269600	-0.055810
0.269700	-0.055810
0.269800	-0.045810
0.269900	-0.095810
0.270000	-0.015810
0.270100	-0.085810
0.270200	-0.055810
0.270300	-0.055810
0.270400	-0.055810
0.270500	-0.065810
0.270600	-0.005810
0.270700	-0.005810
0.270800	-0.035810
0.270900	0.074190
0.271000	0.054190
0.271100	0.204190
0.271200	0.014190
0.271300	0.034190
0.271400	0.054190
0.271500	0.064190
0.271600	0.134190
0.271700	0.144190
0.271800	0.174190
0.271900	0.104190
0.272000	0.094190
0.272100	0.094190
0.272200	0.134190
0.272300	-0.015810
0.272400	-0.055810
0.272500	-0.155810
0.272600	-0.245810
0.272700	-0.285810
0.272800	-0.365810
0.272900	-0.225810
0.273000	-0.395810
0.273100	-0.445810
0.273200	-0.355810
0.273300	-0.365810
0.273400	-0.375810
0.273500	-0.375810
0.273600	-0.225810
0.273700	-0.175810
0.273800	-0.125810
0.273900	-0.215810
0.274000	-0.285810
0.274100	-0.345810
0.274200	-0.245810
0.274300	-0.225810
0.274400	-0.215810
0.274500	-0.125810
0.274600	-0.145810
0.274700	-0.185810
0.274800	-0.175810
0.274900	-0.185810
0.275000	-0.255810
0.275100	-0.205810
0.275200	-0.165810
0.275300	-0.225810
0.275400	-0.175810
0.275500	-0.065810
0.275600	-0.085810
0.275700	-0.035810
0.275800	0.034190
0.275900	-0.065810
0.276000	-0.175810
0.276100	-0.055810
0.276200	-0.125810
0.276300	-0.255810
0.276400	-0.095810
0.276500	-0.285810
0.276600	-0.145810
0.276700	-0.255810
0.276800	-0.195810
0.276900	-0.285810
0.277000	-0.205810
0.277100	-0.245810
0.277200	-0.155810
0.277300	-0.045810
0.277400	-0.175810
0.277500	-0.245810
0.277600	-0.305810
0.277700	-0.165810
0.277800	-0.285810
0.277900	-0.245810
0.278000	-0.135810
0.278100	-0.165810
0.278200	-0.135810
0.278300	-0.045810
0.278400	-0.155810
0.278500	-0.255810
0.278600	-0.095810
0.278700	-0.165810
0.278800	-0.235810
0.278900	-0.175810
0.279000	-0.195810
0.279100	-0.225810
0.279200	-0.225810
0.279300	-0.175810
0.279400	-0.115810
0.279500	-0.145810
0.279600	-0.265810
0.279700	-0.225810
0.279800	-0.225810
0.279900	-0.205810
0.280000	-0.255810
0.280100	-0.175810
0.280200	-0.315810
0.280300	-0.135810
0.280400	-0.115810
0.280500	-0.145810
0.280600	-0.225810
0.280700	-0.195810
0.280800	-0.245810
0.280900	-0.265810
0.281000	-0.365810
0.281100	-0.345810
0.281200	-0.315810
0.281300	-0.285810
0.281400	-0.415810
0.281500	-0.325810
0.281600	-0.255810
0.281700	-0.235810
0.281800	-0.275810
0.281900	-0.335810
0.282000	-0.305810
0.282100	-0.475810
0.282200	-0.375810
0.282300	-0.315810
0.282400	-0.365810
0.282500	-0.345810
0.282600	-0.275810
0.282700	-0.145810
0.282800	-0.215810
0.282900	-0.225810
0.283000	-0.125810
0.283100	-0.195810
0.283200	-0.285810
0.283300	-0.095810
0.283400	-0.025810
0.283500	-0.155810
0.283600	-0.145810
0.283700	-0.175810
0.283800	-0.145810
0.283900	-0.245810
0.284000	-0.285810
0.284100	-0.265810
0.284200	-0.185810
0.284300	-0.245810
0.284400	-0.275810
0.284500	-0.195810
0.284600	-0.285810
0.284700	-0.255810
0.284800	-0.275810
0.284900	-0.305810
0.285000	-0.345810
0.285100	-0.235810
0.285200	-0.275810
0.285300	-0.305810
0.285400	-0.205810
0.285500	-0.275810
0.285600	-0.225810
0.285700	-0.145810
0.285800	-0.255810
0.285900	-0.165810
0.286000	-0.275810
0.286100	-0.255810
0.286200	-0.205810
0.286300	-0.335810
0.286400	-0.115810
0.286500	-0.155810
0.286600	-0.255810
0.286700	-0.185810
0.286800	-0.095810
0.286900	-0.215810
0.287000	-0.115810
0.287100	-0.275810
0.287200	-0.345810
0.287300	-0.165810
0.287400	-0.265810
0.287500	-0.235810
0.287600	-0.165810
0.287700	-0.185810
0.287800	-0.165810
0.287900	-0.165810
0.288000	-0.215810
0.288100	-0.295810
0.288200	-0.345810
0.288300	-0.275810
0.288400	-0.255810
0.288500	-0.295810
0.288600	-0.245810
0.288700	-0.225810
0.288800	-0.335810
0.288900	-0.245810
0.289000	-0.335810
0.289100	-0.405810
0.289200	-0.415810
0.289300	-0.195810
0.289400	-0.315810
0.289500	-0.325810
0.289600	-0.265810
0.289700	-0.455810
0.289800	-0.395810
0.289900	-0.335810
0.290000	-0.395810
0.290100	-0.355810
0.290200	-0.235810
0.290300	-0.425810
0.290400	-0.355810
0.290500	-0.425810
0.290600	-0.435810
0.290700	-0.405810
0.290800	-0.425810
0.290900	-0.305810
0.291000	-0.295810
0.291100	-0.265810
0.291200	-0.215810
0.291300	-0.425810
0.291400	-0.345810
0.291500	-0.315810
0.291600	-0.225810
0.291700	-0.295810
0.291800	-0.165810
0.291900	-0.205810
0.292000	-0.295810
0.292100	-0.175810
0.292200	-0.165810
0.292300	-0.305810
0.292400	-0.355810
0.292500	-0.455810
0.292600	-0.285810
0.292700	-0.255810
0.292800	-0.275810
0.292900	-0.275810
0.293000	-0.315810
0.293100	-0.285810
0.293200	-0.295810
0.293300	-0.325810
0.293400	-0.165810
0.293500	-0.245810
0.293600	-0.195810
0.293700	-0.265810
0.293800	-0.275810
0.293900	-0.275810
0.294000	-0.305810
0.294100	-0.295810
0.294200	-0.355810
0.294300	-0.395810
0.294400	-0.355810
0.294500	-0.325810
0.294600	-0.395810
0.294700	-0.215810
0.294800	-0.265810
0.294900	-0.345810
0.295000	-0.265810
0.295100	-0.225810
0.295200	-0.335810
0.295300	-0.215810
0.295400	-0.435810
0.295500	-0.185810
0.295600	-0.205810
0.295700	-0.095810
0.295800	-0.065810
0.295900	-0.005810
0.296000	0.084190
0.296100	-0.055810
0.296200	-0.015810
0.296300	0.024190
0.296400	0.044190
0.296500	0.054190
0.296600	-0.035810
0.296700	-0.015810
0.296800	-0.065810
0.296900	-0.145810
0.297000	-0.245810
0.297100	-0.385810
0.297200	-0.455810
0.297300	-0.605810
0.297400	-0.625810
0.297500	-0.785810
0.297600	-0.665810
0.297700	-0.785810
0.297800	-0.655810
0.297900	-0.565810
0.298000	-0.505810
0.298100	-0.535810
0.298200	-0.455810
0.298300	-0.445810
0.298400	-0.375810
0.298500	-0.475810
0.298600	-0.445810
0.298700	-0.495810
0.298800	-0.405810
0.298900	-0.375810
0.299000	-0.315810
0.299100	-0.345810
0.299200	-0.265810
0.299300	-0.385810
0.299400	-0.415810
0.299500	-0.315810
0.299600	-0.365810
0.299700	-0.415810
0.299800	-0.345810
0.299900	-0.295810
0.300000	-0.425810
