-0.005000	-0.000000
-0.004900	-0.000000
-0.004800	-0.000000
-0.004700	-0.000000
-0.004600	-0.000000
-0.004500	-0.000000
-0.004400	-0.000000
-0.004300	-0.000000
-0.004200	-0.000000
-0.004100	-0.000000
-0.004000	-0.000000
-0.003900	-0.000000
-0.003800	-0.000000
-0.003700	-0.000000
-0.003600	-0.000000
-0.003500	-0.000000
-0.003400	-0.000000
-0.003300	-0.000000
-0.003200	-0.000000
-0.003100	-0.000000
-0.003000	-0.000000
-0.002900	-0.000000
-0.002800	-0.000000
-0.002700	-0.000000
-0.002600	-0.000000
-0.002500	-0.000000
-0.002400	-0.000000
-0.002300	-0.000000
-0.002200	-0.000000
-0.002100	-0.000000
-0.002000	-0.000000
-0.001900	-0.000000
-0.001800	-0.000000
-0.001700	-0.000000
-0.001600	-0.000000
-0.001500	-0.000000
-0.001400	-0.000000
-0.001300	-0.000000
-0.001200	-0.000000
-0.001100	-0.000000
-0.001000	-0.000000
-0.000900	-0.000000
-0.000800	-0.000000
-0.000700	-0.000000
-0.000600	-0.000000
-0.000500	-0.000000
-0.000400	-0.000000
-0.000300	-0.000000
-0.000200	-0.000000
-0.000100	-0.000000
0.000000	-0.000000
0.000100	-0.000000
0.000200	-0.000000
0.000300	-0.000000
0.000400	-0.000000
0.000500	-0.000000
0.000600	-0.000000
0.000700	-0.000000
0.000800	-0.000000
0.000900	-0.000000
0.001000	-0.000000
0.001100	-0.000000
0.001200	-0.000000
0.001300	-0.000000
0.001400	-0.000000
0.001500	-0.000000
0.001600	-0.000000
0.001700	-0.000000
0.001800	-0.000000
0.001900	-0.000000
0.002000	-0.000000
0.002100	-0.000000
0.002200	-0.000000
0.002300	-0.000000
0.002400	-0.000000
0.002500	-0.000000
0.002600	-0.000000
0.002700	-0.000000
0.002800	-0.000000
0.002900	-0.000000
0.003000	-0.000000
0.003100	-0.000000
0.003200	-0.000000
0.003300	-0.000000
0.003400	-0.000000
0.003500	-0.000000
0.003600	-0.000000
0.003700	-0.000000
0.003800	-0.000000
0.003900	-0.000000
0.004000	-0.000000
0.004100	-0.000000
0.004200	-0.000000
0.004300	-0.000000
0.004400	-0.000000
0.004500	-0.000000
0.004600	-0.000000
0.004700	-0.000000
0.004800	-0.000000
0.004900	-0.000000
0.005000	-0.000000
0.005100	-0.000000
0.005200	-0.000000
0.005300	-0.000000
0.005400	-0.000000
0.005500	-0.000000
0.005600	-0.000000
0.005700	-0.000000
0.005800	-0.000000
0.005900	-0.000000
0.006000	-0.000000
0.006100	-0.000000
0.006200	-0.000000
0.006300	-0.000000
0.006400	-0.000000
0.006500	-0.000000
0.006600	-0.000000
0.006700	-0.000000
0.006800	-0.000000
0.006900	-0.000000
0.007000	-0.000000
0.007100	-0.000000
0.007200	-0.000000
0.007300	-0.000000
0.007400	-0.000000
0.007500	-0.000000
0.007600	-0.000000
0.007700	-0.000000
0.007800	-0.000000
0.007900	-0.000000
0.008000	-0.000000
0.008100	-0.000000
0.008200	-0.000000
0.008300	-0.000000
0.008400	-0.000000
0.008500	-0.000000
0.008600	-0.000000
0.008700	-0.000000
0.008800	-0.000000
0.008900	-0.000000
0.009000	-0.000000
0.009100	-0.000000
0.009200	-0.000000
0.009300	-0.000000
0.009400	-0.000000
0.009500	-0.000000
0.009600	-0.000000
0.009700	-0.000000
0.009800	-0.000000
0.009900	-0.245427
0.010000	-0.245427
0.010100	-0.245427
0.010200	-0.245427
0.010300	-0.245427
0.010400	-0.245427
0.010500	-0.245427
0.010600	-0.245427
0.010700	-0.245427
0.010800	-0.245427
0.010900	-0.245427
0.011000	-0.245427
0.011100	-0.245427
0.011200	-0.245427
0.011300	-0.245427
0.011400	-0.000000
0.011500	-0.000000
0.011600	-0.000000
0.011700	-0.000000
0.011800	-0.000000
0.011900	-0.000000
0.012000	-0.245427
0.012100	-0.000000
0.012200	-0.245427
0.012300	-0.245427
0.012400	-0.000000
0.012500	-0.000000
0.012600	-0.000000
0.012700	-0.245427
0.012800	-0.245427
0.012900	-0.245427
0.013000	-0.245427
0.013100	-0.245427
0.013200	-0.245427
0.013300	-0.245427
0.013400	-0.245427
0.013500	-0.245427
0.013600	-0.245427
0.013700	-0.245427
0.013800	-0.245427
0.013900	-0.245427
0.014000	-0.245427
0.014100	-0.245427
0.014200	-0.245427
0.014300	-0.000000
0.014400	-0.000000
0.014500	-0.000000
0.014600	-0.000000
0.014700	-0.000000
0.014800	0.490854
0.014900	0.736282
0.015000	1.227136
0.015100	1.963418
0.015200	2.454272
0.015300	2.945126
0.015400	3.190554
0.015500	3.681408
0.015600	3.926835
0.015700	4.172262
0.015800	4.172262
0.015900	4.172262
0.016000	4.172262
0.016100	4.417690
0.016200	4.663117
0.016300	5.153971
0.016400	5.399398
0.016500	5.644825
0.016600	5.644825
0.016700	5.890253
0.016800	5.890253
0.016900	5.644825
0.017000	5.644825
0.017100	6.135680
0.017200	6.626534
0.017300	7.117389
0.017400	7.608243
0.017500	7.853671
0.017600	8.099097
0.017700	8.589952
0.017800	9.571661
0.017900	11.289651
0.018000	14.725632
0.018100	20.125031
0.018200	25.769855
0.018300	28.960409
0.018400	29.451263
0.018500	28.224129
0.018600	26.996992
0.018700	25.524429
0.018800	23.315584
0.018900	20.125031
0.019000	16.198195
0.019100	13.007642
0.019200	11.044224
0.019300	10.062515
0.019400	9.817088
0.019500	9.817088
0.019600	9.571661
0.019700	9.080807
0.019800	8.835380
0.019900	8.344524
0.020000	7.362816
0.020100	5.890253
0.020200	3.681408
0.020300	0.981709
0.020400	-1.717990
0.020500	-3.926835
0.020600	-5.644825
0.020700	-6.871962
0.020800	-8.099097
0.020900	-9.080807
0.021000	-9.571661
0.021100	-9.817088
0.021200	-9.817088
0.021300	-10.062515
0.021400	-10.062515
0.021500	-10.553370
0.021600	-10.798797
0.021700	-10.798797
0.021800	-10.798797
0.021900	-11.044224
0.022000	-11.289651
0.022100	-11.780505
0.022200	-12.271360
0.022300	-13.253069
0.022400	-14.234777
0.022500	-15.216486
0.022600	-15.952768
0.022700	-16.689049
0.022800	-16.934477
0.022900	-17.179905
0.023000	-17.670759
0.023100	-18.161613
0.023200	-18.652468
0.023300	-19.143322
0.023400	-19.143322
0.023500	-19.143322
0.023600	-18.897894
0.023700	-18.897894
0.023800	-19.388748
0.023900	-19.388748
0.024000	-18.897894
0.024100	-18.161613
0.024200	-17.179905
0.024300	-15.952768
0.024400	-14.725632
0.024500	-13.007642
0.024600	-12.025933
0.024700	-11.289651
0.024800	-10.553370
0.024900	-10.062515
0.025000	-9.571661
0.025100	-8.835380
0.025200	-8.344524
0.025300	-7.608243
0.025400	-6.871962
0.025500	-6.381107
0.025600	-6.135680
0.025700	-6.135680
0.025800	-6.626534
0.025900	-7.362816
0.026000	-8.344524
0.026100	-9.326234
0.026200	-10.062515
0.026300	-10.798797
0.026400	-11.044224
0.026500	-10.798797
0.026600	-10.307942
0.026700	-9.817088
0.026800	-9.817088
0.026900	-10.062515
0.027000	-10.307942
0.027100	-10.553370
0.027200	-10.307942
0.027300	-9.817088
0.027400	-8.835380
0.027500	-8.344524
0.027600	-7.853671
0.027700	-7.362816
0.027800	-7.362816
0.027900	-7.117389
0.028000	-6.871962
0.028100	-6.135680
0.028200	-5.399398
0.028300	-4.417690
0.028400	-3.435981
0.028500	-2.699699
0.028600	-2.454272
0.028700	-2.208845
0.028800	-1.963418
0.028900	-1.963418
0.029000	-1.472563
0.029100	-0.981709
0.029200	-0.490854
0.029300	-1.963418
0.029400	-5.153971
0.029500	-7.608243
0.029600	-6.871962
0.029700	-3.681408
0.029800	-0.245427
0.029900	1.472563
0.030000	0.245427
0.030100	-3.190554
0.030200	-6.381107
0.030300	-6.626534
0.030400	-3.681408
0.030500	-0.245427
0.030600	2.454272
0.030700	5.153971
0.030800	7.362816
0.030900	6.626534
0.031000	1.227136
0.031100	-5.890253
0.031200	-10.062515
0.031300	-10.062515
0.031400	-8.344524
0.031500	-7.853671
0.031600	-9.080807
0.031700	-9.080807
0.031800	-6.626534
0.031900	-3.435981
0.032000	-1.472563
0.032100	-1.227136
0.032200	-0.000000
0.032300	3.190554
0.032400	6.626534
0.032500	7.117389
0.032600	5.399398
0.032700	2.945126
0.032800	1.717990
0.032900	2.208845
0.033000	3.681408
0.033100	4.172262
0.033200	3.926835
0.033300	3.926835
0.033400	4.417690
0.033500	5.644825
0.033600	6.871962
0.033700	7.853671
0.033800	9.326234
0.033900	11.289651
0.034000	13.253069
0.034100	13.989350
0.034200	13.989350
0.034300	14.234777
0.034400	14.971059
0.034500	15.461914
0.034600	15.461914
0.034700	15.707341
0.034800	16.443623
0.034900	17.425331
0.035000	17.916185
0.035100	18.161613
0.035200	18.407040
0.035300	19.634176
0.035400	20.861313
0.035500	20.861313
0.035600	20.370457
0.035700	19.879602
0.035800	20.861313
0.035900	21.843021
0.036000	22.333876
0.036100	22.579302
0.036200	23.315584
0.036300	24.297293
0.036400	24.788147
0.036500	25.279001
0.036600	25.769855
0.036700	26.751564
0.036800	27.487846
0.036900	27.978701
0.037000	28.224129
0.037100	28.224129
0.037200	28.960409
0.037300	29.451263
0.037400	29.696692
0.037500	29.205837
0.037600	28.469555
0.037700	27.487846
0.037800	26.506138
0.037900	25.033575
0.038000	23.561010
0.038100	21.843021
0.038200	20.370457
0.038300	18.897894
0.038400	17.179905
0.038500	15.952768
0.038600	14.971059
0.038700	13.989350
0.038800	14.480205
0.038900	15.216486
0.039000	14.725632
0.039100	12.762215
0.039200	10.553370
0.039300	9.817088
0.039400	10.307942
0.039500	10.307942
0.039600	9.080807
0.039700	6.626534
0.039800	4.172262
0.039900	3.681408
0.040000	6.135680
0.040100	9.326234
0.040200	11.044224
0.040300	11.044224
0.040400	10.798797
0.040500	11.289651
0.040600	13.989350
0.040700	18.897894
0.040800	25.279001
0.040900	31.169254
0.041000	35.341518
0.041100	38.041218
0.041200	39.513779
0.041300	39.759205
0.041400	37.795788
0.041500	36.323227
0.041600	37.304935
0.041700	39.022926
0.041800	37.550362
0.041900	32.396389
0.042000	27.978701
0.042100	27.487846
0.042200	28.224129
0.042300	26.996992
0.042400	23.070156
0.042500	17.670759
0.042600	11.535078
0.042700	6.626534
0.042800	3.435981
0.042900	1.717990
0.043000	-0.736282
0.043100	-4.908544
0.043200	-9.571661
0.043300	-14.234777
0.043400	-18.407040
0.043500	-23.070156
0.043600	-28.469555
0.043700	-33.868954
0.043800	-38.041218
0.043900	-40.740913
0.044000	-42.704334
0.044100	-44.913177
0.044200	-46.876595
0.044300	-48.103733
0.044400	-48.349159
0.044500	-47.858303
0.044600	-46.876595
0.044700	-45.649460
0.044800	-43.931469
0.044900	-41.968052
0.045000	-38.532070
0.045100	-34.114380
0.045200	-29.451263
0.045300	-25.769855
0.045400	-23.315584
0.045500	-21.106739
0.045600	-18.897894
0.045700	-15.952768
0.045800	-12.025933
0.045900	-8.589952
0.046000	-5.644825
0.046100	-3.435981
0.046200	-1.717990
0.046300	-0.245427
0.046400	1.472563
0.046500	2.945126
0.046600	3.926835
0.046700	4.172262
0.046800	4.172262
0.046900	4.172262
0.047000	3.926835
0.047100	3.435981
0.047200	2.699699
0.047300	1.963418
0.047400	0.736282
0.047500	-0.736282
0.047600	-1.963418
0.047700	-2.699699
0.047800	-2.699699
0.047900	-2.208845
0.048000	-1.227136
0.048100	-0.490854
0.048200	-0.245427
0.048300	0.490854
0.048400	0.981709
0.048500	1.717990
0.048600	1.963418
0.048700	2.699699
0.048800	3.926835
0.048900	5.890253
0.049000	7.117389
0.049100	7.117389
0.049200	6.381107
0.049300	5.890253
0.049400	5.890253
0.049500	6.135680
0.049600	6.381107
0.049700	5.890253
0.049800	5.153971
0.049900	3.926835
0.050000	3.190554
0.050100	2.699699
0.050200	2.454272
0.050300	3.681408
0.050400	6.135680
0.050500	9.080807
0.050600	10.307942
0.050700	7.608243
0.050800	1.717990
0.050900	-4.663117
0.051000	-7.853671
0.051100	-7.362816
0.051200	-5.153971
0.051300	-4.663117
0.051400	-5.644825
0.051500	-7.608243
0.051600	-9.326234
0.051700	-9.817088
0.051800	-8.589952
0.051900	-5.890253
0.052000	-3.435981
0.052100	-2.208845
0.052200	-1.963418
0.052300	-1.717990
0.052400	-0.490854
0.052500	1.227136
0.052600	1.963418
0.052700	1.472563
0.052800	0.981709
0.052900	0.736282
0.053000	1.227136
0.053100	1.963418
0.053200	1.963418
0.053300	1.472563
0.053400	-0.000000
0.053500	-1.227136
0.053600	-2.454272
0.053700	-3.681408
0.053800	-4.172262
0.053900	-4.172262
0.054000	-4.417690
0.054100	-5.890253
0.054200	-8.589952
0.054300	-11.535078
0.054400	-13.743923
0.054500	-15.707341
0.054600	-18.407040
0.054700	-21.352167
0.054800	-23.070156
0.054900	-24.788147
0.055000	-26.751564
0.055100	-30.187546
0.055200	-34.114380
0.055300	-36.814079
0.055400	-35.096088
0.055500	-31.414682
0.055600	-28.714983
0.055700	-29.205837
0.055800	-31.660109
0.055900	-31.414682
0.056000	-26.996992
0.056100	-22.088448
0.056200	-18.161613
0.056300	-16.443623
0.056400	-15.216486
0.056500	-12.516788
0.056600	-8.835380
0.056700	-4.663117
0.056800	-0.981709
0.056900	1.717990
0.057000	3.435981
0.057100	5.890253
0.057200	8.344524
0.057300	10.307942
0.057400	11.289651
0.057500	11.289651
0.057600	11.535078
0.057700	12.516788
0.057800	13.253069
0.057900	13.253069
0.058000	13.007642
0.058100	12.271360
0.058200	10.798797
0.058300	8.589952
0.058400	5.890253
0.058500	3.926835
0.058600	3.435981
0.058700	3.435981
0.058800	2.454272
0.058900	0.736282
0.059000	-0.736282
0.059100	-1.717990
0.059200	-2.454272
0.059300	-3.190554
0.059400	-4.172262
0.059500	-4.908544
0.059600	-5.399398
0.059700	-5.890253
0.059800	-6.381107
0.059900	-6.135680
0.060000	-5.644825
0.060100	-5.399398
0.060200	-5.890253
0.060300	-7.117389
0.060400	-7.362816
0.060500	-6.626534
0.060600	-5.399398
0.060700	-5.153971
0.060800	-6.135680
0.060900	-7.117389
0.061000	-7.362816
0.061100	-7.362816
0.061200	-7.608243
0.061300	-7.362816
0.061400	-7.117389
0.061500	-6.626534
0.061600	-6.381107
0.061700	-5.890253
0.061800	-5.890253
0.061900	-5.644825
0.062000	-6.381107
0.062100	-8.344524
0.062200	-9.817088
0.062300	-8.835380
0.062400	-6.871962
0.062500	-6.626534
0.062600	-9.326234
0.062700	-12.762215
0.062800	-13.989350
0.062900	-12.025933
0.063000	-9.080807
0.063100	-7.362816
0.063200	-7.608243
0.063300	-9.571661
0.063400	-11.780505
0.063500	-13.007642
0.063600	-13.007642
0.063700	-12.025933
0.063800	-11.535078
0.063900	-11.535078
0.064000	-11.535078
0.064100	-11.044224
0.064200	-10.062515
0.064300	-8.835380
0.064400	-7.362816
0.064500	-6.135680
0.064600	-5.644825
0.064700	-5.644825
0.064800	-5.890253
0.064900	-5.644825
0.065000	-4.908544
0.065100	-4.172262
0.065200	-3.435981
0.065300	-2.945126
0.065400	-2.454272
0.065500	-2.454272
0.065600	-2.454272
0.065700	-2.699699
0.065800	-3.435981
0.065900	-2.454272
0.066000	1.717990
0.066100	8.344524
0.066200	11.289651
0.066300	8.099097
0.066400	3.190554
0.066500	4.172262
0.066600	12.516788
0.066700	24.297293
0.066800	32.396389
0.066900	35.341518
0.067000	35.586945
0.067100	35.832371
0.067200	38.286644
0.067300	42.458904
0.067400	46.385742
0.067500	47.367451
0.067600	44.422321
0.067700	39.022926
0.067800	33.132671
0.067900	28.469555
0.068000	24.788147
0.068100	21.597593
0.068200	17.179905
0.068300	11.289651
0.068400	4.908544
0.068500	-0.245427
0.068600	-3.926835
0.068700	-5.890253
0.068800	-6.135680
0.068900	-5.644825
0.069000	-5.890253
0.069100	-7.853671
0.069200	-10.307942
0.069300	-10.307942
0.069400	-7.608243
0.069500	-3.681408
0.069600	-1.227136
0.069700	-0.245427
0.069800	0.981709
0.069900	2.699699
0.070000	4.172262
0.070100	5.153971
0.070200	5.890253
0.070300	6.871962
0.070400	8.344524
0.070500	8.835380
0.070600	8.344524
0.070700	6.626534
0.070800	5.644825
0.070900	5.644825
0.071000	5.399398
0.071100	4.663117
0.071200	4.172262
0.071300	4.663117
0.071400	5.153971
0.071500	4.663117
0.071600	4.417690
0.071700	4.172262
0.071800	0.981709
0.071900	-6.381107
0.072000	-11.780505
0.072100	-11.044224
0.072200	-10.307942
0.072300	-13.743923
0.072400	-19.388748
0.072500	-22.579302
0.072600	-19.634176
0.072700	-13.743923
0.072800	-10.553370
0.072900	-13.743923
0.073000	-18.407040
0.073100	-17.670759
0.073200	-12.271360
0.073300	-9.571661
0.073400	-11.535078
0.073500	-16.198195
0.073600	-22.088448
0.073700	-28.469555
0.073800	-37.795788
0.073900	-59.638809
0.074000	-78.536705
0.074100	-77.064140
0.074200	-61.847656
0.074300	-50.803429
0.074400	-49.576294
0.074500	-50.312576
0.074600	-47.367451
0.074700	-41.722626
0.074800	-36.568653
0.074900	-32.887245
0.075000	-29.205837
0.075100	-26.751564
0.075200	-26.260710
0.075300	-27.242418
0.075400	-26.506138
0.075500	-23.070156
0.075600	-19.879602
0.075700	-19.879602
0.075800	-22.088448
0.075900	-24.051867
0.076000	-23.806438
0.076100	-21.352167
0.076200	-18.897894
0.076300	-17.670759
0.076400	-16.934477
0.076500	-16.198195
0.076600	-15.707341
0.076700	-14.971059
0.076800	-14.480205
0.076900	-13.253069
0.077000	-11.044224
0.077100	-8.344524
0.077200	-6.135680
0.077300	-5.644825
0.077400	-6.871962
0.077500	-8.835380
0.077600	-10.062515
0.077700	-10.553370
0.077800	-10.798797
0.077900	-11.780505
0.078000	-11.535078
0.078100	-10.307942
0.078200	-10.553370
0.078300	-12.762215
0.078400	-16.443623
0.078500	-18.652468
0.078600	-17.425331
0.078700	-14.971059
0.078800	-13.989350
0.078900	-14.971059
0.079000	-15.707341
0.079100	-14.480205
0.079200	-12.762215
0.079300	-12.025933
0.079400	-13.253069
0.079500	-14.480205
0.079600	-13.989350
0.079700	-13.007642
0.079800	-12.271360
0.079900	-12.025933
0.080000	-11.044224
0.080100	-9.571661
0.080200	-8.099097
0.080300	-7.117389
0.080400	-6.626534
0.080500	-6.135680
0.080600	-5.890253
0.080700	-5.890253
0.080800	-6.626534
0.080900	-7.117389
0.081000	-7.362816
0.081100	-7.362816
0.081200	-7.362816
0.081300	-7.608243
0.081400	-7.608243
0.081500	-6.626534
0.081600	-5.644825
0.081700	-5.153971
0.081800	-4.908544
0.081900	-4.908544
0.082000	-5.153971
0.082100	-6.135680
0.082200	-7.362816
0.082300	-7.608243
0.082400	-7.853671
0.082500	-9.326234
0.082600	-10.062515
0.082700	-8.835380
0.082800	-7.608243
0.082900	-9.326234
0.083000	-13.253069
0.083100	-15.707341
0.083200	-15.952768
0.083300	-15.216486
0.083400	-13.498496
0.083500	-11.289651
0.083600	-10.307942
0.083700	-10.307942
0.083800	-10.553370
0.083900	-11.289651
0.084000	-12.025933
0.084100	-11.535078
0.084200	-10.553370
0.084300	-10.062515
0.084400	-10.307942
0.084500	-10.798797
0.084600	-10.307942
0.084700	-9.080807
0.084800	-7.853671
0.084900	-7.362816
0.085000	-7.608243
0.085100	-8.099097
0.085200	-8.344524
0.085300	-9.080807
0.085400	-10.307942
0.085500	-11.289651
0.085600	-11.535078
0.085700	-11.289651
0.085800	-11.289651
0.085900	-11.535078
0.086000	-12.271360
0.086100	-12.516788
0.086200	-12.271360
0.086300	-12.271360
0.086400	-12.516788
0.086500	-12.762215
0.086600	-13.007642
0.086700	-12.762215
0.086800	-12.516788
0.086900	-12.271360
0.087000	-11.535078
0.087100	-11.535078
0.087200	-11.780505
0.087300	-12.271360
0.087400	-12.762215
0.087500	-12.762215
0.087600	-12.516788
0.087700	-12.025933
0.087800	-11.780505
0.087900	-12.025933
0.088000	-12.271360
0.088100	-12.025933
0.088200	-11.535078
0.088300	-10.798797
0.088400	-10.307942
0.088500	-10.062515
0.088600	-9.817088
0.088700	-9.326234
0.088800	-8.344524
0.088900	-7.853671
0.089000	-7.608243
0.089100	-7.362816
0.089200	-6.871962
0.089300	-6.135680
0.089400	-5.644825
0.089500	-5.399398
0.089600	-5.399398
0.089700	-4.908544
0.089800	-3.926835
0.089900	-3.190554
0.090000	-2.699699
0.090100	-2.454272
0.090200	-1.717990
0.090300	-0.736282
0.090400	0.490854
0.090500	1.227136
0.090600	2.208845
0.090700	3.435981
0.090800	4.663117
0.090900	5.153971
0.091000	4.663117
0.091100	3.681408
0.091200	3.681408
0.091300	5.153971
0.091400	6.381107
0.091500	6.381107
0.091600	6.135680
0.091700	6.871962
0.091800	7.608243
0.091900	7.362816
0.092000	5.644825
0.092100	3.681408
0.092200	3.190554
0.092300	3.681408
0.092400	3.681408
0.092500	3.190554
0.092600	2.699699
0.092700	2.945126
0.092800	3.190554
0.092900	3.435981
0.093000	2.945126
0.093100	2.945126
0.093200	3.190554
0.093300	4.417690
0.093400	5.153971
0.093500	5.399398
0.093600	5.890253
0.093700	6.871962
0.093800	7.853671
0.093900	8.099097
0.094000	7.608243
0.094100	7.117389
0.094200	7.117389
0.094300	7.362816
0.094400	7.608243
0.094500	7.853671
0.094600	8.099097
0.094700	8.099097
0.094800	8.099097
0.094900	7.362816
0.095000	6.626534
0.095100	6.135680
0.095200	5.890253
0.095300	5.644825
0.095400	4.908544
0.095500	5.153971
0.095600	7.853671
0.095700	12.271360
0.095800	12.762215
0.095900	8.344524
0.096000	3.926835
0.096100	3.190554
0.096200	4.663117
0.096300	5.644825
0.096400	5.399398
0.096500	5.153971
0.096600	5.399398
0.096700	6.135680
0.096800	6.626534
0.096900	6.871962
0.097000	7.608243
0.097100	7.608243
0.097200	7.362816
0.097300	6.871962
0.097400	6.626534
0.097500	6.871962
0.097600	6.871962
0.097700	7.117389
0.097800	7.117389
0.097900	7.117389
0.098000	6.871962
0.098100	6.871962
0.098200	7.117389
0.098300	7.362816
0.098400	7.853671
0.098500	8.344524
0.098600	8.344524
0.098700	8.099097
0.098800	7.853671
0.098900	7.853671
0.099000	8.099097
0.099100	8.099097
0.099200	7.853671
0.099300	8.099097
0.099400	8.589952
0.099500	9.326234
0.099600	9.817088
0.099700	10.062515
0.099800	10.062515
0.099900	10.062515
0.100000	10.062515
0.100100	10.798797
0.100200	11.044224
0.100300	11.044224
0.100400	10.798797
0.100500	10.553370
0.100600	10.553370
0.100700	10.798797
0.100800	11.289651
0.100900	11.535078
0.101000	11.780505
0.101100	11.535078
0.101200	11.780505
0.101300	11.780505
0.101400	11.535078
0.101500	11.289651
0.101600	11.044224
0.101700	10.553370
0.101800	9.817088
0.101900	9.080807
0.102000	8.589952
0.102100	8.589952
0.102200	8.344524
0.102300	8.099097
0.102400	7.362816
0.102500	6.626534
0.102600	6.381107
0.102700	6.626534
0.102800	6.626534
0.102900	6.381107
0.103000	5.890253
0.103100	5.644825
0.103200	5.399398
0.103300	5.399398
0.103400	5.153971
0.103500	4.417690
0.103600	4.172262
0.103700	4.172262
0.103800	4.417690
0.103900	4.172262
0.104000	4.172262
0.104100	4.663117
0.104200	5.399398
0.104300	5.399398
0.104400	4.908544
0.104500	4.417690
0.104600	4.417690
0.104700	4.663117
0.104800	4.417690
0.104900	3.681408
0.105000	2.945126
0.105100	2.699699
0.105200	2.699699
0.105300	2.945126
0.105400	2.945126
0.105500	2.699699
0.105600	2.454272
0.105700	2.454272
0.105800	2.454272
0.105900	2.208845
0.106000	1.963418
0.106100	1.963418
0.106200	1.963418
0.106300	1.963418
0.106400	1.963418
0.106500	2.208845
0.106600	2.208845
0.106700	2.454272
0.106800	2.945126
0.106900	3.435981
0.107000	3.681408
0.107100	3.926835
0.107200	4.417690
0.107300	5.153971
0.107400	5.644825
0.107500	5.890253
0.107600	5.890253
0.107700	5.644825
0.107800	5.644825
0.107900	5.644825
0.108000	5.644825
0.108100	5.399398
0.108200	5.399398
0.108300	5.399398
0.108400	5.399398
0.108500	5.644825
0.108600	5.644825
0.108700	5.890253
0.108800	6.135680
0.108900	6.135680
0.109000	5.644825
0.109100	5.890253
0.109200	6.626534
0.109300	7.853671
0.109400	8.835380
0.109500	9.080807
0.109600	8.589952
0.109700	8.344524
0.109800	8.344524
0.109900	9.080807
0.110000	9.817088
0.110100	10.307942
0.110200	10.307942
0.110300	10.062515
0.110400	10.062515
0.110500	10.062515
0.110600	10.553370
0.110700	11.044224
0.110800	11.535078
0.110900	12.516788
0.111000	13.989350
0.111100	15.216486
0.111200	15.216486
0.111300	14.234777
0.111400	13.743923
0.111500	13.743923
0.111600	14.971059
0.111700	15.952768
0.111800	15.707341
0.111900	15.216486
0.112000	15.707341
0.112100	16.934477
0.112200	18.407040
0.112300	17.916185
0.112400	16.934477
0.112500	16.443623
0.112600	17.179905
0.112700	17.916185
0.112800	17.670759
0.112900	16.443623
0.113000	14.971059
0.113100	14.725632
0.113200	15.216486
0.113300	15.952768
0.113400	16.443623
0.113500	15.952768
0.113600	15.707341
0.113700	16.443623
0.113800	17.670759
0.113900	18.652468
0.114000	18.652468
0.114100	18.652468
0.114200	18.897894
0.114300	19.634176
0.114400	20.615885
0.114500	21.106739
0.114600	21.106739
0.114700	20.861313
0.114800	20.615885
0.114900	20.615885
0.115000	21.106739
0.115100	21.352167
0.115200	21.352167
0.115300	21.352167
0.115400	21.597593
0.115500	21.843021
0.115600	22.088448
0.115700	22.088448
0.115800	22.333876
0.115900	22.824730
0.116000	23.561010
0.116100	24.297293
0.116200	24.542721
0.116300	24.788147
0.116400	24.788147
0.116500	24.788147
0.116600	24.788147
0.116700	24.788147
0.116800	25.033575
0.116900	25.033575
0.117000	25.033575
0.117100	24.788147
0.117200	24.542721
0.117300	24.788147
0.117400	24.788147
0.117500	24.788147
0.117600	24.788147
0.117700	24.542721
0.117800	24.542721
0.117900	24.542721
0.118000	24.788147
0.118100	24.788147
0.118200	24.297293
0.118300	24.051867
0.118400	24.051867
0.118500	23.806438
0.118600	23.561010
0.118700	23.315584
0.118800	22.824730
0.118900	22.579302
0.119000	22.333876
0.119100	22.333876
0.119200	21.843021
0.119300	21.597593
0.119400	20.861313
0.119500	20.615885
0.119600	20.370457
0.119700	19.634176
0.119800	19.143322
0.119900	18.652468
0.120000	17.916185
0.120100	17.425331
0.120200	16.934477
0.120300	16.198195
0.120400	15.707341
0.120500	14.971059
0.120600	14.480205
0.120700	13.989350
0.120800	13.253069
0.120900	12.762215
0.121000	11.780505
0.121100	11.535078
0.121200	11.289651
0.121300	11.044224
0.121400	10.307942
0.121500	9.571661
0.121600	9.080807
0.121700	8.589952
0.121800	8.589952
0.121900	8.589952
0.122000	8.835380
0.122100	8.835380
0.122200	8.835380
0.122300	9.080807
0.122400	9.080807
0.122500	9.326234
0.122600	9.571661
0.122700	9.817088
0.122800	10.062515
0.122900	10.307942
0.123000	10.798797
0.123100	11.044224
0.123200	11.289651
0.123300	11.535078
0.123400	11.780505
0.123500	11.780505
0.123600	11.780505
0.123700	11.780505
0.123800	11.780505
0.123900	12.025933
0.124000	12.271360
0.124100	12.516788
0.124200	12.516788
0.124300	12.516788
0.124400	12.516788
0.124500	12.271360
0.124600	12.271360
0.124700	12.271360
0.124800	12.271360
0.124900	12.271360
0.125000	12.271360
0.125100	12.025933
0.125200	12.025933
0.125300	12.025933
0.125400	11.780505
0.125500	11.780505
0.125600	11.535078
0.125700	11.535078
0.125800	11.535078
0.125900	11.289651
0.126000	11.289651
0.126100	11.044224
0.126200	10.798797
0.126300	10.798797
0.126400	10.553370
0.126500	10.307942
0.126600	10.062515
0.126700	9.571661
0.126800	9.326234
0.126900	8.835380
0.127000	8.589952
0.127100	8.099097
0.127200	7.853671
0.127300	7.608243
0.127400	7.362816
0.127500	7.117389
0.127600	6.871962
0.127700	6.871962
0.127800	6.626534
0.127900	6.626534
0.128000	6.381107
0.128100	6.381107
0.128200	6.135680
0.128300	5.890253
0.128400	5.890253
0.128500	5.890253
0.128600	5.890253
0.128700	5.890253
0.128800	5.890253
0.128900	5.890253
0.129000	5.890253
0.129100	5.890253
0.129200	6.135680
0.129300	6.381107
0.129400	6.626534
0.129500	6.626534
0.129600	6.626534
0.129700	6.871962
0.129800	6.871962
0.129900	7.117389
0.130000	7.362816
0.130100	7.362816
0.130200	7.608243
0.130300	7.608243
0.130400	7.853671
0.130500	7.853671
0.130600	8.344524
0.130700	8.344524
0.130800	8.589952
0.130900	8.835380
0.131000	8.835380
0.131100	8.835380
0.131200	8.835380
0.131300	8.589952
0.131400	8.589952
0.131500	8.344524
0.131600	8.344524
0.131700	8.344524
0.131800	8.344524
0.131900	8.344524
0.132000	8.099097
0.132100	8.099097
0.132200	8.099097
0.132300	7.853671
0.132400	7.853671
0.132500	7.608243
0.132600	7.608243
0.132700	7.117389
0.132800	6.871962
0.132900	6.381107
0.133000	6.135680
0.133100	5.644825
0.133200	5.399398
0.133300	5.153971
0.133400	4.908544
0.133500	4.908544
0.133600	4.908544
0.133700	4.908544
0.133800	4.663117
0.133900	4.417690
0.134000	4.172262
0.134100	3.926835
0.134200	3.681408
0.134300	3.435981
0.134400	3.190554
0.134500	2.945126
0.134600	2.945126
0.134700	2.699699
0.134800	2.699699
0.134900	2.699699
0.135000	2.699699
0.135100	2.699699
0.135200	2.699699
0.135300	2.699699
0.135400	2.699699
0.135500	2.699699
0.135600	2.454272
0.135700	2.454272
0.135800	2.454272
0.135900	2.208845
0.136000	2.208845
0.136100	2.208845
0.136200	2.208845
0.136300	2.208845
0.136400	2.208845
0.136500	2.208845
0.136600	2.208845
0.136700	2.208845
0.136800	1.963418
0.136900	1.963418
0.137000	1.963418
0.137100	1.717990
0.137200	1.472563
0.137300	1.227136
0.137400	0.736282
0.137500	0.736282
0.137600	0.490854
0.137700	0.245427
0.137800	0.245427
0.137900	0.245427
0.138000	0.245427
0.138100	0.490854
0.138200	0.490854
0.138300	0.490854
0.138400	0.490854
0.138500	0.490854
0.138600	0.490854
0.138700	0.490854
0.138800	0.490854
0.138900	0.245427
0.139000	0.490854
0.139100	0.490854
0.139200	0.245427
0.139300	-0.000000
0.139400	-0.490854
0.139500	-0.490854
0.139600	-0.736282
0.139700	-0.981709
0.139800	-1.227136
0.139900	-1.472563
0.140000	-1.227136
0.140100	-1.227136
0.140200	-0.981709
0.140300	-0.981709
0.140400	-1.472563
0.140500	-1.472563
0.140600	-1.227136
0.140700	-1.472563
0.140800	-1.472563
0.140900	-1.472563
0.141000	-1.717990
0.141100	-1.717990
0.141200	-1.472563
0.141300	-1.472563
0.141400	-1.472563
0.141500	-1.472563
0.141600	-1.472563
0.141700	-1.472563
0.141800	-1.472563
0.141900	-1.963418
0.142000	-1.963418
0.142100	-2.208845
0.142200	-2.208845
0.142300	-2.454272
0.142400	-2.699699
0.142500	-2.454272
0.142600	-2.454272
0.142700	-2.208845
0.142800	-2.208845
0.142900	-2.208845
0.143000	-2.454272
0.143100	-2.699699
0.143200	-2.945126
0.143300	-2.945126
0.143400	-3.190554
0.143500	-3.190554
0.143600	-3.435981
0.143700	-3.926835
0.143800	-4.172262
0.143900	-4.417690
0.144000	-4.663117
0.144100	-4.908544
0.144200	-4.908544
0.144300	-5.153971
0.144400	-5.153971
0.144500	-5.399398
0.144600	-5.399398
0.144700	-5.890253
0.144800	-6.135680
0.144900	-6.381107
0.145000	-6.381107
0.145100	-6.381107
0.145200	-6.135680
0.145300	-6.381107
0.145400	-6.135680
0.145500	-6.135680
0.145600	-5.890253
0.145700	-5.399398
0.145800	-5.399398
0.145900	-5.644825
0.146000	-5.644825
0.146100	-5.644825
0.146200	-5.644825
0.146300	-5.644825
0.146400	-5.890253
0.146500	-6.135680
0.146600	-6.135680
0.146700	-6.135680
0.146800	-6.135680
0.146900	-6.381107
0.147000	-6.135680
0.147100	-5.890253
0.147200	-5.890253
0.147300	-5.890253
0.147400	-5.890253
0.147500	-5.890253
0.147600	-5.890253
0.147700	-5.890253
0.147800	-6.135680
0.147900	-6.381107
0.148000	-6.135680
0.148100	-6.135680
0.148200	-6.135680
0.148300	-6.135680
0.148400	-5.890253
0.148500	-5.890253
0.148600	-5.644825
0.148700	-5.644825
0.148800	-5.399398
0.148900	-5.399398
0.149000	-5.153971
0.149100	-5.153971
0.149200	-4.908544
0.149300	-4.908544
0.149400	-4.663117
0.149500	-4.417690
0.149600	-3.926835
0.149700	-3.681408
0.149800	-3.435981
0.149900	-3.190554
0.150000	-3.190554
0.150100	-2.945126
0.150200	-2.945126
0.150300	-2.699699
0.150400	-2.454272
0.150500	-2.454272
0.150600	-2.208845
0.150700	-2.208845
0.150800	-1.963418
0.150900	-1.963418
0.151000	-1.717990
0.151100	-1.717990
0.151200	-1.472563
0.151300	-1.472563
0.151400	-1.472563
0.151500	-1.472563
0.151600	-1.472563
0.151700	-1.227136
0.151800	-1.227136
0.151900	-1.227136
0.152000	-0.981709
0.152100	-0.981709
0.152200	-0.981709
0.152300	-0.736282
0.152400	-0.736282
0.152500	-0.736282
0.152600	-0.490854
0.152700	-0.245427
0.152800	-0.245427
0.152900	-0.245427
0.153000	-0.000000
0.153100	-0.000000
0.153200	-0.000000
0.153300	-0.000000
0.153400	-0.000000
0.153500	0.245427
0.153600	0.245427
0.153700	0.490854
0.153800	0.490854
0.153900	0.490854
0.154000	0.490854
0.154100	0.490854
0.154200	0.736282
0.154300	0.736282
0.154400	0.736282
0.154500	0.490854
0.154600	0.490854
0.154700	0.736282
0.154800	0.736282
0.154900	0.736282
0.155000	0.736282
0.155100	0.736282
0.155200	0.981709
0.155300	1.227136
0.155400	1.227136
0.155500	1.227136
0.155600	1.227136
0.155700	1.227136
0.155800	1.472563
0.155900	1.717990
0.156000	1.717990
0.156100	1.717990
0.156200	1.963418
0.156300	2.208845
0.156400	2.208845
0.156500	1.963418
0.156600	1.963418
0.156700	1.963418
0.156800	2.454272
0.156900	2.699699
0.157000	2.945126
0.157100	3.190554
0.157200	3.681408
0.157300	4.417690
0.157400	5.153971
0.157500	5.399398
0.157600	5.153971
0.157700	5.153971
0.157800	5.644825
0.157900	5.644825
0.158000	5.644825
0.158100	5.644825
0.158200	5.644825
0.158300	5.644825
0.158400	5.890253
0.158500	5.890253
0.158600	5.890253
0.158700	5.890253
0.158800	5.890253
0.158900	5.890253
0.159000	5.890253
0.159100	5.890253
0.159200	5.890253
0.159300	6.135680
0.159400	6.135680
0.159500	6.135680
0.159600	6.135680
0.159700	6.381107
0.159800	6.381107
0.159900	6.381107
0.160000	6.381107
0.160100	6.381107
0.160200	6.626534
0.160300	6.626534
0.160400	6.871962
0.160500	6.871962
0.160600	6.871962
0.160700	6.871962
0.160800	6.871962
0.160900	6.871962
0.161000	6.871962
0.161100	6.871962
0.161200	6.871962
0.161300	6.871962
0.161400	6.871962
0.161500	6.626534
0.161600	6.626534
0.161700	6.381107
0.161800	6.381107
0.161900	6.381107
0.162000	6.135680
0.162100	6.135680
0.162200	6.135680
0.162300	6.135680
0.162400	6.135680
0.162500	6.135680
0.162600	5.890253
0.162700	5.890253
0.162800	5.890253
0.162900	5.890253
0.163000	5.890253
0.163100	5.890253
0.163200	5.644825
0.163300	5.399398
0.163400	5.399398
0.163500	5.153971
0.163600	4.908544
0.163700	4.663117
0.163800	4.663117
0.163900	4.417690
0.164000	4.172262
0.164100	3.926835
0.164200	3.926835
0.164300	3.681408
0.164400	3.190554
0.164500	2.945126
0.164600	2.454272
0.164700	1.963418
0.164800	1.717990
0.164900	1.472563
0.165000	0.981709
0.165100	0.736282
0.165200	0.245427
0.165300	-0.000000
0.165400	-0.245427
0.165500	-0.736282
0.165600	-0.981709
0.165700	-1.227136
0.165800	-1.472563
0.165900	-1.472563
0.166000	-1.717990
0.166100	-1.963418
0.166200	-1.963418
0.166300	-2.208845
0.166400	-2.208845
0.166500	-2.208845
0.166600	-2.208845
0.166700	-2.454272
0.166800	-2.454272
0.166900	-2.208845
0.167000	-2.208845
0.167100	-2.454272
0.167200	-2.454272
0.167300	-2.454272
0.167400	-2.454272
0.167500	-2.454272
0.167600	-2.699699
0.167700	-2.699699
0.167800	-2.454272
0.167900	-2.454272
0.168000	-2.454272
0.168100	-2.454272
0.168200	-2.454272
0.168300	-2.454272
0.168400	-2.454272
0.168500	-2.454272
0.168600	-2.454272
0.168700	-2.208845
0.168800	-2.208845
0.168900	-2.208845
0.169000	-2.208845
0.169100	-2.454272
0.169200	-2.454272
0.169300	-2.454272
0.169400	-2.208845
0.169500	-2.208845
0.169600	-2.208845
0.169700	-2.208845
0.169800	-1.963418
0.169900	-1.963418
0.170000	-1.963418
0.170100	-2.208845
0.170200	-2.208845
0.170300	-2.454272
0.170400	-2.945126
0.170500	-3.190554
0.170600	-3.681408
0.170700	-4.172262
0.170800	-4.172262
0.170900	-4.417690
0.171000	-4.663117
0.171100	-4.663117
0.171200	-4.908544
0.171300	-4.908544
0.171400	-4.663117
0.171500	-4.663117
0.171600	-4.417690
0.171700	-4.417690
0.171800	-4.417690
0.171900	-4.417690
0.172000	-4.417690
0.172100	-4.663117
0.172200	-4.663117
0.172300	-4.908544
0.172400	-4.908544
0.172500	-4.908544
0.172600	-5.153971
0.172700	-5.153971
0.172800	-5.153971
0.172900	-5.153971
0.173000	-5.153971
0.173100	-5.153971
0.173200	-5.153971
0.173300	-5.153971
0.173400	-5.153971
0.173500	-5.644825
0.173600	-6.135680
0.173700	-6.381107
0.173800	-6.381107
0.173900	-6.135680
0.174000	-6.135680
0.174100	-6.135680
0.174200	-6.135680
0.174300	-6.135680
0.174400	-6.381107
0.174500	-6.381107
0.174600	-6.626534
0.174700	-6.626534
0.174800	-6.381107
0.174900	-6.135680
0.175000	-5.890253
0.175100	-5.644825
0.175200	-5.644825
0.175300	-5.644825
0.175400	-5.644825
0.175500	-5.644825
0.175600	-5.890253
0.175700	-5.890253
0.175800	-6.135680
0.175900	-6.135680
0.176000	-6.135680
0.176100	-6.135680
0.176200	-5.890253
0.176300	-5.644825
0.176400	-5.644825
0.176500	-5.890253
0.176600	-5.644825
0.176700	-5.890253
0.176800	-5.890253
0.176900	-6.135680
0.177000	-6.135680
0.177100	-6.135680
0.177200	-6.135680
0.177300	-6.135680
0.177400	-5.890253
0.177500	-5.890253
0.177600	-5.890253
0.177700	-5.890253
0.177800	-5.890253
0.177900	-6.135680
0.178000	-6.135680
0.178100	-5.890253
0.178200	-5.890253
0.178300	-5.890253
0.178400	-5.890253
0.178500	-6.135680
0.178600	-6.135680
0.178700	-6.381107
0.178800	-6.381107
0.178900	-6.871962
0.179000	-6.871962
0.179100	-6.871962
0.179200	-6.871962
0.179300	-6.871962
0.179400	-7.117389
0.179500	-6.871962
0.179600	-6.871962
0.179700	-6.626534
0.179800	-6.381107
0.179900	-6.381107
0.180000	-6.135680
0.180100	-6.135680
0.180200	-5.890253
0.180300	-5.890253
0.180400	-5.890253
0.180500	-5.644825
0.180600	-5.399398
0.180700	-5.399398
0.180800	-5.399398
0.180900	-5.153971
0.181000	-5.153971
0.181100	-5.153971
0.181200	-4.908544
0.181300	-4.908544
0.181400	-4.663117
0.181500	-4.663117
0.181600	-4.663117
0.181700	-4.908544
0.181800	-4.908544
0.181900	-5.153971
0.182000	-5.153971
0.182100	-5.153971
0.182200	-5.399398
0.182300	-5.399398
0.182400	-5.399398
0.182500	-5.399398
0.182600	-5.399398
0.182700	-5.644825
0.182800	-5.644825
0.182900	-5.890253
0.183000	-5.890253
0.183100	-5.890253
0.183200	-5.890253
0.183300	-5.890253
0.183400	-5.644825
0.183500	-5.890253
0.183600	-5.644825
0.183700	-5.644825
0.183800	-5.399398
0.183900	-5.399398
0.184000	-5.399398
0.184100	-5.153971
0.184200	-5.153971
0.184300	-5.153971
0.184400	-5.153971
0.184500	-4.908544
0.184600	-4.908544
0.184700	-4.908544
0.184800	-4.908544
0.184900	-4.908544
0.185000	-4.908544
0.185100	-4.908544
0.185200	-4.908544
0.185300	-4.908544
0.185400	-5.153971
0.185500	-5.153971
0.185600	-5.399398
0.185700	-5.399398
0.185800	-5.399398
0.185900	-5.644825
0.186000	-5.890253
0.186100	-5.890253
0.186200	-5.890253
0.186300	-6.135680
0.186400	-6.135680
0.186500	-6.135680
0.186600	-6.135680
0.186700	-6.135680
0.186800	-6.135680
0.186900	-6.135680
0.187000	-5.890253
0.187100	-5.890253
0.187200	-5.890253
0.187300	-5.644825
0.187400	-5.644825
0.187500	-5.644825
0.187600	-5.644825
0.187700	-5.644825
0.187800	-5.399398
0.187900	-5.399398
0.188000	-5.399398
0.188100	-5.153971
0.188200	-5.153971
0.188300	-5.153971
0.188400	-5.153971
0.188500	-5.153971
0.188600	-4.908544
0.188700	-4.908544
0.188800	-4.908544
0.188900	-5.153971
0.189000	-5.153971
0.189100	-5.153971
0.189200	-5.153971
0.189300	-5.153971
0.189400	-5.399398
0.189500	-5.153971
0.189600	-5.399398
0.189700	-5.399398
0.189800	-5.399398
0.189900	-5.399398
0.190000	-5.399398
0.190100	-5.399398
0.190200	-5.644825
0.190300	-5.644825
0.190400	-5.644825
0.190500	-5.890253
0.190600	-5.890253
0.190700	-5.890253
0.190800	-5.890253
0.190900	-5.890253
0.191000	-5.890253
0.191100	-5.890253
0.191200	-5.890253
0.191300	-5.890253
0.191400	-5.890253
0.191500	-5.890253
0.191600	-5.890253
0.191700	-5.890253
0.191800	-6.135680
0.191900	-6.135680
0.192000	-6.135680
0.192100	-6.135680
0.192200	-6.135680
0.192300	-6.135680
0.192400	-6.135680
0.192500	-6.135680
0.192600	-6.135680
0.192700	-6.135680
0.192800	-5.890253
0.192900	-5.890253
0.193000	-5.644825
0.193100	-5.644825
0.193200	-5.644825
0.193300	-5.644825
0.193400	-5.644825
0.193500	-5.644825
0.193600	-5.644825
0.193700	-5.890253
0.193800	-5.890253
0.193900	-5.890253
0.194000	-5.644825
0.194100	-5.890253
0.194200	-5.644825
0.194300	-5.644825
0.194400	-5.644825
0.194500	-5.399398
0.194600	-5.153971
0.194700	-5.153971
0.194800	-4.908544
0.194900	-4.908544
0.195000	-4.908544
0.195100	-4.908544
0.195200	-4.908544
0.195300	-4.908544
0.195400	-4.663117
0.195500	-4.663117
0.195600	-4.663117
0.195700	-4.663117
0.195800	-4.663117
0.195900	-4.663117
0.196000	-4.417690
0.196100	-4.663117
0.196200	-4.663117
0.196300	-4.908544
0.196400	-4.908544
0.196500	-5.153971
0.196600	-4.908544
0.196700	-4.908544
0.196800	-4.908544
0.196900	-4.908544
0.197000	-4.663117
0.197100	-4.663117
0.197200	-4.663117
0.197300	-4.663117
0.197400	-4.417690
0.197500	-4.417690
0.197600	-4.417690
0.197700	-4.172262
0.197800	-3.926835
0.197900	-3.681408
0.198000	-3.435981
0.198100	-3.190554
0.198200	-3.190554
0.198300	-2.945126
0.198400	-2.699699
0.198500	-2.454272
0.198600	-1.963418
0.198700	-1.963418
0.198800	-1.717990
0.198900	-1.472563
0.199000	-1.472563
0.199100	-1.227136
0.199200	-0.981709
0.199300	-0.981709
0.199400	-0.981709
0.199500	-0.981709
0.199600	-0.736282
0.199700	-0.736282
0.199800	-0.490854
0.199900	-0.490854
0.200000	-0.490854
0.200100	-0.245427
0.200200	-0.245427
0.200300	-0.245427
0.200400	-0.245427
0.200500	-0.245427
0.200600	-0.000000
0.200700	-0.245427
0.200800	-0.245427
0.200900	-0.245427
0.201000	-0.245427
0.201100	-0.490854
0.201200	-0.736282
0.201300	-0.736282
0.201400	-0.981709
0.201500	-0.981709
0.201600	-0.981709
0.201700	-1.227136
0.201800	-1.227136
0.201900	-1.227136
0.202000	-1.227136
0.202100	-1.227136
0.202200	-1.472563
0.202300	-1.472563
0.202400	-1.472563
0.202500	-1.717990
0.202600	-1.717990
0.202700	-1.963418
0.202800	-1.963418
0.202900	-1.963418
0.203000	-1.963418
0.203100	-1.963418
0.203200	-1.963418
0.203300	-2.208845
0.203400	-2.208845
0.203500	-2.454272
0.203600	-2.454272
0.203700	-2.454272
0.203800	-2.454272
0.203900	-2.699699
0.204000	-2.699699
0.204100	-2.699699
0.204200	-2.945126
0.204300	-2.945126
0.204400	-2.945126
0.204500	-3.190554
0.204600	-3.190554
0.204700	-3.190554
0.204800	-3.190554
0.204900	-3.190554
0.205000	-3.190554
0.205100	-3.190554
0.205200	-3.190554
0.205300	-2.945126
0.205400	-2.945126
0.205500	-2.945126
0.205600	-3.190554
0.205700	-3.190554
0.205800	-2.945126
0.205900	-2.945126
0.206000	-2.699699
0.206100	-2.699699
0.206200	-2.699699
0.206300	-2.454272
0.206400	-2.454272
0.206500	-2.208845
0.206600	-2.208845
0.206700	-2.208845
0.206800	-1.963418
0.206900	-1.963418
0.207000	-1.717990
0.207100	-1.717990
0.207200	-1.472563
0.207300	-1.227136
0.207400	-1.227136
0.207500	-1.227136
0.207600	-1.227136
0.207700	-0.981709
0.207800	-0.736282
0.207900	-0.736282
0.208000	-0.490854
0.208100	-0.490854
0.208200	-0.245427
0.208300	-0.245427
0.208400	-0.000000
0.208500	-0.000000
0.208600	0.245427
0.208700	0.490854
0.208800	0.736282
0.208900	0.736282
0.209000	0.981709
0.209100	0.981709
0.209200	1.227136
0.209300	1.227136
0.209400	1.227136
0.209500	1.227136
0.209600	1.472563
0.209700	1.472563
0.209800	1.472563
0.209900	1.717990
0.210000	1.717990
0.210100	1.717990
0.210200	1.472563
0.210300	1.227136
0.210400	1.227136
0.210500	1.717990
0.210600	2.208845
0.210700	2.454272
0.210800	1.963418
0.210900	1.717990
0.211000	1.472563
0.211100	1.472563
0.211200	1.963418
0.211300	1.717990
0.211400	1.717990
0.211500	1.472563
0.211600	1.472563
0.211700	1.717990
0.211800	1.717990
0.211900	1.472563
0.212000	1.227136
0.212100	0.981709
0.212200	0.981709
0.212300	0.981709
0.212400	1.227136
0.212500	0.981709
0.212600	1.227136
0.212700	0.981709
0.212800	1.227136
0.212900	1.227136
0.213000	0.981709
0.213100	0.981709
0.213200	0.736282
0.213300	0.981709
0.213400	0.981709
0.213500	1.227136
0.213600	1.227136
0.213700	0.981709
0.213800	0.981709
0.213900	0.981709
0.214000	0.736282
0.214100	0.736282
0.214200	0.736282
0.214300	0.490854
0.214400	0.490854
0.214500	0.736282
0.214600	0.736282
0.214700	0.490854
0.214800	0.490854
0.214900	0.736282
0.215000	0.736282
0.215100	0.736282
0.215200	0.736282
0.215300	0.490854
0.215400	0.490854
0.215500	0.490854
0.215600	0.736282
0.215700	0.736282
0.215800	0.490854
0.215900	0.490854
0.216000	0.245427
0.216100	0.245427
0.216200	0.245427
0.216300	-0.000000
0.216400	-0.000000
0.216500	-0.000000
0.216600	-0.000000
0.216700	-0.000000
0.216800	-0.000000
0.216900	-0.245427
0.217000	-0.245427
0.217100	-0.245427
0.217200	-0.490854
0.217300	-0.490854
0.217400	-0.490854
0.217500	-0.490854
0.217600	-0.490854
0.217700	-0.490854
0.217800	-0.490854
0.217900	-0.736282
0.218000	-0.736282
0.218100	-0.736282
0.218200	-0.736282
0.218300	-0.736282
0.218400	-0.736282
0.218500	-0.736282
0.218600	-0.736282
0.218700	-0.736282
0.218800	-0.736282
0.218900	-0.736282
0.219000	-0.736282
0.219100	-0.736282
0.219200	-0.736282
0.219300	-0.736282
0.219400	-0.736282
0.219500	-0.490854
0.219600	-0.736282
0.219700	-0.736282
0.219800	-0.736282
0.219900	-0.736282
0.220000	-0.736282
0.220100	-0.736282
0.220200	-0.736282
0.220300	-0.736282
0.220400	-0.736282
0.220500	-0.490854
0.220600	-0.490854
0.220700	-0.490854
0.220800	-0.490854
0.220900	-0.490854
0.221000	-0.245427
0.221100	-0.245427
0.221200	-0.000000
0.221300	-0.000000
0.221400	-0.000000
0.221500	0.245427
0.221600	0.245427
0.221700	0.490854
0.221800	0.736282
0.221900	0.736282
0.222000	0.736282
0.222100	0.981709
0.222200	0.981709
0.222300	0.981709
0.222400	0.981709
0.222500	0.736282
0.222600	0.981709
0.222700	1.227136
0.222800	1.472563
0.222900	1.227136
0.223000	1.227136
0.223100	0.981709
0.223200	1.227136
0.223300	1.227136
0.223400	1.227136
0.223500	0.981709
0.223600	0.736282
0.223700	0.736282
0.223800	0.736282
0.223900	0.490854
0.224000	0.490854
0.224100	0.245427
0.224200	0.245427
0.224300	0.245427
0.224400	0.245427
0.224500	-0.000000
0.224600	-0.000000
0.224700	-0.000000
0.224800	-0.000000
0.224900	-0.000000
0.225000	-0.245427
0.225100	-0.245427
0.225200	-0.245427
0.225300	-0.245427
0.225400	-0.490854
0.225500	-0.490854
0.225600	-0.490854
0.225700	-0.490854
0.225800	-0.736282
0.225900	-0.736282
0.226000	-0.736282
0.226100	-0.736282
0.226200	-0.736282
0.226300	-0.736282
0.226400	-0.736282
0.226500	-0.981709
0.226600	-0.981709
0.226700	-0.981709
0.226800	-1.227136
0.226900	-1.227136
0.227000	-1.227136
0.227100	-1.227136
0.227200	-1.227136
0.227300	-1.227136
0.227400	-1.227136
0.227500	-1.472563
0.227600	-1.472563
0.227700	-1.227136
0.227800	-1.472563
0.227900	-1.227136
0.228000	-1.227136
0.228100	-1.227136
0.228200	-1.227136
0.228300	-1.227136
0.228400	-1.472563
0.228500	-1.227136
0.228600	-1.227136
0.228700	-1.227136
0.228800	-1.227136
0.228900	-1.227136
0.229000	-1.227136
0.229100	-1.227136
0.229200	-1.227136
0.229300	-1.227136
0.229400	-1.227136
0.229500	-1.227136
0.229600	-1.227136
0.229700	-1.227136
0.229800	-1.227136
0.229900	-0.981709
0.230000	-0.981709
0.230100	-0.981709
0.230200	-0.981709
0.230300	-0.981709
0.230400	-0.981709
0.230500	-0.981709
0.230600	-0.981709
0.230700	-0.981709
0.230800	-0.736282
0.230900	-0.736282
0.231000	-0.736282
0.231100	-0.736282
0.231200	-0.736282
0.231300	-0.490854
0.231400	-0.490854
0.231500	-0.490854
0.231600	-0.490854
0.231700	-0.490854
0.231800	-0.245427
0.231900	-0.245427
0.232000	-0.245427
0.232100	-0.245427
0.232200	-0.245427
0.232300	-0.245427
0.232400	-0.000000
0.232500	-0.000000
0.232600	-0.000000
0.232700	-0.000000
0.232800	-0.000000
0.232900	-0.000000
0.233000	-0.000000
0.233100	0.245427
0.233200	0.490854
0.233300	0.490854
0.233400	0.490854
0.233500	0.490854
0.233600	0.490854
0.233700	0.736282
0.233800	0.736282
0.233900	0.736282
0.234000	0.736282
0.234100	0.736282
0.234200	0.736282
0.234300	0.736282
0.234400	0.490854
0.234500	0.736282
0.234600	0.736282
0.234700	0.736282
0.234800	0.736282
0.234900	0.736282
0.235000	0.736282
0.235100	0.736282
0.235200	0.736282
0.235300	0.736282
0.235400	0.736282
0.235500	0.736282
0.235600	0.736282
0.235700	0.736282
0.235800	0.736282
0.235900	0.736282
0.236000	0.736282
0.236100	0.736282
0.236200	0.736282
0.236300	0.736282
0.236400	0.736282
0.236500	0.736282
0.236600	0.981709
0.236700	0.736282
0.236800	0.981709
0.236900	0.981709
0.237000	0.736282
0.237100	0.736282
0.237200	0.981709
0.237300	0.981709
0.237400	0.736282
0.237500	0.981709
0.237600	0.981709
0.237700	0.981709
0.237800	0.981709
0.237900	0.981709
0.238000	0.981709
0.238100	0.981709
0.238200	0.981709
0.238300	0.981709
0.238400	0.736282
0.238500	0.981709
0.238600	0.981709
0.238700	0.981709
0.238800	0.981709
0.238900	0.981709
0.239000	1.227136
0.239100	0.981709
0.239200	1.227136
0.239300	0.981709
0.239400	1.227136
0.239500	1.227136
0.239600	1.227136
0.239700	0.981709
0.239800	1.227136
0.239900	1.227136
0.240000	1.227136
0.240100	1.227136
0.240200	1.227136
0.240300	1.227136
0.240400	1.472563
0.240500	1.472563
0.240600	1.472563
0.240700	1.472563
0.240800	1.472563
0.240900	1.472563
0.241000	1.472563
0.241100	1.472563
0.241200	1.227136
0.241300	1.227136
0.241400	1.227136
0.241500	1.227136
0.241600	1.227136
0.241700	1.227136
0.241800	1.227136
0.241900	1.227136
0.242000	1.227136
0.242100	1.227136
0.242200	1.227136
0.242300	1.227136
0.242400	1.227136
0.242500	1.472563
0.242600	1.472563
0.242700	1.472563
0.242800	1.472563
0.242900	1.472563
0.243000	1.472563
0.243100	1.717990
0.243200	1.472563
0.243300	1.472563
0.243400	1.472563
0.243500	1.472563
0.243600	1.227136
0.243700	1.227136
0.243800	1.227136
0.243900	1.227136
0.244000	1.227136
0.244100	1.227136
0.244200	1.227136
0.244300	1.472563
0.244400	1.227136
0.244500	1.472563
0.244600	1.472563
0.244700	1.472563
0.244800	1.472563
0.244900	1.472563
0.245000	1.472563
0.245100	1.717990
0.245200	1.717990
0.245300	1.717990
0.245400	1.717990
0.245500	1.717990
0.245600	1.472563
0.245700	1.717990
0.245800	1.472563
0.245900	1.472563
0.246000	1.227136
0.246100	1.227136
0.246200	1.227136
0.246300	1.227136
0.246400	1.227136
0.246500	0.981709
0.246600	0.981709
0.246700	0.736282
0.246800	0.736282
0.246900	0.736282
0.247000	0.736282
0.247100	0.736282
0.247200	0.736282
0.247300	0.490854
0.247400	0.490854
0.247500	0.490854
0.247600	0.490854
0.247700	0.490854
0.247800	0.490854
0.247900	0.490854
0.248000	0.490854
0.248100	0.490854
0.248200	0.245427
0.248300	-0.000000
0.248400	-0.000000
0.248500	-0.000000
0.248600	-0.000000
0.248700	-0.000000
0.248800	-0.000000
0.248900	-0.245427
0.249000	-0.245427
0.249100	-0.245427
0.249200	-0.490854
0.249300	-0.490854
0.249400	-0.490854
0.249500	-0.490854
0.249600	-0.490854
0.249700	-0.245427
0.249800	-0.245427
0.249900	-0.490854
0.250000	-0.490854
0.250100	-0.490854
0.250200	-0.490854
0.250300	-0.245427
0.250400	-0.490854
0.250500	-0.245427
0.250600	-0.245427
0.250700	-0.245427
0.250800	-0.000000
0.250900	-0.000000
0.251000	-0.000000
0.251100	-0.000000
0.251200	-0.000000
0.251300	-0.000000
0.251400	0.245427
0.251500	0.245427
0.251600	0.490854
0.251700	0.490854
0.251800	0.490854
0.251900	0.736282
0.252000	0.736282
0.252100	0.981709
0.252200	0.981709
0.252300	1.227136
0.252400	1.227136
0.252500	0.981709
0.252600	1.227136
0.252700	1.227136
0.252800	1.227136
0.252900	1.227136
0.253000	1.472563
0.253100	1.472563
0.253200	1.472563
0.253300	1.227136
0.253400	1.227136
0.253500	1.227136
0.253600	1.227136
0.253700	1.227136
0.253800	1.227136
0.253900	1.227136
0.254000	1.227136
0.254100	1.227136
0.254200	1.227136
0.254300	1.227136
0.254400	1.227136
0.254500	1.227136
0.254600	1.472563
0.254700	1.227136
0.254800	1.227136
0.254900	1.472563
0.255000	1.227136
0.255100	1.472563
0.255200	1.472563
0.255300	1.472563
0.255400	1.472563
0.255500	1.472563
0.255600	1.472563
0.255700	1.472563
0.255800	1.227136
0.255900	1.472563
0.256000	1.472563
0.256100	1.227136
0.256200	1.227136
0.256300	1.227136
0.256400	1.227136
0.256500	1.227136
0.256600	1.227136
0.256700	1.227136
0.256800	1.227136
0.256900	1.227136
0.257000	1.227136
0.257100	1.472563
0.257200	1.227136
0.257300	1.227136
0.257400	1.227136
0.257500	1.227136
0.257600	1.227136
0.257700	1.227136
0.257800	1.472563
0.257900	1.472563
0.258000	1.472563
0.258100	1.472563
0.258200	1.472563
0.258300	1.472563
0.258400	1.472563
0.258500	1.472563
0.258600	1.227136
0.258700	1.227136
0.258800	1.227136
0.258900	1.227136
0.259000	1.227136
0.259100	1.227136
0.259200	0.981709
0.259300	1.227136
0.259400	0.981709
0.259500	0.981709
0.259600	0.981709
0.259700	0.981709
0.259800	0.981709
0.259900	0.981709
0.260000	0.981709
0.260100	0.981709
0.260200	0.981709
0.260300	0.736282
0.260400	0.736282
0.260500	0.736282
0.260600	0.736282
0.260700	0.736282
0.260800	0.490854
0.260900	0.490854
0.261000	0.490854
0.261100	0.490854
0.261200	0.490854
0.261300	0.490854
0.261400	0.490854
0.261500	0.245427
0.261600	0.245427
0.261700	0.245427
0.261800	0.245427
0.261900	0.245427
0.262000	0.245427
0.262100	0.245427
0.262200	0.245427
0.262300	0.245427
0.262400	0.245427
0.262500	0.245427
0.262600	-0.000000
0.262700	0.245427
0.262800	-0.000000
0.262900	-0.000000
0.263000	-0.000000
0.263100	-0.000000
0.263200	-0.000000
0.263300	-0.000000
0.263400	-0.245427
0.263500	-0.245427
0.263600	-0.245427
0.263700	-0.245427
0.263800	-0.245427
0.263900	-0.000000
0.264000	-0.245427
0.264100	-0.245427
0.264200	-0.245427
0.264300	-0.490854
0.264400	-0.245427
0.264500	-0.490854
0.264600	-0.490854
0.264700	-0.490854
0.264800	-0.490854
0.264900	-0.490854
0.265000	-0.490854
0.265100	-0.490854
0.265200	-0.490854
0.265300	-0.490854
0.265400	-0.490854
0.265500	-0.490854
0.265600	-0.490854
0.265700	-0.490854
0.265800	-0.490854
0.265900	-0.490854
0.266000	-0.490854
0.266100	-0.490854
0.266200	-0.490854
0.266300	-0.490854
0.266400	-0.490854
0.266500	-0.490854
0.266600	-0.490854
0.266700	-0.490854
0.266800	-0.490854
0.266900	-0.490854
0.267000	-0.736282
0.267100	-0.490854
0.267200	-0.490854
0.267300	-0.736282
0.267400	-0.490854
0.267500	-0.736282
0.267600	-0.736282
0.267700	-0.736282
0.267800	-0.736282
0.267900	-0.736282
0.268000	-0.736282
0.268100	-0.736282
0.268200	-0.736282
0.268300	-0.736282
0.268400	-0.736282
0.268500	-0.736282
0.268600	-0.736282
0.268700	-0.490854
0.268800	-0.490854
0.268900	-0.490854
0.269000	-0.736282
0.269100	-0.490854
0.269200	-0.490854
0.269300	-0.490854
0.269400	-0.490854
0.269500	-0.490854
0.269600	-0.490854
0.269700	-0.490854
0.269800	-0.490854
0.269900	-0.490854
0.270000	-0.490854
0.270100	-0.490854
0.270200	-0.490854
0.270300	-0.490854
0.270400	-0.490854
0.270500	-0.490854
0.270600	-0.490854
0.270700	-0.490854
0.270800	-0.245427
0.270900	-0.245427
0.271000	-0.490854
0.271100	-0.245427
0.271200	-0.245427
0.271300	-0.245427
0.271400	-0.245427
0.271500	-0.245427
0.271600	-0.245427
0.271700	-0.245427
0.271800	-0.245427
0.271900	-0.245427
0.272000	-0.245427
0.272100	-0.245427
0.272200	-0.245427
0.272300	-0.245427
0.272400	-0.245427
0.272500	-0.245427
0.272600	-0.245427
0.272700	-0.245427
0.272800	-0.245427
0.272900	-0.245427
0.273000	-0.245427
0.273100	-0.245427
0.273200	-0.245427
0.273300	-0.245427
0.273400	-0.245427
0.273500	-0.245427
0.273600	-0.245427
0.273700	-0.490854
0.273800	-0.245427
0.273900	-0.245427
0.274000	-0.490854
0.274100	-0.490854
0.274200	-0.245427
0.274300	-0.490854
0.274400	-0.490854
0.274500	-0.245427
0.274600	-0.490854
0.274700	-0.490854
0.274800	-0.245427
0.274900	-0.245427
0.275000	-0.245427
0.275100	-0.490854
0.275200	-0.490854
0.275300	-0.490854
0.275400	-0.490854
0.275500	-0.490854
0.275600	-0.245427
0.275700	-0.490854
0.275800	-0.245427
0.275900	-0.245427
0.276000	-0.490854
0.276100	-0.245427
0.276200	-0.245427
0.276300	-0.490854
0.276400	-0.245427
0.276500	-0.245427
0.276600	-0.245427
0.276700	-0.245427
0.276800	-0.245427
0.276900	-0.245427
0.277000	-0.245427
0.277100	-0.245427
0.277200	-0.245427
0.277300	-0.245427
0.277400	-0.245427
0.277500	-0.245427
0.277600	-0.245427
0.277700	-0.245427
0.277800	-0.490854
0.277900	-0.245427
0.278000	-0.245427
0.278100	-0.245427
0.278200	-0.245427
0.278300	-0.245427
0.278400	-0.245427
0.278500	-0.245427
0.278600	-0.245427
0.278700	-0.245427
0.278800	-0.245427
0.278900	-0.245427
0.279000	-0.245427
0.279100	-0.245427
0.279200	-0.245427
0.279300	-0.245427
0.279400	-0.245427
0.279500	-0.245427
0.279600	-0.245427
0.279700	-0.245427
0.279800	-0.245427
0.279900	-0.245427
0.280000	-0.245427
0.280100	-0.245427
0.280200	-0.490854
0.280300	-0.245427
0.280400	-0.490854
0.280500	-0.245427
0.280600	-0.490854
0.280700	-0.490854
0.280800	-0.245427
0.280900	-0.490854
0.281000	-0.490854
0.281100	-0.490854
0.281200	-0.736282
0.281300	-0.736282
0.281400	-0.490854
0.281500	-0.490854
0.281600	-0.736282
0.281700	-0.490854
0.281800	-0.490854
0.281900	-0.490854
0.282000	-0.490854
0.282100	-0.490854
0.282200	-0.490854
0.282300	-0.490854
0.282400	-0.736282
0.282500	-0.736282
0.282600	-0.736282
0.282700	-0.736282
0.282800	-0.736282
0.282900	-0.736282
0.283000	-0.736282
0.283100	-0.736282
0.283200	-0.490854
0.283300	-0.736282
0.283400	-0.736282
0.283500	-0.736282
0.283600	-0.736282
0.283700	-0.490854
0.283800	-0.490854
0.283900	-0.490854
0.284000	-0.490854
0.284100	-0.490854
0.284200	-0.490854
0.284300	-0.490854
0.284400	-0.490854
0.284500	-0.490854
0.284600	-0.490854
0.284700	-0.490854
0.284800	-0.490854
0.284900	-0.490854
0.285000	-0.490854
0.285100	-0.490854
0.285200	-0.490854
0.285300	-0.490854
0.285400	-0.490854
0.285500	-0.490854
0.285600	-0.490854
0.285700	-0.490854
0.285800	-0.490854
0.285900	-0.490854
0.286000	-0.490854
0.286100	-0.490854
0.286200	-0.245427
0.286300	-0.245427
0.286400	-0.490854
0.286500	-0.245427
0.286600	-0.245427
0.286700	-0.490854
0.286800	-0.490854
0.286900	-0.490854
0.287000	-0.490854
0.287100	-0.490854
0.287200	-0.245427
0.287300	-0.245427
0.287400	-0.000000
0.287500	-0.000000
0.287600	0.245427
0.287700	0.245427
0.287800	0.245427
0.287900	0.490854
0.288000	0.490854
0.288100	0.490854
0.288200	0.490854
0.288300	0.736282
0.288400	0.736282
0.288500	0.736282
0.288600	0.736282
0.288700	0.736282
0.288800	0.736282
0.288900	0.736282
0.289000	0.736282
0.289100	0.981709
0.289200	0.736282
0.289300	0.736282
0.289400	0.736282
0.289500	0.736282
0.289600	0.736282
0.289700	0.736282
0.289800	0.490854
0.289900	0.490854
0.290000	0.490854
0.290100	0.736282
0.290200	0.490854
0.290300	0.245427
0.290400	-0.000000
0.290500	-0.245427
0.290600	-0.000000
0.290700	-0.000000
0.290800	0.245427
0.290900	0.245427
0.291000	0.245427
0.291100	0.490854
0.291200	0.490854
0.291300	0.245427
0.291400	-0.000000
0.291500	-0.000000
0.291600	-0.000000
0.291700	-0.245427
0.291800	-0.245427
0.291900	-0.245427
0.292000	-0.000000
0.292100	-0.000000
0.292200	-0.000000
0.292300	-0.000000
0.292400	-0.000000
0.292500	-0.000000
0.292600	-0.000000
0.292700	-0.000000
0.292800	-0.000000
0.292900	-0.000000
0.293000	0.245427
0.293100	0.490854
0.293200	0.490854
0.293300	0.490854
0.293400	0.490854
0.293500	0.245427
0.293600	0.490854
0.293700	0.245427
0.293800	-0.000000
0.293900	-0.245427
0.294000	-0.245427
0.294100	-0.245427
0.294200	-0.000000
0.294300	-0.000000
0.294400	-0.000000
0.294500	-0.000000
0.294600	-0.000000
0.294700	0.245427
0.294800	0.245427
0.294900	-0.000000
0.295000	-0.000000
0.295100	-0.000000
0.295200	-0.000000
0.295300	-0.000000
0.295400	-0.000000
0.295500	-0.000000
0.295600	-0.245427
0.295700	-0.245427
0.295800	-0.245427
0.295900	-0.245427
0.296000	-0.245427
0.296100	-0.245427
0.296200	-0.245427
0.296300	-0.245427
0.296400	-0.245427
0.296500	-0.000000
0.296600	-0.245427
0.296700	-0.245427
0.296800	-0.245427
0.296900	-0.245427
0.297000	-0.490854
0.297100	-0.490854
0.297200	-0.490854
0.297300	-0.490854
0.297400	-0.490854
0.297500	-0.245427
0.297600	-0.245427
0.297700	-0.245427
0.297800	-0.245427
0.297900	-0.245427
0.298000	-0.245427
0.298100	-0.490854
0.298200	-0.490854
0.298300	-0.245427
0.298400	-0.490854
0.298500	-0.490854
0.298600	-0.245427
0.298700	-0.245427
0.298800	-0.245427
0.298900	-0.245427
0.299000	-0.245427
0.299100	-0.245427
0.299200	-0.245427
0.299300	-0.490854
0.299400	-0.490854
0.299500	-0.245427
0.299600	-0.245427
0.299700	-0.245427
0.299800	-0.245427
0.299900	-0.490854
0.300000	-0.490854
0.300100	-0.245427
0.300200	-0.245427
0.300300	-0.245427
0.300400	-0.245427
0.300500	-0.245427
0.300600	-0.490854
0.300700	-0.490854
0.300800	-0.490854
0.300900	-0.736282
0.301000	-0.736282
0.301100	-0.981709
0.301200	-1.227136
0.301300	-1.227136
0.301400	-1.717990
0.301500	-1.717990
0.301600	-1.717990
0.301700	-1.472563
0.301800	-1.717990
0.301900	-1.717990
0.302000	-1.963418
0.302100	-1.963418
0.302200	-1.717990
0.302300	-1.717990
0.302400	-1.717990
0.302500	-1.963418
0.302600	-1.963418
0.302700	-1.717990
0.302800	-1.963418
0.302900	-1.963418
0.303000	-1.963418
0.303100	-1.963418
0.303200	-1.963418
0.303300	-1.963418
0.303400	-2.208845
0.303500	-2.208845
0.303600	-1.963418
0.303700	-1.963418
0.303800	-1.963418
0.303900	-1.963418
0.304000	-1.963418
0.304100	-1.963418
0.304200	-1.963418
0.304300	-1.963418
0.304400	-1.963418
0.304500	-1.963418
0.304600	-2.208845
0.304700	-2.208845
0.304800	-2.208845
0.304900	-2.208845
0.305000	-2.208845
0.305100	-2.208845
0.305200	-2.454272
0.305300	-2.454272
0.305400	-2.208845
0.305500	-2.208845
0.305600	-2.454272
0.305700	-2.454272
0.305800	-2.208845
0.305900	-2.454272
0.306000	-2.208845
0.306100	-2.208845
0.306200	-2.454272
0.306300	-2.208845
0.306400	-2.208845
0.306500	-2.208845
0.306600	-2.208845
0.306700	-2.208845
0.306800	-2.208845
0.306900	-1.963418
0.307000	-1.963418
0.307100	-1.963418
0.307200	-1.963418
0.307300	-1.963418
0.307400	-1.963418
0.307500	-1.717990
0.307600	-1.963418
0.307700	-1.963418
0.307800	-1.963418
0.307900	-1.717990
0.308000	-1.717990
0.308100	-1.717990
0.308200	-1.717990
0.308300	-1.717990
0.308400	-1.472563
0.308500	-1.472563
0.308600	-1.472563
0.308700	-1.472563
0.308800	-1.472563
0.308900	-1.472563
0.309000	-1.472563
0.309100	-1.472563
0.309200	-1.472563
0.309300	-1.472563
0.309400	-1.472563
0.309500	-1.472563
0.309600	-1.717990
0.309700	-1.717990
0.309800	-1.472563
0.309900	-1.472563
0.310000	-1.472563
0.310100	-1.472563
0.310200	-1.472563
0.310300	-1.227136
0.310400	-0.981709
0.310500	-0.981709
0.310600	-0.981709
0.310700	-0.736282
0.310800	-0.736282
0.310900	-0.736282
0.311000	-0.490854
0.311100	-0.490854
0.311200	-0.490854
0.311300	-0.490854
0.311400	-0.490854
0.311500	-0.490854
0.311600	-0.490854
0.311700	-0.245427
0.311800	-0.245427
0.311900	-0.245427
0.312000	-0.245427
0.312100	-0.245427
0.312200	-0.245427
0.312300	-0.245427
0.312400	-0.000000
0.312500	0.245427
0.312600	0.245427
0.312700	-0.000000
0.312800	-0.000000
0.312900	-0.000000
0.313000	0.245427
0.313100	0.245427
0.313200	0.245427
0.313300	0.245427
0.313400	0.245427
0.313500	0.490854
0.313600	0.245427
0.313700	0.245427
0.313800	0.245427
0.313900	0.490854
0.314000	0.490854
0.314100	0.490854
0.314200	0.736282
0.314300	0.736282
0.314400	0.736282
0.314500	0.981709
0.314600	0.981709
0.314700	1.227136
0.314800	1.227136
0.314900	1.227136
0.315000	1.472563
0.315100	1.717990
0.315200	1.472563
0.315300	1.472563
0.315400	1.472563
0.315500	1.472563
0.315600	1.472563
0.315700	1.717990
0.315800	1.717990
0.315900	1.472563
0.316000	1.472563
0.316100	1.472563
0.316200	1.472563
0.316300	1.472563
0.316400	1.227136
0.316500	1.472563
0.316600	1.472563
0.316700	1.472563
0.316800	1.717990
0.316900	1.717990
0.317000	1.717990
0.317100	1.963418
0.317200	1.963418
0.317300	1.963418
0.317400	1.963418
0.317500	1.963418
0.317600	2.208845
0.317700	2.208845
0.317800	1.963418
0.317900	2.208845
0.318000	2.208845
0.318100	2.208845
0.318200	2.208845
0.318300	1.963418
0.318400	1.963418
0.318500	1.963418
0.318600	1.963418
0.318700	1.963418
0.318800	1.963418
0.318900	1.963418
0.319000	1.717990
0.319100	1.717990
0.319200	1.717990
0.319300	1.717990
0.319400	1.717990
0.319500	1.717990
0.319600	1.717990
0.319700	1.717990
0.319800	1.963418
0.319900	1.717990
0.320000	1.963418
0.320100	1.963418
0.320200	1.963418
0.320300	1.963418
0.320400	1.963418
0.320500	1.963418
0.320600	2.208845
0.320700	2.208845
0.320800	2.208845
0.320900	2.208845
0.321000	2.208845
0.321100	2.454272
0.321200	2.454272
0.321300	2.454272
0.321400	2.454272
0.321500	2.454272
0.321600	2.454272
0.321700	2.454272
0.321800	2.454272
0.321900	2.699699
0.322000	2.699699
0.322100	2.699699
0.322200	2.699699
0.322300	2.454272
0.322400	2.699699
0.322500	2.699699
0.322600	2.699699
0.322700	2.699699
0.322800	2.699699
0.322900	2.699699
0.323000	2.699699
0.323100	2.699699
0.323200	2.699699
0.323300	2.699699
0.323400	2.699699
0.323500	2.699699
0.323600	2.699699
0.323700	2.945126
0.323800	2.945126
0.323900	2.945126
0.324000	2.945126
0.324100	2.945126
0.324200	3.190554
0.324300	3.190554
0.324400	2.945126
0.324500	3.190554
0.324600	3.190554
0.324700	3.190554
0.324800	3.190554
0.324900	3.190554
0.325000	3.190554
0.325100	3.190554
0.325200	3.190554
0.325300	3.190554
0.325400	3.190554
0.325500	3.190554
0.325600	3.190554
0.325700	3.190554
0.325800	3.190554
0.325900	3.190554
0.326000	3.190554
0.326100	3.190554
0.326200	3.190554
0.326300	2.945126
0.326400	2.945126
0.326500	2.945126
0.326600	2.945126
0.326700	2.945126
0.326800	2.945126
0.326900	2.945126
0.327000	2.945126
0.327100	2.945126
0.327200	2.945126
0.327300	2.945126
0.327400	2.945126
0.327500	2.945126
0.327600	2.945126
0.327700	2.945126
0.327800	2.945126
0.327900	3.190554
0.328000	3.190554
0.328100	3.190554
0.328200	3.435981
0.328300	3.435981
0.328400	3.190554
0.328500	3.435981
0.328600	3.435981
0.328700	3.435981
0.328800	3.435981
0.328900	3.190554
0.329000	3.190554
0.329100	3.190554
0.329200	3.190554
0.329300	3.190554
0.329400	2.945126
0.329500	2.945126
0.329600	2.699699
0.329700	2.699699
0.329800	2.699699
0.329900	2.699699
0.330000	2.454272
0.330100	2.208845
0.330200	2.208845
0.330300	2.208845
0.330400	2.208845
0.330500	1.963418
0.330600	1.963418
0.330700	1.717990
0.330800	1.717990
0.330900	1.717990
0.331000	1.717990
0.331100	1.717990
0.331200	1.717990
0.331300	1.717990
0.331400	1.717990
0.331500	1.717990
0.331600	1.717990
0.331700	1.717990
0.331800	1.717990
0.331900	1.717990
0.332000	1.717990
0.332100	1.717990
0.332200	1.717990
0.332300	1.717990
0.332400	1.717990
0.332500	1.717990
0.332600	1.717990
0.332700	1.717990
0.332800	1.717990
0.332900	1.717990
0.333000	1.472563
0.333100	1.472563
0.333200	1.717990
0.333300	1.472563
0.333400	1.472563
0.333500	1.472563
0.333600	1.472563
0.333700	1.472563
0.333800	1.472563
0.333900	1.472563
0.334000	1.472563
0.334100	1.472563
0.334200	1.472563
0.334300	1.472563
0.334400	1.472563
0.334500	1.227136
0.334600	1.227136
0.334700	1.227136
0.334800	1.227136
0.334900	1.227136
0.335000	1.227136
0.335100	0.981709
0.335200	0.981709
0.335300	0.981709
0.335400	0.981709
0.335500	0.981709
0.335600	0.981709
0.335700	0.981709
0.335800	0.981709
0.335900	0.736282
0.336000	0.736282
0.336100	0.736282
0.336200	0.736282
0.336300	0.736282
0.336400	0.490854
0.336500	0.736282
0.336600	0.490854
0.336700	0.490854
0.336800	0.490854
0.336900	0.490854
0.337000	0.245427
0.337100	0.490854
0.337200	0.490854
0.337300	0.490854
0.337400	0.245427
0.337500	0.245427
0.337600	0.245427
0.337700	0.245427
0.337800	0.245427
0.337900	0.245427
0.338000	0.245427
0.338100	0.245427
0.338200	-0.000000
0.338300	-0.000000
0.338400	-0.000000
0.338500	-0.000000
0.338600	-0.000000
0.338700	-0.000000
0.338800	-0.245427
0.338900	-0.245427
0.339000	-0.245427
0.339100	-0.245427
0.339200	-0.245427
0.339300	-0.245427
0.339400	-0.245427
0.339500	-0.245427
0.339600	-0.245427
0.339700	-0.245427
0.339800	-0.245427
0.339900	-0.245427
0.340000	-0.245427
0.340100	-0.245427
0.340200	-0.245427
0.340300	-0.490854
0.340400	-0.490854
0.340500	-0.245427
0.340600	-0.245427
0.340700	-0.245427
0.340800	-0.245427
0.340900	-0.245427
0.341000	-0.245427
0.341100	-0.245427
0.341200	-0.245427
0.341300	-0.245427
0.341400	-0.245427
0.341500	-0.490854
0.341600	-0.490854
0.341700	-0.736282
0.341800	-0.736282
0.341900	-0.490854
0.342000	-0.245427
0.342100	-0.000000
0.342200	-0.000000
0.342300	-0.000000
0.342400	-0.000000
0.342500	-0.000000
0.342600	0.245427
0.342700	0.245427
0.342800	0.490854
0.342900	0.490854
0.343000	0.490854
0.343100	0.736282
0.343200	0.736282
0.343300	0.490854
0.343400	0.490854
0.343500	0.490854
0.343600	0.736282
0.343700	0.981709
0.343800	1.227136
0.343900	1.227136
0.344000	0.981709
0.344100	0.981709
0.344200	0.736282
0.344300	0.736282
0.344400	0.981709
0.344500	0.981709
0.344600	0.981709
0.344700	0.981709
0.344800	0.981709
0.344900	1.227136
0.345000	1.227136
0.345100	1.472563
0.345200	1.717990
0.345300	1.717990
0.345400	1.717990
0.345500	1.963418
0.345600	1.963418
0.345700	1.963418
0.345800	1.963418
0.345900	2.208845
0.346000	2.208845
0.346100	1.963418
0.346200	1.963418
0.346300	1.717990
0.346400	1.717990
0.346500	1.717990
0.346600	1.717990
0.346700	1.717990
0.346800	1.717990
0.346900	1.472563
0.347000	1.472563
0.347100	1.472563
0.347200	1.227136
0.347300	1.227136
0.347400	0.981709
0.347500	0.981709
0.347600	0.736282
0.347700	0.736282
0.347800	0.736282
0.347900	0.490854
0.348000	0.245427
0.348100	0.245427
0.348200	0.245427
0.348300	0.245427
0.348400	-0.000000
0.348500	-0.000000
0.348600	-0.000000
0.348700	-0.000000
0.348800	-0.000000
0.348900	-0.000000
0.349000	-0.000000
0.349100	-0.000000
0.349200	-0.000000
0.349300	-0.000000
0.349400	-0.000000
0.349500	-0.245427
0.349600	-0.245427
0.349700	-0.245427
0.349800	-0.000000
0.349900	-0.000000
0.350000	-0.000000
0.350100	0.245427
0.350200	0.245427
0.350300	0.490854
0.350400	0.490854
0.350500	0.490854
0.350600	0.736282
0.350700	0.981709
0.350800	0.981709
0.350900	1.227136
0.351000	1.227136
0.351100	1.227136
0.351200	1.472563
0.351300	1.472563
0.351400	1.472563
0.351500	1.717990
0.351600	1.717990
0.351700	1.717990
0.351800	1.717990
0.351900	1.717990
0.352000	1.717990
0.352100	1.717990
0.352200	1.963418
0.352300	1.717990
0.352400	1.717990
0.352500	1.717990
0.352600	1.472563
0.352700	1.472563
0.352800	1.472563
0.352900	1.227136
0.353000	1.227136
0.353100	1.227136
0.353200	1.227136
0.353300	1.227136
0.353400	1.227136
0.353500	1.227136
0.353600	1.227136
0.353700	0.981709
0.353800	0.981709
0.353900	0.736282
0.354000	0.736282
0.354100	0.736282
0.354200	0.736282
0.354300	0.490854
0.354400	0.490854
0.354500	0.490854
0.354600	0.490854
0.354700	0.490854
0.354800	0.245427
0.354900	0.245427
0.355000	0.245427
0.355100	0.245427
0.355200	-0.000000
0.355300	-0.000000
0.355400	-0.000000
0.355500	-0.245427
0.355600	-0.245427
0.355700	-0.245427
0.355800	-0.490854
0.355900	-0.490854
0.356000	-0.736282
0.356100	-0.736282
0.356200	-0.736282
0.356300	-0.736282
0.356400	-0.981709
0.356500	-0.736282
0.356600	-0.981709
0.356700	-0.981709
0.356800	-0.981709
0.356900	-0.981709
0.357000	-0.981709
0.357100	-1.227136
0.357200	-0.981709
0.357300	-0.981709
0.357400	-1.227136
0.357500	-1.227136
0.357600	-1.227136
0.357700	-1.227136
0.357800	-1.227136
0.357900	-1.472563
0.358000	-1.472563
0.358100	-1.717990
0.358200	-1.717990
0.358300	-1.717990
0.358400	-1.963418
0.358500	-1.963418
0.358600	-1.963418
0.358700	-1.963418
0.358800	-1.963418
0.358900	-1.963418
0.359000	-1.963418
0.359100	-1.963418
0.359200	-1.963418
0.359300	-1.963418
0.359400	-1.963418
0.359500	-1.963418
0.359600	-1.963418
0.359700	-1.963418
0.359800	-2.208845
0.359900	-1.963418
0.360000	-2.208845
0.360100	-2.208845
0.360200	-2.208845
0.360300	-2.208845
0.360400	-2.208845
0.360500	-2.208845
0.360600	-2.208845
0.360700	-2.208845
0.360800	-2.208845
0.360900	-2.208845
0.361000	-2.208845
0.361100	-2.208845
0.361200	-2.208845
0.361300	-2.208845
0.361400	-2.454272
0.361500	-2.208845
0.361600	-2.454272
0.361700	-2.454272
0.361800	-2.454272
0.361900	-2.454272
0.362000	-2.699699
0.362100	-2.699699
0.362200	-2.699699
0.362300	-2.699699
0.362400	-2.699699
0.362500	-2.945126
0.362600	-2.945126
0.362700	-2.945126
0.362800	-2.945126
0.362900	-2.945126
0.363000	-2.945126
0.363100	-2.945126
0.363200	-2.945126
0.363300	-2.945126
0.363400	-2.945126
0.363500	-2.945126
0.363600	-2.945126
0.363700	-2.945126
0.363800	-3.190554
0.363900	-3.190554
0.364000	-3.190554
0.364100	-3.190554
0.364200	-3.190554
0.364300	-3.190554
0.364400	-3.190554
0.364500	-3.190554
0.364600	-3.435981
0.364700	-3.435981
0.364800	-3.435981
0.364900	-3.435981
0.365000	-3.435981
0.365100	-3.435981
0.365200	-3.435981
0.365300	-3.681408
0.365400	-3.435981
0.365500	-3.435981
0.365600	-3.681408
0.365700	-3.681408
0.365800	-3.435981
0.365900	-3.435981
0.366000	-3.435981
0.366100	-3.435981
0.366200	-3.435981
0.366300	-3.435981
0.366400	-3.435981
0.366500	-3.681408
0.366600	-3.435981
0.366700	-3.681408
0.366800	-3.435981
0.366900	-3.435981
0.367000	-3.681408
0.367100	-3.435981
0.367200	-3.435981
0.367300	-3.435981
0.367400	-3.681408
0.367500	-3.435981
0.367600	-3.681408
0.367700	-3.681408
0.367800	-3.681408
0.367900	-3.435981
0.368000	-3.435981
0.368100	-3.435981
0.368200	-3.435981
0.368300	-3.681408
0.368400	-3.435981
0.368500	-3.435981
0.368600	-3.435981
0.368700	-3.435981
0.368800	-3.435981
0.368900	-3.435981
0.369000	-3.435981
0.369100	-3.435981
0.369200	-3.435981
0.369300	-3.190554
0.369400	-3.435981
0.369500	-3.190554
0.369600	-3.435981
0.369700	-3.435981
0.369800	-3.190554
0.369900	-3.190554
0.370000	-3.190554
0.370100	-2.945126
0.370200	-2.945126
0.370300	-2.945126
0.370400	-2.945126
0.370500	-2.945126
0.370600	-2.945126
0.370700	-2.699699
0.370800	-2.699699
0.370900	-2.699699
0.371000	-2.699699
0.371100	-2.699699
0.371200	-2.699699
0.371300	-2.699699
0.371400	-2.454272
0.371500	-2.699699
0.371600	-2.699699
0.371700	-2.454272
0.371800	-2.454272
0.371900	-2.454272
0.372000	-2.454272
0.372100	-2.454272
0.372200	-2.454272
0.372300	-2.454272
0.372400	-2.454272
0.372500	-2.454272
0.372600	-2.454272
0.372700	-2.454272
0.372800	-2.208845
0.372900	-2.208845
0.373000	-2.208845
0.373100	-2.208845
0.373200	-2.208845
0.373300	-2.208845
0.373400	-1.963418
0.373500	-1.963418
0.373600	-1.963418
0.373700	-1.963418
0.373800	-1.963418
0.373900	-1.963418
0.374000	-1.963418
0.374100	-1.963418
0.374200	-1.963418
0.374300	-1.963418
0.374400	-1.963418
0.374500	-1.963418
0.374600	-1.717990
0.374700	-1.717990
0.374800	-1.717990
0.374900	-1.717990
0.375000	-1.717990
0.375100	-1.472563
0.375200	-1.472563
0.375300	-1.227136
0.375400	-1.227136
0.375500	-1.472563
0.375600	-1.472563
0.375700	-1.227136
0.375800	-1.227136
0.375900	-1.227136
0.376000	-1.227136
0.376100	-1.227136
0.376200	-1.227136
0.376300	-1.227136
0.376400	-1.227136
0.376500	-1.227136
0.376600	-1.227136
0.376700	-0.981709
0.376800	-1.227136
0.376900	-0.981709
0.377000	-0.981709
0.377100	-0.981709
0.377200	-0.981709
0.377300	-0.981709
0.377400	-0.736282
0.377500	-0.981709
0.377600	-0.736282
0.377700	-0.736282
0.377800	-0.736282
0.377900	-0.736282
0.378000	-0.736282
0.378100	-0.490854
0.378200	-0.490854
0.378300	-0.490854
0.378400	-0.490854
0.378500	-0.490854
0.378600	-0.490854
0.378700	-0.490854
0.378800	-0.490854
0.378900	-0.490854
0.379000	-0.490854
0.379100	-0.490854
0.379200	-0.490854
0.379300	-0.490854
0.379400	-0.490854
0.379500	-0.490854
0.379600	-0.490854
0.379700	-0.245427
0.379800	-0.245427
0.379900	-0.245427
0.380000	-0.245427
0.380100	-0.245427
0.380200	-0.000000
0.380300	-0.000000
0.380400	-0.000000
0.380500	-0.000000
0.380600	-0.000000
0.380700	0.245427
0.380800	0.245427
0.380900	0.245427
0.381000	0.490854
0.381100	0.490854
0.381200	0.490854
0.381300	0.736282
0.381400	0.490854
0.381500	0.736282
0.381600	0.736282
0.381700	0.736282
0.381800	0.736282
0.381900	0.736282
0.382000	0.981709
0.382100	0.736282
0.382200	0.736282
0.382300	0.736282
0.382400	0.981709
0.382500	0.736282
0.382600	0.736282
0.382700	0.736282
0.382800	0.981709
0.382900	0.981709
0.383000	0.981709
0.383100	0.981709
0.383200	0.981709
0.383300	0.981709
0.383400	0.981709
0.383500	0.981709
0.383600	1.227136
0.383700	1.227136
0.383800	1.227136
0.383900	1.227136
0.384000	1.227136
0.384100	1.227136
0.384200	1.472563
0.384300	1.227136
0.384400	1.472563
0.384500	1.472563
0.384600	1.472563
0.384700	1.472563
0.384800	1.472563
0.384900	1.717990
0.385000	1.717990
0.385100	1.717990
0.385200	1.717990
0.385300	1.717990
0.385400	1.717990
0.385500	1.717990
0.385600	1.717990
0.385700	1.717990
0.385800	1.963418
0.385900	1.963418
0.386000	1.717990
0.386100	1.717990
0.386200	1.963418
0.386300	1.963418
0.386400	1.963418
0.386500	1.963418
0.386600	1.963418
0.386700	1.963418
0.386800	1.963418
0.386900	1.963418
0.387000	2.208845
0.387100	2.208845
0.387200	2.208845
0.387300	2.208845
0.387400	2.208845
0.387500	2.208845
0.387600	2.208845
0.387700	2.208845
0.387800	2.208845
0.387900	2.454272
0.388000	2.454272
0.388100	2.454272
0.388200	2.454272
0.388300	2.454272
0.388400	2.454272
0.388500	2.454272
0.388600	2.454272
0.388700	2.454272
0.388800	2.454272
0.388900	2.454272
0.389000	2.454272
0.389100	2.454272
0.389200	2.454272
0.389300	2.454272
0.389400	2.454272
0.389500	2.699699
0.389600	2.454272
0.389700	2.699699
0.389800	2.699699
0.389900	2.454272
0.390000	2.454272
0.390100	2.699699
0.390200	2.699699
0.390300	2.699699
0.390400	2.699699
0.390500	2.699699
0.390600	2.699699
0.390700	2.699699
0.390800	2.699699
0.390900	2.699699
0.391000	2.699699
0.391100	2.699699
0.391200	2.699699
0.391300	2.699699
0.391400	2.699699
0.391500	2.699699
0.391600	2.699699
0.391700	2.945126
0.391800	2.699699
0.391900	2.699699
0.392000	2.699699
0.392100	2.699699
0.392200	2.945126
0.392300	2.699699
0.392400	2.699699
0.392500	2.699699
0.392600	2.699699
0.392700	2.699699
0.392800	2.699699
0.392900	2.699699
0.393000	2.699699
0.393100	2.699699
0.393200	2.699699
0.393300	2.699699
0.393400	2.945126
0.393500	2.699699
0.393600	2.699699
0.393700	2.699699
0.393800	2.699699
0.393900	2.699699
0.394000	2.699699
0.394100	2.699699
0.394200	2.699699
0.394300	2.699699
0.394400	2.699699
0.394500	2.699699
0.394600	2.699699
0.394700	2.699699
0.394800	2.699699
0.394900	2.699699
0.395000	2.699699
0.395100	2.699699
0.395200	2.699699
0.395300	2.699699
0.395400	2.699699
0.395500	2.699699
0.395600	2.699699
0.395700	2.945126
0.395800	2.945126
0.395900	2.699699
0.396000	2.699699
0.396100	2.699699
0.396200	2.699699
0.396300	2.699699
0.396400	2.699699
0.396500	2.699699
0.396600	2.699699
0.396700	2.699699
0.396800	2.699699
0.396900	2.699699
0.397000	2.699699
0.397100	2.699699
0.397200	2.454272
0.397300	2.699699
0.397400	2.699699
0.397500	2.699699
0.397600	2.699699
0.397700	2.699699
0.397800	2.454272
0.397900	2.699699
0.398000	2.699699
0.398100	2.699699
0.398200	2.699699
0.398300	2.699699
0.398400	2.699699
0.398500	2.454272
0.398600	2.454272
0.398700	2.454272
0.398800	2.454272
0.398900	2.454272
0.399000	2.454272
0.399100	2.454272
0.399200	2.208845
0.399300	2.208845
0.399400	2.208845
0.399500	2.208845
0.399600	2.208845
0.399700	2.208845
0.399800	2.208845
0.399900	2.208845
0.400000	2.208845
0.400100	2.208845
0.400200	2.208845
0.400300	1.963418
0.400400	1.963418
0.400500	1.963418
0.400600	1.963418
0.400700	1.963418
0.400800	1.963418
0.400900	1.963418
0.401000	1.717990
0.401100	1.717990
0.401200	1.717990
0.401300	1.717990
0.401400	1.717990
0.401500	1.717990
0.401600	1.472563
0.401700	1.717990
0.401800	1.717990
0.401900	1.472563
0.402000	1.472563
0.402100	1.472563
0.402200	1.472563
0.402300	1.472563
0.402400	1.472563
0.402500	1.472563
0.402600	1.227136
0.402700	1.472563
0.402800	1.227136
0.402900	1.472563
0.403000	1.227136
0.403100	1.227136
0.403200	1.227136
0.403300	1.227136
0.403400	1.227136
0.403500	1.227136
0.403600	0.981709
0.403700	0.981709
0.403800	0.981709
0.403900	0.981709
0.404000	0.981709
0.404100	0.736282
0.404200	0.736282
0.404300	0.736282
0.404400	0.736282
0.404500	0.490854
0.404600	0.490854
0.404700	0.490854
0.404800	0.490854
0.404900	0.245427
0.405000	0.245427
