-0.005000	-0.000000
-0.004900	-0.000000
-0.004800	-0.000000
-0.004700	-0.000000
-0.004600	-0.000000
-0.004500	-0.000000
-0.004400	-0.000000
-0.004300	-0.000000
-0.004200	-0.000000
-0.004100	-0.000000
-0.004000	-0.000000
-0.003900	-0.243872
-0.003800	-0.000000
-0.003700	-0.000000
-0.003600	-0.000000
-0.003500	-0.000000
-0.003400	-0.000000
-0.003300	-0.000000
-0.003200	-0.000000
-0.003100	-0.000000
-0.003000	-0.000000
-0.002900	-0.000000
-0.002800	-0.000000
-0.002700	-0.000000
-0.002600	-0.000000
-0.002500	-0.000000
-0.002400	-0.000000
-0.002300	-0.000000
-0.002200	-0.000000
-0.002100	-0.000000
-0.002000	-0.000000
-0.001900	-0.000000
-0.001800	-0.000000
-0.001700	-0.000000
-0.001600	-0.000000
-0.001500	-0.000000
-0.001400	-0.000000
-0.001300	-0.000000
-0.001200	-0.000000
-0.001100	-0.000000
-0.001000	-0.000000
-0.000900	-0.000000
-0.000800	-0.243872
-0.000700	-0.000000
-0.000600	-0.000000
-0.000500	-0.000000
-0.000400	-0.000000
-0.000300	-0.000000
-0.000200	-0.000000
-0.000100	-0.000000
0.000000	-0.000000
0.000100	-0.000000
0.000200	-0.000000
0.000300	-0.000000
0.000400	-0.000000
0.000500	-0.000000
0.000600	-0.000000
0.000700	-0.000000
0.000800	-0.000000
0.000900	-0.000000
0.001000	-0.000000
0.001100	-0.000000
0.001200	-0.000000
0.001300	-0.000000
0.001400	-0.000000
0.001500	-0.000000
0.001600	-0.000000
0.001700	-0.000000
0.001800	-0.000000
0.001900	-0.000000
0.002000	-0.000000
0.002100	-0.000000
0.002200	-0.000000
0.002300	-0.000000
0.002400	-0.000000
0.002500	-0.000000
0.002600	-0.000000
0.002700	-0.000000
0.002800	-0.000000
0.002900	-0.000000
0.003000	-0.000000
0.003100	-0.000000
0.003200	-0.000000
0.003300	-0.000000
0.003400	-0.000000
0.003500	-0.000000
0.003600	-0.000000
0.003700	-0.000000
0.003800	-0.000000
0.003900	-0.000000
0.004000	-0.000000
0.004100	-0.000000
0.004200	-0.000000
0.004300	-0.000000
0.004400	-0.000000
0.004500	-0.000000
0.004600	-0.000000
0.004700	-0.000000
0.004800	-0.000000
0.004900	-0.000000
0.005000	-0.000000
0.005100	-0.000000
0.005200	-0.000000
0.005300	-0.000000
0.005400	-0.000000
0.005500	-0.000000
0.005600	-0.000000
0.005700	-0.000000
0.005800	-0.000000
0.005900	-0.000000
0.006000	-0.000000
0.006100	-0.000000
0.006200	-0.000000
0.006300	-0.000000
0.006400	-0.000000
0.006500	-0.000000
0.006600	-0.000000
0.006700	-0.000000
0.006800	-0.000000
0.006900	-0.000000
0.007000	-0.000000
0.007100	-0.000000
0.007200	-0.000000
0.007300	-0.000000
0.007400	-0.000000
0.007500	-0.000000
0.007600	-0.000000
0.007700	-0.000000
0.007800	-0.000000
0.007900	0.243872
0.008000	-0.000000
0.008100	-0.000000
0.008200	-0.000000
0.008300	-0.000000
0.008400	-0.000000
0.008500	-0.000000
0.008600	-0.000000
0.008700	-0.000000
0.008800	-0.000000
0.008900	-0.000000
0.009000	-0.000000
0.009100	-0.000000
0.009200	-0.243872
0.009300	-0.243872
0.009400	-0.243872
0.009500	-0.243872
0.009600	-0.243872
0.009700	-0.243872
0.009800	-0.243872
0.009900	-0.000000
0.010000	-0.000000
0.010100	0.243872
0.010200	0.243872
0.010300	0.243872
0.010400	0.487744
0.010500	0.731616
0.010600	0.731616
0.010700	0.487744
0.010800	0.487744
0.010900	0.243872
0.011000	0.243872
0.011100	0.243872
0.011200	-0.000000
0.011300	-0.000000
0.011400	-0.000000
0.011500	-0.000000
0.011600	-0.000000
0.011700	-0.000000
0.011800	-0.000000
0.011900	0.243872
0.012000	0.243872
0.012100	0.243872
0.012200	0.243872
0.012300	0.243872
0.012400	0.243872
0.012500	0.243872
0.012600	-0.000000
0.012700	-0.000000
0.012800	-0.000000
0.012900	-0.000000
0.013000	-0.243872
0.013100	-0.243872
0.013200	-0.243872
0.013300	-0.243872
0.013400	-0.000000
0.013500	0.243872
0.013600	0.487744
0.013700	0.731616
0.013800	0.975488
0.013900	1.219360
0.014000	1.219360
0.014100	1.219360
0.014200	1.219360
0.014300	1.463232
0.014400	1.707104
0.014500	1.950976
0.014600	2.194848
0.014700	2.194848
0.014800	1.950976
0.014900	2.194848
0.015000	2.682592
0.015100	4.145824
0.015200	6.096800
0.015300	8.291648
0.015400	9.754880
0.015500	10.730368
0.015600	11.218112
0.015700	10.486496
0.015800	8.291648
0.015900	4.145824
0.016000	-1.219360
0.016100	-6.096800
0.016200	-10.242624
0.016300	-13.412960
0.016400	-16.339424
0.016500	-19.022017
0.016600	-19.997503
0.016700	-17.558784
0.016800	-12.437472
0.016900	-6.828416
0.017000	-3.170336
0.017100	-1.219360
0.017200	-1.463232
0.017300	-2.438720
0.017400	-3.414208
0.017500	-3.414208
0.017600	-1.950976
0.017700	0.243872
0.017800	3.170336
0.017900	7.560032
0.018000	14.388448
0.018100	23.411713
0.018200	32.922722
0.018300	40.970497
0.018400	44.384705
0.018500	38.531776
0.018600	30.240128
0.018700	34.142078
0.018800	43.653088
0.018900	42.433727
0.019000	33.410465
0.019100	25.850431
0.019200	20.485249
0.019300	15.851680
0.019400	11.705856
0.019500	5.852928
0.019600	-0.731616
0.019700	-6.096800
0.019800	-10.486496
0.019900	-13.900704
0.020000	-15.851680
0.020100	-15.363936
0.020200	-12.681344
0.020300	-9.511008
0.020400	-8.047776
0.020500	-8.047776
0.020600	-7.803904
0.020700	-5.852928
0.020800	-3.170336
0.020900	-2.194848
0.021000	-4.145824
0.021100	-7.316160
0.021200	-9.998752
0.021300	-12.193600
0.021400	-14.388448
0.021500	-16.583296
0.021600	-18.046528
0.021700	-18.046528
0.021800	-16.339424
0.021900	-13.412960
0.022000	-9.511008
0.022100	-4.389696
0.022200	0.487744
0.022300	4.633568
0.022400	7.316160
0.022500	8.779392
0.022600	9.267136
0.022700	9.511008
0.022800	9.754880
0.022900	10.486496
0.023000	10.974240
0.023100	10.730368
0.023200	9.754880
0.023300	8.535520
0.023400	7.316160
0.023500	5.365184
0.023600	2.438720
0.023700	-1.219360
0.023800	-4.145824
0.023900	-6.096800
0.024000	-7.316160
0.024100	-8.047776
0.024200	-8.535520
0.024300	-7.803904
0.024400	-6.340672
0.024500	-4.877440
0.024600	-3.658080
0.024700	-2.682592
0.024800	-1.707104
0.024900	-0.731616
0.025000	0.487744
0.025100	2.194848
0.025200	4.633568
0.025300	6.828416
0.025400	9.023264
0.025500	10.974240
0.025600	12.437472
0.025700	13.656832
0.025800	15.120064
0.025900	16.827168
0.026000	18.046528
0.026100	19.753632
0.026200	22.192352
0.026300	25.362688
0.026400	28.776896
0.026500	32.434975
0.026600	36.824673
0.026700	41.702110
0.026800	47.311169
0.026900	52.188606
0.027000	56.334431
0.027100	60.236385
0.027200	64.382210
0.027300	68.771904
0.027400	71.942238
0.027500	74.380959
0.027600	77.063553
0.027700	79.502274
0.027800	81.697121
0.027900	84.135841
0.028000	87.062302
0.028100	89.744896
0.028200	92.671356
0.028300	95.353951
0.028400	96.573311
0.028500	96.329437
0.028600	95.841698
0.028700	96.817184
0.028800	97.548798
0.028900	95.353951
0.029000	90.232643
0.029100	85.355202
0.029200	81.453247
0.029300	78.282913
0.029400	76.331940
0.029500	75.112579
0.029600	73.893219
0.029700	72.673859
0.029800	70.235138
0.029900	66.577057
0.030000	63.162849
0.030100	60.724129
0.030200	59.260895
0.030300	57.309921
0.030400	54.627327
0.030500	52.188606
0.030600	49.993759
0.030700	46.579552
0.030800	43.165344
0.030900	40.482754
0.031000	38.775646
0.031100	35.849182
0.031200	30.483999
0.031300	26.825920
0.031400	27.557535
0.031500	27.557535
0.031600	24.874945
0.031700	21.460735
0.031800	17.558784
0.031900	13.900704
0.032000	13.656832
0.032100	16.095552
0.032200	17.558784
0.032300	17.314913
0.032400	16.583296
0.032500	15.120064
0.032600	13.900704
0.032700	11.705856
0.032800	8.291648
0.032900	4.145824
0.033000	1.463232
0.033100	-0.000000
0.033200	-1.219360
0.033300	-1.707104
0.033400	-1.707104
0.033500	-2.682592
0.033600	-3.901952
0.033700	-3.170336
0.033800	-1.219360
0.033900	-0.243872
0.034000	-0.487744
0.034100	-0.975488
0.034200	-0.243872
0.034300	-0.975488
0.034400	-2.682592
0.034500	-1.463232
0.034600	1.463232
0.034700	0.487744
0.034800	-3.901952
0.034900	-6.828416
0.035000	-8.291648
0.035100	-8.779392
0.035200	-6.096800
0.035300	-1.463232
0.035400	-0.000000
0.035500	-1.463232
0.035600	-1.707104
0.035700	-0.487744
0.035800	-0.000000
0.035900	-0.243872
0.036000	-0.487744
0.036100	0.243872
0.036200	1.707104
0.036300	3.414208
0.036400	4.633568
0.036500	5.121312
0.036600	4.877440
0.036700	4.145824
0.036800	3.414208
0.036900	3.170336
0.037000	3.901952
0.037100	5.365184
0.037200	7.072288
0.037300	8.535520
0.037400	10.486496
0.037500	13.169088
0.037600	16.095552
0.037700	19.022017
0.037800	22.192352
0.037900	24.874945
0.038000	27.801409
0.038100	30.483999
0.038200	33.410465
0.038300	36.580799
0.038400	39.507263
0.038500	42.677601
0.038600	46.091808
0.038700	49.506016
0.038800	52.676353
0.038900	55.358944
0.039000	57.309921
0.039100	59.260895
0.039200	61.699615
0.039300	65.113823
0.039400	69.015778
0.039500	72.917725
0.039600	76.331940
0.039700	79.746147
0.039800	83.404221
0.039900	87.062302
0.040000	89.744896
0.040100	90.964256
0.040200	92.671356
0.040300	96.085571
0.040400	100.231392
0.040500	104.133347
0.040600	107.303680
0.040700	109.742401
0.040800	112.181122
0.040900	113.400482
0.041000	114.863708
0.041100	116.570816
0.041200	117.790176
0.041300	117.790176
0.041400	116.083069
0.041500	112.912735
0.041600	109.254654
0.041700	105.352707
0.041800	100.963005
0.041900	95.597824
0.042000	90.720383
0.042100	85.599075
0.042200	79.746147
0.042300	73.161598
0.042400	67.796417
0.042500	63.406719
0.042600	58.773151
0.042700	52.676353
0.042800	46.091808
0.042900	41.702110
0.043000	37.800159
0.043100	33.166592
0.043200	28.289152
0.043300	23.655584
0.043400	19.265888
0.043500	14.876192
0.043600	11.461984
0.043700	9.511008
0.043800	8.291648
0.043900	6.096800
0.044000	2.682592
0.044100	-1.707104
0.044200	-4.633568
0.044300	-6.340672
0.044400	-7.560032
0.044500	-9.023264
0.044600	-10.486496
0.044700	-11.949728
0.044800	-12.193600
0.044900	-11.705856
0.045000	-11.461984
0.045100	-11.218112
0.045200	-10.486496
0.045300	-8.291648
0.045400	-4.633568
0.045500	-0.243872
0.045600	5.365184
0.045700	11.218112
0.045800	15.851680
0.045900	18.778145
0.046000	20.729120
0.046100	22.680096
0.046200	24.387199
0.046300	26.582048
0.046400	28.533024
0.046500	30.727873
0.046600	33.654335
0.046700	36.824673
0.046800	39.507263
0.046900	41.458241
0.047000	42.921471
0.047100	44.384705
0.047200	45.604065
0.047300	47.067295
0.047400	48.042786
0.047500	48.286655
0.047600	48.042786
0.047700	47.798912
0.047800	47.798912
0.047900	47.555038
0.048000	46.823425
0.048100	45.116322
0.048200	43.165344
0.048300	41.702110
0.048400	40.726624
0.048500	39.995007
0.048600	38.531776
0.048700	36.336929
0.048800	33.654335
0.048900	30.483999
0.049000	27.557535
0.049100	24.874945
0.049200	21.948481
0.049300	19.265888
0.049400	16.827168
0.049500	15.363936
0.049600	14.144576
0.049700	11.949728
0.049800	9.754880
0.049900	7.560032
0.050000	6.096800
0.050100	4.633568
0.050200	3.658080
0.050300	2.438720
0.050400	1.707104
0.050500	2.194848
0.050600	3.658080
0.050700	5.852928
0.050800	7.316160
0.050900	8.535520
0.051000	9.511008
0.051100	10.486496
0.051200	10.730368
0.051300	10.486496
0.051400	10.486496
0.051500	10.730368
0.051600	10.730368
0.051700	10.974240
0.051800	10.974240
0.051900	11.705856
0.052000	12.437472
0.052100	13.169088
0.052200	13.656832
0.052300	14.388448
0.052400	14.632320
0.052500	14.632320
0.052600	14.388448
0.052700	14.144576
0.052800	13.900704
0.052900	13.656832
0.053000	13.169088
0.053100	12.437472
0.053200	11.218112
0.053300	10.486496
0.053400	9.754880
0.053500	8.535520
0.053600	6.584544
0.053700	4.877440
0.053800	3.901952
0.053900	3.658080
0.054000	3.901952
0.054100	4.877440
0.054200	7.072288
0.054300	10.974240
0.054400	15.851680
0.054500	19.753632
0.054600	22.192352
0.054700	22.680096
0.054800	21.704609
0.054900	19.265888
0.055000	16.583296
0.055100	14.144576
0.055200	12.681344
0.055300	11.461984
0.055400	9.998752
0.055500	8.779392
0.055600	8.047776
0.055700	8.291648
0.055800	6.584544
0.055900	0.487744
0.056000	-6.584544
0.056100	-9.511008
0.056200	-7.072288
0.056300	-3.901952
0.056400	-4.145824
0.056500	-6.828416
0.056600	-6.584544
0.056700	-2.438720
0.056800	1.707104
0.056900	2.438720
0.057000	1.950976
0.057100	3.901952
0.057200	8.291648
0.057300	12.193600
0.057400	13.900704
0.057500	15.607808
0.057600	18.046528
0.057700	19.753632
0.057800	19.753632
0.057900	19.265888
0.058000	19.509760
0.058100	20.241377
0.058200	19.753632
0.058300	18.534271
0.058400	17.314913
0.058500	15.607808
0.058600	13.169088
0.058700	10.730368
0.058800	9.267136
0.058900	8.779392
0.059000	7.803904
0.059100	6.096800
0.059200	4.145824
0.059300	3.170336
0.059400	2.682592
0.059500	2.194848
0.059600	1.463232
0.059700	0.731616
0.059800	-0.243872
0.059900	-0.975488
0.060000	-1.219360
0.060100	0.243872
0.060200	2.194848
0.060300	3.901952
0.060400	4.633568
0.060500	4.145824
0.060600	3.414208
0.060700	2.194848
0.060800	1.463232
0.060900	1.219360
0.061000	1.707104
0.061100	2.926464
0.061200	4.633568
0.061300	5.609056
0.061400	5.609056
0.061500	4.877440
0.061600	5.365184
0.061700	6.584544
0.061800	8.047776
0.061900	9.267136
0.062000	9.998752
0.062100	10.242624
0.062200	9.754880
0.062300	9.267136
0.062400	9.267136
0.062500	9.998752
0.062600	11.461984
0.062700	12.681344
0.062800	13.900704
0.062900	15.363936
0.063000	16.583296
0.063100	18.046528
0.063200	19.265888
0.063300	20.241377
0.063400	20.972992
0.063500	20.972992
0.063600	20.729120
0.063700	19.265888
0.063800	18.046528
0.063900	18.778145
0.064000	22.192352
0.064100	26.094303
0.064200	28.533024
0.064300	29.020767
0.064400	29.752384
0.064500	31.947231
0.064600	33.654335
0.064700	31.215616
0.064800	24.143328
0.064900	15.851680
0.065000	12.681344
0.065100	16.339424
0.065200	22.923967
0.065300	27.313663
0.065400	28.289152
0.065500	27.313663
0.065600	26.825920
0.065700	25.850431
0.065800	22.436224
0.065900	17.802656
0.066000	14.388448
0.066100	14.632320
0.066200	16.827168
0.066300	19.022017
0.066400	19.509760
0.066500	19.509760
0.066600	19.753632
0.066700	20.241377
0.066800	20.972992
0.066900	21.948481
0.067000	24.143328
0.067100	26.094303
0.067200	27.069792
0.067300	26.825920
0.067400	26.094303
0.067500	25.850431
0.067600	25.606560
0.067700	25.362688
0.067800	25.606560
0.067900	27.069792
0.068000	29.996256
0.068100	32.434975
0.068200	32.922722
0.068300	31.703360
0.068400	30.483999
0.068500	30.483999
0.068600	29.996256
0.068700	28.045280
0.068800	25.362688
0.068900	23.655584
0.069000	23.411713
0.069100	22.923967
0.069200	20.241377
0.069300	16.339424
0.069400	12.925216
0.069500	11.705856
0.069600	12.437472
0.069700	13.412960
0.069800	12.437472
0.069900	8.291648
0.070000	0.487744
0.070100	-3.901952
0.070200	0.975488
0.070300	7.072288
0.070400	5.852928
0.070500	0.731616
0.070600	-0.731616
0.070700	0.731616
0.070800	0.731616
0.070900	-0.975488
0.071000	-2.682592
0.071100	-3.170336
0.071200	-2.926464
0.071300	-3.414208
0.071400	-3.658080
0.071500	-2.926464
0.071600	-1.707104
0.071700	-2.194848
0.071800	-4.633568
0.071900	-7.072288
0.072000	-8.779392
0.072100	-9.998752
0.072200	-12.437472
0.072300	-15.607808
0.072400	-17.071039
0.072500	-15.851680
0.072600	-14.388448
0.072700	-14.388448
0.072800	-15.607808
0.072900	-16.827168
0.073000	-18.534271
0.073100	-20.241377
0.073200	-20.729120
0.073300	-20.485249
0.073400	-19.997503
0.073500	-19.753632
0.073600	-19.509760
0.073700	-18.290400
0.073800	-18.290400
0.073900	-19.509760
0.074000	-20.241377
0.074100	-19.753632
0.074200	-18.290400
0.074300	-18.290400
0.074400	-21.216864
0.074500	-25.362688
0.074600	-29.508512
0.074700	-31.703360
0.074800	-31.947231
0.074900	-32.678848
0.075000	-34.873695
0.075100	-36.824673
0.075200	-36.336929
0.075300	-32.191105
0.075400	-25.118816
0.075500	-21.948481
0.075600	-28.045280
0.075700	-39.019520
0.075800	-45.360191
0.075900	-44.872448
0.076000	-41.458241
0.076100	-39.751137
0.076200	-40.482754
0.076300	-40.726624
0.076400	-38.775646
0.076500	-35.117569
0.076600	-33.654335
0.076700	-35.605312
0.076800	-38.044033
0.076900	-39.019520
0.077000	-38.287903
0.077100	-37.800159
0.077200	-37.556290
0.077300	-37.068542
0.077400	-35.849182
0.077500	-34.629826
0.077600	-34.629826
0.077700	-35.605312
0.077800	-37.068542
0.077900	-38.287903
0.078000	-39.263393
0.078100	-39.019520
0.078200	-37.312416
0.078300	-35.117569
0.078400	-34.142078
0.078500	-33.166592
0.078600	-31.215616
0.078700	-30.727873
0.078800	-32.678848
0.078900	-35.361439
0.079000	-35.605312
0.079100	-33.166592
0.079200	-31.703360
0.079300	-32.434975
0.079400	-34.142078
0.079500	-34.385952
0.079600	-32.678848
0.079700	-31.459488
0.079800	-31.459488
0.079900	-32.191105
0.080000	-31.703360
0.080100	-29.996256
0.080200	-27.801409
0.080300	-26.582048
0.080400	-26.094303
0.080500	-25.850431
0.080600	-24.874945
0.080700	-23.167839
0.080800	-22.680096
0.080900	-22.436224
0.081000	-22.192352
0.081100	-20.729120
0.081200	-19.509760
0.081300	-19.509760
0.081400	-19.997503
0.081500	-19.997503
0.081600	-19.265888
0.081700	-18.046528
0.081800	-16.827168
0.081900	-15.363936
0.082000	-13.656832
0.082100	-11.949728
0.082200	-10.486496
0.082300	-9.267136
0.082400	-8.047776
0.082500	-6.828416
0.082600	-5.852928
0.082700	-6.096800
0.082800	-6.096800
0.082900	-4.389696
0.083000	-2.682592
0.083100	-2.926464
0.083200	-3.170336
0.083300	-1.707104
0.083400	0.731616
0.083500	1.463232
0.083600	-0.487744
0.083700	-2.194848
0.083800	-1.707104
0.083900	0.243872
0.084000	2.438720
0.084100	3.901952
0.084200	6.828416
0.084300	11.949728
0.084400	16.583296
0.084500	17.802656
0.084600	14.144576
0.084700	8.535520
0.084800	3.901952
0.084900	0.487744
0.085000	-2.194848
0.085100	-5.365184
0.085200	-9.511008
0.085300	-13.169088
0.085400	-16.095552
0.085500	-18.534271
0.085600	-20.241377
0.085700	-21.704609
0.085800	-22.680096
0.085900	-23.899456
0.086000	-25.118816
0.086100	-25.362688
0.086200	-24.631071
0.086300	-22.680096
0.086400	-19.997503
0.086500	-17.314913
0.086600	-15.363936
0.086700	-13.656832
0.086800	-11.705856
0.086900	-9.267136
0.087000	-7.316160
0.087100	-6.584544
0.087200	-6.828416
0.087300	-7.072288
0.087400	-7.316160
0.087500	-7.072288
0.087600	-6.584544
0.087700	-6.584544
0.087800	-6.828416
0.087900	-7.316160
0.088000	-7.560032
0.088100	-7.072288
0.088200	-5.365184
0.088300	-4.389696
0.088400	-6.828416
0.088500	-11.949728
0.088600	-16.339424
0.088700	-17.802656
0.088800	-17.802656
0.088900	-17.802656
0.089000	-18.534271
0.089100	-19.265888
0.089200	-20.241377
0.089300	-21.460735
0.089400	-22.192352
0.089500	-22.192352
0.089600	-21.948481
0.089700	-21.460735
0.089800	-21.216864
0.089900	-21.460735
0.090000	-22.436224
0.090100	-22.923967
0.090200	-22.192352
0.090300	-20.241377
0.090400	-18.778145
0.090500	-17.558784
0.090600	-17.314913
0.090700	-17.314913
0.090800	-17.071039
0.090900	-15.607808
0.091000	-13.656832
0.091100	-12.681344
0.091200	-13.900704
0.091300	-16.095552
0.091400	-17.314913
0.091500	-16.583296
0.091600	-15.363936
0.091700	-15.120064
0.091800	-15.851680
0.091900	-16.339424
0.092000	-15.851680
0.092100	-14.876192
0.092200	-14.388448
0.092300	-14.632320
0.092400	-14.876192
0.092500	-14.632320
0.092600	-14.144576
0.092700	-13.900704
0.092800	-13.900704
0.092900	-13.656832
0.093000	-13.169088
0.093100	-12.437472
0.093200	-11.705856
0.093300	-11.461984
0.093400	-11.461984
0.093500	-11.949728
0.093600	-12.437472
0.093700	-12.681344
0.093800	-12.925216
0.093900	-13.169088
0.094000	-13.169088
0.094100	-12.925216
0.094200	-12.193600
0.094300	-11.218112
0.094400	-10.730368
0.094500	-10.730368
0.094600	-11.218112
0.094700	-11.218112
0.094800	-10.486496
0.094900	-9.511008
0.095000	-9.267136
0.095100	-9.754880
0.095200	-9.754880
0.095300	-8.779392
0.095400	-7.560032
0.095500	-7.072288
0.095600	-7.072288
0.095700	-7.316160
0.095800	-6.584544
0.095900	-5.365184
0.096000	-4.633568
0.096100	-4.389696
0.096200	-4.633568
0.096300	-4.389696
0.096400	-3.658080
0.096500	-2.926464
0.096600	-2.682592
0.096700	-2.926464
0.096800	-3.170336
0.096900	-2.926464
0.097000	-2.194848
0.097100	-1.950976
0.097200	-2.438720
0.097300	-2.926464
0.097400	-2.926464
0.097500	-2.194848
0.097600	-1.463232
0.097700	-1.219360
0.097800	-1.707104
0.097900	-1.950976
0.098000	-1.950976
0.098100	-1.950976
0.098200	-2.194848
0.098300	-2.438720
0.098400	-2.438720
0.098500	-2.682592
0.098600	-2.682592
0.098700	-2.926464
0.098800	-2.926464
0.098900	-2.926464
0.099000	-2.682592
0.099100	-2.926464
0.099200	-2.926464
0.099300	-3.414208
0.099400	-3.414208
0.099500	-3.414208
0.099600	-3.658080
0.099700	-3.658080
0.099800	-3.658080
0.099900	-3.658080
0.100000	-3.658080
0.100100	-3.658080
0.100200	-3.658080
0.100300	-3.901952
0.100400	-4.389696
0.100500	-4.389696
0.100600	-4.145824
0.100700	-4.145824
0.100800	-4.389696
0.100900	-4.633568
0.101000	-4.633568
0.101100	-4.877440
0.101200	-4.877440
0.101300	-4.877440
0.101400	-4.877440
0.101500	-4.877440
0.101600	-4.877440
0.101700	-5.121312
0.101800	-5.121312
0.101900	-4.877440
0.102000	-4.877440
0.102100	-4.877440
0.102200	-4.633568
0.102300	-4.633568
0.102400	-4.633568
0.102500	-4.877440
0.102600	-4.877440
0.102700	-5.121312
0.102800	-5.121312
0.102900	-5.365184
0.103000	-5.609056
0.103100	-5.609056
0.103200	-5.609056
0.103300	-5.609056
0.103400	-5.609056
0.103500	-5.609056
0.103600	-5.609056
0.103700	-5.609056
0.103800	-5.609056
0.103900	-5.852928
0.104000	-5.609056
0.104100	-5.609056
0.104200	-5.609056
0.104300	-5.121312
0.104400	-4.877440
0.104500	-4.633568
0.104600	-4.633568
0.104700	-4.633568
0.104800	-4.389696
0.104900	-4.389696
0.105000	-4.389696
0.105100	-4.145824
0.105200	-4.145824
0.105300	-4.145824
0.105400	-4.145824
0.105500	-3.901952
0.105600	-3.901952
0.105700	-4.145824
0.105800	-4.145824
0.105900	-3.901952
0.106000	-3.901952
0.106100	-4.145824
0.106200	-3.901952
0.106300	-3.658080
0.106400	-3.658080
0.106500	-3.414208
0.106600	-3.414208
0.106700	-3.170336
0.106800	-3.170336
0.106900	-2.926464
0.107000	-3.170336
0.107100	-2.926464
0.107200	-2.926464
0.107300	-2.682592
0.107400	-2.682592
0.107500	-2.438720
0.107600	-2.438720
0.107700	-2.438720
0.107800	-2.194848
0.107900	-2.682592
0.108000	-2.926464
0.108100	-3.901952
0.108200	-4.633568
0.108300	-4.877440
0.108400	-4.145824
0.108500	-2.682592
0.108600	-1.219360
0.108700	-0.731616
0.108800	-0.731616
0.108900	-0.243872
0.109000	0.975488
0.109100	2.438720
0.109200	3.414208
0.109300	4.389696
0.109400	6.340672
0.109500	7.316160
0.109600	6.584544
0.109700	3.414208
0.109800	-0.243872
0.109900	-3.170336
0.110000	-3.901952
0.110100	-3.170336
0.110200	-1.950976
0.110300	-0.731616
0.110400	0.243872
0.110500	0.243872
0.110600	-0.243872
0.110700	-1.219360
0.110800	-2.438720
0.110900	-3.170336
0.111000	-3.170336
0.111100	-2.194848
0.111200	-0.731616
0.111300	0.731616
0.111400	0.975488
0.111500	0.243872
0.111600	-0.975488
0.111700	-1.707104
0.111800	-1.950976
0.111900	-1.219360
0.112000	0.243872
0.112100	1.950976
0.112200	2.682592
0.112300	2.194848
0.112400	1.463232
0.112500	0.487744
0.112600	-0.000000
0.112700	-0.000000
0.112800	-0.487744
0.112900	-0.975488
0.113000	-1.219360
0.113100	-0.731616
0.113200	-0.243872
0.113300	-0.243872
0.113400	-0.731616
0.113500	-0.731616
0.113600	-0.975488
0.113700	-0.731616
0.113800	-0.487744
0.113900	0.243872
0.114000	0.487744
0.114100	0.487744
0.114200	0.243872
0.114300	-0.000000
0.114400	-0.243872
0.114500	-0.243872
0.114600	-0.243872
0.114700	-0.000000
0.114800	0.243872
0.114900	0.243872
0.115000	-0.000000
0.115100	-0.487744
0.115200	-0.731616
0.115300	-0.975488
0.115400	-1.463232
0.115500	-1.463232
0.115600	-1.707104
0.115700	-1.950976
0.115800	-2.194848
0.115900	-2.194848
0.116000	-2.682592
0.116100	-2.926464
0.116200	-2.926464
0.116300	-2.682592
0.116400	-1.950976
0.116500	-1.950976
0.116600	-2.194848
0.116700	-2.438720
0.116800	-2.194848
0.116900	-1.950976
0.117000	-1.463232
0.117100	-1.463232
0.117200	-1.707104
0.117300	-1.707104
0.117400	-1.950976
0.117500	-1.463232
0.117600	-0.975488
0.117700	-0.731616
0.117800	-0.975488
0.117900	-1.219360
0.118000	-1.219360
0.118100	-0.731616
0.118200	-0.243872
0.118300	-0.731616
0.118400	-1.463232
0.118500	-1.950976
0.118600	-2.194848
0.118700	-2.194848
0.118800	-1.950976
0.118900	-1.950976
0.119000	-2.438720
0.119100	-2.682592
0.119200	-2.682592
0.119300	-2.682592
0.119400	-2.682592
0.119500	-2.926464
0.119600	-3.170336
0.119700	-2.682592
0.119800	-2.682592
0.119900	-2.682592
0.120000	-2.682592
0.120100	-2.926464
0.120200	-2.682592
0.120300	-2.438720
0.120400	-2.438720
0.120500	-2.438720
0.120600	-2.926464
0.120700	-2.926464
0.120800	-2.926464
0.120900	-2.682592
0.121000	-2.682592
0.121100	-2.682592
0.121200	-2.926464
0.121300	-3.170336
0.121400	-3.414208
0.121500	-3.658080
0.121600	-3.658080
0.121700	-3.170336
0.121800	-2.926464
0.121900	-2.926464
0.122000	-2.926464
0.122100	-2.682592
0.122200	-2.194848
0.122300	-2.194848
0.122400	-1.950976
0.122500	-1.950976
0.122600	-1.463232
0.122700	-0.975488
0.122800	-0.731616
0.122900	-0.487744
0.123000	-0.487744
0.123100	-0.487744
0.123200	-0.487744
0.123300	-0.731616
0.123400	-1.219360
0.123500	-1.463232
0.123600	-1.219360
0.123700	-1.219360
0.123800	-1.219360
0.123900	-1.463232
0.124000	-1.950976
0.124100	-2.682592
0.124200	-3.170336
0.124300	-3.658080
0.124400	-3.901952
0.124500	-4.145824
0.124600	-4.389696
0.124700	-4.389696
0.124800	-4.389696
0.124900	-4.145824
0.125000	-3.658080
0.125100	-3.414208
0.125200	-3.170336
0.125300	-2.682592
0.125400	-2.438720
0.125500	-1.950976
0.125600	-1.707104
0.125700	-1.707104
0.125800	-1.463232
0.125900	-1.219360
0.126000	-0.975488
0.126100	-0.731616
0.126200	-0.731616
0.126300	-0.487744
0.126400	-0.243872
0.126500	-0.000000
0.126600	0.243872
0.126700	0.487744
0.126800	0.731616
0.126900	0.731616
0.127000	0.731616
0.127100	0.731616
0.127200	0.731616
0.127300	0.731616
0.127400	0.975488
0.127500	0.975488
0.127600	0.975488
0.127700	0.975488
0.127800	0.975488
0.127900	1.219360
0.128000	0.975488
0.128100	0.975488
0.128200	0.975488
0.128300	0.975488
0.128400	0.975488
0.128500	0.975488
0.128600	0.975488
0.128700	0.975488
0.128800	1.219360
0.128900	1.219360
0.129000	1.463232
0.129100	1.219360
0.129200	1.463232
0.129300	1.707104
0.129400	1.707104
0.129500	1.950976
0.129600	2.194848
0.129700	2.194848
0.129800	2.438720
0.129900	2.438720
0.130000	2.438720
0.130100	2.682592
0.130200	2.682592
0.130300	2.682592
0.130400	2.682592
0.130500	2.926464
0.130600	2.926464
0.130700	2.926464
0.130800	2.926464
0.130900	2.926464
0.131000	2.926464
0.131100	2.926464
0.131200	2.926464
0.131300	2.926464
0.131400	3.170336
0.131500	3.170336
0.131600	3.170336
0.131700	2.926464
0.131800	2.926464
0.131900	2.926464
0.132000	3.170336
0.132100	2.926464
0.132200	2.926464
0.132300	2.926464
0.132400	3.170336
0.132500	3.170336
0.132600	2.926464
0.132700	2.682592
0.132800	2.194848
0.132900	2.194848
0.133000	2.438720
0.133100	2.926464
0.133200	3.414208
0.133300	3.414208
0.133400	3.170336
0.133500	2.926464
0.133600	2.926464
0.133700	2.682592
0.133800	2.194848
0.133900	1.219360
0.134000	0.975488
0.134100	1.950976
0.134200	3.658080
0.134300	3.901952
0.134400	3.414208
0.134500	2.194848
0.134600	1.707104
0.134700	1.707104
0.134800	1.950976
0.134900	1.463232
0.135000	0.243872
0.135100	-0.731616
0.135200	-0.000000
0.135300	2.194848
0.135400	4.877440
0.135500	6.584544
0.135600	6.340672
0.135700	4.877440
0.135800	2.438720
0.135900	-0.000000
0.136000	-1.707104
0.136100	-1.950976
0.136200	-1.219360
0.136300	0.243872
0.136400	1.707104
0.136500	2.438720
0.136600	2.194848
0.136700	1.219360
0.136800	-0.731616
0.136900	-2.194848
0.137000	-2.438720
0.137100	-1.463232
0.137200	-0.243872
0.137300	0.731616
0.137400	0.975488
0.137500	0.243872
0.137600	-0.243872
0.137700	-0.731616
0.137800	-0.975488
0.137900	-1.219360
0.138000	-0.975488
0.138100	-0.731616
0.138200	0.243872
0.138300	0.487744
0.138400	0.731616
0.138500	-0.000000
0.138600	-0.975488
0.138700	-1.707104
0.138800	-2.194848
0.138900	-2.194848
0.139000	-1.219360
0.139100	-0.243872
0.139200	0.243872
0.139300	0.731616
0.139400	0.975488
0.139500	0.731616
0.139600	0.243872
0.139700	-0.000000
0.139800	-0.000000
0.139900	-0.000000
0.140000	0.243872
0.140100	0.487744
0.140200	0.487744
0.140300	-0.000000
0.140400	-0.243872
0.140500	-0.731616
0.140600	-0.731616
0.140700	-0.731616
0.140800	-0.243872
0.140900	-0.000000
0.141000	0.243872
0.141100	0.487744
0.141200	0.487744
0.141300	0.243872
0.141400	-0.243872
0.141500	-0.243872
0.141600	-0.487744
0.141700	-0.243872
0.141800	-0.243872
0.141900	-0.243872
0.142000	-0.000000
0.142100	-0.243872
0.142200	-0.243872
0.142300	-0.731616
0.142400	-0.731616
0.142500	-0.731616
0.142600	-0.487744
0.142700	-0.000000
0.142800	0.487744
0.142900	0.975488
0.143000	0.975488
0.143100	0.731616
0.143200	0.487744
0.143300	0.487744
0.143400	0.731616
0.143500	0.731616
0.143600	0.975488
0.143700	0.975488
0.143800	0.975488
0.143900	0.975488
0.144000	1.219360
0.144100	0.975488
0.144200	0.975488
0.144300	0.731616
0.144400	0.243872
0.144500	-0.000000
0.144600	-0.243872
0.144700	-0.243872
0.144800	-0.000000
0.144900	0.243872
0.145000	0.243872
0.145100	0.243872
0.145200	0.243872
0.145300	-0.000000
0.145400	0.243872
0.145500	0.243872
0.145600	0.243872
0.145700	-0.000000
0.145800	-0.000000
0.145900	-0.243872
0.146000	-0.243872
0.146100	-0.243872
0.146200	-0.243872
0.146300	-0.243872
0.146400	-0.243872
0.146500	0.243872
0.146600	0.243872
0.146700	0.487744
0.146800	0.487744
0.146900	0.731616
0.147000	0.731616
0.147100	0.731616
0.147200	0.731616
0.147300	0.731616
0.147400	0.731616
0.147500	0.975488
0.147600	1.219360
0.147700	1.219360
0.147800	1.219360
0.147900	1.219360
0.148000	1.463232
0.148100	1.463232
0.148200	1.463232
0.148300	1.463232
0.148400	1.463232
0.148500	1.463232
0.148600	1.463232
0.148700	1.707104
0.148800	1.707104
0.148900	1.707104
0.149000	1.707104
0.149100	1.950976
0.149200	1.707104
0.149300	1.707104
0.149400	1.463232
0.149500	1.219360
0.149600	1.219360
0.149700	0.975488
0.149800	0.975488
0.149900	0.731616
0.150000	0.731616
0.150100	0.487744
0.150200	0.487744
0.150300	0.487744
0.150400	0.487744
0.150500	0.487744
0.150600	0.487744
0.150700	0.487744
0.150800	0.487744
0.150900	0.487744
0.151000	0.487744
0.151100	0.487744
0.151200	0.487744
0.151300	0.487744
0.151400	0.487744
0.151500	0.731616
0.151600	0.731616
0.151700	0.731616
0.151800	0.975488
0.151900	0.975488
0.152000	0.975488
0.152100	1.219360
0.152200	1.219360
0.152300	1.463232
0.152400	1.707104
0.152500	1.707104
0.152600	1.707104
0.152700	1.950976
0.152800	2.194848
0.152900	1.950976
0.153000	2.194848
0.153100	2.194848
0.153200	2.194848
0.153300	2.194848
0.153400	2.194848
0.153500	2.194848
0.153600	2.438720
0.153700	2.438720
0.153800	2.438720
0.153900	2.682592
0.154000	2.682592
0.154100	2.682592
0.154200	2.682592
0.154300	2.682592
0.154400	2.926464
0.154500	2.926464
0.154600	2.926464
0.154700	2.926464
0.154800	2.926464
0.154900	3.170336
0.155000	3.170336
0.155100	3.170336
0.155200	3.414208
0.155300	2.926464
0.155400	1.707104
0.155500	0.243872
0.155600	-0.487744
0.155700	-0.487744
0.155800	0.975488
0.155900	2.682592
0.156000	3.901952
0.156100	4.145824
0.156200	3.658080
0.156300	2.438720
0.156400	1.463232
0.156500	1.219360
0.156600	1.707104
0.156700	3.170336
0.156800	4.389696
0.156900	4.633568
0.157000	4.145824
0.157100	3.414208
0.157200	2.926464
0.157300	3.901952
0.157400	5.121312
0.157500	6.096800
0.157600	6.584544
0.157700	6.096800
0.157800	4.877440
0.157900	3.658080
0.158000	3.170336
0.158100	2.926464
0.158200	3.414208
0.158300	3.901952
0.158400	4.877440
0.158500	5.852928
0.158600	6.096800
0.158700	5.852928
0.158800	6.340672
0.158900	7.072288
0.159000	7.316160
0.159100	7.316160
0.159200	7.072288
0.159300	7.316160
0.159400	7.560032
0.159500	7.316160
0.159600	6.096800
0.159700	4.633568
0.159800	3.414208
0.159900	3.170336
0.160000	4.389696
0.160100	5.609056
0.160200	6.096800
0.160300	5.609056
0.160400	4.145824
0.160500	1.950976
0.160600	0.243872
0.160700	-0.975488
0.160800	-1.463232
0.160900	-0.487744
0.161000	1.707104
0.161100	4.389696
0.161200	7.316160
0.161300	9.267136
0.161400	10.486496
0.161500	9.754880
0.161600	8.047776
0.161700	6.340672
0.161800	5.609056
0.161900	5.609056
0.162000	5.609056
0.162100	5.609056
0.162200	5.609056
0.162300	5.852928
0.162400	6.096800
0.162500	6.096800
0.162600	5.852928
0.162700	5.609056
0.162800	5.121312
0.162900	4.633568
0.163000	4.145824
0.163100	4.145824
0.163200	4.389696
0.163300	4.145824
0.163400	3.658080
0.163500	2.438720
0.163600	1.707104
0.163700	1.463232
0.163800	1.707104
0.163900	1.707104
0.164000	1.707104
0.164100	1.707104
0.164200	1.950976
0.164300	2.194848
0.164400	1.950976
0.164500	1.950976
0.164600	1.463232
0.164700	1.463232
0.164800	1.219360
0.164900	1.219360
0.165000	0.731616
0.165100	-0.000000
0.165200	-0.731616
0.165300	-1.219360
0.165400	-1.463232
0.165500	-1.219360
0.165600	-1.219360
0.165700	-0.975488
0.165800	-0.731616
0.165900	-0.487744
0.166000	-0.243872
0.166100	-0.487744
0.166200	-0.731616
0.166300	-0.975488
0.166400	-1.219360
0.166500	-1.219360
0.166600	-1.219360
0.166700	-0.975488
0.166800	-0.731616
0.166900	-0.731616
0.167000	-0.487744
0.167100	-0.487744
0.167200	-0.487744
0.167300	-0.243872
0.167400	-0.243872
0.167500	-0.243872
0.167600	-0.243872
0.167700	-0.000000
0.167800	-0.000000
0.167900	-0.243872
0.168000	-0.243872
0.168100	-0.243872
0.168200	-0.000000
0.168300	-0.000000
0.168400	-0.000000
0.168500	-0.000000
0.168600	-0.000000
0.168700	-0.000000
0.168800	-0.000000
0.168900	-0.000000
0.169000	-0.000000
0.169100	-0.000000
0.169200	-0.000000
0.169300	0.243872
0.169400	0.243872
0.169500	0.487744
0.169600	0.487744
0.169700	0.731616
0.169800	1.219360
0.169900	1.463232
0.170000	1.707104
0.170100	1.950976
0.170200	1.950976
0.170300	2.194848
0.170400	2.682592
0.170500	2.682592
0.170600	2.682592
0.170700	2.926464
0.170800	3.170336
0.170900	3.170336
0.171000	3.414208
0.171100	3.658080
0.171200	3.658080
0.171300	3.658080
0.171400	3.901952
0.171500	3.901952
0.171600	3.901952
0.171700	4.145824
0.171800	4.145824
0.171900	4.389696
0.172000	4.389696
0.172100	4.389696
0.172200	4.633568
0.172300	4.633568
0.172400	4.633568
0.172500	4.633568
0.172600	4.633568
0.172700	4.633568
0.172800	4.877440
0.172900	4.877440
0.173000	4.877440
0.173100	4.633568
0.173200	4.633568
0.173300	4.633568
0.173400	4.633568
0.173500	4.633568
0.173600	4.633568
0.173700	4.633568
0.173800	4.389696
0.173900	4.389696
0.174000	4.633568
0.174100	4.389696
0.174200	4.145824
0.174300	4.145824
0.174400	4.145824
0.174500	4.145824
0.174600	3.901952
0.174700	3.901952
0.174800	3.414208
0.174900	2.926464
0.175000	2.926464
0.175100	3.414208
0.175200	3.901952
0.175300	4.389696
0.175400	4.145824
0.175500	3.414208
0.175600	2.682592
0.175700	2.438720
0.175800	2.682592
0.175900	3.170336
0.176000	3.414208
0.176100	3.414208
0.176200	3.658080
0.176300	3.658080
0.176400	3.658080
0.176500	3.414208
0.176600	3.414208
0.176700	3.414208
0.176800	3.658080
0.176900	3.658080
0.177000	3.170336
0.177100	2.926464
0.177200	2.926464
0.177300	3.414208
0.177400	3.658080
0.177500	3.901952
0.177600	3.901952
0.177700	3.901952
0.177800	4.145824
0.177900	4.145824
0.178000	3.901952
0.178100	3.658080
0.178200	3.414208
0.178300	3.414208
0.178400	3.658080
0.178500	3.414208
0.178600	3.414208
0.178700	3.414208
0.178800	3.658080
0.178900	3.658080
0.179000	3.658080
0.179100	3.901952
0.179200	3.658080
0.179300	3.658080
0.179400	3.658080
0.179500	3.658080
0.179600	3.414208
0.179700	3.414208
0.179800	2.926464
0.179900	2.926464
0.180000	2.926464
0.180100	2.926464
0.180200	3.170336
0.180300	3.170336
0.180400	3.414208
0.180500	3.414208
0.180600	3.414208
0.180700	3.414208
0.180800	3.414208
0.180900	3.414208
0.181000	3.170336
0.181100	3.170336
0.181200	2.926464
0.181300	2.926464
0.181400	2.926464
0.181500	2.926464
0.181600	2.926464
0.181700	2.926464
0.181800	2.926464
0.181900	3.170336
0.182000	2.926464
0.182100	3.170336
0.182200	3.170336
0.182300	2.926464
0.182400	2.926464
0.182500	2.926464
0.182600	2.926464
0.182700	2.682592
0.182800	2.682592
0.182900	2.682592
0.183000	2.682592
0.183100	2.682592
0.183200	2.926464
0.183300	2.926464
0.183400	2.682592
0.183500	2.682592
0.183600	2.682592
0.183700	2.926464
0.183800	2.926464
0.183900	2.682592
0.184000	2.926464
0.184100	3.170336
0.184200	2.926464
0.184300	2.926464
0.184400	2.926464
0.184500	2.926464
0.184600	3.170336
0.184700	2.926464
0.184800	3.170336
0.184900	3.170336
0.185000	3.414208
0.185100	3.658080
0.185200	4.145824
0.185300	4.145824
0.185400	4.389696
0.185500	4.389696
0.185600	4.633568
0.185700	4.633568
0.185800	4.389696
0.185900	4.633568
0.186000	4.633568
0.186100	4.633568
0.186200	4.633568
0.186300	4.633568
0.186400	4.877440
0.186500	4.877440
0.186600	5.121312
0.186700	5.121312
0.186800	5.121312
0.186900	5.121312
0.187000	5.121312
0.187100	5.121312
0.187200	5.121312
0.187300	4.877440
0.187400	4.877440
0.187500	4.877440
0.187600	4.633568
0.187700	4.633568
0.187800	4.389696
0.187900	4.389696
0.188000	4.145824
0.188100	4.145824
0.188200	4.145824
0.188300	4.145824
0.188400	4.145824
0.188500	4.145824
0.188600	4.145824
0.188700	4.145824
0.188800	4.145824
0.188900	4.145824
0.189000	4.389696
0.189100	4.389696
0.189200	4.389696
0.189300	4.389696
0.189400	4.389696
0.189500	4.389696
0.189600	4.145824
0.189700	4.145824
0.189800	4.145824
0.189900	4.145824
0.190000	4.145824
0.190100	4.145824
0.190200	4.145824
0.190300	3.901952
0.190400	3.901952
0.190500	3.901952
0.190600	4.145824
0.190700	3.901952
0.190800	3.170336
0.190900	2.682592
0.191000	2.438720
0.191100	2.926464
0.191200	3.170336
0.191300	3.414208
0.191400	3.414208
0.191500	3.414208
0.191600	3.414208
0.191700	3.414208
0.191800	3.414208
0.191900	3.170336
0.192000	2.926464
0.192100	2.682592
0.192200	2.194848
0.192300	1.707104
0.192400	1.707104
0.192500	1.950976
0.192600	1.950976
0.192700	2.194848
0.192800	1.950976
0.192900	1.950976
0.193000	1.950976
0.193100	1.950976
0.193200	1.950976
0.193300	1.950976
0.193400	1.950976
0.193500	1.950976
0.193600	1.950976
0.193700	2.194848
0.193800	2.194848
0.193900	2.194848
0.194000	2.194848
0.194100	2.682592
0.194200	2.682592
0.194300	2.926464
0.194400	2.926464
0.194500	3.170336
0.194600	3.414208
0.194700	3.414208
0.194800	3.658080
0.194900	3.901952
0.195000	4.145824
0.195100	4.633568
0.195200	4.877440
0.195300	5.121312
0.195400	5.121312
0.195500	5.365184
0.195600	5.365184
0.195700	5.609056
0.195800	5.852928
0.195900	6.096800
0.196000	5.852928
0.196100	5.609056
0.196200	5.365184
0.196300	5.365184
0.196400	5.365184
0.196500	5.609056
0.196600	5.609056
0.196700	5.609056
0.196800	5.365184
0.196900	5.365184
0.197000	5.365184
0.197100	5.609056
0.197200	5.609056
0.197300	5.609056
0.197400	5.609056
0.197500	5.365184
0.197600	5.121312
0.197700	5.121312
0.197800	4.633568
0.197900	4.633568
0.198000	4.633568
0.198100	4.877440
0.198200	5.121312
0.198300	5.121312
0.198400	5.121312
0.198500	5.121312
0.198600	4.877440
0.198700	4.877440
0.198800	4.877440
0.198900	4.877440
0.199000	4.633568
0.199100	4.633568
0.199200	4.633568
0.199300	4.633568
0.199400	4.633568
0.199500	4.389696
0.199600	4.633568
0.199700	4.633568
0.199800	4.877440
0.199900	4.877440
0.200000	4.633568
0.200100	4.633568
0.200200	4.633568
0.200300	4.633568
0.200400	4.633568
0.200500	4.877440
0.200600	4.877440
0.200700	4.877440
0.200800	4.877440
0.200900	4.877440
0.201000	4.877440
0.201100	4.877440
0.201200	4.877440
0.201300	4.877440
0.201400	4.877440
0.201500	4.877440
0.201600	4.877440
0.201700	4.877440
0.201800	4.633568
0.201900	4.633568
0.202000	4.633568
0.202100	4.389696
0.202200	4.389696
0.202300	4.633568
0.202400	4.389696
0.202500	4.389696
0.202600	4.145824
0.202700	4.145824
0.202800	3.901952
0.202900	3.901952
0.203000	3.901952
0.203100	3.658080
0.203200	3.658080
0.203300	3.414208
0.203400	3.414208
0.203500	3.170336
0.203600	3.170336
0.203700	3.170336
0.203800	2.926464
0.203900	2.926464
0.204000	2.682592
0.204100	2.682592
0.204200	2.438720
0.204300	2.438720
0.204400	2.194848
0.204500	2.194848
0.204600	1.950976
0.204700	1.950976
0.204800	1.950976
0.204900	1.950976
0.205000	1.950976
0.205100	1.707104
0.205200	1.707104
0.205300	1.463232
0.205400	1.463232
0.205500	1.463232
0.205600	1.463232
0.205700	1.463232
0.205800	1.463232
0.205900	1.463232
0.206000	1.219360
0.206100	1.463232
0.206200	1.463232
0.206300	1.463232
0.206400	1.219360
0.206500	1.219360
0.206600	1.219360
0.206700	1.219360
0.206800	1.219360
0.206900	1.219360
0.207000	0.975488
0.207100	0.975488
0.207200	0.975488
0.207300	1.219360
0.207400	1.219360
0.207500	1.219360
0.207600	1.219360
0.207700	1.219360
0.207800	1.463232
0.207900	1.463232
0.208000	1.463232
0.208100	1.707104
0.208200	1.707104
0.208300	1.950976
0.208400	1.707104
0.208500	1.707104
0.208600	1.707104
0.208700	1.950976
0.208800	2.194848
0.208900	2.438720
0.209000	2.194848
0.209100	2.194848
0.209200	1.950976
0.209300	2.194848
0.209400	2.194848
0.209500	2.194848
0.209600	1.950976
0.209700	1.950976
0.209800	1.950976
0.209900	2.194848
0.210000	1.950976
0.210100	2.194848
0.210200	2.194848
0.210300	2.438720
0.210400	2.438720
0.210500	2.438720
0.210600	2.438720
0.210700	2.682592
0.210800	2.682592
0.210900	2.926464
0.211000	2.926464
0.211100	2.926464
0.211200	2.926464
0.211300	3.170336
0.211400	3.414208
0.211500	3.414208
0.211600	3.414208
0.211700	3.414208
0.211800	3.414208
0.211900	3.414208
0.212000	3.414208
0.212100	3.414208
0.212200	3.170336
0.212300	3.414208
0.212400	3.414208
0.212500	3.658080
0.212600	3.658080
0.212700	3.901952
0.212800	3.901952
0.212900	3.901952
0.213000	4.145824
0.213100	3.901952
0.213200	4.145824
0.213300	3.901952
0.213400	3.901952
0.213500	3.901952
0.213600	4.145824
0.213700	4.145824
0.213800	4.145824
0.213900	3.901952
0.214000	3.901952
0.214100	3.901952
0.214200	3.901952
0.214300	3.901952
0.214400	4.145824
0.214500	3.901952
0.214600	3.901952
0.214700	3.901952
0.214800	3.658080
0.214900	3.658080
0.215000	3.658080
0.215100	3.414208
0.215200	3.414208
0.215300	3.170336
0.215400	3.170336
0.215500	3.170336
0.215600	3.170336
0.215700	3.170336
0.215800	3.170336
0.215900	3.170336
0.216000	3.170336
0.216100	2.926464
0.216200	2.926464
0.216300	2.926464
0.216400	2.682592
0.216500	2.682592
0.216600	2.682592
0.216700	2.438720
0.216800	2.438720
0.216900	2.438720
0.217000	2.438720
0.217100	2.194848
0.217200	2.194848
0.217300	1.950976
0.217400	1.950976
0.217500	1.707104
0.217600	1.950976
0.217700	1.950976
0.217800	1.707104
0.217900	1.463232
0.218000	1.463232
0.218100	1.463232
0.218200	1.219360
0.218300	1.219360
0.218400	1.219360
0.218500	0.975488
0.218600	0.975488
0.218700	0.975488
0.218800	0.975488
0.218900	0.731616
0.219000	0.731616
0.219100	0.975488
0.219200	0.975488
0.219300	0.975488
0.219400	0.975488
0.219500	0.731616
0.219600	0.243872
0.219700	0.243872
0.219800	0.243872
0.219900	0.243872
0.220000	0.487744
0.220100	0.731616
0.220200	0.731616
0.220300	0.731616
0.220400	0.731616
0.220500	0.731616
0.220600	0.731616
0.220700	0.731616
0.220800	0.487744
0.220900	0.243872
0.221000	0.487744
0.221100	0.731616
0.221200	0.731616
0.221300	0.975488
0.221400	0.975488
0.221500	0.975488
0.221600	0.731616
0.221700	0.731616
0.221800	0.731616
0.221900	0.975488
0.222000	0.975488
0.222100	0.975488
0.222200	0.975488
0.222300	0.731616
0.222400	0.731616
0.222500	0.975488
0.222600	0.975488
0.222700	0.975488
0.222800	0.975488
0.222900	0.975488
0.223000	0.975488
0.223100	0.975488
0.223200	0.975488
0.223300	0.975488
0.223400	0.975488
0.223500	0.975488
0.223600	0.975488
0.223700	0.975488
0.223800	0.975488
0.223900	0.975488
0.224000	1.219360
0.224100	0.975488
0.224200	1.219360
0.224300	1.219360
0.224400	1.219360
0.224500	1.219360
0.224600	1.219360
0.224700	1.463232
0.224800	1.219360
0.224900	1.463232
0.225000	1.463232
0.225100	1.463232
0.225200	1.463232
0.225300	1.463232
0.225400	1.463232
0.225500	1.463232
0.225600	1.463232
0.225700	1.463232
0.225800	1.463232
0.225900	1.463232
0.226000	1.463232
0.226100	1.463232
0.226200	1.707104
0.226300	1.463232
0.226400	1.707104
0.226500	1.707104
0.226600	1.707104
0.226700	1.950976
0.226800	1.950976
0.226900	1.950976
0.227000	1.950976
0.227100	1.950976
0.227200	1.950976
0.227300	1.950976
0.227400	1.950976
0.227500	1.950976
0.227600	1.950976
0.227700	1.950976
0.227800	1.707104
0.227900	1.707104
0.228000	1.707104
0.228100	1.707104
0.228200	1.707104
0.228300	1.707104
0.228400	1.707104
0.228500	1.707104
0.228600	1.707104
0.228700	1.707104
0.228800	1.707104
0.228900	1.707104
0.229000	1.463232
0.229100	1.463232
0.229200	1.463232
0.229300	1.463232
0.229400	1.219360
0.229500	0.975488
0.229600	0.975488
0.229700	0.731616
0.229800	0.731616
0.229900	0.731616
0.230000	0.487744
0.230100	0.487744
0.230200	0.487744
0.230300	0.243872
0.230400	0.487744
0.230500	0.243872
0.230600	0.243872
0.230700	0.243872
0.230800	0.243872
0.230900	0.243872
0.231000	0.243872
0.231100	-0.000000
0.231200	-0.000000
0.231300	-0.000000
0.231400	-0.000000
0.231500	-0.243872
0.231600	-0.243872
0.231700	-0.243872
0.231800	-0.487744
0.231900	-0.243872
0.232000	-0.243872
0.232100	-0.243872
0.232200	-0.243872
0.232300	-0.243872
0.232400	-0.243872
0.232500	-0.243872
0.232600	-0.243872
0.232700	-0.487744
0.232800	-0.487744
0.232900	-0.487744
0.233000	-0.487744
0.233100	-0.487744
0.233200	-0.487744
0.233300	-0.487744
0.233400	-0.731616
0.233500	-0.731616
0.233600	-0.731616
0.233700	-0.731616
0.233800	-0.487744
0.233900	-0.731616
0.234000	-0.731616
0.234100	-0.731616
0.234200	-0.731616
0.234300	-0.731616
0.234400	-0.731616
0.234500	-0.731616
0.234600	-0.731616
0.234700	-0.731616
0.234800	-0.731616
0.234900	-0.731616
0.235000	-0.731616
0.235100	-0.731616
0.235200	-0.731616
0.235300	-0.731616
0.235400	-0.731616
0.235500	-0.731616
0.235600	-0.975488
0.235700	-0.975488
0.235800	-0.731616
0.235900	-0.731616
0.236000	-0.731616
0.236100	-0.731616
0.236200	-0.487744
0.236300	-0.487744
0.236400	-0.487744
0.236500	-0.243872
0.236600	-0.243872
0.236700	-0.487744
0.236800	-0.487744
0.236900	-0.731616
0.237000	-0.731616
0.237100	-0.487744
0.237200	-0.487744
0.237300	-0.487744
0.237400	-0.243872
0.237500	-0.243872
0.237600	-0.243872
0.237700	-0.243872
0.237800	-0.243872
0.237900	-0.243872
0.238000	-0.243872
0.238100	-0.243872
0.238200	-0.243872
0.238300	-0.243872
0.238400	-0.243872
0.238500	-0.243872
0.238600	-0.243872
0.238700	-0.000000
0.238800	-0.000000
0.238900	-0.000000
0.239000	-0.000000
0.239100	-0.000000
0.239200	-0.000000
0.239300	-0.000000
0.239400	-0.000000
0.239500	-0.000000
0.239600	-0.243872
0.239700	-0.243872
0.239800	-0.243872
0.239900	-0.243872
0.240000	-0.243872
0.240100	-0.243872
0.240200	-0.000000
0.240300	-0.000000
0.240400	-0.243872
0.240500	-0.243872
0.240600	-0.243872
0.240700	-0.243872
0.240800	-0.243872
0.240900	-0.243872
0.241000	-0.243872
0.241100	-0.243872
0.241200	-0.243872
0.241300	-0.487744
0.241400	-0.243872
0.241500	-0.487744
0.241600	-0.487744
0.241700	-0.487744
0.241800	-0.487744
0.241900	-0.487744
0.242000	-0.487744
0.242100	-0.487744
0.242200	-0.731616
0.242300	-0.731616
0.242400	-0.731616
0.242500	-0.731616
0.242600	-0.731616
0.242700	-0.731616
0.242800	-0.731616
0.242900	-0.731616
0.243000	-0.731616
0.243100	-0.731616
0.243200	-0.731616
0.243300	-0.731616
0.243400	-0.731616
0.243500	-0.731616
0.243600	-0.731616
0.243700	-0.731616
0.243800	-0.731616
0.243900	-0.975488
0.244000	-0.731616
0.244100	-0.975488
0.244200	-0.975488
0.244300	-0.975488
0.244400	-0.975488
0.244500	-0.975488
0.244600	-0.975488
0.244700	-0.975488
0.244800	-0.975488
0.244900	-1.219360
0.245000	-0.975488
0.245100	-1.219360
0.245200	-1.219360
0.245300	-1.219360
0.245400	-1.219360
0.245500	-1.219360
0.245600	-1.219360
0.245700	-1.219360
0.245800	-1.219360
0.245900	-1.219360
0.246000	-1.463232
0.246100	-1.463232
0.246200	-1.463232
0.246300	-1.463232
0.246400	-1.463232
0.246500	-1.463232
0.246600	-1.463232
0.246700	-1.219360
0.246800	-1.463232
0.246900	-1.219360
0.247000	-1.219360
0.247100	-1.219360
0.247200	-1.219360
0.247300	-1.219360
0.247400	-1.219360
0.247500	-1.219360
0.247600	-1.219360
0.247700	-1.219360
0.247800	-1.219360
0.247900	-1.219360
0.248000	-1.219360
0.248100	-1.219360
0.248200	-1.219360
0.248300	-1.463232
0.248400	-1.463232
0.248500	-1.463232
0.248600	-1.463232
0.248700	-1.463232
0.248800	-1.219360
0.248900	-1.219360
0.249000	-1.219360
0.249100	-1.219360
0.249200	-1.219360
0.249300	-1.219360
0.249400	-1.219360
0.249500	-1.219360
0.249600	-1.463232
0.249700	-1.219360
0.249800	-1.219360
0.249900	-1.463232
0.250000	-1.463232
0.250100	-1.463232
0.250200	-1.463232
0.250300	-1.463232
0.250400	-1.463232
0.250500	-1.707104
0.250600	-1.707104
0.250700	-1.463232
0.250800	-1.463232
0.250900	-1.707104
0.251000	-1.707104
0.251100	-1.707104
0.251200	-1.707104
0.251300	-1.707104
0.251400	-1.707104
0.251500	-1.707104
0.251600	-1.707104
0.251700	-1.707104
0.251800	-1.707104
0.251900	-1.707104
0.252000	-1.463232
0.252100	-1.707104
0.252200	-1.707104
0.252300	-1.463232
0.252400	-1.463232
0.252500	-1.707104
0.252600	-1.463232
0.252700	-1.463232
0.252800	-1.463232
0.252900	-1.463232
0.253000	-1.707104
0.253100	-1.707104
0.253200	-1.707104
0.253300	-1.707104
0.253400	-1.707104
0.253500	-1.707104
0.253600	-1.707104
0.253700	-1.463232
0.253800	-1.463232
0.253900	-1.463232
0.254000	-1.463232
0.254100	-1.463232
0.254200	-1.463232
0.254300	-1.463232
0.254400	-1.463232
0.254500	-1.463232
0.254600	-1.463232
0.254700	-1.463232
0.254800	-1.707104
0.254900	-1.707104
0.255000	-1.707104
0.255100	-1.707104
0.255200	-1.707104
0.255300	-1.707104
0.255400	-1.707104
0.255500	-1.707104
0.255600	-1.950976
0.255700	-1.950976
0.255800	-1.950976
0.255900	-1.950976
0.256000	-1.950976
0.256100	-1.707104
0.256200	-1.950976
0.256300	-1.950976
0.256400	-1.950976
0.256500	-1.950976
0.256600	-1.950976
0.256700	-1.707104
0.256800	-1.950976
0.256900	-1.950976
0.257000	-1.707104
0.257100	-1.707104
0.257200	-1.950976
0.257300	-1.950976
0.257400	-1.950976
0.257500	-1.950976
0.257600	-1.950976
0.257700	-1.950976
0.257800	-1.950976
0.257900	-1.950976
0.258000	-1.950976
0.258100	-1.950976
0.258200	-1.950976
0.258300	-1.950976
0.258400	-1.950976
0.258500	-1.950976
0.258600	-1.950976
0.258700	-1.950976
0.258800	-1.950976
0.258900	-1.950976
0.259000	-1.950976
0.259100	-2.194848
0.259200	-1.950976
0.259300	-2.194848
0.259400	-2.194848
0.259500	-2.194848
0.259600	-2.194848
0.259700	-2.194848
0.259800	-2.194848
0.259900	-2.194848
0.260000	-2.194848
0.260100	-2.194848
0.260200	-2.194848
0.260300	-2.194848
0.260400	-2.194848
0.260500	-2.194848
0.260600	-2.194848
0.260700	-2.438720
0.260800	-2.194848
0.260900	-2.438720
0.261000	-2.438720
0.261100	-2.438720
0.261200	-2.438720
0.261300	-2.438720
0.261400	-2.438720
0.261500	-2.438720
0.261600	-2.438720
0.261700	-2.438720
0.261800	-2.438720
0.261900	-2.438720
0.262000	-2.438720
0.262100	-2.438720
0.262200	-2.438720
0.262300	-2.438720
0.262400	-2.438720
0.262500	-2.438720
0.262600	-2.438720
0.262700	-2.438720
0.262800	-2.438720
0.262900	-2.438720
0.263000	-2.438720
0.263100	-2.438720
0.263200	-2.438720
0.263300	-2.438720
0.263400	-2.438720
0.263500	-2.682592
0.263600	-2.682592
0.263700	-2.682592
0.263800	-2.682592
0.263900	-2.682592
0.264000	-2.682592
0.264100	-2.682592
0.264200	-2.682592
0.264300	-2.682592
0.264400	-2.682592
0.264500	-2.682592
0.264600	-2.682592
0.264700	-2.682592
0.264800	-2.682592
0.264900	-2.682592
0.265000	-2.682592
0.265100	-2.682592
0.265200	-2.682592
0.265300	-2.682592
0.265400	-2.682592
0.265500	-2.682592
0.265600	-2.682592
0.265700	-2.682592
0.265800	-2.682592
0.265900	-2.682592
0.266000	-2.682592
0.266100	-2.682592
0.266200	-2.682592
0.266300	-2.682592
0.266400	-2.438720
0.266500	-2.682592
0.266600	-2.682592
0.266700	-2.438720
0.266800	-2.438720
0.266900	-2.438720
0.267000	-2.682592
0.267100	-2.438720
0.267200	-2.438720
0.267300	-2.682592
0.267400	-2.438720
0.267500	-2.682592
0.267600	-2.438720
0.267700	-2.682592
0.267800	-2.682592
0.267900	-2.438720
0.268000	-2.682592
0.268100	-2.682592
0.268200	-2.682592
0.268300	-2.682592
0.268400	-2.682592
0.268500	-2.682592
0.268600	-2.682592
0.268700	-2.682592
0.268800	-2.682592
0.268900	-2.682592
0.269000	-2.682592
0.269100	-2.682592
0.269200	-2.682592
0.269300	-2.682592
0.269400	-2.682592
0.269500	-2.682592
0.269600	-2.682592
0.269700	-2.682592
0.269800	-2.682592
0.269900	-2.682592
0.270000	-2.438720
0.270100	-2.682592
0.270200	-2.682592
0.270300	-2.682592
0.270400	-2.682592
0.270500	-2.682592
0.270600	-2.682592
0.270700	-2.438720
0.270800	-2.438720
0.270900	-2.438720
0.271000	-2.438720
0.271100	-2.438720
0.271200	-2.438720
0.271300	-2.438720
0.271400	-2.438720
0.271500	-2.438720
0.271600	-2.438720
0.271700	-2.438720
0.271800	-2.438720
0.271900	-2.438720
0.272000	-2.438720
0.272100	-2.438720
0.272200	-2.438720
0.272300	-2.438720
0.272400	-2.682592
0.272500	-2.682592
0.272600	-2.438720
0.272700	-2.438720
0.272800	-2.682592
0.272900	-2.682592
0.273000	-2.682592
0.273100	-2.682592
0.273200	-2.682592
0.273300	-2.682592
0.273400	-2.682592
0.273500	-2.682592
0.273600	-2.682592
0.273700	-2.682592
0.273800	-2.682592
0.273900	-2.926464
0.274000	-2.682592
0.274100	-2.682592
0.274200	-2.682592
0.274300	-2.682592
0.274400	-2.682592
0.274500	-2.682592
0.274600	-2.682592
0.274700	-2.682592
0.274800	-2.682592
0.274900	-2.682592
0.275000	-2.682592
0.275100	-2.682592
0.275200	-2.682592
0.275300	-2.682592
0.275400	-2.682592
0.275500	-2.682592
0.275600	-2.682592
0.275700	-2.682592
0.275800	-2.682592
0.275900	-2.682592
0.276000	-2.682592
0.276100	-2.682592
0.276200	-2.682592
0.276300	-2.682592
0.276400	-2.682592
0.276500	-2.682592
0.276600	-2.682592
0.276700	-2.682592
0.276800	-2.682592
0.276900	-2.682592
0.277000	-2.682592
0.277100	-2.682592
0.277200	-2.682592
0.277300	-2.682592
0.277400	-2.682592
0.277500	-2.926464
0.277600	-2.682592
0.277700	-2.926464
0.277800	-2.682592
0.277900	-2.682592
0.278000	-2.926464
0.278100	-2.926464
0.278200	-2.926464
0.278300	-2.926464
0.278400	-2.926464
0.278500	-2.926464
0.278600	-2.926464
0.278700	-2.926464
0.278800	-2.682592
0.278900	-2.926464
0.279000	-2.926464
0.279100	-2.926464
0.279200	-2.682592
0.279300	-2.926464
0.279400	-2.926464
0.279500	-2.926464
0.279600	-2.682592
0.279700	-2.926464
0.279800	-2.926464
0.279900	-2.926464
0.280000	-2.926464
0.280100	-2.926464
0.280200	-2.926464
0.280300	-2.926464
0.280400	-2.682592
0.280500	-2.926464
0.280600	-2.682592
0.280700	-2.682592
0.280800	-2.682592
0.280900	-2.682592
0.281000	-2.682592
0.281100	-2.682592
0.281200	-2.682592
0.281300	-2.682592
0.281400	-2.682592
0.281500	-2.682592
0.281600	-2.682592
0.281700	-2.682592
0.281800	-2.682592
0.281900	-2.682592
0.282000	-2.682592
0.282100	-2.682592
0.282200	-2.682592
0.282300	-2.682592
0.282400	-2.682592
0.282500	-2.682592
0.282600	-2.682592
0.282700	-2.682592
0.282800	-2.682592
0.282900	-2.682592
0.283000	-2.682592
0.283100	-2.682592
0.283200	-2.682592
0.283300	-2.682592
0.283400	-2.682592
0.283500	-2.682592
0.283600	-2.682592
0.283700	-2.682592
0.283800	-2.682592
0.283900	-2.682592
0.284000	-2.682592
0.284100	-2.682592
0.284200	-2.682592
0.284300	-2.682592
0.284400	-2.682592
0.284500	-2.682592
0.284600	-2.682592
0.284700	-2.682592
0.284800	-2.682592
0.284900	-2.682592
0.285000	-2.682592
0.285100	-2.682592
0.285200	-2.682592
0.285300	-2.682592
0.285400	-2.438720
0.285500	-2.682592
0.285600	-2.926464
0.285700	-3.414208
0.285800	-3.901952
0.285900	-3.658080
0.286000	-3.170336
0.286100	-2.438720
0.286200	-1.950976
0.286300	-1.950976
0.286400	-2.194848
0.286500	-2.682592
0.286600	-3.414208
0.286700	-3.414208
0.286800	-3.414208
0.286900	-2.682592
0.287000	-1.950976
0.287100	-1.463232
0.287200	-1.707104
0.287300	-1.950976
0.287400	-2.438720
0.287500	-2.682592
0.287600	-2.682592
0.287700	-2.194848
0.287800	-1.950976
0.287900	-1.707104
0.288000	-1.950976
0.288100	-2.438720
0.288200	-2.926464
0.288300	-3.170336
0.288400	-3.170336
0.288500	-2.926464
0.288600	-2.438720
0.288700	-2.194848
0.288800	-1.950976
0.288900	-2.194848
0.289000	-2.194848
0.289100	-2.438720
0.289200	-2.194848
0.289300	-1.950976
0.289400	-1.950976
0.289500	-2.194848
0.289600	-2.194848
0.289700	-2.194848
0.289800	-1.950976
0.289900	-1.950976
0.290000	-1.950976
0.290100	-2.438720
0.290200	-2.682592
0.290300	-2.438720
0.290400	-2.438720
0.290500	-2.438720
0.290600	-2.438720
0.290700	-2.438720
0.290800	-2.682592
0.290900	-2.926464
0.291000	-3.170336
0.291100	-3.658080
0.291200	-3.901952
0.291300	-3.414208
0.291400	-2.926464
0.291500	-2.194848
0.291600	-1.707104
0.291700	-1.707104
0.291800	-1.950976
0.291900	-1.950976
0.292000	-2.194848
0.292100	-1.950976
0.292200	-1.707104
0.292300	-1.707104
0.292400	-1.707104
0.292500	-1.707104
0.292600	-1.463232
0.292700	-1.463232
0.292800	-1.219360
0.292900	-1.219360
0.293000	-1.463232
0.293100	-1.950976
0.293200	-2.194848
0.293300	-2.194848
0.293400	-1.950976
0.293500	-2.194848
0.293600	-2.438720
0.293700	-2.682592
0.293800	-2.682592
0.293900	-2.438720
0.294000	-2.438720
0.294100	-2.438720
0.294200	-2.682592
0.294300	-2.682592
0.294400	-2.682592
0.294500	-2.682592
0.294600	-2.682592
0.294700	-2.682592
0.294800	-2.194848
0.294900	-2.194848
0.295000	-1.707104
0.295100	-1.707104
0.295200	-1.707104
0.295300	-1.707104
0.295400	-1.707104
0.295500	-1.707104
0.295600	-1.950976
0.295700	-2.194848
0.295800	-2.194848
0.295900	-2.194848
0.296000	-1.950976
0.296100	-1.707104
0.296200	-1.463232
0.296300	-1.463232
0.296400	-1.463232
0.296500	-1.707104
0.296600	-1.950976
0.296700	-1.950976
0.296800	-1.950976
0.296900	-1.950976
0.297000	-1.950976
0.297100	-1.950976
0.297200	-1.950976
0.297300	-1.950976
0.297400	-1.950976
0.297500	-1.707104
0.297600	-1.707104
0.297700	-1.463232
0.297800	-1.463232
0.297900	-1.463232
0.298000	-1.707104
0.298100	-1.707104
0.298200	-1.707104
0.298300	-1.707104
0.298400	-1.707104
0.298500	-1.950976
0.298600	-1.950976
0.298700	-1.950976
0.298800	-1.950976
0.298900	-1.707104
0.299000	-1.707104
0.299100	-1.707104
0.299200	-1.707104
0.299300	-1.950976
0.299400	-1.950976
0.299500	-1.707104
0.299600	-1.707104
0.299700	-1.707104
0.299800	-1.707104
0.299900	-1.707104
0.300000	-1.707104
0.300100	-1.707104
0.300200	-1.950976
0.300300	-1.950976
0.300400	-1.950976
0.300500	-1.950976
0.300600	-1.950976
0.300700	-1.950976
0.300800	-1.950976
0.300900	-1.950976
0.301000	-1.707104
0.301100	-1.707104
0.301200	-1.707104
0.301300	-1.707104
0.301400	-1.463232
0.301500	-1.219360
0.301600	-1.219360
0.301700	-1.219360
0.301800	-1.219360
0.301900	-1.219360
0.302000	-1.219360
0.302100	-1.219360
0.302200	-1.219360
0.302300	-1.219360
0.302400	-1.219360
0.302500	-1.219360
0.302600	-1.219360
0.302700	-1.219360
0.302800	-1.219360
0.302900	-1.463232
0.303000	-1.463232
0.303100	-1.463232
0.303200	-1.463232
0.303300	-1.463232
0.303400	-1.219360
0.303500	-1.219360
0.303600	-1.463232
0.303700	-1.219360
0.303800	-1.219360
0.303900	-1.219360
0.304000	-1.219360
0.304100	-1.219360
0.304200	-1.219360
0.304300	-1.219360
0.304400	-1.219360
0.304500	-1.219360
0.304600	-1.219360
0.304700	-1.219360
0.304800	-1.219360
0.304900	-1.219360
0.305000	-1.219360
0.305100	-1.219360
0.305200	-1.219360
0.305300	-1.219360
0.305400	-1.219360
0.305500	-1.219360
0.305600	-1.219360
0.305700	-0.975488
0.305800	-0.975488
0.305900	-0.975488
0.306000	-0.975488
0.306100	-0.975488
0.306200	-0.975488
0.306300	-0.975488
0.306400	-0.975488
0.306500	-0.731616
0.306600	-0.975488
0.306700	-0.975488
0.306800	-0.731616
0.306900	-0.731616
0.307000	-0.731616
0.307100	-0.731616
0.307200	-0.731616
0.307300	-0.731616
0.307400	-0.731616
0.307500	-0.731616
0.307600	-0.731616
0.307700	-0.731616
0.307800	-0.731616
0.307900	-0.975488
0.308000	-0.975488
0.308100	-0.975488
0.308200	-0.731616
0.308300	-0.243872
0.308400	-0.000000
0.308500	-0.000000
0.308600	-0.000000
0.308700	0.243872
0.308800	0.731616
0.308900	0.487744
0.309000	-0.243872
0.309100	-0.975488
0.309200	-1.463232
0.309300	-1.463232
0.309400	-1.463232
0.309500	-1.219360
0.309600	-1.219360
0.309700	-0.975488
0.309800	-1.219360
0.309900	-1.463232
0.310000	-1.707104
0.310100	-2.194848
0.310200	-2.194848
0.310300	-1.950976
0.310400	-1.707104
0.310500	-1.219360
0.310600	-0.731616
0.310700	-0.000000
0.310800	0.487744
0.310900	0.487744
0.311000	0.243872
0.311100	-0.000000
0.311200	-0.000000
0.311300	-0.000000
0.311400	-0.000000
0.311500	-0.487744
0.311600	-0.487744
0.311700	-0.487744
0.311800	-0.487744
0.311900	-0.731616
0.312000	-0.975488
0.312100	-1.219360
0.312200	-1.463232
0.312300	-1.463232
0.312400	-1.463232
0.312500	-1.463232
0.312600	-1.707104
0.312700	-1.463232
0.312800	-1.463232
0.312900	-1.463232
0.313000	-1.463232
0.313100	-0.975488
0.313200	-0.731616
0.313300	-0.731616
0.313400	-0.487744
0.313500	-0.487744
0.313600	-0.487744
0.313700	-0.487744
0.313800	-0.487744
0.313900	-0.487744
0.314000	-0.487744
0.314100	-0.487744
0.314200	-0.487744
0.314300	-0.487744
0.314400	-0.487744
0.314500	-0.487744
0.314600	-0.487744
0.314700	-0.731616
0.314800	-0.731616
0.314900	-0.731616
0.315000	-0.731616
0.315100	-0.975488
0.315200	-0.731616
0.315300	-0.731616
0.315400	-0.975488
0.315500	-0.731616
0.315600	-0.731616
0.315700	-0.731616
0.315800	-0.487744
0.315900	-0.487744
0.316000	-0.243872
0.316100	-0.243872
0.316200	-0.243872
0.316300	-0.243872
0.316400	-0.243872
0.316500	-0.243872
0.316600	-0.243872
0.316700	-0.243872
0.316800	-0.000000
0.316900	-0.243872
0.317000	-0.000000
0.317100	-0.243872
0.317200	-0.243872
0.317300	-0.243872
0.317400	-0.243872
0.317500	-0.243872
0.317600	-0.243872
0.317700	-0.487744
0.317800	-0.487744
0.317900	-0.487744
0.318000	-0.487744
0.318100	-0.487744
0.318200	-0.487744
0.318300	-0.487744
0.318400	-0.487744
0.318500	-0.487744
0.318600	-0.243872
0.318700	-0.243872
0.318800	-0.243872
0.318900	-0.243872
0.319000	-0.243872
0.319100	-0.000000
0.319200	-0.000000
0.319300	-0.000000
0.319400	-0.000000
0.319500	-0.000000
0.319600	0.243872
0.319700	0.243872
0.319800	0.243872
0.319900	0.243872
0.320000	0.243872
0.320100	0.243872
0.320200	0.243872
0.320300	-0.000000
0.320400	0.243872
0.320500	-0.000000
0.320600	-0.000000
0.320700	-0.000000
0.320800	-0.000000
0.320900	-0.000000
0.321000	-0.000000
0.321100	-0.000000
0.321200	-0.243872
0.321300	-0.243872
0.321400	-0.243872
0.321500	-0.243872
0.321600	-0.243872
0.321700	-0.243872
0.321800	-0.487744
0.321900	-0.487744
0.322000	-0.487744
0.322100	-0.243872
0.322200	-0.243872
0.322300	-0.487744
0.322400	-0.487744
0.322500	-0.487744
0.322600	-0.487744
0.322700	-0.487744
0.322800	-0.487744
0.322900	-0.487744
0.323000	-0.487744
0.323100	-0.487744
0.323200	-0.487744
0.323300	-0.243872
0.323400	-0.487744
0.323500	-0.487744
0.323600	-0.243872
0.323700	-0.243872
0.323800	-0.243872
0.323900	-0.243872
0.324000	-0.243872
0.324100	-0.243872
0.324200	-0.487744
0.324300	-0.487744
0.324400	-0.487744
0.324500	-0.487744
0.324600	-0.487744
0.324700	-0.487744
0.324800	-0.487744
0.324900	-0.487744
0.325000	-0.487744
0.325100	-0.243872
0.325200	-0.487744
0.325300	-0.243872
0.325400	-0.487744
0.325500	-0.487744
0.325600	-0.487744
0.325700	-0.487744
0.325800	-0.487744
0.325900	-0.243872
0.326000	-0.243872
0.326100	-0.243872
0.326200	-0.243872
0.326300	-0.243872
0.326400	-0.243872
0.326500	-0.243872
0.326600	-0.243872
0.326700	-0.243872
0.326800	-0.243872
0.326900	-0.243872
0.327000	-0.243872
0.327100	-0.243872
0.327200	-0.243872
0.327300	-0.243872
0.327400	-0.000000
0.327500	-0.000000
0.327600	-0.000000
0.327700	-0.243872
0.327800	-0.243872
0.327900	-0.243872
0.328000	-0.243872
0.328100	-0.243872
0.328200	-0.487744
0.328300	-0.487744
0.328400	-0.487744
0.328500	-0.487744
0.328600	-0.487744
0.328700	-0.487744
0.328800	-0.487744
0.328900	-0.487744
0.329000	-0.487744
0.329100	-0.487744
0.329200	-0.487744
0.329300	-0.487744
0.329400	-0.487744
0.329500	-0.487744
0.329600	-0.487744
0.329700	-0.487744
0.329800	-0.487744
0.329900	-0.731616
0.330000	-0.731616
0.330100	-0.731616
0.330200	-0.731616
0.330300	-0.731616
0.330400	-0.487744
0.330500	-0.487744
0.330600	-0.487744
0.330700	-0.243872
0.330800	-0.243872
0.330900	-0.487744
0.331000	-0.487744
0.331100	-0.487744
0.331200	-0.487744
0.331300	-0.487744
0.331400	-0.487744
0.331500	-0.487744
0.331600	-0.243872
0.331700	-0.243872
0.331800	-0.000000
0.331900	-0.000000
0.332000	-0.000000
0.332100	-0.000000
0.332200	-0.000000
0.332300	-0.000000
0.332400	-0.000000
0.332500	-0.000000
0.332600	-0.000000
0.332700	-0.243872
0.332800	-0.243872
0.332900	-0.243872
0.333000	-0.000000
0.333100	0.243872
0.333200	0.731616
0.333300	0.731616
0.333400	0.487744
0.333500	0.243872
0.333600	-0.000000
0.333700	-0.243872
0.333800	-0.243872
0.333900	-0.487744
0.334000	-0.487744
0.334100	-0.487744
0.334200	-0.243872
0.334300	-0.243872
0.334400	-0.487744
0.334500	-0.487744
0.334600	-0.487744
0.334700	-0.487744
0.334800	-0.487744
0.334900	-0.731616
0.335000	-0.487744
0.335100	-0.243872
0.335200	-0.487744
0.335300	-0.487744
0.335400	-0.487744
0.335500	-0.487744
0.335600	-0.243872
0.335700	-0.243872
0.335800	-0.487744
0.335900	-0.731616
0.336000	-0.731616
0.336100	-0.731616
0.336200	-0.731616
0.336300	-0.731616
0.336400	-0.487744
0.336500	-0.487744
0.336600	-0.487744
0.336700	-0.487744
0.336800	-0.487744
0.336900	-0.487744
0.337000	-0.487744
0.337100	-0.487744
0.337200	-0.487744
0.337300	-0.487744
0.337400	-0.487744
0.337500	-0.487744
0.337600	-0.731616
0.337700	-0.731616
0.337800	-0.731616
0.337900	-0.731616
0.338000	-0.731616
0.338100	-0.731616
0.338200	-0.731616
0.338300	-0.487744
0.338400	-0.487744
0.338500	-0.487744
0.338600	-0.243872
0.338700	-0.487744
0.338800	-0.487744
0.338900	-0.487744
0.339000	-0.487744
0.339100	-0.731616
0.339200	-0.731616
0.339300	-0.731616
0.339400	-0.731616
0.339500	-0.731616
0.339600	-0.731616
0.339700	-0.487744
0.339800	-0.487744
0.339900	-0.487744
0.340000	-0.243872
0.340100	-0.487744
0.340200	-0.487744
0.340300	-0.731616
0.340400	-0.731616
0.340500	-0.731616
0.340600	-0.487744
0.340700	-0.487744
0.340800	-0.487744
0.340900	-0.487744
0.341000	-0.487744
0.341100	-0.731616
0.341200	-0.731616
0.341300	-0.731616
0.341400	-0.731616
0.341500	-0.731616
0.341600	-0.731616
0.341700	-0.731616
0.341800	-0.731616
0.341900	-0.731616
0.342000	-0.731616
0.342100	-0.731616
0.342200	-0.731616
0.342300	-0.731616
0.342400	-0.487744
0.342500	-0.487744
0.342600	-0.487744
0.342700	-0.487744
0.342800	-0.487744
0.342900	-0.487744
0.343000	-0.487744
0.343100	-0.487744
0.343200	-0.487744
0.343300	-0.487744
0.343400	-0.487744
0.343500	-0.487744
0.343600	-0.487744
0.343700	-0.487744
0.343800	-0.487744
0.343900	-0.487744
0.344000	-0.487744
0.344100	-0.487744
0.344200	-0.243872
0.344300	-0.487744
0.344400	-0.243872
0.344500	-0.487744
0.344600	-0.487744
0.344700	-0.487744
0.344800	-0.487744
0.344900	-0.487744
0.345000	-0.487744
0.345100	-0.487744
0.345200	-0.487744
0.345300	-0.243872
0.345400	-0.487744
0.345500	-0.487744
0.345600	-0.487744
0.345700	-0.487744
0.345800	-0.487744
0.345900	-0.487744
0.346000	-0.487744
0.346100	-0.487744
0.346200	-0.487744
0.346300	-0.487744
0.346400	-0.487744
0.346500	-0.487744
0.346600	-0.487744
0.346700	-0.487744
0.346800	-0.487744
0.346900	-0.487744
0.347000	-0.487744
0.347100	-0.487744
0.347200	-0.487744
0.347300	-0.243872
0.347400	-0.243872
0.347500	-0.243872
0.347600	-0.243872
0.347700	-0.243872
0.347800	-0.243872
0.347900	-0.243872
0.348000	-0.243872
0.348100	-0.243872
0.348200	-0.243872
0.348300	-0.487744
0.348400	-0.243872
0.348500	-0.243872
0.348600	-0.243872
0.348700	-0.243872
0.348800	-0.243872
0.348900	-0.243872
0.349000	-0.243872
0.349100	-0.243872
0.349200	-0.243872
0.349300	-0.487744
0.349400	-0.487744
0.349500	-0.243872
0.349600	-0.487744
0.349700	-0.243872
0.349800	-0.243872
0.349900	-0.243872
0.350000	-0.243872
0.350100	-0.243872
0.350200	-0.243872
0.350300	-0.243872
0.350400	-0.243872
0.350500	-0.243872
0.350600	-0.243872
0.350700	-0.243872
0.350800	-0.243872
0.350900	-0.243872
0.351000	-0.243872
0.351100	-0.243872
0.351200	-0.243872
0.351300	-0.243872
0.351400	-0.243872
0.351500	-0.243872
0.351600	-0.243872
0.351700	-0.487744
0.351800	-0.487744
0.351900	-0.487744
0.352000	-0.487744
0.352100	-0.487744
0.352200	-0.731616
0.352300	-0.731616
0.352400	-0.731616
0.352500	-0.731616
0.352600	-0.731616
0.352700	-0.731616
0.352800	-0.731616
0.352900	-0.731616
0.353000	-0.731616
0.353100	-0.731616
0.353200	-0.731616
0.353300	-0.731616
0.353400	-0.731616
0.353500	-0.731616
0.353600	-0.731616
0.353700	-0.731616
0.353800	-0.487744
0.353900	-0.731616
0.354000	-0.731616
0.354100	-0.731616
0.354200	-0.731616
0.354300	-0.731616
0.354400	-0.731616
0.354500	-0.731616
0.354600	-0.731616
0.354700	-0.731616
0.354800	-0.731616
0.354900	-0.731616
0.355000	-0.975488
0.355100	-0.975488
0.355200	-0.731616
0.355300	-0.975488
0.355400	-0.975488
0.355500	-0.975488
0.355600	-0.975488
0.355700	-0.975488
0.355800	-1.219360
0.355900	-0.975488
0.356000	-0.975488
0.356100	-0.975488
0.356200	-0.975488
0.356300	-0.975488
0.356400	-0.975488
0.356500	-0.975488
0.356600	-0.975488
0.356700	-0.975488
0.356800	-0.975488
0.356900	-0.975488
0.357000	-0.975488
0.357100	-0.975488
0.357200	-0.975488
0.357300	-0.975488
0.357400	-0.975488
0.357500	-0.975488
0.357600	-0.975488
0.357700	-0.975488
0.357800	-0.975488
0.357900	-0.975488
0.358000	-0.975488
0.358100	-0.975488
0.358200	-0.975488
0.358300	-0.975488
0.358400	-0.975488
0.358500	-0.975488
0.358600	-0.975488
0.358700	-0.975488
0.358800	-0.731616
0.358900	-0.975488
0.359000	-0.731616
0.359100	-0.731616
0.359200	-0.975488
0.359300	-0.975488
0.359400	-0.975488
0.359500	-0.975488
0.359600	-0.731616
0.359700	-0.975488
0.359800	-0.975488
0.359900	-0.975488
0.360000	-0.731616
0.360100	-0.731616
0.360200	-0.731616
0.360300	-0.731616
0.360400	-0.731616
0.360500	-0.731616
0.360600	-0.731616
0.360700	-0.731616
0.360800	-0.731616
0.360900	-0.731616
0.361000	-0.731616
0.361100	-0.731616
0.361200	-0.731616
0.361300	-0.731616
0.361400	-0.731616
0.361500	-0.731616
0.361600	-0.731616
0.361700	-0.731616
0.361800	-0.731616
0.361900	-0.731616
0.362000	-0.731616
0.362100	-0.731616
0.362200	-0.731616
0.362300	-0.731616
0.362400	-0.731616
0.362500	-0.731616
0.362600	-0.731616
0.362700	-0.731616
0.362800	-0.487744
0.362900	-0.487744
0.363000	-0.487744
0.363100	-0.487744
0.363200	-0.487744
0.363300	-0.487744
0.363400	-0.487744
0.363500	-0.487744
0.363600	-0.487744
0.363700	-0.487744
0.363800	-0.487744
0.363900	-0.487744
0.364000	-0.243872
0.364100	-0.487744
0.364200	-0.487744
0.364300	-0.487744
0.364400	-0.487744
0.364500	-0.487744
0.364600	-0.487744
0.364700	-0.487744
0.364800	-0.487744
0.364900	-0.487744
0.365000	-0.487744
0.365100	-0.487744
0.365200	-0.487744
0.365300	-0.487744
0.365400	-0.487744
0.365500	-0.487744
0.365600	-0.487744
0.365700	-0.487744
0.365800	-0.487744
0.365900	-0.731616
0.366000	-0.487744
0.366100	-0.731616
0.366200	-0.731616
0.366300	-0.731616
0.366400	-0.731616
0.366500	-0.731616
0.366600	-0.487744
0.366700	-0.731616
0.366800	-0.731616
0.366900	-0.731616
0.367000	-0.731616
0.367100	-0.731616
0.367200	-0.731616
0.367300	-0.731616
0.367400	-0.731616
0.367500	-0.731616
0.367600	-0.731616
0.367700	-0.487744
0.367800	-0.731616
0.367900	-0.731616
0.368000	-0.731616
0.368100	-0.731616
0.368200	-0.731616
0.368300	-0.731616
0.368400	-0.487744
0.368500	-0.731616
0.368600	-0.731616
0.368700	-0.731616
0.368800	-0.731616
0.368900	-0.731616
0.369000	-0.731616
0.369100	-0.731616
0.369200	-0.731616
0.369300	-0.731616
0.369400	-0.975488
0.369500	-0.731616
0.369600	-0.731616
0.369700	-0.731616
0.369800	-0.731616
0.369900	-0.731616
0.370000	-0.731616
0.370100	-0.731616
0.370200	-0.731616
0.370300	-0.731616
0.370400	-0.731616
0.370500	-0.731616
0.370600	-0.731616
0.370700	-0.731616
0.370800	-0.731616
0.370900	-0.731616
0.371000	-0.731616
0.371100	-0.487744
0.371200	-0.731616
0.371300	-0.731616
0.371400	-0.731616
0.371500	-0.731616
0.371600	-0.731616
0.371700	-0.487744
0.371800	-0.731616
0.371900	-0.731616
0.372000	-0.731616
0.372100	-0.487744
0.372200	-0.731616
0.372300	-0.731616
0.372400	-0.487744
0.372500	-0.487744
0.372600	-0.731616
0.372700	-0.487744
0.372800	-0.487744
0.372900	-0.731616
0.373000	-0.487744
0.373100	-0.487744
0.373200	-0.487744
0.373300	-0.487744
0.373400	-0.487744
0.373500	-0.487744
0.373600	-0.487744
0.373700	-0.487744
0.373800	-0.731616
0.373900	-0.731616
0.374000	-0.731616
0.374100	-0.731616
0.374200	-0.731616
0.374300	-0.731616
0.374400	-0.731616
0.374500	-0.731616
0.374600	-0.731616
0.374700	-0.731616
0.374800	-0.731616
0.374900	-0.731616
0.375000	-0.731616
0.375100	-0.731616
0.375200	-0.975488
0.375300	-0.731616
0.375400	-0.975488
0.375500	-0.731616
0.375600	-0.731616
0.375700	-0.731616
0.375800	-0.975488
0.375900	-0.975488
0.376000	-0.975488
0.376100	-0.975488
0.376200	-0.731616
0.376300	-0.975488
0.376400	-0.975488
0.376500	-0.975488
0.376600	-0.731616
0.376700	-0.975488
0.376800	-0.975488
0.376900	-0.975488
0.377000	-0.975488
0.377100	-0.975488
0.377200	-0.731616
0.377300	-0.731616
0.377400	-0.975488
0.377500	-0.975488
0.377600	-0.731616
0.377700	-0.975488
0.377800	-0.975488
0.377900	-0.975488
0.378000	-0.975488
0.378100	-0.975488
0.378200	-0.975488
0.378300	-0.975488
0.378400	-0.975488
0.378500	-0.975488
0.378600	-0.975488
0.378700	-0.975488
0.378800	-0.975488
0.378900	-0.975488
0.379000	-0.731616
0.379100	-0.731616
0.379200	-0.731616
0.379300	-0.975488
0.379400	-0.975488
0.379500	-0.975488
0.379600	-0.975488
0.379700	-0.975488
0.379800	-0.975488
0.379900	-0.975488
0.380000	-0.975488
0.380100	-0.975488
0.380200	-0.975488
0.380300	-0.975488
0.380400	-0.975488
0.380500	-0.975488
0.380600	-0.975488
0.380700	-0.975488
0.380800	-0.975488
0.380900	-0.975488
0.381000	-0.975488
0.381100	-0.975488
0.381200	-0.975488
0.381300	-0.975488
0.381400	-0.975488
0.381500	-0.975488
0.381600	-0.975488
0.381700	-0.975488
0.381800	-0.975488
0.381900	-1.219360
0.382000	-0.975488
0.382100	-1.219360
0.382200	-1.219360
0.382300	-1.219360
0.382400	-0.975488
0.382500	-1.219360
0.382600	-0.975488
0.382700	-1.219360
0.382800	-1.219360
0.382900	-1.219360
0.383000	-0.975488
0.383100	-0.975488
0.383200	-0.975488
0.383300	-1.219360
0.383400	-1.219360
0.383500	-1.219360
0.383600	-1.219360
0.383700	-1.219360
0.383800	-1.219360
0.383900	-1.219360
0.384000	-1.219360
0.384100	-1.219360
0.384200	-1.219360
0.384300	-1.219360
0.384400	-1.219360
0.384500	-1.219360
0.384600	-1.219360
0.384700	-0.975488
0.384800	-1.219360
0.384900	-0.975488
0.385000	-0.975488
0.385100	-1.219360
0.385200	-1.219360
0.385300	-1.219360
0.385400	-1.219360
0.385500	-1.219360
0.385600	-1.219360
0.385700	-1.219360
0.385800	-1.219360
0.385900	-1.219360
0.386000	-1.219360
0.386100	-1.219360
0.386200	-1.219360
0.386300	-1.219360
0.386400	-1.219360
0.386500	-1.219360
0.386600	-1.219360
0.386700	-1.219360
0.386800	-1.219360
0.386900	-1.219360
0.387000	-1.219360
0.387100	-1.219360
0.387200	-1.219360
0.387300	-1.219360
0.387400	-1.219360
0.387500	-1.219360
0.387600	-0.975488
0.387700	-1.219360
0.387800	-1.219360
0.387900	-0.975488
0.388000	-0.975488
0.388100	-0.975488
0.388200	-0.975488
0.388300	-0.975488
0.388400	-0.975488
0.388500	-0.975488
0.388600	-0.975488
0.388700	-0.975488
0.388800	-0.975488
0.388900	-0.975488
0.389000	-0.975488
0.389100	-0.975488
0.389200	-0.975488
0.389300	-0.975488
0.389400	-0.975488
0.389500	-0.975488
0.389600	-0.975488
0.389700	-0.975488
0.389800	-0.975488
0.389900	-0.975488
0.390000	-0.975488
0.390100	-0.975488
0.390200	-0.975488
0.390300	-0.975488
0.390400	-0.975488
0.390500	-0.975488
0.390600	-1.219360
0.390700	-1.219360
0.390800	-1.219360
0.390900	-1.219360
0.391000	-1.219360
0.391100	-1.219360
0.391200	-1.219360
0.391300	-1.219360
0.391400	-1.219360
0.391500	-1.219360
0.391600	-1.219360
0.391700	-1.219360
0.391800	-1.219360
0.391900	-1.219360
0.392000	-1.219360
0.392100	-1.219360
0.392200	-1.219360
0.392300	-1.219360
0.392400	-1.463232
0.392500	-1.219360
0.392600	-1.463232
0.392700	-1.463232
0.392800	-1.219360
0.392900	-1.463232
0.393000	-1.219360
0.393100	-1.463232
0.393200	-1.463232
0.393300	-1.463232
0.393400	-1.219360
0.393500	-1.219360
0.393600	-1.463232
0.393700	-1.463232
0.393800	-1.463232
0.393900	-1.463232
0.394000	-1.219360
0.394100	-1.219360
0.394200	-1.219360
0.394300	-1.219360
0.394400	-1.219360
0.394500	-1.463232
0.394600	-1.219360
0.394700	-1.219360
0.394800	-1.463232
0.394900	-1.463232
0.395000	-1.219360
0.395100	-1.463232
0.395200	-1.463232
0.395300	-1.463232
0.395400	-1.463232
0.395500	-1.463232
0.395600	-1.463232
0.395700	-1.463232
0.395800	-1.463232
0.395900	-1.463232
0.396000	-1.463232
0.396100	-1.463232
0.396200	-1.463232
0.396300	-1.463232
0.396400	-1.463232
0.396500	-1.707104
0.396600	-1.463232
0.396700	-1.707104
0.396800	-1.463232
0.396900	-1.707104
0.397000	-1.707104
0.397100	-1.707104
0.397200	-1.707104
0.397300	-1.707104
0.397400	-1.707104
0.397500	-1.463232
0.397600	-1.707104
0.397700	-1.707104
0.397800	-1.707104
0.397900	-1.707104
0.398000	-1.707104
0.398100	-1.707104
0.398200	-1.707104
0.398300	-1.707104
0.398400	-1.707104
0.398500	-1.707104
0.398600	-1.707104
0.398700	-1.707104
0.398800	-1.707104
0.398900	-1.707104
0.399000	-1.707104
0.399100	-1.707104
0.399200	-1.707104
0.399300	-1.707104
0.399400	-1.707104
0.399500	-1.707104
0.399600	-1.707104
0.399700	-1.707104
0.399800	-1.950976
0.399900	-1.950976
0.400000	-1.707104
0.400100	-1.950976
0.400200	-1.950976
0.400300	-1.707104
0.400400	-1.707104
0.400500	-1.950976
0.400600	-1.950976
0.400700	-1.707104
0.400800	-1.950976
0.400900	-2.194848
0.401000	-2.438720
0.401100	-2.194848
0.401200	-2.194848
0.401300	-2.194848
0.401400	-2.194848
0.401500	-2.194848
0.401600	-2.194848
0.401700	-2.194848
0.401800	-2.194848
0.401900	-2.194848
0.402000	-2.194848
0.402100	-1.950976
0.402200	-1.950976
0.402300	-1.950976
0.402400	-1.950976
0.402500	-1.950976
0.402600	-1.950976
0.402700	-1.950976
0.402800	-1.950976
0.402900	-1.950976
0.403000	-1.950976
0.403100	-1.950976
0.403200	-1.707104
0.403300	-1.950976
0.403400	-1.707104
0.403500	-1.950976
0.403600	-1.950976
0.403700	-1.707104
0.403800	-1.950976
0.403900	-1.950976
0.404000	-1.950976
0.404100	-1.950976
0.404200	-1.950976
0.404300	-1.950976
0.404400	-1.950976
0.404500	-1.950976
0.404600	-1.950976
0.404700	-1.950976
0.404800	-1.950976
0.404900	-1.950976
0.405000	-1.950976
