-0.005000	-1.738496
-0.004900	-1.738496
-0.004800	-1.738496
-0.004700	2.607744
-0.004600	2.607744
-0.004500	2.607744
-0.004400	2.607744
-0.004300	-1.738496
-0.004200	2.607744
-0.004100	2.607744
-0.004000	2.607744
-0.003900	2.607744
-0.003800	2.607744
-0.003700	-1.738496
-0.003600	-1.738496
-0.003500	2.607744
-0.003400	-1.738496
-0.003300	2.607744
-0.003200	2.607744
-0.003100	2.607744
-0.003000	-1.738496
-0.002900	-1.738496
-0.002800	-1.738496
-0.002700	2.607744
-0.002600	-1.738496
-0.002500	-1.738496
-0.002400	-1.738496
-0.002300	2.607744
-0.002200	-1.738496
-0.002100	-1.738496
-0.002000	2.607744
-0.001900	2.607744
-0.001800	2.607744
-0.001700	2.607744
-0.001600	2.607744
-0.001500	-1.738496
-0.001400	2.607744
-0.001300	2.607744
-0.001200	-1.738496
-0.001100	2.607744
-0.001000	2.607744
-0.000900	-1.738496
-0.000800	2.607744
-0.000700	2.607744
-0.000600	-1.738496
-0.000500	-1.738496
-0.000400	-1.738496
-0.000300	2.607744
-0.000200	-1.738496
-0.000100	-1.738496
0.000000	-1.738496
0.000100	-1.738496
0.000200	2.607744
0.000300	-1.738496
0.000400	-1.738496
0.000500	-1.738496
0.000600	2.607744
0.000700	-1.738496
0.000800	-1.738496
0.000900	-1.738496
0.001000	-1.738496
0.001100	-1.738496
0.001200	-1.738496
0.001300	2.607744
0.001400	-1.738496
0.001500	2.607744
0.001600	-1.738496
0.001700	-1.738496
0.001800	2.607744
0.001900	-1.738496
0.002000	-1.738496
0.002100	-1.738496
0.002200	-1.738496
0.002300	-1.738496
0.002400	2.607744
0.002500	-1.738496
0.002600	-1.738496
0.002700	2.607744
0.002800	-1.738496
0.002900	-1.738496
0.003000	-1.738496
0.003100	-1.738496
0.003200	-1.738496
0.003300	-1.738496
0.003400	-1.738496
0.003500	2.607744
0.003600	2.607744
0.003700	2.607744
0.003800	-1.738496
0.003900	-1.738496
0.004000	-1.738496
0.004100	-1.738496
0.004200	-1.738496
0.004300	-1.738496
0.004400	-1.738496
0.004500	-1.738496
0.004600	-1.738496
0.004700	2.607744
0.004800	2.607744
0.004900	-1.738496
0.005000	-1.738496
0.005100	-1.738496
0.005200	2.607744
0.005300	-1.738496
0.005400	-1.738496
0.005500	-1.738496
0.005600	-1.738496
0.005700	-1.738496
0.005800	-1.738496
0.005900	-1.738496
0.006000	-1.738496
0.006100	-1.738496
0.006200	-1.738496
0.006300	-1.738496
0.006400	-1.738496
0.006500	-1.738496
0.006600	-1.738496
0.006700	-1.738496
0.006800	-1.738496
0.006900	-1.738496
0.007000	-1.738496
0.007100	-1.738496
0.007200	-1.738496
0.007300	-1.738496
0.007400	2.607744
0.007500	-1.738496
0.007600	-1.738496
0.007700	-1.738496
0.007800	-1.738496
0.007900	-1.738496
0.008000	-1.738496
0.008100	-1.738496
0.008200	-1.738496
0.008300	-1.738496
0.008400	-1.738496
0.008500	-1.738496
0.008600	-1.738496
0.008700	-1.738496
0.008800	-1.738496
0.008900	-1.738496
0.009000	-1.738496
0.009100	-1.738496
0.009200	-1.738496
0.009300	-1.738496
0.009400	-1.738496
0.009500	-1.738496
0.009600	-1.738496
0.009700	-1.738496
0.009800	-1.738496
0.009900	2.607744
0.010000	-1.738496
0.010100	-1.738496
0.010200	-1.738496
0.010300	-1.738496
0.010400	-1.738496
0.010500	-1.738496
0.010600	-1.738496
0.010700	-1.738496
0.010800	-1.738496
0.010900	-1.738496
0.011000	-1.738496
0.011100	-1.738496
0.011200	-1.738496
0.011300	-1.738496
0.011400	-1.738496
0.011500	-1.738496
0.011600	-1.738496
0.011700	-1.738496
0.011800	-1.738496
0.011900	-1.738496
0.012000	-1.738496
0.012100	-1.738496
0.012200	-1.738496
0.012300	-1.738496
0.012400	-1.738496
0.012500	-1.738496
0.012600	-1.738496
0.012700	-1.738496
0.012800	-1.738496
0.012900	-1.738496
0.013000	-1.738496
0.013100	-1.738496
0.013200	-1.738496
0.013300	-1.738496
0.013400	-1.738496
0.013500	-1.738496
0.013600	-1.738496
0.013700	-1.738496
0.013800	-1.738496
0.013900	-1.738496
0.014000	-1.738496
0.014100	-1.738496
0.014200	-1.738496
0.014300	2.607744
0.014400	-1.738496
0.014500	-1.738496
0.014600	-1.738496
0.014700	2.607744
0.014800	-1.738496
0.014900	-1.738496
0.015000	2.607744
0.015100	2.607744
0.015200	-1.738496
0.015300	-1.738496
0.015400	-1.738496
0.015500	-1.738496
0.015600	-1.738496
0.015700	2.607744
0.015800	2.607744
0.015900	-1.738496
0.016000	2.607744
0.016100	2.607744
0.016200	2.607744
0.016300	-1.738496
0.016400	2.607744
0.016500	-1.738496
0.016600	2.607744
0.016700	2.607744
0.016800	2.607744
0.016900	2.607744
0.017000	2.607744
0.017100	2.607744
0.017200	2.607744
0.017300	2.607744
0.017400	2.607744
0.017500	2.607744
0.017600	2.607744
0.017700	2.607744
0.017800	2.607744
0.017900	2.607744
0.018000	2.607744
0.018100	2.607744
0.018200	2.607744
0.018300	2.607744
0.018400	2.607744
0.018500	2.607744
0.018600	2.607744
0.018700	2.607744
0.018800	2.607744
0.018900	2.607744
0.019000	2.607744
0.019100	6.953984
0.019200	2.607744
0.019300	6.953984
0.019400	6.953984
0.019500	2.607744
0.019600	6.953984
0.019700	6.953984
0.019800	2.607744
0.019900	2.607744
0.020000	6.953984
0.020100	6.953984
0.020200	6.953984
0.020300	2.607744
0.020400	6.953984
0.020500	6.953984
0.020600	6.953984
0.020700	6.953984
0.020800	6.953984
0.020900	6.953984
0.021000	6.953984
0.021100	2.607744
0.021200	6.953984
0.021300	6.953984
0.021400	6.953984
0.021500	6.953984
0.021600	2.607744
0.021700	2.607744
0.021800	2.607744
0.021900	2.607744
0.022000	2.607744
0.022100	2.607744
0.022200	2.607744
0.022300	6.953984
0.022400	6.953984
0.022500	6.953984
0.022600	6.953984
0.022700	2.607744
0.022800	6.953984
0.022900	6.953984
0.023000	6.953984
0.023100	6.953984
0.023200	6.953984
0.023300	6.953984
0.023400	6.953984
0.023500	6.953984
0.023600	6.953984
0.023700	6.953984
0.023800	6.953984
0.023900	6.953984
0.024000	6.953984
0.024100	6.953984
0.024200	6.953984
0.024300	6.953984
0.024400	6.953984
0.024500	6.953984
0.024600	6.953984
0.024700	6.953984
0.024800	6.953984
0.024900	6.953984
0.025000	6.953984
0.025100	6.953984
0.025200	6.953984
0.025300	6.953984
0.025400	6.953984
0.025500	6.953984
0.025600	6.953984
0.025700	6.953984
0.025800	6.953984
0.025900	11.300224
0.026000	6.953984
0.026100	6.953984
0.026200	6.953984
0.026300	6.953984
0.026400	6.953984
0.026500	6.953984
0.026600	6.953984
0.026700	6.953984
0.026800	6.953984
0.026900	6.953984
0.027000	6.953984
0.027100	6.953984
0.027200	6.953984
0.027300	6.953984
0.027400	6.953984
0.027500	6.953984
0.027600	6.953984
0.027700	6.953984
0.027800	6.953984
0.027900	6.953984
0.028000	6.953984
0.028100	6.953984
0.028200	6.953984
0.028300	6.953984
0.028400	6.953984
0.028500	6.953984
0.028600	6.953984
0.028700	6.953984
0.028800	6.953984
0.028900	6.953984
0.029000	6.953984
0.029100	6.953984
0.029200	6.953984
0.029300	2.607744
0.029400	6.953984
0.029500	6.953984
0.029600	2.607744
0.029700	6.953984
0.029800	6.953984
0.029900	6.953984
0.030000	6.953984
0.030100	6.953984
0.030200	6.953984
0.030300	6.953984
0.030400	6.953984
0.030500	6.953984
0.030600	2.607744
0.030700	2.607744
0.030800	2.607744
0.030900	6.953984
0.031000	6.953984
0.031100	2.607744
0.031200	2.607744
0.031300	6.953984
0.031400	6.953984
0.031500	6.953984
0.031600	6.953984
0.031700	6.953984
0.031800	6.953984
0.031900	6.953984
0.032000	6.953984
0.032100	6.953984
0.032200	6.953984
0.032300	6.953984
0.032400	6.953984
0.032500	6.953984
0.032600	6.953984
0.032700	6.953984
0.032800	6.953984
0.032900	11.300224
0.033000	11.300224
0.033100	11.300224
0.033200	11.300224
0.033300	11.300224
0.033400	6.953984
0.033500	6.953984
0.033600	6.953984
0.033700	6.953984
0.033800	6.953984
0.033900	6.953984
0.034000	6.953984
0.034100	6.953984
0.034200	6.953984
0.034300	2.607744
0.034400	2.607744
0.034500	2.607744
0.034600	2.607744
0.034700	2.607744
0.034800	2.607744
0.034900	-1.738496
0.035000	-1.738496
0.035100	-6.084736
0.035200	-6.084736
0.035300	-10.430976
0.035400	-10.430976
0.035500	-14.777216
0.035600	-14.777216
0.035700	-19.123455
0.035800	-19.123455
0.035900	-19.123455
0.036000	-23.469696
0.036100	-27.815935
0.036200	-27.815935
0.036300	-32.162174
0.036400	-36.508415
0.036500	-36.508415
0.036600	-40.854656
0.036700	-40.854656
0.036800	-40.854656
0.036900	-45.200897
0.037000	-49.547134
0.037100	-53.893375
0.037200	-58.239616
0.037300	-58.239616
0.037400	-62.585857
0.037500	-62.585857
0.037600	-62.585857
0.037700	-62.585857
0.037800	-62.585857
0.037900	-66.932098
0.038000	-66.932098
0.038100	-62.585857
0.038200	-62.585857
0.038300	-62.585857
0.038400	-71.278336
0.038500	-75.624573
0.038600	-75.624573
0.038700	-79.970818
0.038800	-84.317055
0.038900	-79.970818
0.039000	-75.624573
0.039100	-71.278336
0.039200	-71.278336
0.039300	-71.278336
0.039400	-75.624573
0.039500	-79.970818
0.039600	-84.317055
0.039700	-84.317055
0.039800	-88.663300
0.039900	-88.663300
0.040000	-84.317055
0.040100	-79.970818
0.040200	-79.970818
0.040300	-79.970818
0.040400	-75.624573
0.040500	-75.624573
0.040600	-79.970818
0.040700	-84.317055
0.040800	-84.317055
0.040900	-79.970818
0.041000	-79.970818
0.041100	-75.624573
0.041200	-75.624573
0.041300	-71.278336
0.041400	-66.932098
0.041500	-62.585857
0.041600	-66.932098
0.041700	-66.932098
0.041800	-71.278336
0.041900	-79.970818
0.042000	-84.317055
0.042100	-84.317055
0.042200	-79.970818
0.042300	-75.624573
0.042400	-71.278336
0.042500	-71.278336
0.042600	-71.278336
0.042700	-75.624573
0.042800	-75.624573
0.042900	-79.970818
0.043000	-84.317055
0.043100	-84.317055
0.043200	-84.317055
0.043300	-84.317055
0.043400	-84.317055
0.043500	-79.970818
0.043600	-75.624573
0.043700	-71.278336
0.043800	-75.624573
0.043900	-75.624573
0.044000	-75.624573
0.044100	-79.970818
0.044200	-79.970818
0.044300	-79.970818
0.044400	-75.624573
0.044500	-75.624573
0.044600	-71.278336
0.044700	-71.278336
0.044800	-66.932098
0.044900	-66.932098
0.045000	-66.932098
0.045100	-62.585857
0.045200	-62.585857
0.045300	-66.932098
0.045400	-66.932098
0.045500	-62.585857
0.045600	-62.585857
0.045700	-58.239616
0.045800	-58.239616
0.045900	-58.239616
0.046000	-58.239616
0.046100	-58.239616
0.046200	-53.893375
0.046300	-53.893375
0.046400	-53.893375
0.046500	-53.893375
0.046600	-53.893375
0.046700	-53.893375
0.046800	-53.893375
0.046900	-53.893375
0.047000	-53.893375
0.047100	-49.547134
0.047200	-49.547134
0.047300	-53.893375
0.047400	-58.239616
0.047500	-58.239616
0.047600	-58.239616
0.047700	-58.239616
0.047800	-58.239616
0.047900	-53.893375
0.048000	-53.893375
0.048100	-53.893375
0.048200	-53.893375
0.048300	-53.893375
0.048400	-53.893375
0.048500	-58.239616
0.048600	-62.585857
0.048700	-66.932098
0.048800	-71.278336
0.048900	-71.278336
0.049000	-71.278336
0.049100	-71.278336
0.049200	-71.278336
0.049300	-66.932098
0.049400	-62.585857
0.049500	-66.932098
0.049600	-71.278336
0.049700	-75.624573
0.049800	-79.970818
0.049900	-84.317055
0.050000	-84.317055
0.050100	-84.317055
0.050200	-84.317055
0.050300	-84.317055
0.050400	-79.970818
0.050500	-79.970818
0.050600	-88.663300
0.050700	-88.663300
0.050800	-97.355774
0.050900	-97.355774
0.051000	-101.702019
0.051100	-97.355774
0.051200	-97.355774
0.051300	-106.048256
0.051400	-110.394493
0.051500	-110.394493
0.051600	-110.394493
0.051700	-106.048256
0.051800	-106.048256
0.051900	-110.394493
0.052000	-110.394493
0.052100	-119.086975
0.052200	-119.086975
0.052300	-127.779457
0.052400	-132.125702
0.052500	-132.125702
0.052600	-136.471939
0.052700	-132.125702
0.052800	-132.125702
0.052900	-127.779457
0.053000	-127.779457
0.053100	-132.125702
0.053200	-136.471939
0.053300	-140.818176
0.053400	-140.818176
0.053500	-149.510651
0.053600	-153.856903
0.053700	-149.510651
0.053800	-153.856903
0.053900	-153.856903
0.054000	-149.510651
0.054100	-149.510651
0.054200	-149.510651
0.054300	-149.510651
0.054400	-140.818176
0.054500	-132.125702
0.054600	-136.471939
0.054700	-149.510651
0.054800	-162.549377
0.054900	-158.203140
0.055000	-145.164413
0.055100	-119.086975
0.055200	-93.009537
0.055300	-75.624573
0.055400	-75.624573
0.055500	-84.317055
0.055600	-84.317055
0.055700	-79.970818
0.055800	-84.317055
0.055900	-93.009537
0.056000	-101.702019
0.056100	-114.740738
0.056200	-132.125702
0.056300	-145.164413
0.056400	-145.164413
0.056500	-145.164413
0.056600	-145.164413
0.056700	-132.125702
0.056800	-123.433212
0.056900	-127.779457
0.057000	-140.818176
0.057100	-149.510651
0.057200	-145.164413
0.057300	-140.818176
0.057400	-140.818176
0.057500	-140.818176
0.057600	-140.818176
0.057700	-140.818176
0.057800	-140.818176
0.057900	-145.164413
0.058000	-145.164413
0.058100	-145.164413
0.058200	-149.510651
0.058300	-149.510651
0.058400	-153.856903
0.058500	-158.203140
0.058600	-162.549377
0.058700	-162.549377
0.058800	-162.549377
0.058900	-162.549377
0.059000	-162.549377
0.059100	-166.895615
0.059200	-162.549377
0.059300	-162.549377
0.059400	-162.549377
0.059500	-162.549377
0.059600	-162.549377
0.059700	-162.549377
0.059800	-166.895615
0.059900	-171.241852
0.060000	-171.241852
0.060100	-175.588089
0.060200	-171.241852
0.060300	-171.241852
0.060400	-171.241852
0.060500	-175.588089
0.060600	-175.588089
0.060700	-175.588089
0.060800	-179.934341
0.060900	-179.934341
0.061000	-179.934341
0.061100	-179.934341
0.061200	-179.934341
0.061300	-179.934341
0.061400	-179.934341
0.061500	-179.934341
0.061600	-179.934341
0.061700	-184.280579
0.061800	-184.280579
0.061900	-188.626816
0.062000	-188.626816
0.062100	-192.973053
0.062200	-192.973053
0.062300	-197.319290
0.062400	-197.319290
0.062500	-197.319290
0.062600	-197.319290
0.062700	-192.973053
0.062800	-197.319290
0.062900	-197.319290
0.063000	-197.319290
0.063100	-201.665543
0.063200	-201.665543
0.063300	-206.011780
0.063400	-210.358017
0.063500	-210.358017
0.063600	-210.358017
0.063700	-210.358017
0.063800	-206.011780
0.063900	-206.011780
0.064000	-206.011780
0.064100	-206.011780
0.064200	-210.358017
0.064300	-214.704254
0.064400	-214.704254
0.064500	-219.050491
0.064600	-214.704254
0.064700	-206.011780
0.064800	-197.319290
0.064900	-184.280579
0.065000	-175.588089
0.065100	-171.241852
0.065200	-166.895615
0.065300	-166.895615
0.065400	-166.895615
0.065500	-162.549377
0.065600	-162.549377
0.065700	-162.549377
0.065800	-162.549377
0.065900	-162.549377
0.066000	-166.895615
0.066100	-166.895615
0.066200	-171.241852
0.066300	-175.588089
0.066400	-175.588089
0.066500	-179.934341
0.066600	-179.934341
0.066700	-184.280579
0.066800	-188.626816
0.066900	-188.626816
0.067000	-188.626816
0.067100	-188.626816
0.067200	-192.973053
0.067300	-192.973053
0.067400	-192.973053
0.067500	-188.626816
0.067600	-188.626816
0.067700	-188.626816
0.067800	-192.973053
0.067900	-197.319290
0.068000	-197.319290
0.068100	-197.319290
0.068200	-192.973053
0.068300	-192.973053
0.068400	-192.973053
0.068500	-192.973053
0.068600	-197.319290
0.068700	-201.665543
0.068800	-206.011780
0.068900	-206.011780
0.069000	-210.358017
0.069100	-210.358017
0.069200	-214.704254
0.069300	-214.704254
0.069400	-214.704254
0.069500	-214.704254
0.069600	-219.050491
0.069700	-219.050491
0.069800	-219.050491
0.069900	-219.050491
0.070000	-223.396729
0.070100	-223.396729
0.070200	-227.742981
0.070300	-227.742981
0.070400	-227.742981
0.070500	-227.742981
0.070600	-232.089218
0.070700	-232.089218
0.070800	-232.089218
0.070900	-236.435455
0.071000	-236.435455
0.071100	-236.435455
0.071200	-240.781693
0.071300	-240.781693
0.071400	-245.127930
0.071500	-245.127930
0.071600	-245.127930
0.071700	-245.127930
0.071800	-249.474182
0.071900	-249.474182
0.072000	-253.820419
0.072100	-253.820419
0.072200	-253.820419
0.072300	-258.166656
0.072400	-253.820419
0.072500	-258.166656
0.072600	-258.166656
0.072700	-262.512909
0.072800	-262.512909
0.072900	-266.859131
0.073000	-266.859131
0.073100	-271.205383
0.073200	-271.205383
0.073300	-275.551605
0.073400	-275.551605
0.073500	-275.551605
0.073600	-275.551605
0.073700	-275.551605
0.073800	-275.551605
0.073900	-275.551605
0.074000	-279.897858
0.074100	-284.244110
0.074200	-284.244110
0.074300	-288.590332
0.074400	-284.244110
0.074500	-284.244110
0.074600	-284.244110
0.074700	-288.590332
0.074800	-292.936584
0.074900	-292.936584
0.075000	-292.936584
0.075100	-292.936584
0.075200	-297.282806
0.075300	-297.282806
0.075400	-301.629059
0.075500	-301.629059
0.075600	-305.975281
0.075700	-310.321533
0.075800	-305.975281
0.075900	-305.975281
0.076000	-310.321533
0.076100	-310.321533
0.076200	-310.321533
0.076300	-314.667786
0.076400	-319.014008
0.076500	-314.667786
0.076600	-319.014008
0.076700	-319.014008
0.076800	-319.014008
0.076900	-323.360260
0.077000	-319.014008
0.077100	-323.360260
0.077200	-319.014008
0.077300	-319.014008
0.077400	-323.360260
0.077500	-323.360260
0.077600	-323.360260
0.077700	-327.706482
0.077800	-327.706482
0.077900	-327.706482
0.078000	-327.706482
0.078100	-332.052734
0.078200	-332.052734
0.078300	-336.398987
0.078400	-336.398987
0.078500	-336.398987
0.078600	-336.398987
0.078700	-336.398987
0.078800	-340.745209
0.078900	-340.745209
0.079000	-345.091461
0.079100	-345.091461
0.079200	-345.091461
0.079300	-345.091461
0.079400	-345.091461
0.079500	-345.091461
0.079600	-345.091461
0.079700	-349.437683
0.079800	-349.437683
0.079900	-353.783936
0.080000	-353.783936
0.080100	-353.783936
0.080200	-353.783936
0.080300	-353.783936
0.080400	-358.130188
0.080500	-353.783936
0.080600	-353.783936
0.080700	-358.130188
0.080800	-362.476410
0.080900	-362.476410
0.081000	-366.822662
0.081100	-366.822662
0.081200	-366.822662
0.081300	-371.168884
0.081400	-371.168884
0.081500	-371.168884
0.081600	-371.168884
0.081700	-371.168884
0.081800	-371.168884
0.081900	-375.515137
0.082000	-375.515137
0.082100	-375.515137
0.082200	-375.515137
0.082300	-375.515137
0.082400	-375.515137
0.082500	-375.515137
0.082600	-375.515137
0.082700	-379.861389
0.082800	-379.861389
0.082900	-379.861389
0.083000	-379.861389
0.083100	-384.207611
0.083200	-388.553864
0.083300	-388.553864
0.083400	-392.900085
0.083500	-388.553864
0.083600	-388.553864
0.083700	-388.553864
0.083800	-392.900085
0.083900	-397.246338
0.084000	-397.246338
0.084100	-397.246338
0.084200	-397.246338
0.084300	-397.246338
0.084400	-397.246338
0.084500	-401.592590
0.084600	-397.246338
0.084700	-401.592590
0.084800	-401.592590
0.084900	-401.592590
0.085000	-401.592590
0.085100	-401.592590
0.085200	-401.592590
0.085300	-405.938812
0.085400	-405.938812
0.085500	-410.285065
0.085600	-414.631287
0.085700	-410.285065
0.085800	-410.285065
0.085900	-414.631287
0.086000	-414.631287
0.086100	-414.631287
0.086200	-418.977539
0.086300	-418.977539
0.086400	-418.977539
0.086500	-418.977539
0.086600	-423.323761
0.086700	-423.323761
0.086800	-423.323761
0.086900	-423.323761
0.087000	-423.323761
0.087100	-423.323761
0.087200	-427.670013
0.087300	-427.670013
0.087400	-427.670013
0.087500	-427.670013
0.087600	-432.016266
0.087700	-427.670013
0.087800	-432.016266
0.087900	-432.016266
0.088000	-432.016266
0.088100	-432.016266
0.088200	-436.362488
0.088300	-436.362488
0.088400	-436.362488
0.088500	-440.708740
0.088600	-440.708740
0.088700	-440.708740
0.088800	-440.708740
0.088900	-440.708740
0.089000	-440.708740
0.089100	-445.054962
0.089200	-445.054962
0.089300	-445.054962
0.089400	-449.401215
0.089500	-445.054962
0.089600	-445.054962
0.089700	-445.054962
0.089800	-449.401215
0.089900	-453.747467
0.090000	-458.093689
0.090100	-458.093689
0.090200	-453.747467
0.090300	-453.747467
0.090400	-453.747467
0.090500	-458.093689
0.090600	-458.093689
0.090700	-458.093689
0.090800	-458.093689
0.090900	-458.093689
0.091000	-462.439941
0.091100	-462.439941
0.091200	-462.439941
0.091300	-462.439941
0.091400	-466.786163
0.091500	-466.786163
0.091600	-466.786163
0.091700	-466.786163
0.091800	-466.786163
0.091900	-471.132416
0.092000	-471.132416
0.092100	-471.132416
0.092200	-471.132416
0.092300	-471.132416
0.092400	-471.132416
0.092500	-471.132416
0.092600	-471.132416
0.092700	-471.132416
0.092800	-471.132416
0.092900	-471.132416
0.093000	-475.478668
0.093100	-475.478668
0.093200	-479.824890
0.093300	-479.824890
0.093400	-475.478668
0.093500	-479.824890
0.093600	-475.478668
0.093700	-479.824890
0.093800	-479.824890
0.093900	-479.824890
0.094000	-479.824890
0.094100	-479.824890
0.094200	-484.171143
0.094300	-484.171143
0.094400	-484.171143
0.094500	-479.824890
0.094600	-479.824890
0.094700	-479.824890
0.094800	-479.824890
0.094900	-475.478668
0.095000	-479.824890
0.095100	-475.478668
0.095200	-479.824890
0.095300	-475.478668
0.095400	-475.478668
0.095500	-475.478668
0.095600	-479.824890
0.095700	-479.824890
0.095800	-479.824890
0.095900	-479.824890
0.096000	-479.824890
0.096100	-479.824890
0.096200	-479.824890
0.096300	-479.824890
0.096400	-479.824890
0.096500	-479.824890
0.096600	-479.824890
0.096700	-479.824890
0.096800	-479.824890
0.096900	-479.824890
0.097000	-479.824890
0.097100	-479.824890
0.097200	-479.824890
0.097300	-479.824890
0.097400	-479.824890
0.097500	-479.824890
0.097600	-479.824890
0.097700	-479.824890
0.097800	-479.824890
0.097900	-479.824890
0.098000	-479.824890
0.098100	-479.824890
0.098200	-479.824890
0.098300	-479.824890
0.098400	-479.824890
0.098500	-479.824890
0.098600	-479.824890
0.098700	-479.824890
0.098800	-479.824890
0.098900	-475.478668
0.099000	-475.478668
0.099100	-475.478668
0.099200	-475.478668
0.099300	-475.478668
0.099400	-475.478668
0.099500	-475.478668
0.099600	-475.478668
0.099700	-471.132416
0.099800	-466.786163
0.099900	-471.132416
0.100000	-471.132416
0.100100	-471.132416
0.100200	-475.478668
0.100300	-475.478668
0.100400	-471.132416
0.100500	-471.132416
0.100600	-471.132416
0.100700	-471.132416
0.100800	-471.132416
0.100900	-466.786163
0.101000	-471.132416
0.101100	-466.786163
0.101200	-466.786163
0.101300	-471.132416
0.101400	-471.132416
0.101500	-471.132416
0.101600	-471.132416
0.101700	-471.132416
0.101800	-471.132416
0.101900	-466.786163
0.102000	-471.132416
0.102100	-466.786163
0.102200	-466.786163
0.102300	-471.132416
0.102400	-471.132416
0.102500	-471.132416
0.102600	-466.786163
0.102700	-466.786163
0.102800	-462.439941
0.102900	-462.439941
0.103000	-462.439941
0.103100	-458.093689
0.103200	-458.093689
0.103300	-458.093689
0.103400	-462.439941
0.103500	-462.439941
0.103600	-466.786163
0.103700	-466.786163
0.103800	-466.786163
0.103900	-462.439941
0.104000	-462.439941
0.104100	-462.439941
0.104200	-462.439941
0.104300	-462.439941
0.104400	-466.786163
0.104500	-466.786163
0.104600	-471.132416
0.104700	-466.786163
0.104800	-466.786163
0.104900	-466.786163
0.105000	-466.786163
0.105100	-466.786163
0.105200	-466.786163
0.105300	-466.786163
0.105400	-466.786163
0.105500	-471.132416
0.105600	-471.132416
0.105700	-471.132416
0.105800	-471.132416
0.105900	-471.132416
0.106000	-471.132416
0.106100	-471.132416
0.106200	-475.478668
0.106300	-475.478668
0.106400	-475.478668
0.106500	-475.478668
0.106600	-475.478668
0.106700	-475.478668
0.106800	-475.478668
0.106900	-475.478668
0.107000	-479.824890
0.107100	-479.824890
0.107200	-479.824890
0.107300	-479.824890
0.107400	-479.824890
0.107500	-484.171143
0.107600	-484.171143
0.107700	-484.171143
0.107800	-484.171143
0.107900	-484.171143
0.108000	-484.171143
0.108100	-484.171143
0.108200	-488.517365
0.108300	-484.171143
0.108400	-484.171143
0.108500	-488.517365
0.108600	-488.517365
0.108700	-488.517365
0.108800	-492.863617
0.108900	-492.863617
0.109000	-492.863617
0.109100	-492.863617
0.109200	-492.863617
0.109300	-492.863617
0.109400	-492.863617
0.109500	-497.209869
0.109600	-497.209869
0.109700	-497.209869
0.109800	-492.863617
0.109900	-497.209869
0.110000	-497.209869
0.110100	-497.209869
0.110200	-492.863617
0.110300	-497.209869
0.110400	-497.209869
0.110500	-497.209869
0.110600	-497.209869
0.110700	-497.209869
0.110800	-497.209869
0.110900	-497.209869
0.111000	-497.209869
0.111100	-497.209869
0.111200	-501.556091
0.111300	-501.556091
0.111400	-501.556091
0.111500	-501.556091
0.111600	-501.556091
0.111700	-501.556091
0.111800	-501.556091
0.111900	-505.902344
0.112000	-505.902344
0.112100	-505.902344
0.112200	-505.902344
0.112300	-505.902344
0.112400	-510.248566
0.112500	-510.248566
0.112600	-510.248566
0.112700	-510.248566
0.112800	-510.248566
0.112900	-510.248566
0.113000	-510.248566
0.113100	-510.248566
0.113200	-510.248566
0.113300	-510.248566
0.113400	-510.248566
0.113500	-510.248566
0.113600	-510.248566
0.113700	-510.248566
0.113800	-510.248566
0.113900	-510.248566
0.114000	-510.248566
0.114100	-510.248566
0.114200	-510.248566
0.114300	-510.248566
0.114400	-510.248566
0.114500	-510.248566
0.114600	-510.248566
0.114700	-510.248566
0.114800	-510.248566
0.114900	-510.248566
0.115000	-510.248566
0.115100	-510.248566
0.115200	-510.248566
0.115300	-510.248566
0.115400	-510.248566
0.115500	-510.248566
0.115600	-510.248566
0.115700	-510.248566
0.115800	-510.248566
0.115900	-510.248566
0.116000	-510.248566
0.116100	-510.248566
0.116200	-505.902344
0.116300	-505.902344
0.116400	-505.902344
0.116500	-510.248566
0.116600	-505.902344
0.116700	-505.902344
0.116800	-505.902344
0.116900	-505.902344
0.117000	-505.902344
0.117100	-505.902344
0.117200	-501.556091
0.117300	-505.902344
0.117400	-501.556091
0.117500	-501.556091
0.117600	-501.556091
0.117700	-501.556091
0.117800	-501.556091
0.117900	-501.556091
0.118000	-501.556091
0.118100	-497.209869
0.118200	-497.209869
0.118300	-497.209869
0.118400	-497.209869
0.118500	-497.209869
0.118600	-492.863617
0.118700	-492.863617
0.118800	-492.863617
0.118900	-492.863617
0.119000	-488.517365
0.119100	-488.517365
0.119200	-484.171143
0.119300	-484.171143
0.119400	-484.171143
0.119500	-484.171143
0.119600	-484.171143
0.119700	-484.171143
0.119800	-479.824890
0.119900	-479.824890
0.120000	-475.478668
0.120100	-475.478668
0.120200	-475.478668
0.120300	-471.132416
0.120400	-471.132416
0.120500	-471.132416
0.120600	-471.132416
0.120700	-466.786163
0.120800	-466.786163
0.120900	-466.786163
0.121000	-462.439941
0.121100	-462.439941
0.121200	-462.439941
0.121300	-458.093689
0.121400	-458.093689
0.121500	-458.093689
0.121600	-458.093689
0.121700	-453.747467
0.121800	-453.747467
0.121900	-453.747467
0.122000	-449.401215
0.122100	-449.401215
0.122200	-445.054962
0.122300	-449.401215
0.122400	-445.054962
0.122500	-445.054962
0.122600	-440.708740
0.122700	-440.708740
0.122800	-440.708740
0.122900	-436.362488
0.123000	-436.362488
0.123100	-436.362488
0.123200	-436.362488
0.123300	-432.016266
0.123400	-432.016266
0.123500	-432.016266
0.123600	-427.670013
0.123700	-427.670013
0.123800	-427.670013
0.123900	-427.670013
0.124000	-423.323761
0.124100	-423.323761
0.124200	-418.977539
0.124300	-418.977539
0.124400	-418.977539
0.124500	-418.977539
0.124600	-414.631287
0.124700	-414.631287
0.124800	-410.285065
0.124900	-410.285065
0.125000	-410.285065
0.125100	-410.285065
0.125200	-410.285065
0.125300	-405.938812
0.125400	-405.938812
0.125500	-405.938812
0.125600	-401.592590
0.125700	-397.246338
0.125800	-401.592590
0.125900	-397.246338
0.126000	-397.246338
0.126100	-397.246338
0.126200	-392.900085
0.126300	-392.900085
0.126400	-392.900085
0.126500	-392.900085
0.126600	-388.553864
0.126700	-388.553864
0.126800	-388.553864
0.126900	-384.207611
0.127000	-384.207611
0.127100	-384.207611
0.127200	-384.207611
0.127300	-379.861389
0.127400	-379.861389
0.127500	-375.515137
0.127600	-375.515137
0.127700	-375.515137
0.127800	-375.515137
0.127900	-375.515137
0.128000	-371.168884
0.128100	-371.168884
0.128200	-366.822662
0.128300	-366.822662
0.128400	-366.822662
0.128500	-362.476410
0.128600	-362.476410
0.128700	-362.476410
0.128800	-362.476410
0.128900	-358.130188
0.129000	-358.130188
0.129100	-358.130188
0.129200	-353.783936
0.129300	-353.783936
0.129400	-349.437683
0.129500	-349.437683
0.129600	-349.437683
0.129700	-349.437683
0.129800	-345.091461
0.129900	-345.091461
0.130000	-345.091461
0.130100	-345.091461
0.130200	-340.745209
0.130300	-340.745209
0.130400	-336.398987
0.130500	-336.398987
0.130600	-336.398987
0.130700	-332.052734
0.130800	-332.052734
0.130900	-332.052734
0.131000	-327.706482
0.131100	-327.706482
0.131200	-327.706482
0.131300	-327.706482
0.131400	-323.360260
0.131500	-319.014008
0.131600	-319.014008
0.131700	-319.014008
0.131800	-319.014008
0.131900	-314.667786
0.132000	-314.667786
0.132100	-314.667786
0.132200	-310.321533
0.132300	-310.321533
0.132400	-305.975281
0.132500	-310.321533
0.132600	-305.975281
0.132700	-301.629059
0.132800	-305.975281
0.132900	-301.629059
0.133000	-301.629059
0.133100	-297.282806
0.133200	-297.282806
0.133300	-297.282806
0.133400	-292.936584
0.133500	-292.936584
0.133600	-292.936584
0.133700	-292.936584
0.133800	-288.590332
0.133900	-288.590332
0.134000	-284.244110
0.134100	-284.244110
0.134200	-284.244110
0.134300	-279.897858
0.134400	-279.897858
0.134500	-279.897858
0.134600	-279.897858
0.134700	-275.551605
0.134800	-275.551605
0.134900	-275.551605
0.135000	-271.205383
0.135100	-271.205383
0.135200	-271.205383
0.135300	-271.205383
0.135400	-271.205383
0.135500	-266.859131
0.135600	-266.859131
0.135700	-266.859131
0.135800	-262.512909
0.135900	-262.512909
0.136000	-258.166656
0.136100	-258.166656
0.136200	-253.820419
0.136300	-253.820419
0.136400	-253.820419
0.136500	-249.474182
0.136600	-249.474182
0.136700	-249.474182
0.136800	-249.474182
0.136900	-245.127930
0.137000	-245.127930
0.137100	-240.781693
0.137200	-240.781693
0.137300	-240.781693
0.137400	-236.435455
0.137500	-236.435455
0.137600	-232.089218
0.137700	-232.089218
0.137800	-232.089218
0.137900	-232.089218
0.138000	-227.742981
0.138100	-227.742981
0.138200	-223.396729
0.138300	-223.396729
0.138400	-223.396729
0.138500	-219.050491
0.138600	-219.050491
0.138700	-219.050491
0.138800	-214.704254
0.138900	-214.704254
0.139000	-214.704254
0.139100	-210.358017
0.139200	-210.358017
0.139300	-210.358017
0.139400	-206.011780
0.139500	-206.011780
0.139600	-206.011780
0.139700	-206.011780
0.139800	-201.665543
0.139900	-201.665543
0.140000	-201.665543
0.140100	-197.319290
0.140200	-197.319290
0.140300	-192.973053
0.140400	-197.319290
0.140500	-192.973053
0.140600	-192.973053
0.140700	-192.973053
0.140800	-192.973053
0.140900	-188.626816
0.141000	-188.626816
0.141100	-188.626816
0.141200	-184.280579
0.141300	-184.280579
0.141400	-184.280579
0.141500	-184.280579
0.141600	-179.934341
0.141700	-184.280579
0.141800	-179.934341
0.141900	-179.934341
0.142000	-179.934341
0.142100	-175.588089
0.142200	-175.588089
0.142300	-175.588089
0.142400	-171.241852
0.142500	-171.241852
0.142600	-171.241852
0.142700	-171.241852
0.142800	-171.241852
0.142900	-171.241852
0.143000	-166.895615
0.143100	-166.895615
0.143200	-166.895615
0.143300	-166.895615
0.143400	-166.895615
0.143500	-166.895615
0.143600	-166.895615
0.143700	-162.549377
0.143800	-162.549377
0.143900	-162.549377
0.144000	-158.203140
0.144100	-158.203140
0.144200	-158.203140
0.144300	-158.203140
0.144400	-158.203140
0.144500	-158.203140
0.144600	-158.203140
0.144700	-158.203140
0.144800	-153.856903
0.144900	-153.856903
0.145000	-153.856903
0.145100	-153.856903
0.145200	-153.856903
0.145300	-149.510651
0.145400	-149.510651
0.145500	-149.510651
0.145600	-149.510651
0.145700	-149.510651
0.145800	-149.510651
0.145900	-145.164413
0.146000	-145.164413
0.146100	-149.510651
0.146200	-145.164413
0.146300	-145.164413
0.146400	-145.164413
0.146500	-145.164413
0.146600	-145.164413
0.146700	-145.164413
0.146800	-145.164413
0.146900	-145.164413
0.147000	-145.164413
0.147100	-140.818176
0.147200	-140.818176
0.147300	-140.818176
0.147400	-140.818176
0.147500	-140.818176
0.147600	-140.818176
0.147700	-140.818176
0.147800	-136.471939
0.147900	-140.818176
0.148000	-136.471939
0.148100	-136.471939
0.148200	-136.471939
0.148300	-136.471939
0.148400	-136.471939
0.148500	-136.471939
0.148600	-136.471939
0.148700	-136.471939
0.148800	-132.125702
0.148900	-132.125702
0.149000	-132.125702
0.149100	-132.125702
0.149200	-132.125702
0.149300	-132.125702
0.149400	-132.125702
0.149500	-132.125702
0.149600	-132.125702
0.149700	-132.125702
0.149800	-132.125702
0.149900	-132.125702
0.150000	-127.779457
0.150100	-127.779457
0.150200	-127.779457
0.150300	-127.779457
0.150400	-127.779457
0.150500	-127.779457
0.150600	-127.779457
0.150700	-127.779457
0.150800	-127.779457
0.150900	-123.433212
0.151000	-127.779457
0.151100	-123.433212
0.151200	-123.433212
0.151300	-123.433212
0.151400	-123.433212
0.151500	-123.433212
0.151600	-123.433212
0.151700	-123.433212
0.151800	-123.433212
0.151900	-123.433212
0.152000	-119.086975
0.152100	-119.086975
0.152200	-119.086975
0.152300	-119.086975
0.152400	-119.086975
0.152500	-119.086975
0.152600	-119.086975
0.152700	-119.086975
0.152800	-119.086975
0.152900	-119.086975
0.153000	-114.740738
0.153100	-119.086975
0.153200	-114.740738
0.153300	-114.740738
0.153400	-114.740738
0.153500	-114.740738
0.153600	-114.740738
0.153700	-114.740738
0.153800	-114.740738
0.153900	-110.394493
0.154000	-110.394493
0.154100	-114.740738
0.154200	-110.394493
0.154300	-110.394493
0.154400	-110.394493
0.154500	-110.394493
0.154600	-110.394493
0.154700	-110.394493
0.154800	-106.048256
0.154900	-106.048256
0.155000	-106.048256
0.155100	-110.394493
0.155200	-106.048256
0.155300	-110.394493
0.155400	-106.048256
0.155500	-106.048256
0.155600	-106.048256
0.155700	-106.048256
0.155800	-106.048256
0.155900	-101.702019
0.156000	-101.702019
0.156100	-101.702019
0.156200	-101.702019
0.156300	-101.702019
0.156400	-101.702019
0.156500	-101.702019
0.156600	-101.702019
0.156700	-101.702019
0.156800	-101.702019
0.156900	-101.702019
0.157000	-97.355774
0.157100	-97.355774
0.157200	-97.355774
0.157300	-97.355774
0.157400	-97.355774
0.157500	-97.355774
0.157600	-97.355774
0.157700	-97.355774
0.157800	-93.009537
0.157900	-93.009537
0.158000	-93.009537
0.158100	-93.009537
0.158200	-93.009537
0.158300	-93.009537
0.158400	-88.663300
0.158500	-88.663300
0.158600	-88.663300
0.158700	-88.663300
0.158800	-88.663300
0.158900	-88.663300
0.159000	-88.663300
0.159100	-88.663300
0.159200	-88.663300
0.159300	-84.317055
0.159400	-84.317055
0.159500	-84.317055
0.159600	-84.317055
0.159700	-84.317055
0.159800	-84.317055
0.159900	-84.317055
0.160000	-84.317055
0.160100	-84.317055
0.160200	-84.317055
0.160300	-84.317055
0.160400	-84.317055
0.160500	-79.970818
0.160600	-79.970818
0.160700	-79.970818
0.160800	-79.970818
0.160900	-79.970818
0.161000	-79.970818
0.161100	-79.970818
0.161200	-75.624573
0.161300	-75.624573
0.161400	-75.624573
0.161500	-75.624573
0.161600	-75.624573
0.161700	-75.624573
0.161800	-75.624573
0.161900	-75.624573
0.162000	-75.624573
0.162100	-71.278336
0.162200	-71.278336
0.162300	-71.278336
0.162400	-71.278336
0.162500	-75.624573
0.162600	-71.278336
0.162700	-71.278336
0.162800	-71.278336
0.162900	-71.278336
0.163000	-71.278336
0.163100	-66.932098
0.163200	-66.932098
0.163300	-66.932098
0.163400	-66.932098
0.163500	-66.932098
0.163600	-66.932098
0.163700	-66.932098
0.163800	-66.932098
0.163900	-66.932098
0.164000	-66.932098
0.164100	-62.585857
0.164200	-62.585857
0.164300	-62.585857
0.164400	-62.585857
0.164500	-62.585857
0.164600	-62.585857
0.164700	-62.585857
0.164800	-58.239616
0.164900	-58.239616
0.165000	-58.239616
0.165100	-58.239616
0.165200	-58.239616
0.165300	-58.239616
0.165400	-58.239616
0.165500	-58.239616
0.165600	-58.239616
0.165700	-58.239616
0.165800	-58.239616
0.165900	-58.239616
0.166000	-58.239616
0.166100	-53.893375
0.166200	-58.239616
0.166300	-58.239616
0.166400	-58.239616
0.166500	-53.893375
0.166600	-58.239616
0.166700	-53.893375
0.166800	-53.893375
0.166900	-53.893375
0.167000	-53.893375
0.167100	-53.893375
0.167200	-53.893375
0.167300	-53.893375
0.167400	-53.893375
0.167500	-53.893375
0.167600	-53.893375
0.167700	-53.893375
0.167800	-53.893375
0.167900	-53.893375
0.168000	-53.893375
0.168100	-53.893375
0.168200	-53.893375
0.168300	-53.893375
0.168400	-53.893375
0.168500	-49.547134
0.168600	-49.547134
0.168700	-49.547134
0.168800	-49.547134
0.168900	-53.893375
0.169000	-49.547134
0.169100	-49.547134
0.169200	-49.547134
0.169300	-49.547134
0.169400	-49.547134
0.169500	-49.547134
0.169600	-49.547134
0.169700	-49.547134
0.169800	-49.547134
0.169900	-49.547134
0.170000	-45.200897
0.170100	-45.200897
0.170200	-45.200897
0.170300	-45.200897
0.170400	-45.200897
0.170500	-45.200897
0.170600	-45.200897
0.170700	-45.200897
0.170800	-45.200897
0.170900	-45.200897
0.171000	-40.854656
0.171100	-45.200897
0.171200	-40.854656
0.171300	-40.854656
0.171400	-40.854656
0.171500	-40.854656
0.171600	-40.854656
0.171700	-40.854656
0.171800	-40.854656
0.171900	-40.854656
0.172000	-40.854656
0.172100	-40.854656
0.172200	-40.854656
0.172300	-40.854656
0.172400	-40.854656
0.172500	-40.854656
0.172600	-36.508415
0.172700	-36.508415
0.172800	-36.508415
0.172900	-36.508415
0.173000	-36.508415
0.173100	-36.508415
0.173200	-36.508415
0.173300	-36.508415
0.173400	-36.508415
0.173500	-36.508415
0.173600	-36.508415
0.173700	-36.508415
0.173800	-32.162174
0.173900	-36.508415
0.174000	-36.508415
0.174100	-36.508415
0.174200	-32.162174
0.174300	-36.508415
0.174400	-32.162174
0.174500	-32.162174
0.174600	-32.162174
0.174700	-32.162174
0.174800	-32.162174
0.174900	-32.162174
0.175000	-32.162174
0.175100	-32.162174
0.175200	-32.162174
0.175300	-32.162174
0.175400	-27.815935
0.175500	-27.815935
0.175600	-27.815935
0.175700	-32.162174
0.175800	-27.815935
0.175900	-27.815935
0.176000	-27.815935
0.176100	-27.815935
0.176200	-27.815935
0.176300	-27.815935
0.176400	-27.815935
0.176500	-23.469696
0.176600	-23.469696
0.176700	-27.815935
0.176800	-23.469696
0.176900	-23.469696
0.177000	-23.469696
0.177100	-23.469696
0.177200	-23.469696
0.177300	-23.469696
0.177400	-23.469696
0.177500	-23.469696
0.177600	-23.469696
0.177700	-19.123455
0.177800	-23.469696
0.177900	-19.123455
0.178000	-19.123455
0.178100	-23.469696
0.178200	-19.123455
0.178300	-23.469696
0.178400	-23.469696
0.178500	-19.123455
0.178600	-19.123455
0.178700	-19.123455
0.178800	-19.123455
0.178900	-19.123455
0.179000	-19.123455
0.179100	-19.123455
0.179200	-19.123455
0.179300	-19.123455
0.179400	-14.777216
0.179500	-19.123455
0.179600	-19.123455
0.179700	-19.123455
0.179800	-14.777216
0.179900	-14.777216
0.180000	-14.777216
0.180100	-14.777216
0.180200	-14.777216
0.180300	-14.777216
0.180400	-14.777216
0.180500	-14.777216
0.180600	-14.777216
0.180700	-14.777216
0.180800	-10.430976
0.180900	-14.777216
0.181000	-14.777216
0.181100	-10.430976
0.181200	-10.430976
0.181300	-10.430976
0.181400	-10.430976
0.181500	-10.430976
0.181600	-10.430976
0.181700	-10.430976
0.181800	-10.430976
0.181900	-10.430976
0.182000	-10.430976
0.182100	-10.430976
0.182200	-10.430976
0.182300	-10.430976
0.182400	-6.084736
0.182500	-10.430976
0.182600	-10.430976
0.182700	-6.084736
0.182800	-6.084736
0.182900	-6.084736
0.183000	-6.084736
0.183100	-6.084736
0.183200	-6.084736
0.183300	-6.084736
0.183400	-6.084736
0.183500	-6.084736
0.183600	-6.084736
0.183700	-6.084736
0.183800	-1.738496
0.183900	-1.738496
0.184000	-6.084736
0.184100	-1.738496
0.184200	-1.738496
0.184300	-1.738496
0.184400	-6.084736
0.184500	-6.084736
0.184600	-1.738496
0.184700	-1.738496
0.184800	-1.738496
0.184900	-1.738496
0.185000	-1.738496
0.185100	-1.738496
0.185200	-1.738496
0.185300	-1.738496
0.185400	-1.738496
0.185500	-1.738496
0.185600	-1.738496
0.185700	-1.738496
0.185800	2.607744
0.185900	2.607744
0.186000	-1.738496
0.186100	2.607744
0.186200	2.607744
0.186300	2.607744
0.186400	2.607744
0.186500	-1.738496
0.186600	2.607744
0.186700	2.607744
0.186800	2.607744
0.186900	2.607744
0.187000	2.607744
0.187100	2.607744
0.187200	2.607744
0.187300	2.607744
0.187400	2.607744
0.187500	2.607744
0.187600	6.953984
0.187700	2.607744
0.187800	2.607744
0.187900	6.953984
0.188000	6.953984
0.188100	2.607744
0.188200	6.953984
0.188300	2.607744
0.188400	6.953984
0.188500	6.953984
0.188600	6.953984
0.188700	6.953984
0.188800	6.953984
0.188900	6.953984
0.189000	6.953984
0.189100	6.953984
0.189200	6.953984
0.189300	6.953984
0.189400	6.953984
0.189500	6.953984
0.189600	6.953984
0.189700	11.300224
0.189800	6.953984
0.189900	6.953984
0.190000	6.953984
0.190100	6.953984
0.190200	6.953984
0.190300	11.300224
0.190400	6.953984
0.190500	6.953984
0.190600	6.953984
0.190700	6.953984
0.190800	11.300224
0.190900	11.300224
0.191000	11.300224
0.191100	11.300224
0.191200	11.300224
0.191300	11.300224
0.191400	11.300224
0.191500	11.300224
0.191600	15.646464
0.191700	11.300224
0.191800	15.646464
0.191900	11.300224
0.192000	11.300224
0.192100	15.646464
0.192200	15.646464
0.192300	15.646464
0.192400	11.300224
0.192500	15.646464
0.192600	15.646464
0.192700	15.646464
0.192800	15.646464
0.192900	15.646464
0.193000	15.646464
0.193100	15.646464
0.193200	19.992704
0.193300	15.646464
0.193400	19.992704
0.193500	15.646464
0.193600	15.646464
0.193700	15.646464
0.193800	19.992704
0.193900	19.992704
0.194000	19.992704
0.194100	19.992704
0.194200	19.992704
0.194300	19.992704
0.194400	19.992704
0.194500	19.992704
0.194600	19.992704
0.194700	19.992704
0.194800	19.992704
0.194900	24.338943
0.195000	24.338943
0.195100	24.338943
0.195200	24.338943
0.195300	24.338943
0.195400	24.338943
0.195500	28.685184
0.195600	24.338943
0.195700	24.338943
0.195800	28.685184
0.195900	28.685184
0.196000	24.338943
0.196100	28.685184
0.196200	24.338943
0.196300	28.685184
0.196400	28.685184
0.196500	28.685184
0.196600	28.685184
0.196700	28.685184
0.196800	28.685184
0.196900	28.685184
0.197000	28.685184
0.197100	28.685184
0.197200	28.685184
0.197300	33.031425
0.197400	33.031425
0.197500	33.031425
0.197600	33.031425
0.197700	33.031425
0.197800	33.031425
0.197900	33.031425
0.198000	28.685184
0.198100	33.031425
0.198200	33.031425
0.198300	33.031425
0.198400	33.031425
0.198500	33.031425
0.198600	33.031425
0.198700	33.031425
0.198800	33.031425
0.198900	33.031425
0.199000	33.031425
0.199100	33.031425
0.199200	33.031425
0.199300	37.377663
0.199400	33.031425
0.199500	33.031425
0.199600	37.377663
0.199700	37.377663
0.199800	37.377663
0.199900	37.377663
0.200000	37.377663
0.200100	37.377663
0.200200	37.377663
0.200300	37.377663
0.200400	37.377663
0.200500	33.031425
0.200600	37.377663
0.200700	37.377663
0.200800	37.377663
0.200900	37.377663
0.201000	37.377663
0.201100	37.377663
0.201200	37.377663
0.201300	37.377663
0.201400	33.031425
0.201500	37.377663
0.201600	37.377663
0.201700	37.377663
0.201800	37.377663
0.201900	37.377663
0.202000	37.377663
0.202100	37.377663
0.202200	37.377663
0.202300	37.377663
0.202400	37.377663
0.202500	37.377663
0.202600	41.723904
0.202700	41.723904
0.202800	37.377663
0.202900	41.723904
0.203000	41.723904
0.203100	41.723904
0.203200	41.723904
0.203300	41.723904
0.203400	41.723904
0.203500	46.070145
0.203600	41.723904
0.203700	46.070145
0.203800	46.070145
0.203900	46.070145
0.204000	46.070145
0.204100	46.070145
0.204200	46.070145
0.204300	46.070145
0.204400	46.070145
0.204500	46.070145
0.204600	46.070145
0.204700	46.070145
0.204800	46.070145
0.204900	50.416386
0.205000	50.416386
0.205100	50.416386
0.205200	50.416386
0.205300	46.070145
0.205400	50.416386
0.205500	50.416386
0.205600	46.070145
0.205700	50.416386
0.205800	50.416386
0.205900	50.416386
0.206000	50.416386
0.206100	50.416386
0.206200	50.416386
0.206300	50.416386
0.206400	50.416386
0.206500	50.416386
0.206600	50.416386
0.206700	50.416386
0.206800	50.416386
0.206900	50.416386
0.207000	50.416386
0.207100	50.416386
0.207200	50.416386
0.207300	50.416386
0.207400	50.416386
0.207500	50.416386
0.207600	50.416386
0.207700	54.762623
0.207800	54.762623
0.207900	54.762623
0.208000	54.762623
0.208100	54.762623
0.208200	50.416386
0.208300	54.762623
0.208400	54.762623
0.208500	54.762623
0.208600	54.762623
0.208700	54.762623
0.208800	50.416386
0.208900	54.762623
0.209000	54.762623
0.209100	54.762623
0.209200	54.762623
0.209300	54.762623
0.209400	54.762623
0.209500	50.416386
0.209600	54.762623
0.209700	54.762623
0.209800	50.416386
0.209900	50.416386
0.210000	50.416386
0.210100	50.416386
0.210200	50.416386
0.210300	46.070145
0.210400	46.070145
0.210500	46.070145
0.210600	41.723904
0.210700	46.070145
0.210800	41.723904
0.210900	41.723904
0.211000	41.723904
0.211100	46.070145
0.211200	46.070145
0.211300	46.070145
0.211400	46.070145
0.211500	46.070145
0.211600	46.070145
0.211700	46.070145
0.211800	46.070145
0.211900	46.070145
0.212000	46.070145
0.212100	46.070145
0.212200	50.416386
0.212300	50.416386
0.212400	50.416386
0.212500	50.416386
0.212600	50.416386
0.212700	50.416386
0.212800	50.416386
0.212900	50.416386
0.213000	50.416386
0.213100	54.762623
0.213200	54.762623
0.213300	54.762623
0.213400	54.762623
0.213500	54.762623
0.213600	54.762623
0.213700	54.762623
0.213800	54.762623
0.213900	59.108864
0.214000	59.108864
0.214100	59.108864
0.214200	59.108864
0.214300	59.108864
0.214400	59.108864
0.214500	59.108864
0.214600	63.455105
0.214700	63.455105
0.214800	63.455105
0.214900	59.108864
0.215000	63.455105
0.215100	63.455105
0.215200	63.455105
0.215300	63.455105
0.215400	63.455105
0.215500	63.455105
0.215600	63.455105
0.215700	63.455105
0.215800	63.455105
0.215900	63.455105
0.216000	67.801346
0.216100	67.801346
0.216200	63.455105
0.216300	63.455105
0.216400	63.455105
0.216500	63.455105
0.216600	63.455105
0.216700	63.455105
0.216800	63.455105
0.216900	63.455105
0.217000	63.455105
0.217100	67.801346
0.217200	67.801346
0.217300	63.455105
0.217400	63.455105
0.217500	63.455105
0.217600	63.455105
0.217700	63.455105
0.217800	63.455105
0.217900	63.455105
0.218000	63.455105
0.218100	63.455105
0.218200	63.455105
0.218300	63.455105
0.218400	63.455105
0.218500	63.455105
0.218600	63.455105
0.218700	63.455105
0.218800	63.455105
0.218900	63.455105
0.219000	63.455105
0.219100	63.455105
0.219200	63.455105
0.219300	63.455105
0.219400	63.455105
0.219500	63.455105
0.219600	63.455105
0.219700	63.455105
0.219800	63.455105
0.219900	59.108864
0.220000	59.108864
0.220100	59.108864
0.220200	63.455105
0.220300	59.108864
0.220400	54.762623
0.220500	54.762623
0.220600	59.108864
0.220700	59.108864
0.220800	54.762623
0.220900	54.762623
0.221000	54.762623
0.221100	54.762623
0.221200	54.762623
0.221300	54.762623
0.221400	54.762623
0.221500	54.762623
0.221600	54.762623
0.221700	50.416386
0.221800	54.762623
0.221900	50.416386
0.222000	50.416386
0.222100	50.416386
0.222200	50.416386
0.222300	50.416386
0.222400	46.070145
0.222500	50.416386
0.222600	46.070145
0.222700	46.070145
0.222800	46.070145
0.222900	46.070145
0.223000	46.070145
0.223100	46.070145
0.223200	46.070145
0.223300	46.070145
0.223400	41.723904
0.223500	41.723904
0.223600	41.723904
0.223700	41.723904
0.223800	41.723904
0.223900	41.723904
0.224000	41.723904
0.224100	37.377663
0.224200	37.377663
0.224300	37.377663
0.224400	37.377663
0.224500	37.377663
0.224600	37.377663
0.224700	37.377663
0.224800	37.377663
0.224900	37.377663
0.225000	37.377663
0.225100	37.377663
0.225200	33.031425
0.225300	33.031425
0.225400	33.031425
0.225500	33.031425
0.225600	33.031425
0.225700	33.031425
0.225800	33.031425
0.225900	33.031425
0.226000	28.685184
0.226100	28.685184
0.226200	28.685184
0.226300	28.685184
0.226400	28.685184
0.226500	28.685184
0.226600	28.685184
0.226700	28.685184
0.226800	28.685184
0.226900	28.685184
0.227000	24.338943
0.227100	24.338943
0.227200	24.338943
0.227300	24.338943
0.227400	24.338943
0.227500	24.338943
0.227600	24.338943
0.227700	19.992704
0.227800	19.992704
0.227900	19.992704
0.228000	19.992704
0.228100	19.992704
0.228200	19.992704
0.228300	19.992704
0.228400	15.646464
0.228500	19.992704
0.228600	15.646464
0.228700	19.992704
0.228800	19.992704
0.228900	15.646464
0.229000	15.646464
0.229100	15.646464
0.229200	15.646464
0.229300	15.646464
0.229400	15.646464
0.229500	15.646464
0.229600	15.646464
0.229700	11.300224
0.229800	15.646464
0.229900	15.646464
0.230000	15.646464
0.230100	11.300224
0.230200	11.300224
0.230300	11.300224
0.230400	11.300224
0.230500	11.300224
0.230600	11.300224
0.230700	11.300224
0.230800	11.300224
0.230900	11.300224
0.231000	11.300224
0.231100	11.300224
0.231200	6.953984
0.231300	6.953984
0.231400	11.300224
0.231500	6.953984
0.231600	6.953984
0.231700	11.300224
0.231800	6.953984
0.231900	6.953984
0.232000	6.953984
0.232100	6.953984
0.232200	6.953984
0.232300	6.953984
0.232400	6.953984
0.232500	6.953984
0.232600	6.953984
0.232700	6.953984
0.232800	6.953984
0.232900	6.953984
0.233000	6.953984
0.233100	6.953984
0.233200	2.607744
0.233300	6.953984
0.233400	6.953984
0.233500	2.607744
0.233600	2.607744
0.233700	6.953984
0.233800	2.607744
0.233900	6.953984
0.234000	2.607744
0.234100	2.607744
0.234200	2.607744
0.234300	2.607744
0.234400	2.607744
0.234500	2.607744
0.234600	2.607744
0.234700	2.607744
0.234800	2.607744
0.234900	2.607744
0.235000	2.607744
0.235100	2.607744
0.235200	2.607744
0.235300	2.607744
0.235400	2.607744
0.235500	2.607744
0.235600	2.607744
0.235700	2.607744
0.235800	2.607744
0.235900	2.607744
0.236000	2.607744
0.236100	2.607744
0.236200	2.607744
0.236300	2.607744
0.236400	2.607744
0.236500	2.607744
0.236600	2.607744
0.236700	2.607744
0.236800	2.607744
0.236900	-1.738496
0.237000	2.607744
0.237100	2.607744
0.237200	2.607744
0.237300	2.607744
0.237400	2.607744
0.237500	2.607744
0.237600	2.607744
0.237700	2.607744
0.237800	-1.738496
0.237900	2.607744
0.238000	-1.738496
0.238100	2.607744
0.238200	-1.738496
0.238300	-1.738496
0.238400	-1.738496
0.238500	2.607744
0.238600	-1.738496
0.238700	2.607744
0.238800	2.607744
0.238900	-1.738496
0.239000	-1.738496
0.239100	-1.738496
0.239200	2.607744
0.239300	-1.738496
0.239400	-1.738496
0.239500	-1.738496
0.239600	-1.738496
0.239700	-1.738496
0.239800	-1.738496
0.239900	-1.738496
0.240000	-1.738496
0.240100	-1.738496
0.240200	-1.738496
0.240300	-1.738496
0.240400	-1.738496
0.240500	-1.738496
0.240600	-1.738496
0.240700	-1.738496
0.240800	-1.738496
0.240900	-1.738496
0.241000	-1.738496
0.241100	-1.738496
0.241200	-1.738496
0.241300	-1.738496
0.241400	-1.738496
0.241500	-1.738496
0.241600	-1.738496
0.241700	-1.738496
0.241800	-6.084736
0.241900	-6.084736
0.242000	-6.084736
0.242100	-6.084736
0.242200	-6.084736
0.242300	-6.084736
0.242400	-6.084736
0.242500	-6.084736
0.242600	-6.084736
0.242700	-1.738496
0.242800	-6.084736
0.242900	-6.084736
0.243000	-6.084736
0.243100	-6.084736
0.243200	-6.084736
0.243300	-6.084736
0.243400	-6.084736
0.243500	-6.084736
0.243600	-6.084736
0.243700	-6.084736
0.243800	-6.084736
0.243900	-6.084736
0.244000	-6.084736
0.244100	-6.084736
0.244200	-6.084736
0.244300	-6.084736
0.244400	-6.084736
0.244500	-6.084736
0.244600	-6.084736
0.244700	-6.084736
0.244800	-6.084736
0.244900	-6.084736
0.245000	-6.084736
0.245100	-6.084736
0.245200	-10.430976
0.245300	-6.084736
0.245400	-6.084736
0.245500	-6.084736
0.245600	-6.084736
0.245700	-6.084736
0.245800	-6.084736
0.245900	-6.084736
0.246000	-6.084736
0.246100	-6.084736
0.246200	-6.084736
0.246300	-6.084736
0.246400	-6.084736
0.246500	-6.084736
0.246600	-6.084736
0.246700	-6.084736
0.246800	-6.084736
0.246900	-6.084736
0.247000	-10.430976
0.247100	-6.084736
0.247200	-6.084736
0.247300	-6.084736
0.247400	-6.084736
0.247500	-6.084736
0.247600	-6.084736
0.247700	-6.084736
0.247800	-6.084736
0.247900	-6.084736
0.248000	-6.084736
0.248100	-6.084736
0.248200	-6.084736
0.248300	-6.084736
0.248400	-6.084736
0.248500	-6.084736
0.248600	-6.084736
0.248700	-6.084736
0.248800	-6.084736
0.248900	-6.084736
0.249000	-6.084736
0.249100	-6.084736
0.249200	-6.084736
0.249300	-6.084736
0.249400	-6.084736
0.249500	-6.084736
0.249600	-6.084736
0.249700	-6.084736
0.249800	-6.084736
0.249900	-6.084736
0.250000	-6.084736
0.250100	-6.084736
0.250200	-6.084736
0.250300	-6.084736
0.250400	-10.430976
0.250500	-10.430976
0.250600	-6.084736
0.250700	-10.430976
0.250800	-10.430976
0.250900	-6.084736
0.251000	-10.430976
0.251100	-10.430976
0.251200	-6.084736
0.251300	-10.430976
0.251400	-6.084736
0.251500	-10.430976
0.251600	-10.430976
0.251700	-10.430976
0.251800	-10.430976
0.251900	-10.430976
0.252000	-10.430976
0.252100	-10.430976
0.252200	-10.430976
0.252300	-10.430976
0.252400	-10.430976
0.252500	-10.430976
0.252600	-10.430976
0.252700	-10.430976
0.252800	-10.430976
0.252900	-10.430976
0.253000	-10.430976
0.253100	-10.430976
0.253200	-10.430976
0.253300	-10.430976
0.253400	-10.430976
0.253500	-14.777216
0.253600	-14.777216
0.253700	-14.777216
0.253800	-14.777216
0.253900	-14.777216
0.254000	-14.777216
0.254100	-14.777216
0.254200	-14.777216
0.254300	-14.777216
0.254400	-14.777216
0.254500	-14.777216
0.254600	-14.777216
0.254700	-19.123455
0.254800	-19.123455
0.254900	-14.777216
0.255000	-14.777216
0.255100	-14.777216
0.255200	-19.123455
0.255300	-19.123455
0.255400	-19.123455
0.255500	-19.123455
0.255600	-19.123455
0.255700	-19.123455
0.255800	-19.123455
0.255900	-19.123455
0.256000	-19.123455
0.256100	-19.123455
0.256200	-19.123455
0.256300	-23.469696
0.256400	-19.123455
0.256500	-23.469696
0.256600	-19.123455
0.256700	-23.469696
0.256800	-23.469696
0.256900	-23.469696
0.257000	-23.469696
0.257100	-23.469696
0.257200	-23.469696
0.257300	-19.123455
0.257400	-23.469696
0.257500	-23.469696
0.257600	-23.469696
0.257700	-27.815935
0.257800	-23.469696
0.257900	-23.469696
0.258000	-27.815935
0.258100	-27.815935
0.258200	-23.469696
0.258300	-23.469696
0.258400	-23.469696
0.258500	-23.469696
0.258600	-27.815935
0.258700	-27.815935
0.258800	-27.815935
0.258900	-27.815935
0.259000	-27.815935
0.259100	-27.815935
0.259200	-27.815935
0.259300	-27.815935
0.259400	-27.815935
0.259500	-27.815935
0.259600	-32.162174
0.259700	-27.815935
0.259800	-27.815935
0.259900	-27.815935
0.260000	-32.162174
0.260100	-27.815935
0.260200	-27.815935
0.260300	-27.815935
0.260400	-32.162174
0.260500	-32.162174
0.260600	-32.162174
0.260700	-32.162174
0.260800	-32.162174
0.260900	-32.162174
0.261000	-32.162174
0.261100	-32.162174
0.261200	-32.162174
0.261300	-32.162174
0.261400	-32.162174
0.261500	-32.162174
0.261600	-32.162174
0.261700	-32.162174
0.261800	-32.162174
0.261900	-32.162174
0.262000	-32.162174
0.262100	-32.162174
0.262200	-32.162174
0.262300	-32.162174
0.262400	-32.162174
0.262500	-32.162174
0.262600	-32.162174
0.262700	-27.815935
0.262800	-27.815935
0.262900	-27.815935
0.263000	-27.815935
0.263100	-32.162174
0.263200	-27.815935
0.263300	-32.162174
0.263400	-32.162174
0.263500	-32.162174
0.263600	-32.162174
0.263700	-32.162174
0.263800	-32.162174
0.263900	-27.815935
0.264000	-27.815935
0.264100	-27.815935
0.264200	-27.815935
0.264300	-27.815935
0.264400	-27.815935
0.264500	-27.815935
0.264600	-27.815935
0.264700	-23.469696
0.264800	-27.815935
0.264900	-23.469696
0.265000	-27.815935
0.265100	-27.815935
0.265200	-23.469696
0.265300	-23.469696
0.265400	-23.469696
0.265500	-23.469696
0.265600	-23.469696
0.265700	-27.815935
0.265800	-23.469696
0.265900	-27.815935
0.266000	-23.469696
0.266100	-23.469696
0.266200	-23.469696
0.266300	-23.469696
0.266400	-23.469696
0.266500	-23.469696
0.266600	-23.469696
0.266700	-23.469696
0.266800	-23.469696
0.266900	-23.469696
0.267000	-23.469696
0.267100	-23.469696
0.267200	-23.469696
0.267300	-23.469696
0.267400	-23.469696
0.267500	-23.469696
0.267600	-23.469696
0.267700	-19.123455
0.267800	-19.123455
0.267900	-19.123455
0.268000	-23.469696
0.268100	-19.123455
0.268200	-19.123455
0.268300	-19.123455
0.268400	-19.123455
0.268500	-19.123455
0.268600	-19.123455
0.268700	-19.123455
0.268800	-19.123455
0.268900	-19.123455
0.269000	-19.123455
0.269100	-19.123455
0.269200	-14.777216
0.269300	-14.777216
0.269400	-19.123455
0.269500	-14.777216
0.269600	-14.777216
0.269700	-19.123455
0.269800	-14.777216
0.269900	-14.777216
0.270000	-19.123455
0.270100	-19.123455
0.270200	-14.777216
0.270300	-19.123455
0.270400	-14.777216
0.270500	-14.777216
0.270600	-14.777216
0.270700	-14.777216
0.270800	-14.777216
0.270900	-14.777216
0.271000	-14.777216
0.271100	-14.777216
0.271200	-14.777216
0.271300	-14.777216
0.271400	-14.777216
0.271500	-14.777216
0.271600	-14.777216
0.271700	-10.430976
0.271800	-14.777216
0.271900	-14.777216
0.272000	-10.430976
0.272100	-10.430976
0.272200	-10.430976
0.272300	-10.430976
0.272400	-10.430976
0.272500	-10.430976
0.272600	-10.430976
0.272700	-10.430976
0.272800	-10.430976
0.272900	-10.430976
0.273000	-10.430976
0.273100	-10.430976
0.273200	-10.430976
0.273300	-10.430976
0.273400	-10.430976
0.273500	-10.430976
0.273600	-10.430976
0.273700	-10.430976
0.273800	-10.430976
0.273900	-6.084736
0.274000	-6.084736
0.274100	-6.084736
0.274200	-6.084736
0.274300	-6.084736
0.274400	-6.084736
0.274500	-6.084736
0.274600	-6.084736
0.274700	-6.084736
0.274800	-6.084736
0.274900	-6.084736
0.275000	-10.430976
0.275100	-10.430976
0.275200	-6.084736
0.275300	-6.084736
0.275400	-6.084736
0.275500	-6.084736
0.275600	-6.084736
0.275700	-6.084736
0.275800	-1.738496
0.275900	-6.084736
0.276000	-6.084736
0.276100	-6.084736
0.276200	-6.084736
0.276300	-6.084736
0.276400	-6.084736
0.276500	-6.084736
0.276600	-6.084736
0.276700	-6.084736
0.276800	-1.738496
0.276900	-1.738496
0.277000	-6.084736
0.277100	-1.738496
0.277200	-1.738496
0.277300	-1.738496
0.277400	-1.738496
0.277500	-1.738496
0.277600	-1.738496
0.277700	-1.738496
0.277800	-1.738496
0.277900	-1.738496
0.278000	-1.738496
0.278100	-1.738496
0.278200	-1.738496
0.278300	-1.738496
0.278400	-1.738496
0.278500	-1.738496
0.278600	-1.738496
0.278700	-1.738496
0.278800	-1.738496
0.278900	-1.738496
0.279000	-1.738496
0.279100	-1.738496
0.279200	-1.738496
0.279300	-1.738496
0.279400	-1.738496
0.279500	-1.738496
0.279600	-1.738496
0.279700	-1.738496
0.279800	-1.738496
0.279900	-1.738496
0.280000	-1.738496
0.280100	-1.738496
0.280200	-1.738496
0.280300	-1.738496
0.280400	-1.738496
0.280500	-1.738496
0.280600	-1.738496
0.280700	-1.738496
0.280800	-1.738496
0.280900	-1.738496
0.281000	-1.738496
0.281100	-1.738496
0.281200	-1.738496
0.281300	-1.738496
0.281400	-1.738496
0.281500	-1.738496
0.281600	-1.738496
0.281700	-1.738496
0.281800	-6.084736
0.281900	-1.738496
0.282000	-1.738496
0.282100	-1.738496
0.282200	-1.738496
0.282300	-1.738496
0.282400	-1.738496
0.282500	-1.738496
0.282600	-1.738496
0.282700	-1.738496
0.282800	-1.738496
0.282900	-1.738496
0.283000	-1.738496
0.283100	-1.738496
0.283200	-1.738496
0.283300	-1.738496
0.283400	-1.738496
0.283500	-1.738496
0.283600	-1.738496
0.283700	-1.738496
0.283800	-1.738496
0.283900	-1.738496
0.284000	-1.738496
0.284100	-1.738496
0.284200	-1.738496
0.284300	-1.738496
0.284400	-1.738496
0.284500	-1.738496
0.284600	-1.738496
0.284700	-1.738496
0.284800	-1.738496
0.284900	-1.738496
0.285000	-1.738496
0.285100	-1.738496
0.285200	-1.738496
0.285300	2.607744
0.285400	-1.738496
0.285500	-1.738496
0.285600	-1.738496
0.285700	-1.738496
0.285800	-1.738496
0.285900	-1.738496
0.286000	-1.738496
0.286100	2.607744
0.286200	2.607744
0.286300	-1.738496
0.286400	-1.738496
0.286500	-1.738496
0.286600	-1.738496
0.286700	-1.738496
0.286800	2.607744
0.286900	-1.738496
0.287000	-1.738496
0.287100	-1.738496
0.287200	-1.738496
0.287300	-1.738496
0.287400	-1.738496
0.287500	2.607744
0.287600	-1.738496
0.287700	2.607744
0.287800	-1.738496
0.287900	-1.738496
0.288000	-1.738496
0.288100	2.607744
0.288200	-1.738496
0.288300	-1.738496
0.288400	-1.738496
0.288500	-1.738496
0.288600	-1.738496
0.288700	2.607744
0.288800	2.607744
0.288900	2.607744
0.289000	2.607744
0.289100	2.607744
0.289200	-1.738496
0.289300	2.607744
0.289400	2.607744
0.289500	2.607744
0.289600	2.607744
0.289700	-1.738496
0.289800	2.607744
0.289900	2.607744
0.290000	2.607744
0.290100	-1.738496
0.290200	-1.738496
0.290300	2.607744
0.290400	2.607744
0.290500	2.607744
0.290600	2.607744
0.290700	2.607744
0.290800	2.607744
0.290900	2.607744
0.291000	2.607744
0.291100	2.607744
0.291200	2.607744
0.291300	2.607744
0.291400	2.607744
0.291500	2.607744
0.291600	2.607744
0.291700	2.607744
0.291800	2.607744
0.291900	-1.738496
0.292000	2.607744
0.292100	2.607744
0.292200	2.607744
0.292300	2.607744
0.292400	2.607744
0.292500	2.607744
0.292600	2.607744
0.292700	2.607744
0.292800	2.607744
0.292900	2.607744
0.293000	2.607744
0.293100	2.607744
0.293200	2.607744
0.293300	2.607744
0.293400	2.607744
0.293500	2.607744
0.293600	2.607744
0.293700	2.607744
0.293800	2.607744
0.293900	2.607744
0.294000	2.607744
0.294100	2.607744
0.294200	2.607744
0.294300	2.607744
0.294400	2.607744
0.294500	2.607744
0.294600	2.607744
0.294700	2.607744
0.294800	2.607744
0.294900	2.607744
0.295000	2.607744
0.295100	2.607744
0.295200	2.607744
0.295300	2.607744
0.295400	2.607744
0.295500	2.607744
0.295600	2.607744
0.295700	2.607744
0.295800	2.607744
0.295900	2.607744
0.296000	2.607744
0.296100	2.607744
0.296200	2.607744
0.296300	2.607744
0.296400	2.607744
0.296500	2.607744
0.296600	2.607744
0.296700	2.607744
0.296800	2.607744
0.296900	2.607744
0.297000	2.607744
0.297100	2.607744
0.297200	2.607744
0.297300	2.607744
0.297400	2.607744
0.297500	2.607744
0.297600	2.607744
0.297700	2.607744
0.297800	2.607744
0.297900	2.607744
0.298000	2.607744
0.298100	2.607744
0.298200	2.607744
0.298300	2.607744
0.298400	2.607744
0.298500	2.607744
0.298600	2.607744
0.298700	2.607744
0.298800	2.607744
0.298900	2.607744
0.299000	2.607744
0.299100	2.607744
0.299200	2.607744
0.299300	2.607744
0.299400	-1.738496
0.299500	2.607744
0.299600	-1.738496
0.299700	-1.738496
0.299800	-1.738496
0.299900	2.607744
0.300000	2.607744
0.300100	-1.738496
0.300200	2.607744
0.300300	-1.738496
0.300400	2.607744
0.300500	-1.738496
0.300600	-1.738496
0.300700	2.607744
0.300800	-1.738496
0.300900	-1.738496
0.301000	-1.738496
0.301100	-1.738496
0.301200	-1.738496
0.301300	-1.738496
0.301400	-1.738496
0.301500	-1.738496
0.301600	-1.738496
0.301700	-1.738496
0.301800	-1.738496
0.301900	-1.738496
0.302000	-1.738496
0.302100	-1.738496
0.302200	-1.738496
0.302300	-1.738496
0.302400	-1.738496
0.302500	-1.738496
0.302600	-1.738496
0.302700	-1.738496
0.302800	-1.738496
0.302900	-1.738496
0.303000	-1.738496
0.303100	-1.738496
0.303200	-1.738496
0.303300	-1.738496
0.303400	-1.738496
0.303500	-1.738496
0.303600	-1.738496
0.303700	-1.738496
0.303800	-1.738496
0.303900	-1.738496
0.304000	-1.738496
0.304100	-1.738496
0.304200	-1.738496
0.304300	-1.738496
0.304400	-1.738496
0.304500	-1.738496
0.304600	-1.738496
0.304700	-1.738496
0.304800	-1.738496
0.304900	-1.738496
0.305000	-1.738496
0.305100	-1.738496
0.305200	-1.738496
0.305300	-1.738496
0.305400	-1.738496
0.305500	-1.738496
0.305600	-1.738496
0.305700	-1.738496
0.305800	-1.738496
0.305900	-1.738496
0.306000	-1.738496
0.306100	-1.738496
0.306200	-1.738496
0.306300	-1.738496
0.306400	-1.738496
0.306500	-1.738496
0.306600	-1.738496
0.306700	-6.084736
0.306800	-1.738496
0.306900	-1.738496
0.307000	-1.738496
0.307100	-1.738496
0.307200	-1.738496
0.307300	-6.084736
0.307400	-1.738496
0.307500	-1.738496
0.307600	-1.738496
0.307700	-1.738496
0.307800	-1.738496
0.307900	-1.738496
0.308000	-1.738496
0.308100	-1.738496
0.308200	-6.084736
0.308300	-1.738496
0.308400	-1.738496
0.308500	-1.738496
0.308600	-1.738496
0.308700	-1.738496
0.308800	-1.738496
0.308900	-6.084736
0.309000	-1.738496
0.309100	-1.738496
0.309200	-1.738496
0.309300	-1.738496
0.309400	-1.738496
0.309500	-6.084736
0.309600	-1.738496
0.309700	-6.084736
0.309800	-6.084736
0.309900	-6.084736
0.310000	-6.084736
0.310100	-6.084736
0.310200	-6.084736
0.310300	-6.084736
0.310400	-1.738496
0.310500	-1.738496
0.310600	-6.084736
0.310700	-6.084736
0.310800	-6.084736
0.310900	-1.738496
0.311000	-1.738496
0.311100	-6.084736
0.311200	-6.084736
0.311300	-6.084736
0.311400	-6.084736
0.311500	-6.084736
0.311600	-6.084736
0.311700	-6.084736
0.311800	-6.084736
0.311900	-6.084736
0.312000	-6.084736
0.312100	-6.084736
0.312200	-6.084736
0.312300	-6.084736
0.312400	-6.084736
0.312500	-6.084736
0.312600	-6.084736
0.312700	-6.084736
0.312800	-6.084736
0.312900	-6.084736
0.313000	-6.084736
0.313100	-6.084736
0.313200	-6.084736
0.313300	-6.084736
0.313400	-6.084736
0.313500	-10.430976
0.313600	-6.084736
0.313700	-6.084736
0.313800	-10.430976
0.313900	-10.430976
0.314000	-10.430976
0.314100	-10.430976
0.314200	-10.430976
0.314300	-10.430976
0.314400	-10.430976
0.314500	-10.430976
0.314600	-10.430976
0.314700	-10.430976
0.314800	-10.430976
0.314900	-10.430976
0.315000	-10.430976
0.315100	-10.430976
0.315200	-10.430976
0.315300	-10.430976
0.315400	-10.430976
0.315500	-10.430976
0.315600	-14.777216
0.315700	-10.430976
0.315800	-14.777216
0.315900	-14.777216
0.316000	-14.777216
0.316100	-14.777216
0.316200	-14.777216
0.316300	-14.777216
0.316400	-14.777216
0.316500	-14.777216
0.316600	-14.777216
0.316700	-14.777216
0.316800	-14.777216
0.316900	-14.777216
0.317000	-14.777216
0.317100	-14.777216
0.317200	-19.123455
0.317300	-14.777216
0.317400	-19.123455
0.317500	-19.123455
0.317600	-19.123455
0.317700	-19.123455
0.317800	-19.123455
0.317900	-19.123455
0.318000	-19.123455
0.318100	-19.123455
0.318200	-19.123455
0.318300	-19.123455
0.318400	-19.123455
0.318500	-19.123455
0.318600	-19.123455
0.318700	-19.123455
0.318800	-19.123455
0.318900	-23.469696
0.319000	-19.123455
0.319100	-19.123455
0.319200	-23.469696
0.319300	-19.123455
0.319400	-19.123455
0.319500	-23.469696
0.319600	-23.469696
0.319700	-23.469696
0.319800	-23.469696
0.319900	-23.469696
0.320000	-23.469696
0.320100	-23.469696
0.320200	-23.469696
0.320300	-23.469696
0.320400	-23.469696
0.320500	-23.469696
0.320600	-23.469696
0.320700	-23.469696
0.320800	-23.469696
0.320900	-23.469696
0.321000	-23.469696
0.321100	-23.469696
0.321200	-23.469696
0.321300	-23.469696
0.321400	-27.815935
0.321500	-27.815935
0.321600	-27.815935
0.321700	-23.469696
0.321800	-27.815935
0.321900	-27.815935
0.322000	-27.815935
0.322100	-27.815935
0.322200	-27.815935
0.322300	-27.815935
0.322400	-27.815935
0.322500	-27.815935
0.322600	-27.815935
0.322700	-27.815935
0.322800	-27.815935
0.322900	-27.815935
0.323000	-27.815935
0.323100	-27.815935
0.323200	-27.815935
0.323300	-32.162174
0.323400	-27.815935
0.323500	-32.162174
0.323600	-32.162174
0.323700	-27.815935
0.323800	-32.162174
0.323900	-32.162174
0.324000	-32.162174
0.324100	-32.162174
0.324200	-32.162174
0.324300	-32.162174
0.324400	-32.162174
0.324500	-32.162174
0.324600	-32.162174
0.324700	-32.162174
0.324800	-32.162174
0.324900	-32.162174
0.325000	-32.162174
0.325100	-32.162174
0.325200	-32.162174
0.325300	-32.162174
0.325400	-32.162174
0.325500	-32.162174
0.325600	-32.162174
0.325700	-32.162174
0.325800	-32.162174
0.325900	-32.162174
0.326000	-32.162174
0.326100	-32.162174
0.326200	-32.162174
0.326300	-32.162174
0.326400	-36.508415
0.326500	-36.508415
0.326600	-32.162174
0.326700	-36.508415
0.326800	-36.508415
0.326900	-36.508415
0.327000	-36.508415
0.327100	-36.508415
0.327200	-36.508415
0.327300	-36.508415
0.327400	-36.508415
0.327500	-36.508415
0.327600	-36.508415
0.327700	-36.508415
0.327800	-36.508415
0.327900	-36.508415
0.328000	-36.508415
0.328100	-36.508415
0.328200	-36.508415
0.328300	-40.854656
0.328400	-36.508415
0.328500	-36.508415
0.328600	-40.854656
0.328700	-36.508415
0.328800	-40.854656
0.328900	-40.854656
0.329000	-40.854656
0.329100	-40.854656
0.329200	-40.854656
0.329300	-40.854656
0.329400	-40.854656
0.329500	-40.854656
0.329600	-40.854656
0.329700	-40.854656
0.329800	-40.854656
0.329900	-40.854656
0.330000	-40.854656
0.330100	-40.854656
0.330200	-40.854656
0.330300	-40.854656
0.330400	-40.854656
0.330500	-40.854656
0.330600	-40.854656
0.330700	-40.854656
0.330800	-40.854656
0.330900	-40.854656
0.331000	-40.854656
0.331100	-40.854656
0.331200	-45.200897
0.331300	-40.854656
0.331400	-45.200897
0.331500	-40.854656
0.331600	-40.854656
0.331700	-45.200897
0.331800	-45.200897
0.331900	-45.200897
0.332000	-45.200897
0.332100	-40.854656
0.332200	-45.200897
0.332300	-45.200897
0.332400	-45.200897
0.332500	-45.200897
0.332600	-45.200897
0.332700	-45.200897
0.332800	-45.200897
0.332900	-45.200897
0.333000	-45.200897
0.333100	-45.200897
0.333200	-45.200897
0.333300	-45.200897
0.333400	-45.200897
0.333500	-45.200897
0.333600	-45.200897
0.333700	-49.547134
0.333800	-45.200897
0.333900	-45.200897
0.334000	-45.200897
0.334100	-49.547134
0.334200	-49.547134
0.334300	-49.547134
0.334400	-49.547134
0.334500	-49.547134
0.334600	-45.200897
0.334700	-45.200897
0.334800	-45.200897
0.334900	-45.200897
0.335000	-49.547134
0.335100	-49.547134
0.335200	-49.547134
0.335300	-49.547134
0.335400	-45.200897
0.335500	-49.547134
0.335600	-49.547134
0.335700	-49.547134
0.335800	-49.547134
0.335900	-49.547134
0.336000	-49.547134
0.336100	-49.547134
0.336200	-49.547134
0.336300	-49.547134
0.336400	-49.547134
0.336500	-53.893375
0.336600	-49.547134
0.336700	-53.893375
0.336800	-53.893375
0.336900	-49.547134
0.337000	-49.547134
0.337100	-53.893375
0.337200	-53.893375
0.337300	-53.893375
0.337400	-49.547134
0.337500	-53.893375
0.337600	-49.547134
0.337700	-53.893375
0.337800	-53.893375
0.337900	-53.893375
0.338000	-53.893375
0.338100	-53.893375
0.338200	-49.547134
0.338300	-53.893375
0.338400	-53.893375
0.338500	-53.893375
0.338600	-53.893375
0.338700	-53.893375
0.338800	-53.893375
0.338900	-53.893375
0.339000	-53.893375
0.339100	-53.893375
0.339200	-53.893375
0.339300	-53.893375
0.339400	-53.893375
0.339500	-53.893375
0.339600	-53.893375
0.339700	-53.893375
0.339800	-53.893375
0.339900	-53.893375
0.340000	-53.893375
0.340100	-53.893375
0.340200	-53.893375
0.340300	-53.893375
0.340400	-53.893375
0.340500	-53.893375
0.340600	-53.893375
0.340700	-53.893375
0.340800	-53.893375
0.340900	-53.893375
0.341000	-53.893375
0.341100	-53.893375
0.341200	-53.893375
0.341300	-53.893375
0.341400	-53.893375
0.341500	-53.893375
0.341600	-53.893375
0.341700	-53.893375
0.341800	-53.893375
0.341900	-53.893375
0.342000	-53.893375
0.342100	-53.893375
0.342200	-53.893375
0.342300	-53.893375
0.342400	-58.239616
0.342500	-53.893375
0.342600	-53.893375
0.342700	-58.239616
0.342800	-53.893375
0.342900	-53.893375
0.343000	-53.893375
0.343100	-58.239616
0.343200	-58.239616
0.343300	-58.239616
0.343400	-58.239616
0.343500	-58.239616
0.343600	-58.239616
0.343700	-58.239616
0.343800	-58.239616
0.343900	-58.239616
0.344000	-58.239616
0.344100	-58.239616
0.344200	-58.239616
0.344300	-58.239616
0.344400	-58.239616
0.344500	-58.239616
0.344600	-58.239616
0.344700	-58.239616
0.344800	-58.239616
0.344900	-58.239616
0.345000	-62.585857
0.345100	-58.239616
0.345200	-62.585857
0.345300	-58.239616
0.345400	-58.239616
0.345500	-58.239616
0.345600	-62.585857
0.345700	-62.585857
0.345800	-58.239616
0.345900	-62.585857
0.346000	-62.585857
0.346100	-62.585857
0.346200	-62.585857
0.346300	-58.239616
0.346400	-62.585857
0.346500	-62.585857
0.346600	-62.585857
0.346700	-62.585857
0.346800	-62.585857
0.346900	-62.585857
0.347000	-62.585857
0.347100	-62.585857
0.347200	-62.585857
0.347300	-62.585857
0.347400	-62.585857
0.347500	-62.585857
0.347600	-62.585857
0.347700	-62.585857
0.347800	-62.585857
0.347900	-62.585857
0.348000	-62.585857
0.348100	-62.585857
0.348200	-66.932098
0.348300	-62.585857
0.348400	-62.585857
0.348500	-62.585857
0.348600	-62.585857
0.348700	-62.585857
0.348800	-62.585857
0.348900	-62.585857
0.349000	-62.585857
0.349100	-62.585857
0.349200	-66.932098
0.349300	-66.932098
0.349400	-62.585857
0.349500	-62.585857
0.349600	-66.932098
0.349700	-62.585857
0.349800	-66.932098
0.349900	-66.932098
0.350000	-66.932098
0.350100	-66.932098
0.350200	-62.585857
0.350300	-66.932098
0.350400	-66.932098
0.350500	-62.585857
0.350600	-66.932098
0.350700	-66.932098
0.350800	-66.932098
0.350900	-66.932098
0.351000	-66.932098
0.351100	-66.932098
0.351200	-66.932098
0.351300	-66.932098
0.351400	-66.932098
0.351500	-66.932098
0.351600	-66.932098
0.351700	-66.932098
0.351800	-66.932098
0.351900	-66.932098
0.352000	-66.932098
0.352100	-66.932098
0.352200	-66.932098
0.352300	-66.932098
0.352400	-66.932098
0.352500	-66.932098
0.352600	-66.932098
0.352700	-66.932098
0.352800	-66.932098
0.352900	-66.932098
0.353000	-66.932098
0.353100	-71.278336
0.353200	-66.932098
0.353300	-66.932098
0.353400	-66.932098
0.353500	-71.278336
0.353600	-71.278336
0.353700	-71.278336
0.353800	-71.278336
0.353900	-66.932098
0.354000	-71.278336
0.354100	-71.278336
0.354200	-71.278336
0.354300	-71.278336
0.354400	-71.278336
0.354500	-71.278336
0.354600	-71.278336
0.354700	-71.278336
0.354800	-71.278336
0.354900	-71.278336
0.355000	-71.278336
0.355100	-71.278336
0.355200	-71.278336
0.355300	-71.278336
0.355400	-71.278336
0.355500	-71.278336
0.355600	-71.278336
0.355700	-71.278336
0.355800	-71.278336
0.355900	-71.278336
0.356000	-75.624573
0.356100	-71.278336
0.356200	-75.624573
0.356300	-75.624573
0.356400	-71.278336
0.356500	-75.624573
0.356600	-71.278336
0.356700	-75.624573
0.356800	-75.624573
0.356900	-75.624573
0.357000	-75.624573
0.357100	-75.624573
0.357200	-75.624573
0.357300	-75.624573
0.357400	-75.624573
0.357500	-75.624573
0.357600	-75.624573
0.357700	-75.624573
0.357800	-75.624573
0.357900	-75.624573
0.358000	-75.624573
0.358100	-75.624573
0.358200	-75.624573
0.358300	-75.624573
0.358400	-75.624573
0.358500	-75.624573
0.358600	-75.624573
0.358700	-75.624573
0.358800	-75.624573
0.358900	-75.624573
0.359000	-75.624573
0.359100	-75.624573
0.359200	-79.970818
0.359300	-75.624573
0.359400	-79.970818
0.359500	-75.624573
0.359600	-79.970818
0.359700	-75.624573
0.359800	-79.970818
0.359900	-79.970818
0.360000	-79.970818
0.360100	-75.624573
0.360200	-79.970818
0.360300	-79.970818
0.360400	-79.970818
0.360500	-79.970818
0.360600	-79.970818
0.360700	-79.970818
0.360800	-79.970818
0.360900	-79.970818
0.361000	-79.970818
0.361100	-79.970818
0.361200	-79.970818
0.361300	-79.970818
0.361400	-79.970818
0.361500	-79.970818
0.361600	-79.970818
0.361700	-79.970818
0.361800	-79.970818
0.361900	-79.970818
0.362000	-79.970818
0.362100	-79.970818
0.362200	-79.970818
0.362300	-79.970818
0.362400	-79.970818
0.362500	-79.970818
0.362600	-79.970818
0.362700	-79.970818
0.362800	-84.317055
0.362900	-84.317055
0.363000	-79.970818
0.363100	-84.317055
0.363200	-84.317055
0.363300	-84.317055
0.363400	-84.317055
0.363500	-84.317055
0.363600	-84.317055
0.363700	-84.317055
0.363800	-84.317055
0.363900	-84.317055
0.364000	-84.317055
0.364100	-84.317055
0.364200	-84.317055
0.364300	-84.317055
0.364400	-84.317055
0.364500	-84.317055
0.364600	-84.317055
0.364700	-88.663300
0.364800	-84.317055
0.364900	-84.317055
0.365000	-88.663300
0.365100	-84.317055
0.365200	-88.663300
0.365300	-88.663300
0.365400	-88.663300
0.365500	-88.663300
0.365600	-88.663300
0.365700	-84.317055
0.365800	-88.663300
0.365900	-88.663300
0.366000	-88.663300
0.366100	-88.663300
0.366200	-93.009537
0.366300	-88.663300
0.366400	-88.663300
0.366500	-88.663300
0.366600	-88.663300
0.366700	-93.009537
0.366800	-88.663300
0.366900	-93.009537
0.367000	-88.663300
0.367100	-93.009537
0.367200	-93.009537
0.367300	-88.663300
0.367400	-93.009537
0.367500	-93.009537
0.367600	-88.663300
0.367700	-93.009537
0.367800	-93.009537
0.367900	-93.009537
0.368000	-93.009537
0.368100	-93.009537
0.368200	-93.009537
0.368300	-93.009537
0.368400	-93.009537
0.368500	-93.009537
0.368600	-93.009537
0.368700	-93.009537
0.368800	-93.009537
0.368900	-97.355774
0.369000	-93.009537
0.369100	-93.009537
0.369200	-93.009537
0.369300	-97.355774
0.369400	-97.355774
0.369500	-97.355774
0.369600	-97.355774
0.369700	-97.355774
0.369800	-97.355774
0.369900	-97.355774
0.370000	-97.355774
0.370100	-97.355774
0.370200	-97.355774
0.370300	-97.355774
0.370400	-97.355774
0.370500	-97.355774
0.370600	-97.355774
0.370700	-97.355774
0.370800	-97.355774
0.370900	-97.355774
0.371000	-101.702019
0.371100	-101.702019
0.371200	-101.702019
0.371300	-101.702019
0.371400	-101.702019
0.371500	-101.702019
0.371600	-97.355774
0.371700	-101.702019
0.371800	-101.702019
0.371900	-101.702019
0.372000	-101.702019
0.372100	-101.702019
0.372200	-101.702019
0.372300	-101.702019
0.372400	-101.702019
0.372500	-101.702019
0.372600	-101.702019
0.372700	-101.702019
0.372800	-101.702019
0.372900	-101.702019
0.373000	-101.702019
0.373100	-101.702019
0.373200	-101.702019
0.373300	-101.702019
0.373400	-101.702019
0.373500	-106.048256
0.373600	-106.048256
0.373700	-101.702019
0.373800	-101.702019
0.373900	-101.702019
0.374000	-101.702019
0.374100	-101.702019
0.374200	-101.702019
0.374300	-106.048256
0.374400	-101.702019
0.374500	-106.048256
0.374600	-106.048256
0.374700	-106.048256
0.374800	-106.048256
0.374900	-106.048256
0.375000	-106.048256
0.375100	-106.048256
0.375200	-101.702019
0.375300	-106.048256
0.375400	-106.048256
0.375500	-106.048256
0.375600	-106.048256
0.375700	-106.048256
0.375800	-106.048256
0.375900	-106.048256
0.376000	-106.048256
0.376100	-106.048256
0.376200	-106.048256
0.376300	-106.048256
0.376400	-106.048256
0.376500	-106.048256
0.376600	-106.048256
0.376700	-106.048256
0.376800	-106.048256
0.376900	-106.048256
0.377000	-106.048256
0.377100	-106.048256
0.377200	-110.394493
0.377300	-106.048256
0.377400	-106.048256
0.377500	-106.048256
0.377600	-106.048256
0.377700	-106.048256
0.377800	-106.048256
0.377900	-106.048256
0.378000	-106.048256
0.378100	-106.048256
0.378200	-106.048256
0.378300	-106.048256
0.378400	-106.048256
0.378500	-106.048256
0.378600	-106.048256
0.378700	-106.048256
0.378800	-110.394493
0.378900	-106.048256
0.379000	-106.048256
0.379100	-106.048256
0.379200	-106.048256
0.379300	-106.048256
0.379400	-106.048256
0.379500	-110.394493
0.379600	-106.048256
0.379700	-106.048256
0.379800	-106.048256
0.379900	-106.048256
0.380000	-106.048256
0.380100	-110.394493
0.380200	-106.048256
0.380300	-106.048256
0.380400	-106.048256
0.380500	-110.394493
0.380600	-110.394493
0.380700	-110.394493
0.380800	-110.394493
0.380900	-106.048256
0.381000	-106.048256
0.381100	-106.048256
0.381200	-110.394493
0.381300	-106.048256
0.381400	-110.394493
0.381500	-106.048256
0.381600	-106.048256
0.381700	-110.394493
0.381800	-110.394493
0.381900	-110.394493
0.382000	-106.048256
0.382100	-110.394493
0.382200	-110.394493
0.382300	-110.394493
0.382400	-106.048256
0.382500	-110.394493
0.382600	-110.394493
0.382700	-110.394493
0.382800	-110.394493
0.382900	-110.394493
0.383000	-110.394493
0.383100	-110.394493
0.383200	-110.394493
0.383300	-110.394493
0.383400	-110.394493
0.383500	-110.394493
0.383600	-110.394493
0.383700	-110.394493
0.383800	-110.394493
0.383900	-106.048256
0.384000	-110.394493
0.384100	-110.394493
0.384200	-106.048256
0.384300	-110.394493
0.384400	-106.048256
0.384500	-106.048256
0.384600	-110.394493
0.384700	-110.394493
0.384800	-106.048256
0.384900	-110.394493
0.385000	-110.394493
0.385100	-110.394493
0.385200	-110.394493
0.385300	-110.394493
0.385400	-110.394493
0.385500	-110.394493
0.385600	-110.394493
0.385700	-110.394493
0.385800	-110.394493
0.385900	-110.394493
0.386000	-106.048256
0.386100	-110.394493
0.386200	-110.394493
0.386300	-110.394493
0.386400	-110.394493
0.386500	-110.394493
0.386600	-106.048256
0.386700	-110.394493
0.386800	-110.394493
0.386900	-110.394493
0.387000	-106.048256
0.387100	-110.394493
0.387200	-106.048256
0.387300	-110.394493
0.387400	-106.048256
0.387500	-106.048256
0.387600	-106.048256
0.387700	-106.048256
0.387800	-110.394493
0.387900	-110.394493
0.388000	-106.048256
0.388100	-106.048256
0.388200	-106.048256
0.388300	-106.048256
0.388400	-106.048256
0.388500	-106.048256
0.388600	-106.048256
0.388700	-106.048256
0.388800	-106.048256
0.388900	-106.048256
0.389000	-110.394493
0.389100	-106.048256
0.389200	-106.048256
0.389300	-106.048256
0.389400	-106.048256
0.389500	-106.048256
0.389600	-106.048256
0.389700	-106.048256
0.389800	-106.048256
0.389900	-106.048256
0.390000	-110.394493
0.390100	-106.048256
0.390200	-106.048256
0.390300	-106.048256
0.390400	-106.048256
0.390500	-106.048256
0.390600	-106.048256
0.390700	-106.048256
0.390800	-106.048256
0.390900	-106.048256
0.391000	-110.394493
0.391100	-110.394493
0.391200	-106.048256
0.391300	-110.394493
0.391400	-110.394493
0.391500	-106.048256
0.391600	-106.048256
0.391700	-106.048256
0.391800	-106.048256
0.391900	-106.048256
0.392000	-106.048256
0.392100	-110.394493
0.392200	-110.394493
0.392300	-110.394493
0.392400	-106.048256
0.392500	-106.048256
0.392600	-106.048256
0.392700	-110.394493
0.392800	-110.394493
0.392900	-106.048256
0.393000	-110.394493
0.393100	-110.394493
0.393200	-110.394493
0.393300	-106.048256
0.393400	-106.048256
0.393500	-106.048256
0.393600	-106.048256
0.393700	-106.048256
0.393800	-106.048256
0.393900	-110.394493
0.394000	-106.048256
0.394100	-106.048256
0.394200	-110.394493
0.394300	-106.048256
0.394400	-110.394493
0.394500	-106.048256
0.394600	-110.394493
0.394700	-106.048256
0.394800	-110.394493
0.394900	-110.394493
0.395000	-106.048256
0.395100	-110.394493
0.395200	-110.394493
0.395300	-110.394493
0.395400	-106.048256
0.395500	-110.394493
0.395600	-110.394493
0.395700	-106.048256
0.395800	-106.048256
0.395900	-106.048256
0.396000	-106.048256
0.396100	-106.048256
0.396200	-106.048256
0.396300	-106.048256
0.396400	-106.048256
0.396500	-110.394493
0.396600	-110.394493
0.396700	-106.048256
0.396800	-106.048256
0.396900	-110.394493
0.397000	-110.394493
0.397100	-110.394493
0.397200	-110.394493
0.397300	-110.394493
0.397400	-106.048256
0.397500	-106.048256
0.397600	-110.394493
0.397700	-110.394493
0.397800	-106.048256
0.397900	-106.048256
0.398000	-106.048256
0.398100	-106.048256
0.398200	-110.394493
0.398300	-110.394493
0.398400	-106.048256
0.398500	-110.394493
0.398600	-106.048256
0.398700	-110.394493
0.398800	-106.048256
0.398900	-110.394493
0.399000	-106.048256
0.399100	-106.048256
0.399200	-110.394493
0.399300	-110.394493
0.399400	-106.048256
0.399500	-106.048256
0.399600	-110.394493
0.399700	-106.048256
0.399800	-110.394493
0.399900	-110.394493
0.400000	-110.394493
0.400100	-110.394493
0.400200	-110.394493
0.400300	-110.394493
0.400400	-110.394493
0.400500	-110.394493
0.400600	-106.048256
0.400700	-106.048256
0.400800	-110.394493
0.400900	-106.048256
0.401000	-110.394493
0.401100	-106.048256
0.401200	-106.048256
0.401300	-106.048256
0.401400	-110.394493
0.401500	-106.048256
0.401600	-106.048256
0.401700	-106.048256
0.401800	-110.394493
0.401900	-106.048256
0.402000	-106.048256
0.402100	-106.048256
0.402200	-106.048256
0.402300	-110.394493
0.402400	-110.394493
0.402500	-106.048256
0.402600	-110.394493
0.402700	-110.394493
0.402800	-110.394493
0.402900	-106.048256
0.403000	-106.048256
0.403100	-110.394493
0.403200	-110.394493
0.403300	-110.394493
0.403400	-110.394493
0.403500	-106.048256
0.403600	-110.394493
0.403700	-106.048256
0.403800	-106.048256
0.403900	-110.394493
0.404000	-106.048256
0.404100	-106.048256
0.404200	-110.394493
0.404300	-106.048256
0.404400	-106.048256
0.404500	-106.048256
0.404600	-106.048256
0.404700	-106.048256
0.404800	-106.048256
0.404900	-106.048256
0.405000	-110.394493
