-0.005000	0.048956
-0.004900	-0.195822
-0.004800	0.048956
-0.004700	0.048956
-0.004600	0.048956
-0.004500	0.048956
-0.004400	0.048956
-0.004300	0.048956
-0.004200	-0.195822
-0.004100	0.048956
-0.004000	0.048956
-0.003900	0.048956
-0.003800	0.048956
-0.003700	0.048956
-0.003600	0.048956
-0.003500	0.048956
-0.003400	-0.195822
-0.003300	0.048956
-0.003200	0.048956
-0.003100	0.048956
-0.003000	-0.195822
-0.002900	0.048956
-0.002800	0.048956
-0.002700	0.048956
-0.002600	0.048956
-0.002500	0.048956
-0.002400	0.048956
-0.002300	0.048956
-0.002200	0.048956
-0.002100	0.048956
-0.002000	0.048956
-0.001900	-0.195822
-0.001800	0.048956
-0.001700	0.048956
-0.001600	0.048956
-0.001500	0.048956
-0.001400	0.048956
-0.001300	0.048956
-0.001200	-0.195822
-0.001100	-0.195822
-0.001000	0.048956
-0.000900	-0.195822
-0.000800	0.048956
-0.000700	0.048956
-0.000600	0.048956
-0.000500	0.048956
-0.000400	0.048956
-0.000300	0.048956
-0.000200	0.048956
-0.000100	0.048956
0.000000	-0.195822
0.000100	-0.195822
0.000200	0.048956
0.000300	0.048956
0.000400	0.048956
0.000500	0.048956
0.000600	0.048956
0.000700	0.048956
0.000800	0.048956
0.000900	0.048956
0.001000	-0.195822
0.001100	-0.195822
0.001200	-0.195822
0.001300	0.048956
0.001400	0.048956
0.001500	-0.195822
0.001600	0.048956
0.001700	-0.195822
0.001800	0.048956
0.001900	0.048956
0.002000	0.048956
0.002100	-0.195822
0.002200	0.048956
0.002300	0.048956
0.002400	-0.195822
0.002500	-0.195822
0.002600	0.048956
0.002700	-0.195822
0.002800	-0.195822
0.002900	0.048956
0.003000	0.048956
0.003100	0.048956
0.003200	0.048956
0.003300	0.048956
0.003400	0.048956
0.003500	-0.195822
0.003600	-0.195822
0.003700	-0.195822
0.003800	0.048956
0.003900	0.048956
0.004000	0.048956
0.004100	0.048956
0.004200	-0.195822
0.004300	0.048956
0.004400	0.048956
0.004500	-0.195822
0.004600	-0.195822
0.004700	0.048956
0.004800	0.048956
0.004900	0.048956
0.005000	0.048956
0.005100	0.048956
0.005200	0.048956
0.005300	0.048956
0.005400	0.048956
0.005500	-0.195822
0.005600	-0.195822
0.005700	0.048956
0.005800	0.048956
0.005900	0.048956
0.006000	-0.195822
0.006100	0.048956
0.006200	0.048956
0.006300	0.048956
0.006400	-0.195822
0.006500	-0.195822
0.006600	0.048956
0.006700	0.048956
0.006800	0.048956
0.006900	0.048956
0.007000	-0.195822
0.007100	0.048956
0.007200	-0.195822
0.007300	0.048956
0.007400	0.048956
0.007500	0.048956
0.007600	-0.195822
0.007700	0.048956
0.007800	0.048956
0.007900	-0.195822
0.008000	-0.195822
0.008100	0.048956
0.008200	0.048956
0.008300	0.048956
0.008400	0.048956
0.008500	0.048956
0.008600	-0.195822
0.008700	0.048956
0.008800	-0.195822
0.008900	-0.195822
0.009000	0.048956
0.009100	-0.195822
0.009200	0.048956
0.009300	-0.195822
0.009400	-0.195822
0.009500	-0.195822
0.009600	-0.195822
0.009700	-0.195822
0.009800	-0.195822
0.009900	-0.195822
0.010000	0.048956
0.010100	-0.195822
0.010200	-0.195822
0.010300	-0.195822
0.010400	-0.195822
0.010500	-0.195822
0.010600	0.048956
0.010700	-0.195822
0.010800	-0.195822
0.010900	-0.195822
0.011000	-0.195822
0.011100	-0.195822
0.011200	-0.195822
0.011300	0.048956
0.011400	-0.195822
0.011500	-0.195822
0.011600	-0.195822
0.011700	0.048956
0.011800	-0.195822
0.011900	-0.195822
0.012000	-0.195822
0.012100	-0.195822
0.012200	-0.195822
0.012300	-0.195822
0.012400	-0.195822
0.012500	-0.195822
0.012600	-0.195822
0.012700	-0.195822
0.012800	-0.195822
0.012900	-0.195822
0.013000	-0.195822
0.013100	-0.195822
0.013200	-0.195822
0.013300	-0.195822
0.013400	-0.195822
0.013500	-0.195822
0.013600	-0.195822
0.013700	-0.195822
0.013800	-0.195822
0.013900	-0.195822
0.014000	-0.195822
0.014100	0.048956
0.014200	0.048956
0.014300	0.048956
0.014400	-0.195822
0.014500	0.048956
0.014600	0.048956
0.014700	0.048956
0.014800	0.048956
0.014900	0.048956
0.015000	0.048956
0.015100	0.048956
0.015200	0.048956
0.015300	0.048956
0.015400	0.293733
0.015500	0.293733
0.015600	0.293733
0.015700	0.293733
0.015800	0.048956
0.015900	0.048956
0.016000	0.048956
0.016100	0.048956
0.016200	0.048956
0.016300	-0.195822
0.016400	0.048956
0.016500	0.048956
0.016600	0.048956
0.016700	0.048956
0.016800	0.048956
0.016900	0.293733
0.017000	0.293733
0.017100	0.538511
0.017200	0.783288
0.017300	0.293733
0.017400	0.048956
0.017500	0.048956
0.017600	0.293733
0.017700	0.538511
0.017800	0.783288
0.017900	0.783288
0.018000	0.538511
0.018100	0.538511
0.018200	0.538511
0.018300	1.028066
0.018400	1.028066
0.018500	0.783288
0.018600	0.293733
0.018700	0.293733
0.018800	0.783288
0.018900	1.272843
0.019000	1.272843
0.019100	0.783288
0.019200	0.048956
0.019300	-0.685377
0.019400	-0.685377
0.019500	0.048956
0.019600	1.028066
0.019700	1.517621
0.019800	1.517621
0.019900	1.028066
0.020000	0.293733
0.020100	0.048956
0.020200	0.293733
0.020300	0.783288
0.020400	1.028066
0.020500	1.028066
0.020600	0.293733
0.020700	0.048956
0.020800	-0.195822
0.020900	0.048956
0.021000	0.783288
0.021100	1.517621
0.021200	1.762399
0.021300	1.272843
0.021400	0.783288
0.021500	0.783288
0.021600	1.028066
0.021700	1.762399
0.021800	1.762399
0.021900	1.517621
0.022000	1.272843
0.022100	1.028066
0.022200	1.272843
0.022300	1.762399
0.022400	2.007176
0.022500	1.762399
0.022600	1.517621
0.022700	1.272843
0.022800	1.272843
0.022900	1.272843
0.023000	1.517621
0.023100	2.007176
0.023200	2.007176
0.023300	1.762399
0.023400	1.517621
0.023500	1.762399
0.023600	1.762399
0.023700	2.007176
0.023800	2.496732
0.023900	2.496732
0.024000	2.251954
0.024100	2.007176
0.024200	1.762399
0.024300	2.007176
0.024400	2.986287
0.024500	3.965397
0.024600	3.965397
0.024700	3.475842
0.024800	3.231064
0.024900	3.231064
0.025000	3.475842
0.025100	3.965397
0.025200	4.210175
0.025300	3.720619
0.025400	2.251954
0.025500	0.538511
0.025600	-0.195822
0.025700	0.783288
0.025800	2.741509
0.025900	4.454952
0.026000	4.210175
0.026100	2.496732
0.026200	0.293733
0.026300	0.293733
0.026400	2.251954
0.026500	3.965397
0.026600	4.944508
0.026700	3.720619
0.026800	1.762399
0.026900	1.028066
0.027000	1.272843
0.027100	2.007176
0.027200	2.741509
0.027300	2.741509
0.027400	2.496732
0.027500	2.007176
0.027600	1.517621
0.027700	1.272843
0.027800	2.007176
0.027900	2.741509
0.028000	2.741509
0.028100	2.251954
0.028200	1.517621
0.028300	1.028066
0.028400	1.272843
0.028500	1.272843
0.028600	1.028066
0.028700	0.783288
0.028800	0.048956
0.028900	0.048956
0.029000	0.293733
0.029100	0.538511
0.029200	0.538511
0.029300	0.538511
0.029400	0.538511
0.029500	0.293733
0.029600	0.783288
0.029700	1.272843
0.029800	0.783288
0.029900	-0.685377
0.030000	-1.664488
0.030100	-1.419710
0.030200	0.048956
0.030300	1.028066
0.030400	-0.685377
0.030500	-3.133153
0.030600	-3.622709
0.030700	-1.419710
0.030800	1.517621
0.030900	2.741509
0.031000	1.272843
0.031100	-1.419710
0.031200	-2.643598
0.031300	-1.664488
0.031400	-0.195822
0.031500	0.293733
0.031600	-0.685377
0.031700	-2.643598
0.031800	-3.867486
0.031900	-4.601819
0.032000	-5.091374
0.032100	-5.825707
0.032200	-6.070485
0.032300	-5.580929
0.032400	-4.357041
0.032500	-4.846597
0.032600	-7.539150
0.032700	-8.763038
0.032800	-7.049595
0.032900	-3.867486
0.033000	-2.643598
0.033100	-5.091374
0.033200	-8.028706
0.033300	-8.028706
0.033400	-6.315262
0.033500	-5.336152
0.033600	-6.560040
0.033700	-9.252593
0.033800	-11.210814
0.033900	-11.210814
0.034000	-10.966037
0.034100	-11.945147
0.034200	-13.903368
0.034300	-15.861588
0.034400	-17.330254
0.034500	-18.064587
0.034600	-19.043697
0.034700	-19.533253
0.034800	-19.043697
0.034900	-18.554142
0.035000	-19.288475
0.035100	-20.757141
0.035200	-21.981028
0.035300	-22.225805
0.035400	-21.491474
0.035500	-21.001919
0.035600	-21.491474
0.035700	-22.960138
0.035800	-24.428804
0.035900	-24.428804
0.036000	-22.960138
0.036100	-21.981028
0.036200	-22.225805
0.036300	-23.694471
0.036400	-25.163137
0.036500	-25.407915
0.036600	-24.918360
0.036700	-24.184027
0.036800	-23.449694
0.036900	-23.939249
0.037000	-25.163137
0.037100	-27.121359
0.037200	-28.590023
0.037300	-27.855690
0.037400	-26.142248
0.037500	-25.163137
0.037600	-26.142248
0.037700	-28.590023
0.037800	-30.303467
0.037900	-29.813911
0.038000	-27.855690
0.038100	-26.876581
0.038200	-27.610914
0.038300	-29.569134
0.038400	-30.793022
0.038500	-30.548244
0.038600	-29.079578
0.038700	-28.345245
0.038800	-28.834801
0.038900	-29.813911
0.039000	-30.303467
0.039100	-29.813911
0.039200	-28.590023
0.039300	-27.121359
0.039400	-26.631804
0.039500	-27.366137
0.039600	-28.345245
0.039700	-28.590023
0.039800	-27.855690
0.039900	-26.876581
0.040000	-26.387026
0.040100	-26.631804
0.040200	-27.366137
0.040300	-27.366137
0.040400	-27.121359
0.040500	-26.142248
0.040600	-24.673582
0.040700	-23.939249
0.040800	-23.694471
0.040900	-23.694471
0.041000	-24.428804
0.041100	-24.918360
0.041200	-23.939249
0.041300	-22.225805
0.041400	-21.491474
0.041500	-21.491474
0.041600	-22.225805
0.041700	-22.715361
0.041800	-22.225805
0.041900	-21.246696
0.042000	-20.757141
0.042100	-21.001919
0.042200	-21.981028
0.042300	-22.960138
0.042400	-22.715361
0.042500	-21.736252
0.042600	-20.267586
0.042700	-19.288475
0.042800	-19.288475
0.042900	-19.533253
0.043000	-19.778030
0.043100	-20.022808
0.043200	-19.288475
0.043300	-18.309364
0.043400	-17.819809
0.043500	-16.351143
0.043600	-15.372033
0.043700	-14.882478
0.043800	-14.392923
0.043900	-14.637700
0.044000	-14.148146
0.044100	-11.700369
0.044200	-9.497371
0.044300	-9.252593
0.044400	-9.986926
0.044500	-10.476481
0.044600	-10.231704
0.044700	-8.028706
0.044800	-6.315262
0.044900	-5.825707
0.045000	-5.825707
0.045100	-6.070485
0.045200	-6.560040
0.045300	-6.560040
0.045400	-6.315262
0.045500	-6.070485
0.045600	-4.357041
0.045700	-2.154043
0.045800	-1.174932
0.045900	-2.154043
0.046000	-4.601819
0.046100	-6.070485
0.046200	-4.846597
0.046300	-1.909265
0.046400	1.272843
0.046500	3.475842
0.046600	2.986287
0.046700	0.783288
0.046800	-0.440600
0.046900	0.048956
0.047000	2.496732
0.047100	5.678840
0.047200	7.147506
0.047300	6.168396
0.047400	4.210175
0.047500	2.741509
0.047600	3.965397
0.047700	6.657951
0.047800	8.860950
0.047900	8.616172
0.048000	4.944508
0.048100	0.048956
0.048200	-2.398820
0.048300	0.538511
0.048400	6.657951
0.048500	10.084837
0.048600	8.616172
0.048700	4.454952
0.048800	1.028066
0.048900	0.048956
0.049000	1.517621
0.049100	3.720619
0.049200	6.168396
0.049300	7.881839
0.049400	6.902729
0.049500	4.210175
0.049600	2.496732
0.049700	4.210175
0.049800	8.860950
0.049900	13.022168
0.050000	14.001279
0.050100	11.798281
0.050200	8.860950
0.050300	8.126616
0.050400	9.595282
0.050500	12.043058
0.050600	13.756501
0.050700	14.735612
0.050800	14.735612
0.050900	13.756501
0.051000	12.532613
0.051100	12.043058
0.051200	12.532613
0.051300	14.246057
0.051400	15.225166
0.051500	14.735612
0.051600	13.511724
0.051700	12.532613
0.051800	13.266946
0.051900	14.490834
0.052000	15.225166
0.052100	14.490834
0.052200	13.266946
0.052300	12.777390
0.052400	13.022168
0.052500	13.266946
0.052600	13.511724
0.052700	13.266946
0.052800	13.022168
0.052900	13.266946
0.053000	13.266946
0.053100	13.266946
0.053200	14.001279
0.053300	14.735612
0.053400	15.225166
0.053500	14.980390
0.053600	14.001279
0.053700	13.266946
0.053800	13.511724
0.053900	14.001279
0.054000	14.490834
0.054100	14.490834
0.054200	13.756501
0.054300	13.022168
0.054400	12.043058
0.054500	11.063948
0.054600	10.819170
0.054700	11.063948
0.054800	11.553503
0.054900	11.553503
0.055000	10.819170
0.055100	9.350504
0.055200	7.881839
0.055300	7.147506
0.055400	8.126616
0.055500	8.860950
0.055600	8.616172
0.055700	6.168396
0.055800	2.741509
0.055900	1.517621
0.056000	3.231064
0.056100	6.168396
0.056200	7.881839
0.056300	6.657951
0.056400	2.496732
0.056500	-0.440600
0.056600	0.293733
0.056700	4.454952
0.056800	8.616172
0.056900	9.350504
0.057000	6.413173
0.057100	2.007176
0.057200	0.293733
0.057300	2.741509
0.057400	7.147506
0.057500	10.084837
0.057600	8.860950
0.057700	4.944508
0.057800	2.007176
0.057900	2.741509
0.058000	6.657951
0.058100	10.329615
0.058200	10.819170
0.058300	8.371394
0.058400	5.189285
0.058500	3.720619
0.058600	5.189285
0.058700	8.126616
0.058800	9.840059
0.058900	9.350504
0.059000	6.902729
0.059100	4.944508
0.059200	4.699730
0.059300	5.923618
0.059400	7.147506
0.059500	7.392283
0.059600	6.413173
0.059700	4.454952
0.059800	2.986287
0.059900	2.251954
0.060000	2.496732
0.060100	2.496732
0.060200	1.762399
0.060300	0.048956
0.060400	-1.909265
0.060500	-2.643598
0.060600	-1.909265
0.060700	0.048956
0.060800	2.007176
0.060900	2.986287
0.061000	1.517621
0.061100	-0.440600
0.061200	-1.419710
0.061300	-0.440600
0.061400	1.517621
0.061500	3.475842
0.061600	3.965397
0.061700	3.231064
0.061800	2.251954
0.061900	2.251954
0.062000	2.741509
0.062100	2.741509
0.062200	2.007176
0.062300	2.251954
0.062400	2.741509
0.062500	2.496732
0.062600	1.517621
0.062700	0.538511
0.062800	0.293733
0.062900	1.517621
0.063000	2.496732
0.063100	1.762399
0.063200	0.048956
0.063300	-0.930155
0.063400	-1.174932
0.063500	-0.930155
0.063600	-1.174932
0.063700	-1.909265
0.063800	-2.398820
0.063900	-2.888376
0.064000	-3.622709
0.064100	-4.846597
0.064200	-5.091374
0.064300	-4.357041
0.064400	-3.133153
0.064500	-2.643598
0.064600	-2.888376
0.064700	-3.867486
0.064800	-4.357041
0.064900	-4.601819
0.065000	-4.357041
0.065100	-3.377931
0.065200	-2.154043
0.065300	-1.664488
0.065400	-1.664488
0.065500	-2.398820
0.065600	-2.154043
0.065700	-0.930155
0.065800	0.048956
0.065900	0.293733
0.066000	-0.930155
0.066100	-1.909265
0.066200	-1.909265
0.066300	-0.685377
0.066400	0.293733
0.066500	0.048956
0.066600	-1.174932
0.066700	-1.174932
0.066800	-0.195822
0.066900	1.272843
0.067000	1.272843
0.067100	-0.195822
0.067200	-1.419710
0.067300	-0.685377
0.067400	0.783288
0.067500	2.007176
0.067600	2.007176
0.067700	2.251954
0.067800	2.007176
0.067900	0.783288
0.068000	-1.419710
0.068100	-2.643598
0.068200	-1.419710
0.068300	1.028066
0.068400	2.251954
0.068500	2.007176
0.068600	0.538511
0.068700	0.538511
0.068800	2.007176
0.068900	2.986287
0.069000	2.986287
0.069100	2.496732
0.069200	2.741509
0.069300	3.720619
0.069400	3.965397
0.069500	3.231064
0.069600	3.231064
0.069700	3.965397
0.069800	5.434063
0.069900	5.434063
0.070000	4.699730
0.070100	4.944508
0.070200	6.413173
0.070300	7.881839
0.070400	7.881839
0.070500	5.923618
0.070600	4.454952
0.070700	5.434063
0.070800	7.392283
0.070900	8.616172
0.071000	7.881839
0.071100	5.923618
0.071200	4.699730
0.071300	5.189285
0.071400	6.902729
0.071500	8.126616
0.071600	7.881839
0.071700	7.147506
0.071800	5.434063
0.071900	4.454952
0.072000	4.944508
0.072100	7.392283
0.072200	10.084837
0.072300	11.063948
0.072400	9.840059
0.072500	7.637061
0.072600	7.147506
0.072700	9.105727
0.072800	12.532613
0.072900	15.469944
0.073000	15.714722
0.073100	12.532613
0.073200	7.881839
0.073300	4.454952
0.073400	3.720619
0.073500	6.168396
0.073600	10.084837
0.073700	13.022168
0.073800	14.001279
0.073900	11.798281
0.074000	7.881839
0.074100	6.657951
0.074200	10.084837
0.074300	14.980390
0.074400	15.714722
0.074500	10.819170
0.074600	5.923618
0.074700	6.902729
0.074800	12.287835
0.074900	16.449055
0.075000	15.959499
0.075100	12.043058
0.075200	9.350504
0.075300	10.329615
0.075400	13.511724
0.075500	15.714722
0.075600	15.469944
0.075700	14.980390
0.075800	14.735612
0.075900	14.001279
0.076000	13.022168
0.076100	13.022168
0.076200	14.490834
0.076300	15.469944
0.076400	14.735612
0.076500	12.532613
0.076600	10.329615
0.076700	9.840059
0.076800	9.840059
0.076900	10.084837
0.077000	9.840059
0.077100	9.350504
0.077200	9.350504
0.077300	9.350504
0.077400	9.350504
0.077500	9.350504
0.077600	9.840059
0.077700	9.840059
0.077800	9.350504
0.077900	9.105727
0.078000	9.595282
0.078100	10.574392
0.078200	11.798281
0.078300	12.532613
0.078400	12.532613
0.078500	12.532613
0.078600	13.266946
0.078700	14.246057
0.078800	14.980390
0.078900	15.469944
0.079000	16.938610
0.079100	17.672943
0.079200	16.693832
0.079300	13.756501
0.079400	10.084837
0.079500	8.371394
0.079600	10.329615
0.079700	14.490834
0.079800	16.204277
0.079900	14.246057
0.080000	9.840059
0.080100	5.678840
0.080200	4.699730
0.080300	7.881839
0.080400	12.287835
0.080500	14.735612
0.080600	13.022168
0.080700	9.105727
0.080800	7.392283
0.080900	9.595282
0.081000	13.022168
0.081100	14.735612
0.081200	13.511724
0.081300	10.574392
0.081400	8.126616
0.081500	7.637061
0.081600	8.860950
0.081700	10.329615
0.081800	10.819170
0.081900	10.819170
0.082000	10.574392
0.082100	9.595282
0.082200	9.105727
0.082300	10.084837
0.082400	13.511724
0.082500	17.672943
0.082600	15.714722
0.082700	5.678840
0.082800	-4.357041
0.082900	-3.622709
0.083000	8.126616
0.083100	19.875940
0.083200	20.610273
0.083300	11.308725
0.083400	2.007176
0.083500	-0.440600
0.083600	4.454952
0.083700	14.001279
0.083800	20.120718
0.083900	16.938610
0.084000	8.126616
0.084100	1.028066
0.084200	0.293733
0.084300	5.923618
0.084400	13.511724
0.084500	16.938610
0.084600	13.266946
0.084700	5.678840
0.084800	0.048956
0.084900	1.517621
0.085000	8.616172
0.085100	16.204277
0.085200	18.162498
0.085300	12.532613
0.085400	3.475842
0.085500	-1.174932
0.085600	1.762399
0.085700	8.371394
0.085800	13.022168
0.085900	11.798281
0.086000	6.413173
0.086100	1.517621
0.086200	0.538511
0.086300	3.720619
0.086400	8.126616
0.086500	10.819170
0.086600	9.350504
0.086700	5.923618
0.086800	2.496732
0.086900	2.007176
0.087000	4.210175
0.087100	7.881839
0.087200	9.840059
0.087300	8.616172
0.087400	5.189285
0.087500	2.007176
0.087600	2.007176
0.087700	4.699730
0.087800	7.392283
0.087900	7.881839
0.088000	5.923618
0.088100	2.986287
0.088200	1.762399
0.088300	2.986287
0.088400	4.944508
0.088500	6.413173
0.088600	6.657951
0.088700	5.434063
0.088800	3.475842
0.088900	2.007176
0.089000	2.007176
0.089100	3.475842
0.089200	5.189285
0.089300	5.678840
0.089400	3.720619
0.089500	1.762399
0.089600	0.783288
0.089700	1.517621
0.089800	3.231064
0.089900	4.699730
0.090000	4.210175
0.090100	2.741509
0.090200	1.028066
0.090300	0.783288
0.090400	1.517621
0.090500	2.251954
0.090600	2.741509
0.090700	2.251954
0.090800	0.293733
0.090900	-0.930155
0.091000	-0.440600
0.091100	1.028066
0.091200	2.007176
0.091300	2.007176
0.091400	0.783288
0.091500	-0.195822
0.091600	-0.195822
0.091700	0.293733
0.091800	0.783288
0.091900	0.538511
0.092000	0.048956
0.092100	-0.440600
0.092200	-0.440600
0.092300	-0.440600
0.092400	-0.685377
0.092500	-0.685377
0.092600	-0.930155
0.092700	-1.174932
0.092800	-1.174932
0.092900	-1.174932
0.093000	-1.174932
0.093100	-1.174932
0.093200	-1.419710
0.093300	-1.664488
0.093400	-1.664488
0.093500	-1.664488
0.093600	-2.154043
0.093700	-2.398820
0.093800	-2.154043
0.093900	-1.909265
0.094000	-2.154043
0.094100	-2.398820
0.094200	-2.888376
0.094300	-3.133153
0.094400	-3.377931
0.094500	-3.622709
0.094600	-3.377931
0.094700	-3.377931
0.094800	-3.377931
0.094900	-3.377931
0.095000	-3.622709
0.095100	-3.867486
0.095200	-3.377931
0.095300	-2.888376
0.095400	-3.622709
0.095500	-5.825707
0.095600	-7.783928
0.095700	-6.315262
0.095800	-1.419710
0.095900	-0.195822
0.096000	-4.846597
0.096100	-10.231704
0.096200	-11.210814
0.096300	-6.315262
0.096400	-0.685377
0.096500	-0.440600
0.096600	-4.601819
0.096700	-9.007815
0.096800	-10.476481
0.096900	-8.273483
0.097000	-4.601819
0.097100	-2.643598
0.097200	-3.867486
0.097300	-6.804817
0.097400	-9.497371
0.097500	-9.007815
0.097600	-6.560040
0.097700	-4.601819
0.097800	-4.846597
0.097900	-6.315262
0.098000	-7.539150
0.098100	-7.783928
0.098200	-7.783928
0.098300	-7.539150
0.098400	-6.804817
0.098500	-6.315262
0.098600	-6.804817
0.098700	-7.783928
0.098800	-8.763038
0.098900	-8.518261
0.099000	-7.539150
0.099100	-7.294373
0.099200	-8.028706
0.099300	-8.518261
0.099400	-8.518261
0.099500	-8.028706
0.099600	-7.783928
0.099700	-8.273483
0.099800	-8.763038
0.099900	-8.763038
0.100000	-8.273483
0.100100	-8.028706
0.100200	-8.273483
0.100300	-8.763038
0.100400	-8.763038
0.100500	-8.518261
0.100600	-8.273483
0.100700	-8.273483
0.100800	-8.518261
0.100900	-8.763038
0.101000	-8.763038
0.101100	-8.763038
0.101200	-8.763038
0.101300	-9.007815
0.101400	-8.763038
0.101500	-8.763038
0.101600	-9.007815
0.101700	-9.007815
0.101800	-9.007815
0.101900	-9.252593
0.102000	-9.252593
0.102100	-9.007815
0.102200	-9.007815
0.102300	-9.007815
0.102400	-9.007815
0.102500	-9.252593
0.102600	-9.252593
0.102700	-9.252593
0.102800	-9.252593
0.102900	-9.007815
0.103000	-8.763038
0.103100	-8.763038
0.103200	-9.252593
0.103300	-9.497371
0.103400	-9.742148
0.103500	-9.497371
0.103600	-9.252593
0.103700	-9.007815
0.103800	-9.252593
0.103900	-9.742148
0.104000	-10.231704
0.104100	-10.231704
0.104200	-9.742148
0.104300	-9.497371
0.104400	-9.497371
0.104500	-9.986926
0.104600	-10.476481
0.104700	-10.476481
0.104800	-10.231704
0.104900	-9.742148
0.105000	-9.986926
0.105100	-10.231704
0.105200	-10.231704
0.105300	-10.231704
0.105400	-10.231704
0.105500	-9.986926
0.105600	-9.986926
0.105700	-9.986926
0.105800	-9.986926
0.105900	-10.231704
0.106000	-10.476481
0.106100	-10.476481
0.106200	-10.231704
0.106300	-9.986926
0.106400	-9.986926
0.106500	-10.476481
0.106600	-10.966037
0.106700	-10.966037
0.106800	-10.966037
0.106900	-10.721259
0.107000	-10.476481
0.107100	-10.721259
0.107200	-10.721259
0.107300	-11.210814
0.107400	-11.455592
0.107500	-11.700369
0.107600	-11.455592
0.107700	-11.455592
0.107800	-11.455592
0.107900	-12.679480
0.108000	-14.148146
0.108100	-13.658590
0.108200	-11.700369
0.108300	-9.742148
0.108400	-9.497371
0.108500	-10.966037
0.108600	-12.924257
0.108700	-13.658590
0.108800	-12.679480
0.108900	-11.210814
0.109000	-10.966037
0.109100	-11.945147
0.109200	-12.924257
0.109300	-12.924257
0.109400	-11.700369
0.109500	-10.476481
0.109600	-10.476481
0.109700	-11.455592
0.109800	-12.434702
0.109900	-12.924257
0.110000	-12.434702
0.110100	-11.700369
0.110200	-11.210814
0.110300	-11.210814
0.110400	-11.455592
0.110500	-11.945147
0.110600	-12.189924
0.110700	-12.434702
0.110800	-11.945147
0.110900	-11.455592
0.111000	-10.721259
0.111100	-10.231704
0.111200	-10.721259
0.111300	-11.700369
0.111400	-12.434702
0.111500	-12.434702
0.111600	-11.210814
0.111700	-10.231704
0.111800	-10.231704
0.111900	-11.700369
0.112000	-13.169035
0.112100	-13.169035
0.112200	-11.945147
0.112300	-10.721259
0.112400	-10.476481
0.112500	-11.210814
0.112600	-12.434702
0.112700	-13.169035
0.112800	-12.924257
0.112900	-12.189924
0.113000	-10.966037
0.113100	-10.476481
0.113200	-11.210814
0.113300	-12.189924
0.113400	-12.924257
0.113500	-12.434702
0.113600	-11.700369
0.113700	-10.966037
0.113800	-10.721259
0.113900	-10.966037
0.114000	-11.700369
0.114100	-12.189924
0.114200	-12.434702
0.114300	-11.945147
0.114400	-10.966037
0.114500	-10.966037
0.114600	-11.945147
0.114700	-11.700369
0.114800	-10.721259
0.114900	-10.231704
0.115000	-11.700369
0.115100	-13.169035
0.115200	-12.434702
0.115300	-10.231704
0.115400	-8.518261
0.115500	-9.497371
0.115600	-11.945147
0.115700	-12.434702
0.115800	-11.945147
0.115900	-10.476481
0.116000	-9.497371
0.116100	-9.497371
0.116200	-10.231704
0.116300	-10.966037
0.116400	-11.210814
0.116500	-10.476481
0.116600	-9.986926
0.116700	-10.231704
0.116800	-10.966037
0.116900	-11.210814
0.117000	-10.476481
0.117100	-9.742148
0.117200	-9.742148
0.117300	-10.721259
0.117400	-11.455592
0.117500	-11.455592
0.117600	-10.476481
0.117700	-9.497371
0.117800	-9.252593
0.117900	-9.742148
0.118000	-10.476481
0.118100	-10.966037
0.118200	-10.966037
0.118300	-10.231704
0.118400	-9.742148
0.118500	-9.497371
0.118600	-9.742148
0.118700	-10.476481
0.118800	-10.966037
0.118900	-10.476481
0.119000	-9.986926
0.119100	-9.252593
0.119200	-9.252593
0.119300	-9.497371
0.119400	-9.742148
0.119500	-9.497371
0.119600	-9.497371
0.119700	-9.497371
0.119800	-9.497371
0.119900	-9.497371
0.120000	-9.252593
0.120100	-9.252593
0.120200	-9.252593
0.120300	-9.497371
0.120400	-9.742148
0.120500	-9.986926
0.120600	-9.742148
0.120700	-9.007815
0.120800	-8.518261
0.120900	-8.518261
0.121000	-9.252593
0.121100	-9.742148
0.121200	-9.742148
0.121300	-9.497371
0.121400	-9.007815
0.121500	-8.763038
0.121600	-8.763038
0.121700	-8.763038
0.121800	-9.252593
0.121900	-9.497371
0.122000	-9.252593
0.122100	-8.763038
0.122200	-8.273483
0.122300	-8.273483
0.122400	-8.763038
0.122500	-9.007815
0.122600	-9.007815
0.122700	-8.518261
0.122800	-8.028706
0.122900	-8.028706
0.123000	-8.273483
0.123100	-8.518261
0.123200	-8.763038
0.123300	-8.518261
0.123400	-8.273483
0.123500	-8.028706
0.123600	-8.028706
0.123700	-8.028706
0.123800	-8.273483
0.123900	-8.518261
0.124000	-8.518261
0.124100	-8.518261
0.124200	-8.273483
0.124300	-8.028706
0.124400	-8.028706
0.124500	-8.028706
0.124600	-8.273483
0.124700	-8.518261
0.124800	-8.518261
0.124900	-8.518261
0.125000	-8.028706
0.125100	-8.028706
0.125200	-8.028706
0.125300	-8.273483
0.125400	-8.518261
0.125500	-8.518261
0.125600	-8.273483
0.125700	-8.028706
0.125800	-8.028706
0.125900	-8.028706
0.126000	-8.273483
0.126100	-8.273483
0.126200	-8.273483
0.126300	-8.028706
0.126400	-8.028706
0.126500	-8.028706
0.126600	-8.028706
0.126700	-8.028706
0.126800	-8.028706
0.126900	-8.028706
0.127000	-7.783928
0.127100	-7.783928
0.127200	-7.783928
0.127300	-7.783928
0.127400	-7.783928
0.127500	-7.783928
0.127600	-7.783928
0.127700	-7.783928
0.127800	-7.539150
0.127900	-7.539150
0.128000	-7.539150
0.128100	-7.539150
0.128200	-7.539150
0.128300	-7.539150
0.128400	-7.539150
0.128500	-7.294373
0.128600	-7.539150
0.128700	-7.539150
0.128800	-7.539150
0.128900	-7.539150
0.129000	-7.294373
0.129100	-7.294373
0.129200	-7.294373
0.129300	-7.294373
0.129400	-7.294373
0.129500	-7.294373
0.129600	-7.294373
0.129700	-7.294373
0.129800	-7.049595
0.129900	-7.049595
0.130000	-7.049595
0.130100	-7.049595
0.130200	-7.049595
0.130300	-7.049595
0.130400	-7.049595
0.130500	-6.804817
0.130600	-6.804817
0.130700	-6.804817
0.130800	-6.804817
0.130900	-6.804817
0.131000	-6.804817
0.131100	-6.804817
0.131200	-6.804817
0.131300	-6.560040
0.131400	-6.560040
0.131500	-6.560040
0.131600	-6.560040
0.131700	-6.560040
0.131800	-6.560040
0.131900	-6.560040
0.132000	-6.560040
0.132100	-6.560040
0.132200	-6.560040
0.132300	-6.560040
0.132400	-6.315262
0.132500	-6.315262
0.132600	-6.315262
0.132700	-6.315262
0.132800	-6.560040
0.132900	-6.560040
0.133000	-6.315262
0.133100	-6.070485
0.133200	-6.070485
0.133300	-6.070485
0.133400	-6.070485
0.133500	-6.070485
0.133600	-6.070485
0.133700	-5.825707
0.133800	-5.580929
0.133900	-5.825707
0.134000	-5.825707
0.134100	-5.825707
0.134200	-5.825707
0.134300	-5.580929
0.134400	-5.336152
0.134500	-5.336152
0.134600	-5.336152
0.134700	-5.580929
0.134800	-5.580929
0.134900	-5.336152
0.135000	-5.336152
0.135100	-5.336152
0.135200	-5.336152
0.135300	-5.580929
0.135400	-5.825707
0.135500	-5.580929
0.135600	-5.580929
0.135700	-5.580929
0.135800	-5.580929
0.135900	-5.825707
0.136000	-5.825707
0.136100	-5.825707
0.136200	-5.580929
0.136300	-5.580929
0.136400	-5.580929
0.136500	-5.580929
0.136600	-5.580929
0.136700	-5.336152
0.136800	-5.336152
0.136900	-5.336152
0.137000	-5.336152
0.137100	-5.336152
0.137200	-5.336152
0.137300	-5.336152
0.137400	-5.336152
0.137500	-5.336152
0.137600	-5.091374
0.137700	-4.846597
0.137800	-4.846597
0.137900	-4.846597
0.138000	-5.091374
0.138100	-5.091374
0.138200	-4.846597
0.138300	-4.601819
0.138400	-4.601819
0.138500	-4.846597
0.138600	-5.091374
0.138700	-5.091374
0.138800	-5.091374
0.138900	-4.846597
0.139000	-4.601819
0.139100	-4.601819
0.139200	-4.846597
0.139300	-4.846597
0.139400	-5.091374
0.139500	-4.846597
0.139600	-4.601819
0.139700	-4.601819
0.139800	-4.846597
0.139900	-4.846597
0.140000	-4.846597
0.140100	-4.846597
0.140200	-4.601819
0.140300	-4.357041
0.140400	-4.357041
0.140500	-4.357041
0.140600	-4.601819
0.140700	-4.357041
0.140800	-4.357041
0.140900	-4.357041
0.141000	-4.112264
0.141100	-4.357041
0.141200	-4.112264
0.141300	-4.112264
0.141400	-4.112264
0.141500	-3.867486
0.141600	-3.867486
0.141700	-3.622709
0.141800	-3.867486
0.141900	-3.867486
0.142000	-3.867486
0.142100	-3.867486
0.142200	-3.867486
0.142300	-3.867486
0.142400	-3.867486
0.142500	-3.867486
0.142600	-3.622709
0.142700	-3.622709
0.142800	-3.622709
0.142900	-3.622709
0.143000	-3.622709
0.143100	-3.622709
0.143200	-3.622709
0.143300	-3.622709
0.143400	-3.377931
0.143500	-3.377931
0.143600	-3.377931
0.143700	-3.133153
0.143800	-3.133153
0.143900	-3.133153
0.144000	-3.133153
0.144100	-3.133153
0.144200	-2.888376
0.144300	-2.888376
0.144400	-2.643598
0.144500	-2.643598
0.144600	-2.643598
0.144700	-2.643598
0.144800	-2.398820
0.144900	-2.398820
0.145000	-2.398820
0.145100	-2.398820
0.145200	-2.398820
0.145300	-2.154043
0.145400	-2.154043
0.145500	-2.154043
0.145600	-2.154043
0.145700	-2.154043
0.145800	-2.154043
0.145900	-2.154043
0.146000	-2.154043
0.146100	-2.154043
0.146200	-2.154043
0.146300	-2.154043
0.146400	-2.154043
0.146500	-1.909265
0.146600	-2.154043
0.146700	-1.909265
0.146800	-1.909265
0.146900	-1.909265
0.147000	-1.909265
0.147100	-1.909265
0.147200	-1.909265
0.147300	-1.664488
0.147400	-1.664488
0.147500	-1.664488
0.147600	-1.664488
0.147700	-1.664488
0.147800	-1.664488
0.147900	-1.419710
0.148000	-1.419710
0.148100	-1.174932
0.148200	-1.174932
0.148300	-1.174932
0.148400	-1.174932
0.148500	-1.174932
0.148600	-1.174932
0.148700	-0.930155
0.148800	-0.930155
0.148900	-0.930155
0.149000	-0.930155
0.149100	-1.174932
0.149200	-1.174932
0.149300	-1.174932
0.149400	-0.930155
0.149500	-0.930155
0.149600	-0.930155
0.149700	-0.930155
0.149800	-0.930155
0.149900	-0.930155
0.150000	-0.685377
0.150100	-0.685377
0.150200	-0.685377
0.150300	-0.685377
0.150400	-0.685377
0.150500	-0.685377
0.150600	-0.440600
0.150700	-0.440600
0.150800	-0.440600
0.150900	-0.440600
0.151000	-0.440600
0.151100	-0.440600
0.151200	-0.685377
0.151300	-0.440600
0.151400	-0.440600
0.151500	-0.195822
0.151600	-0.440600
0.151700	-0.440600
0.151800	-0.440600
0.151900	-0.440600
0.152000	-0.195822
0.152100	-0.195822
0.152200	-0.195822
0.152300	-0.440600
0.152400	-0.195822
0.152500	-0.440600
0.152600	-0.195822
0.152700	-0.195822
0.152800	-0.195822
0.152900	-0.195822
0.153000	-0.195822
0.153100	-0.195822
0.153200	0.048956
0.153300	0.048956
0.153400	0.048956
0.153500	0.048956
0.153600	0.048956
0.153700	0.048956
0.153800	0.048956
0.153900	0.048956
0.154000	0.048956
0.154100	0.048956
0.154200	0.293733
0.154300	0.293733
0.154400	0.293733
0.154500	0.293733
0.154600	0.293733
0.154700	0.293733
0.154800	0.293733
0.154900	0.293733
0.155000	0.293733
0.155100	0.048956
0.155200	0.293733
0.155300	0.293733
0.155400	0.538511
0.155500	0.783288
0.155600	0.538511
0.155700	0.048956
0.155800	0.048956
0.155900	0.048956
0.156000	0.293733
0.156100	0.783288
0.156200	0.783288
0.156300	0.293733
0.156400	-0.440600
0.156500	-0.685377
0.156600	0.048956
0.156700	0.783288
0.156800	1.028066
0.156900	1.028066
0.157000	0.538511
0.157100	0.293733
0.157200	0.048956
0.157300	0.538511
0.157400	0.783288
0.157500	1.028066
0.157600	1.028066
0.157700	0.783288
0.157800	0.293733
0.157900	0.048956
0.158000	0.293733
0.158100	0.783288
0.158200	1.517621
0.158300	1.517621
0.158400	1.028066
0.158500	0.538511
0.158600	0.538511
0.158700	1.028066
0.158800	1.517621
0.158900	1.517621
0.159000	1.272843
0.159100	1.028066
0.159200	0.783288
0.159300	0.783288
0.159400	0.538511
0.159500	0.538511
0.159600	1.028066
0.159700	1.517621
0.159800	1.272843
0.159900	0.783288
0.160000	0.538511
0.160100	0.783288
0.160200	1.272843
0.160300	1.517621
0.160400	1.517621
0.160500	1.272843
0.160600	1.028066
0.160700	1.028066
0.160800	1.272843
0.160900	1.517621
0.161000	1.762399
0.161100	1.762399
0.161200	1.762399
0.161300	1.517621
0.161400	1.272843
0.161500	1.517621
0.161600	1.762399
0.161700	1.762399
0.161800	1.517621
0.161900	1.272843
0.162000	1.028066
0.162100	1.272843
0.162200	1.272843
0.162300	1.517621
0.162400	1.762399
0.162500	1.762399
0.162600	1.762399
0.162700	1.762399
0.162800	1.762399
0.162900	2.007176
0.163000	2.251954
0.163100	2.496732
0.163200	2.251954
0.163300	2.251954
0.163400	2.251954
0.163500	2.251954
0.163600	2.496732
0.163700	2.496732
0.163800	2.496732
0.163900	2.251954
0.164000	2.251954
0.164100	2.251954
0.164200	2.251954
0.164300	2.251954
0.164400	2.251954
0.164500	2.251954
0.164600	2.007176
0.164700	2.007176
0.164800	2.007176
0.164900	2.007176
0.165000	2.251954
0.165100	2.251954
0.165200	2.007176
0.165300	2.007176
0.165400	2.251954
0.165500	2.496732
0.165600	2.496732
0.165700	2.741509
0.165800	2.741509
0.165900	2.741509
0.166000	2.496732
0.166100	2.496732
0.166200	2.496732
0.166300	2.741509
0.166400	2.741509
0.166500	2.741509
0.166600	2.741509
0.166700	2.741509
0.166800	2.496732
0.166900	2.741509
0.167000	2.986287
0.167100	2.986287
0.167200	2.986287
0.167300	2.986287
0.167400	2.741509
0.167500	2.741509
0.167600	2.986287
0.167700	2.986287
0.167800	2.986287
0.167900	2.986287
0.168000	2.986287
0.168100	3.231064
0.168200	3.231064
0.168300	3.231064
0.168400	3.231064
0.168500	3.231064
0.168600	3.231064
0.168700	3.475842
0.168800	3.231064
0.168900	3.231064
0.169000	3.231064
0.169100	3.475842
0.169200	3.231064
0.169300	3.475842
0.169400	3.475842
0.169500	3.475842
0.169600	3.475842
0.169700	3.475842
0.169800	3.475842
0.169900	3.475842
0.170000	3.475842
0.170100	3.475842
0.170200	3.475842
0.170300	3.475842
0.170400	3.475842
0.170500	3.720619
0.170600	3.720619
0.170700	3.720619
0.170800	3.965397
0.170900	3.720619
0.171000	3.720619
0.171100	3.720619
0.171200	3.720619
0.171300	3.965397
0.171400	3.965397
0.171500	3.965397
0.171600	3.720619
0.171700	3.965397
0.171800	3.965397
0.171900	3.720619
0.172000	3.720619
0.172100	3.965397
0.172200	3.720619
0.172300	3.965397
0.172400	3.965397
0.172500	3.965397
0.172600	3.720619
0.172700	3.720619
0.172800	3.965397
0.172900	3.965397
0.173000	3.965397
0.173100	3.965397
0.173200	3.965397
0.173300	3.965397
0.173400	3.965397
0.173500	4.454952
0.173600	4.454952
0.173700	4.210175
0.173800	3.231064
0.173900	2.251954
0.174000	2.251954
0.174100	3.720619
0.174200	5.189285
0.174300	5.189285
0.174400	3.720619
0.174500	2.251954
0.174600	1.517621
0.174700	2.007176
0.174800	3.720619
0.174900	5.678840
0.175000	5.923618
0.175100	4.699730
0.175200	2.741509
0.175300	2.007176
0.175400	2.496732
0.175500	3.965397
0.175600	4.944508
0.175700	4.944508
0.175800	4.210175
0.175900	3.475842
0.176000	3.231064
0.176100	3.720619
0.176200	4.454952
0.176300	4.944508
0.176400	4.699730
0.176500	3.965397
0.176600	3.475842
0.176700	3.231064
0.176800	3.720619
0.176900	4.454952
0.177000	4.454952
0.177100	3.965397
0.177200	3.720619
0.177300	3.475842
0.177400	3.720619
0.177500	4.210175
0.177600	4.454952
0.177700	4.454952
0.177800	4.210175
0.177900	4.210175
0.178000	3.965397
0.178100	3.965397
0.178200	4.210175
0.178300	4.454952
0.178400	4.454952
0.178500	4.210175
0.178600	3.965397
0.178700	3.720619
0.178800	3.720619
0.178900	3.965397
0.179000	4.210175
0.179100	4.210175
0.179200	4.210175
0.179300	3.965397
0.179400	3.965397
0.179500	3.965397
0.179600	3.965397
0.179700	4.210175
0.179800	3.965397
0.179900	4.210175
0.180000	4.210175
0.180100	3.965397
0.180200	3.965397
0.180300	3.965397
0.180400	3.965397
0.180500	3.965397
0.180600	3.965397
0.180700	3.720619
0.180800	3.720619
0.180900	3.720619
0.181000	3.965397
0.181100	3.965397
0.181200	3.965397
0.181300	3.965397
0.181400	3.720619
0.181500	3.965397
0.181600	3.965397
0.181700	3.965397
0.181800	3.965397
0.181900	3.965397
0.182000	3.720619
0.182100	3.720619
0.182200	3.720619
0.182300	3.720619
0.182400	3.720619
0.182500	3.720619
0.182600	3.720619
0.182700	3.720619
0.182800	3.720619
0.182900	3.720619
0.183000	3.475842
0.183100	3.720619
0.183200	3.720619
0.183300	3.720619
0.183400	3.720619
0.183500	3.720619
0.183600	3.720619
0.183700	3.720619
0.183800	3.720619
0.183900	3.965397
0.184000	4.210175
0.184100	3.965397
0.184200	3.720619
0.184300	3.475842
0.184400	3.475842
0.184500	3.720619
0.184600	3.720619
0.184700	3.720619
0.184800	3.475842
0.184900	3.475842
0.185000	3.475842
0.185100	3.475842
0.185200	3.720619
0.185300	3.475842
0.185400	3.475842
0.185500	3.475842
0.185600	3.231064
0.185700	3.475842
0.185800	3.475842
0.185900	3.475842
0.186000	3.475842
0.186100	3.475842
0.186200	3.475842
0.186300	3.475842
0.186400	3.475842
0.186500	3.475842
0.186600	3.720619
0.186700	3.475842
0.186800	3.475842
0.186900	3.475842
0.187000	3.475842
0.187100	3.475842
0.187200	3.475842
0.187300	3.475842
0.187400	3.475842
0.187500	3.231064
0.187600	3.475842
0.187700	3.475842
0.187800	3.231064
0.187900	3.231064
0.188000	3.231064
0.188100	3.231064
0.188200	3.231064
0.188300	3.231064
0.188400	3.231064
0.188500	3.231064
0.188600	3.231064
0.188700	3.231064
0.188800	3.231064
0.188900	3.231064
0.189000	2.986287
0.189100	3.231064
0.189200	2.986287
0.189300	3.231064
0.189400	3.231064
0.189500	2.986287
0.189600	2.986287
0.189700	3.231064
0.189800	3.475842
0.189900	3.475842
0.190000	3.475842
0.190100	2.986287
0.190200	2.496732
0.190300	2.496732
0.190400	2.741509
0.190500	2.986287
0.190600	3.475842
0.190700	3.475842
0.190800	3.231064
0.190900	2.741509
0.191000	2.496732
0.191100	2.741509
0.191200	2.741509
0.191300	2.496732
0.191400	2.251954
0.191500	1.762399
0.191600	1.517621
0.191700	1.272843
0.191800	1.272843
0.191900	1.272843
0.192000	1.517621
0.192100	2.007176
0.192200	2.007176
0.192300	1.762399
0.192400	1.517621
0.192500	1.517621
0.192600	1.762399
0.192700	2.007176
0.192800	2.007176
0.192900	2.007176
0.193000	1.517621
0.193100	1.272843
0.193200	1.517621
0.193300	1.762399
0.193400	1.762399
0.193500	1.762399
0.193600	1.517621
0.193700	1.517621
0.193800	1.517621
0.193900	2.007176
0.194000	2.251954
0.194100	2.251954
0.194200	2.007176
0.194300	2.007176
0.194400	2.007176
0.194500	2.007176
0.194600	2.251954
0.194700	2.251954
0.194800	2.496732
0.194900	2.007176
0.195000	1.762399
0.195100	1.762399
0.195200	2.007176
0.195300	2.007176
0.195400	2.251954
0.195500	2.251954
0.195600	2.007176
0.195700	2.007176
0.195800	2.007176
0.195900	2.007176
0.196000	2.251954
0.196100	2.496732
0.196200	2.496732
0.196300	2.741509
0.196400	2.741509
0.196500	2.741509
0.196600	2.741509
0.196700	2.741509
0.196800	2.496732
0.196900	2.741509
0.197000	2.986287
0.197100	3.231064
0.197200	3.475842
0.197300	3.475842
0.197400	2.986287
0.197500	2.986287
0.197600	2.986287
0.197700	3.231064
0.197800	3.475842
0.197900	3.720619
0.198000	3.720619
0.198100	3.475842
0.198200	3.475842
0.198300	3.231064
0.198400	3.231064
0.198500	3.231064
0.198600	3.475842
0.198700	3.475842
0.198800	3.231064
0.198900	3.231064
0.199000	2.986287
0.199100	2.986287
0.199200	3.231064
0.199300	2.986287
0.199400	2.986287
0.199500	3.231064
0.199600	2.986287
0.199700	3.231064
0.199800	3.231064
0.199900	2.986287
0.200000	2.986287
0.200100	2.741509
0.200200	2.741509
0.200300	2.741509
0.200400	2.741509
0.200500	2.741509
0.200600	2.741509
0.200700	2.496732
0.200800	2.496732
0.200900	2.251954
0.201000	2.251954
0.201100	2.251954
0.201200	2.496732
0.201300	2.496732
0.201400	2.251954
0.201500	2.007176
0.201600	2.007176
0.201700	1.762399
0.201800	1.762399
0.201900	1.762399
0.202000	1.762399
0.202100	1.762399
0.202200	1.762399
0.202300	1.762399
0.202400	1.762399
0.202500	1.517621
0.202600	1.517621
0.202700	1.517621
0.202800	1.517621
0.202900	1.517621
0.203000	1.517621
0.203100	1.517621
0.203200	1.517621
0.203300	1.517621
0.203400	1.272843
0.203500	1.272843
0.203600	1.028066
0.203700	1.272843
0.203800	1.028066
0.203900	1.272843
0.204000	1.272843
0.204100	1.028066
0.204200	1.028066
0.204300	1.028066
0.204400	1.028066
0.204500	1.028066
0.204600	1.028066
0.204700	1.272843
0.204800	1.028066
0.204900	1.028066
0.205000	0.783288
0.205100	0.783288
0.205200	1.028066
0.205300	1.272843
0.205400	1.517621
0.205500	1.517621
0.205600	1.272843
0.205700	1.028066
0.205800	1.272843
0.205900	1.517621
0.206000	1.762399
0.206100	1.762399
0.206200	1.517621
0.206300	1.272843
0.206400	1.028066
0.206500	1.272843
0.206600	1.517621
0.206700	1.517621
0.206800	1.517621
0.206900	1.517621
0.207000	1.517621
0.207100	1.517621
0.207200	1.272843
0.207300	1.272843
0.207400	1.517621
0.207500	1.762399
0.207600	2.007176
0.207700	1.762399
0.207800	1.517621
0.207900	1.517621
0.208000	1.517621
0.208100	1.762399
0.208200	1.762399
0.208300	1.762399
0.208400	1.762399
0.208500	1.517621
0.208600	1.762399
0.208700	1.762399
0.208800	2.007176
0.208900	2.007176
0.209000	1.762399
0.209100	1.517621
0.209200	1.517621
0.209300	1.762399
0.209400	2.007176
0.209500	2.251954
0.209600	2.007176
0.209700	1.762399
0.209800	1.762399
0.209900	1.517621
0.210000	1.762399
0.210100	2.007176
0.210200	2.251954
0.210300	2.007176
0.210400	2.007176
0.210500	1.762399
0.210600	1.762399
0.210700	2.007176
0.210800	2.007176
0.210900	2.007176
0.211000	1.762399
0.211100	1.762399
0.211200	1.762399
0.211300	1.762399
0.211400	2.007176
0.211500	2.007176
0.211600	2.007176
0.211700	2.007176
0.211800	2.007176
0.211900	1.762399
0.212000	1.762399
0.212100	1.762399
0.212200	2.007176
0.212300	2.007176
0.212400	2.007176
0.212500	1.762399
0.212600	1.762399
0.212700	1.762399
0.212800	2.007176
0.212900	2.007176
0.213000	2.007176
0.213100	1.762399
0.213200	1.762399
0.213300	1.517621
0.213400	1.517621
0.213500	1.762399
0.213600	2.007176
0.213700	1.762399
0.213800	1.762399
0.213900	1.517621
0.214000	1.517621
0.214100	1.517621
0.214200	1.517621
0.214300	1.517621
0.214400	1.517621
0.214500	1.517621
0.214600	1.517621
0.214700	1.272843
0.214800	1.272843
0.214900	1.272843
0.215000	1.272843
0.215100	1.272843
0.215200	1.272843
0.215300	1.272843
0.215400	1.028066
0.215500	1.272843
0.215600	1.272843
0.215700	1.272843
0.215800	1.272843
0.215900	1.272843
0.216000	1.028066
0.216100	1.028066
0.216200	1.028066
0.216300	1.028066
0.216400	1.028066
0.216500	1.028066
0.216600	0.783288
0.216700	0.783288
0.216800	1.028066
0.216900	1.028066
0.217000	1.028066
0.217100	0.783288
0.217200	0.783288
0.217300	0.783288
0.217400	0.783288
0.217500	0.783288
0.217600	0.783288
0.217700	0.783288
0.217800	0.783288
0.217900	0.783288
0.218000	0.783288
0.218100	0.783288
0.218200	0.783288
0.218300	0.783288
0.218400	0.783288
0.218500	0.783288
0.218600	0.783288
0.218700	0.783288
0.218800	0.538511
0.218900	0.783288
0.219000	0.783288
0.219100	0.783288
0.219200	0.783288
0.219300	0.783288
0.219400	0.538511
0.219500	0.538511
0.219600	0.783288
0.219700	0.783288
0.219800	0.783288
0.219900	0.783288
0.220000	0.783288
0.220100	0.783288
0.220200	0.783288
0.220300	0.783288
0.220400	0.783288
0.220500	0.783288
0.220600	0.783288
0.220700	0.783288
0.220800	0.783288
0.220900	0.783288
0.221000	0.783288
0.221100	0.783288
0.221200	0.783288
0.221300	0.783288
0.221400	0.783288
0.221500	0.783288
0.221600	0.783288
0.221700	0.783288
0.221800	0.783288
0.221900	0.783288
0.222000	0.783288
0.222100	0.783288
0.222200	0.783288
0.222300	0.783288
0.222400	0.783288
0.222500	0.783288
0.222600	0.783288
0.222700	0.783288
0.222800	0.783288
0.222900	0.783288
0.223000	0.783288
0.223100	0.783288
0.223200	0.783288
0.223300	0.783288
0.223400	0.783288
0.223500	0.783288
0.223600	0.783288
0.223700	0.538511
0.223800	0.783288
0.223900	0.783288
0.224000	0.783288
0.224100	0.538511
0.224200	0.538511
0.224300	0.783288
0.224400	0.538511
0.224500	0.538511
0.224600	0.783288
0.224700	0.783288
0.224800	0.538511
0.224900	0.538511
0.225000	0.538511
0.225100	0.538511
0.225200	0.538511
0.225300	0.538511
0.225400	0.538511
0.225500	0.538511
0.225600	0.538511
0.225700	0.538511
0.225800	0.538511
0.225900	0.293733
0.226000	0.538511
0.226100	0.293733
0.226200	0.538511
0.226300	0.293733
0.226400	0.293733
0.226500	0.293733
0.226600	0.293733
0.226700	0.538511
0.226800	0.293733
0.226900	0.293733
0.227000	0.293733
0.227100	0.293733
0.227200	0.293733
0.227300	0.538511
0.227400	0.293733
0.227500	0.293733
0.227600	0.293733
0.227700	0.293733
0.227800	0.293733
0.227900	0.293733
0.228000	0.293733
0.228100	0.293733
0.228200	0.293733
0.228300	0.293733
0.228400	0.293733
0.228500	0.048956
0.228600	0.293733
0.228700	0.293733
0.228800	0.293733
0.228900	0.293733
0.229000	0.293733
0.229100	0.293733
0.229200	0.293733
0.229300	0.048956
0.229400	0.293733
0.229500	0.048956
0.229600	0.293733
0.229700	0.293733
0.229800	0.293733
0.229900	0.293733
0.230000	0.293733
0.230100	0.293733
0.230200	0.293733
0.230300	0.293733
0.230400	0.293733
0.230500	0.293733
0.230600	0.293733
0.230700	0.293733
0.230800	0.293733
0.230900	0.293733
0.231000	0.293733
0.231100	0.293733
0.231200	0.293733
0.231300	0.048956
0.231400	0.293733
0.231500	0.048956
0.231600	0.048956
0.231700	0.293733
0.231800	0.293733
0.231900	0.048956
0.232000	0.293733
0.232100	0.048956
0.232200	0.293733
0.232300	0.048956
0.232400	0.048956
0.232500	0.048956
0.232600	0.293733
0.232700	0.293733
0.232800	0.048956
0.232900	0.293733
0.233000	0.293733
0.233100	0.293733
0.233200	0.293733
0.233300	0.293733
0.233400	0.293733
0.233500	0.293733
0.233600	0.048956
0.233700	0.293733
0.233800	0.293733
0.233900	0.293733
0.234000	0.293733
0.234100	0.293733
0.234200	0.293733
0.234300	0.293733
0.234400	0.293733
0.234500	0.293733
0.234600	0.293733
0.234700	0.293733
0.234800	0.293733
0.234900	0.293733
0.235000	0.293733
0.235100	0.293733
0.235200	0.293733
0.235300	0.293733
0.235400	0.293733
0.235500	0.293733
0.235600	0.293733
0.235700	0.293733
0.235800	0.048956
0.235900	0.048956
0.236000	0.293733
0.236100	0.293733
0.236200	0.538511
0.236300	0.783288
0.236400	0.783288
0.236500	0.538511
0.236600	0.538511
0.236700	0.538511
0.236800	0.538511
0.236900	0.538511
0.237000	0.538511
0.237100	0.293733
0.237200	0.293733
0.237300	0.048956
0.237400	0.293733
0.237500	0.293733
0.237600	0.293733
0.237700	0.293733
0.237800	0.293733
0.237900	0.293733
0.238000	0.293733
0.238100	0.293733
0.238200	0.048956
0.238300	0.293733
0.238400	0.293733
0.238500	0.048956
0.238600	0.048956
0.238700	0.048956
0.238800	0.048956
0.238900	0.293733
0.239000	0.293733
0.239100	0.293733
0.239200	0.048956
0.239300	0.293733
0.239400	0.293733
0.239500	0.293733
0.239600	0.293733
0.239700	0.293733
0.239800	0.293733
0.239900	0.293733
0.240000	0.048956
0.240100	0.293733
0.240200	0.293733
0.240300	0.293733
0.240400	0.293733
0.240500	0.293733
0.240600	0.293733
0.240700	0.048956
0.240800	0.048956
0.240900	0.048956
0.241000	0.048956
0.241100	0.048956
0.241200	0.048956
0.241300	0.048956
0.241400	0.048956
0.241500	0.048956
0.241600	0.048956
0.241700	0.048956
0.241800	0.293733
0.241900	0.048956
0.242000	0.048956
0.242100	0.048956
0.242200	0.048956
0.242300	0.293733
0.242400	0.293733
0.242500	0.048956
0.242600	0.048956
0.242700	0.048956
0.242800	0.048956
0.242900	0.048956
0.243000	0.293733
0.243100	0.048956
0.243200	0.048956
0.243300	0.048956
0.243400	0.048956
0.243500	0.048956
0.243600	0.048956
0.243700	0.048956
0.243800	0.048956
0.243900	0.048956
0.244000	0.048956
0.244100	0.048956
0.244200	0.048956
0.244300	0.048956
0.244400	0.048956
0.244500	0.048956
0.244600	0.048956
0.244700	0.048956
0.244800	0.048956
0.244900	0.048956
0.245000	0.048956
0.245100	0.048956
0.245200	0.048956
0.245300	0.048956
0.245400	0.048956
0.245500	0.048956
0.245600	0.048956
0.245700	0.048956
0.245800	0.048956
0.245900	0.048956
0.246000	0.048956
0.246100	0.048956
0.246200	0.048956
0.246300	0.048956
0.246400	0.048956
0.246500	0.048956
0.246600	0.048956
0.246700	-0.195822
0.246800	0.048956
0.246900	0.048956
0.247000	0.048956
0.247100	0.048956
0.247200	0.048956
0.247300	0.048956
0.247400	0.048956
0.247500	0.048956
0.247600	-0.195822
0.247700	0.048956
0.247800	-0.195822
0.247900	0.048956
0.248000	-0.195822
0.248100	0.048956
0.248200	0.048956
0.248300	-0.195822
0.248400	-0.195822
0.248500	-0.195822
0.248600	-0.195822
0.248700	0.048956
0.248800	-0.195822
0.248900	-0.195822
0.249000	0.048956
0.249100	-0.195822
0.249200	-0.195822
0.249300	-0.195822
0.249400	0.048956
0.249500	-0.195822
0.249600	-0.195822
0.249700	0.048956
0.249800	-0.195822
0.249900	0.048956
0.250000	0.048956
0.250100	0.048956
0.250200	-0.195822
0.250300	-0.195822
0.250400	-0.195822
0.250500	-0.195822
0.250600	-0.195822
0.250700	-0.195822
0.250800	-0.195822
0.250900	-0.195822
0.251000	-0.195822
0.251100	-0.195822
0.251200	-0.195822
0.251300	-0.195822
0.251400	-0.195822
0.251500	-0.195822
0.251600	-0.195822
0.251700	-0.195822
0.251800	0.048956
0.251900	-0.195822
0.252000	-0.195822
0.252100	-0.195822
0.252200	-0.195822
0.252300	-0.195822
0.252400	-0.195822
0.252500	-0.195822
0.252600	-0.195822
0.252700	-0.195822
0.252800	-0.195822
0.252900	-0.195822
0.253000	-0.195822
0.253100	-0.195822
0.253200	-0.195822
0.253300	-0.195822
0.253400	-0.195822
0.253500	-0.195822
0.253600	-0.195822
0.253700	-0.195822
0.253800	-0.195822
0.253900	-0.195822
0.254000	-0.195822
0.254100	-0.195822
0.254200	-0.195822
0.254300	-0.195822
0.254400	-0.195822
0.254500	-0.195822
0.254600	-0.195822
0.254700	-0.195822
0.254800	-0.195822
0.254900	-0.195822
0.255000	-0.195822
0.255100	-0.195822
0.255200	-0.195822
0.255300	-0.195822
0.255400	-0.195822
0.255500	-0.195822
0.255600	-0.195822
0.255700	-0.440600
0.255800	-0.440600
0.255900	-0.440600
0.256000	-0.195822
0.256100	-0.195822
0.256200	-0.440600
0.256300	-0.440600
0.256400	-0.440600
0.256500	-0.440600
0.256600	-0.195822
0.256700	-0.195822
0.256800	-0.195822
0.256900	-0.195822
0.257000	-0.440600
0.257100	-0.440600
0.257200	-0.195822
0.257300	-0.195822
0.257400	-0.195822
0.257500	-0.195822
0.257600	-0.440600
0.257700	-0.440600
0.257800	-0.195822
0.257900	-0.195822
0.258000	-0.195822
0.258100	-0.195822
0.258200	-0.195822
0.258300	-0.440600
0.258400	-0.195822
0.258500	-0.440600
0.258600	-0.195822
0.258700	-0.440600
0.258800	-0.195822
0.258900	-0.440600
0.259000	-0.440600
0.259100	-0.440600
0.259200	-0.440600
0.259300	-0.195822
0.259400	-0.195822
0.259500	-0.195822
0.259600	-0.195822
0.259700	-0.440600
0.259800	-0.440600
0.259900	-0.440600
0.260000	-0.195822
0.260100	-0.195822
0.260200	-0.195822
0.260300	-0.440600
0.260400	-0.440600
0.260500	-0.440600
0.260600	-0.195822
0.260700	-0.195822
0.260800	-0.195822
0.260900	-0.440600
0.261000	-0.440600
0.261100	-0.440600
0.261200	-0.440600
0.261300	-0.195822
0.261400	-0.195822
0.261500	-0.195822
0.261600	-0.440600
0.261700	-0.440600
0.261800	-0.440600
0.261900	-0.195822
0.262000	-0.195822
0.262100	-0.440600
0.262200	-0.440600
0.262300	-0.440600
0.262400	-0.440600
0.262500	-0.440600
0.262600	-0.440600
0.262700	-0.195822
0.262800	-0.440600
0.262900	-0.195822
0.263000	-0.440600
0.263100	-0.440600
0.263200	-0.440600
0.263300	-0.440600
0.263400	-0.440600
0.263500	-0.440600
0.263600	-0.440600
0.263700	-0.440600
0.263800	-0.440600
0.263900	-0.440600
0.264000	-0.440600
0.264100	-0.440600
0.264200	-0.440600
0.264300	-0.440600
0.264400	-0.440600
0.264500	-0.685377
0.264600	-0.440600
0.264700	-0.440600
0.264800	-0.685377
0.264900	-0.440600
0.265000	-0.440600
0.265100	-0.440600
0.265200	-0.440600
0.265300	-0.685377
0.265400	-0.685377
0.265500	-0.685377
0.265600	-0.440600
0.265700	-0.685377
0.265800	-0.685377
0.265900	-0.685377
0.266000	-0.685377
0.266100	-0.685377
0.266200	-0.685377
0.266300	-0.685377
0.266400	-0.930155
0.266500	-0.930155
0.266600	-0.930155
0.266700	-0.930155
0.266800	-0.930155
0.266900	-0.685377
0.267000	-0.440600
0.267100	-0.440600
0.267200	-0.440600
0.267300	-0.685377
0.267400	-0.685377
0.267500	-0.685377
0.267600	-0.440600
0.267700	-0.440600
0.267800	-0.440600
0.267900	-0.440600
0.268000	-0.440600
0.268100	-0.685377
0.268200	-0.685377
0.268300	-0.440600
0.268400	-0.440600
0.268500	-0.440600
0.268600	-0.440600
0.268700	-0.685377
0.268800	-0.440600
0.268900	-0.685377
0.269000	-0.685377
0.269100	-0.440600
0.269200	-0.440600
0.269300	-0.685377
0.269400	-0.685377
0.269500	-0.685377
0.269600	-0.685377
0.269700	-0.685377
0.269800	-0.440600
0.269900	-0.440600
0.270000	-0.685377
0.270100	-0.685377
0.270200	-0.685377
0.270300	-0.685377
0.270400	-0.685377
0.270500	-0.685377
0.270600	-0.685377
0.270700	-0.685377
0.270800	-0.685377
0.270900	-0.685377
0.271000	-0.685377
0.271100	-0.685377
0.271200	-0.685377
0.271300	-0.685377
0.271400	-0.685377
0.271500	-0.685377
0.271600	-0.685377
0.271700	-0.685377
0.271800	-0.685377
0.271900	-0.685377
0.272000	-0.685377
0.272100	-0.685377
0.272200	-0.440600
0.272300	-0.685377
0.272400	-0.685377
0.272500	-0.685377
0.272600	-0.685377
0.272700	-0.685377
0.272800	-0.685377
0.272900	-0.685377
0.273000	-0.685377
0.273100	-0.685377
0.273200	-0.685377
0.273300	-0.685377
0.273400	-0.685377
0.273500	-0.685377
0.273600	-0.685377
0.273700	-0.685377
0.273800	-0.685377
0.273900	-0.685377
0.274000	-0.685377
0.274100	-0.685377
0.274200	-0.685377
0.274300	-0.685377
0.274400	-0.685377
0.274500	-0.685377
0.274600	-0.685377
0.274700	-0.685377
0.274800	-0.685377
0.274900	-0.685377
0.275000	-0.685377
0.275100	-0.685377
0.275200	-0.685377
0.275300	-0.685377
0.275400	-0.685377
0.275500	-0.685377
0.275600	-0.685377
0.275700	-0.685377
0.275800	-0.685377
0.275900	-0.685377
0.276000	-0.685377
0.276100	-0.685377
0.276200	-0.685377
0.276300	-0.685377
0.276400	-0.685377
0.276500	-0.685377
0.276600	-0.685377
0.276700	-0.685377
0.276800	-0.685377
0.276900	-0.685377
0.277000	-0.685377
0.277100	-0.685377
0.277200	-0.685377
0.277300	-0.685377
0.277400	-0.685377
0.277500	-0.685377
0.277600	-0.685377
0.277700	-0.685377
0.277800	-0.685377
0.277900	-0.685377
0.278000	-0.685377
0.278100	-0.685377
0.278200	-0.685377
0.278300	-0.685377
0.278400	-0.685377
0.278500	-0.685377
0.278600	-0.685377
0.278700	-0.685377
0.278800	-0.685377
0.278900	-0.685377
0.279000	-0.685377
0.279100	-0.685377
0.279200	-0.685377
0.279300	-0.685377
0.279400	-0.685377
0.279500	-0.685377
0.279600	-0.685377
0.279700	-0.685377
0.279800	-0.685377
0.279900	-0.685377
0.280000	-0.685377
0.280100	-0.685377
0.280200	-0.685377
0.280300	-0.685377
0.280400	-0.685377
0.280500	-0.685377
0.280600	-0.685377
0.280700	-0.685377
0.280800	-0.685377
0.280900	-0.685377
0.281000	-0.685377
0.281100	-0.685377
0.281200	-0.685377
0.281300	-0.685377
0.281400	-0.685377
0.281500	-0.685377
0.281600	-0.440600
0.281700	-0.685377
0.281800	-0.685377
0.281900	-0.685377
0.282000	-0.685377
0.282100	-0.685377
0.282200	-0.685377
0.282300	-0.685377
0.282400	-0.685377
0.282500	-0.685377
0.282600	-0.685377
0.282700	-0.685377
0.282800	-0.685377
0.282900	-0.685377
0.283000	-0.685377
0.283100	-0.685377
0.283200	-0.685377
0.283300	-0.685377
0.283400	-0.685377
0.283500	-0.685377
0.283600	-0.685377
0.283700	-0.685377
0.283800	-0.685377
0.283900	-0.685377
0.284000	-0.685377
0.284100	-0.685377
0.284200	-0.685377
0.284300	-0.685377
0.284400	-0.685377
0.284500	-0.685377
0.284600	-0.685377
0.284700	-0.685377
0.284800	-0.685377
0.284900	-0.685377
0.285000	-0.685377
0.285100	-0.685377
0.285200	-0.685377
0.285300	-0.685377
0.285400	-0.685377
0.285500	-0.685377
0.285600	-0.685377
0.285700	-0.440600
0.285800	-0.685377
0.285900	-0.685377
0.286000	-0.685377
0.286100	-0.685377
0.286200	-0.685377
0.286300	-0.685377
0.286400	-0.685377
0.286500	-0.685377
0.286600	-0.685377
0.286700	-0.685377
0.286800	-0.685377
0.286900	-0.685377
0.287000	-0.685377
0.287100	-0.440600
0.287200	-0.685377
0.287300	-0.685377
0.287400	-0.440600
0.287500	-0.685377
0.287600	-0.685377
0.287700	-0.685377
0.287800	-0.685377
0.287900	-0.685377
0.288000	-0.685377
0.288100	-0.685377
0.288200	-0.685377
0.288300	-0.685377
0.288400	-0.685377
0.288500	-0.685377
0.288600	-0.440600
0.288700	-0.440600
0.288800	-0.440600
0.288900	0.048956
0.289000	0.048956
0.289100	-0.685377
0.289200	-1.664488
0.289300	-1.909265
0.289400	-1.174932
0.289500	0.048956
0.289600	0.538511
0.289700	0.048956
0.289800	-1.174932
0.289900	-1.664488
0.290000	-1.419710
0.290100	-0.930155
0.290200	0.048956
0.290300	0.538511
0.290400	0.293733
0.290500	-0.195822
0.290600	-1.174932
0.290700	-2.154043
0.290800	-1.909265
0.290900	-0.440600
0.291000	1.028066
0.291100	1.272843
0.291200	-0.195822
0.291300	-2.398820
0.291400	-3.377931
0.291500	-2.154043
0.291600	0.538511
0.291700	2.251954
0.291800	1.272843
0.291900	-1.174932
0.292000	-3.377931
0.292100	-3.377931
0.292200	-1.174932
0.292300	1.272843
0.292400	1.762399
0.292500	0.293733
0.292600	-1.664488
0.292700	-2.888376
0.292800	-2.154043
0.292900	0.048956
0.293000	1.762399
0.293100	1.762399
0.293200	0.048956
0.293300	-1.909265
0.293400	-2.643598
0.293500	-1.664488
0.293600	0.048956
0.293700	1.272843
0.293800	1.028066
0.293900	-0.685377
0.294000	-2.398820
0.294100	-2.643598
0.294200	-1.419710
0.294300	0.048956
0.294400	1.028066
0.294500	0.293733
0.294600	-0.930155
0.294700	-1.909265
0.294800	-1.664488
0.294900	-0.685377
0.295000	0.293733
0.295100	0.538511
0.295200	0.048956
0.295300	-0.685377
0.295400	-1.419710
0.295500	-1.419710
0.295600	-0.685377
0.295700	-0.195822
0.295800	0.293733
0.295900	-0.195822
0.296000	-0.930155
0.296100	-1.174932
0.296200	-0.930155
0.296300	-0.440600
0.296400	0.048956
0.296500	0.048956
0.296600	-0.440600
0.296700	-0.930155
0.296800	-0.930155
0.296900	-0.685377
0.297000	-0.195822
0.297100	-0.195822
0.297200	-0.440600
0.297300	-0.685377
0.297400	-0.930155
0.297500	-0.930155
0.297600	-0.685377
0.297700	-0.440600
0.297800	-0.440600
0.297900	-0.440600
0.298000	-0.440600
0.298100	-0.685377
0.298200	-0.930155
0.298300	-0.930155
0.298400	-0.440600
0.298500	-0.440600
0.298600	-0.440600
0.298700	-0.440600
0.298800	-0.685377
0.298900	-0.685377
0.299000	-0.685377
0.299100	-0.440600
0.299200	-0.440600
0.299300	-0.685377
0.299400	-0.685377
0.299500	-0.685377
0.299600	-0.930155
0.299700	-0.685377
0.299800	-0.685377
0.299900	-0.685377
0.300000	-0.685377
0.300100	-0.685377
0.300200	-0.685377
0.300300	-0.685377
0.300400	-0.685377
0.300500	-0.685377
0.300600	-0.685377
0.300700	-0.685377
0.300800	-0.685377
0.300900	-0.685377
0.301000	-0.685377
0.301100	-0.440600
0.301200	-0.685377
0.301300	-0.685377
0.301400	-0.685377
0.301500	-0.930155
0.301600	-0.685377
0.301700	-0.685377
0.301800	-0.685377
0.301900	-0.685377
0.302000	-0.930155
0.302100	-0.930155
0.302200	-0.685377
0.302300	-0.685377
0.302400	-0.685377
0.302500	-0.685377
0.302600	-0.930155
0.302700	-0.685377
0.302800	-0.930155
0.302900	-0.685377
0.303000	-0.685377
0.303100	-0.685377
0.303200	-0.685377
0.303300	-0.685377
0.303400	-0.685377
0.303500	-0.685377
0.303600	-0.685377
0.303700	-0.685377
0.303800	-0.685377
0.303900	-0.685377
0.304000	-0.685377
0.304100	-0.930155
0.304200	-0.930155
0.304300	-0.685377
0.304400	-0.685377
0.304500	-0.930155
0.304600	-0.685377
0.304700	-0.930155
0.304800	-0.930155
0.304900	-0.685377
0.305000	-0.685377
0.305100	-0.930155
0.305200	-0.685377
0.305300	-0.685377
0.305400	-0.685377
0.305500	-0.685377
0.305600	-0.685377
0.305700	-0.685377
0.305800	-0.685377
0.305900	-0.685377
0.306000	-0.685377
0.306100	-0.685377
0.306200	-0.685377
0.306300	-0.685377
0.306400	-0.685377
0.306500	-0.685377
0.306600	-0.685377
0.306700	-0.685377
0.306800	-0.685377
0.306900	-0.685377
0.307000	-0.685377
0.307100	-0.685377
0.307200	-0.685377
0.307300	-0.685377
0.307400	-0.685377
0.307500	-0.930155
0.307600	-0.685377
0.307700	-0.685377
0.307800	-0.930155
0.307900	-0.930155
0.308000	-0.685377
0.308100	-0.685377
0.308200	-0.685377
0.308300	-0.685377
0.308400	-0.685377
0.308500	-0.685377
0.308600	-0.685377
0.308700	-0.685377
0.308800	-0.685377
0.308900	-0.930155
0.309000	-0.930155
0.309100	-0.685377
0.309200	-0.685377
0.309300	-0.930155
0.309400	-0.930155
0.309500	-0.685377
0.309600	-0.685377
0.309700	-0.685377
0.309800	-0.685377
0.309900	-0.685377
0.310000	-0.685377
0.310100	-0.685377
0.310200	-0.685377
0.310300	-0.685377
0.310400	-0.685377
0.310500	-0.685377
0.310600	-0.685377
0.310700	-0.685377
0.310800	-0.685377
0.310900	-0.685377
0.311000	-0.685377
0.311100	-0.685377
0.311200	-0.685377
0.311300	-0.685377
0.311400	-0.685377
0.311500	-0.685377
0.311600	-0.685377
0.311700	-0.685377
0.311800	-0.685377
0.311900	-0.685377
0.312000	-0.685377
0.312100	-0.685377
0.312200	-0.685377
0.312300	-0.440600
0.312400	-0.440600
0.312500	-0.440600
0.312600	-0.685377
0.312700	-0.440600
0.312800	-0.440600
0.312900	-0.685377
0.313000	-0.440600
0.313100	-0.440600
0.313200	-0.685377
0.313300	-0.685377
0.313400	-0.685377
0.313500	-0.685377
0.313600	-0.440600
0.313700	-0.440600
0.313800	-0.685377
0.313900	-0.685377
0.314000	-0.440600
0.314100	-0.685377
0.314200	-0.685377
0.314300	-0.440600
0.314400	-0.440600
0.314500	-0.440600
0.314600	-0.440600
0.314700	-0.685377
0.314800	-0.440600
0.314900	-0.685377
0.315000	-0.440600
0.315100	-0.440600
0.315200	-0.440600
0.315300	-0.440600
0.315400	-0.440600
0.315500	-0.440600
0.315600	-0.440600
0.315700	-0.440600
0.315800	-0.440600
0.315900	-0.440600
0.316000	-0.440600
0.316100	-0.440600
0.316200	-0.440600
0.316300	-0.440600
0.316400	-0.440600
0.316500	-0.440600
0.316600	-0.440600
0.316700	-0.440600
0.316800	-0.440600
0.316900	-0.440600
0.317000	-0.440600
0.317100	-0.440600
0.317200	-0.440600
0.317300	-0.440600
0.317400	-0.440600
0.317500	-0.440600
0.317600	-0.440600
0.317700	-0.440600
0.317800	-0.440600
0.317900	-0.195822
0.318000	-0.440600
0.318100	-0.195822
0.318200	-0.440600
0.318300	-0.440600
0.318400	-0.440600
0.318500	-0.440600
0.318600	-0.195822
0.318700	-0.195822
0.318800	-0.195822
0.318900	-0.440600
0.319000	-0.440600
0.319100	-0.440600
0.319200	-0.440600
0.319300	-0.440600
0.319400	-0.440600
0.319500	-0.440600
0.319600	-0.440600
0.319700	-0.440600
0.319800	-0.440600
0.319900	-0.440600
0.320000	-0.440600
0.320100	-0.440600
0.320200	-0.440600
0.320300	-0.440600
0.320400	-0.440600
0.320500	-0.440600
0.320600	-0.195822
0.320700	-0.440600
0.320800	-0.195822
0.320900	-0.440600
0.321000	-0.440600
0.321100	-0.440600
0.321200	-0.440600
0.321300	-0.440600
0.321400	-0.440600
0.321500	-0.440600
0.321600	-0.440600
0.321700	-0.440600
0.321800	-0.440600
0.321900	-0.440600
0.322000	-0.440600
0.322100	-0.440600
0.322200	-0.440600
0.322300	-0.440600
0.322400	-0.440600
0.322500	-0.195822
0.322600	-0.195822
0.322700	-0.440600
0.322800	-0.195822
0.322900	-0.440600
0.323000	-0.195822
0.323100	-0.195822
0.323200	-0.195822
0.323300	-0.195822
0.323400	-0.195822
0.323500	-0.195822
0.323600	-0.195822
0.323700	-0.195822
0.323800	-0.195822
0.323900	-0.195822
0.324000	-0.195822
0.324100	-0.195822
0.324200	-0.195822
0.324300	0.048956
0.324400	-0.195822
0.324500	-0.195822
0.324600	0.048956
0.324700	0.048956
0.324800	0.048956
0.324900	0.048956
0.325000	0.048956
0.325100	0.048956
0.325200	0.048956
0.325300	0.048956
0.325400	-0.195822
0.325500	0.048956
0.325600	0.048956
0.325700	0.048956
0.325800	0.048956
0.325900	0.048956
0.326000	0.048956
0.326100	0.048956
0.326200	0.048956
0.326300	0.048956
0.326400	0.048956
0.326500	0.048956
0.326600	0.048956
0.326700	0.048956
0.326800	0.048956
0.326900	0.048956
0.327000	0.048956
0.327100	0.048956
0.327200	0.048956
0.327300	0.048956
0.327400	0.048956
0.327500	0.048956
0.327600	0.048956
0.327700	0.048956
0.327800	0.293733
0.327900	0.048956
0.328000	0.048956
0.328100	0.048956
0.328200	0.048956
0.328300	0.048956
0.328400	0.048956
0.328500	0.048956
0.328600	0.048956
0.328700	0.048956
0.328800	0.048956
0.328900	0.293733
0.329000	0.048956
0.329100	0.293733
0.329200	0.293733
0.329300	0.293733
0.329400	0.048956
0.329500	-0.195822
0.329600	-0.195822
0.329700	0.048956
0.329800	0.293733
0.329900	0.538511
0.330000	0.293733
0.330100	0.048956
0.330200	-0.195822
0.330300	0.048956
0.330400	0.048956
0.330500	0.293733
0.330600	0.293733
0.330700	0.048956
0.330800	-0.195822
0.330900	-0.195822
0.331000	-0.195822
0.331100	0.293733
0.331200	0.538511
0.331300	0.538511
0.331400	0.293733
0.331500	-0.195822
0.331600	-0.195822
0.331700	0.048956
0.331800	0.293733
0.331900	0.538511
0.332000	0.293733
0.332100	0.048956
0.332200	0.048956
0.332300	0.048956
0.332400	0.048956
0.332500	0.293733
0.332600	0.538511
0.332700	0.293733
0.332800	0.048956
0.332900	-0.195822
0.333000	-0.195822
0.333100	0.293733
0.333200	0.293733
0.333300	0.538511
0.333400	0.293733
0.333500	0.048956
0.333600	0.048956
0.333700	0.293733
0.333800	0.293733
0.333900	0.538511
0.334000	0.293733
0.334100	0.293733
0.334200	0.293733
0.334300	0.293733
0.334400	0.293733
0.334500	0.538511
0.334600	0.538511
0.334700	0.538511
0.334800	0.293733
0.334900	0.293733
0.335000	0.293733
0.335100	0.293733
0.335200	0.538511
0.335300	0.538511
0.335400	0.293733
0.335500	0.293733
0.335600	0.293733
0.335700	0.293733
0.335800	0.293733
0.335900	0.538511
0.336000	0.293733
0.336100	0.538511
0.336200	0.293733
0.336300	0.293733
0.336400	0.293733
0.336500	0.293733
0.336600	0.538511
0.336700	0.538511
0.336800	0.293733
0.336900	0.293733
0.337000	0.293733
0.337100	0.293733
0.337200	0.538511
0.337300	0.293733
0.337400	0.293733
0.337500	0.538511
0.337600	0.293733
0.337700	0.538511
0.337800	0.293733
0.337900	0.293733
0.338000	0.293733
0.338100	0.293733
0.338200	0.293733
0.338300	0.538511
0.338400	0.293733
0.338500	0.293733
0.338600	0.538511
0.338700	0.538511
0.338800	0.293733
0.338900	0.293733
0.339000	0.293733
0.339100	0.293733
0.339200	0.293733
0.339300	0.293733
0.339400	0.293733
0.339500	0.293733
0.339600	0.293733
0.339700	0.293733
0.339800	0.293733
0.339900	0.293733
0.340000	0.538511
0.340100	0.293733
0.340200	0.293733
0.340300	0.293733
0.340400	0.293733
0.340500	0.293733
0.340600	0.293733
0.340700	0.293733
0.340800	0.293733
0.340900	0.293733
0.341000	0.293733
0.341100	0.293733
0.341200	0.293733
0.341300	0.293733
0.341400	0.293733
0.341500	0.293733
0.341600	0.293733
0.341700	0.293733
0.341800	0.293733
0.341900	0.293733
0.342000	0.293733
0.342100	0.293733
0.342200	0.293733
0.342300	0.293733
0.342400	0.293733
0.342500	0.293733
0.342600	0.293733
0.342700	0.293733
0.342800	0.293733
0.342900	0.293733
0.343000	0.293733
0.343100	0.293733
0.343200	0.293733
0.343300	0.293733
0.343400	0.293733
0.343500	0.293733
0.343600	0.293733
0.343700	0.293733
0.343800	0.293733
0.343900	0.293733
0.344000	0.293733
0.344100	0.293733
0.344200	0.293733
0.344300	0.293733
0.344400	0.293733
0.344500	0.293733
0.344600	0.293733
0.344700	0.293733
0.344800	0.293733
0.344900	0.293733
0.345000	0.293733
0.345100	0.293733
0.345200	0.293733
0.345300	0.538511
0.345400	0.293733
0.345500	0.293733
0.345600	0.538511
0.345700	0.293733
0.345800	0.293733
0.345900	0.293733
0.346000	0.293733
0.346100	0.293733
0.346200	0.293733
0.346300	0.293733
0.346400	0.538511
0.346500	0.293733
0.346600	0.293733
0.346700	0.293733
0.346800	0.293733
0.346900	0.293733
0.347000	0.293733
0.347100	0.293733
0.347200	0.293733
0.347300	0.293733
0.347400	0.293733
0.347500	0.293733
0.347600	0.293733
0.347700	0.293733
0.347800	0.293733
0.347900	0.293733
0.348000	0.293733
0.348100	0.293733
0.348200	0.293733
0.348300	0.293733
0.348400	0.293733
0.348500	0.293733
0.348600	0.293733
0.348700	0.293733
0.348800	0.293733
0.348900	0.293733
0.349000	0.293733
0.349100	0.293733
0.349200	0.293733
0.349300	0.293733
0.349400	0.293733
0.349500	0.293733
0.349600	0.293733
0.349700	0.293733
0.349800	0.293733
0.349900	0.293733
0.350000	0.293733
0.350100	0.293733
0.350200	0.293733
0.350300	0.293733
0.350400	0.293733
0.350500	0.293733
0.350600	0.293733
0.350700	0.293733
0.350800	0.293733
0.350900	0.293733
0.351000	0.293733
0.351100	0.293733
0.351200	0.293733
0.351300	0.293733
0.351400	0.293733
0.351500	0.293733
0.351600	0.293733
0.351700	0.293733
0.351800	0.293733
0.351900	0.293733
0.352000	0.293733
0.352100	0.293733
0.352200	0.293733
0.352300	0.293733
0.352400	0.293733
0.352500	0.293733
0.352600	0.293733
0.352700	0.293733
0.352800	0.293733
0.352900	0.293733
0.353000	0.293733
0.353100	0.293733
0.353200	0.293733
0.353300	0.293733
0.353400	0.293733
0.353500	0.293733
0.353600	0.293733
0.353700	0.293733
0.353800	0.293733
0.353900	0.293733
0.354000	0.293733
0.354100	0.293733
0.354200	0.293733
0.354300	0.293733
0.354400	0.293733
0.354500	0.293733
0.354600	0.293733
0.354700	0.293733
0.354800	0.293733
0.354900	0.293733
0.355000	0.293733
0.355100	0.293733
0.355200	0.293733
0.355300	0.293733
0.355400	0.293733
0.355500	0.293733
0.355600	0.293733
0.355700	0.293733
0.355800	0.293733
0.355900	0.293733
0.356000	0.293733
0.356100	0.293733
0.356200	0.293733
0.356300	0.293733
0.356400	0.293733
0.356500	0.293733
0.356600	0.293733
0.356700	0.293733
0.356800	0.293733
0.356900	0.293733
0.357000	0.293733
0.357100	0.293733
0.357200	0.293733
0.357300	0.293733
0.357400	0.293733
0.357500	0.293733
0.357600	0.293733
0.357700	0.293733
0.357800	0.048956
0.357900	0.293733
0.358000	0.293733
0.358100	0.293733
0.358200	0.293733
0.358300	0.293733
0.358400	0.293733
0.358500	0.048956
0.358600	0.293733
0.358700	0.048956
0.358800	0.048956
0.358900	0.048956
0.359000	0.293733
0.359100	0.048956
0.359200	0.048956
0.359300	0.048956
0.359400	0.293733
0.359500	0.048956
0.359600	0.293733
0.359700	0.048956
0.359800	0.048956
0.359900	0.048956
0.360000	0.048956
0.360100	0.293733
0.360200	0.293733
0.360300	0.048956
0.360400	0.048956
0.360500	0.048956
0.360600	0.048956
0.360700	0.048956
0.360800	0.048956
0.360900	0.048956
0.361000	0.048956
0.361100	0.048956
0.361200	0.048956
0.361300	0.048956
0.361400	0.048956
0.361500	0.048956
0.361600	0.048956
0.361700	0.048956
0.361800	0.048956
0.361900	0.048956
0.362000	0.048956
0.362100	0.048956
0.362200	0.048956
0.362300	0.048956
0.362400	0.048956
0.362500	0.048956
0.362600	0.048956
0.362700	0.048956
0.362800	0.048956
0.362900	0.048956
0.363000	0.048956
0.363100	0.048956
0.363200	-0.195822
0.363300	0.048956
0.363400	0.048956
0.363500	-0.195822
0.363600	-0.195822
0.363700	0.048956
0.363800	-0.195822
0.363900	-0.195822
0.364000	0.048956
0.364100	-0.195822
0.364200	-0.195822
0.364300	0.048956
0.364400	-0.195822
0.364500	-0.195822
0.364600	-0.195822
0.364700	-0.195822
0.364800	-0.195822
0.364900	-0.195822
0.365000	-0.195822
0.365100	-0.195822
0.365200	-0.195822
0.365300	-0.195822
0.365400	-0.195822
0.365500	0.048956
0.365600	-0.195822
0.365700	-0.195822
0.365800	-0.195822
0.365900	-0.195822
0.366000	-0.195822
0.366100	-0.195822
0.366200	0.048956
0.366300	-0.195822
0.366400	-0.195822
0.366500	-0.195822
0.366600	-0.195822
0.366700	-0.195822
0.366800	-0.195822
0.366900	-0.195822
0.367000	-0.195822
0.367100	-0.195822
0.367200	-0.195822
0.367300	-0.440600
0.367400	-0.195822
0.367500	-0.195822
0.367600	-0.195822
0.367700	-0.195822
0.367800	-0.195822
0.367900	-0.195822
0.368000	-0.195822
0.368100	-0.195822
0.368200	-0.195822
0.368300	-0.195822
0.368400	-0.195822
0.368500	-0.195822
0.368600	-0.195822
0.368700	-0.195822
0.368800	-0.195822
0.368900	-0.195822
0.369000	-0.195822
0.369100	-0.195822
0.369200	-0.195822
0.369300	-0.195822
0.369400	-0.195822
0.369500	-0.195822
0.369600	-0.195822
0.369700	-0.195822
0.369800	-0.195822
0.369900	-0.195822
0.370000	-0.195822
0.370100	-0.195822
0.370200	-0.195822
0.370300	-0.195822
0.370400	-0.195822
0.370500	-0.195822
0.370600	-0.195822
0.370700	-0.195822
0.370800	-0.195822
0.370900	-0.195822
0.371000	-0.195822
0.371100	-0.195822
0.371200	-0.195822
0.371300	-0.195822
0.371400	-0.195822
0.371500	-0.195822
0.371600	-0.195822
0.371700	-0.195822
0.371800	-0.195822
0.371900	-0.195822
0.372000	-0.195822
0.372100	-0.195822
0.372200	-0.195822
0.372300	-0.195822
0.372400	-0.195822
0.372500	-0.195822
0.372600	-0.195822
0.372700	-0.195822
0.372800	-0.195822
0.372900	-0.195822
0.373000	-0.195822
0.373100	-0.195822
0.373200	0.048956
0.373300	-0.195822
0.373400	-0.195822
0.373500	-0.195822
0.373600	0.048956
0.373700	0.048956
0.373800	-0.195822
0.373900	-0.195822
0.374000	-0.195822
0.374100	0.048956
0.374200	-0.195822
0.374300	-0.195822
0.374400	-0.195822
0.374500	-0.195822
0.374600	-0.195822
0.374700	-0.195822
0.374800	-0.195822
0.374900	-0.195822
0.375000	0.048956
0.375100	0.048956
0.375200	0.048956
0.375300	-0.195822
0.375400	0.048956
0.375500	-0.195822
0.375600	0.048956
0.375700	0.048956
0.375800	-0.195822
0.375900	-0.195822
0.376000	-0.195822
0.376100	-0.195822
0.376200	-0.195822
0.376300	-0.195822
0.376400	-0.195822
0.376500	0.048956
0.376600	-0.195822
0.376700	0.048956
0.376800	-0.195822
0.376900	0.048956
0.377000	0.048956
0.377100	0.048956
0.377200	-0.195822
0.377300	-0.195822
0.377400	0.048956
0.377500	-0.195822
0.377600	0.048956
0.377700	-0.195822
0.377800	-0.195822
0.377900	0.048956
0.378000	-0.195822
0.378100	-0.195822
0.378200	-0.195822
0.378300	-0.195822
0.378400	-0.195822
0.378500	-0.195822
0.378600	-0.195822
0.378700	-0.195822
0.378800	-0.195822
0.378900	-0.195822
0.379000	-0.195822
0.379100	-0.195822
0.379200	-0.195822
0.379300	-0.195822
0.379400	-0.195822
0.379500	-0.195822
0.379600	-0.195822
0.379700	-0.195822
0.379800	-0.195822
0.379900	-0.195822
0.380000	-0.195822
0.380100	-0.195822
0.380200	-0.195822
0.380300	-0.195822
0.380400	0.048956
0.380500	-0.195822
0.380600	-0.195822
0.380700	-0.195822
0.380800	-0.195822
0.380900	-0.195822
0.381000	-0.195822
0.381100	-0.195822
0.381200	-0.195822
0.381300	-0.195822
0.381400	-0.195822
0.381500	-0.195822
0.381600	-0.195822
0.381700	-0.195822
0.381800	-0.195822
0.381900	0.048956
0.382000	-0.195822
0.382100	-0.195822
0.382200	-0.195822
0.382300	-0.195822
0.382400	-0.195822
0.382500	-0.195822
0.382600	-0.195822
0.382700	-0.195822
0.382800	-0.195822
0.382900	-0.195822
0.383000	-0.195822
0.383100	-0.195822
0.383200	-0.195822
0.383300	-0.195822
0.383400	-0.195822
0.383500	-0.195822
0.383600	-0.195822
0.383700	-0.195822
0.383800	-0.195822
0.383900	-0.195822
0.384000	-0.195822
0.384100	-0.195822
0.384200	-0.195822
0.384300	-0.195822
0.384400	-0.195822
0.384500	-0.195822
0.384600	-0.195822
0.384700	-0.195822
0.384800	-0.195822
0.384900	-0.195822
0.385000	-0.195822
0.385100	-0.195822
0.385200	-0.195822
0.385300	-0.195822
0.385400	-0.195822
0.385500	-0.195822
0.385600	-0.195822
0.385700	-0.195822
0.385800	-0.195822
0.385900	-0.195822
0.386000	-0.195822
0.386100	-0.195822
0.386200	-0.195822
0.386300	-0.195822
0.386400	0.048956
0.386500	-0.195822
0.386600	-0.195822
0.386700	-0.195822
0.386800	-0.195822
0.386900	-0.195822
0.387000	-0.195822
0.387100	-0.195822
0.387200	-0.195822
0.387300	-0.195822
0.387400	-0.195822
0.387500	-0.195822
0.387600	-0.195822
0.387700	-0.195822
0.387800	-0.195822
0.387900	-0.195822
0.388000	-0.195822
0.388100	0.048956
0.388200	-0.195822
0.388300	-0.195822
0.388400	-0.195822
0.388500	-0.195822
0.388600	-0.195822
0.388700	-0.195822
0.388800	-0.195822
0.388900	-0.195822
0.389000	-0.195822
0.389100	-0.195822
0.389200	-0.195822
0.389300	-0.195822
0.389400	-0.195822
0.389500	-0.195822
0.389600	-0.195822
0.389700	-0.195822
0.389800	-0.195822
0.389900	-0.195822
0.390000	-0.195822
0.390100	-0.195822
0.390200	-0.195822
0.390300	-0.195822
0.390400	-0.195822
0.390500	-0.195822
0.390600	-0.195822
0.390700	-0.195822
0.390800	-0.195822
0.390900	-0.195822
0.391000	-0.195822
0.391100	-0.195822
0.391200	-0.195822
0.391300	-0.195822
0.391400	-0.195822
0.391500	-0.195822
0.391600	-0.195822
0.391700	-0.195822
0.391800	-0.195822
0.391900	-0.195822
0.392000	-0.195822
0.392100	-0.195822
0.392200	-0.195822
0.392300	-0.195822
0.392400	-0.195822
0.392500	-0.195822
0.392600	0.048956
0.392700	0.048956
0.392800	-0.195822
0.392900	-0.195822
0.393000	-0.195822
0.393100	-0.195822
0.393200	-0.195822
0.393300	-0.195822
0.393400	-0.195822
0.393500	0.048956
0.393600	-0.195822
0.393700	0.048956
0.393800	-0.195822
0.393900	-0.195822
0.394000	-0.195822
0.394100	-0.195822
0.394200	0.048956
0.394300	-0.195822
0.394400	0.048956
0.394500	-0.195822
0.394600	-0.195822
0.394700	-0.195822
0.394800	-0.195822
0.394900	0.048956
0.395000	-0.195822
0.395100	0.048956
0.395200	0.048956
0.395300	-0.195822
0.395400	0.048956
0.395500	0.048956
0.395600	0.048956
0.395700	-0.195822
0.395800	-0.195822
0.395900	-0.195822
0.396000	-0.195822
0.396100	0.048956
0.396200	0.048956
0.396300	-0.195822
0.396400	-0.195822
0.396500	-0.195822
0.396600	-0.195822
0.396700	-0.195822
0.396800	-0.195822
0.396900	0.048956
0.397000	0.048956
0.397100	-0.195822
0.397200	-0.195822
0.397300	-0.195822
0.397400	-0.195822
0.397500	0.048956
0.397600	-0.195822
0.397700	-0.195822
0.397800	-0.195822
0.397900	0.048956
0.398000	-0.195822
0.398100	0.048956
0.398200	0.048956
0.398300	-0.195822
0.398400	0.048956
0.398500	-0.195822
0.398600	-0.195822
0.398700	-0.195822
0.398800	0.048956
0.398900	0.048956
0.399000	-0.195822
0.399100	-0.195822
0.399200	-0.195822
0.399300	-0.195822
0.399400	-0.195822
0.399500	0.048956
0.399600	-0.195822
0.399700	-0.195822
0.399800	-0.195822
0.399900	-0.195822
0.400000	-0.195822
0.400100	0.048956
0.400200	-0.195822
0.400300	-0.195822
0.400400	-0.440600
0.400500	-0.440600
0.400600	-0.440600
0.400700	-0.195822
0.400800	-0.195822
0.400900	-0.195822
0.401000	-0.440600
0.401100	-0.440600
0.401200	-0.440600
0.401300	-0.440600
0.401400	-0.195822
0.401500	-0.195822
0.401600	-0.195822
0.401700	-0.195822
0.401800	-0.195822
0.401900	-0.195822
0.402000	-0.195822
0.402100	-0.195822
0.402200	-0.195822
0.402300	-0.195822
0.402400	-0.195822
0.402500	-0.195822
0.402600	-0.195822
0.402700	-0.195822
0.402800	0.048956
0.402900	-0.195822
0.403000	-0.195822
0.403100	-0.195822
0.403200	-0.195822
0.403300	0.048956
0.403400	0.048956
0.403500	0.048956
0.403600	-0.195822
0.403700	0.048956
0.403800	0.048956
0.403900	0.048956
0.404000	0.048956
0.404100	0.048956
0.404200	0.048956
0.404300	0.048956
0.404400	0.048956
0.404500	0.048956
0.404600	0.048956
0.404700	0.048956
0.404800	0.048956
0.404900	0.048956
0.405000	0.048956
