-0.005000	-0.000000
-0.004900	-0.000000
-0.004800	-0.000000
-0.004700	-0.000000
-0.004600	-0.000000
-0.004500	-0.000000
-0.004400	-0.000000
-0.004300	-0.000000
-0.004200	-0.000000
-0.004100	-0.000000
-0.004000	-0.000000
-0.003900	-0.000000
-0.003800	-0.000000
-0.003700	-0.000000
-0.003600	-0.000000
-0.003500	-0.000000
-0.003400	-0.000000
-0.003300	-0.000000
-0.003200	-0.000000
-0.003100	-0.000000
-0.003000	-0.000000
-0.002900	-0.000000
-0.002800	-0.000000
-0.002700	-0.000000
-0.002600	-0.000000
-0.002500	-0.000000
-0.002400	-0.000000
-0.002300	-0.000000
-0.002200	-0.000000
-0.002100	-0.000000
-0.002000	-0.000000
-0.001900	-0.000000
-0.001800	-0.000000
-0.001700	-0.000000
-0.001600	-0.000000
-0.001500	-0.000000
-0.001400	-0.000000
-0.001300	-0.000000
-0.001200	-0.000000
-0.001100	-0.000000
-0.001000	-0.000000
-0.000900	-0.000000
-0.000800	-0.000000
-0.000700	-0.000000
-0.000600	-0.000000
-0.000500	-0.000000
-0.000400	-0.000000
-0.000300	-0.000000
-0.000200	-0.000000
-0.000100	-0.000000
0.000000	-0.000000
0.000100	-0.000000
0.000200	-0.000000
0.000300	-0.000000
0.000400	-0.000000
0.000500	-0.000000
0.000600	-0.000000
0.000700	-0.000000
0.000800	-0.000000
0.000900	-0.000000
0.001000	-0.000000
0.001100	-0.000000
0.001200	-0.000000
0.001300	-0.000000
0.001400	-0.000000
0.001500	-0.000000
0.001600	-0.000000
0.001700	-0.000000
0.001800	-0.000000
0.001900	-0.000000
0.002000	-0.000000
0.002100	-0.000000
0.002200	-0.000000
0.002300	-0.000000
0.002400	-0.000000
0.002500	-0.000000
0.002600	-0.000000
0.002700	-0.000000
0.002800	-0.000000
0.002900	-0.000000
0.003000	-0.000000
0.003100	-0.000000
0.003200	-0.000000
0.003300	-0.000000
0.003400	-0.000000
0.003500	-0.000000
0.003600	-0.000000
0.003700	-0.000000
0.003800	-0.000000
0.003900	-0.000000
0.004000	-0.000000
0.004100	-0.000000
0.004200	-0.000000
0.004300	-0.000000
0.004400	-0.000000
0.004500	-0.000000
0.004600	-0.000000
0.004700	-0.000000
0.004800	-0.000000
0.004900	-0.000000
0.005000	-0.000000
0.005100	-0.000000
0.005200	-0.000000
0.005300	-0.000000
0.005400	-0.000000
0.005500	-0.000000
0.005600	-0.000000
0.005700	-0.000000
0.005800	-0.000000
0.005900	-0.000000
0.006000	-0.000000
0.006100	-0.000000
0.006200	-0.000000
0.006300	-0.000000
0.006400	-0.000000
0.006500	-0.000000
0.006600	-0.000000
0.006700	-0.000000
0.006800	-0.000000
0.006900	-0.000000
0.007000	-0.000000
0.007100	-0.000000
0.007200	-0.000000
0.007300	-0.000000
0.007400	-0.000000
0.007500	-0.000000
0.007600	-0.000000
0.007700	-0.000000
0.007800	-0.000000
0.007900	-0.000000
0.008000	-0.000000
0.008100	-0.000000
0.008200	-0.000000
0.008300	-0.000000
0.008400	-0.000000
0.008500	-0.000000
0.008600	-0.000000
0.008700	-0.000000
0.008800	-0.000000
0.008900	-0.000000
0.009000	-0.000000
0.009100	-0.000000
0.009200	-0.000000
0.009300	-0.000000
0.009400	-0.000000
0.009500	-0.000000
0.009600	-0.000000
0.009700	-0.000000
0.009800	-0.000000
0.009900	-0.000000
0.010000	-0.000000
0.010100	-0.000000
0.010200	-0.000000
0.010300	-0.000000
0.010400	-0.000000
0.010500	-0.000000
0.010600	-0.244954
0.010700	-0.000000
0.010800	-0.000000
0.010900	-0.000000
0.011000	-0.000000
0.011100	-0.000000
0.011200	-0.000000
0.011300	-0.000000
0.011400	-0.000000
0.011500	-0.000000
0.011600	-0.000000
0.011700	-0.000000
0.011800	-0.000000
0.011900	-0.000000
0.012000	-0.000000
0.012100	-0.000000
0.012200	-0.000000
0.012300	-0.000000
0.012400	-0.000000
0.012500	-0.000000
0.012600	-0.000000
0.012700	-0.000000
0.012800	-0.000000
0.012900	-0.000000
0.013000	-0.000000
0.013100	-0.000000
0.013200	-0.000000
0.013300	-0.000000
0.013400	-0.000000
0.013500	-0.000000
0.013600	-0.000000
0.013700	-0.000000
0.013800	-0.000000
0.013900	-0.000000
0.014000	-0.000000
0.014100	-0.000000
0.014200	-0.000000
0.014300	-0.000000
0.014400	-0.000000
0.014500	-0.000000
0.014600	-0.000000
0.014700	-0.000000
0.014800	-0.000000
0.014900	-0.000000
0.015000	-0.000000
0.015100	-0.000000
0.015200	-0.000000
0.015300	-0.000000
0.015400	-0.000000
0.015500	-0.000000
0.015600	-0.000000
0.015700	-0.000000
0.015800	-0.000000
0.015900	-0.000000
0.016000	-0.000000
0.016100	-0.000000
0.016200	-0.000000
0.016300	-0.000000
0.016400	-0.000000
0.016500	-0.000000
0.016600	-0.000000
0.016700	-0.000000
0.016800	-0.000000
0.016900	-0.000000
0.017000	-0.000000
0.017100	-0.000000
0.017200	0.244954
0.017300	-0.000000
0.017400	-0.000000
0.017500	-0.000000
0.017600	-0.000000
0.017700	-0.000000
0.017800	-0.000000
0.017900	0.244954
0.018000	0.244954
0.018100	-0.000000
0.018200	-0.000000
0.018300	-0.000000
0.018400	0.244954
0.018500	0.244954
0.018600	0.244954
0.018700	0.244954
0.018800	0.244954
0.018900	0.244954
0.019000	-0.000000
0.019100	0.244954
0.019200	0.244954
0.019300	0.244954
0.019400	0.244954
0.019500	0.244954
0.019600	-0.000000
0.019700	-0.000000
0.019800	0.244954
0.019900	0.244954
0.020000	0.244954
0.020100	0.244954
0.020200	0.244954
0.020300	-0.000000
0.020400	0.244954
0.020500	0.244954
0.020600	0.244954
0.020700	0.489907
0.020800	0.489907
0.020900	0.244954
0.021000	0.244954
0.021100	0.244954
0.021200	0.244954
0.021300	0.244954
0.021400	0.244954
0.021500	0.244954
0.021600	0.244954
0.021700	0.244954
0.021800	-0.000000
0.021900	0.244954
0.022000	0.244954
0.022100	0.244954
0.022200	0.244954
0.022300	0.244954
0.022400	-0.000000
0.022500	-0.000000
0.022600	0.244954
0.022700	0.244954
0.022800	0.244954
0.022900	-0.000000
0.023000	-0.000000
0.023100	-0.000000
0.023200	0.244954
0.023300	0.244954
0.023400	0.244954
0.023500	0.244954
0.023600	-0.000000
0.023700	-0.000000
0.023800	0.244954
0.023900	0.244954
0.024000	0.244954
0.024100	0.244954
0.024200	0.244954
0.024300	0.244954
0.024400	-0.000000
0.024500	-0.000000
0.024600	-0.000000
0.024700	0.244954
0.024800	0.244954
0.024900	-0.000000
0.025000	-0.000000
0.025100	-0.000000
0.025200	-0.000000
0.025300	0.244954
0.025400	0.244954
0.025500	0.244954
0.025600	0.244954
0.025700	-0.000000
0.025800	-0.000000
0.025900	-0.000000
0.026000	-0.000000
0.026100	0.244954
0.026200	0.244954
0.026300	0.244954
0.026400	-0.000000
0.026500	-0.000000
0.026600	-0.000000
0.026700	-0.000000
0.026800	-0.000000
0.026900	-0.000000
0.027000	-0.000000
0.027100	-0.000000
0.027200	-0.244954
0.027300	-0.000000
0.027400	-0.000000
0.027500	-0.000000
0.027600	-0.000000
0.027700	-0.244954
0.027800	-0.244954
0.027900	-0.244954
0.028000	-0.244954
0.028100	-0.000000
0.028200	-0.000000
0.028300	-0.244954
0.028400	-0.244954
0.028500	-0.244954
0.028600	-0.244954
0.028700	-0.244954
0.028800	-0.244954
0.028900	-0.244954
0.029000	-0.244954
0.029100	-0.244954
0.029200	-0.244954
0.029300	-0.244954
0.029400	-0.244954
0.029500	-0.244954
0.029600	-0.244954
0.029700	-0.244954
0.029800	-0.244954
0.029900	-0.244954
0.030000	-0.244954
0.030100	-0.244954
0.030200	-0.244954
0.030300	-0.489907
0.030400	-0.244954
0.030500	-0.244954
0.030600	-0.244954
0.030700	-0.244954
0.030800	-0.489907
0.030900	-0.489907
0.031000	-0.489907
0.031100	-0.244954
0.031200	-0.489907
0.031300	-0.244954
0.031400	-0.244954
0.031500	-0.244954
0.031600	-0.489907
0.031700	-0.489907
0.031800	-0.489907
0.031900	-0.244954
0.032000	-0.244954
0.032100	-0.244954
0.032200	-0.489907
0.032300	-0.734861
0.032400	-0.489907
0.032500	-0.244954
0.032600	-0.244954
0.032700	-0.000000
0.032800	-0.489907
0.032900	-0.489907
0.033000	-0.489907
0.033100	-0.244954
0.033200	-0.244954
0.033300	-0.244954
0.033400	-0.244954
0.033500	-0.244954
0.033600	-0.244954
0.033700	-0.489907
0.033800	-0.244954
0.033900	-0.244954
0.034000	-0.000000
0.034100	-0.244954
0.034200	-0.244954
0.034300	-0.244954
0.034400	-0.244954
0.034500	-0.244954
0.034600	-0.244954
0.034700	-0.244954
0.034800	-0.000000
0.034900	-0.244954
0.035000	-0.244954
0.035100	-0.244954
0.035200	-0.000000
0.035300	-0.000000
0.035400	-0.000000
0.035500	-0.244954
0.035600	-0.244954
0.035700	-0.244954
0.035800	-0.244954
0.035900	-0.244954
0.036000	-0.244954
0.036100	-0.000000
0.036200	-0.000000
0.036300	-0.244954
0.036400	-0.000000
0.036500	-0.000000
0.036600	-0.000000
0.036700	-0.000000
0.036800	-0.000000
0.036900	-0.000000
0.037000	-0.000000
0.037100	-0.244954
0.037200	-0.000000
0.037300	-0.000000
0.037400	-0.000000
0.037500	-0.000000
0.037600	-0.000000
0.037700	-0.244954
0.037800	-0.244954
0.037900	-0.244954
0.038000	-0.244954
0.038100	-0.000000
0.038200	-0.000000
0.038300	-0.244954
0.038400	-0.244954
0.038500	-0.244954
0.038600	-0.244954
0.038700	-0.244954
0.038800	-0.000000
0.038900	-0.244954
0.039000	-0.244954
0.039100	-0.244954
0.039200	-0.244954
0.039300	-0.244954
0.039400	-0.000000
0.039500	-0.000000
0.039600	-0.244954
0.039700	-0.244954
0.039800	-0.244954
0.039900	-0.244954
0.040000	-0.244954
0.040100	-0.244954
0.040200	-0.244954
0.040300	-0.244954
0.040400	-0.244954
0.040500	-0.244954
0.040600	-0.489907
0.040700	-0.489907
0.040800	-0.489907
0.040900	-0.489907
0.041000	-0.734861
0.041100	-0.734861
0.041200	-0.734861
0.041300	-0.734861
0.041400	-0.734861
0.041500	-0.734861
0.041600	-0.734861
0.041700	-0.489907
0.041800	-0.734861
0.041900	-0.489907
0.042000	-0.489907
0.042100	-0.489907
0.042200	-0.244954
0.042300	-0.244954
0.042400	-0.000000
0.042500	-0.000000
0.042600	-0.244954
0.042700	-0.244954
0.042800	-0.244954
0.042900	-0.489907
0.043000	-0.489907
0.043100	-0.734861
0.043200	-0.734861
0.043300	-0.979814
0.043400	-0.979814
0.043500	-1.224768
0.043600	-1.469722
0.043700	-1.714675
0.043800	-1.714675
0.043900	-1.714675
0.044000	-1.714675
0.044100	-2.449536
0.044200	-2.939443
0.044300	-3.184397
0.044400	-2.449536
0.044500	-1.959629
0.044600	-1.959629
0.044700	-2.449536
0.044800	-3.184397
0.044900	-3.674304
0.045000	-3.429350
0.045100	-2.939443
0.045200	-2.204582
0.045300	-1.714675
0.045400	-1.959629
0.045500	-2.449536
0.045600	-2.939443
0.045700	-3.184397
0.045800	-2.694490
0.045900	-2.204582
0.046000	-1.959629
0.046100	-2.204582
0.046200	-2.939443
0.046300	-3.429350
0.046400	-2.939443
0.046500	-2.694490
0.046600	-2.204582
0.046700	-2.449536
0.046800	-2.939443
0.046900	-2.939443
0.047000	-2.694490
0.047100	-2.449536
0.047200	-2.204582
0.047300	-2.204582
0.047400	-2.694490
0.047500	-2.449536
0.047600	-2.204582
0.047700	-1.959629
0.047800	-1.714675
0.047900	-1.469722
0.048000	-1.469722
0.048100	-1.469722
0.048200	-1.959629
0.048300	-2.204582
0.048400	-2.204582
0.048500	-1.714675
0.048600	-0.979814
0.048700	-0.734861
0.048800	-0.979814
0.048900	-1.469722
0.049000	-1.714675
0.049100	-1.714675
0.049200	-1.224768
0.049300	-0.979814
0.049400	-0.979814
0.049500	-1.224768
0.049600	-1.959629
0.049700	-1.959629
0.049800	-2.204582
0.049900	-1.959629
0.050000	-1.714675
0.050100	-1.959629
0.050200	-1.959629
0.050300	-2.449536
0.050400	-2.694490
0.050500	-3.184397
0.050600	-3.184397
0.050700	-3.184397
0.050800	-3.184397
0.050900	-3.429350
0.051000	-3.919258
0.051100	-4.409165
0.051200	-4.654119
0.051300	-4.899072
0.051400	-5.144026
0.051500	-5.144026
0.051600	-4.899072
0.051700	-4.409165
0.051800	-4.164211
0.051900	-4.409165
0.052000	-5.388979
0.052100	-6.123840
0.052200	-6.613747
0.052300	-6.123840
0.052400	-5.388979
0.052500	-5.144026
0.052600	-5.144026
0.052700	-5.633933
0.052800	-6.123840
0.052900	-6.368793
0.053000	-6.123840
0.053100	-5.633933
0.053200	-5.388979
0.053300	-5.144026
0.053400	-5.144026
0.053500	-4.654119
0.053600	-4.409165
0.053700	-4.409165
0.053800	-4.899072
0.053900	-5.388979
0.054000	-5.633933
0.054100	-4.654119
0.054200	-3.674304
0.054300	-3.429350
0.054400	-3.674304
0.054500	-3.674304
0.054600	-3.184397
0.054700	-2.939443
0.054800	-3.429350
0.054900	-4.654119
0.055000	-6.368793
0.055100	-7.348608
0.055200	-8.083468
0.055300	-9.063283
0.055400	-10.288052
0.055500	-11.512819
0.055600	-12.247680
0.055700	-11.757772
0.055800	-11.022912
0.055900	-11.757772
0.056000	-13.227494
0.056100	-13.962356
0.056200	-13.472448
0.056300	-12.002727
0.056400	-11.022912
0.056500	-11.022912
0.056600	-12.492634
0.056700	-14.697216
0.056800	-15.677031
0.056900	-13.227494
0.057000	-8.818330
0.057100	-8.818330
0.057200	-14.207309
0.057300	-20.331148
0.057400	-20.821056
0.057500	-14.697216
0.057600	-6.613747
0.057700	-5.388979
0.057800	-12.737587
0.057900	-21.800871
0.058000	-24.005453
0.058100	-18.126566
0.058200	-9.063283
0.058300	-5.633933
0.058400	-11.022912
0.058500	-20.331148
0.058600	-26.454988
0.058700	-25.475174
0.058800	-18.371519
0.058900	-11.267865
0.059000	-9.553190
0.059100	-13.962356
0.059200	-20.331148
0.059300	-23.515545
0.059400	-21.310963
0.059500	-16.166937
0.059600	-13.472448
0.059700	-15.677031
0.059800	-21.066010
0.059900	-24.250406
0.060000	-22.780685
0.060100	-18.126566
0.060200	-14.942169
0.060300	-14.697216
0.060400	-17.391706
0.060500	-19.596289
0.060600	-19.596289
0.060700	-17.881613
0.060800	-16.411892
0.060900	-16.166937
0.061000	-17.391706
0.061100	-18.371519
0.061200	-18.126566
0.061300	-16.901798
0.061400	-15.677031
0.061500	-14.697216
0.061600	-14.452262
0.061700	-14.207309
0.061800	-12.247680
0.061900	-10.533005
0.062000	-9.553190
0.062100	-9.308237
0.062200	-9.063283
0.062300	-9.063283
0.062400	-8.818330
0.062500	-8.818330
0.062600	-9.308237
0.062700	-9.308237
0.062800	-9.063283
0.062900	-9.308237
0.063000	-9.798144
0.063100	-10.533005
0.063200	-11.267865
0.063300	-11.267865
0.063400	-11.267865
0.063500	-11.267865
0.063600	-11.267865
0.063700	-11.022912
0.063800	-10.777959
0.063900	-11.022912
0.064000	-11.267865
0.064100	-11.512819
0.064200	-11.022912
0.064300	-10.043097
0.064400	-9.308237
0.064500	-8.083468
0.064600	-7.593562
0.064700	-7.103654
0.064800	-6.613747
0.064900	-6.123840
0.065000	-5.388979
0.065100	-4.164211
0.065200	-3.429350
0.065300	-2.939443
0.065400	-2.939443
0.065500	-2.939443
0.065600	-2.939443
0.065700	-2.694490
0.065800	-2.694490
0.065900	-2.449536
0.066000	-1.714675
0.066100	-1.224768
0.066200	-1.469722
0.066300	-2.449536
0.066400	-3.184397
0.066500	-3.184397
0.066600	-2.449536
0.066700	-1.959629
0.066800	-1.959629
0.066900	-2.939443
0.067000	-3.429350
0.067100	-3.429350
0.067200	-2.694490
0.067300	-1.714675
0.067400	-1.224768
0.067500	-1.714675
0.067600	-2.449536
0.067700	-2.449536
0.067800	-1.224768
0.067900	-0.000000
0.068000	0.244954
0.068100	-0.244954
0.068200	-0.979814
0.068300	-0.489907
0.068400	0.734861
0.068500	1.469722
0.068600	1.714675
0.068700	1.469722
0.068800	1.224768
0.068900	1.469722
0.069000	1.469722
0.069100	1.714675
0.069200	1.959629
0.069300	2.204582
0.069400	1.959629
0.069500	1.714675
0.069600	1.714675
0.069700	1.714675
0.069800	1.959629
0.069900	1.959629
0.070000	2.449536
0.070100	2.694490
0.070200	2.939443
0.070300	3.184397
0.070400	3.184397
0.070500	3.184397
0.070600	3.429350
0.070700	4.164211
0.070800	4.654119
0.070900	5.388979
0.071000	5.633933
0.071100	5.878886
0.071200	5.633933
0.071300	6.123840
0.071400	6.858701
0.071500	7.593562
0.071600	7.838515
0.071700	7.838515
0.071800	7.838515
0.071900	8.328423
0.072000	8.573376
0.072100	8.818330
0.072200	9.063283
0.072300	8.818330
0.072400	9.063283
0.072500	9.063283
0.072600	8.818330
0.072700	8.818330
0.072800	8.818330
0.072900	8.818330
0.073000	8.818330
0.073100	8.818330
0.073200	8.818330
0.073300	8.818330
0.073400	8.818330
0.073500	8.573376
0.073600	8.328423
0.073700	8.818330
0.073800	9.553190
0.073900	9.798144
0.074000	10.043097
0.074100	9.553190
0.074200	9.308237
0.074300	9.553190
0.074400	10.043097
0.074500	10.777959
0.074600	11.022912
0.074700	10.533005
0.074800	9.798144
0.074900	9.553190
0.075000	10.043097
0.075100	11.022912
0.075200	12.002727
0.075300	12.247680
0.075400	11.512819
0.075500	10.777959
0.075600	10.777959
0.075700	12.002727
0.075800	13.717402
0.075900	14.942169
0.076000	14.942169
0.076100	14.697216
0.076200	14.207309
0.076300	14.207309
0.076400	14.452262
0.076500	14.452262
0.076600	13.717402
0.076700	12.982541
0.076800	12.737587
0.076900	12.737587
0.077000	13.717402
0.077100	14.697216
0.077200	15.432076
0.077300	15.677031
0.077400	15.677031
0.077500	15.677031
0.077600	16.166937
0.077700	16.656845
0.077800	16.656845
0.077900	15.921984
0.078000	15.677031
0.078100	15.677031
0.078200	16.166937
0.078300	16.411892
0.078400	16.166937
0.078500	15.921984
0.078600	16.166937
0.078700	16.166937
0.078800	16.411892
0.078900	16.411892
0.079000	16.411892
0.079100	16.656845
0.079200	16.166937
0.079300	15.921984
0.079400	15.432076
0.079500	15.921984
0.079600	17.146751
0.079700	17.636660
0.079800	17.881613
0.079900	18.126566
0.080000	18.126566
0.080100	18.371519
0.080200	19.106380
0.080300	20.086195
0.080400	21.310963
0.080500	22.290777
0.080600	22.780685
0.080700	22.780685
0.080800	23.025639
0.080900	23.760500
0.081000	24.495359
0.081100	25.230221
0.081200	25.965082
0.081300	26.210035
0.081400	26.210035
0.081500	26.210035
0.081600	26.454988
0.081700	27.189850
0.081800	27.434803
0.081900	27.434803
0.082000	26.944897
0.082100	26.454988
0.082200	26.210035
0.082300	26.454988
0.082400	26.699942
0.082500	26.944897
0.082600	26.699942
0.082700	26.210035
0.082800	25.720127
0.082900	25.475174
0.083000	25.720127
0.083100	25.720127
0.083200	25.965082
0.083300	25.720127
0.083400	25.230221
0.083500	24.985268
0.083600	24.985268
0.083700	25.475174
0.083800	26.210035
0.083900	26.454988
0.084000	26.210035
0.084100	26.454988
0.084200	26.699942
0.084300	26.699942
0.084400	26.699942
0.084500	26.699942
0.084600	26.699942
0.084700	25.965082
0.084800	24.740314
0.084900	24.985268
0.085000	26.454988
0.085100	27.679756
0.085200	27.679756
0.085300	26.210035
0.085400	24.495359
0.085500	24.740314
0.085600	26.699942
0.085700	28.414618
0.085800	28.414618
0.085900	25.965082
0.086000	23.025639
0.086100	22.045824
0.086200	22.290777
0.086300	23.270592
0.086400	24.005453
0.086500	24.005453
0.086600	23.270592
0.086700	22.290777
0.086800	21.800871
0.086900	22.045824
0.087000	23.270592
0.087100	24.250406
0.087200	23.515545
0.087300	21.066010
0.087400	18.861427
0.087500	18.861427
0.087600	20.331148
0.087700	21.310963
0.087800	20.821056
0.087900	19.351334
0.088000	17.881613
0.088100	17.636660
0.088200	18.371519
0.088300	19.106380
0.088400	19.351334
0.088500	18.861427
0.088600	18.126566
0.088700	16.901798
0.088800	15.677031
0.088900	15.677031
0.089000	16.411892
0.089100	17.146751
0.089200	16.901798
0.089300	15.677031
0.089400	14.697216
0.089500	14.207309
0.089600	14.452262
0.089700	15.187123
0.089800	15.432076
0.089900	15.187123
0.090000	14.207309
0.090100	13.227494
0.090200	12.492634
0.090300	12.247680
0.090400	12.737587
0.090500	13.227494
0.090600	13.472448
0.090700	12.737587
0.090800	12.002727
0.090900	11.022912
0.091000	10.533005
0.091100	10.533005
0.091200	11.022912
0.091300	11.267865
0.091400	11.022912
0.091500	10.288052
0.091600	9.553190
0.091700	9.308237
0.091800	9.553190
0.091900	9.798144
0.092000	9.553190
0.092100	9.308237
0.092200	8.573376
0.092300	8.083468
0.092400	7.838515
0.092500	7.838515
0.092600	7.593562
0.092700	7.593562
0.092800	7.348608
0.092900	6.858701
0.093000	6.368793
0.093100	6.368793
0.093200	6.123840
0.093300	6.123840
0.093400	6.123840
0.093500	5.878886
0.093600	5.144026
0.093700	4.409165
0.093800	3.919258
0.093900	3.919258
0.094000	4.164211
0.094100	4.409165
0.094200	4.164211
0.094300	3.674304
0.094400	3.184397
0.094500	2.939443
0.094600	3.184397
0.094700	3.184397
0.094800	3.184397
0.094900	2.939443
0.095000	2.449536
0.095100	1.959629
0.095200	1.714675
0.095300	1.959629
0.095400	2.204582
0.095500	2.204582
0.095600	1.959629
0.095700	1.714675
0.095800	1.224768
0.095900	0.979814
0.096000	0.979814
0.096100	1.469722
0.096200	1.714675
0.096300	1.714675
0.096400	0.979814
0.096500	0.734861
0.096600	0.489907
0.096700	0.489907
0.096800	0.734861
0.096900	0.489907
0.097000	0.244954
0.097100	-0.000000
0.097200	-0.244954
0.097300	-0.244954
0.097400	-0.244954
0.097500	-0.000000
0.097600	-0.000000
0.097700	-0.000000
0.097800	-0.489907
0.097900	-0.734861
0.098000	-0.979814
0.098100	-0.979814
0.098200	-0.734861
0.098300	-0.734861
0.098400	-0.979814
0.098500	-1.224768
0.098600	-1.224768
0.098700	-0.979814
0.098800	-0.734861
0.098900	-0.734861
0.099000	-0.979814
0.099100	-0.489907
0.099200	-0.244954
0.099300	-0.979814
0.099400	-2.449536
0.099500	-3.429350
0.099600	-3.674304
0.099700	-2.939443
0.099800	-1.959629
0.099900	-1.959629
0.100000	-2.939443
0.100100	-3.674304
0.100200	-3.919258
0.100300	-3.429350
0.100400	-2.204582
0.100500	-0.489907
0.100600	0.489907
0.100700	-0.734861
0.100800	-3.429350
0.100900	-6.368793
0.101000	-7.103654
0.101100	-5.144026
0.101200	-2.449536
0.101300	-1.224768
0.101400	-1.959629
0.101500	-3.919258
0.101600	-5.388979
0.101700	-5.878886
0.101800	-5.144026
0.101900	-3.674304
0.102000	-2.204582
0.102100	-1.959629
0.102200	-3.184397
0.102300	-4.164211
0.102400	-4.409165
0.102500	-2.939443
0.102600	-0.979814
0.102700	-0.244954
0.102800	-1.469722
0.102900	-2.694490
0.103000	-2.939443
0.103100	-1.959629
0.103200	-0.489907
0.103300	0.979814
0.103400	1.714675
0.103500	1.469722
0.103600	-0.000000
0.103700	-1.224768
0.103800	-1.714675
0.103900	-0.244954
0.104000	2.449536
0.104100	4.164211
0.104200	3.674304
0.104300	0.244954
0.104400	-2.939443
0.104500	-3.429350
0.104600	-0.734861
0.104700	2.204582
0.104800	2.449536
0.104900	-0.000000
0.105000	-3.184397
0.105100	-3.674304
0.105200	-1.469722
0.105300	1.469722
0.105400	2.449536
0.105500	0.734861
0.105600	-1.714675
0.105700	-2.694490
0.105800	-1.959629
0.105900	-0.734861
0.106000	-0.489907
0.106100	-0.979814
0.106200	-1.224768
0.106300	-0.979814
0.106400	-0.734861
0.106500	-1.224768
0.106600	-1.714675
0.106700	-1.714675
0.106800	-0.734861
0.106900	-0.244954
0.107000	-0.734861
0.107100	-1.714675
0.107200	-1.959629
0.107300	-1.469722
0.107400	-0.244954
0.107500	0.244954
0.107600	-0.489907
0.107700	-1.959629
0.107800	-2.694490
0.107900	-2.204582
0.108000	-1.469722
0.108100	-0.979814
0.108200	-1.224768
0.108300	-1.959629
0.108400	-2.449536
0.108500	-2.204582
0.108600	-1.959629
0.108700	-1.959629
0.108800	-2.204582
0.108900	-2.449536
0.109000	-2.449536
0.109100	-2.939443
0.109200	-3.184397
0.109300	-3.429350
0.109400	-3.184397
0.109500	-2.939443
0.109600	-2.449536
0.109700	-2.449536
0.109800	-2.939443
0.109900	-3.429350
0.110000	-3.184397
0.110100	-2.694490
0.110200	-2.204582
0.110300	-2.449536
0.110400	-3.184397
0.110500	-3.919258
0.110600	-3.919258
0.110700	-3.184397
0.110800	-2.694490
0.110900	-2.694490
0.111000	-2.939443
0.111100	-2.939443
0.111200	-2.694490
0.111300	-2.204582
0.111400	-2.204582
0.111500	-2.204582
0.111600	-2.449536
0.111700	-2.204582
0.111800	-2.204582
0.111900	-2.204582
0.112000	-2.204582
0.112100	-2.204582
0.112200	-2.204582
0.112300	-2.204582
0.112400	-2.204582
0.112500	-2.449536
0.112600	-2.694490
0.112700	-2.449536
0.112800	-2.204582
0.112900	-2.204582
0.113000	-2.204582
0.113100	-1.959629
0.113200	-0.979814
0.113300	-1.224768
0.113400	-3.674304
0.113500	-5.878886
0.113600	-5.388979
0.113700	-3.184397
0.113800	-0.734861
0.113900	-0.000000
0.114000	-1.469722
0.114100	-4.164211
0.114200	-5.878886
0.114300	-5.633933
0.114400	-3.184397
0.114500	-0.244954
0.114600	0.734861
0.114700	-1.224768
0.114800	-3.429350
0.114900	-4.654119
0.115000	-4.164211
0.115100	-2.204582
0.115200	-0.489907
0.115300	0.244954
0.115400	-1.224768
0.115500	-4.164211
0.115600	-5.388979
0.115700	-3.919258
0.115800	-1.714675
0.115900	-1.469722
0.116000	-2.939443
0.116100	-4.654119
0.116200	-5.388979
0.116300	-4.164211
0.116400	-2.204582
0.116500	-0.489907
0.116600	-0.000000
0.116700	-1.714675
0.116800	-3.919258
0.116900	-5.633933
0.117000	-5.388979
0.117100	-3.674304
0.117200	-1.714675
0.117300	-0.734861
0.117400	-0.979814
0.117500	-1.959629
0.117600	-2.939443
0.117700	-2.939443
0.117800	-1.714675
0.117900	-0.244954
0.118000	0.244954
0.118100	-0.244954
0.118200	-1.959629
0.118300	-2.939443
0.118400	-2.939443
0.118500	-1.959629
0.118600	-0.979814
0.118700	-0.489907
0.118800	-1.224768
0.118900	-2.204582
0.119000	-2.939443
0.119100	-2.694490
0.119200	-1.714675
0.119300	-0.734861
0.119400	-0.734861
0.119500	-1.714675
0.119600	-2.694490
0.119700	-2.939443
0.119800	-1.959629
0.119900	-1.224768
0.120000	-0.734861
0.120100	-0.979814
0.120200	-1.469722
0.120300	-1.714675
0.120400	-1.469722
0.120500	-0.979814
0.120600	-0.489907
0.120700	-0.244954
0.120800	-0.734861
0.120900	-1.224768
0.121000	-1.469722
0.121100	-1.224768
0.121200	-0.734861
0.121300	-0.979814
0.121400	-1.469722
0.121500	-1.469722
0.121600	-1.224768
0.121700	-1.224768
0.121800	-1.469722
0.121900	-1.959629
0.122000	-1.959629
0.122100	-1.714675
0.122200	-1.714675
0.122300	-1.959629
0.122400	-1.714675
0.122500	-1.469722
0.122600	-1.469722
0.122700	-1.714675
0.122800	-2.204582
0.122900	-2.204582
0.123000	-1.469722
0.123100	-1.224768
0.123200	-1.224768
0.123300	-1.469722
0.123400	-1.469722
0.123500	-1.224768
0.123600	-1.224768
0.123700	-1.224768
0.123800	-1.224768
0.123900	-0.979814
0.124000	-0.979814
0.124100	-1.224768
0.124200	-1.714675
0.124300	-1.714675
0.124400	-1.714675
0.124500	-1.469722
0.124600	-1.469722
0.124700	-1.469722
0.124800	-1.469722
0.124900	-1.469722
0.125000	-1.469722
0.125100	-1.224768
0.125200	-0.979814
0.125300	-1.224768
0.125400	-1.469722
0.125500	-1.959629
0.125600	-1.959629
0.125700	-1.469722
0.125800	-1.224768
0.125900	-0.979814
0.126000	-1.469722
0.126100	-1.714675
0.126200	-1.714675
0.126300	-1.469722
0.126400	-1.224768
0.126500	-0.979814
0.126600	-1.224768
0.126700	-1.469722
0.126800	-1.714675
0.126900	-1.714675
0.127000	-1.714675
0.127100	-1.469722
0.127200	-1.224768
0.127300	-1.224768
0.127400	-1.224768
0.127500	-1.714675
0.127600	-1.959629
0.127700	-1.714675
0.127800	-1.469722
0.127900	-1.469722
0.128000	-1.469722
0.128100	-1.714675
0.128200	-1.714675
0.128300	-1.714675
0.128400	-1.714675
0.128500	-1.469722
0.128600	-1.469722
0.128700	-1.714675
0.128800	-1.714675
0.128900	-1.714675
0.129000	-1.714675
0.129100	-1.714675
0.129200	-1.714675
0.129300	-1.469722
0.129400	-1.469722
0.129500	-1.469722
0.129600	-1.469722
0.129700	-1.714675
0.129800	-1.714675
0.129900	-1.469722
0.130000	-1.469722
0.130100	-1.469722
0.130200	-1.469722
0.130300	-1.469722
0.130400	-1.714675
0.130500	-1.714675
0.130600	-1.714675
0.130700	-1.714675
0.130800	-1.714675
0.130900	-1.714675
0.131000	-1.959629
0.131100	-1.959629
0.131200	-1.959629
0.131300	-1.469722
0.131400	-0.979814
0.131500	-1.224768
0.131600	-1.714675
0.131700	-1.714675
0.131800	-1.469722
0.131900	-0.979814
0.132000	-0.489907
0.132100	-0.734861
0.132200	-1.224768
0.132300	-1.224768
0.132400	-1.224768
0.132500	-0.979814
0.132600	-0.734861
0.132700	-0.734861
0.132800	-1.224768
0.132900	-1.959629
0.133000	-2.449536
0.133100	-2.204582
0.133200	-1.469722
0.133300	-1.224768
0.133400	-1.714675
0.133500	-2.449536
0.133600	-2.939443
0.133700	-2.939443
0.133800	-2.204582
0.133900	-1.714675
0.134000	-1.469722
0.134100	-1.469722
0.134200	-1.469722
0.134300	-1.469722
0.134400	-1.714675
0.134500	-1.469722
0.134600	-1.469722
0.134700	-1.469722
0.134800	-1.714675
0.134900	-2.449536
0.135000	-2.449536
0.135100	-1.224768
0.135200	0.244954
0.135300	0.979814
0.135400	0.489907
0.135500	-1.224768
0.135600	-2.939443
0.135700	-3.429350
0.135800	-2.204582
0.135900	-0.734861
0.136000	-0.244954
0.136100	-1.469722
0.136200	-2.939443
0.136300	-3.919258
0.136400	-3.674304
0.136500	-1.959629
0.136600	-0.000000
0.136700	0.489907
0.136800	-0.489907
0.136900	-2.449536
0.137000	-3.429350
0.137100	-2.939443
0.137200	-1.469722
0.137300	-0.244954
0.137400	-0.000000
0.137500	-0.489907
0.137600	-1.714675
0.137700	-2.449536
0.137800	-2.204582
0.137900	-1.224768
0.138000	-0.000000
0.138100	0.244954
0.138200	-0.734861
0.138300	-2.204582
0.138400	-3.429350
0.138500	-3.429350
0.138600	-2.204582
0.138700	-0.979814
0.138800	-0.979814
0.138900	-2.204582
0.139000	-3.674304
0.139100	-3.674304
0.139200	-2.449536
0.139300	-1.469722
0.139400	-0.979814
0.139500	-0.734861
0.139600	-0.734861
0.139700	-1.224768
0.139800	-1.959629
0.139900	-2.449536
0.140000	-2.204582
0.140100	-1.959629
0.140200	-1.714675
0.140300	-1.959629
0.140400	-2.694490
0.140500	-2.694490
0.140600	-2.204582
0.140700	-1.959629
0.140800	-2.204582
0.140900	-2.204582
0.141000	-1.959629
0.141100	-1.469722
0.141200	-1.469722
0.141300	-1.959629
0.141400	-2.449536
0.141500	-2.449536
0.141600	-1.959629
0.141700	-1.959629
0.141800	-2.204582
0.141900	-2.204582
0.142000	-1.959629
0.142100	-1.469722
0.142200	-1.469722
0.142300	-1.469722
0.142400	-1.714675
0.142500	-1.714675
0.142600	-1.714675
0.142700	-1.714675
0.142800	-1.714675
0.142900	-1.959629
0.143000	-1.714675
0.143100	-1.959629
0.143200	-2.204582
0.143300	-2.449536
0.143400	-2.694490
0.143500	-2.449536
0.143600	-2.204582
0.143700	-1.959629
0.143800	-1.959629
0.143900	-2.449536
0.144000	-2.694490
0.144100	-2.449536
0.144200	-2.204582
0.144300	-2.204582
0.144400	-2.204582
0.144500	-2.204582
0.144600	-2.204582
0.144700	-2.204582
0.144800	-2.449536
0.144900	-2.449536
0.145000	-2.449536
0.145100	-2.204582
0.145200	-2.449536
0.145300	-2.694490
0.145400	-2.694490
0.145500	-2.694490
0.145600	-2.694490
0.145700	-2.694490
0.145800	-2.694490
0.145900	-2.694490
0.146000	-2.694490
0.146100	-2.449536
0.146200	-2.694490
0.146300	-2.694490
0.146400	-2.939443
0.146500	-2.939443
0.146600	-2.939443
0.146700	-2.694490
0.146800	-2.449536
0.146900	-2.694490
0.147000	-2.694490
0.147100	-2.939443
0.147200	-2.939443
0.147300	-2.694490
0.147400	-2.449536
0.147500	-2.449536
0.147600	-2.694490
0.147700	-2.939443
0.147800	-2.694490
0.147900	-2.449536
0.148000	-2.449536
0.148100	-2.449536
0.148200	-2.449536
0.148300	-2.449536
0.148400	-2.694490
0.148500	-2.694490
0.148600	-2.694490
0.148700	-2.449536
0.148800	-2.449536
0.148900	-2.449536
0.149000	-2.449536
0.149100	-2.449536
0.149200	-2.449536
0.149300	-2.449536
0.149400	-2.449536
0.149500	-2.449536
0.149600	-2.694490
0.149700	-2.694490
0.149800	-2.694490
0.149900	-2.449536
0.150000	-2.449536
0.150100	-2.694490
0.150200	-2.939443
0.150300	-2.694490
0.150400	-2.694490
0.150500	-2.694490
0.150600	-2.449536
0.150700	-2.694490
0.150800	-2.694490
0.150900	-2.939443
0.151000	-2.939443
0.151100	-2.694490
0.151200	-2.694490
0.151300	-2.694490
0.151400	-2.939443
0.151500	-2.939443
0.151600	-2.939443
0.151700	-2.939443
0.151800	-2.939443
0.151900	-2.939443
0.152000	-2.939443
0.152100	-2.939443
0.152200	-2.694490
0.152300	-2.939443
0.152400	-2.939443
0.152500	-2.939443
0.152600	-2.694490
0.152700	-2.694490
0.152800	-2.939443
0.152900	-2.694490
0.153000	-2.939443
0.153100	-2.939443
0.153200	-2.939443
0.153300	-2.939443
0.153400	-2.939443
0.153500	-2.939443
0.153600	-2.939443
0.153700	-2.939443
0.153800	-2.939443
0.153900	-2.694490
0.154000	-2.939443
0.154100	-2.939443
0.154200	-2.939443
0.154300	-2.939443
0.154400	-2.939443
0.154500	-2.939443
0.154600	-2.939443
0.154700	-2.939443
0.154800	-2.939443
0.154900	-2.939443
0.155000	-3.184397
0.155100	-2.939443
0.155200	-2.939443
0.155300	-2.939443
0.155400	-2.939443
0.155500	-2.939443
0.155600	-2.939443
0.155700	-2.939443
0.155800	-2.939443
0.155900	-2.939443
0.156000	-2.939443
0.156100	-2.939443
0.156200	-2.939443
0.156300	-3.184397
0.156400	-2.939443
0.156500	-2.939443
0.156600	-2.939443
0.156700	-2.939443
0.156800	-3.184397
0.156900	-3.184397
0.157000	-2.939443
0.157100	-2.939443
0.157200	-2.939443
0.157300	-3.184397
0.157400	-2.939443
0.157500	-2.939443
0.157600	-2.939443
0.157700	-2.939443
0.157800	-3.184397
0.157900	-2.939443
0.158000	-2.939443
0.158100	-2.939443
0.158200	-2.939443
0.158300	-2.939443
0.158400	-2.939443
0.158500	-2.939443
0.158600	-2.939443
0.158700	-3.184397
0.158800	-2.939443
0.158900	-2.939443
0.159000	-2.939443
0.159100	-2.939443
0.159200	-2.939443
0.159300	-2.939443
0.159400	-2.939443
0.159500	-2.939443
0.159600	-2.694490
0.159700	-2.204582
0.159800	-1.714675
0.159900	-2.204582
0.160000	-3.674304
0.160100	-5.144026
0.160200	-5.144026
0.160300	-3.184397
0.160400	-1.469722
0.160500	-1.224768
0.160600	-3.184397
0.160700	-5.388979
0.160800	-5.388979
0.160900	-3.184397
0.161000	-0.489907
0.161100	0.489907
0.161200	-0.979814
0.161300	-3.429350
0.161400	-5.388979
0.161500	-5.144026
0.161600	-3.674304
0.161700	-1.714675
0.161800	-0.734861
0.161900	-1.224768
0.162000	-2.939443
0.162100	-4.164211
0.162200	-4.164211
0.162300	-2.694490
0.162400	-1.469722
0.162500	-0.979814
0.162600	-1.959629
0.162700	-2.939443
0.162800	-3.429350
0.162900	-2.939443
0.163000	-2.204582
0.163100	-1.714675
0.163200	-2.204582
0.163300	-2.939443
0.163400	-3.429350
0.163500	-3.184397
0.163600	-2.449536
0.163700	-1.469722
0.163800	-0.734861
0.163900	-0.979814
0.164000	-3.184397
0.164100	-5.144026
0.164200	-5.144026
0.164300	-2.939443
0.164400	-0.489907
0.164500	-0.000000
0.164600	-1.469722
0.164700	-4.164211
0.164800	-5.633933
0.164900	-5.144026
0.165000	-3.184397
0.165100	-0.734861
0.165200	-0.000000
0.165300	-0.979814
0.165400	-3.184397
0.165500	-4.899072
0.165600	-4.654119
0.165700	-2.204582
0.165800	-0.244954
0.165900	-0.244954
0.166000	-1.714675
0.166100	-3.429350
0.166200	-4.409165
0.166300	-3.184397
0.166400	-1.714675
0.166500	-0.979814
0.166600	-1.469722
0.166700	-2.449536
0.166800	-2.694490
0.166900	-2.939443
0.167000	-2.694490
0.167100	-2.204582
0.167200	-1.959629
0.167300	-1.714675
0.167400	-1.959629
0.167500	-2.449536
0.167600	-3.184397
0.167700	-3.429350
0.167800	-2.939443
0.167900	-2.204582
0.168000	-1.469722
0.168100	-1.469722
0.168200	-2.449536
0.168300	-3.429350
0.168400	-3.674304
0.168500	-2.449536
0.168600	-1.469722
0.168700	-0.734861
0.168800	-1.224768
0.168900	-2.204582
0.169000	-2.939443
0.169100	-2.939443
0.169200	-2.449536
0.169300	-1.714675
0.169400	-1.714675
0.169500	-1.714675
0.169600	-1.959629
0.169700	-2.449536
0.169800	-2.694490
0.169900	-2.449536
0.170000	-1.714675
0.170100	-1.224768
0.170200	-1.469722
0.170300	-1.714675
0.170400	-2.204582
0.170500	-2.449536
0.170600	-2.449536
0.170700	-2.204582
0.170800	-1.959629
0.170900	-1.959629
0.171000	-1.959629
0.171100	-2.204582
0.171200	-2.204582
0.171300	-1.959629
0.171400	-1.959629
0.171500	-1.714675
0.171600	-1.959629
0.171700	-1.959629
0.171800	-1.959629
0.171900	-1.959629
0.172000	-1.959629
0.172100	-1.714675
0.172200	-1.714675
0.172300	-1.714675
0.172400	-1.959629
0.172500	-1.959629
0.172600	-1.959629
0.172700	-1.714675
0.172800	-1.469722
0.172900	-1.714675
0.173000	-1.714675
0.173100	-1.714675
0.173200	-1.714675
0.173300	-1.959629
0.173400	-1.959629
0.173500	-1.959629
0.173600	-1.959629
0.173700	-1.959629
0.173800	-1.714675
0.173900	-1.469722
0.174000	-1.224768
0.174100	-1.224768
0.174200	-1.959629
0.174300	-2.204582
0.174400	-1.714675
0.174500	-1.469722
0.174600	-1.469722
0.174700	-1.959629
0.174800	-1.714675
0.174900	-1.714675
0.175000	-1.959629
0.175100	-2.449536
0.175200	-2.449536
0.175300	-1.959629
0.175400	-0.979814
0.175500	-0.979814
0.175600	-1.469722
0.175700	-2.204582
0.175800	-2.204582
0.175900	-1.959629
0.176000	-1.469722
0.176100	-0.979814
0.176200	-0.734861
0.176300	-0.979814
0.176400	-1.714675
0.176500	-2.449536
0.176600	-2.449536
0.176700	-1.714675
0.176800	-0.979814
0.176900	-0.979814
0.177000	-1.469722
0.177100	-1.714675
0.177200	-1.469722
0.177300	-1.224768
0.177400	-1.224768
0.177500	-1.469722
0.177600	-1.469722
0.177700	-1.224768
0.177800	-1.224768
0.177900	-1.469722
0.178000	-1.224768
0.178100	-1.469722
0.178200	-1.224768
0.178300	-1.469722
0.178400	-1.714675
0.178500	-1.469722
0.178600	-1.224768
0.178700	-1.224768
0.178800	-1.469722
0.178900	-1.714675
0.179000	-1.714675
0.179100	-1.714675
0.179200	-1.469722
0.179300	-1.469722
0.179400	-1.469722
0.179500	-1.469722
0.179600	-1.469722
0.179700	-1.469722
0.179800	-1.469722
0.179900	-1.714675
0.180000	-1.469722
0.180100	-1.469722
0.180200	-1.469722
0.180300	-1.714675
0.180400	-1.714675
0.180500	-1.469722
0.180600	-1.469722
0.180700	-1.469722
0.180800	-1.469722
0.180900	-1.469722
0.181000	-1.469722
0.181100	-1.469722
0.181200	-1.469722
0.181300	-1.469722
0.181400	-1.469722
0.181500	-1.714675
0.181600	-1.469722
0.181700	-1.469722
0.181800	-1.469722
0.181900	-1.469722
0.182000	-1.469722
0.182100	-1.469722
0.182200	-1.469722
0.182300	-1.469722
0.182400	-1.469722
0.182500	-1.469722
0.182600	-1.469722
0.182700	-1.469722
0.182800	-1.469722
0.182900	-1.469722
0.183000	-1.469722
0.183100	-1.714675
0.183200	-1.469722
0.183300	-1.469722
0.183400	-1.469722
0.183500	-1.469722
0.183600	-1.469722
0.183700	-1.469722
0.183800	-1.469722
0.183900	-1.469722
0.184000	-1.469722
0.184100	-1.469722
0.184200	-1.469722
0.184300	-1.469722
0.184400	-1.469722
0.184500	-1.469722
0.184600	-1.469722
0.184700	-1.469722
0.184800	-1.224768
0.184900	-1.469722
0.185000	-1.224768
0.185100	-1.469722
0.185200	-1.469722
0.185300	-1.469722
0.185400	-1.224768
0.185500	-1.469722
0.185600	-1.469722
0.185700	-1.469722
0.185800	-1.469722
0.185900	-1.469722
0.186000	-1.469722
0.186100	-1.469722
0.186200	-1.469722
0.186300	-1.469722
0.186400	-1.469722
0.186500	-1.469722
0.186600	-1.469722
0.186700	-1.469722
0.186800	-1.469722
0.186900	-1.469722
0.187000	-1.469722
0.187100	-1.469722
0.187200	-1.469722
0.187300	-1.469722
0.187400	-1.469722
0.187500	-1.469722
0.187600	-1.469722
0.187700	-1.469722
0.187800	-1.469722
0.187900	-1.469722
0.188000	-1.469722
0.188100	-1.469722
0.188200	-1.469722
0.188300	-1.469722
0.188400	-1.469722
0.188500	-1.469722
0.188600	-1.469722
0.188700	-1.469722
0.188800	-1.469722
0.188900	-1.469722
0.189000	-1.469722
0.189100	-1.469722
0.189200	-1.469722
0.189300	-1.469722
0.189400	-1.469722
0.189500	-1.469722
0.189600	-1.469722
0.189700	-1.469722
0.189800	-1.469722
0.189900	-1.469722
0.190000	-1.714675
0.190100	-1.469722
0.190200	-1.714675
0.190300	-1.714675
0.190400	-1.469722
0.190500	-1.714675
0.190600	-1.469722
0.190700	-1.469722
0.190800	-1.469722
0.190900	-1.469722
0.191000	-1.469722
0.191100	-1.469722
0.191200	-1.469722
0.191300	-1.714675
0.191400	-1.714675
0.191500	-1.714675
0.191600	-1.714675
0.191700	-1.714675
0.191800	-1.714675
0.191900	-1.714675
0.192000	-1.714675
0.192100	-1.469722
0.192200	-1.714675
0.192300	-1.714675
0.192400	-1.469722
0.192500	-1.714675
0.192600	-1.714675
0.192700	-1.714675
0.192800	-1.714675
0.192900	-1.469722
0.193000	-1.469722
0.193100	-1.469722
0.193200	-1.469722
0.193300	-1.469722
0.193400	-1.469722
0.193500	-1.469722
0.193600	-1.469722
0.193700	-1.714675
0.193800	-1.469722
0.193900	-1.469722
0.194000	-1.469722
0.194100	-1.469722
0.194200	-1.469722
0.194300	-1.469722
0.194400	-1.469722
0.194500	-1.714675
0.194600	-1.469722
0.194700	-1.714675
0.194800	-1.469722
0.194900	-1.469722
0.195000	-1.469722
0.195100	-1.469722
0.195200	-1.469722
0.195300	-1.469722
0.195400	-1.469722
0.195500	-1.469722
0.195600	-1.469722
0.195700	-1.469722
0.195800	-1.469722
0.195900	-1.469722
0.196000	-1.469722
0.196100	-1.469722
0.196200	-1.469722
0.196300	-1.469722
0.196400	-1.469722
0.196500	-1.469722
0.196600	-1.469722
0.196700	-1.469722
0.196800	-1.469722
0.196900	-1.469722
0.197000	-1.469722
0.197100	-1.469722
0.197200	-1.224768
0.197300	-1.224768
0.197400	-0.979814
0.197500	-1.224768
0.197600	-1.714675
0.197700	-1.959629
0.197800	-1.959629
0.197900	-1.469722
0.198000	-0.979814
0.198100	-1.224768
0.198200	-1.714675
0.198300	-2.204582
0.198400	-1.959629
0.198500	-1.469722
0.198600	-0.734861
0.198700	-0.489907
0.198800	-0.979814
0.198900	-1.714675
0.199000	-2.204582
0.199100	-1.959629
0.199200	-1.469722
0.199300	-0.979814
0.199400	-0.734861
0.199500	-0.979814
0.199600	-1.469722
0.199700	-1.469722
0.199800	-1.224768
0.199900	-1.469722
0.200000	-1.224768
0.200100	-1.224768
0.200200	-1.224768
0.200300	-1.224768
0.200400	-1.224768
0.200500	-1.469722
0.200600	-1.714675
0.200700	-1.714675
0.200800	-1.714675
0.200900	-1.714675
0.201000	-1.224768
0.201100	-0.979814
0.201200	-1.224768
0.201300	-1.469722
0.201400	-1.714675
0.201500	-1.714675
0.201600	-1.224768
0.201700	-0.979814
0.201800	-0.979814
0.201900	-1.469722
0.202000	-1.714675
0.202100	-1.714675
0.202200	-1.469722
0.202300	-1.224768
0.202400	-0.979814
0.202500	-0.979814
0.202600	-1.469722
0.202700	-1.469722
0.202800	-1.469722
0.202900	-1.224768
0.203000	-0.979814
0.203100	-0.979814
0.203200	-0.979814
0.203300	-1.469722
0.203400	-1.469722
0.203500	-1.714675
0.203600	-1.469722
0.203700	-1.224768
0.203800	-0.979814
0.203900	-1.224768
0.204000	-1.224768
0.204100	-1.469722
0.204200	-1.469722
0.204300	-1.224768
0.204400	-0.979814
0.204500	-0.979814
0.204600	-1.224768
0.204700	-1.224768
0.204800	-1.469722
0.204900	-1.224768
0.205000	-1.224768
0.205100	-0.979814
0.205200	-0.979814
0.205300	-1.224768
0.205400	-1.224768
0.205500	-1.224768
0.205600	-1.224768
0.205700	-0.979814
0.205800	-0.979814
0.205900	-0.979814
0.206000	-0.979814
0.206100	-1.224768
0.206200	-1.224768
0.206300	-0.979814
0.206400	-0.979814
0.206500	-0.979814
0.206600	-0.979814
0.206700	-0.979814
0.206800	-0.979814
0.206900	-0.979814
0.207000	-0.979814
0.207100	-0.979814
0.207200	-0.979814
0.207300	-0.979814
0.207400	-0.979814
0.207500	-0.979814
0.207600	-0.979814
0.207700	-0.734861
0.207800	-0.734861
0.207900	-0.979814
0.208000	-0.979814
0.208100	-0.979814
0.208200	-0.979814
0.208300	-0.979814
0.208400	-0.979814
0.208500	-0.979814
0.208600	-0.979814
0.208700	-0.979814
0.208800	-0.979814
0.208900	-0.979814
0.209000	-0.979814
0.209100	-0.734861
0.209200	-0.734861
0.209300	-0.734861
0.209400	-0.979814
0.209500	-0.979814
0.209600	-0.979814
0.209700	-0.979814
0.209800	-0.979814
0.209900	-0.734861
0.210000	-0.979814
0.210100	-0.979814
0.210200	-0.979814
0.210300	-0.734861
0.210400	-0.979814
0.210500	-0.734861
0.210600	-0.979814
0.210700	-0.979814
0.210800	-0.979814
0.210900	-0.979814
0.211000	-0.979814
0.211100	-0.734861
0.211200	-0.979814
0.211300	-0.734861
0.211400	-0.734861
0.211500	-0.734861
0.211600	-0.734861
0.211700	-0.734861
0.211800	-0.734861
0.211900	-0.734861
0.212000	-0.734861
0.212100	-0.734861
0.212200	-0.979814
0.212300	-0.734861
0.212400	-0.979814
0.212500	-0.979814
0.212600	-0.734861
0.212700	-0.979814
0.212800	-0.734861
0.212900	-0.734861
0.213000	-0.734861
0.213100	-0.734861
0.213200	-0.979814
0.213300	-0.979814
0.213400	-0.979814
0.213500	-0.979814
0.213600	-0.979814
0.213700	-0.734861
0.213800	-0.979814
0.213900	-0.979814
0.214000	-0.979814
0.214100	-0.734861
0.214200	-0.979814
0.214300	-0.979814
0.214400	-0.734861
0.214500	-0.734861
0.214600	-0.979814
0.214700	-0.979814
0.214800	-0.979814
0.214900	-0.734861
0.215000	-0.734861
0.215100	-0.979814
0.215200	-0.979814
0.215300	-0.734861
0.215400	-0.734861
0.215500	-0.979814
0.215600	-0.979814
0.215700	-0.734861
0.215800	-0.979814
0.215900	-0.734861
0.216000	-0.734861
0.216100	-0.734861
0.216200	-0.979814
0.216300	-0.979814
0.216400	-0.979814
0.216500	-0.979814
0.216600	-0.734861
0.216700	-0.979814
0.216800	-0.979814
0.216900	-0.734861
0.217000	-0.979814
0.217100	-0.979814
0.217200	-0.979814
0.217300	-0.979814
0.217400	-0.734861
0.217500	-0.734861
0.217600	-0.734861
0.217700	-0.734861
0.217800	-0.734861
0.217900	-0.734861
0.218000	-0.734861
0.218100	-0.734861
0.218200	-0.734861
0.218300	-0.734861
0.218400	-0.979814
0.218500	-0.734861
0.218600	-0.734861
0.218700	-0.734861
0.218800	-0.734861
0.218900	-0.734861
0.219000	-0.734861
0.219100	-0.734861
0.219200	-0.734861
0.219300	-0.734861
0.219400	-0.734861
0.219500	-0.734861
0.219600	-0.734861
0.219700	-0.734861
0.219800	-0.734861
0.219900	-0.734861
0.220000	-0.734861
0.220100	-0.734861
0.220200	-0.734861
0.220300	-0.734861
0.220400	-0.734861
0.220500	-0.734861
0.220600	-0.734861
0.220700	-0.734861
0.220800	-0.734861
0.220900	-0.734861
0.221000	-0.734861
0.221100	-0.734861
0.221200	-0.734861
0.221300	-0.734861
0.221400	-0.734861
0.221500	-0.734861
0.221600	-0.734861
0.221700	-0.734861
0.221800	-0.734861
0.221900	-0.734861
0.222000	-0.734861
0.222100	-0.734861
0.222200	-0.734861
0.222300	-0.734861
0.222400	-0.734861
0.222500	-0.734861
0.222600	-0.734861
0.222700	-0.734861
0.222800	-0.734861
0.222900	-0.734861
0.223000	-0.734861
0.223100	-0.734861
0.223200	-0.734861
0.223300	-0.734861
0.223400	-0.734861
0.223500	-0.734861
0.223600	-0.734861
0.223700	-0.734861
0.223800	-0.734861
0.223900	-0.734861
0.224000	-0.734861
0.224100	-0.734861
0.224200	-0.734861
0.224300	-0.734861
0.224400	-0.734861
0.224500	-0.734861
0.224600	-0.734861
0.224700	-0.734861
0.224800	-0.734861
0.224900	-0.734861
0.225000	-0.734861
0.225100	-0.734861
0.225200	-0.734861
0.225300	-0.734861
0.225400	-0.734861
0.225500	-0.734861
0.225600	-0.734861
0.225700	-0.734861
0.225800	-0.734861
0.225900	-0.734861
0.226000	-0.734861
0.226100	-0.734861
0.226200	-0.734861
0.226300	-0.734861
0.226400	-0.734861
0.226500	-0.734861
0.226600	-0.734861
0.226700	-0.734861
0.226800	-0.734861
0.226900	-0.734861
0.227000	-0.734861
0.227100	-0.734861
0.227200	-0.734861
0.227300	-0.734861
0.227400	-0.734861
0.227500	-0.734861
0.227600	-0.734861
0.227700	-0.734861
0.227800	-0.734861
0.227900	-0.734861
0.228000	-0.734861
0.228100	-0.734861
0.228200	-0.734861
0.228300	-0.734861
0.228400	-0.734861
0.228500	-0.734861
0.228600	-0.734861
0.228700	-0.734861
0.228800	-0.734861
0.228900	-0.734861
0.229000	-0.734861
0.229100	-0.734861
0.229200	-0.734861
0.229300	-0.734861
0.229400	-0.734861
0.229500	-0.734861
0.229600	-0.734861
0.229700	-0.734861
0.229800	-0.734861
0.229900	-0.734861
0.230000	-0.734861
0.230100	-0.734861
0.230200	-0.734861
0.230300	-0.734861
0.230400	-0.734861
0.230500	-0.734861
0.230600	-0.734861
0.230700	-0.734861
0.230800	-0.734861
0.230900	-0.734861
0.231000	-0.734861
0.231100	-0.734861
0.231200	-0.734861
0.231300	-0.734861
0.231400	-0.734861
0.231500	-0.734861
0.231600	-0.734861
0.231700	-0.734861
0.231800	-0.734861
0.231900	-0.734861
0.232000	-0.489907
0.232100	-0.734861
0.232200	-0.734861
0.232300	-0.734861
0.232400	-0.734861
0.232500	-0.734861
0.232600	-0.734861
0.232700	-0.734861
0.232800	-0.734861
0.232900	-0.734861
0.233000	-0.489907
0.233100	-0.489907
0.233200	-0.489907
0.233300	-0.489907
0.233400	-0.734861
0.233500	-0.489907
0.233600	-0.734861
0.233700	-0.734861
0.233800	-0.489907
0.233900	-0.734861
0.234000	-0.489907
0.234100	-0.489907
0.234200	-0.489907
0.234300	-0.489907
0.234400	-0.489907
0.234500	-0.734861
0.234600	-0.489907
0.234700	-0.489907
0.234800	-0.489907
0.234900	-0.489907
0.235000	-0.489907
0.235100	-0.489907
0.235200	-0.489907
0.235300	-0.489907
0.235400	-0.489907
0.235500	-0.489907
0.235600	-0.489907
0.235700	-0.489907
0.235800	-0.489907
0.235900	-0.489907
0.236000	-0.489907
0.236100	-0.489907
0.236200	-0.489907
0.236300	-0.489907
0.236400	-0.489907
0.236500	-0.489907
0.236600	-0.489907
0.236700	-0.489907
0.236800	-0.489907
0.236900	-0.489907
0.237000	-0.489907
0.237100	-0.489907
0.237200	-0.489907
0.237300	-0.489907
0.237400	-0.489907
0.237500	-0.489907
0.237600	-0.489907
0.237700	-0.489907
0.237800	-0.489907
0.237900	-0.244954
0.238000	-0.489907
0.238100	-0.489907
0.238200	-0.489907
0.238300	-0.489907
0.238400	-0.489907
0.238500	-0.489907
0.238600	-0.489907
0.238700	-0.489907
0.238800	-0.489907
0.238900	-0.244954
0.239000	-0.489907
0.239100	-0.244954
0.239200	-0.489907
0.239300	-0.244954
0.239400	-0.489907
0.239500	-0.244954
0.239600	-0.489907
0.239700	-0.489907
0.239800	-0.244954
0.239900	-0.244954
0.240000	-0.244954
0.240100	-0.489907
0.240200	-0.244954
0.240300	-0.489907
0.240400	-0.244954
0.240500	-0.244954
0.240600	-0.244954
0.240700	-0.489907
0.240800	-0.244954
0.240900	-0.489907
0.241000	-0.244954
0.241100	-0.244954
0.241200	-0.489907
0.241300	-0.489907
0.241400	-0.244954
0.241500	-0.489907
0.241600	-0.489907
0.241700	-0.244954
0.241800	-0.489907
0.241900	-0.489907
0.242000	-0.244954
0.242100	-0.244954
0.242200	-0.244954
0.242300	-0.244954
0.242400	-0.244954
0.242500	-0.244954
0.242600	-0.244954
0.242700	-0.244954
0.242800	-0.244954
0.242900	-0.244954
0.243000	-0.244954
0.243100	-0.244954
0.243200	-0.244954
0.243300	-0.244954
0.243400	-0.244954
0.243500	-0.244954
0.243600	-0.244954
0.243700	-0.244954
0.243800	-0.244954
0.243900	-0.244954
0.244000	-0.244954
0.244100	-0.244954
0.244200	-0.244954
0.244300	-0.244954
0.244400	-0.244954
0.244500	-0.244954
0.244600	-0.244954
0.244700	-0.244954
0.244800	-0.244954
0.244900	-0.244954
0.245000	-0.244954
0.245100	-0.244954
0.245200	-0.244954
0.245300	-0.244954
0.245400	-0.244954
0.245500	-0.244954
0.245600	-0.244954
0.245700	-0.244954
0.245800	-0.244954
0.245900	-0.244954
0.246000	-0.244954
0.246100	-0.244954
0.246200	-0.244954
0.246300	-0.244954
0.246400	-0.244954
0.246500	-0.244954
0.246600	-0.244954
0.246700	-0.000000
0.246800	-0.000000
0.246900	-0.244954
0.247000	-0.000000
0.247100	-0.000000
0.247200	-0.244954
0.247300	-0.000000
0.247400	-0.000000
0.247500	-0.000000
0.247600	-0.000000
0.247700	-0.000000
0.247800	-0.000000
0.247900	-0.244954
0.248000	-0.000000
0.248100	-0.000000
0.248200	-0.000000
0.248300	-0.000000
0.248400	-0.000000
0.248500	-0.000000
0.248600	-0.000000
0.248700	-0.000000
0.248800	-0.000000
0.248900	-0.000000
0.249000	-0.000000
0.249100	-0.000000
0.249200	-0.000000
0.249300	-0.000000
0.249400	-0.000000
0.249500	-0.000000
0.249600	-0.000000
0.249700	-0.000000
0.249800	-0.000000
0.249900	-0.000000
0.250000	-0.000000
0.250100	-0.000000
0.250200	-0.000000
0.250300	-0.000000
0.250400	-0.000000
0.250500	-0.000000
0.250600	-0.000000
0.250700	-0.000000
0.250800	-0.000000
0.250900	-0.000000
0.251000	-0.000000
0.251100	-0.000000
0.251200	-0.000000
0.251300	-0.000000
0.251400	-0.000000
0.251500	-0.000000
0.251600	-0.000000
0.251700	-0.000000
0.251800	-0.000000
0.251900	0.244954
0.252000	-0.000000
0.252100	-0.000000
0.252200	-0.000000
0.252300	-0.000000
0.252400	-0.000000
0.252500	-0.000000
0.252600	0.244954
0.252700	-0.000000
0.252800	-0.000000
0.252900	-0.000000
0.253000	-0.000000
0.253100	-0.000000
0.253200	0.244954
0.253300	0.244954
0.253400	0.244954
0.253500	-0.000000
0.253600	0.244954
0.253700	-0.000000
0.253800	0.244954
0.253900	0.244954
0.254000	0.244954
0.254100	-0.000000
0.254200	0.244954
0.254300	0.244954
0.254400	0.244954
0.254500	0.244954
0.254600	0.244954
0.254700	0.244954
0.254800	0.244954
0.254900	0.244954
0.255000	0.244954
0.255100	0.244954
0.255200	0.244954
0.255300	0.244954
0.255400	0.244954
0.255500	0.244954
0.255600	0.244954
0.255700	0.244954
0.255800	0.244954
0.255900	0.244954
0.256000	0.244954
0.256100	0.244954
0.256200	0.244954
0.256300	0.244954
0.256400	0.244954
0.256500	0.244954
0.256600	0.244954
0.256700	0.244954
0.256800	0.244954
0.256900	0.244954
0.257000	0.244954
0.257100	0.244954
0.257200	0.244954
0.257300	0.244954
0.257400	0.244954
0.257500	0.244954
0.257600	0.244954
0.257700	0.489907
0.257800	0.244954
0.257900	0.244954
0.258000	0.244954
0.258100	0.244954
0.258200	0.489907
0.258300	0.244954
0.258400	0.244954
0.258500	0.244954
0.258600	0.244954
0.258700	0.489907
0.258800	0.244954
0.258900	0.489907
0.259000	0.489907
0.259100	0.489907
0.259200	0.244954
0.259300	0.489907
0.259400	0.489907
0.259500	0.244954
0.259600	0.489907
0.259700	0.489907
0.259800	0.489907
0.259900	0.489907
0.260000	0.489907
0.260100	0.489907
0.260200	0.489907
0.260300	0.489907
0.260400	0.489907
0.260500	0.489907
0.260600	0.489907
0.260700	0.489907
0.260800	0.489907
0.260900	0.489907
0.261000	0.489907
0.261100	0.489907
0.261200	0.489907
0.261300	0.489907
0.261400	0.489907
0.261500	0.489907
0.261600	0.489907
0.261700	0.489907
0.261800	0.489907
0.261900	0.489907
0.262000	0.489907
0.262100	0.489907
0.262200	0.489907
0.262300	0.489907
0.262400	0.489907
0.262500	0.489907
0.262600	0.489907
0.262700	0.489907
0.262800	0.489907
0.262900	0.489907
0.263000	0.489907
0.263100	0.489907
0.263200	0.489907
0.263300	0.489907
0.263400	0.489907
0.263500	0.489907
0.263600	0.489907
0.263700	0.489907
0.263800	0.734861
0.263900	0.734861
0.264000	0.489907
0.264100	0.489907
0.264200	0.489907
0.264300	0.489907
0.264400	0.734861
0.264500	0.734861
0.264600	0.734861
0.264700	0.489907
0.264800	0.489907
0.264900	0.734861
0.265000	0.489907
0.265100	0.734861
0.265200	0.734861
0.265300	0.734861
0.265400	0.734861
0.265500	0.734861
0.265600	0.734861
0.265700	0.734861
0.265800	0.734861
0.265900	0.734861
0.266000	0.734861
0.266100	0.734861
0.266200	0.734861
0.266300	0.734861
0.266400	0.734861
0.266500	0.734861
0.266600	0.734861
0.266700	0.734861
0.266800	0.489907
0.266900	0.734861
0.267000	0.734861
0.267100	0.734861
0.267200	0.734861
0.267300	0.734861
0.267400	0.734861
0.267500	0.734861
0.267600	0.734861
0.267700	0.734861
0.267800	0.734861
0.267900	0.734861
0.268000	0.734861
0.268100	0.734861
0.268200	0.734861
0.268300	0.734861
0.268400	0.734861
0.268500	0.734861
0.268600	0.734861
0.268700	0.734861
0.268800	0.734861
0.268900	0.734861
0.269000	0.734861
0.269100	0.734861
0.269200	0.734861
0.269300	0.734861
0.269400	0.734861
0.269500	0.734861
0.269600	0.734861
0.269700	0.979814
0.269800	0.979814
0.269900	0.734861
0.270000	0.734861
0.270100	0.734861
0.270200	0.734861
0.270300	0.734861
0.270400	0.979814
0.270500	0.734861
0.270600	0.734861
0.270700	0.734861
0.270800	0.734861
0.270900	0.734861
0.271000	0.734861
0.271100	0.734861
0.271200	0.734861
0.271300	0.734861
0.271400	0.734861
0.271500	0.734861
0.271600	0.734861
0.271700	0.734861
0.271800	0.734861
0.271900	0.734861
0.272000	0.734861
0.272100	0.734861
0.272200	0.734861
0.272300	0.734861
0.272400	0.734861
0.272500	0.734861
0.272600	0.734861
0.272700	0.734861
0.272800	0.734861
0.272900	0.734861
0.273000	0.734861
0.273100	0.734861
0.273200	0.734861
0.273300	0.734861
0.273400	0.734861
0.273500	0.734861
0.273600	0.734861
0.273700	0.734861
0.273800	0.979814
0.273900	0.979814
0.274000	0.734861
0.274100	0.734861
0.274200	0.734861
0.274300	0.734861
0.274400	0.979814
0.274500	0.979814
0.274600	0.734861
0.274700	0.979814
0.274800	0.979814
0.274900	0.979814
0.275000	0.979814
0.275100	0.979814
0.275200	0.979814
0.275300	0.979814
0.275400	0.979814
0.275500	0.979814
0.275600	0.734861
0.275700	0.979814
0.275800	0.734861
0.275900	0.734861
0.276000	0.979814
0.276100	0.979814
0.276200	0.979814
0.276300	0.734861
0.276400	0.734861
0.276500	0.734861
0.276600	0.979814
0.276700	0.734861
0.276800	0.979814
0.276900	0.979814
0.277000	0.979814
0.277100	0.979814
0.277200	0.979814
0.277300	0.979814
0.277400	0.979814
0.277500	0.979814
0.277600	0.979814
0.277700	0.979814
0.277800	0.979814
0.277900	0.979814
0.278000	0.979814
0.278100	0.979814
0.278200	0.979814
0.278300	0.979814
0.278400	0.979814
0.278500	0.734861
0.278600	0.979814
0.278700	0.979814
0.278800	0.979814
0.278900	0.979814
0.279000	0.979814
0.279100	0.734861
0.279200	0.734861
0.279300	0.979814
0.279400	0.734861
0.279500	0.979814
0.279600	0.979814
0.279700	0.734861
0.279800	0.734861
0.279900	0.979814
0.280000	0.979814
0.280100	0.734861
0.280200	0.979814
0.280300	0.979814
0.280400	0.979814
0.280500	0.979814
0.280600	0.979814
0.280700	0.979814
0.280800	0.734861
0.280900	0.979814
0.281000	0.979814
0.281100	0.979814
0.281200	0.979814
0.281300	0.979814
0.281400	0.979814
0.281500	0.979814
0.281600	0.979814
0.281700	0.734861
0.281800	0.979814
0.281900	0.979814
0.282000	0.979814
0.282100	0.979814
0.282200	0.979814
0.282300	0.979814
0.282400	0.979814
0.282500	0.734861
0.282600	0.979814
0.282700	0.979814
0.282800	0.979814
0.282900	0.979814
0.283000	0.979814
0.283100	0.979814
0.283200	0.979814
0.283300	0.979814
0.283400	0.979814
0.283500	0.979814
0.283600	0.979814
0.283700	0.979814
0.283800	0.979814
0.283900	0.979814
0.284000	0.979814
0.284100	0.979814
0.284200	0.979814
0.284300	0.979814
0.284400	0.979814
0.284500	0.979814
0.284600	0.979814
0.284700	0.979814
0.284800	0.979814
0.284900	0.979814
0.285000	0.979814
0.285100	0.979814
0.285200	0.979814
0.285300	0.979814
0.285400	0.979814
0.285500	0.979814
0.285600	0.979814
0.285700	0.979814
0.285800	0.979814
0.285900	0.979814
0.286000	0.979814
0.286100	0.979814
0.286200	0.979814
0.286300	0.979814
0.286400	0.979814
0.286500	0.979814
0.286600	0.979814
0.286700	0.979814
0.286800	0.979814
0.286900	0.979814
0.287000	0.979814
0.287100	0.979814
0.287200	0.979814
0.287300	0.979814
0.287400	0.979814
0.287500	0.979814
0.287600	0.734861
0.287700	0.979814
0.287800	0.979814
0.287900	0.979814
0.288000	0.979814
0.288100	0.734861
0.288200	0.979814
0.288300	0.979814
0.288400	0.979814
0.288500	0.979814
0.288600	0.979814
0.288700	0.979814
0.288800	0.979814
0.288900	0.979814
0.289000	0.979814
0.289100	0.979814
0.289200	0.979814
0.289300	0.979814
0.289400	0.979814
0.289500	0.734861
0.289600	0.979814
0.289700	0.979814
0.289800	0.979814
0.289900	0.979814
0.290000	0.734861
0.290100	0.979814
0.290200	0.979814
0.290300	0.979814
0.290400	0.979814
0.290500	0.734861
0.290600	0.734861
0.290700	0.979814
0.290800	0.979814
0.290900	0.734861
0.291000	0.979814
0.291100	0.979814
0.291200	0.734861
0.291300	0.979814
0.291400	0.734861
0.291500	0.734861
0.291600	0.979814
0.291700	0.979814
0.291800	0.979814
0.291900	0.979814
0.292000	0.734861
0.292100	0.979814
0.292200	0.734861
0.292300	0.979814
0.292400	0.979814
0.292500	0.734861
0.292600	0.734861
0.292700	0.979814
0.292800	0.979814
0.292900	0.979814
0.293000	0.979814
0.293100	0.979814
0.293200	0.979814
0.293300	0.979814
0.293400	0.734861
0.293500	0.734861
0.293600	0.979814
0.293700	0.734861
0.293800	0.979814
0.293900	0.734861
0.294000	0.734861
0.294100	0.734861
0.294200	0.734861
0.294300	0.734861
0.294400	0.734861
0.294500	0.734861
0.294600	0.979814
0.294700	0.734861
0.294800	0.979814
0.294900	0.979814
0.295000	0.979814
0.295100	0.734861
0.295200	0.734861
0.295300	0.734861
0.295400	0.734861
0.295500	0.734861
0.295600	0.734861
0.295700	0.734861
0.295800	0.734861
0.295900	0.734861
0.296000	0.734861
0.296100	0.979814
0.296200	0.734861
0.296300	0.734861
0.296400	0.734861
0.296500	0.734861
0.296600	0.734861
0.296700	0.734861
0.296800	0.734861
0.296900	0.979814
0.297000	0.734861
0.297100	0.734861
0.297200	0.734861
0.297300	0.734861
0.297400	0.734861
0.297500	0.979814
0.297600	0.734861
0.297700	0.734861
0.297800	0.734861
0.297900	0.734861
0.298000	0.734861
0.298100	0.979814
0.298200	0.979814
0.298300	0.979814
0.298400	0.734861
0.298500	0.734861
0.298600	0.734861
0.298700	0.734861
0.298800	0.734861
0.298900	0.734861
0.299000	0.734861
0.299100	0.734861
0.299200	0.734861
0.299300	0.734861
0.299400	0.734861
0.299500	0.734861
0.299600	0.734861
0.299700	0.734861
0.299800	0.734861
0.299900	0.734861
0.300000	0.734861
0.300100	0.734861
0.300200	0.734861
0.300300	0.734861
0.300400	0.734861
0.300500	0.734861
0.300600	0.734861
0.300700	0.734861
0.300800	0.734861
0.300900	0.734861
0.301000	0.734861
0.301100	0.734861
0.301200	0.734861
0.301300	0.734861
0.301400	0.734861
0.301500	0.734861
0.301600	0.734861
0.301700	0.734861
0.301800	0.734861
0.301900	0.734861
0.302000	0.734861
0.302100	0.734861
0.302200	0.734861
0.302300	0.734861
0.302400	0.734861
0.302500	0.734861
0.302600	0.734861
0.302700	0.734861
0.302800	0.734861
0.302900	0.734861
0.303000	0.734861
0.303100	0.734861
0.303200	0.734861
0.303300	0.734861
0.303400	0.734861
0.303500	0.734861
0.303600	0.734861
0.303700	0.734861
0.303800	0.734861
0.303900	0.734861
0.304000	0.734861
0.304100	0.734861
0.304200	0.734861
0.304300	0.734861
0.304400	0.734861
0.304500	0.734861
0.304600	0.734861
0.304700	0.734861
0.304800	0.734861
0.304900	0.734861
0.305000	0.734861
0.305100	0.734861
0.305200	0.734861
0.305300	0.734861
0.305400	0.734861
0.305500	0.734861
0.305600	0.734861
0.305700	0.734861
0.305800	0.734861
0.305900	0.734861
0.306000	0.734861
0.306100	0.734861
0.306200	0.734861
0.306300	0.734861
0.306400	0.734861
0.306500	0.734861
0.306600	0.734861
0.306700	0.734861
0.306800	0.734861
0.306900	0.734861
0.307000	0.734861
0.307100	0.734861
0.307200	0.734861
0.307300	0.734861
0.307400	0.734861
0.307500	0.734861
0.307600	0.489907
0.307700	0.734861
0.307800	0.734861
0.307900	0.734861
0.308000	0.734861
0.308100	0.734861
0.308200	0.489907
0.308300	0.734861
0.308400	0.734861
0.308500	0.734861
0.308600	0.734861
0.308700	0.489907
0.308800	0.489907
0.308900	0.489907
0.309000	0.734861
0.309100	0.489907
0.309200	0.734861
0.309300	0.489907
0.309400	0.489907
0.309500	0.489907
0.309600	0.489907
0.309700	0.489907
0.309800	0.489907
0.309900	0.734861
0.310000	0.489907
0.310100	0.489907
0.310200	0.489907
0.310300	0.489907
0.310400	0.734861
0.310500	0.489907
0.310600	0.734861
0.310700	0.734861
0.310800	0.734861
0.310900	0.489907
0.311000	0.489907
0.311100	0.489907
0.311200	0.489907
0.311300	0.734861
0.311400	0.734861
0.311500	0.489907
0.311600	0.489907
0.311700	0.489907
0.311800	0.489907
0.311900	0.489907
0.312000	0.734861
0.312100	0.489907
0.312200	0.734861
0.312300	0.489907
0.312400	0.489907
0.312500	0.489907
0.312600	0.489907
0.312700	0.734861
0.312800	0.489907
0.312900	0.489907
0.313000	0.489907
0.313100	0.489907
0.313200	0.489907
0.313300	0.489907
0.313400	0.489907
0.313500	0.489907
0.313600	0.489907
0.313700	0.489907
0.313800	0.489907
0.313900	0.489907
0.314000	0.734861
0.314100	0.734861
0.314200	0.489907
0.314300	0.489907
0.314400	0.489907
0.314500	0.489907
0.314600	0.489907
0.314700	0.489907
0.314800	0.489907
0.314900	0.734861
0.315000	0.489907
0.315100	0.489907
0.315200	0.489907
0.315300	0.489907
0.315400	0.489907
0.315500	0.734861
0.315600	0.489907
0.315700	0.489907
0.315800	0.489907
0.315900	0.489907
0.316000	0.489907
0.316100	0.489907
0.316200	0.734861
0.316300	0.489907
0.316400	0.489907
0.316500	0.489907
0.316600	0.489907
0.316700	0.734861
0.316800	0.489907
0.316900	0.489907
0.317000	0.489907
0.317100	0.489907
0.317200	0.489907
0.317300	0.489907
0.317400	0.489907
0.317500	0.489907
0.317600	0.489907
0.317700	0.489907
0.317800	0.489907
0.317900	0.489907
0.318000	0.489907
0.318100	0.489907
0.318200	0.734861
0.318300	0.489907
0.318400	0.489907
0.318500	0.489907
0.318600	0.489907
0.318700	0.489907
0.318800	0.489907
0.318900	0.489907
0.319000	0.489907
0.319100	0.489907
0.319200	0.489907
0.319300	0.489907
0.319400	0.489907
0.319500	0.489907
0.319600	0.489907
0.319700	0.489907
0.319800	0.489907
0.319900	0.489907
0.320000	0.489907
0.320100	0.489907
0.320200	0.489907
0.320300	0.489907
0.320400	0.489907
0.320500	0.489907
0.320600	0.489907
0.320700	0.489907
0.320800	0.489907
0.320900	0.489907
0.321000	0.489907
0.321100	0.489907
0.321200	0.489907
0.321300	0.489907
0.321400	0.489907
0.321500	0.489907
0.321600	0.489907
0.321700	0.489907
0.321800	0.489907
0.321900	0.489907
0.322000	0.489907
0.322100	0.489907
0.322200	0.489907
0.322300	0.489907
0.322400	0.489907
0.322500	0.489907
0.322600	0.489907
0.322700	0.489907
0.322800	0.489907
0.322900	0.489907
0.323000	0.489907
0.323100	0.489907
0.323200	0.489907
0.323300	0.489907
0.323400	0.489907
0.323500	0.489907
0.323600	0.489907
0.323700	0.489907
0.323800	0.489907
0.323900	0.489907
0.324000	0.489907
0.324100	0.489907
0.324200	0.489907
0.324300	0.489907
0.324400	0.489907
0.324500	0.489907
0.324600	0.489907
0.324700	0.489907
0.324800	0.489907
0.324900	0.489907
0.325000	0.489907
0.325100	0.489907
0.325200	0.489907
0.325300	0.489907
0.325400	0.489907
0.325500	0.489907
0.325600	0.489907
0.325700	0.489907
0.325800	0.489907
0.325900	0.489907
0.326000	0.489907
0.326100	0.489907
0.326200	0.489907
0.326300	0.489907
0.326400	0.489907
0.326500	0.489907
0.326600	0.489907
0.326700	0.734861
0.326800	0.489907
0.326900	0.489907
0.327000	0.489907
0.327100	0.489907
0.327200	0.489907
0.327300	0.489907
0.327400	0.489907
0.327500	0.489907
0.327600	0.489907
0.327700	0.489907
0.327800	0.489907
0.327900	0.489907
0.328000	0.489907
0.328100	0.489907
0.328200	0.489907
0.328300	0.489907
0.328400	0.489907
0.328500	0.489907
0.328600	0.489907
0.328700	0.734861
0.328800	0.489907
0.328900	0.489907
0.329000	0.489907
0.329100	0.489907
0.329200	0.489907
0.329300	0.489907
0.329400	0.489907
0.329500	0.489907
0.329600	0.489907
0.329700	0.489907
0.329800	0.489907
0.329900	0.489907
0.330000	0.489907
0.330100	0.489907
0.330200	0.489907
0.330300	0.489907
0.330400	0.489907
0.330500	0.489907
0.330600	0.489907
0.330700	0.489907
0.330800	0.489907
0.330900	0.489907
0.331000	0.489907
0.331100	0.489907
0.331200	0.489907
0.331300	0.489907
0.331400	0.489907
0.331500	0.489907
0.331600	0.489907
0.331700	0.489907
0.331800	0.489907
0.331900	0.489907
0.332000	0.489907
0.332100	0.489907
0.332200	0.489907
0.332300	0.489907
0.332400	0.489907
0.332500	0.489907
0.332600	0.489907
0.332700	0.489907
0.332800	0.489907
0.332900	0.489907
0.333000	0.489907
0.333100	0.489907
0.333200	0.489907
0.333300	0.489907
0.333400	0.489907
0.333500	0.489907
0.333600	0.489907
0.333700	0.489907
0.333800	0.489907
0.333900	0.489907
0.334000	0.489907
0.334100	0.489907
0.334200	0.489907
0.334300	0.489907
0.334400	0.489907
0.334500	0.489907
0.334600	0.489907
0.334700	0.489907
0.334800	0.489907
0.334900	0.489907
0.335000	0.489907
0.335100	0.489907
0.335200	0.489907
0.335300	0.489907
0.335400	0.489907
0.335500	0.489907
0.335600	0.489907
0.335700	0.489907
0.335800	0.489907
0.335900	0.489907
0.336000	0.489907
0.336100	0.489907
0.336200	0.244954
0.336300	0.244954
0.336400	0.489907
0.336500	0.489907
0.336600	0.489907
0.336700	0.489907
0.336800	0.244954
0.336900	0.244954
0.337000	0.489907
0.337100	0.489907
0.337200	0.489907
0.337300	0.734861
0.337400	0.489907
0.337500	0.244954
0.337600	0.244954
0.337700	0.244954
0.337800	0.489907
0.337900	0.489907
0.338000	0.489907
0.338100	0.489907
0.338200	0.244954
0.338300	0.489907
0.338400	0.489907
0.338500	0.489907
0.338600	0.489907
0.338700	0.489907
0.338800	0.489907
0.338900	0.244954
0.339000	0.244954
0.339100	0.244954
0.339200	0.489907
0.339300	0.489907
0.339400	0.489907
0.339500	0.489907
0.339600	0.244954
0.339700	0.244954
0.339800	0.489907
0.339900	0.489907
0.340000	0.489907
0.340100	0.489907
0.340200	0.244954
0.340300	-0.000000
0.340400	0.244954
0.340500	0.244954
0.340600	0.489907
0.340700	0.489907
0.340800	0.489907
0.340900	0.489907
0.341000	0.489907
0.341100	0.489907
0.341200	0.489907
0.341300	0.489907
0.341400	0.244954
0.341500	0.244954
0.341600	0.244954
0.341700	0.244954
0.341800	0.244954
0.341900	0.489907
0.342000	0.489907
0.342100	0.489907
0.342200	0.244954
0.342300	0.489907
0.342400	0.244954
0.342500	0.489907
0.342600	0.489907
0.342700	0.244954
0.342800	0.244954
0.342900	0.244954
0.343000	0.244954
0.343100	0.244954
0.343200	0.244954
0.343300	0.489907
0.343400	0.244954
0.343500	0.489907
0.343600	0.244954
0.343700	0.244954
0.343800	0.244954
0.343900	0.244954
0.344000	0.244954
0.344100	0.244954
0.344200	0.244954
0.344300	0.244954
0.344400	0.244954
0.344500	0.244954
0.344600	0.244954
0.344700	0.489907
0.344800	0.489907
0.344900	0.244954
0.345000	0.244954
0.345100	-0.000000
0.345200	-0.000000
0.345300	0.244954
0.345400	0.244954
0.345500	0.244954
0.345600	0.244954
0.345700	0.244954
0.345800	0.244954
0.345900	0.244954
0.346000	0.489907
0.346100	0.489907
0.346200	0.489907
0.346300	0.244954
0.346400	0.244954
0.346500	0.244954
0.346600	-0.000000
0.346700	0.244954
0.346800	0.244954
0.346900	0.244954
0.347000	0.244954
0.347100	0.244954
0.347200	0.244954
0.347300	0.244954
0.347400	0.244954
0.347500	0.244954
0.347600	0.244954
0.347700	0.244954
0.347800	0.244954
0.347900	0.244954
0.348000	0.244954
0.348100	0.244954
0.348200	0.244954
0.348300	0.244954
0.348400	0.244954
0.348500	0.244954
0.348600	0.244954
0.348700	0.244954
0.348800	0.244954
0.348900	0.244954
0.349000	0.244954
0.349100	0.244954
0.349200	0.244954
0.349300	0.244954
0.349400	0.244954
0.349500	0.244954
0.349600	0.244954
0.349700	0.244954
0.349800	0.244954
0.349900	0.244954
0.350000	-0.000000
0.350100	0.244954
0.350200	-0.000000
0.350300	0.244954
0.350400	0.244954
0.350500	0.244954
0.350600	0.244954
0.350700	0.244954
0.350800	0.244954
0.350900	0.244954
0.351000	0.244954
0.351100	0.244954
0.351200	0.244954
0.351300	0.244954
0.351400	0.244954
0.351500	0.244954
0.351600	0.244954
0.351700	0.244954
0.351800	0.244954
0.351900	0.244954
0.352000	0.244954
0.352100	0.244954
0.352200	0.244954
0.352300	-0.000000
0.352400	-0.000000
0.352500	0.244954
0.352600	-0.000000
0.352700	0.244954
0.352800	-0.000000
0.352900	0.244954
0.353000	0.244954
0.353100	0.244954
0.353200	-0.000000
0.353300	-0.000000
0.353400	-0.000000
0.353500	0.244954
0.353600	0.244954
0.353700	-0.000000
0.353800	0.244954
0.353900	0.244954
0.354000	0.244954
0.354100	-0.000000
0.354200	0.244954
0.354300	0.244954
0.354400	0.244954
0.354500	0.244954
0.354600	0.244954
0.354700	-0.000000
0.354800	-0.000000
0.354900	-0.000000
0.355000	-0.000000
0.355100	-0.000000
0.355200	-0.000000
0.355300	-0.000000
0.355400	-0.000000
0.355500	-0.000000
0.355600	-0.000000
0.355700	-0.000000
0.355800	-0.000000
0.355900	-0.000000
0.356000	-0.000000
0.356100	-0.000000
0.356200	-0.000000
0.356300	-0.000000
0.356400	-0.000000
0.356500	-0.000000
0.356600	-0.000000
0.356700	-0.000000
0.356800	-0.000000
0.356900	-0.000000
0.357000	-0.000000
0.357100	-0.000000
0.357200	-0.000000
0.357300	-0.000000
0.357400	-0.000000
0.357500	-0.000000
0.357600	-0.000000
0.357700	-0.000000
0.357800	-0.000000
0.357900	-0.000000
0.358000	-0.000000
0.358100	-0.000000
0.358200	-0.000000
0.358300	-0.000000
0.358400	-0.000000
0.358500	-0.000000
0.358600	-0.000000
0.358700	-0.000000
0.358800	-0.000000
0.358900	-0.000000
0.359000	-0.000000
0.359100	-0.000000
0.359200	-0.000000
0.359300	-0.000000
0.359400	-0.000000
0.359500	-0.000000
0.359600	-0.000000
0.359700	-0.000000
0.359800	-0.000000
0.359900	-0.000000
0.360000	-0.000000
0.360100	-0.000000
0.360200	-0.000000
0.360300	-0.000000
0.360400	-0.000000
0.360500	-0.000000
0.360600	-0.000000
0.360700	-0.000000
0.360800	-0.000000
0.360900	-0.000000
0.361000	-0.000000
0.361100	0.244954
0.361200	-0.000000
0.361300	-0.000000
0.361400	-0.000000
0.361500	-0.000000
0.361600	-0.000000
0.361700	-0.000000
0.361800	-0.000000
0.361900	-0.000000
0.362000	-0.000000
0.362100	-0.000000
0.362200	-0.000000
0.362300	-0.000000
0.362400	-0.000000
0.362500	-0.000000
0.362600	-0.000000
0.362700	-0.000000
0.362800	-0.000000
0.362900	-0.000000
0.363000	-0.000000
0.363100	-0.000000
0.363200	-0.000000
0.363300	-0.000000
0.363400	-0.000000
0.363500	-0.000000
0.363600	-0.000000
0.363700	-0.000000
0.363800	-0.000000
0.363900	-0.000000
0.364000	-0.000000
0.364100	-0.000000
0.364200	-0.000000
0.364300	-0.000000
0.364400	-0.000000
0.364500	-0.000000
0.364600	-0.000000
0.364700	-0.000000
0.364800	-0.000000
0.364900	-0.000000
0.365000	-0.000000
0.365100	-0.000000
0.365200	-0.000000
0.365300	-0.000000
0.365400	-0.000000
0.365500	-0.000000
0.365600	-0.000000
0.365700	-0.000000
0.365800	-0.000000
0.365900	-0.000000
0.366000	-0.000000
0.366100	-0.000000
0.366200	-0.000000
0.366300	-0.000000
0.366400	-0.000000
0.366500	-0.000000
0.366600	-0.000000
0.366700	-0.000000
0.366800	-0.000000
0.366900	-0.000000
0.367000	-0.000000
0.367100	-0.000000
0.367200	-0.000000
0.367300	-0.000000
0.367400	-0.000000
0.367500	-0.000000
0.367600	-0.000000
0.367700	-0.000000
0.367800	-0.000000
0.367900	-0.000000
0.368000	-0.000000
0.368100	-0.000000
0.368200	-0.000000
0.368300	-0.000000
0.368400	-0.000000
0.368500	-0.000000
0.368600	-0.000000
0.368700	-0.000000
0.368800	-0.000000
0.368900	-0.000000
0.369000	-0.000000
0.369100	-0.000000
0.369200	-0.000000
0.369300	-0.000000
0.369400	-0.000000
0.369500	-0.000000
0.369600	-0.000000
0.369700	-0.000000
0.369800	-0.000000
0.369900	-0.000000
0.370000	-0.000000
0.370100	-0.000000
0.370200	-0.000000
0.370300	-0.000000
0.370400	-0.000000
0.370500	-0.000000
0.370600	-0.000000
0.370700	-0.000000
0.370800	-0.000000
0.370900	-0.000000
0.371000	-0.000000
0.371100	-0.000000
0.371200	-0.000000
0.371300	-0.000000
0.371400	-0.000000
0.371500	-0.000000
0.371600	-0.000000
0.371700	-0.000000
0.371800	-0.000000
0.371900	-0.000000
0.372000	-0.000000
0.372100	-0.000000
0.372200	-0.000000
0.372300	-0.000000
0.372400	-0.000000
0.372500	-0.000000
0.372600	-0.000000
0.372700	-0.000000
0.372800	-0.000000
0.372900	-0.000000
0.373000	-0.000000
0.373100	-0.000000
0.373200	-0.000000
0.373300	-0.000000
0.373400	-0.000000
0.373500	-0.000000
0.373600	-0.000000
0.373700	-0.000000
0.373800	-0.000000
0.373900	-0.000000
0.374000	-0.000000
0.374100	-0.000000
0.374200	-0.000000
0.374300	-0.000000
0.374400	-0.000000
0.374500	-0.000000
0.374600	-0.000000
0.374700	-0.000000
0.374800	-0.000000
0.374900	-0.000000
0.375000	-0.000000
0.375100	-0.000000
0.375200	-0.000000
0.375300	-0.000000
0.375400	-0.000000
0.375500	-0.000000
0.375600	-0.000000
0.375700	-0.000000
0.375800	-0.000000
0.375900	-0.000000
0.376000	-0.000000
0.376100	-0.000000
0.376200	-0.000000
0.376300	-0.000000
0.376400	-0.000000
0.376500	-0.000000
0.376600	-0.000000
0.376700	-0.000000
0.376800	-0.000000
0.376900	-0.000000
0.377000	-0.000000
0.377100	-0.000000
0.377200	-0.000000
0.377300	-0.000000
0.377400	-0.000000
0.377500	-0.000000
0.377600	-0.000000
0.377700	-0.000000
0.377800	-0.000000
0.377900	-0.000000
0.378000	-0.000000
0.378100	-0.000000
0.378200	-0.000000
0.378300	-0.000000
0.378400	-0.000000
0.378500	-0.000000
0.378600	-0.000000
0.378700	-0.000000
0.378800	-0.000000
0.378900	-0.000000
0.379000	-0.000000
0.379100	-0.000000
0.379200	-0.000000
0.379300	-0.000000
0.379400	-0.000000
0.379500	-0.000000
0.379600	-0.000000
0.379700	-0.000000
0.379800	-0.000000
0.379900	-0.000000
0.380000	-0.000000
0.380100	-0.000000
0.380200	-0.000000
0.380300	-0.000000
0.380400	-0.000000
0.380500	-0.000000
0.380600	-0.000000
0.380700	-0.000000
0.380800	-0.000000
0.380900	-0.000000
0.381000	-0.244954
0.381100	-0.000000
0.381200	-0.000000
0.381300	-0.000000
0.381400	-0.000000
0.381500	-0.000000
0.381600	-0.000000
0.381700	-0.000000
0.381800	-0.000000
0.381900	-0.000000
0.382000	-0.000000
0.382100	-0.000000
0.382200	-0.000000
0.382300	-0.000000
0.382400	-0.000000
0.382500	-0.000000
0.382600	-0.000000
0.382700	-0.000000
0.382800	-0.000000
0.382900	-0.000000
0.383000	-0.244954
0.383100	-0.000000
0.383200	-0.000000
0.383300	-0.000000
0.383400	-0.000000
0.383500	-0.000000
0.383600	-0.000000
0.383700	-0.000000
0.383800	-0.000000
0.383900	-0.000000
0.384000	-0.000000
0.384100	-0.000000
0.384200	-0.000000
0.384300	-0.244954
0.384400	-0.000000
0.384500	-0.000000
0.384600	-0.000000
0.384700	-0.000000
0.384800	-0.000000
0.384900	-0.000000
0.385000	-0.000000
0.385100	-0.000000
0.385200	-0.000000
0.385300	-0.000000
0.385400	-0.000000
0.385500	-0.000000
0.385600	-0.000000
0.385700	-0.000000
0.385800	-0.000000
0.385900	-0.000000
0.386000	-0.000000
0.386100	-0.000000
0.386200	-0.000000
0.386300	-0.244954
0.386400	-0.000000
0.386500	-0.000000
0.386600	-0.244954
0.386700	-0.000000
0.386800	-0.000000
0.386900	-0.000000
0.387000	-0.000000
0.387100	-0.000000
0.387200	-0.000000
0.387300	-0.000000
0.387400	-0.000000
0.387500	-0.000000
0.387600	-0.000000
0.387700	-0.000000
0.387800	-0.000000
0.387900	-0.000000
0.388000	-0.000000
0.388100	-0.000000
0.388200	-0.000000
0.388300	-0.000000
0.388400	-0.000000
0.388500	-0.000000
0.388600	-0.000000
0.388700	-0.000000
0.388800	-0.000000
0.388900	-0.244954
0.389000	-0.000000
0.389100	-0.000000
0.389200	-0.000000
0.389300	-0.000000
0.389400	-0.000000
0.389500	-0.000000
0.389600	-0.000000
0.389700	-0.000000
0.389800	-0.000000
0.389900	-0.000000
0.390000	-0.000000
0.390100	-0.000000
0.390200	-0.000000
0.390300	-0.000000
0.390400	-0.000000
0.390500	-0.000000
0.390600	-0.000000
0.390700	-0.000000
0.390800	-0.000000
0.390900	-0.000000
0.391000	-0.000000
0.391100	-0.000000
0.391200	-0.000000
0.391300	-0.000000
0.391400	-0.000000
0.391500	-0.000000
0.391600	-0.000000
0.391700	-0.000000
0.391800	-0.000000
0.391900	-0.000000
0.392000	-0.000000
0.392100	-0.000000
0.392200	-0.000000
0.392300	-0.000000
0.392400	-0.000000
0.392500	-0.000000
0.392600	-0.000000
0.392700	-0.000000
0.392800	-0.000000
0.392900	-0.000000
0.393000	-0.000000
0.393100	-0.000000
0.393200	-0.000000
0.393300	-0.000000
0.393400	-0.000000
0.393500	-0.000000
0.393600	-0.000000
0.393700	-0.000000
0.393800	-0.000000
0.393900	-0.000000
0.394000	-0.000000
0.394100	-0.000000
0.394200	-0.000000
0.394300	-0.000000
0.394400	-0.000000
0.394500	-0.000000
0.394600	-0.000000
0.394700	-0.000000
0.394800	-0.000000
0.394900	-0.000000
0.395000	-0.000000
0.395100	-0.000000
0.395200	-0.000000
0.395300	-0.000000
0.395400	-0.000000
0.395500	-0.000000
0.395600	-0.000000
0.395700	-0.000000
0.395800	-0.000000
0.395900	-0.000000
0.396000	-0.000000
0.396100	-0.000000
0.396200	-0.000000
0.396300	-0.000000
0.396400	-0.000000
0.396500	-0.000000
0.396600	-0.000000
0.396700	-0.000000
0.396800	-0.000000
0.396900	-0.000000
0.397000	-0.000000
0.397100	-0.000000
0.397200	-0.000000
0.397300	-0.000000
0.397400	-0.000000
0.397500	-0.000000
0.397600	-0.000000
0.397700	-0.000000
0.397800	-0.000000
0.397900	-0.000000
0.398000	-0.000000
0.398100	-0.000000
0.398200	-0.000000
0.398300	-0.000000
0.398400	-0.000000
0.398500	-0.000000
0.398600	-0.000000
0.398700	-0.000000
0.398800	-0.000000
0.398900	-0.000000
0.399000	0.244954
0.399100	-0.000000
0.399200	-0.000000
0.399300	-0.000000
0.399400	0.244954
0.399500	-0.000000
0.399600	-0.000000
0.399700	-0.000000
0.399800	-0.000000
0.399900	-0.000000
0.400000	-0.000000
0.400100	-0.000000
0.400200	-0.000000
0.400300	-0.000000
0.400400	-0.000000
0.400500	-0.000000
0.400600	-0.000000
0.400700	-0.000000
0.400800	-0.000000
0.400900	-0.000000
0.401000	-0.000000
0.401100	-0.000000
0.401200	-0.000000
0.401300	-0.000000
0.401400	-0.000000
0.401500	-0.000000
0.401600	-0.000000
0.401700	-0.000000
0.401800	-0.000000
0.401900	-0.000000
0.402000	-0.000000
0.402100	-0.000000
0.402200	-0.000000
0.402300	-0.000000
0.402400	-0.000000
0.402500	-0.000000
0.402600	-0.000000
0.402700	-0.000000
0.402800	-0.000000
0.402900	-0.000000
0.403000	-0.000000
0.403100	-0.000000
0.403200	-0.000000
0.403300	-0.000000
0.403400	-0.000000
0.403500	-0.000000
0.403600	0.244954
0.403700	-0.000000
0.403800	0.244954
0.403900	-0.000000
0.404000	-0.000000
0.404100	0.244954
0.404200	-0.000000
0.404300	-0.000000
0.404400	-0.000000
0.404500	-0.000000
0.404600	-0.000000
0.404700	-0.000000
0.404800	-0.000000
0.404900	0.244954
0.405000	-0.000000
