-0.020080	2.617700
-0.020000	2.211829
-0.019920	1.816430
-0.019840	1.441210
-0.019760	1.094356
-0.019680	0.782107
-0.019600	0.508502
-0.019520	0.275105
-0.019440	0.080836
-0.019360	-0.077759
-0.019280	-0.205715
-0.019200	-0.308695
-0.019120	-0.392261
-0.019040	-0.461450
-0.018960	-0.520532
-0.018880	-0.572708
-0.018800	-0.619651
-0.018720	-0.661003
-0.018640	-0.694197
-0.018560	-0.714964
-0.018480	-0.718559
-0.018400	-0.701191
-0.018320	-0.661007
-0.018240	-0.598311
-0.018160	-0.515194
-0.018080	-0.414970
-0.018000	-0.301566
-0.017920	-0.178962
-0.017840	-0.050735
-0.017760	0.080115
-0.017680	0.210963
-0.017600	0.339222
-0.017520	0.462170
-0.017440	0.577101
-0.017360	0.681630
-0.017280	0.773930
-0.017200	0.852702
-0.017120	0.916927
-0.017040	0.965521
-0.016960	0.997126
-0.016880	1.010261
-0.016800	1.003812
-0.016720	0.977560
-0.016640	0.932464
-0.016560	0.870467
-0.016480	0.793853
-0.016400	0.704520
-0.016320	0.603625
-0.016240	0.491693
-0.016160	0.369052
-0.016080	0.236354
-0.016000	0.094978
-0.015920	-0.052853
-0.015840	-0.204229
-0.015760	-0.355871
-0.015680	-0.504557
-0.015600	-0.647606
-0.015520	-0.783175
-0.015440	-0.910125
-0.015360	-1.027540
-0.015280	-1.134250
-0.015200	-1.228720
-0.015120	-1.309341
-0.015040	-1.374822
-0.014960	-1.424264
-0.014880	-1.456691
-0.014800	-1.470301
-0.014720	-1.462090
-0.014640	-1.428291
-0.014560	-1.365566
-0.014480	-1.272396
-0.014400	-1.150024
-0.014320	-1.002665
-0.014240	-0.836996
-0.014160	-0.661110
-0.014080	-0.483180
-0.014000	-0.310323
-0.013920	-0.148169
-0.013840	-0.001156
-0.013760	0.127100
-0.013680	0.234047
-0.013600	0.318986
-0.013520	0.383612
-0.013440	0.431680
-0.013360	0.467976
-0.013280	0.497177
-0.013200	0.523046
-0.013120	0.548027
-0.013040	0.573154
-0.012960	0.598150
-0.012880	0.621659
-0.012800	0.641624
-0.012720	0.655733
-0.012640	0.661662
-0.012560	0.656985
-0.012480	0.639084
-0.012400	0.605431
-0.012320	0.554216
-0.012240	0.484880
-0.012160	0.398119
-0.012080	0.295215
-0.012000	0.177167
-0.011920	0.044351
-0.011840	-0.103054
-0.011760	-0.264397
-0.011680	-0.438257
-0.011600	-0.622706
-0.011520	-0.815643
-0.011440	-1.014701
-0.011360	-1.216701
-0.011280	-1.417160
-0.011200	-1.610359
-0.011120	-1.789920
-0.011040	-1.949493
-0.010960	-2.083328
-0.010880	-2.186879
-0.010800	-2.257606
-0.010720	-2.295671
-0.010640	-2.304057
-0.010560	-2.287957
-0.010480	-2.253777
-0.010400	-2.208109
-0.010320	-2.156819
-0.010240	-2.104258
-0.010160	-2.052688
-0.010080	-2.002142
-0.010000	-1.950862
-0.009920	-1.896257
-0.009840	-1.836019
-0.009760	-1.768977
-0.009680	-1.695453
-0.009600	-1.617077
-0.009520	-1.536240
-0.009440	-1.455411
-0.009360	-1.376469
-0.009280	-1.300179
-0.009200	-1.225907
-0.009120	-1.151661
-0.009040	-1.074557
-0.008960	-0.991816
-0.008880	-0.902074
-0.008800	-0.806533
-0.008720	-0.709251
-0.008640	-0.616239
-0.008560	-0.533758
-0.008480	-0.466642
-0.008400	-0.417289
-0.008320	-0.385569
-0.008240	-0.369535
-0.008160	-0.366448
-0.008080	-0.373491
-0.008000	-0.387812
-0.007920	-0.406054
-0.007840	-0.423911
-0.007760	-0.436267
-0.007680	-0.438101
-0.007600	-0.425767
-0.007520	-0.397908
-0.007440	-0.355496
-0.007360	-0.301079
-0.007280	-0.237994
-0.007200	-0.170202
-0.007120	-0.102671
-0.007040	-0.041509
-0.006960	0.006925
-0.006880	0.037862
-0.006800	0.049873
-0.006720	0.045356
-0.006640	0.029459
-0.006560	0.008281
-0.006480	-0.012412
-0.006400	-0.027358
-0.006320	-0.031210
-0.006240	-0.018129
-0.006160	0.017657
-0.006080	0.080370
-0.006000	0.171008
-0.005920	0.286442
-0.005840	0.419890
-0.005760	0.562578
-0.005680	0.705749
-0.005600	0.841970
-0.005520	0.965261
-0.005440	1.070349
-0.005360	1.151930
-0.005280	1.204677
-0.005200	1.224016
-0.005120	1.206951
-0.005040	1.152313
-0.004960	1.060414
-0.004880	0.932562
-0.004800	0.770988
-0.004720	0.579315
-0.004640	0.363279
-0.004560	0.131211
-0.004480	-0.106159
-0.004400	-0.336585
-0.004320	-0.547561
-0.004240	-0.727599
-0.004160	-0.867341
-0.004080	-0.960469
-0.004000	-1.004355
-0.003920	-1.000266
-0.003840	-0.952989
-0.003760	-0.869897
-0.003680	-0.759629
-0.003600	-0.630619
-0.003520	-0.489878
-0.003440	-0.342469
-0.003360	-0.191854
-0.003280	-0.040969
-0.003200	0.106491
-0.003120	0.245222
-0.003040	0.368382
-0.002960	0.468633
-0.002880	0.539738
-0.002800	0.578118
-0.002720	0.583797
-0.002640	0.560492
-0.002560	0.514855
-0.002480	0.455070
-0.002400	0.389233
-0.002320	0.324081
-0.002240	0.264393
-0.002160	0.213070
-0.002080	0.171651
-0.002000	0.140898
-0.001920	0.121072
-0.001840	0.111774
-0.001760	0.111543
-0.001680	0.117771
-0.001600	0.127296
-0.001520	0.137398
-0.001440	0.146550
-0.001360	0.154587
-0.001280	0.162447
-0.001200	0.171888
-0.001120	0.185413
-0.001040	0.206291
-0.000960	0.238424
-0.000880	0.285999
-0.000800	0.353036
-0.000720	0.442845
-0.000640	0.557367
-0.000560	0.696544
-0.000480	0.857933
-0.000400	1.036688
-0.000320	1.225840
-0.000240	1.416801
-0.000160	1.600015
-0.000080	1.765812
0.000000	1.905414
0.000080	2.011889
0.000160	2.080827
0.000240	2.110586
0.000320	2.102195
0.000400	2.058991
0.000480	1.985964
0.000560	1.888895
0.000640	1.773589
0.000720	1.645511
0.000800	1.509735
0.000880	1.370986
0.000960	1.233663
0.001040	1.101858
0.001120	0.979319
0.001200	0.869328
0.001280	0.774573
0.001360	0.697065
0.001440	0.637967
0.001520	0.597132
0.001600	0.572579
0.001680	0.560494
0.001760	0.556257
0.001840	0.556284
0.001920	0.559877
0.002000	0.569921
0.002080	0.591731
0.002160	0.630451
0.002240	0.688566
0.002320	0.765066
0.002400	0.856380
0.002480	0.957817
0.002560	1.064337
0.002640	1.170465
0.002720	1.270038
0.002800	1.356422
0.002880	1.423316
0.002960	1.465816
0.003040	1.481159
0.003120	1.468716
0.003200	1.429475
0.003280	1.365649
0.003360	1.280863
0.003440	1.180650
0.003520	1.072411
0.003600	0.964219
0.003680	0.862870
0.003760	0.772376
0.003840	0.693895
0.003920	0.626891
0.004000	0.570389
0.004080	0.523315
0.004160	0.483893
0.004240	0.449086
0.004320	0.415113
0.004400	0.379187
0.004480	0.341580
0.004560	0.306741
0.004640	0.282731
0.004720	0.279166
0.004800	0.304676
0.004880	0.365035
0.004960	0.462516
0.005040	0.596430
0.005120	0.764176
0.005200	0.962058
0.005280	1.185449
0.005360	1.428523
0.005440	1.684134
0.005520	1.944294
0.005600	2.201205
0.005680	2.448238
0.005760	2.680318
0.005840	2.893666
0.005920	3.085212
0.006000	3.252122
0.006080	3.391733
0.006160	3.501955
0.006240	3.581873
0.006320	3.632162
0.006400	3.654978
0.006480	3.653379
0.006560	3.630573
0.006640	3.589430
0.006720	3.532440
0.006800	3.462054
0.006880	3.381067
0.006960	3.292783
0.007040	3.200897
0.007120	3.109164
0.007200	3.020965
0.007280	2.938910
0.007360	2.864675
0.007440	2.799149
0.007520	2.742813
0.007600	2.695924
0.007680	2.658133
0.007760	2.627640
0.007840	2.600541
0.007920	2.570919
0.008000	2.531845
0.008080	2.477049
0.008160	2.402647
0.008240	2.308179
0.008320	2.196621
0.008400	2.073529
0.008480	1.945823
0.008560	1.820673
0.008640	1.704773
0.008720	1.603963
0.008800	1.523006
0.008880	1.465235
0.008960	1.431956
0.009040	1.421921
0.009120	1.431393
0.009200	1.455226
0.009280	1.488790
0.009360	1.529907
0.009440	1.579627
0.009520	1.641209
0.009600	1.717764
0.009680	1.809817
0.009760	1.914035
0.009840	2.023636
0.009920	2.130072
0.010000	2.225036
0.010080	2.301799
0.010160	2.355532
0.010240	2.383069
0.010320	2.383014
0.010400	2.356592
0.010480	2.308406
0.010560	2.245831
0.010640	2.176887
0.010720	2.107834
0.010800	2.042054
0.010880	1.980787
0.010960	1.925028
0.011040	1.877299
0.011120	1.842271
0.011200	1.825941
0.011280	1.833904
0.011360	1.869818
0.011440	1.934840
0.011520	2.028038
0.011600	2.147136
0.011680	2.288906
0.011760	2.449105
0.011840	2.622258
0.011920	2.801609
0.012000	2.979288
0.012080	3.146731
0.012160	3.295442
0.012240	3.418100
0.012320	3.509721
0.012400	3.568399
0.012480	3.595357
0.012560	3.594458
0.012640	3.571533
0.012720	3.533735
0.012800	3.488866
0.012880	3.444679
0.012960	3.408299
0.013040	3.385819
0.013120	3.381956
0.013200	3.399681
0.013280	3.440004
0.013360	3.502200
0.013440	3.584521
0.013520	3.685227
0.013600	3.803625
0.013680	3.940872
0.013760	4.100176
0.013840	4.286182
0.013920	4.503719
0.014000	4.756621
0.014080	5.047381
0.014160	5.377654
0.014240	5.748876
0.014320	6.162077
0.014400	6.616720
0.014480	7.109176
0.014560	7.631776
0.014640	8.172871
0.014720	8.717704
0.014800	9.249701
0.014880	9.752041
0.014960	10.209323
0.015040	10.608972
0.015120	10.942031
0.015200	11.203324
0.015280	11.391265
0.015360	11.507589
0.015440	11.557095
0.015520	11.547290
0.015600	11.487792
0.015680	11.389441
0.015760	11.263271
0.015840	11.119748
0.015920	10.968606
0.016000	10.819098
0.016080	10.680217
0.016160	10.560553
0.016240	10.467828
0.016320	10.408252
0.016400	10.385761
0.016480	10.401250
0.016560	10.452116
0.016640	10.532414
0.016720	10.633799
0.016800	10.747091
0.016880	10.863952
0.016960	10.977902
0.017040	11.084319
0.017120	11.179679
0.017200	11.260765
0.017280	11.324437
0.017360	11.367926
0.017440	11.389119
0.017520	11.386359
0.017600	11.357846
0.017680	11.301237
0.017760	11.213790
0.017840	11.092850
0.017920	10.936032
0.018000	10.740787
0.018080	10.503684
0.018160	10.220001
0.018240	9.883954
0.018320	9.489618
0.018400	9.032251
0.018480	8.509406
0.018560	7.921186
0.018640	7.269570
0.018720	6.557401
0.018800	5.787844
0.018880	4.964645
0.018960	4.092803
0.019040	3.178975
0.019120	2.231236
0.019200	1.258381
0.019280	0.269096
0.019360	-0.728643
0.019440	-1.727795
0.019520	-2.722156
0.019600	-3.706249
0.019680	-4.675371
0.019760	-5.625795
0.019840	-6.555038
0.019920	-7.462136
0.020000	-8.347853
0.020080	-9.214697
0.020160	-10.066585
0.020240	-10.908171
0.020320	-11.744096
0.020400	-12.578332
0.020480	-13.413588
0.020560	-14.250774
0.020640	-15.088721
0.020720	-15.924388
0.020800	-16.753649
0.020880	-17.572441
0.020960	-18.377903
0.021040	-19.168884
0.021120	-19.945503
0.021200	-20.707905
0.021280	-21.454870
0.021360	-22.182962
0.021440	-22.886570
0.021520	-23.558672
0.021600	-24.191629
0.021680	-24.777533
0.021760	-25.308090
0.021840	-25.774578
0.021920	-26.168480
0.022000	-26.482786
0.022080	-26.713434
0.022160	-26.860031
0.022240	-26.925547
0.022320	-26.915262
0.022400	-26.835735
0.022480	-26.694128
0.022560	-26.497742
0.022640	-26.253441
0.022720	-25.966963
0.022800	-25.642405
0.022880	-25.282270
0.022960	-24.888079
0.023040	-24.461325
0.023120	-24.004347
0.023200	-23.520773
0.023280	-23.015480
0.023360	-22.494287
0.023440	-21.963634
0.023520	-21.430258
0.023600	-20.900761
0.023680	-20.380901
0.023760	-19.874540
0.023840	-19.382545
0.023920	-18.902206
0.024000	-18.427656
0.024080	-17.951212
0.024160	-17.465208
0.024240	-16.963533
0.024320	-16.442289
0.024400	-15.899622
0.024480	-15.335215
0.024560	-14.749888
0.024640	-14.145316
0.024720	-13.523771
0.024800	-12.888001
0.024880	-12.241499
0.024960	-11.589119
0.025040	-10.937555
0.025120	-10.294953
0.025200	-9.669481
0.025280	-9.067574
0.025360	-8.492897
0.025440	-7.946389
0.025520	-7.426909
0.025600	-6.931788
0.025680	-6.457003
0.025760	-5.997124
0.025840	-5.545383
0.025920	-5.094049
0.026000	-4.635003
0.026080	-4.160347
0.026160	-3.662933
0.026240	-3.136826
0.026320	-2.577673
0.026400	-1.983028
0.026480	-1.352682
0.026560	-0.688947
0.026640	0.003274
0.026720	0.716752
0.026800	1.442518
0.026880	2.170744
0.026960	2.891854
0.027040	3.597655
0.027120	4.282135
0.027200	4.941554
0.027280	5.573796
0.027360	6.177270
0.027440	6.749877
0.027520	7.288535
0.027600	7.789499
0.027680	8.249180
0.027760	8.664910
0.027840	9.035228
0.027920	9.359725
0.028000	9.638755
0.028080	9.873410
0.028160	10.065775
0.028240	10.219274
0.028320	10.338876
0.028400	10.431029
0.028480	10.503222
0.028560	10.563261
0.028640	10.618517
0.028720	10.675356
0.028800	10.738723
0.028880	10.811716
0.028960	10.895147
0.029040	10.987347
0.029120	11.084614
0.029200	11.182466
0.029280	11.277425
0.029360	11.368631
0.029440	11.458449
0.029520	11.551623
0.029600	11.653368
0.029680	11.767351
0.029760	11.894495
0.029840	12.032973
0.029920	12.179138
0.030000	12.328644
0.030080	12.477108
0.030160	12.620065
0.030240	12.752652
0.030320	12.869632
0.030400	12.966018
0.030480	13.038058
0.030560	13.084154
0.030640	13.105372
0.030720	13.105384
0.030800	13.089900
0.030880	13.065842
0.030960	13.040548
0.031040	13.021005
0.031120	13.013112
0.031200	13.021166
0.031280	13.047715
0.031360	13.093632
0.031440	13.158112
0.031520	13.238628
0.031600	13.331274
0.031680	13.431627
0.031760	13.535675
0.031840	13.640162
0.031920	13.742105
0.032000	13.837983
0.032080	13.923508
0.032160	13.994530
0.032240	14.048734
0.032320	14.087143
0.032400	14.114461
0.032480	14.137874
0.032560	14.164752
0.032640	14.200313
0.032720	14.246340
0.032800	14.301419
0.032880	14.362352
0.032960	14.425853
0.033040	14.489681
0.033120	14.553008
0.033200	14.616316
0.033280	14.681189
0.033360	14.750127
0.033440	14.826250
0.033520	14.912901
0.033600	15.013419
0.033680	15.131139
0.033760	15.269344
0.033840	15.430816
0.033920	15.617008
0.034000	15.827211
0.034080	16.058304
0.034160	16.305367
0.034240	16.562960
0.034320	16.826515
0.034400	17.093393
0.034480	17.363367
0.034560	17.638617
0.034640	17.923229
0.034720	18.222301
0.034800	18.540680
0.034880	18.881756
0.034960	19.246765
0.035040	19.634926
0.035120	20.044186
0.035200	20.472090
0.035280	20.916321
0.035360	21.374767
0.035440	21.845205
0.035520	22.324812
0.035600	22.809921
0.035680	23.296251
0.035760	23.779493
0.035840	24.255947
0.035920	24.722956
0.036000	25.179033
0.036080	25.623644
0.036160	26.056684
0.036240	26.478031
0.036320	26.887472
0.036400	27.285110
0.036480	27.671844
0.036560	28.049549
0.036640	28.420807
0.036720	28.788494
0.036800	29.155502
0.036880	29.524506
0.036960	29.897684
0.037040	30.276434
0.037120	30.661457
0.037200	31.053312
0.037280	31.453026
0.037360	31.862247
0.037440	32.282711
0.037520	32.715508
0.037600	33.160797
0.037680	33.618126
0.037760	34.086643
0.037840	34.564659
0.037920	35.048588
0.038000	35.531986
0.038080	36.005493
0.038160	36.458050
0.038240	36.879005
0.038320	37.260216
0.038400	37.597446
0.038480	37.890675
0.038560	38.143387
0.038640	38.361172
0.038720	38.550209
0.038800	38.715988
0.038880	38.862522
0.038960	38.992111
0.039040	39.105572
0.039120	39.202648
0.039200	39.282352
0.039280	39.343067
0.039360	39.382851
0.039440	39.399994
0.039520	39.393818
0.039600	39.365185
0.039680	39.316628
0.039760	39.252007
0.039840	39.175861
0.039920	39.092651
0.040000	39.006134
0.040080	38.919174
0.040160	38.833977
0.040240	38.752392
0.040320	38.675961
0.040400	38.605648
0.040480	38.541576
0.040560	38.483246
0.040640	38.430386
0.040720	38.383904
0.040800	38.346317
0.040880	38.321159
0.040960	38.311798
0.041040	38.320110
0.041120	38.345642
0.041200	38.385502
0.041280	38.434868
0.041360	38.487762
0.041440	38.537762
0.041520	38.578506
0.041600	38.604168
0.041680	38.610096
0.041760	38.593681
0.041840	38.555199
0.041920	38.498383
0.042000	38.430557
0.042080	38.362041
0.042160	38.304573
0.042240	38.269135
0.042320	38.263809
0.042400	38.292480
0.042480	38.354622
0.042560	38.446095
0.042640	38.560596
0.042720	38.691128
0.042800	38.831127
0.042880	38.974911
0.042960	39.117470
0.043040	39.254078
0.043120	39.380306
0.043200	39.492680
0.043280	39.589561
0.043360	39.671562
0.043440	39.741062
0.043520	39.801128
0.043600	39.854473
0.043680	39.902908
0.043760	39.947487
0.043840	39.989189
0.043920	40.029816
0.044000	40.072582
0.044080	40.122269
0.044160	40.184685
0.044240	40.265556
0.044320	40.369118
0.044400	40.496902
0.044480	40.647198
0.044560	40.815304
0.044640	40.994419
0.044720	41.177017
0.044800	41.356438
0.044880	41.528442
0.044960	41.692226
0.045040	41.850380
0.045120	42.007736
0.045200	42.169579
0.045280	42.340027
0.045360	42.521210
0.045440	42.713322
0.045520	42.915154
0.045600	43.124569
0.045680	43.338684
0.045760	43.553856
0.045840	43.765923
0.045920	43.970814
0.046000	44.165367
0.046080	44.348072
0.046160	44.519459
0.046240	44.681980
0.046320	44.839565
0.046400	44.996899
0.046480	45.158707
0.046560	45.329380
0.046640	45.512974
0.046720	45.713421
0.046800	45.934517
0.046880	46.179379
0.046960	46.449364
0.047040	46.743000
0.047120	47.055630
0.047200	47.380333
0.047280	47.709782
0.047360	48.038147
0.047440	48.362007
0.047520	48.679813
0.047600	48.990501
0.047680	49.292183
0.047760	49.581787
0.047840	49.855740
0.047920	50.111065
0.048000	50.346165
0.048080	50.560711
0.048160	50.754814
0.048240	50.928051
0.048320	51.078987
0.048400	51.205528
0.048480	51.305943
0.048560	51.380123
0.048640	51.430431
0.048720	51.461727
0.048800	51.480629
0.048880	51.494473
0.048960	51.510334
0.049040	51.534416
0.049120	51.571941
0.049200	51.627193
0.049280	51.703354
0.049360	51.801975
0.049440	51.922417
0.049520	52.061901
0.049600	52.216331
0.049680	52.381649
0.049760	52.554916
0.049840	52.734497
0.049920	52.919498
0.050000	53.109104
0.050080	53.302273
0.050160	53.497879
0.050240	53.695068
0.050320	53.893593
0.050400	54.093914
0.050480	54.297028
0.050560	54.504234
0.050640	54.716999
0.050720	54.936890
0.050800	55.165272
0.050880	55.402546
0.050960	55.647289
0.051040	55.895908
0.051120	56.143177
0.051200	56.383606
0.051280	56.612907
0.051360	56.828850
0.051440	57.031071
0.051520	57.220203
0.051600	57.396805
0.051680	57.560745
0.051760	57.711212
0.051840	57.847244
0.051920	57.968342
0.052000	58.074726
0.052080	58.166939
0.052160	58.244995
0.052240	58.307724
0.052320	58.352837
0.052400	58.377869
0.052480	58.381523
0.052560	58.364708
0.052640	58.330807
0.052720	58.285103
0.052800	58.233620
0.052880	58.181866
0.052960	58.134029
0.053040	58.092915
0.053120	58.060429
0.053200	58.038082
0.053280	58.027122
0.053360	58.028206
0.053440	58.040909
0.053520	58.063393
0.053600	58.092323
0.053680	58.122906
0.053760	58.149063
0.053840	58.163876
0.053920	58.160378
0.054000	58.132599
0.054080	58.076397
0.054160	57.989624
0.054240	57.871681
0.054320	57.722813
0.054400	57.543430
0.054480	57.333839
0.054560	57.094551
0.054640	56.827133
0.054720	56.535065
0.054800	56.224037
0.054880	55.901394
0.054960	55.574986
0.055040	55.252132
0.055120	54.938965
0.055200	54.640099
0.055280	54.358414
0.055360	54.094814
0.055440	53.848171
0.055520	53.615799
0.055600	53.394253
0.055680	53.180191
0.055760	52.970772
0.055840	52.763569
0.055920	52.556206
0.056000	52.345947
0.056080	52.129444
0.056160	51.902649
0.056240	51.661148
0.056320	51.400997
0.056400	51.119942
0.056480	50.818413
0.056560	50.499550
0.056640	50.168053
0.056720	49.828430
0.056800	49.483784
0.056880	49.135441
0.056960	48.783356
0.057040	48.426453
0.057120	48.062611
0.057200	47.688442
0.057280	47.299568
0.057360	46.891666
0.057440	46.461662
0.057520	46.008301
0.057600	45.531765
0.057680	45.032967
0.057760	44.513287
0.057840	43.975048
0.057920	43.422146
0.058000	42.860134
0.058080	42.295536
0.058160	41.734783
0.058240	41.183334
0.058320	40.645401
0.058400	40.124393
0.058480	39.623661
0.058560	39.146797
0.058640	38.697018
0.058720	38.275856
0.058800	37.882019
0.058880	37.511066
0.058960	37.156040
0.059040	36.808582
0.059120	36.459984
0.059200	36.102013
0.059280	35.727386
0.059360	35.330090
0.059440	34.905571
0.059520	34.451015
0.059600	33.965778
0.059680	33.451653
0.059760	32.912735
0.059840	32.354771
0.059920	31.784258
0.060000	31.207703
0.060080	30.631186
0.060160	30.060261
0.060240	29.499996
0.060320	28.954836
0.060400	28.428185
0.060480	27.922073
0.060560	27.437220
0.060640	26.973511
0.060720	26.530502
0.060800	26.107452
0.060880	25.702820
0.060960	25.313646
0.061040	24.935427
0.061120	24.562763
0.061200	24.190517
0.061280	23.814951
0.061360	23.434278
0.061440	23.048365
0.061520	22.657570
0.061600	22.261297
0.061680	21.856934
0.061760	21.439699
0.061840	21.003342
0.061920	20.541117
0.062000	20.046532
0.062080	19.513636
0.062160	18.937090
0.062240	18.312243
0.062320	17.635378
0.062400	16.904110
0.062480	16.117922
0.062560	15.278675
0.062640	14.390780
0.062720	13.460792
0.062800	12.496593
0.062880	11.506592
0.062960	10.499160
0.063040	9.482151
0.063120	8.462261
0.063200	7.444268
0.063280	6.430550
0.063360	5.421358
0.063440	4.415890
0.063520	3.413794
0.063600	2.416445
0.063680	1.427359
0.063760	0.451664
0.063840	-0.504792
0.063920	-1.436053
0.064000	-2.336259
0.064080	-3.199858
0.064160	-4.022371
0.064240	-4.801755
0.064320	-5.539706
0.064400	-6.242089
0.064480	-6.918155
0.064560	-7.578910
0.064640	-8.235249
0.064720	-8.896224
0.064800	-9.567665
0.064880	-10.251607
0.064960	-10.946722
0.065040	-11.649450
0.065120	-12.355291
0.065200	-13.059842
0.065280	-13.759554
0.065360	-14.452431
0.065440	-15.138698
0.065520	-15.821017
0.065600	-16.503807
0.065680	-17.191580
0.065760	-17.886873
0.065840	-18.588783
0.065920	-19.292658
0.066000	-19.991074
0.066080	-20.675695
0.066160	-21.339417
0.066240	-21.978119
0.066320	-22.591526
0.066400	-23.182898
0.066480	-23.757692
0.066560	-24.321791
0.066640	-24.880070
0.066720	-25.435942
0.066800	-25.991932
0.066880	-26.550758
0.066960	-27.116104
0.067040	-27.692478
0.067120	-28.284336
0.067200	-28.895000
0.067280	-29.525875
0.067360	-30.176102
0.067440	-30.842703
0.067520	-31.521177
0.067600	-32.206245
0.067680	-32.892216
0.067760	-33.572769
0.067840	-34.240330
0.067920	-34.885628
0.068000	-35.497707
0.068080	-36.064545
0.068160	-36.574066
0.068240	-37.015293
0.068320	-37.379372
0.068400	-37.660507
0.068480	-37.856731
0.068560	-37.970493
0.068640	-38.008678
0.068720	-37.981926
0.068800	-37.903240
0.068880	-37.786121
0.068960	-37.642742
0.069040	-37.482517
0.069120	-37.311527
0.069200	-37.132885
0.069280	-36.947826
0.069360	-36.756779
0.069440	-36.559727
0.069520	-36.355804
0.069600	-36.142647
0.069680	-35.916248
0.069760	-35.671658
0.069840	-35.404224
0.069920	-35.110802
0.070000	-34.790337
0.070080	-34.443665
0.070160	-34.072704
0.070240	-33.679577
0.070320	-33.266277
0.070400	-32.834911
0.070480	-32.388206
0.070560	-31.929674
0.070640	-31.463221
0.070720	-30.992462
0.070800	-30.520149
0.070880	-30.047916
0.070960	-29.576431
0.071040	-29.105839
0.071120	-28.636227
0.071200	-28.167776
0.071280	-27.700361
0.071360	-27.232704
0.071440	-26.761457
0.071520	-26.280661
0.071600	-25.781961
0.071680	-25.255665
0.071760	-24.692371
0.071840	-24.084627
0.071920	-23.427950
0.072000	-22.720888
0.072080	-21.964325
0.072160	-21.160629
0.072240	-20.313295
0.072320	-19.427029
0.072400	-18.507874
0.072480	-17.562901
0.072560	-16.599342
0.072640	-15.623486
0.072720	-14.639711
0.072800	-13.650058
0.072880	-12.654438
0.072960	-11.651417
0.073040	-10.639351
0.073120	-9.617568
0.073200	-8.587082
0.073280	-7.550419
0.073360	-6.510576
0.073440	-5.469664
0.073520	-4.428033
0.073600	-3.384398
0.073680	-2.336891
0.073760	-1.284466
0.073840	-0.227977
0.073920	0.829508
0.074000	1.883221
0.074080	2.927827
0.074160	3.958734
0.074240	4.973141
0.074320	5.970524
0.074400	6.952670
0.074480	7.923545
0.074560	8.889065
0.074640	9.856606
0.074720	10.834043
0.074800	11.828491
0.074880	12.845212
0.074960	13.887091
0.075040	14.954842
0.075120	16.047770
0.075200	17.164680
0.075280	18.304388
0.075360	19.465611
0.075440	20.646402
0.075520	21.843571
0.075600	23.052397
0.075680	24.266809
0.075760	25.479851
0.075840	26.684170
0.075920	27.872419
0.076000	29.037746
0.076080	30.174599
0.076160	31.279621
0.076240	32.351944
0.076320	33.392620
0.076400	34.403713
0.076480	35.387745
0.076560	36.348042
0.076640	37.289585
0.076720	38.219826
0.076800	39.148720
0.076880	40.087780
0.076960	41.048206
0.077040	42.038780
0.077120	43.064449
0.077200	44.126049
0.077280	45.221111
0.077360	46.345177
0.077440	47.493076
0.077520	48.659843
0.077600	49.841217
0.077680	51.033882
0.077760	52.235508
0.077840	53.444656
0.077920	54.660610
0.078000	55.883167
0.078080	57.112324
0.078160	58.347847
0.078240	59.588840
0.078320	60.833614
0.078400	62.080051
0.078480	63.326313
0.078560	64.571480
0.078640	65.815720
0.078720	67.059853
0.078800	68.304520
0.078880	69.549454
0.078960	70.793213
0.079040	72.033417
0.079120	73.267303
0.079200	74.492470
0.079280	75.707520
0.079360	76.912483
0.079440	78.108704
0.079520	79.298477
0.079600	80.484581
0.079680	81.669983
0.079760	82.857529
0.079840	84.049286
0.079920	85.245773
0.080000	86.445312
0.080080	87.643982
0.080160	88.836159
0.080240	90.015411
0.080320	91.175552
0.080400	92.311798
0.080480	93.422020
0.080560	94.507812
0.080640	95.574860
0.080720	96.632103
0.080800	97.689873
0.080880	98.757668
0.080960	99.842461
0.081040	100.947830
0.081120	102.073860
0.081200	103.217598
0.081280	104.373840
0.081360	105.536285
0.081440	106.698776
0.081520	107.856415
0.081600	109.006409
0.081680	110.148468
0.081760	111.284645
0.081840	112.418419
0.081920	113.553375
0.082000	114.691811
0.082080	115.834122
0.082160	116.979073
0.082240	118.124771
0.082320	119.269325
0.082400	120.410645
0.082480	121.545563
0.082560	122.669243
0.082640	123.775703
0.082720	124.859322
0.082800	125.916412
0.082880	126.945831
0.082960	127.948357
0.083040	128.925430
0.083120	129.878006
0.083200	130.806244
0.083280	131.709854
0.083360	132.588531
0.083440	133.442245
0.083520	134.271118
0.083600	135.075577
0.083680	135.857040
0.083760	136.618668
0.083840	137.365936
0.083920	138.106339
0.084000	138.848221
0.084080	139.598999
0.084160	140.363617
0.084240	141.143890
0.084320	141.938980
0.084400	142.746323
0.084480	143.562500
0.084560	144.383667
0.084640	145.205856
0.084720	146.025101
0.084800	146.837906
0.084880	147.641357
0.084960	148.433380
0.085040	149.213074
0.085120	149.981232
0.085200	150.740677
0.085280	151.496109
0.085360	152.253265
0.085440	153.017990
0.085520	153.795395
0.085600	154.589233
0.085680	155.401581
0.085760	156.233032
0.085840	157.082779
0.085920	157.948868
0.086000	158.828354
0.086080	159.717560
0.086160	160.612213
0.086240	161.507706
0.086320	162.399109
0.086400	163.281296
0.086480	164.149216
0.086560	164.998215
0.086640	165.824661
0.086720	166.626526
0.086800	167.403931
0.086880	168.159042
0.086960	168.895660
0.087040	169.618179
0.087120	170.330704
0.087200	171.036713
0.087280	171.739227
0.087360	172.441299
0.087440	173.146103
0.087520	173.856354
0.087600	174.573608
0.087680	175.297623
0.087760	176.026474
0.087840	176.757050
0.087920	177.485764
0.088000	178.209549
0.088080	178.926620
0.088160	179.636948
0.088240	180.342041
0.088320	181.044083
0.088400	181.745041
0.088480	182.446121
0.088560	183.147705
0.088640	183.849854
0.088720	184.553162
0.088800	185.259399
0.088880	185.971558
0.088960	186.693329
0.089040	187.428177
0.089120	188.178268
0.089200	188.943939
0.089280	189.723724
0.089360	190.515121
0.089440	191.315536
0.089520	192.122955
0.089600	192.936172
0.089680	193.754257
0.089760	194.575836
0.089840	195.398682
0.089920	196.219452
0.090000	197.033737
0.090080	197.836319
0.090160	198.621780
0.090240	199.385132
0.090320	200.122681
0.090400	200.832748
0.090480	201.516220
0.090560	202.176529
0.090640	202.819122
0.090720	203.450409
0.090800	204.076843
0.090880	204.704361
0.090960	205.338089
0.091040	205.982056
0.091120	206.638809
0.091200	207.308853
0.091280	207.990433
0.091360	208.679626
0.091440	209.370819
0.091520	210.057480
0.091600	210.732864
0.091680	211.390808
0.091760	212.026245
0.091840	212.635422
0.091920	213.215912
0.092000	213.766693
0.092080	214.288452
0.092160	214.783920
0.092240	215.258041
0.092320	215.717438
0.092400	216.169464
0.092480	216.621323
0.092560	217.079330
0.092640	217.548904
0.092720	218.034439
0.092800	218.539169
0.092880	219.064453
0.092960	219.608719
0.093040	220.167099
0.093120	220.731857
0.093200	221.294098
0.093280	221.845978
0.093360	222.382370
0.093440	222.901672
0.093520	223.405685
0.093600	223.898972
0.093680	224.388062
0.093760	224.880371
0.093840	225.382797
0.093920	225.900253
0.094000	226.434555
0.094080	226.984024
0.094160	227.543945
0.094240	228.107803
0.094320	228.668579
0.094400	229.219879
0.094480	229.756378
0.094560	230.274002
0.094640	230.769913
0.094720	231.242752
0.094800	231.693161
0.094880	232.124146
0.094960	232.541153
0.095040	232.951096
0.095120	233.360855
0.095200	233.775604
0.095280	234.197556
0.095360	234.625732
0.095440	235.056366
0.095520	235.484222
0.095600	235.904129
0.095680	236.312485
0.095760	236.708038
0.095840	237.091568
0.095920	237.464859
0.096000	237.829620
0.096080	238.186813
0.096160	238.536926
0.096240	238.880356
0.096320	239.217819
0.096400	239.550156
0.096480	239.878067
0.096560	240.202255
0.096640	240.523743
0.096720	240.844437
0.096800	241.166885
0.096880	241.493469
0.096960	241.825455
0.097040	242.162567
0.097120	242.503159
0.097200	242.844345
0.097280	243.181900
0.097360	243.509811
0.097440	243.820297
0.097520	244.104385
0.097600	244.352829
0.097680	244.557144
0.097760	244.710663
0.097840	244.809189
0.097920	244.851273
0.098000	244.837936
0.098080	244.772034
0.098160	244.657791
0.098240	244.500427
0.098320	244.305984
0.098400	244.080872
0.098480	243.831055
0.098560	243.561295
0.098640	243.274368
0.098720	242.970901
0.098800	242.649536
0.098880	242.307922
0.098960	241.944199
0.099040	241.558411
0.099120	241.153061
0.099200	240.732544
0.099280	240.302307
0.099360	239.868271
0.099440	239.436951
0.099520	239.015747
0.099600	238.612625
0.099680	238.235199
0.099760	237.889053
0.099840	237.576263
0.099920	237.294327
0.100000	237.035950
0.100080	236.789642
0.100160	236.541000
0.100240	236.274857
0.100320	235.977570
0.100400	235.638962
0.100480	235.253082
0.100560	234.817947
0.100640	234.334595
0.100720	233.806030
0.100800	233.236526
0.100880	232.631195
0.100960	231.995743
0.101040	231.336105
0.101120	230.658051
0.101200	229.966858
0.101280	229.267303
0.101360	228.563904
0.101440	227.861069
0.101520	227.163147
0.101600	226.474380
0.101680	225.798798
0.101760	225.139725
0.101840	224.498871
0.101920	223.875381
0.102000	223.265381
0.102080	222.662292
0.102160	222.057983
0.102240	221.443909
0.102320	220.812225
0.102400	220.156631
0.102480	219.472672
0.102560	218.757721
0.102640	218.010712
0.102720	217.231964
0.102800	216.423096
0.102880	215.586929
0.102960	214.727280
0.103040	213.848450
0.103120	212.954697
0.103200	212.049515
0.103280	211.135284
0.103360	210.213058
0.103440	209.283005
0.103520	208.345016
0.103600	207.399414
0.103680	206.447632
0.103760	205.492233
0.103840	204.536880
0.103920	203.585983
0.104000	202.644440
0.104080	201.717178
0.104160	200.808517
0.104240	199.921387
0.104320	199.056885
0.104400	198.213989
0.104480	197.389954
0.104560	196.580872
0.104640	195.782654
0.104720	194.992050
0.104800	194.207184
0.104880	193.427536
0.104960	192.653259
0.105040	191.884644
0.105120	191.122147
0.105200	190.366852
0.105280	189.620819
0.105360	188.886810
0.105440	188.167770
0.105520	187.466187
0.105600	186.783585
0.105680	186.119995
0.105760	185.473480
0.105840	184.839905
0.105920	184.213242
0.106000	183.586411
0.106080	182.952286
0.106160	182.304901
0.106240	181.640488
0.106320	180.958496
0.106400	180.261978
0.106480	179.556931
0.106560	178.850662
0.106640	178.150070
0.106720	177.460495
0.106800	176.785278
0.106880	176.125854
0.106960	175.481766
0.107040	174.850677
0.107120	174.228378
0.107200	173.609314
0.107280	172.987381
0.107360	172.357056
0.107440	171.714111
0.107520	171.055801
0.107600	170.380432
0.107680	169.686874
0.107760	168.974411
0.107840	168.243073
0.107920	167.494125
0.108000	166.730423
0.108080	165.956421
0.108160	165.177948
0.108240	164.401871
0.108320	163.635483
0.108400	162.885742
0.108480	162.158569
0.108560	161.458313
0.108640	160.787781
0.108720	160.148468
0.108800	159.541077
0.108880	158.965790
0.108960	158.422302
0.109040	157.909424
0.109120	157.425049
0.109200	156.966263
0.109280	156.529724
0.109360	156.111755
0.109440	155.708267
0.109520	155.314423
0.109600	154.924408
0.109680	154.531540
0.109760	154.128891
0.109840	153.710220
0.109920	153.271194
0.110000	152.810089
0.110080	152.327454
0.110160	151.825012
0.110240	151.304367
0.110320	150.766602
0.110400	150.212891
0.110480	149.645508
0.110560	149.068314
0.110640	148.485992
0.110720	147.902481
0.110800	147.319321
0.110880	146.735306
0.110960	146.147446
0.111040	145.553040
0.111120	144.951584
0.111200	144.345840
0.111280	143.741684
0.111360	143.146973
0.111440	142.569977
0.111520	142.017761
0.111600	141.495239
0.111680	141.005005
0.111760	140.547852
0.111840	140.123169
0.111920	139.729401
0.112000	139.364426
0.112080	139.026260
0.112160	138.713821
0.112240	138.426804
0.112320	138.164948
0.112400	137.926575
0.112480	137.707825
0.112560	137.502747
0.112640	137.304276
0.112720	137.105850
0.112800	136.902710
0.112880	136.692596
0.112960	136.475403
0.113040	136.251923
0.113120	136.022568
0.113200	135.786850
0.113280	135.543747
0.113360	135.292648
0.113440	135.034088
0.113520	134.770020
0.113600	134.503418
0.113680	134.237701
0.113760	133.975983
0.113840	133.720261
0.113920	133.470810
0.114000	133.225677
0.114080	132.981171
0.114160	132.732925
0.114240	132.477386
0.114320	132.212570
0.114400	131.938065
0.114480	131.654022
0.114560	131.360077
0.114640	131.054596
0.114720	130.734772
0.114800	130.397018
0.114880	130.038086
0.114960	129.656128
0.115040	129.251404
0.115120	128.826431
0.115200	128.385239
0.115280	127.932411
0.115360	127.472092
0.115440	127.007446
0.115520	126.540802
0.115600	126.074219
0.115680	125.610077
0.115760	125.151222
0.115840	124.700638
0.115920	124.260986
0.116000	123.834282
0.116080	123.421951
0.116160	123.024994
0.116240	122.644234
0.116320	122.280273
0.116400	121.933319
0.116480	121.602608
0.116560	121.285896
0.116640	120.979286
0.116720	120.677521
0.116800	120.374924
0.116880	120.066467
0.116960	119.748886
0.117040	119.421288
0.117120	119.085083
0.117200	118.743256
0.117280	118.399246
0.117360	118.055748
0.117440	117.713776
0.117520	117.372604
0.117600	117.030487
0.117680	116.685699
0.117760	116.337029
0.117840	115.983643
0.117920	115.624504
0.118000	115.258179
0.118080	114.883255
0.118160	114.499336
0.118240	114.107903
0.118320	113.712509
0.118400	113.318085
0.118480	112.929810
0.118560	112.552177
0.118640	112.188477
0.118720	111.840752
0.118800	111.509750
0.118880	111.194855
0.118960	110.894157
0.119040	110.604820
0.119120	110.323746
0.119200	110.048096
0.119280	109.775314
0.119360	109.502762
0.119440	109.227386
0.119520	108.945976
0.119600	108.655647
0.119680	108.354385
0.119760	108.041008
0.119840	107.714844
0.119920	107.375244
0.120000	107.021629
0.120080	106.653648
0.120160	106.271461
0.120240	105.875740
0.120320	105.467606
0.120400	105.048500
0.120480	104.620079
0.120560	104.183937
0.120640	103.741432
0.120720	103.293671
0.120800	102.841705
0.120880	102.387093
0.120960	101.932495
0.121040	101.482201
0.121120	101.041916
0.121200	100.617767
0.121280	100.214607
0.121360	99.834305
0.121440	99.475128
0.121520	99.132446
0.121600	98.800461
0.121680	98.473877
0.121760	98.148804
0.121840	97.822670
0.121920	97.493713
0.122000	97.160614
0.122080	96.822304
0.122160	96.477882
0.122240	96.126205
0.122320	95.765381
0.122400	95.392395
0.122480	95.003471
0.122560	94.595085
0.122640	94.165138
0.122720	93.713753
0.122800	93.243362
0.122880	92.758110
0.122960	92.262833
0.123040	91.761986
0.123120	91.258881
0.123200	90.755066
0.123280	90.250031
0.123360	89.741188
0.123440	89.224556
0.123520	88.696022
0.123600	88.152657
0.123680	87.593391
0.123760	87.018585
0.123840	86.429337
0.123920	85.827095
0.124000	85.214104
0.124080	84.594238
0.124160	83.973495
0.124240	83.359810
0.124320	82.762192
0.124400	82.189606
0.124480	81.649803
0.124560	81.148048
0.124640	80.686096
0.124720	80.261765
0.124800	79.869484
0.124880	79.501686
0.124960	79.150108
0.125040	78.806412
0.125120	78.462257
0.125200	78.109512
0.125280	77.740837
0.125360	77.350777
0.125440	76.936600
0.125520	76.498474
0.125600	76.038902
0.125680	75.561813
0.125760	75.071365
0.125840	74.570984
0.125920	74.062897
0.126000	73.548393
0.126080	73.028503
0.126160	72.504562
0.126240	71.978394
0.126320	71.451920
0.126400	70.926613
0.126480	70.402855
0.126560	69.879593
0.126640	69.354431
0.126720	68.824341
0.126800	68.286766
0.126880	67.740608
0.126960	67.186623
0.127040	66.627090
0.127120	66.065193
0.127200	65.504539
0.127280	64.948875
0.127360	64.401802
0.127440	63.866219
0.127520	63.343594
0.127600	62.833508
0.127680	62.333595
0.127760	61.839924
0.127840	61.347649
0.127920	60.851875
0.128000	60.348625
0.128080	59.835659
0.128160	59.312820
0.128240	58.781689
0.128320	58.244717
0.128400	57.704353
0.128480	57.162663
0.128560	56.621300
0.128640	56.081688
0.128720	55.545277
0.128800	55.013870
0.128880	54.490002
0.128960	53.976917
0.129040	53.478127
0.129120	52.996468
0.129200	52.533165
0.129280	52.087341
0.129360	51.656326
0.129440	51.236526
0.129520	50.824257
0.129600	50.416237
0.129680	50.009731
0.129760	49.602604
0.129840	49.193272
0.129920	48.780418
0.130000	48.362480
0.130080	47.937187
0.130160	47.501461
0.130240	47.051735
0.130320	46.584530
0.130400	46.097084
0.130480	45.587914
0.130560	45.056961
0.130640	44.505199
0.130720	43.933765
0.130800	43.343182
0.130880	42.733131
0.130960	42.102852
0.131040	41.451748
0.131120	40.779964
0.131200	40.088642
0.131280	39.379936
0.131360	38.656891
0.131440	37.923283
0.131520	37.183556
0.131600	36.442570
0.131680	35.705166
0.131760	34.975758
0.131840	34.258053
0.131920	33.554893
0.132000	32.868214
0.132080	32.199120
0.132160	31.548128
0.132240	30.915573
0.132320	30.301893
0.132400	29.707523
0.132480	29.132349
0.132560	28.575140
0.132640	28.033438
0.132720	27.504099
0.132800	26.984137
0.132880	26.471273
0.132960	25.963928
0.133040	25.460823
0.133120	24.960617
0.133200	24.461975
0.133280	23.963989
0.133360	23.466618
0.133440	22.970659
0.133520	22.477306
0.133600	21.987469
0.133680	21.501179
0.133760	21.017159
0.133840	20.532633
0.133920	20.043369
0.134000	19.543962
0.134080	19.028278
0.134160	18.490154
0.134240	17.924391
0.134320	17.327936
0.134400	16.700974
0.134480	16.047464
0.134560	15.374841
0.134640	14.692836
0.134720	14.011820
0.134800	13.341096
0.134880	12.687693
0.134960	12.055911
0.135040	11.447487
0.135120	10.862047
0.135200	10.297573
0.135280	9.750765
0.135360	9.217279
0.135440	8.691968
0.135520	8.169216
0.135600	7.643254
0.135680	7.108459
0.135760	6.559805
0.135840	5.993499
0.135920	5.407452
0.136000	4.801285
0.136080	4.175976
0.136160	3.533494
0.136240	2.876645
0.136320	2.209036
0.136400	1.534860
0.136480	0.858394
0.136560	0.183323
0.136640	-0.487910
0.136720	-1.154484
0.136800	-1.817138
0.136880	-2.477670
0.136960	-3.138215
0.137040	-3.800510
0.137120	-4.465177
0.137200	-5.131088
0.137280	-5.794893
0.137360	-6.450896
0.137440	-7.091525
0.137520	-7.708524
0.137600	-8.294702
0.137680	-8.845746
0.137760	-9.361313
0.137840	-9.844985
0.137920	-10.303247
0.138000	-10.744088
0.138080	-11.175665
0.138160	-11.605289
0.138240	-12.038807
0.138320	-12.480341
0.138400	-12.932401
0.138480	-13.396292
0.138560	-13.872591
0.138640	-14.361375
0.138720	-14.862108
0.138800	-15.373419
0.138880	-15.893093
0.138960	-16.418385
0.139040	-16.946531
0.139120	-17.475218
0.139200	-18.002857
0.139280	-18.528717
0.139360	-19.052921
0.139440	-19.576359
0.139520	-20.100479
0.139600	-20.626911
0.139680	-21.156883
0.139760	-21.690683
0.139840	-22.227468
0.139920	-22.765465
0.140000	-23.302486
0.140080	-23.836405
0.140160	-24.365313
0.140240	-24.887383
0.140320	-25.400660
0.140400	-25.903061
0.140480	-26.392624
0.140560	-26.867943
0.140640	-27.328550
0.140720	-27.775084
0.140800	-28.209234
0.140880	-28.633413
0.140960	-29.050194
0.141040	-29.461851
0.141120	-29.870180
0.141200	-30.276728
0.141280	-30.683218
0.141360	-31.091923
0.141440	-31.505737
0.141520	-31.927845
0.141600	-32.361080
0.141680	-32.807293
0.141760	-33.267014
0.141840	-33.739433
0.141920	-34.222519
0.142000	-34.713184
0.142080	-35.207638
0.142160	-35.701946
0.142240	-36.192726
0.142320	-36.677765
0.142400	-37.156502
0.142480	-37.630379
0.142560	-38.102936
0.142640	-38.579426
0.142720	-39.065559
0.142800	-39.565876
0.142880	-40.082603
0.142960	-40.615719
0.143040	-41.163986
0.143120	-41.726204
0.143200	-42.301586
0.143280	-42.889149
0.143360	-43.486694
0.143440	-44.090214
0.143520	-44.694160
0.143600	-45.292423
0.143680	-45.879383
0.143760	-46.450581
0.143840	-47.002914
0.143920	-47.534592
0.144000	-48.045124
0.144080	-48.535385
0.144160	-49.007717
0.144240	-49.465805
0.144320	-49.914181
0.144400	-50.357533
0.144480	-50.800041
0.144560	-51.244896
0.144640	-51.693958
0.144720	-52.147476
0.144800	-52.603878
0.144880	-53.059837
0.144960	-53.510818
0.145040	-53.951973
0.145120	-54.379059
0.145200	-54.788975
0.145280	-55.179737
0.145360	-55.550129
0.145440	-55.899597
0.145520	-56.228535
0.145600	-56.538792
0.145680	-56.833946
0.145760	-57.118935
0.145840	-57.399143
0.145920	-57.679386
0.146000	-57.963264
0.146080	-58.253227
0.146160	-58.551186
0.146240	-58.859138
0.146320	-59.179424
0.146400	-59.514523
0.146480	-59.866550
0.146560	-60.236782
0.146640	-60.625153
0.146720	-61.029827
0.146800	-61.446987
0.146880	-61.870842
0.146960	-62.293941
0.147040	-62.707741
0.147120	-63.103344
0.147200	-63.472252
0.147280	-63.806984
0.147360	-64.101517
0.147440	-64.351456
0.147520	-64.554237
0.147600	-64.709290
0.147680	-64.818260
0.147760	-64.884987
0.147840	-64.915184
0.147920	-64.916046
0.148000	-64.895920
0.148080	-64.863770
0.148160	-64.828514
0.148240	-64.798302
0.148320	-64.779976
0.148400	-64.778831
0.148480	-64.798492
0.148560	-64.840843
0.148640	-64.905785
0.148720	-64.991104
0.148800	-65.092712
0.148880	-65.205498
0.148960	-65.324570
0.149040	-65.446396
0.149120	-65.569420
0.149200	-65.694214
0.149280	-65.823097
0.149360	-65.959549
0.149440	-66.107506
0.149520	-66.270798
0.149600	-66.452652
0.149680	-66.655304
0.149760	-66.879616
0.149840	-67.124756
0.149920	-67.388161
0.150000	-67.665810
0.150080	-67.953163
0.150160	-68.246162
0.150240	-68.541862
0.150320	-68.838318
0.150400	-69.133957
0.150480	-69.426888
0.150560	-69.714592
0.150640	-69.994209
0.150720	-70.262917
0.150800	-70.518364
0.150880	-70.758919
0.150960	-70.983810
0.151040	-71.193245
0.151120	-71.388428
0.151200	-71.571663
0.151280	-71.746414
0.151360	-71.917091
0.151440	-72.088249
0.151520	-72.263519
0.151600	-72.444870
0.151680	-72.632530
0.151760	-72.825401
0.151840	-73.021515
0.151920	-73.218239
0.152000	-73.412529
0.152080	-73.601196
0.152160	-73.781219
0.152240	-73.949898
0.152320	-74.105255
0.152400	-74.246597
0.152480	-74.375336
0.152560	-74.495201
0.152640	-74.611420
0.152720	-74.728989
0.152800	-74.850998
0.152880	-74.977821
0.152960	-75.107590
0.153040	-75.237640
0.153120	-75.365906
0.153200	-75.491745
0.153280	-75.615791
0.153360	-75.739388
0.153440	-75.863892
0.153520	-75.990303
0.153600	-76.119133
0.153680	-76.250366
0.153760	-76.383682
0.153840	-76.518639
0.153920	-76.654755
0.154000	-76.791443
0.154080	-76.927612
0.154160	-77.061340
0.154240	-77.189697
0.154320	-77.309029
0.154400	-77.415535
0.154480	-77.505890
0.154560	-77.577919
0.154640	-77.631042
0.154720	-77.666489
0.154800	-77.687256
0.154880	-77.697952
0.154960	-77.704636
0.155040	-77.714371
0.155120	-77.734230
0.155200	-77.770020
0.155280	-77.825508
0.155360	-77.902534
0.155440	-78.001579
0.155520	-78.122047
0.155600	-78.261856
0.155680	-78.417038
0.155760	-78.582024
0.155840	-78.750771
0.155920	-78.918098
0.156000	-79.080200
0.156080	-79.234329
0.156160	-79.377846
0.156240	-79.507538
0.156320	-79.619865
0.156400	-79.712029
0.156480	-79.783203
0.156560	-79.835381
0.156640	-79.873268
0.156720	-79.903450
0.156800	-79.933098
0.156880	-79.968765
0.156960	-80.015549
0.157040	-80.076828
0.157120	-80.154320
0.157200	-80.248329
0.157280	-80.357819
0.157360	-80.480331
0.157440	-80.611671
0.157520	-80.745720
0.157600	-80.874863
0.157680	-80.991066
0.157760	-81.087288
0.157840	-81.158791
0.157920	-81.203743
0.158000	-81.223251
0.158080	-81.220963
0.158160	-81.202599
0.158240	-81.175407
0.158320	-81.147537
0.158400	-81.127113
0.158480	-81.121223
0.158560	-81.134987
0.158640	-81.170868
0.158720	-81.228439
0.158800	-81.304443
0.158880	-81.393303
0.158960	-81.487991
0.159040	-81.581238
0.159120	-81.666870
0.159200	-81.740906
0.159280	-81.802078
0.159360	-81.851540
0.159440	-81.891853
0.159520	-81.925621
0.159600	-81.954208
0.159680	-81.977142
0.159760	-81.992180
0.159840	-81.996040
0.159920	-81.985298
0.160000	-81.957367
0.160080	-81.910957
0.160160	-81.846146
0.160240	-81.764038
0.160320	-81.666389
0.160400	-81.555534
0.160480	-81.434624
0.160560	-81.307961
0.160640	-81.181084
0.160720	-81.060562
0.160800	-80.953285
0.160880	-80.865524
0.160960	-80.801819
0.161040	-80.764290
0.161120	-80.752686
0.161200	-80.765167
0.161280	-80.799255
0.161360	-80.852448
0.161440	-80.922150
0.161520	-81.005348
0.161600	-81.098267
0.161680	-81.196404
0.161760	-81.294975
0.161840	-81.389748
0.161920	-81.478035
0.162000	-81.559532
0.162080	-81.636375
0.162160	-81.712112
0.162240	-81.790016
0.162320	-81.871666
0.162400	-81.956665
0.162480	-82.043549
0.162560	-82.130951
0.162640	-82.218513
0.162720	-82.307014
0.162800	-82.397919
0.162880	-82.492714
0.162960	-82.592133
0.163040	-82.695549
0.163120	-82.800797
0.163200	-82.904572
0.163280	-83.003426
0.163360	-83.094765
0.163440	-83.177452
0.163520	-83.251816
0.163600	-83.319176
0.163680	-83.381142
0.163760	-83.439018
0.163840	-83.493576
0.163920	-83.545097
0.164000	-83.593803
0.164080	-83.640305
0.164160	-83.685905
0.164240	-83.732567
0.164320	-83.782608
0.164400	-83.838173
0.164480	-83.900757
0.164560	-83.970688
0.164640	-84.046806
0.164720	-84.126534
0.164800	-84.206444
0.164880	-84.283188
0.164960	-84.354195
0.165040	-84.417976
0.165120	-84.473907
0.165200	-84.521782
0.165280	-84.561546
0.165360	-84.593460
0.165440	-84.618401
0.165520	-84.637779
0.165600	-84.652908
0.165680	-84.664070
0.165760	-84.670151
0.165840	-84.669258
0.165920	-84.660072
0.166000	-84.643135
0.166080	-84.621437
0.166160	-84.600014
0.166240	-84.584610
0.166320	-84.580025
0.166400	-84.588776
0.166480	-84.610985
0.166560	-84.645462
0.166640	-84.691315
0.166720	-84.749115
0.166800	-84.820747
0.166880	-84.908241
0.166960	-85.012306
0.167040	-85.131546
0.167120	-85.262619
0.167200	-85.401131
0.167280	-85.542633
0.167360	-85.683464
0.167440	-85.821129
0.167520	-85.954391
0.167600	-86.082901
0.167680	-86.206604
0.167760	-86.324921
0.167840	-86.436386
0.167920	-86.539177
0.168000	-86.632202
0.168080	-86.716072
0.168160	-86.793274
0.168240	-86.867325
0.168320	-86.941650
0.168400	-87.018723
0.168480	-87.099953
0.168560	-87.186295
0.168640	-87.279121
0.168720	-87.380547
0.168800	-87.492912
0.168880	-87.617836
0.168960	-87.755135
0.169040	-87.902420
0.169120	-88.055450
0.169200	-88.209267
0.169280	-88.359612
0.169360	-88.503922
0.169440	-88.641319
0.169520	-88.771812
0.169600	-88.895378
0.169680	-89.011528
0.169760	-89.119545
0.169840	-89.219017
0.169920	-89.310562
0.170000	-89.396210
0.170080	-89.479401
0.170160	-89.564453
0.170240	-89.655563
0.170320	-89.755753
0.170400	-89.866142
0.170480	-89.986069
0.170560	-90.113754
0.170640	-90.246933
0.170720	-90.383003
0.170800	-90.518684
0.170880	-90.649803
0.170960	-90.771469
0.171040	-90.878944
0.171120	-90.968597
0.171200	-91.038551
0.171280	-91.088860
0.171360	-91.121086
0.171440	-91.137650
0.171520	-91.141037
0.171600	-91.133301
0.171680	-91.116119
0.171760	-91.091576
0.171840	-91.063034
0.171920	-91.035538
0.172000	-91.015205
0.172080	-91.008156
0.172160	-91.019447
0.172240	-91.052460
0.172320	-91.108910
0.172400	-91.189293
0.172480	-91.293343
0.172560	-91.420128
0.172640	-91.567642
0.172720	-91.732468
0.172800	-91.909813
0.172880	-92.094231
0.172960	-92.280746
0.173040	-92.465874
0.173120	-92.647766
0.173200	-92.825386
0.173280	-92.997314
0.173360	-93.161041
0.173440	-93.313225
0.173520	-93.450684
0.173600	-93.571373
0.173680	-93.675003
0.173760	-93.763031
0.173840	-93.838371
0.173920	-93.904999
0.174000	-93.967468
0.174080	-94.030449
0.174160	-94.098068
0.174240	-94.173355
0.174320	-94.257950
0.174400	-94.352425
0.174480	-94.456932
0.174560	-94.572029
0.174640	-94.699181
0.174720	-94.840805
0.174800	-95.000145
0.174880	-95.181168
0.174960	-95.388741
0.175040	-95.628662
0.175120	-95.907021
0.175200	-96.228630
0.175280	-96.595261
0.175360	-97.004440
0.175440	-97.449654
0.175520	-97.921875
0.175600	-98.411705
0.175680	-98.910797
0.175760	-99.412224
0.175840	-99.909943
0.175920	-100.398163
0.176000	-100.871109
0.176080	-101.323471
0.176160	-101.751343
0.176240	-102.152870
0.176320	-102.528130
0.176400	-102.877846
0.176480	-103.201843
0.176560	-103.498032
0.176640	-103.762642
0.176720	-103.991417
0.176800	-104.181145
0.176880	-104.330917
0.176960	-104.442757
0.177040	-104.521637
0.177120	-104.574944
0.177200	-104.611603
0.177280	-104.641022
0.177360	-104.672264
0.177440	-104.713371
0.177520	-104.770844
0.177600	-104.849373
0.177680	-104.951759
0.177760	-105.079208
0.177840	-105.231705
0.177920	-105.408554
0.178000	-105.608665
0.178080	-105.830627
0.178160	-106.072433
0.178240	-106.330833
0.178320	-106.600876
0.178400	-106.875954
0.178480	-107.148338
0.178560	-107.410210
0.178640	-107.654938
0.178720	-107.878021
0.178800	-108.077507
0.178880	-108.253662
0.178960	-108.408264
0.179040	-108.544044
0.179120	-108.664337
0.179200	-108.773109
0.179280	-108.874939
0.179360	-108.974625
0.179440	-109.076622
0.179520	-109.184326
0.179600	-109.299698
0.179680	-109.423126
0.179760	-109.553787
0.179840	-109.690247
0.179920	-109.831100
0.180000	-109.975327
0.180080	-110.122421
0.180160	-110.272346
0.180240	-110.425491
0.180320	-110.582756
0.180400	-110.745796
0.180480	-110.917099
0.180560	-111.099892
0.180640	-111.297714
0.180720	-111.513924
0.180800	-111.751297
0.180880	-112.011787
0.180960	-112.296303
0.181040	-112.604378
0.181120	-112.933929
0.181200	-113.281479
0.181280	-113.643272
0.181360	-114.016632
0.181440	-114.400688
0.181520	-114.796013
0.181600	-115.203506
0.181680	-115.623161
0.181760	-116.053307
0.181840	-116.490669
0.181920	-116.931160
0.182000	-117.371094
0.182080	-117.808319
0.182160	-118.242622
0.182240	-118.675377
0.182320	-119.108429
0.182400	-119.542938
0.182480	-119.978668
0.182560	-120.414024
0.182640	-120.846634
0.182720	-121.274017
0.182800	-121.694122
0.182880	-122.105316
0.182960	-122.506096
0.183040	-122.894539
0.183120	-123.267906
0.183200	-123.622681
0.183280	-123.955215
0.183360	-124.262939
0.183440	-124.545166
0.183520	-124.803429
0.183600	-125.041039
0.183680	-125.262405
0.183760	-125.472214
0.183840	-125.674461
0.183920	-125.871765
0.184000	-126.065186
0.184080	-126.254868
0.184160	-126.441521
0.184240	-126.628059
0.184320	-126.820221
0.184400	-127.025726
0.184480	-127.252380
0.184560	-127.506241
0.184640	-127.790688
0.184720	-128.106537
0.184800	-128.452621
0.184880	-128.826187
0.184960	-129.223083
0.185040	-129.638245
0.185120	-130.066650
0.185200	-130.504166
0.185280	-130.948074
0.185360	-131.396576
0.185440	-131.847855
0.185520	-132.298981
0.185600	-132.745621
0.185680	-133.182770
0.185760	-133.606064
0.185840	-134.013290
0.185920	-134.405182
0.186000	-134.785324
0.186080	-135.158936
0.186160	-135.531586
0.186240	-135.908203
0.186320	-136.292908
0.186400	-136.689087
0.186480	-137.099442
0.186560	-137.525528
0.186640	-137.967102
0.186720	-138.421799
0.186800	-138.885086
0.186880	-139.350723
0.186960	-139.811279
0.187040	-140.258865
0.187120	-140.686462
0.187200	-141.089355
0.187280	-141.465927
0.187360	-141.817657
0.187440	-142.148041
0.187520	-142.461227
0.187600	-142.760956
0.187680	-143.050354
0.187760	-143.331970
0.187840	-143.607971
0.187920	-143.880127
0.188000	-144.149902
0.188080	-144.418976
0.188160	-144.689911
0.188240	-144.966797
0.188320	-145.255325
0.188400	-145.562332
0.188480	-145.894913
0.188560	-146.259338
0.188640	-146.659683
0.188720	-147.096664
0.188800	-147.566650
0.188880	-148.061584
0.188960	-148.570267
0.189040	-149.080688
0.189120	-149.582260
0.189200	-150.067200
0.189280	-150.530685
0.189360	-150.970245
0.189440	-151.385178
0.189520	-151.776230
0.189600	-152.145798
0.189680	-152.497803
0.189760	-152.837311
0.189840	-153.169830
0.189920	-153.500793
0.190000	-153.835007
0.190080	-154.176117
0.190160	-154.525986
0.190240	-154.884415
0.190320	-155.249695
0.190400	-155.619339
0.190480	-155.990707
0.190560	-156.360794
0.190640	-156.725784
0.190720	-157.081009
0.190800	-157.421844
0.190880	-157.745193
0.190960	-158.050629
0.191040	-158.340561
0.191120	-158.619537
0.191200	-158.892929
0.191280	-159.165665
0.191360	-159.441360
0.191440	-159.721710
0.191520	-160.006607
0.191600	-160.294861
0.191680	-160.585297
0.191760	-160.877716
0.191840	-161.173431
0.191920	-161.474976
0.192000	-161.785294
0.192080	-162.106903
0.192160	-162.441254
0.192240	-162.788605
0.192320	-163.148376
0.192400	-163.519699
0.192480	-163.901794
0.192560	-164.293503
0.192640	-164.692551
0.192720	-165.095047
0.192800	-165.495728
0.192880	-165.888916
0.192960	-166.269852
0.193040	-166.635742
0.193120	-166.986618
0.193200	-167.325363
0.193280	-167.657104
0.193360	-167.987900
0.193440	-168.323502
0.193520	-168.668289
0.193600	-169.025116
0.193680	-169.395905
0.193760	-169.782593
0.193840	-170.188034
0.193920	-170.616226
0.194000	-171.071426
0.194080	-171.556778
0.194160	-172.072845
0.194240	-172.616974
0.194320	-173.183624
0.194400	-173.765808
0.194480	-174.356598
0.194560	-174.950363
0.194640	-175.543137
0.194720	-176.132187
0.194800	-176.715240
0.194880	-177.289825
0.194960	-177.853088
0.195040	-178.401993
0.195120	-178.933823
0.195200	-179.446548
0.195280	-179.938980
0.195360	-180.410706
0.195440	-180.861450
0.195520	-181.290543
0.195600	-181.696487
0.195680	-182.077194
0.195760	-182.430725
0.195840	-182.756454
0.195920	-183.055603
0.196000	-183.331284
0.196080	-183.587906
0.196160	-183.830612
0.196240	-184.064789
0.196320	-184.295609
0.196400	-184.527664
0.196480	-184.764389
0.196560	-185.007889
0.196640	-185.258636
0.196720	-185.515701
0.196800	-185.777023
0.196880	-186.040329
0.196960	-186.303665
0.197040	-186.565811
0.197120	-186.826126
0.197200	-187.084351
0.197280	-187.340469
0.197360	-187.594818
0.197440	-187.848099
0.197520	-188.101151
0.197600	-188.354446
0.197680	-188.607773
0.197760	-188.860306
0.197840	-189.111343
0.197920	-189.360840
0.198000	-189.609695
0.198080	-189.859314
0.198160	-190.111221
0.198240	-190.366425
0.198320	-190.625137
0.198400	-190.886459
0.198480	-191.148407
0.198560	-191.408173
0.198640	-191.662659
0.198720	-191.909180
0.198800	-192.146164
0.198880	-192.373352
0.198960	-192.591644
0.199040	-192.802551
0.199120	-193.007751
0.199200	-193.208893
0.199280	-193.407883
0.199360	-193.606979
0.199440	-193.808746
0.199520	-194.015717
0.199600	-194.229874
0.199680	-194.452255
0.199760	-194.682999
0.199840	-194.921448
0.199920	-195.166611
0.200000	-195.417282
0.200080	-195.672531
0.200160	-195.931870
0.200240	-196.195480
0.200320	-196.463989
0.200400	-196.738037
0.200480	-197.018036
0.200560	-197.303894
0.200640	-197.594955
0.200720	-197.890091
0.200800	-198.188019
0.200880	-198.487808
0.200960	-198.789154
0.201040	-199.092712
0.201120	-199.400146
0.201200	-199.714081
0.201280	-200.037796
0.201360	-200.374695
0.201440	-200.727600
0.201520	-201.098038
0.201600	-201.485748
0.201680	-201.888550
0.201760	-202.302414
0.201840	-202.721970
0.201920	-203.141449
0.202000	-203.555771
0.202080	-203.961426
0.202160	-204.356766
0.202240	-204.741608
0.202320	-205.116562
0.202400	-205.482513
0.202480	-205.840775
0.202560	-206.193222
0.202640	-206.542252
0.202720	-206.890106
0.202800	-207.237793
0.202880	-207.584335
0.202960	-207.926422
0.203040	-208.259216
0.203120	-208.577560
0.203200	-208.877380
0.203280	-209.156616
0.203360	-209.415405
0.203440	-209.655258
0.203520	-209.877731
0.203600	-210.083588
0.203680	-210.272629
0.203760	-210.444580
0.203840	-210.600204
0.203920	-210.742020
0.204000	-210.874222
0.204080	-211.001938
0.204160	-211.130142
0.204240	-211.262970
0.204320	-211.403427
0.204400	-211.553101
0.204480	-211.712097
0.204560	-211.879196
0.204640	-212.052414
0.204720	-212.229767
0.204800	-212.410110
0.204880	-212.593491
0.204960	-212.781158
0.205040	-212.975174
0.205120	-213.178146
0.205200	-213.392899
0.205280	-213.622391
0.205360	-213.869629
0.205440	-214.137680
0.205520	-214.429230
0.205600	-214.745926
0.205680	-215.087524
0.205760	-215.451370
0.205840	-215.832718
0.205920	-216.225784
0.206000	-216.625092
0.206080	-217.026382
0.206160	-217.426575
0.206240	-217.822906
0.206320	-218.212341
0.206400	-218.591492
0.206480	-218.957047
0.206560	-219.306259
0.206640	-219.637177
0.206720	-219.948364
0.206800	-220.238724
0.206880	-220.507523
0.206960	-220.754959
0.207040	-220.982483
0.207120	-221.193008
0.207200	-221.390274
0.207280	-221.577896
0.207360	-221.758286
0.207440	-221.932175
0.207520	-222.098740
0.207600	-222.256195
0.207680	-222.402359
0.207760	-222.535233
0.207840	-222.653595
0.207920	-222.757187
0.208000	-222.846863
0.208080	-222.924194
0.208160	-222.991028
0.208240	-223.048859
0.208320	-223.098846
0.208400	-223.141998
0.208480	-223.179718
0.208560	-223.213852
0.208640	-223.246170
0.208720	-223.277756
0.208800	-223.308609
0.208880	-223.338364
0.208960	-223.367157
0.209040	-223.396378
0.209120	-223.428619
0.209200	-223.467361
0.209280	-223.516327
0.209360	-223.578918
0.209440	-223.657547
0.209520	-223.753174
0.209600	-223.865219
0.209680	-223.991653
0.209760	-224.129028
0.209840	-224.272324
0.209920	-224.415298
0.210000	-224.551147
0.210080	-224.673920
0.210160	-224.780060
0.210240	-224.869690
0.210320	-224.946823
0.210400	-225.018234
0.210480	-225.091217
0.210560	-225.171326
0.210640	-225.260880
0.210720	-225.359131
0.210800	-225.463715
0.210880	-225.572342
0.210960	-225.684036
0.211040	-225.799164
0.211120	-225.919113
0.211200	-226.045792
0.211280	-226.181458
0.211360	-226.328278
0.211440	-226.487564
0.211520	-226.659042
0.211600	-226.840378
0.211680	-227.027802
0.211760	-227.217178
0.211840	-227.405334
0.211920	-227.590866
0.212000	-227.774078
0.212080	-227.956390
0.212160	-228.139435
0.212240	-228.324448
0.212320	-228.511749
0.212400	-228.700592
0.212480	-228.888931
0.212560	-229.073624
0.212640	-229.250992
0.212720	-229.417679
0.212800	-229.571365
0.212880	-229.710831
0.212960	-229.835403
0.213040	-229.943817
0.213120	-230.033844
0.213200	-230.102692
0.213280	-230.148026
0.213360	-230.168579
0.213440	-230.164001
0.213520	-230.134247
0.213600	-230.079056
0.213680	-229.998154
0.213760	-229.891830
0.213840	-229.761658
0.213920	-229.611206
0.214000	-229.446228
0.214080	-229.274139
0.214160	-229.102829
0.214240	-228.939438
0.214320	-228.789673
0.214400	-228.658020
0.214480	-228.548416
0.214560	-228.464447
0.214640	-228.409058
0.214720	-228.383362
0.214800	-228.385605
0.214880	-228.411087
0.214960	-228.453018
0.215040	-228.503876
0.215120	-228.556870
0.215200	-228.606857
0.215280	-228.650970
0.215360	-228.688660
0.215440	-228.721222
0.215520	-228.751068
0.215600	-228.780823
0.215680	-228.812988
0.215760	-228.849670
0.215840	-228.892548
0.215920	-228.942474
0.216000	-228.998947
0.216080	-229.059601
0.216160	-229.120300
0.216240	-229.175690
0.216320	-229.220200
0.216400	-229.248718
0.216480	-229.257050
0.216560	-229.242081
0.216640	-229.201691
0.216720	-229.134689
0.216800	-229.040710
0.216880	-228.920181
0.216960	-228.774231
0.217040	-228.604416
0.217120	-228.412750
0.217200	-228.201691
0.217280	-227.974274
0.217360	-227.733810
0.217440	-227.483414
0.217520	-227.225433
0.217600	-226.961319
0.217680	-226.691711
0.217760	-226.416718
0.217840	-226.136398
0.217920	-225.851471
0.218000	-225.564056
0.218080	-225.278198
0.218160	-224.999908
0.218240	-224.736038
0.218320	-224.492767
0.218400	-224.273743
0.218480	-224.079178
0.218560	-223.906189
0.218640	-223.750290
0.218720	-223.606979
0.218800	-223.472702
0.218880	-223.344681
0.218960	-223.220337
0.219040	-223.096802
0.219120	-222.970886
0.219200	-222.839706
0.219280	-222.701340
0.219360	-222.555420
0.219440	-222.403107
0.219520	-222.246552
0.219600	-222.088287
0.219680	-221.930573
0.219760	-221.774918
0.219840	-221.621780
0.219920	-221.470154
0.220000	-221.317551
0.220080	-221.160309
0.220160	-220.994217
0.220240	-220.814941
0.220320	-220.618454
0.220400	-220.401367
0.220480	-220.161362
0.220560	-219.897614
0.220640	-219.610840
0.220720	-219.303040
0.220800	-218.976913
0.220880	-218.635345
0.220960	-218.281113
0.221040	-217.916962
0.221120	-217.545944
0.221200	-217.172150
0.221280	-216.801056
0.221360	-216.439255
0.221440	-216.093353
0.221520	-215.768539
0.221600	-215.467422
0.221680	-215.189453
0.221760	-214.930893
0.221840	-214.685669
0.221920	-214.446671
0.222000	-214.207504
0.222080	-213.963837
0.222160	-213.713928
0.222240	-213.458359
0.222320	-213.199295
0.222400	-212.939789
0.222480	-212.683044
0.222560	-212.432007
0.222640	-212.189392
0.222720	-211.957809
0.222800	-211.740158
0.222880	-211.539566
0.222960	-211.358871
0.223040	-211.199951
0.223120	-211.063034
0.223200	-210.946259
0.223280	-210.845810
0.223360	-210.756409
0.223440	-210.672180
0.223520	-210.587097
0.223600	-210.495193
0.223680	-210.390564
0.223760	-210.267792
0.223840	-210.122711
0.223920	-209.953033
0.224000	-209.758774
0.224080	-209.541870
0.224160	-209.305664
0.224240	-209.054153
0.224320	-208.791550
0.224400	-208.521957
0.224480	-208.249222
0.224560	-207.976822
0.224640	-207.708008
0.224720	-207.446060
0.224800	-207.194336
0.224880	-206.955917
0.224960	-206.732895
0.225040	-206.525681
0.225120	-206.333069
0.225200	-206.152954
0.225280	-205.983307
0.225360	-205.822845
0.225440	-205.670868
0.225520	-205.526749
0.225600	-205.389481
0.225680	-205.257553
0.225760	-205.129440
0.225840	-205.003891
0.225920	-204.879913
0.226000	-204.756470
0.226080	-204.631973
0.226160	-204.503891
0.226240	-204.368454
0.226320	-204.221054
0.226400	-204.056854
0.226480	-203.871872
0.226560	-203.663940
0.226640	-203.433044
0.226720	-203.181107
0.226800	-202.911407
0.226880	-202.627686
0.226960	-202.333420
0.227040	-202.031158
0.227120	-201.722122
0.227200	-201.406158
0.227280	-201.082428
0.227360	-200.750351
0.227440	-200.410477
0.227520	-200.064850
0.227600	-199.716583
0.227680	-199.369202
0.227760	-199.025833
0.227840	-198.689163
0.227920	-198.361954
0.228000	-198.047791
0.228080	-197.751694
0.228160	-197.479767
0.228240	-197.238098
0.228320	-197.031113
0.228400	-196.860123
0.228480	-196.722900
0.228560	-196.614197
0.228640	-196.526825
0.228720	-196.452713
0.228800	-196.383286
0.228880	-196.309753
0.228960	-196.223328
0.229040	-196.115723
0.229120	-195.979782
0.229200	-195.809845
0.229280	-195.602005
0.229360	-195.354416
0.229440	-195.067352
0.229520	-194.743027
0.229600	-194.385117
0.229680	-193.998352
0.229760	-193.587875
0.229840	-193.158936
0.229920	-192.716568
0.230000	-192.265686
0.230080	-191.811325
0.230160	-191.358917
0.230240	-190.914368
0.230320	-190.483627
0.230400	-190.071960
0.230480	-189.682785
0.230560	-189.316635
0.230640	-188.970856
0.230720	-188.639969
0.230800	-188.317062
0.230880	-187.995117
0.230960	-187.667908
0.231040	-187.330292
0.231120	-186.978149
0.231200	-186.608398
0.231280	-186.219269
0.231360	-185.810440
0.231440	-185.383011
0.231520	-184.939362
0.231600	-184.482712
0.231680	-184.016769
0.231760	-183.545380
0.231840	-183.072311
0.231920	-182.600967
0.232000	-182.133896
0.232080	-181.672409
0.232160	-181.216507
0.232240	-180.765030
0.232320	-180.315872
0.232400	-179.866241
0.232480	-179.412949
0.232560	-178.952835
0.232640	-178.482986
0.232720	-178.000519
0.232800	-177.502045
0.232880	-176.983612
0.232960	-176.441452
0.233040	-175.873199
0.233120	-175.278976
0.233200	-174.661835
0.233280	-174.027115
0.233360	-173.381638
0.233440	-172.732559
0.233520	-172.086166
0.233600	-171.447006
0.233680	-170.817398
0.233760	-170.197952
0.233840	-169.588455
0.233920	-168.988937
0.234000	-168.400360
0.234080	-167.824615
0.234160	-167.263840
0.234240	-166.719635
0.234320	-166.192917
0.234400	-165.683975
0.234480	-165.192368
0.234560	-164.716507
0.234640	-164.252823
0.234720	-163.795212
0.234800	-163.335358
0.234880	-162.863968
0.234960	-162.373047
0.235040	-161.858093
0.235120	-161.319550
0.235200	-160.762482
0.235280	-160.195099
0.235360	-159.626465
0.235440	-159.064514
0.235520	-158.514694
0.235600	-157.979431
0.235680	-157.458359
0.235760	-156.948929
0.235840	-156.447083
0.235920	-155.947403
0.236000	-155.443314
0.236080	-154.927719
0.236160	-154.394043
0.236240	-153.837463
0.236320	-153.255554
0.236400	-152.648254
0.236480	-152.017258
0.236560	-151.365265
0.236640	-150.695618
0.236720	-150.012177
0.236800	-149.319412
0.236880	-148.622177
0.236960	-147.925262
0.237040	-147.232483
0.237120	-146.545898
0.237200	-145.865341
0.237280	-145.188873
0.237360	-144.514069
0.237440	-143.839447
0.237520	-143.165375
0.237600	-142.493835
0.237680	-141.827621
0.237760	-141.169495
0.237840	-140.521896
0.237920	-139.886932
0.238000	-139.266739
0.238080	-138.663589
0.238160	-138.079803
0.238240	-137.517319
0.238320	-136.977142
0.238400	-136.459122
0.238480	-135.962021
0.238560	-135.484024
0.238640	-135.023315
0.238720	-134.578491
0.238800	-134.148651
0.238880	-133.733398
0.238960	-133.332535
0.239040	-132.945648
0.239120	-132.571671
0.239200	-132.208481
0.239280	-131.852356
0.239360	-131.497787
0.239440	-131.137802
0.239520	-130.765045
0.239600	-130.373444
0.239680	-129.959747
0.239760	-129.523849
0.239840	-129.068390
0.239920	-128.597656
0.240000	-128.116837
0.240080	-127.631454
0.240160	-127.146675
0.240240	-126.666504
0.240320	-126.192894
0.240400	-125.725327
0.240480	-125.260864
0.240560	-124.794991
0.240640	-124.322906
0.240720	-123.840912
0.240800	-123.347343
0.240880	-122.842743
0.240960	-122.329147
0.241040	-121.808922
0.241120	-121.283646
0.241200	-120.753578
0.241280	-120.217560
0.241360	-119.673248
0.241440	-119.117546
0.241520	-118.547226
0.241600	-117.959785
0.241680	-117.354553
0.241760	-116.733238
0.241840	-116.099648
0.241920	-115.458473
0.242000	-114.814362
0.242080	-114.171768
0.242160	-113.535400
0.242240	-112.910492
0.242320	-112.302399
0.242400	-111.715622
0.242480	-111.152992
0.242560	-110.615334
0.242640	-110.101585
0.242720	-109.609283
0.242800	-109.135216
0.242880	-108.676178
0.242960	-108.229637
0.243040	-107.794037
0.243120	-107.368637
0.243200	-106.952812
0.243280	-106.545410
0.243360	-106.144325
0.243440	-105.746605
0.243520	-105.348732
0.243600	-104.946747
0.243680	-104.536171
0.243760	-104.112160
0.243840	-103.670174
0.243920	-103.207130
0.244000	-102.722504
0.244080	-102.218750
0.244160	-101.700836
0.244240	-101.175171
0.244320	-100.648598
0.244400	-100.127586
0.244480	-99.617714
0.244560	-99.123123
0.244640	-98.646179
0.244720	-98.187462
0.244800	-97.746124
0.244880	-97.320602
0.244960	-96.909241
0.245040	-96.510849
0.245120	-96.124901
0.245200	-95.751480
0.245280	-95.390800
0.245360	-95.042274
0.245440	-94.703369
0.245520	-94.368820
0.245600	-94.030952
0.245680	-93.681053
0.245760	-93.311310
0.245840	-92.916176
0.245920	-92.493019
0.246000	-92.042168
0.246080	-91.566917
0.246160	-91.073540
0.246240	-90.570786
0.246320	-90.068626
0.246400	-89.576782
0.246480	-89.103577
0.246560	-88.655571
0.246640	-88.237762
0.246720	-87.853821
0.246800	-87.506248
0.246880	-87.196259
0.246960	-86.923454
0.247040	-86.685120
0.247120	-86.475761
0.247200	-86.287430
0.247280	-86.111191
0.247360	-85.939178
0.247440	-85.766212
0.247520	-85.590202
0.247600	-85.411446
0.247680	-85.231468
0.247760	-85.052162
0.247840	-84.875275
0.247920	-84.702446
0.248000	-84.535118
0.248080	-84.374443
0.248160	-84.221031
0.248240	-84.074997
0.248320	-83.936043
0.248400	-83.803619
0.248480	-83.677170
0.248560	-83.556198
0.248640	-83.440193
0.248720	-83.328178
0.248800	-83.218330
0.248880	-83.107925
0.248960	-82.993645
0.249040	-82.872047
0.249120	-82.740021
0.249200	-82.594978
0.249280	-82.434845
0.249360	-82.257645
0.249440	-82.061142
0.249520	-81.842796
0.249600	-81.600159
0.249680	-81.331650
0.249760	-81.037300
0.249840	-80.719048
0.249920	-80.380249
0.250000	-80.024498
0.250080	-79.654488
0.250160	-79.271477
0.250240	-78.875618
0.250320	-78.466866
0.250400	-78.045914
0.250480	-77.614952
0.250560	-77.177979
0.250640	-76.740456
0.250720	-76.308357
0.250800	-75.887070
0.250880	-75.480598
0.250960	-75.091583
0.251040	-74.722046
0.251120	-74.374176
0.251200	-74.050491
0.251280	-73.753166
0.251360	-73.482964
0.251440	-73.238548
0.251520	-73.016701
0.251600	-72.813126
0.251680	-72.623589
0.251760	-72.444550
0.251840	-72.273415
0.251920	-72.108353
0.252000	-71.947853
0.252080	-71.790413
0.252160	-71.634529
0.252240	-71.479172
0.252320	-71.324448
0.252400	-71.171890
0.252480	-71.024002
0.252560	-70.883255
0.252640	-70.751328
0.252720	-70.628937
0.252800	-70.516052
0.252880	-70.411720
0.252960	-70.313538
0.253040	-70.217216
0.253120	-70.117081
0.253200	-70.007477
0.253280	-69.884628
0.253360	-69.747826
0.253440	-69.599548
0.253520	-69.444283
0.253600	-69.286758
0.253680	-69.130157
0.253760	-68.974998
0.253840	-68.819046
0.253920	-68.658089
0.254000	-68.487183
0.254080	-68.301575
0.254160	-68.097061
0.254240	-67.870178
0.254320	-67.618629
0.254400	-67.341980
0.254480	-67.042130
0.254560	-66.723183
0.254640	-66.390808
0.254720	-66.051369
0.254800	-65.711349
0.254880	-65.377136
0.254960	-65.054878
0.255040	-64.750313
0.255120	-64.468269
0.255200	-64.212227
0.255280	-63.983818
0.255360	-63.782372
0.255440	-63.604668
0.255520	-63.445210
0.255600	-63.297173
0.255680	-63.153687
0.255760	-63.008995
0.255840	-62.858963
0.255920	-62.700783
0.256000	-62.532299
0.256080	-62.351482
0.256160	-62.156387
0.256240	-61.945377
0.256320	-61.717384
0.256400	-61.471989
0.256480	-61.209393
0.256560	-60.930336
0.256640	-60.635925
0.256720	-60.327187
0.256800	-60.004646
0.256880	-59.668377
0.256960	-59.318729
0.257040	-58.957565
0.257120	-58.589188
0.257200	-58.220181
0.257280	-57.858002
0.257360	-57.508949
0.257440	-57.176590
0.257520	-56.861443
0.257600	-56.561798
0.257680	-56.274975
0.257760	-55.998295
0.257840	-55.729603
0.257920	-55.467503
0.258000	-55.211597
0.258080	-54.962414
0.258160	-54.720894
0.258240	-54.487602
0.258320	-54.262218
0.258400	-54.043743
0.258480	-53.831196
0.258560	-53.624180
0.258640	-53.422802
0.258720	-53.227139
0.258800	-53.036755
0.258880	-52.850758
0.258960	-52.668396
0.259040	-52.489681
0.259120	-52.315453
0.259200	-52.146641
0.259280	-51.983490
0.259360	-51.825230
0.259440	-51.670513
0.259520	-51.518051
0.259600	-51.366875
0.259680	-51.216007
0.259760	-51.063854
0.259840	-50.907814
0.259920	-50.744675
0.260000	-50.571453
0.260080	-50.386105
0.260160	-50.187542
0.260240	-49.975063
0.260320	-49.747738
0.260400	-49.504333
0.260480	-49.243828
0.260560	-48.966179
0.260640	-48.672935
0.260720	-48.367474
0.260800	-48.054981
0.260880	-47.742264
0.260960	-47.437374
0.261040	-47.148895
0.261120	-46.884972
0.261200	-46.652260
0.261280	-46.455162
0.261360	-46.295559
0.261440	-46.173069
0.261520	-46.085682
0.261600	-46.030548
0.261680	-46.004650
0.261760	-46.005169
0.261840	-46.029659
0.261920	-46.075920
0.262000	-46.141682
0.262080	-46.224228
0.262160	-46.320152
0.262240	-46.425468
0.262320	-46.536079
0.262400	-46.648296
0.262480	-46.759048
0.262560	-46.865627
0.262640	-46.965214
0.262720	-47.054550
0.262800	-47.130100
0.262880	-47.188599
0.262960	-47.227688
0.263040	-47.246319
0.263120	-47.244759
0.263200	-47.224274
0.263280	-47.186668
0.263360	-47.133785
0.263440	-47.067001
0.263520	-46.986855
0.263600	-46.892773
0.263680	-46.783035
0.263760	-46.654957
0.263840	-46.505615
0.263920	-46.332954
0.264000	-46.136814
0.264080	-45.919144
0.264160	-45.683147
0.264240	-45.431805
0.264320	-45.166752
0.264400	-44.888046
0.264480	-44.594791
0.264560	-44.286327
0.264640	-43.963627
0.264720	-43.630371
0.264800	-43.292980
0.264880	-42.959438
0.264960	-42.637695
0.265040	-42.334438
0.265120	-42.054596
0.265200	-41.801311
0.265280	-41.576244
0.265360	-41.379875
0.265440	-41.211792
0.265520	-41.070763
0.265600	-40.954716
0.265680	-40.860813
0.265760	-40.785797
0.265840	-40.726604
0.265920	-40.680866
0.266000	-40.646862
0.266080	-40.622871
0.266160	-40.606503
0.266240	-40.594631
0.266320	-40.583958
0.266400	-40.571705
0.266480	-40.555748
0.266560	-40.534134
0.266640	-40.504406
0.266720	-40.463314
0.266800	-40.407166
0.266880	-40.332676
0.266960	-40.237915
0.267040	-40.122711
0.267120	-39.988304
0.267200	-39.836285
0.267280	-39.667473
0.267360	-39.481594
0.267440	-39.278114
0.267520	-39.057713
0.267600	-38.823441
0.267680	-38.580753
0.267760	-38.336559
0.267840	-38.097931
0.267920	-37.871254
0.268000	-37.661903
0.268080	-37.474232
0.268160	-37.311489
0.268240	-37.175621
0.268320	-37.066994
0.268400	-36.984295
0.268480	-36.924606
0.268560	-36.883694
0.268640	-36.856419
0.268720	-36.836952
0.268800	-36.818810
0.268880	-36.794899
0.268960	-36.757755
0.269040	-36.699959
0.269120	-36.614555
0.269200	-36.495712
0.269280	-36.339485
0.269360	-36.144638
0.269440	-35.913189
0.269520	-35.650417
0.269600	-35.364273
0.269680	-35.064339
0.269760	-34.760902
0.269840	-34.464363
0.269920	-34.184666
0.270000	-33.930283
0.270080	-33.706879
0.270160	-33.516148
0.270240	-33.355675
0.270320	-33.219891
0.270400	-33.101654
0.270480	-32.993618
0.270560	-32.889027
0.270640	-32.781998
0.270720	-32.667515
0.270800	-32.541279
0.270880	-32.399616
0.270960	-32.239586
0.271040	-32.059265
0.271120	-31.858149
0.271200	-31.637442
0.271280	-31.400074
0.271360	-31.150352
0.271440	-30.893270
0.271520	-30.633657
0.271600	-30.375427
0.271680	-30.121143
0.271760	-29.872095
0.271840	-29.628817
0.271920	-29.391613
0.272000	-29.160748
0.272080	-28.936281
0.272160	-28.717979
0.272240	-28.505524
0.272320	-28.298912
0.272400	-28.098551
0.272480	-27.904922
0.272560	-27.718096
0.272640	-27.537487
0.272720	-27.362146
0.272800	-27.191408
0.272880	-27.025446
0.272960	-26.865257
0.273040	-26.712040
0.273120	-26.566265
0.273200	-26.427065
0.273280	-26.292103
0.273360	-26.157942
0.273440	-26.020613
0.273520	-25.876249
0.273600	-25.721603
0.273680	-25.554150
0.273760	-25.371759
0.273840	-25.172279
0.273920	-24.953465
0.274000	-24.713520
0.274080	-24.452017
0.274160	-24.170713
0.274240	-23.873875
0.274320	-23.567772
0.274400	-23.259432
0.274480	-22.955158
0.274560	-22.659534
0.274640	-22.375341
0.274720	-22.104158
0.274800	-21.847172
0.274880	-21.605736
0.274960	-21.381521
0.275040	-21.176088
0.275120	-20.990002
0.275200	-20.821951
0.275280	-20.668501
0.275360	-20.524733
0.275440	-20.385498
0.275520	-20.246542
0.275600	-20.104977
0.275680	-19.958939
0.275760	-19.806850
0.275840	-19.646917
0.275920	-19.477058
0.276000	-19.295122
0.276080	-19.099127
0.276160	-18.887600
0.276240	-18.660154
0.276320	-18.417995
0.276400	-18.164059
0.276480	-17.902615
0.276560	-17.638514
0.276640	-17.376350
0.276720	-17.119902
0.276800	-16.871798
0.276880	-16.633307
0.276960	-16.404182
0.277040	-16.182810
0.277120	-15.966702
0.277200	-15.753212
0.277280	-15.540105
0.277360	-15.325838
0.277440	-15.109627
0.277520	-14.891460
0.277600	-14.672210
0.277680	-14.453735
0.277760	-14.238802
0.277840	-14.030755
0.277920	-13.832939
0.278000	-13.647914
0.278080	-13.476620
0.278160	-13.317808
0.278240	-13.168073
0.278320	-13.022481
0.278400	-12.875589
0.278480	-12.722600
0.278560	-12.560412
0.278640	-12.388162
0.278720	-12.207076
0.278800	-12.019772
0.278880	-11.829386
0.278960	-11.638796
0.279040	-11.450155
0.279120	-11.264769
0.279200	-11.083207
0.279280	-10.905537
0.279360	-10.731721
0.279440	-10.562105
0.279520	-10.397820
0.279600	-10.241007
0.279680	-10.094833
0.279760	-9.963302
0.279840	-9.850908
0.279920	-9.762141
0.280000	-9.700810
0.280080	-9.669212
0.280160	-9.667365
0.280240	-9.692618
0.280320	-9.739767
0.280400	-9.801500
0.280480	-9.868985
0.280560	-9.932467
0.280640	-9.981889
0.280720	-10.007625
0.280800	-10.001411
0.280880	-9.957278
0.280960	-9.872100
0.281040	-9.745511
0.281120	-9.579245
0.281200	-9.376171
0.281280	-9.139464
0.281360	-8.872426
0.281440	-8.578893
0.281520	-8.263799
0.281600	-7.933564
0.281680	-7.596134
0.281760	-7.260570
0.281840	-6.936241
0.281920	-6.631836
0.282000	-6.354464
0.282080	-6.108938
0.282160	-5.897217
0.282240	-5.718053
0.282320	-5.567081
0.282400	-5.437522
0.282480	-5.321387
0.282560	-5.210733
0.282640	-5.098544
0.282720	-4.979011
0.282800	-4.847304
0.282880	-4.699214
0.282960	-4.531139
0.283040	-4.340628
0.283120	-4.127331
0.283200	-3.893794
0.283280	-3.645377
0.283360	-3.389006
0.283440	-3.131259
0.283520	-2.876751
0.283600	-2.627549
0.283680	-2.383646
0.283760	-2.144017
0.283840	-1.907577
0.283920	-1.673677
0.284000	-1.442152
0.284080	-1.213149
0.284160	-0.986898
0.284240	-0.763470
0.284320	-0.542561
0.284400	-0.323447
0.284480	-0.105341
0.284560	0.111960
0.284640	0.327569
0.284720	0.539686
0.284800	0.746537
0.284880	0.947557
0.284960	1.144090
0.285040	1.339195
0.285120	1.536661
0.285200	1.739780
0.285280	1.950633
0.285360	2.170208
0.285440	2.398999
0.285520	2.637363
0.285600	2.885311
0.285680	3.142010
0.285760	3.405566
0.285840	3.673477
0.285920	3.943461
0.286000	4.214089
0.286080	4.484694
0.286160	4.754536
0.286240	5.021752
0.286320	5.282920
0.286400	5.533668
0.286480	5.770060
0.286560	5.990001
0.286640	6.193962
0.286720	6.384667
0.286800	6.565861
0.286880	6.740669
0.286960	6.910394
0.287040	7.074308
0.287120	7.230323
0.287200	7.375847
0.287280	7.508320
0.287360	7.625468
0.287440	7.725603
0.287520	7.808179
0.287600	7.874534
0.287680	7.928467
0.287760	7.976171
0.287840	8.025371
0.287920	8.084149
0.288000	8.160213
0.288080	8.260854
0.288160	8.393072
0.288240	8.563111
0.288320	8.775111
0.288400	9.029403
0.288480	9.321494
0.288560	9.642451
0.288640	9.980562
0.288720	10.323524
0.288800	10.660417
0.288880	10.983046
0.288960	11.286454
0.289040	11.568618
0.289120	11.829673
0.289200	12.071185
0.289280	12.295747
0.289360	12.506722
0.289440	12.707861
0.289520	12.902940
0.289600	13.095671
0.289680	13.289873
0.289760	13.489489
0.289840	13.698123
0.289920	13.918204
0.290000	14.150235
0.290080	14.392481
0.290160	14.641051
0.290240	14.890231
0.290320	15.133095
0.290400	15.362431
0.290480	15.571839
0.290560	15.756663
0.290640	15.914416
0.290720	16.044676
0.290800	16.148685
0.290880	16.228998
0.290960	16.289312
0.291040	16.334515
0.291120	16.370676
0.291200	16.404690
0.291280	16.443518
0.291360	16.493408
0.291440	16.559383
0.291520	16.644951
0.291600	16.751835
0.291680	16.879814
0.291760	17.026850
0.291840	17.189684
0.291920	17.364630
0.292000	17.548162
0.292080	17.736950
0.292160	17.927496
0.292240	18.115854
0.292320	18.297785
0.292400	18.469501
0.292480	18.628790
0.292560	18.775948
0.292640	18.913933
0.292720	19.047503
0.292800	19.181837
0.292880	19.321489
0.292960	19.470188
0.293040	19.631256
0.293120	19.807829
0.293200	20.002241
0.293280	20.214737
0.293360	20.442356
0.293440	20.678940
0.293520	20.916355
0.293600	21.146427
0.293680	21.362633
0.293760	21.560852
0.293840	21.738968
0.293920	21.895779
0.294000	22.030048
0.294080	22.140213
0.294160	22.224787
0.294240	22.283108
0.294320	22.315905
0.294400	22.325445
0.294480	22.315353
0.294560	22.290276
0.294640	22.255405
0.294720	22.215708
0.294800	22.174980
0.294880	22.135151
0.294960	22.096281
0.295040	22.057390
0.295120	22.017672
0.295200	21.977503
0.295280	21.938944
0.295360	21.905724
0.295440	21.882746
0.295520	21.875263
0.295600	21.888041
0.295680	21.924858
0.295760	21.988417
0.295840	22.080271
0.295920	22.200394
0.296000	22.346420
0.296080	22.513182
0.296160	22.693115
0.296240	22.877731
0.296320	23.059635
0.296400	23.234344
0.296480	23.401194
0.296560	23.563221
0.296640	23.726192
0.296720	23.896994
0.296800	24.081680
0.296880	24.283754
0.296960	24.503344
0.297040	24.737646
0.297120	24.982279
0.297200	25.232727
0.297280	25.485352
0.297360	25.737680
0.297440	25.988140
0.297520	26.235575
0.297600	26.479004
0.297680	26.717682
0.297760	26.951315
0.297840	27.180099
0.297920	27.404482
0.298000	27.624622
0.298080	27.839548
0.298160	28.046379
0.298240	28.240458
0.298320	28.416847
0.298400	28.572546
0.298480	28.707941
0.298560	28.826530
0.298640	28.933083
0.298720	29.031614
0.298800	29.124489
0.298880	29.212862
0.298960	29.297462
0.299040	29.378674
0.299120	29.455994
0.299200	29.527695
0.299280	29.591349
0.299360	29.644964
0.299440	29.687866
0.299520	29.720615
0.299600	29.744221
0.299680	29.759357
0.299760	29.766260
0.299840	29.765459
0.299920	29.758926
0.300000	29.750767
0.300080	29.746780
0.300160	29.753088
0.300240	29.774645
0.300320	29.814272
0.300400	29.872326
0.300480	29.946840
0.300560	30.034063
0.300640	30.129290
0.300720	30.227776
0.300800	30.325569
0.300880	30.420097
0.300960	30.510427
0.301040	30.597076
0.301120	30.681377
0.301200	30.764654
0.301280	30.847443
0.301360	30.929012
0.301440	31.007462
0.301520	31.080465
0.301600	31.146338
0.301680	31.204683
0.301760	31.256252
0.301840	31.302107
0.301920	31.342770
0.302000	31.377970
0.302080	31.407030
0.302160	31.429386
0.302240	31.444759
0.302320	31.452978
0.302400	31.453606
0.302480	31.445646
0.302560	31.427814
0.302640	31.399376
0.302720	31.361160
0.302800	31.316048
0.302880	31.268415
0.302960	31.222828
0.303040	31.182631
0.303120	31.149282
0.303200	31.122702
0.303280	31.102310
0.303360	31.088102
0.303440	31.081097
0.303520	31.083019
0.303600	31.095552
0.303680	31.119665
0.303760	31.155306
0.303840	31.201418
0.303920	31.255922
0.304000	31.315647
0.304080	31.376478
0.304160	31.434109
0.304240	31.485271
0.304320	31.528814
0.304400	31.565893
0.304480	31.599169
0.304560	31.631493
0.304640	31.664822
0.304720	31.699738
0.304800	31.735487
0.304880	31.770346
0.304960	31.802242
0.305040	31.829571
0.305120	31.851997
0.305200	31.870977
0.305280	31.889706
0.305360	31.912506
0.305440	31.943987
0.305520	31.988144
0.305600	32.047459
0.305680	32.122139
0.305760	32.209927
0.305840	32.306690
0.305920	32.407600
0.306000	32.508198
0.306080	32.604881
0.306160	32.694824
0.306240	32.776012
0.306320	32.847649
0.306400	32.910625
0.306480	32.967476
0.306560	33.021519
0.306640	33.075569
0.306720	33.131023
0.306800	33.187775
0.306880	33.245003
0.306960	33.302246
0.307040	33.360191
0.307120	33.420658
0.307200	33.485851
0.307280	33.557358
0.307360	33.635494
0.307440	33.719273
0.307520	33.806911
0.307600	33.896355
0.307680	33.985401
0.307760	34.071434
0.307840	34.151230
0.307920	34.221279
0.308000	34.278538
0.308080	34.321331
0.308160	34.350098
0.308240	34.367733
0.308320	34.379284
0.308400	34.390717
0.308480	34.407036
0.308560	34.430492
0.308640	34.459866
0.308720	34.491077
0.308800	34.518730
0.308880	34.537827
0.308960	34.545143
0.309040	34.539940
0.309120	34.523777
0.309200	34.499554
0.309280	34.470280
0.309360	34.438351
0.309440	34.405788
0.309520	34.375000
0.309600	34.349247
0.309680	34.332283
0.309760	34.327328
0.309840	34.336010
0.309920	34.357960
