-0.020080	0.233100
-0.020000	0.233100
-0.019920	-0.174070
-0.019840	0.640260
-0.019760	1.047400
-0.019680	0.640260
-0.019600	1.047400
-0.019520	-0.174070
-0.019440	-0.174070
-0.019360	0.233100
-0.019280	-0.174070
-0.019200	-0.581240
-0.019120	-0.581240
-0.019040	-2.617100
-0.018960	-2.209900
-0.018880	0.233100
-0.018800	1.454600
-0.018720	0.640260
-0.018640	-0.174070
-0.018560	-0.581240
-0.018480	0.640260
-0.018400	-1.395600
-0.018320	-2.209900
-0.018240	-0.988400
-0.018160	-0.174070
-0.018080	1.047400
-0.018000	1.454600
-0.017920	1.454600
-0.017840	1.454600
-0.017760	1.047400
-0.017680	-0.174070
-0.017600	-0.174070
-0.017520	1.454600
-0.017440	1.454600
-0.017360	0.640260
-0.017280	0.233100
-0.017200	-0.174070
-0.017120	-0.988400
-0.017040	-0.581240
-0.016960	-0.581240
-0.016880	-1.395600
-0.016800	-1.395600
-0.016720	0.640260
-0.016640	0.640260
-0.016560	1.454600
-0.016480	1.861800
-0.016400	0.640260
-0.016320	0.640260
-0.016240	-0.581240
-0.016160	0.233100
-0.016080	0.640260
-0.016000	0.233100
-0.015920	-0.174070
-0.015840	0.233100
-0.015760	0.233100
-0.015680	0.233100
-0.015600	0.233100
-0.015520	-0.581240
-0.015440	-0.988400
-0.015360	-0.581240
-0.015280	-1.395600
-0.015200	-0.988400
-0.015120	-0.174070
-0.015040	0.233100
-0.014960	-0.581240
-0.014880	-0.988400
-0.014800	-0.174070
-0.014720	-0.174070
-0.014640	-0.174070
-0.014560	0.640260
-0.014480	0.233100
-0.014400	-0.174070
-0.014320	-0.581240
-0.014240	-0.988400
-0.014160	1.047400
-0.014080	1.047400
-0.014000	1.454600
-0.013920	1.861800
-0.013840	1.047400
-0.013760	1.047400
-0.013680	0.640260
-0.013600	0.233100
-0.013520	0.233100
-0.013440	0.640260
-0.013360	1.047400
-0.013280	0.233100
-0.013200	-0.174070
-0.013120	-0.174070
-0.013040	0.233100
-0.012960	1.861800
-0.012880	1.861800
-0.012800	1.047400
-0.012720	0.640260
-0.012640	-0.581240
-0.012560	-0.174070
-0.012480	-0.174070
-0.012400	0.233100
-0.012320	-0.174070
-0.012240	0.233100
-0.012160	-0.174070
-0.012080	0.640260
-0.012000	-0.988400
-0.011920	1.047400
-0.011840	0.640260
-0.011760	0.233100
-0.011680	0.233100
-0.011600	-0.174070
-0.011520	1.047400
-0.011440	-0.174070
-0.011360	-0.988400
-0.011280	-1.395600
-0.011200	-0.988400
-0.011120	0.233100
-0.011040	1.047400
-0.010960	1.861800
-0.010880	1.454600
-0.010800	1.047400
-0.010720	0.640260
-0.010640	-0.174070
-0.010560	-0.174070
-0.010480	-1.395600
-0.010400	-0.988400
-0.010320	-0.581240
-0.010240	-0.988400
-0.010160	0.233100
-0.010080	-0.988400
-0.010000	-0.174070
-0.009920	-0.988400
-0.009840	-0.581240
-0.009760	-0.581240
-0.009680	0.640260
-0.009600	1.047400
-0.009520	1.047400
-0.009440	0.233100
-0.009360	0.640260
-0.009280	-0.988400
-0.009200	-0.581240
-0.009120	-0.174070
-0.009040	0.233100
-0.008960	1.047400
-0.008880	0.640260
-0.008800	0.233100
-0.008720	0.233100
-0.008640	-0.581240
-0.008560	-0.174070
-0.008480	0.233100
-0.008400	0.233100
-0.008320	0.233100
-0.008240	0.640260
-0.008160	1.861800
-0.008080	1.047400
-0.008000	1.047400
-0.007920	1.047400
-0.007840	1.047400
-0.007760	1.454600
-0.007680	1.047400
-0.007600	1.454600
-0.007520	0.640260
-0.007440	0.640260
-0.007360	0.233100
-0.007280	0.233100
-0.007200	-0.174070
-0.007120	-0.174070
-0.007040	-0.174070
-0.006960	0.640260
-0.006880	1.047400
-0.006800	0.233100
-0.006720	1.454600
-0.006640	1.454600
-0.006560	2.268900
-0.006480	1.861800
-0.006400	2.268900
-0.006320	1.047400
-0.006240	1.047400
-0.006160	-0.174070
-0.006080	0.640260
-0.006000	0.233100
-0.005920	0.233100
-0.005840	0.640260
-0.005760	1.047400
-0.005680	0.233100
-0.005600	-0.581240
-0.005520	0.233100
-0.005440	0.233100
-0.005360	0.640260
-0.005280	1.047400
-0.005200	1.047400
-0.005120	1.454600
-0.005040	1.454600
-0.004960	0.640260
-0.004880	0.640260
-0.004800	0.233100
-0.004720	1.047400
-0.004640	1.861800
-0.004560	2.676100
-0.004480	2.268900
-0.004400	1.861800
-0.004320	1.047400
-0.004240	1.454600
-0.004160	0.640260
-0.004080	1.454600
-0.004000	1.047400
-0.003920	0.640260
-0.003840	0.233100
-0.003760	1.047400
-0.003680	1.454600
-0.003600	1.454600
-0.003520	1.047400
-0.003440	0.640260
-0.003360	-0.174070
-0.003280	-0.988400
-0.003200	-0.581240
-0.003120	-0.174070
-0.003040	0.233100
-0.002960	0.233100
-0.002880	1.047400
-0.002800	0.233100
-0.002720	0.640260
-0.002640	1.454600
-0.002560	2.676100
-0.002480	3.897600
-0.002400	3.490400
-0.002320	2.676100
-0.002240	1.454600
-0.002160	1.047400
-0.002080	0.233100
-0.002000	-0.174070
-0.001920	-0.174070
-0.001840	0.233100
-0.001760	0.640260
-0.001680	1.861800
-0.001600	1.861800
-0.001520	2.268900
-0.001440	1.861800
-0.001360	1.861800
-0.001280	2.676100
-0.001200	2.268900
-0.001120	1.861800
-0.001040	1.861800
-0.000960	1.861800
-0.000880	2.268900
-0.000800	2.268900
-0.000720	2.268900
-0.000640	2.268900
-0.000560	2.676100
-0.000480	2.268900
-0.000400	2.268900
-0.000320	1.047400
-0.000240	1.047400
-0.000160	1.454600
-0.000080	1.454600
0.000000	1.861800
0.000080	2.676100
0.000160	1.454600
0.000240	1.047400
0.000320	2.268900
0.000400	4.711900
0.000480	4.711900
0.000560	3.083300
0.000640	0.640260
0.000720	0.640260
0.000800	-0.988400
0.000880	1.047400
0.000960	2.676100
0.001040	1.861800
0.001120	1.454600
0.001200	1.861800
0.001280	2.268900
0.001360	1.454600
0.001440	1.861800
0.001520	1.454600
0.001600	1.861800
0.001680	1.861800
0.001760	1.861800
0.001840	1.861800
0.001920	2.676100
0.002000	2.676100
0.002080	2.676100
0.002160	3.083300
0.002240	2.676100
0.002320	2.268900
0.002400	1.454600
0.002480	1.861800
0.002560	1.454600
0.002640	1.861800
0.002720	1.861800
0.002800	2.268900
0.002880	1.861800
0.002960	1.861800
0.003040	1.861800
0.003120	3.083300
0.003200	3.083300
0.003280	2.676100
0.003360	1.861800
0.003440	1.454600
0.003520	1.047400
0.003600	1.454600
0.003680	2.268900
0.003760	3.083300
0.003840	3.490400
0.003920	3.083300
0.004000	3.083300
0.004080	2.676100
0.004160	2.676100
0.004240	3.490400
0.004320	2.676100
0.004400	3.490400
0.004480	3.083300
0.004560	2.676100
0.004640	2.676100
0.004720	3.490400
0.004800	2.268900
0.004880	2.676100
0.004960	2.268900
0.005040	1.861800
0.005120	1.861800
0.005200	1.454600
0.005280	2.268900
0.005360	2.676100
0.005440	3.490400
0.005520	2.676100
0.005600	3.083300
0.005680	2.676100
0.005760	1.861800
0.005840	1.047400
0.005920	1.454600
0.006000	1.454600
0.006080	1.454600
0.006160	1.454600
0.006240	2.268900
0.006320	3.490400
0.006400	3.897600
0.006480	5.119100
0.006560	4.304800
0.006640	4.304800
0.006720	3.897600
0.006800	4.304800
0.006880	3.897600
0.006960	4.304800
0.007040	4.304800
0.007120	4.304800
0.007200	4.304800
0.007280	5.119100
0.007360	4.304800
0.007440	5.119100
0.007520	3.897600
0.007600	3.490400
0.007680	3.083300
0.007760	3.083300
0.007840	3.490400
0.007920	3.897600
0.008000	4.711900
0.008080	4.711900
0.008160	4.304800
0.008240	3.897600
0.008320	4.711900
0.008400	4.711900
0.008480	4.304800
0.008560	3.897600
0.008640	4.304800
0.008720	4.304800
0.008800	4.711900
0.008880	4.304800
0.008960	4.304800
0.009040	4.304800
0.009120	5.119100
0.009200	5.526300
0.009280	5.526300
0.009360	5.526300
0.009440	5.526300
0.009520	5.119100
0.009600	5.526300
0.009680	4.711900
0.009760	4.711900
0.009840	4.711900
0.009920	3.897600
0.010000	4.304800
0.010080	5.119100
0.010160	4.304800
0.010240	5.526300
0.010320	6.747800
0.010400	6.747800
0.010480	6.340600
0.010560	5.933400
0.010640	5.933400
0.010720	5.933400
0.010800	6.340600
0.010880	7.154900
0.010960	6.747800
0.011040	6.747800
0.011120	6.747800
0.011200	6.747800
0.011280	6.747800
0.011360	6.340600
0.011440	6.747800
0.011520	7.969300
0.011600	7.969300
0.011680	7.562100
0.011760	7.154900
0.011840	7.154900
0.011920	6.340600
0.012000	6.747800
0.012080	7.562100
0.012160	7.969300
0.012240	7.562100
0.012320	7.969300
0.012400	8.376400
0.012480	7.969300
0.012560	9.190800
0.012640	9.190800
0.012720	9.190800
0.012800	10.005000
0.012880	10.819000
0.012960	10.819000
0.013040	10.819000
0.013120	9.597900
0.013200	9.597900
0.013280	11.227000
0.013360	10.819000
0.013440	10.412000
0.013520	10.819000
0.013600	10.412000
0.013680	10.005000
0.013760	10.412000
0.013840	10.819000
0.013920	11.227000
0.014000	12.041000
0.014080	12.448000
0.014160	10.819000
0.014240	11.227000
0.014320	12.041000
0.014400	14.077000
0.014480	13.670000
0.014560	13.670000
0.014640	13.670000
0.014720	14.077000
0.014800	14.077000
0.014880	14.891000
0.014960	15.705000
0.015040	15.298000
0.015120	15.705000
0.015200	15.705000
0.015280	14.484000
0.015360	14.077000
0.015440	14.077000
0.015520	14.077000
0.015600	14.484000
0.015680	15.298000
0.015760	14.891000
0.015840	16.113001
0.015920	17.740999
0.016000	16.520000
0.016080	16.927000
0.016160	17.334000
0.016240	17.740999
0.016320	17.334000
0.016400	18.148001
0.016480	17.740999
0.016560	17.334000
0.016640	17.334000
0.016720	17.740999
0.016800	18.148001
0.016880	17.740999
0.016960	18.148001
0.017040	18.148001
0.017120	17.740999
0.017200	18.962999
0.017280	18.962999
0.017360	19.370001
0.017440	19.777000
0.017520	19.777000
0.017600	19.370001
0.017680	18.148001
0.017760	18.148001
0.017840	18.962999
0.017920	19.370001
0.018000	19.777000
0.018080	20.184000
0.018160	20.999001
0.018240	19.777000
0.018320	20.184000
0.018400	20.999001
0.018480	20.999001
0.018560	20.999001
0.018640	21.406000
0.018720	21.406000
0.018800	20.591000
0.018880	20.999001
0.018960	20.999001
0.019040	20.591000
0.019120	19.777000
0.019200	19.370001
0.019280	19.777000
0.019360	20.184000
0.019440	21.406000
0.019520	20.999001
0.019600	20.184000
0.019680	20.591000
0.019760	19.777000
0.019840	20.184000
0.019920	20.591000
0.020000	21.813000
0.020080	21.813000
0.020160	21.813000
0.020240	20.999001
0.020320	20.184000
0.020400	20.999001
0.020480	20.999001
0.020560	21.813000
0.020640	21.813000
0.020720	21.406000
0.020800	21.406000
0.020880	21.406000
0.020960	21.406000
0.021040	21.406000
0.021120	21.406000
0.021200	20.999001
0.021280	20.591000
0.021360	20.999001
0.021440	21.406000
0.021520	21.813000
0.021600	22.219999
0.021680	22.219999
0.021760	22.219999
0.021840	21.813000
0.021920	22.219999
0.022000	22.219999
0.022080	22.219999
0.022160	22.219999
0.022240	23.034000
0.022320	23.034000
0.022400	22.627001
0.022480	22.219999
0.022560	23.034000
0.022640	23.034000
0.022720	23.849001
0.022800	23.849001
0.022880	23.849001
0.022960	23.441999
0.023040	23.441999
0.023120	23.441999
0.023200	22.627001
0.023280	22.627001
0.023360	22.627001
0.023440	22.627001
0.023520	21.813000
0.023600	23.034000
0.023680	22.627001
0.023760	22.219999
0.023840	22.219999
0.023920	21.406000
0.024000	22.627001
0.024080	22.219999
0.024160	23.034000
0.024240	23.034000
0.024320	22.219999
0.024400	22.219999
0.024480	23.441999
0.024560	23.849001
0.024640	22.627001
0.024720	22.219999
0.024800	20.999001
0.024880	23.441999
0.024960	21.813000
0.025040	21.813000
0.025120	21.813000
0.025200	20.591000
0.025280	21.406000
0.025360	20.591000
0.025440	20.999001
0.025520	20.591000
0.025600	21.406000
0.025680	21.406000
0.025760	20.999001
0.025840	20.591000
0.025920	20.184000
0.026000	20.184000
0.026080	18.556000
0.026160	18.148001
0.026240	18.962999
0.026320	19.777000
0.026400	20.184000
0.026480	20.184000
0.026560	19.370001
0.026640	19.777000
0.026720	18.962999
0.026800	18.962999
0.026880	18.962999
0.026960	19.370001
0.027040	20.591000
0.027120	19.777000
0.027200	19.370001
0.027280	18.962999
0.027360	18.556000
0.027440	18.556000
0.027520	18.556000
0.027600	17.740999
0.027680	17.740999
0.027760	17.334000
0.027840	17.740999
0.027920	17.334000
0.028000	16.520000
0.028080	16.927000
0.028160	16.113001
0.028240	16.113001
0.028320	17.740999
0.028400	17.740999
0.028480	17.334000
0.028560	17.334000
0.028640	16.520000
0.028720	15.298000
0.028800	14.891000
0.028880	14.891000
0.028960	14.077000
0.029040	14.077000
0.029120	14.077000
0.029200	14.077000
0.029280	14.484000
0.029360	14.891000
0.029440	15.705000
0.029520	14.891000
0.029600	14.891000
0.029680	14.891000
0.029760	15.298000
0.029840	15.298000
0.029920	15.298000
0.030000	14.484000
0.030080	14.484000
0.030160	14.077000
0.030240	14.077000
0.030320	14.891000
0.030400	14.891000
0.030480	14.891000
0.030560	15.705000
0.030640	16.927000
0.030720	16.520000
0.030800	15.705000
0.030880	14.891000
0.030960	14.891000
0.031040	13.262000
0.031120	14.891000
0.031200	14.484000
0.031280	14.891000
0.031360	14.891000
0.031440	15.298000
0.031520	16.113001
0.031600	16.927000
0.031680	17.740999
0.031760	18.148001
0.031840	17.740999
0.031920	18.148001
0.032000	18.148001
0.032080	19.370001
0.032160	19.777000
0.032240	20.591000
0.032320	20.591000
0.032400	20.591000
0.032480	20.591000
0.032560	20.591000
0.032640	21.406000
0.032720	21.406000
0.032800	22.219999
0.032880	23.034000
0.032960	23.034000
0.033040	23.034000
0.033120	23.034000
0.033200	23.849001
0.033280	23.849001
0.033360	25.885000
0.033440	24.663000
0.033520	24.663000
0.033600	25.070000
0.033680	25.070000
0.033760	25.885000
0.033840	26.292000
0.033920	26.292000
0.034000	27.106001
0.034080	27.513000
0.034160	27.920000
0.034240	29.549000
0.034320	29.142000
0.034400	28.735001
0.034480	27.920000
0.034560	27.920000
0.034640	28.327999
0.034720	28.735001
0.034800	28.327999
0.034880	28.327999
0.034960	28.735001
0.035040	28.735001
0.035120	29.142000
0.035200	27.920000
0.035280	28.327999
0.035360	28.735001
0.035440	29.142000
0.035520	29.142000
0.035600	27.920000
0.035680	27.106001
0.035760	26.292000
0.035840	26.698999
0.035920	26.698999
0.036000	26.292000
0.036080	25.476999
0.036160	24.256001
0.036240	24.256001
0.036320	23.849001
0.036400	25.476999
0.036480	25.070000
0.036560	25.885000
0.036640	24.663000
0.036720	23.849001
0.036800	23.034000
0.036880	22.627001
0.036960	22.627001
0.037040	21.813000
0.037120	20.591000
0.037200	20.591000
0.037280	20.591000
0.037360	20.591000
0.037440	20.591000
0.037520	20.591000
0.037600	18.962999
0.037680	19.370001
0.037760	18.962999
0.037840	19.777000
0.037920	20.184000
0.038000	20.591000
0.038080	20.184000
0.038160	20.999001
0.038240	20.184000
0.038320	20.999001
0.038400	23.441999
0.038480	23.441999
0.038560	23.034000
0.038640	22.219999
0.038720	21.406000
0.038800	20.999001
0.038880	19.370001
0.038960	19.777000
0.039040	20.591000
0.039120	20.999001
0.039200	21.406000
0.039280	20.591000
0.039360	20.591000
0.039440	20.184000
0.039520	20.999001
0.039600	20.591000
0.039680	21.406000
0.039760	21.406000
0.039840	22.219999
0.039920	23.034000
0.040000	23.034000
0.040080	23.034000
0.040160	22.219999
0.040240	22.627001
0.040320	23.034000
0.040400	23.849001
0.040480	23.849001
0.040560	23.849001
0.040640	22.627001
0.040720	23.034000
0.040800	23.441999
0.040880	24.256001
0.040960	24.256001
0.041040	25.476999
0.041120	25.885000
0.041200	25.885000
0.041280	25.885000
0.041360	25.885000
0.041440	25.885000
0.041520	26.698999
0.041600	27.106001
0.041680	27.513000
0.041760	27.106001
0.041840	27.920000
0.041920	28.735001
0.042000	29.142000
0.042080	27.513000
0.042160	27.513000
0.042240	27.920000
0.042320	27.920000
0.042400	27.106001
0.042480	27.513000
0.042560	27.513000
0.042640	27.920000
0.042720	27.513000
0.042800	27.920000
0.042880	27.513000
0.042960	26.698999
0.043040	26.698999
0.043120	27.513000
0.043200	27.513000
0.043280	27.513000
0.043360	26.698999
0.043440	25.885000
0.043520	25.885000
0.043600	25.885000
0.043680	26.292000
0.043760	25.476999
0.043840	24.256001
0.043920	24.256001
0.044000	25.070000
0.044080	25.476999
0.044160	25.885000
0.044240	25.885000
0.044320	25.476999
0.044400	24.256001
0.044480	23.849001
0.044560	23.849001
0.044640	23.034000
0.044720	23.441999
0.044800	24.256001
0.044880	23.849001
0.044960	23.441999
0.045040	23.441999
0.045120	23.441999
0.045200	23.849001
0.045280	24.256001
0.045360	24.663000
0.045440	25.070000
0.045520	25.070000
0.045600	23.849001
0.045680	23.849001
0.045760	23.849001
0.045840	22.627001
0.045920	23.034000
0.046000	22.627001
0.046080	21.813000
0.046160	21.813000
0.046240	21.406000
0.046320	21.813000
0.046400	23.034000
0.046480	24.663000
0.046560	24.663000
0.046640	24.256001
0.046720	23.034000
0.046800	22.219999
0.046880	23.034000
0.046960	23.441999
0.047040	23.849001
0.047120	23.849001
0.047200	23.441999
0.047280	23.441999
0.047360	23.034000
0.047440	22.627001
0.047520	23.441999
0.047600	24.256001
0.047680	23.849001
0.047760	22.219999
0.047840	23.441999
0.047920	24.663000
0.048000	23.849001
0.048080	23.034000
0.048160	23.441999
0.048240	23.849001
0.048320	23.441999
0.048400	23.441999
0.048480	23.441999
0.048560	24.256001
0.048640	25.070000
0.048720	25.885000
0.048800	25.476999
0.048880	24.663000
0.048960	23.441999
0.049040	23.034000
0.049120	23.849001
0.049200	24.256001
0.049280	24.256001
0.049360	24.663000
0.049440	25.476999
0.049520	24.663000
0.049600	23.441999
0.049680	23.849001
0.049760	23.034000
0.049840	23.034000
0.049920	23.441999
0.050000	24.256001
0.050080	25.476999
0.050160	25.885000
0.050240	25.476999
0.050320	25.885000
0.050400	26.292000
0.050480	24.663000
0.050560	24.663000
0.050640	25.070000
0.050720	25.070000
0.050800	25.070000
0.050880	24.663000
0.050960	24.663000
0.051040	24.256001
0.051120	25.885000
0.051200	26.292000
0.051280	25.885000
0.051360	26.292000
0.051440	27.106001
0.051520	28.327999
0.051600	27.106001
0.051680	27.513000
0.051760	28.735001
0.051840	29.549000
0.051920	28.735001
0.052000	28.735001
0.052080	28.735001
0.052160	28.327999
0.052240	28.735001
0.052320	29.955999
0.052400	30.771000
0.052480	31.992001
0.052560	30.771000
0.052640	30.364000
0.052720	30.771000
0.052800	31.177999
0.052880	31.584999
0.052960	31.177999
0.053040	31.177999
0.053120	31.992001
0.053200	31.584999
0.053280	31.584999
0.053360	32.398998
0.053440	32.398998
0.053520	31.992001
0.053600	31.992001
0.053680	31.992001
0.053760	31.992001
0.053840	32.398998
0.053920	32.398998
0.054000	32.806000
0.054080	33.214001
0.054160	33.214001
0.054240	34.435001
0.054320	34.435001
0.054400	34.435001
0.054480	33.620998
0.054560	33.620998
0.054640	34.028000
0.054720	34.435001
0.054800	34.435001
0.054880	34.435001
0.054960	34.841999
0.055040	35.250000
0.055120	34.435001
0.055200	34.028000
0.055280	34.435001
0.055360	35.250000
0.055440	34.435001
0.055520	35.657001
0.055600	35.657001
0.055680	36.063999
0.055760	36.063999
0.055840	36.063999
0.055920	36.471001
0.056000	37.285000
0.056080	36.471001
0.056160	36.063999
0.056240	36.063999
0.056320	36.063999
0.056400	36.877998
0.056480	37.693001
0.056560	38.507000
0.056640	38.914001
0.056720	38.914001
0.056800	38.507000
0.056880	36.877998
0.056960	36.471001
0.057040	38.507000
0.057120	38.914001
0.057200	40.136002
0.057280	39.320999
0.057360	38.914001
0.057440	38.507000
0.057520	39.320999
0.057600	40.542999
0.057680	41.356998
0.057760	42.986000
0.057840	42.986000
0.057920	43.393002
0.058000	42.577999
0.058080	42.171001
0.058160	42.171001
0.058240	42.171001
0.058320	42.986000
0.058400	44.207001
0.058480	45.021000
0.058560	45.021000
0.058640	45.021000
0.058720	43.393002
0.058800	44.613998
0.058880	45.835999
0.058960	46.243000
0.059040	47.465000
0.059120	46.650002
0.059200	46.243000
0.059280	45.835999
0.059360	45.835999
0.059440	45.429001
0.059520	45.021000
0.059600	46.650002
0.059680	47.872002
0.059760	47.872002
0.059840	47.872002
0.059920	46.650002
0.060000	47.056999
0.060080	47.056999
0.060160	47.465000
0.060240	48.278999
0.060320	48.686001
0.060400	49.092999
0.060480	48.686001
0.060560	48.686001
0.060640	49.500000
0.060720	49.092999
0.060800	49.908001
0.060880	49.908001
0.060960	49.908001
0.061040	49.908001
0.061120	49.092999
0.061200	49.500000
0.061280	48.686001
0.061360	48.278999
0.061440	47.872002
0.061520	48.278999
0.061600	49.500000
0.061680	50.314999
0.061760	50.722000
0.061840	51.535999
0.061920	51.535999
0.062000	51.129002
0.062080	50.722000
0.062160	50.722000
0.062240	51.943001
0.062320	51.943001
0.062400	50.722000
0.062480	50.722000
0.062560	49.908001
0.062640	49.908001
0.062720	49.500000
0.062800	50.722000
0.062880	50.314999
0.062960	50.722000
0.063040	51.943001
0.063120	51.535999
0.063200	51.943001
0.063280	50.722000
0.063360	51.535999
0.063440	51.129002
0.063520	51.943001
0.063600	51.943001
0.063680	52.757999
0.063760	51.943001
0.063840	51.129002
0.063920	50.314999
0.064000	49.500000
0.064080	50.722000
0.064160	50.722000
0.064240	53.165001
0.064320	53.165001
0.064400	53.571999
0.064480	53.165001
0.064560	53.165001
0.064640	53.979000
0.064720	55.201000
0.064800	56.014999
0.064880	56.828999
0.064960	58.458000
0.065040	59.271999
0.065120	59.271999
0.065200	59.271999
0.065280	60.087002
0.065360	61.307999
0.065440	62.529999
0.065520	63.344002
0.065600	64.157997
0.065680	65.379997
0.065760	66.194000
0.065840	67.822998
0.065920	67.822998
0.066000	68.637001
0.066080	69.859001
0.066160	71.080002
0.066240	71.894997
0.066320	72.302002
0.066400	71.487000
0.066480	72.709000
0.066560	74.337997
0.066640	75.558998
0.066720	76.373001
0.066800	78.408997
0.066880	79.223999
0.066960	79.223999
0.067040	80.445000
0.067120	80.445000
0.067200	81.259003
0.067280	82.481003
0.067360	84.924004
0.067440	84.516998
0.067520	85.737999
0.067600	84.924004
0.067680	84.516998
0.067760	84.924004
0.067840	86.552002
0.067920	87.366997
0.068000	88.587997
0.068080	89.809998
0.068160	91.030998
0.068240	90.624001
0.068320	91.030998
0.068400	91.438004
0.068480	91.846001
0.068560	92.252998
0.068640	93.067001
0.068720	93.473999
0.068800	94.695999
0.068880	95.102997
0.068960	95.917000
0.069040	96.324997
0.069120	96.324997
0.069200	97.545998
0.069280	98.767998
0.069360	97.545998
0.069440	97.545998
0.069520	97.139000
0.069600	97.545998
0.069680	97.953003
0.069760	98.767998
0.069840	99.582001
0.069920	99.988998
0.070000	99.988998
0.070080	99.582001
0.070160	100.400002
0.070240	101.620003
0.070320	101.209999
0.070400	102.839996
0.070480	102.839996
0.070560	103.650002
0.070640	104.470001
0.070720	104.470001
0.070800	104.059998
0.070880	105.279999
0.070960	106.099998
0.071040	106.910004
0.071120	107.720001
0.071200	108.949997
0.071280	110.169998
0.071360	110.570000
0.071440	111.800003
0.071520	112.610001
0.071600	113.430000
0.071680	113.830002
0.071760	115.050003
0.071840	116.279999
0.071920	117.500000
0.072000	119.129997
0.072080	121.570000
0.072160	121.980003
0.072240	122.790001
0.072320	124.010002
0.072400	124.830002
0.072480	126.459999
0.072560	128.899994
0.072640	128.490005
0.072720	130.119995
0.072800	130.529999
0.072880	131.339996
0.072960	132.970001
0.073040	134.190002
0.073120	134.600006
0.073200	136.229996
0.073280	137.449997
0.073360	137.860001
0.073440	138.669998
0.073520	138.669998
0.073600	139.889999
0.073680	141.520004
0.073760	143.149994
0.073840	144.369995
0.073920	145.179993
0.074000	146.000000
0.074080	146.809998
0.074160	147.630005
0.074240	148.440002
0.074320	149.259995
0.074400	151.289993
0.074480	153.330002
0.074560	154.139999
0.074640	154.550003
0.074720	155.360001
0.074800	156.990005
0.074880	157.399994
0.074960	158.619995
0.075040	158.619995
0.075120	159.029999
0.075200	160.250000
0.075280	160.660004
0.075360	162.690002
0.075440	163.910004
0.075520	164.729996
0.075600	165.949997
0.075680	165.949997
0.075760	167.169998
0.075840	166.759995
0.075920	166.360001
0.076000	166.759995
0.076080	166.360001
0.076160	167.169998
0.076240	167.169998
0.076320	167.990005
0.076400	167.990005
0.076480	168.800003
0.076560	169.619995
0.076640	171.240005
0.076720	171.649994
0.076800	171.649994
0.076880	170.429993
0.076960	170.839996
0.077040	170.839996
0.077120	172.059998
0.077200	172.460007
0.077280	173.279999
0.077360	173.690002
0.077440	173.690002
0.077520	172.869995
0.077600	174.089996
0.077680	174.500000
0.077760	175.320007
0.077840	174.910004
0.077920	175.320007
0.078000	174.910004
0.078080	174.910004
0.078160	174.500000
0.078240	175.720001
0.078320	176.539993
0.078400	177.759995
0.078480	178.570007
0.078560	178.160004
0.078640	178.570007
0.078720	179.389999
0.078800	178.979996
0.078880	179.389999
0.078960	179.389999
0.079040	180.610001
0.079120	181.009995
0.079200	181.009995
0.079280	181.009995
0.079360	181.419998
0.079440	181.009995
0.079520	182.240005
0.079600	183.050003
0.079680	183.460007
0.079760	183.460007
0.079840	183.460007
0.079920	184.270004
0.080000	185.089996
0.080080	186.309998
0.080160	187.529999
0.080240	189.160004
0.080320	188.339996
0.080400	190.380005
0.080480	190.789993
0.080560	190.789993
0.080640	192.820007
0.080720	192.820007
0.080800	194.039993
0.080880	195.270004
0.080960	195.270004
0.081040	197.300003
0.081120	198.520004
0.081200	199.740005
0.081280	200.149994
0.081360	201.369995
0.081440	202.190002
0.081520	203.410004
0.081600	205.449997
0.081680	206.259995
0.081760	206.259995
0.081840	207.479996
0.081920	209.520004
0.082000	209.919998
0.082080	211.149994
0.082160	211.960007
0.082240	211.960007
0.082320	214.809998
0.082400	215.220001
0.082480	214.809998
0.082560	212.770004
0.082640	214.000000
0.082720	214.809998
0.082800	218.070007
0.082880	218.880005
0.082960	219.289993
0.083040	219.699997
0.083120	219.289993
0.083200	219.289993
0.083280	218.880005
0.083360	218.479996
0.083440	219.289993
0.083520	219.699997
0.083600	220.919998
0.083680	221.320007
0.083760	220.509995
0.083840	220.509995
0.083920	220.509995
0.084000	221.320007
0.084080	222.139999
0.084160	222.550003
0.084240	223.770004
0.084320	223.770004
0.084400	224.179993
0.084480	223.360001
0.084560	223.360001
0.084640	224.179993
0.084720	224.580002
0.084800	225.399994
0.084880	224.990005
0.084960	225.800003
0.085040	225.800003
0.085120	226.210007
0.085200	226.210007
0.085280	227.020004
0.085360	227.020004
0.085440	226.210007
0.085520	226.619995
0.085600	227.839996
0.085680	228.649994
0.085760	229.470001
0.085840	229.059998
0.085920	228.250000
0.086000	226.619995
0.086080	226.619995
0.086160	227.429993
0.086240	229.059998
0.086320	230.279999
0.086400	229.470001
0.086480	229.470001
0.086560	229.059998
0.086640	229.470001
0.086720	229.470001
0.086800	229.470001
0.086880	229.470001
0.086960	230.279999
0.087040	231.500000
0.087120	231.910004
0.087200	231.910004
0.087280	232.729996
0.087360	232.320007
0.087440	233.130005
0.087520	232.729996
0.087600	232.729996
0.087680	233.539993
0.087760	235.169998
0.087840	235.169998
0.087920	235.580002
0.088000	234.759995
0.088080	235.979996
0.088160	236.389999
0.088240	237.610001
0.088320	238.830002
0.088400	238.429993
0.088480	238.429993
0.088560	236.800003
0.088640	237.199997
0.088720	238.020004
0.088800	239.649994
0.088880	240.050003
0.088960	241.279999
0.089040	241.279999
0.089120	241.679993
0.089200	241.279999
0.089280	241.279999
0.089360	241.279999
0.089440	242.089996
0.089520	242.899994
0.089600	242.899994
0.089680	242.500000
0.089760	242.089996
0.089840	241.679993
0.089920	240.869995
0.090000	240.460007
0.090080	239.649994
0.090160	239.649994
0.090240	240.460007
0.090320	240.460007
0.090400	241.279999
0.090480	240.460007
0.090560	238.830002
0.090640	238.429993
0.090720	238.020004
0.090800	238.020004
0.090880	238.429993
0.090960	237.199997
0.091040	237.199997
0.091120	235.169998
0.091200	234.350006
0.091280	233.539993
0.091360	233.949997
0.091440	233.539993
0.091520	233.130005
0.091600	232.320007
0.091680	230.690002
0.091760	228.649994
0.091840	227.429993
0.091920	227.429993
0.092000	226.210007
0.092080	225.399994
0.092160	224.580002
0.092240	223.770004
0.092320	223.360001
0.092400	221.729996
0.092480	221.320007
0.092560	218.479996
0.092640	216.850006
0.092720	216.440002
0.092800	216.029999
0.092880	214.809998
0.092960	214.399994
0.093040	212.770004
0.093120	211.550003
0.093200	210.330002
0.093280	208.699997
0.093360	206.669998
0.093440	205.850006
0.093520	204.630005
0.093600	203.410004
0.093680	201.369995
0.093760	200.559998
0.093840	198.929993
0.093920	198.119995
0.094000	196.080002
0.094080	194.449997
0.094160	193.639999
0.094240	192.009995
0.094320	190.789993
0.094400	189.570007
0.094480	187.940002
0.094560	186.309998
0.094640	186.309998
0.094720	184.270004
0.094800	182.639999
0.094880	181.009995
0.094960	180.199997
0.095040	179.389999
0.095120	178.570007
0.095200	177.350006
0.095280	176.130005
0.095360	175.320007
0.095440	173.690002
0.095520	174.089996
0.095600	172.059998
0.095680	170.429993
0.095760	168.800003
0.095840	167.990005
0.095920	167.169998
0.096000	166.360001
0.096080	165.539993
0.096160	165.139999
0.096240	165.539993
0.096320	164.729996
0.096400	163.509995
0.096480	162.289993
0.096560	161.059998
0.096640	160.250000
0.096720	160.660004
0.096800	159.429993
0.096880	159.029999
0.096960	157.809998
0.097040	157.399994
0.097120	157.399994
0.097200	157.399994
0.097280	155.360001
0.097360	154.139999
0.097440	152.919998
0.097520	152.509995
0.097600	151.289993
0.097680	152.919998
0.097760	153.740005
0.097840	154.139999
0.097920	152.919998
0.098000	150.880005
0.098080	150.880005
0.098160	150.880005
0.098240	150.479996
0.098320	150.479996
0.098400	150.479996
0.098480	150.479996
0.098560	149.660004
0.098640	149.259995
0.098720	148.440002
0.098800	148.440002
0.098880	148.039993
0.098960	148.440002
0.099040	148.440002
0.099120	148.850006
0.099200	150.070007
0.099280	149.259995
0.099360	149.660004
0.099440	149.660004
0.099520	149.259995
0.099600	147.630005
0.099680	147.220001
0.099760	146.410004
0.099840	146.000000
0.099920	145.589996
0.100000	146.809998
0.100080	146.809998
0.100160	145.589996
0.100240	146.000000
0.100320	146.000000
0.100400	146.000000
0.100480	145.179993
0.100560	143.960007
0.100640	144.369995
0.100720	143.559998
0.100800	144.369995
0.100880	143.559998
0.100960	143.559998
0.101040	142.740005
0.101120	141.520004
0.101200	140.710007
0.101280	139.889999
0.101360	139.479996
0.101440	138.669998
0.101520	138.669998
0.101600	138.669998
0.101680	139.889999
0.101760	139.080002
0.101840	138.669998
0.101920	137.860001
0.102000	137.860001
0.102080	137.039993
0.102160	138.259995
0.102240	138.259995
0.102320	138.669998
0.102400	137.449997
0.102480	136.229996
0.102560	136.630005
0.102640	137.449997
0.102720	137.860001
0.102800	138.259995
0.102880	139.080002
0.102960	137.860001
0.103040	137.039993
0.103120	136.630005
0.103200	136.630005
0.103280	137.860001
0.103360	138.259995
0.103440	137.860001
0.103520	137.449997
0.103600	137.449997
0.103680	137.860001
0.103760	139.080002
0.103840	139.479996
0.103920	140.300003
0.104000	140.300003
0.104080	140.710007
0.104160	141.110001
0.104240	141.929993
0.104320	142.740005
0.104400	144.369995
0.104480	144.779999
0.104560	146.809998
0.104640	148.039993
0.104720	150.880005
0.104800	152.110001
0.104880	153.330002
0.104960	153.330002
0.105040	152.110001
0.105120	152.509995
0.105200	151.289993
0.105280	151.699997
0.105360	153.330002
0.105440	154.139999
0.105520	154.960007
0.105600	155.360001
0.105680	155.770004
0.105760	156.589996
0.105840	157.809998
0.105920	158.619995
0.106000	159.839996
0.106080	161.059998
0.106160	161.470001
0.106240	163.100006
0.106320	164.320007
0.106400	165.539993
0.106480	166.759995
0.106560	167.990005
0.106640	168.800003
0.106720	169.619995
0.106800	170.020004
0.106880	169.619995
0.106960	170.429993
0.107040	170.429993
0.107120	171.240005
0.107200	172.059998
0.107280	172.869995
0.107360	174.089996
0.107440	175.320007
0.107520	176.130005
0.107600	176.940002
0.107680	178.570007
0.107760	178.979996
0.107840	180.199997
0.107920	181.009995
0.108000	182.240005
0.108080	183.869995
0.108160	183.869995
0.108240	185.490005
0.108320	184.679993
0.108400	185.089996
0.108480	184.679993
0.108560	185.089996
0.108640	185.899994
0.108720	186.720001
0.108800	187.119995
0.108880	189.160004
0.108960	188.339996
0.109040	188.750000
0.109120	189.570007
0.109200	189.970001
0.109280	191.600006
0.109360	192.820007
0.109440	194.860001
0.109520	196.080002
0.109600	197.710007
0.109680	198.929993
0.109760	198.929993
0.109840	197.300003
0.109920	197.710007
0.110000	197.300003
0.110080	198.929993
0.110160	202.190002
0.110240	203.820007
0.110320	205.850006
0.110400	205.850006
0.110480	206.259995
0.110560	206.259995
0.110640	208.289993
0.110720	210.330002
0.110800	209.919998
0.110880	210.330002
0.110960	209.919998
0.111040	209.110001
0.111120	208.289993
0.111200	208.699997
0.111280	209.110001
0.111360	209.520004
0.111440	209.919998
0.111520	211.550003
0.111600	211.149994
0.111680	211.149994
0.111760	210.740005
0.111840	211.550003
0.111920	212.369995
0.112000	211.550003
0.112080	209.110001
0.112160	207.479996
0.112240	206.259995
0.112320	205.850006
0.112400	206.259995
0.112480	205.850006
0.112560	205.039993
0.112640	203.000000
0.112720	202.190002
0.112800	201.369995
0.112880	202.190002
0.112960	204.630005
0.113040	206.259995
0.113120	208.289993
0.113200	208.699997
0.113280	211.149994
0.113360	213.179993
0.113440	216.850006
0.113520	218.880005
0.113600	221.320007
0.113680	222.949997
0.113760	225.399994
0.113840	227.839996
0.113920	231.100006
0.114000	234.350006
0.114080	238.429993
0.114160	246.570007
0.114240	255.529999
0.114320	268.559998
0.114400	278.730011
0.114480	286.470001
0.114560	286.470001
0.114640	282.809998
0.114720	279.959991
0.114800	279.549988
0.114880	281.579987
0.114960	285.250000
0.115040	290.950012
0.115120	297.869995
0.115200	303.170013
0.115280	308.049988
0.115360	309.679993
0.115440	308.869995
0.115520	308.459991
0.115600	306.420013
0.115680	305.200012
0.115760	303.980011
0.115840	305.609985
0.115920	309.269989
0.116000	315.380005
0.116080	320.269989
0.116160	324.739990
0.116240	327.600006
0.116320	330.450012
0.116400	332.070007
0.116480	331.670013
0.116560	328.410004
0.116640	328.410004
0.116720	333.299988
0.116800	342.660004
0.116880	352.019989
0.116960	358.950012
0.117040	361.390015
0.117120	360.579987
0.117200	359.350006
0.117280	356.910004
0.117360	356.500000
0.117440	358.540009
0.117520	359.760010
0.117600	361.390015
0.117680	362.200012
0.117760	360.579987
0.117840	358.950012
0.117920	356.910004
0.118000	356.500000
0.118080	357.320007
0.118160	358.130005
0.118240	359.350006
0.118320	359.350006
0.118400	360.170013
0.118480	360.170013
0.118560	360.170013
0.118640	358.540009
0.118720	358.950012
0.118800	362.609985
0.118880	367.500000
0.118960	375.640015
0.119040	378.079987
0.119120	374.829987
0.119200	366.279999
0.119280	357.730011
0.119360	354.059998
0.119440	356.910004
0.119520	363.019989
0.119600	367.500000
0.119680	369.130005
0.119760	367.899994
0.119840	367.899994
0.119920	369.529999
0.120000	375.230011
0.120080	383.779999
0.120160	393.559998
0.120240	401.700012
0.120320	408.209991
0.120400	411.880005
0.120480	414.320007
0.120560	415.540009
0.120640	415.950012
0.120720	414.730011
0.120800	411.880005
0.120880	410.660004
0.120960	409.839996
0.121040	411.070007
0.121120	414.730011
0.121200	416.769989
0.121280	418.390015
0.121360	417.579987
0.121440	417.989990
0.121520	418.799988
0.121600	423.690002
0.121680	431.019989
0.121760	439.160004
0.121840	444.859985
0.121920	447.709991
0.122000	448.929993
0.122080	449.339996
0.122160	451.779999
0.122240	456.260010
0.122320	461.149994
0.122400	463.179993
0.122480	463.179993
0.122560	461.959991
0.122640	461.149994
0.122720	464.000000
0.122800	469.700012
0.122880	474.989990
0.122960	480.279999
0.123040	482.320007
0.123120	483.130005
0.123200	483.540009
0.123280	486.390015
0.123360	490.459991
0.123440	494.940002
0.123520	501.459991
0.123600	506.339996
0.123680	510.820007
0.123760	515.299988
0.123840	521.409973
0.123920	527.109985
0.124000	531.989990
0.124080	536.070007
0.124160	538.099976
0.124240	538.909973
0.124320	539.320007
0.124400	540.950012
0.124480	545.429993
0.124560	549.500000
0.124640	554.789978
0.124720	559.270020
0.124800	562.940002
0.124880	564.969971
0.124960	566.200012
0.125040	566.599976
0.125120	566.200012
0.125200	567.820007
0.125280	569.450012
0.125360	572.299988
0.125440	574.750000
0.125520	577.190002
0.125600	577.599976
0.125680	575.969971
0.125760	573.520020
0.125840	570.270020
0.125920	568.640015
0.126000	567.820007
0.126080	566.599976
0.126160	566.599976
0.126240	566.200012
0.126320	564.570007
0.126400	561.719971
0.126480	558.869995
0.126560	556.830017
0.126640	555.200012
0.126720	553.979980
0.126800	551.130005
0.126880	548.690002
0.126960	546.650024
0.127040	545.840027
0.127120	545.840027
0.127200	545.840027
0.127280	546.239990
0.127360	547.469971
0.127440	548.280029
0.127520	550.719971
0.127600	551.940002
0.127680	552.760010
0.127760	552.760010
0.127840	553.570007
0.127920	552.760010
0.128000	553.570007
0.128080	554.789978
0.128160	553.979980
0.128240	555.200012
0.128320	555.200012
0.128400	556.020020
0.128480	556.419983
0.128560	557.239990
0.128640	558.049988
0.128720	558.869995
0.128800	559.679993
0.128880	559.679993
0.128960	559.270020
0.129040	560.489990
0.129120	559.679993
0.129200	559.679993
0.129280	559.679993
0.129360	558.869995
0.129440	558.049988
0.129520	558.460022
0.129600	558.049988
0.129680	557.239990
0.129760	555.609985
0.129840	553.570007
0.129920	551.940002
0.130000	549.909973
0.130080	548.280029
0.130160	547.059998
0.130240	545.020020
0.130320	542.169983
0.130400	538.510010
0.130480	533.619995
0.130560	527.919983
0.130640	521.409973
0.130720	511.640015
0.130800	501.049988
0.130880	487.609985
0.130960	470.510010
0.131040	449.339996
0.131120	429.390015
0.131200	409.029999
0.131280	387.040009
0.131360	362.200012
0.131440	333.700012
0.131520	301.540009
0.131600	266.109985
0.131680	229.880005
0.131760	194.449997
0.131840	163.509995
0.131920	146.410004
0.132000	160.660004
0.132080	217.660004
0.132160	316.200012
0.132240	423.690002
0.132320	488.429993
0.132400	474.579987
0.132480	396.000000
0.132560	306.829987
0.132640	270.179993
0.132720	307.239990
0.132800	392.739990
0.132880	472.140015
0.132960	505.119995
0.133040	487.609985
0.133120	442.820007
0.133200	409.029999
0.133280	409.839996
0.133360	443.230011
0.133440	490.459991
0.133520	526.289978
0.133600	537.289978
0.133680	524.260010
0.133760	500.640015
0.133840	483.130005
0.133920	478.250000
0.134000	483.950012
0.134080	491.279999
0.134160	492.500000
0.134240	487.200012
0.134320	478.250000
0.134400	474.989990
0.134480	483.540009
0.134560	503.079987
0.134640	526.700012
0.134720	549.909973
0.134800	566.599976
0.134880	575.150024
0.134960	577.190002
0.135040	573.520020
0.135120	566.599976
0.135200	561.309998
0.135280	559.270020
0.135360	563.750000
0.135440	575.559998
0.135520	590.219971
0.135600	603.659973
0.135680	613.830017
0.135760	617.090027
0.135840	617.090027
0.135920	619.530029
0.136000	623.609985
0.136080	630.929993
0.136160	638.669983
0.136240	645.190002
0.136320	648.440002
0.136400	651.289978
0.136480	651.289978
0.136560	652.109985
0.136640	652.109985
0.136720	653.330017
0.136800	656.179993
0.136880	659.030029
0.136960	661.469971
0.137040	663.909973
0.137120	665.950012
0.137200	665.950012
0.137280	665.950012
0.137360	666.359985
0.137440	666.359985
0.137520	666.770020
0.137600	666.770020
0.137680	668.799988
0.137760	669.619995
0.137840	673.280029
0.137920	678.169983
0.138000	684.679993
0.138080	690.380005
0.138160	695.669983
0.138240	698.119995
0.138320	699.340027
0.138400	699.750000
0.138480	700.559998
0.138560	701.380005
0.138640	701.780029
0.138720	703.000000
0.138800	703.409973
0.138880	702.190002
0.138960	700.969971
0.139040	700.559998
0.139120	699.750000
0.139200	700.559998
0.139280	702.599976
0.139360	703.409973
0.139440	704.219971
0.139520	703.820007
0.139600	704.630005
0.139680	703.820007
0.139760	703.820007
0.139840	703.409973
0.139920	703.409973
0.140000	702.599976
0.140080	701.780029
0.140160	700.559998
0.140240	699.750000
0.140320	698.929993
0.140400	696.489990
0.140480	694.450012
0.140560	692.419983
0.140640	692.010010
0.140720	690.380005
0.140800	689.570007
0.140880	689.159973
0.140960	688.340027
0.141040	686.309998
0.141120	685.090027
0.141200	684.270020
0.141280	683.049988
0.141360	683.049988
0.141440	681.830017
0.141520	680.609985
0.141600	679.789978
0.141680	678.979980
0.141760	676.130005
0.141840	674.090027
0.141920	673.280029
0.142000	672.469971
0.142080	670.840027
0.142160	670.020020
0.142240	667.989990
0.142320	665.950012
0.142400	663.909973
0.142480	662.289978
0.142560	661.880005
0.142640	660.659973
0.142720	659.440002
0.142800	657.400024
0.142880	656.179993
0.142960	654.549988
0.143040	653.330017
0.143120	652.520020
0.143200	652.109985
0.143280	650.479980
0.143360	649.260010
0.143440	649.659973
0.143520	648.849976
0.143600	648.039978
0.143680	647.219971
0.143760	645.590027
0.143840	644.369995
0.143920	641.929993
0.144000	642.340027
0.144080	641.929993
0.144160	641.929993
0.144240	641.520020
0.144320	640.710022
0.144400	639.890015
0.144480	639.080017
0.144560	639.479980
0.144640	639.890015
0.144720	639.890015
0.144800	639.890015
0.144880	640.299988
0.144960	639.890015
0.145040	639.080017
0.145120	639.080017
0.145200	639.479980
0.145280	641.929993
0.145360	644.369995
0.145440	645.590027
0.145520	643.150024
0.145600	639.890015
0.145680	635.820007
0.145760	636.640015
0.145840	639.080017
0.145920	642.340027
0.146000	645.190002
0.146080	646.409973
0.146160	647.219971
0.146240	646.409973
0.146320	646.809998
0.146400	645.190002
0.146480	643.960022
0.146560	643.559998
0.146640	643.150024
0.146720	643.559998
0.146800	643.559998
0.146880	643.559998
0.146960	643.960022
0.147040	644.369995
0.147120	643.960022
0.147200	644.369995
0.147280	643.559998
0.147360	642.739990
0.147440	641.109985
0.147520	640.299988
0.147600	640.299988
0.147680	640.299988
0.147760	641.109985
0.147840	641.109985
0.147920	641.109985
0.148000	641.520020
0.148080	641.929993
0.148160	642.340027
0.148240	642.739990
0.148320	641.929993
0.148400	642.739990
0.148480	642.340027
0.148560	643.150024
0.148640	642.739990
0.148720	644.369995
0.148800	645.190002
0.148880	646.000000
0.148960	647.219971
0.149040	646.000000
0.149120	646.000000
0.149200	646.000000
0.149280	647.630005
0.149360	648.849976
0.149440	650.890015
0.149520	652.520020
0.149600	654.140015
0.149680	655.770020
0.149760	656.590027
0.149840	657.400024
0.149920	658.219971
0.150000	658.619995
0.150080	659.030029
0.150160	660.659973
0.150240	661.880005
0.150320	662.690002
0.150400	663.909973
0.150480	665.950012
0.150560	667.169983
0.150640	667.989990
0.150720	669.210022
0.150800	670.840027
0.150880	673.690002
0.150960	676.130005
0.151040	678.169983
0.151120	679.390015
0.151200	681.830017
0.151280	682.239990
0.151360	684.679993
0.151440	685.900024
0.151520	687.530029
0.151600	689.159973
0.151680	690.789978
0.151760	692.010010
0.151840	693.640015
0.151920	694.859985
0.152000	696.080017
0.152080	696.489990
0.152160	698.119995
0.152240	697.710022
0.152320	698.929993
0.152400	699.750000
0.152480	698.119995
0.152560	696.900024
0.152640	693.229980
0.152720	689.969971
0.152800	683.049988
0.152880	670.840027
0.152960	656.179993
0.153040	632.559998
0.153120	597.950012
0.153200	550.320007
0.153280	489.239990
0.153360	412.690002
0.153440	321.079987
0.153520	214.809998
0.153600	104.059998
0.153680	26.698999
0.153760	34.028000
0.153840	156.589996
0.153920	362.609985
0.154000	566.599976
0.154080	687.940002
0.154160	697.710022
0.154240	643.150024
0.154320	599.179993
0.154400	609.349976
0.154480	656.590027
0.154560	685.489990
0.154640	658.219971
0.154720	586.549988
0.154800	514.080017
0.154880	481.910004
0.154960	497.380005
0.155040	544.609985
0.155120	593.880005
0.155200	629.710022
0.155280	652.919983
0.155360	672.869995
0.155440	696.489990
0.155520	720.510010
0.155600	739.650024
0.155680	754.309998
0.155760	764.890015
0.155840	774.260010
0.155920	779.549988
0.156000	781.989990
0.156080	777.109985
0.156160	768.960022
0.156240	762.859985
0.156320	757.559998
0.156400	758.780029
0.156480	761.640015
0.156560	765.299988
0.156640	770.190002
0.156720	776.700012
0.156800	786.469971
0.156880	799.090027
0.156960	810.900024
0.157040	823.530029
0.157120	834.109985
0.157200	844.289978
0.157280	855.280029
0.157360	865.460022
0.157440	873.609985
0.157520	879.309998
0.157600	881.750000
0.157680	883.780029
0.157760	886.229980
0.157840	887.859985
0.157920	888.669983
0.158000	888.669983
0.158080	887.450012
0.158160	886.640015
0.158240	886.229980
0.158320	885.010010
0.158400	884.599976
0.158480	884.599976
0.158560	883.780029
0.158640	881.750000
0.158720	880.119995
0.158800	879.710022
0.158880	879.309998
0.158960	881.340027
0.159040	882.159973
0.159120	884.190002
0.159200	885.010010
0.159280	886.229980
0.159360	887.039978
0.159440	887.039978
0.159520	887.450012
0.159600	888.260010
0.159680	888.669983
0.159760	886.640015
0.159840	884.599976
0.159920	882.559998
0.160000	879.710022
0.160080	877.270020
0.160160	875.229980
0.160240	873.200012
0.160320	872.390015
0.160400	870.349976
0.160480	869.940002
0.160560	869.940002
0.160640	869.130005
0.160720	868.309998
0.160800	865.059998
0.160880	862.609985
0.160960	860.169983
0.161040	858.950012
0.161120	857.320007
0.161200	856.099976
0.161280	852.030029
0.161360	847.549988
0.161440	843.479980
0.161520	840.219971
0.161600	837.369995
0.161680	834.520020
0.161760	831.669983
0.161840	829.630005
0.161920	827.190002
0.162000	824.750000
0.162080	821.900024
0.162160	818.640015
0.162240	814.570007
0.162320	811.309998
0.162400	807.650024
0.162480	803.979980
0.162560	801.130005
0.162640	798.280029
0.162720	795.840027
0.162800	794.619995
0.162880	791.359985
0.162960	788.919983
0.163040	785.250000
0.163120	782.809998
0.163200	781.179993
0.163280	777.520020
0.163360	774.659973
0.163440	771.820007
0.163520	768.960022
0.163600	766.520020
0.163680	763.669983
0.163760	761.640015
0.163840	757.969971
0.163920	755.929993
0.164000	752.679993
0.164080	750.640015
0.164160	747.789978
0.164240	747.789978
0.164320	744.940002
0.164400	743.309998
0.164480	741.280029
0.164560	740.460022
0.164640	737.210022
0.164720	733.950012
0.164800	733.130005
0.164880	731.909973
0.164960	729.469971
0.165040	726.619995
0.165120	724.580017
0.165200	722.549988
0.165280	721.330017
0.165360	720.919983
0.165440	720.099976
0.165520	719.289978
0.165600	717.659973
0.165680	716.440002
0.165760	714.000000
0.165840	712.780029
0.165920	711.150024
0.166000	709.520020
0.166080	707.080017
0.166160	705.849976
0.166240	704.219971
0.166320	703.409973
0.166400	701.380005
0.166480	698.119995
0.166560	695.270020
0.166640	694.049988
0.166720	692.010010
0.166800	691.200012
0.166880	689.969971
0.166960	688.340027
0.167040	685.900024
0.167120	683.049988
0.167200	681.020020
0.167280	678.570007
0.167360	675.719971
0.167440	674.090027
0.167520	670.429993
0.167600	667.580017
0.167680	664.729980
0.167760	662.690002
0.167840	660.659973
0.167920	659.440002
0.168000	656.989990
0.168080	654.549988
0.168160	650.479980
0.168240	647.630005
0.168320	646.000000
0.168400	643.559998
0.168480	640.710022
0.168560	637.450012
0.168640	633.780029
0.168720	630.119995
0.168800	627.270020
0.168880	624.830017
0.168960	621.570007
0.169040	618.309998
0.169120	615.460022
0.169200	612.609985
0.169280	609.349976
0.169360	606.099976
0.169440	603.250000
0.169520	600.400024
0.169600	597.950012
0.169680	595.510010
0.169760	592.250000
0.169840	588.179993
0.169920	584.109985
0.170000	581.669983
0.170080	579.219971
0.170160	576.369995
0.170240	573.119995
0.170320	569.859985
0.170400	565.380005
0.170480	562.530029
0.170560	560.090027
0.170640	557.239990
0.170720	554.789978
0.170800	551.940002
0.170880	549.500000
0.170960	546.650024
0.171040	542.989990
0.171120	539.729980
0.171200	537.690002
0.171280	534.440002
0.171360	530.359985
0.171440	527.919983
0.171520	523.849976
0.171600	521.000000
0.171680	517.340027
0.171760	514.080017
0.171840	511.230011
0.171920	508.790009
0.172000	505.929993
0.172080	503.899994
0.172160	500.230011
0.172240	496.570007
0.172320	492.089996
0.172400	489.649994
0.172480	486.390015
0.172560	484.760010
0.172640	482.320007
0.172720	479.880005
0.172800	475.799988
0.172880	472.549988
0.172960	470.510010
0.173040	468.480011
0.173120	465.220001
0.173200	462.769989
0.173280	459.519989
0.173360	457.890015
0.173440	454.630005
0.173520	451.779999
0.173600	449.739990
0.173680	446.890015
0.173760	444.049988
0.173840	442.010010
0.173920	439.160004
0.174000	437.119995
0.174080	433.459991
0.174160	431.420013
0.174240	429.790009
0.174320	426.940002
0.174400	424.500000
0.174480	421.649994
0.174560	419.209991
0.174640	416.769989
0.174720	414.320007
0.174800	411.470001
0.174880	408.209991
0.174960	406.179993
0.175040	403.739990
0.175120	401.290009
0.175200	399.260010
0.175280	397.630005
0.175360	395.179993
0.175440	393.149994
0.175520	391.109985
0.175600	388.670013
0.175680	385.820007
0.175760	382.559998
0.175840	379.709991
0.175920	378.489990
0.176000	375.640015
0.176080	372.790009
0.176160	369.529999
0.176240	367.500000
0.176320	365.049988
0.176400	364.649994
0.176480	361.799988
0.176560	359.350006
0.176640	356.100006
0.176720	354.059998
0.176800	352.839996
0.176880	350.799988
0.176960	349.170013
0.177040	347.549988
0.177120	345.100006
0.177200	343.880005
0.177280	343.070007
0.177360	341.440002
0.177440	338.589996
0.177520	335.329987
0.177600	333.700012
0.177680	331.670013
0.177760	329.220001
0.177840	326.779999
0.177920	325.970001
0.178000	324.339996
0.178080	323.119995
0.178160	321.890015
0.178240	319.450012
0.178320	317.420013
0.178400	315.380005
0.178480	314.160004
0.178560	312.529999
0.178640	310.899994
0.178720	308.869995
0.178800	307.239990
0.178880	305.200012
0.178960	303.980011
0.179040	303.170013
0.179120	302.350006
0.179200	300.720001
0.179280	298.690002
0.179360	297.059998
0.179440	295.019989
0.179520	294.209991
0.179600	292.579987
0.179680	291.359985
0.179760	290.540009
0.179840	290.140015
0.179920	287.690002
0.180000	285.660004
0.180080	284.440002
0.180160	283.209991
0.180240	281.179993
0.180320	279.959991
0.180400	278.329987
0.180480	276.290009
0.180560	275.480011
0.180640	272.630005
0.180720	272.630005
0.180800	272.220001
0.180880	272.220001
0.180960	270.589996
0.181040	269.369995
0.181120	268.149994
0.181200	267.329987
0.181280	266.929993
0.181360	264.480011
0.181440	262.859985
0.181520	260.410004
0.181600	260.010010
0.181680	258.779999
0.181760	258.779999
0.181840	257.559998
0.181920	256.750000
0.182000	255.929993
0.182080	254.300003
0.182160	253.490005
0.182240	253.080002
0.182320	251.460007
0.182400	251.050003
0.182480	249.009995
0.182560	248.199997
0.182640	248.199997
0.182720	246.979996
0.182800	245.759995
0.182880	244.940002
0.182960	243.309998
0.183040	242.089996
0.183120	241.279999
0.183200	241.279999
0.183280	239.240005
0.183360	239.240005
0.183440	238.830002
0.183520	238.429993
0.183600	238.020004
0.183680	236.389999
0.183760	233.539993
0.183840	232.320007
0.183920	231.910004
0.184000	231.910004
0.184080	230.690002
0.184160	229.880005
0.184240	228.250000
0.184320	227.429993
0.184400	226.619995
0.184480	226.619995
0.184560	226.619995
0.184640	224.990005
0.184720	224.179993
0.184800	224.179993
0.184880	222.550003
0.184960	221.729996
0.185040	221.320007
0.185120	220.100006
0.185200	219.699997
0.185280	217.660004
0.185360	217.660004
0.185440	216.850006
0.185520	216.440002
0.185600	216.029999
0.185680	215.619995
0.185760	214.809998
0.185840	213.179993
0.185920	213.179993
0.186000	210.740005
0.186080	210.330002
0.186160	209.919998
0.186240	209.110001
0.186320	209.110001
0.186400	207.479996
0.186480	206.259995
0.186560	205.850006
0.186640	205.449997
0.186720	204.630005
0.186800	204.220001
0.186880	203.410004
0.186960	203.000000
0.187040	202.190002
0.187120	201.779999
0.187200	200.970001
0.187280	199.740005
0.187360	198.929993
0.187440	198.520004
0.187520	198.119995
0.187600	197.710007
0.187680	197.300003
0.187760	196.899994
0.187840	196.080002
0.187920	195.669998
0.188000	194.860001
0.188080	195.270004
0.188160	193.639999
0.188240	193.229996
0.188320	191.600006
0.188400	191.190002
0.188480	190.380005
0.188560	191.190002
0.188640	190.789993
0.188720	189.970001
0.188800	189.570007
0.188880	187.529999
0.188960	187.529999
0.189040	186.720001
0.189120	186.720001
0.189200	185.899994
0.189280	185.089996
0.189360	185.089996
0.189440	183.050003
0.189520	183.050003
0.189600	183.050003
0.189680	183.460007
0.189760	183.460007
0.189840	182.639999
0.189920	181.830002
0.190000	181.009995
0.190080	179.789993
0.190160	179.389999
0.190240	180.199997
0.190320	179.789993
0.190400	178.570007
0.190480	176.940002
0.190560	176.940002
0.190640	177.350006
0.190720	177.350006
0.190800	176.130005
0.190880	176.130005
0.190960	174.500000
0.191040	173.690002
0.191120	173.690002
0.191200	174.910004
0.191280	174.500000
0.191360	174.500000
0.191440	173.690002
0.191520	172.869995
0.191600	172.059998
0.191680	170.839996
0.191760	170.839996
0.191840	171.240005
0.191920	171.240005
0.192000	170.839996
0.192080	170.839996
0.192160	170.429993
0.192240	169.210007
0.192320	168.389999
0.192400	167.990005
0.192480	165.949997
0.192560	165.539993
0.192640	164.729996
0.192720	163.910004
0.192800	163.100006
0.192880	163.100006
0.192960	161.880005
0.193040	161.059998
0.193120	161.059998
0.193200	161.059998
0.193280	160.250000
0.193360	160.250000
0.193440	160.660004
0.193520	159.839996
0.193600	159.029999
0.193680	157.809998
0.193760	156.589996
0.193840	156.179993
0.193920	155.770004
0.194000	156.990005
0.194080	156.179993
0.194160	154.550003
0.194240	154.550003
0.194320	153.330002
0.194400	153.330002
0.194480	152.919998
0.194560	152.509995
0.194640	150.880005
0.194720	150.070007
0.194800	148.850006
0.194880	149.259995
0.194960	149.660004
0.195040	150.070007
0.195120	148.440002
0.195200	147.630005
0.195280	146.809998
0.195360	145.589996
0.195440	146.000000
0.195520	146.809998
0.195600	147.630005
0.195680	146.809998
0.195760	145.589996
0.195840	143.960007
0.195920	141.929993
0.196000	141.520004
0.196080	141.929993
0.196160	141.110001
0.196240	141.929993
0.196320	140.300003
0.196400	139.479996
0.196480	138.669998
0.196560	137.860001
0.196640	137.039993
0.196720	137.039993
0.196800	136.630005
0.196880	137.039993
0.196960	135.410004
0.197040	134.600006
0.197120	133.779999
0.197200	132.970001
0.197280	131.339996
0.197360	131.750000
0.197440	132.559998
0.197520	129.710007
0.197600	130.529999
0.197680	130.529999
0.197760	129.300003
0.197840	127.680000
0.197920	127.269997
0.198000	126.860001
0.198080	126.459999
0.198160	126.459999
0.198240	124.830002
0.198320	124.010002
0.198400	122.379997
0.198480	121.980003
0.198560	120.750000
0.198640	120.750000
0.198720	120.750000
0.198800	120.750000
0.198880	118.720001
0.198960	117.900002
0.199040	117.089996
0.199120	117.089996
0.199200	116.279999
0.199280	114.650002
0.199360	114.239998
0.199440	113.430000
0.199520	111.800003
0.199600	111.389999
0.199680	110.570000
0.199760	110.169998
0.199840	108.949997
0.199920	108.129997
0.200000	106.910004
0.200080	105.690002
0.200160	104.470001
0.200240	104.059998
0.200320	103.250000
0.200400	103.650002
0.200480	102.430000
0.200560	101.620003
0.200640	100.800003
0.200720	99.988998
0.200800	99.175003
0.200880	99.175003
0.200960	98.767998
0.201040	97.545998
0.201120	96.324997
0.201200	95.510002
0.201280	95.102997
0.201360	93.473999
0.201440	93.067001
0.201520	92.252998
0.201600	91.438004
0.201680	89.809998
0.201760	88.995003
0.201840	88.587997
0.201920	88.181000
0.202000	86.959999
0.202080	85.737999
0.202160	83.702003
0.202240	82.888000
0.202320	82.481003
0.202400	81.666000
0.202480	81.666000
0.202560	80.445000
0.202640	79.223999
0.202720	78.408997
0.202800	77.595001
0.202880	76.373001
0.202960	76.373001
0.203040	75.558998
0.203120	74.337997
0.203200	72.709000
0.203280	72.709000
0.203360	73.115997
0.203440	72.302002
0.203520	70.672997
0.203600	69.859001
0.203680	67.822998
0.203760	66.600998
0.203840	65.787003
0.203920	64.973000
0.204000	64.565002
0.204080	64.973000
0.204160	64.565002
0.204240	64.157997
0.204320	63.750999
0.204400	63.344002
0.204480	62.529999
0.204560	62.937000
0.204640	62.937000
0.204720	62.123001
0.204800	62.123001
0.204880	62.123001
0.204960	62.529999
0.205040	60.493999
0.205120	59.680000
0.205200	58.458000
0.205280	58.050999
0.205360	58.458000
0.205440	58.865002
0.205520	58.865002
0.205600	58.865002
0.205680	58.865002
0.205760	58.865002
0.205840	58.458000
0.205920	58.050999
0.206000	57.236000
0.206080	56.422001
0.206160	55.201000
0.206240	55.608002
0.206320	56.422001
0.206400	57.236000
0.206480	57.644001
0.206560	57.236000
0.206640	55.608002
0.206720	55.201000
0.206800	55.608002
0.206880	55.201000
0.206960	55.608002
0.207040	55.608002
0.207120	56.828999
0.207200	58.458000
0.207280	58.865002
0.207360	59.271999
0.207440	58.865002
0.207520	57.644001
0.207600	56.828999
0.207680	56.014999
0.207760	56.422001
0.207840	56.828999
0.207920	57.236000
0.208000	57.236000
0.208080	57.644001
0.208160	58.050999
0.208240	57.644001
0.208320	58.050999
0.208400	58.865002
0.208480	60.087002
0.208560	60.493999
0.208640	60.493999
0.208720	60.901001
0.208800	62.123001
0.208880	62.937000
0.208960	63.344002
0.209040	64.157997
0.209120	64.157997
0.209200	65.379997
0.209280	64.973000
0.209360	65.379997
0.209440	65.787003
0.209520	65.379997
0.209600	66.194000
0.209680	67.008003
0.209760	67.822998
0.209840	67.416000
0.209920	67.822998
0.210000	67.416000
0.210080	68.637001
0.210160	69.450996
0.210240	69.859001
0.210320	69.859001
0.210400	69.859001
0.210480	70.672997
0.210560	71.080002
0.210640	71.894997
0.210720	72.709000
0.210800	73.523003
0.210880	74.337997
0.210960	74.337997
0.211040	74.745003
0.211120	75.152000
0.211200	75.966003
0.211280	77.595001
0.211360	77.188004
0.211440	78.408997
0.211520	78.816002
0.211600	80.038002
0.211680	80.445000
0.211760	80.038002
0.211840	79.223999
0.211920	80.445000
0.212000	81.666000
0.212080	82.481003
0.212160	84.109001
0.212240	84.516998
0.212320	85.331001
0.212400	85.331001
0.212480	85.331001
0.212560	86.552002
0.212640	86.144997
0.212720	86.959999
0.212800	88.181000
0.212880	89.403000
0.212960	89.403000
0.213040	91.846001
0.213120	90.624001
0.213200	91.438004
0.213280	92.660004
0.213360	94.289001
0.213440	95.102997
0.213520	95.102997
0.213600	94.289001
0.213680	94.289001
0.213760	95.102997
0.213840	95.102997
0.213920	94.695999
0.214000	96.732002
0.214080	97.953003
0.214160	101.620003
0.214240	100.400002
0.214320	99.175003
0.214400	99.582001
0.214480	102.029999
0.214560	103.250000
0.214640	105.279999
0.214720	106.099998
0.214800	105.690002
0.214880	105.279999
0.214960	105.690002
0.215040	106.910004
0.215120	107.320000
0.215200	108.540001
0.215280	108.949997
0.215360	108.540001
0.215440	108.540001
0.215520	109.349998
0.215600	110.570000
0.215680	110.570000
0.215760	111.800003
0.215840	112.610001
0.215920	112.610001
0.216000	113.830002
0.216080	114.239998
0.216160	114.650002
0.216240	114.650002
0.216320	115.870003
0.216400	117.089996
0.216480	117.900002
0.216560	118.309998
0.216640	118.720001
0.216720	118.720001
0.216800	119.129997
0.216880	120.349998
0.216960	121.570000
0.217040	123.199997
0.217120	123.610001
0.217200	122.790001
0.217280	122.379997
0.217360	122.379997
0.217440	124.419998
0.217520	125.639999
0.217600	126.459999
0.217680	127.269997
0.217760	128.490005
0.217840	128.080002
0.217920	128.899994
0.218000	129.710007
0.218080	129.710007
0.218160	130.529999
0.218240	131.750000
0.218320	133.779999
0.218400	133.779999
0.218480	134.600006
0.218560	134.600006
0.218640	134.600006
0.218720	135.820007
0.218800	135.820007
0.218880	135.410004
0.218960	137.039993
0.219040	137.860001
0.219120	139.479996
0.219200	140.710007
0.219280	141.110001
0.219360	141.110001
0.219440	141.110001
0.219520	141.929993
0.219600	142.740005
0.219680	144.369995
0.219760	144.779999
0.219840	145.589996
0.219920	146.000000
0.220000	147.630005
0.220080	148.440002
0.220160	149.660004
0.220240	150.479996
0.220320	150.479996
0.220400	150.880005
0.220480	152.110001
0.220560	152.919998
0.220640	153.330002
0.220720	153.740005
0.220800	154.139999
0.220880	155.360001
0.220960	156.589996
0.221040	156.179993
0.221120	156.589996
0.221200	157.399994
0.221280	158.619995
0.221360	159.029999
0.221440	159.839996
0.221520	159.839996
0.221600	160.660004
0.221680	161.470001
0.221760	162.289993
0.221840	163.910004
0.221920	165.139999
0.222000	166.759995
0.222080	167.990005
0.222160	167.990005
0.222240	167.990005
0.222320	168.389999
0.222400	169.619995
0.222480	170.429993
0.222560	171.240005
0.222640	172.869995
0.222720	174.910004
0.222800	175.720001
0.222880	175.720001
0.222960	174.500000
0.223040	175.720001
0.223120	175.720001
0.223200	176.130005
0.223280	177.759995
0.223360	179.389999
0.223440	181.009995
0.223520	180.610001
0.223600	182.240005
0.223680	182.639999
0.223760	183.460007
0.223840	184.270004
0.223920	184.679993
0.224000	185.899994
0.224080	186.720001
0.224160	187.529999
0.224240	187.940002
0.224320	188.339996
0.224400	188.339996
0.224480	189.570007
0.224560	191.190002
0.224640	191.600006
0.224720	193.229996
0.224800	193.639999
0.224880	194.039993
0.224960	194.860001
0.225040	194.449997
0.225120	194.860001
0.225200	194.860001
0.225280	195.669998
0.225360	196.490005
0.225440	197.710007
0.225520	198.520004
0.225600	199.740005
0.225680	199.740005
0.225760	200.149994
0.225840	200.149994
0.225920	200.559998
0.226000	200.970001
0.226080	202.190002
0.226160	203.000000
0.226240	204.630005
0.226320	204.630005
0.226400	205.850006
0.226480	206.259995
0.226560	206.259995
0.226640	206.259995
0.226720	205.449997
0.226800	205.039993
0.226880	207.070007
0.226960	207.479996
0.227040	209.110001
0.227120	209.520004
0.227200	209.110001
0.227280	208.699997
0.227360	208.289993
0.227440	209.110001
0.227520	210.330002
0.227600	211.550003
0.227680	211.550003
0.227760	211.960007
0.227840	212.369995
0.227920	212.770004
0.228000	214.000000
0.228080	214.000000
0.228160	214.000000
0.228240	213.179993
0.228320	213.179993
0.228400	214.000000
0.228480	214.399994
0.228560	216.029999
0.228640	215.220001
0.228720	214.399994
0.228800	215.220001
0.228880	214.809998
0.228960	214.809998
0.229040	216.440002
0.229120	216.850006
0.229200	217.250000
0.229280	217.660004
0.229360	218.070007
0.229440	218.880005
0.229520	220.509995
0.229600	220.919998
0.229680	220.509995
0.229760	219.699997
0.229840	219.289993
0.229920	219.699997
0.230000	220.100006
0.230080	220.100006
0.230160	219.699997
0.230240	218.479996
0.230320	219.289993
0.230400	220.100006
0.230480	220.100006
0.230560	221.320007
0.230640	222.550003
0.230720	222.949997
0.230800	222.550003
0.230880	222.550003
0.230960	222.550003
0.231040	221.729996
0.231120	222.139999
0.231200	221.729996
0.231280	222.949997
0.231360	224.179993
0.231440	223.770004
0.231520	223.360001
0.231600	222.949997
0.231680	222.550003
0.231760	224.580002
0.231840	224.580002
0.231920	224.179993
0.232000	224.179993
0.232080	224.580002
0.232160	225.800003
0.232240	226.210007
0.232320	226.210007
0.232400	225.800003
0.232480	224.580002
0.232560	225.800003
0.232640	227.429993
0.232720	226.619995
0.232800	226.619995
0.232880	226.210007
0.232960	225.800003
0.233040	227.839996
0.233120	227.839996
0.233200	227.429993
0.233280	227.020004
0.233360	227.429993
0.233440	227.839996
0.233520	228.250000
0.233600	229.470001
0.233680	229.059998
0.233760	229.059998
0.233840	228.250000
0.233920	227.429993
0.234000	227.839996
0.234080	228.649994
0.234160	229.880005
0.234240	229.880005
0.234320	229.880005
0.234400	228.250000
0.234480	227.839996
0.234560	228.250000
0.234640	229.880005
0.234720	230.690002
0.234800	230.279999
0.234880	229.880005
0.234960	229.470001
0.235040	227.839996
0.235120	227.839996
0.235200	228.649994
0.235280	229.059998
0.235360	229.470001
0.235440	230.690002
0.235520	230.279999
0.235600	230.279999
0.235680	229.470001
0.235760	228.649994
0.235840	228.250000
0.235920	229.059998
0.236000	229.059998
0.236080	228.649994
0.236160	230.690002
0.236240	230.279999
0.236320	230.279999
0.236400	229.059998
0.236480	228.250000
0.236560	227.839996
0.236640	228.250000
0.236720	228.250000
0.236800	228.649994
0.236880	227.839996
0.236960	228.250000
0.237040	229.059998
0.237120	229.470001
0.237200	230.279999
0.237280	229.880005
0.237360	229.470001
0.237440	227.839996
0.237520	228.250000
0.237600	228.649994
0.237680	228.649994
0.237760	229.470001
0.237840	228.649994
0.237920	228.250000
0.238000	229.059998
0.238080	229.059998
0.238160	229.059998
0.238240	229.059998
0.238320	229.059998
0.238400	228.250000
0.238480	228.250000
0.238560	228.250000
0.238640	227.020004
0.238720	227.020004
0.238800	226.619995
0.238880	226.210007
0.238960	225.800003
0.239040	226.210007
0.239120	227.020004
0.239200	227.839996
0.239280	227.429993
0.239360	228.250000
0.239440	227.839996
0.239520	227.429993
0.239600	227.020004
0.239680	226.210007
0.239760	226.619995
0.239840	226.619995
0.239920	227.020004
0.240000	227.020004
0.240080	226.619995
0.240160	226.619995
0.240240	226.210007
0.240320	226.619995
0.240400	225.800003
0.240480	225.800003
0.240560	226.619995
0.240640	226.210007
0.240720	226.210007
0.240800	224.990005
0.240880	225.399994
0.240960	225.800003
0.241040	224.990005
0.241120	224.990005
0.241200	224.990005
0.241280	224.179993
0.241360	224.580002
0.241440	224.179993
0.241520	224.580002
0.241600	226.210007
0.241680	225.800003
0.241760	225.399994
0.241840	224.990005
0.241920	224.990005
0.242000	224.990005
0.242080	226.210007
0.242160	225.800003
0.242240	224.990005
0.242320	224.990005
0.242400	223.360001
0.242480	224.179993
0.242560	224.580002
0.242640	224.179993
0.242720	224.179993
0.242800	224.580002
0.242880	223.360001
0.242960	224.179993
0.243040	224.580002
0.243120	225.399994
0.243200	225.399994
0.243280	224.990005
0.243360	224.990005
0.243440	224.179993
0.243520	225.399994
0.243600	226.210007
0.243680	226.210007
0.243760	225.800003
0.243840	226.619995
0.243920	225.399994
0.244000	224.580002
0.244080	224.580002
0.244160	223.360001
0.244240	223.360001
0.244320	224.580002
0.244400	225.399994
0.244480	225.800003
0.244560	227.020004
0.244640	227.020004
0.244720	227.839996
0.244800	227.839996
0.244880	227.839996
0.244960	227.429993
0.245040	227.429993
0.245120	227.839996
0.245200	227.839996
0.245280	227.839996
0.245360	227.429993
0.245440	227.839996
0.245520	228.250000
0.245600	228.250000
0.245680	229.059998
0.245760	229.470001
0.245840	229.470001
0.245920	229.059998
0.246000	228.649994
0.246080	228.649994
0.246160	228.649994
0.246240	229.059998
0.246320	229.059998
0.246400	228.649994
0.246480	229.059998
0.246560	229.880005
0.246640	230.690002
0.246720	230.690002
0.246800	230.690002
0.246880	230.690002
0.246960	230.690002
0.247040	231.500000
0.247120	231.500000
0.247200	232.729996
0.247280	231.910004
0.247360	231.500000
0.247440	229.470001
0.247520	231.500000
0.247600	231.910004
0.247680	232.729996
0.247760	232.729996
0.247840	233.949997
0.247920	233.539993
0.248000	233.949997
0.248080	233.130005
0.248160	232.320007
0.248240	233.130005
0.248320	234.350006
0.248400	235.580002
0.248480	235.580002
0.248560	236.389999
0.248640	235.580002
0.248720	235.580002
0.248800	235.979996
0.248880	236.800003
0.248960	237.199997
0.249040	238.020004
0.249120	237.610001
0.249200	238.020004
0.249280	237.199997
0.249360	237.610001
0.249440	238.429993
0.249520	238.830002
0.249600	240.460007
0.249680	240.050003
0.249760	239.649994
0.249840	238.830002
0.249920	239.240005
0.250000	240.460007
0.250080	240.460007
0.250160	241.679993
0.250240	241.279999
0.250320	241.679993
0.250400	242.089996
0.250480	242.899994
0.250560	243.720001
0.250640	242.899994
0.250720	241.279999
0.250800	240.869995
0.250880	241.279999
0.250960	242.089996
0.251040	243.309998
0.251120	243.720001
0.251200	244.130005
0.251280	244.940002
0.251360	244.529999
0.251440	243.309998
0.251520	243.720001
0.251600	243.720001
0.251680	243.720001
0.251760	244.940002
0.251840	245.350006
0.251920	245.759995
0.252000	245.759995
0.252080	245.350006
0.252160	244.940002
0.252240	245.759995
0.252320	246.570007
0.252400	247.789993
0.252480	248.600006
0.252560	247.789993
0.252640	248.199997
0.252720	247.789993
0.252800	246.979996
0.252880	246.160004
0.252960	246.570007
0.253040	246.979996
0.253120	247.789993
0.253200	247.789993
0.253280	247.380005
0.253360	247.380005
0.253440	247.380005
0.253520	247.380005
0.253600	247.380005
0.253680	248.199997
0.253760	249.419998
0.253840	248.199997
0.253920	247.380005
0.254000	247.789993
0.254080	248.199997
0.254160	249.009995
0.254240	249.009995
0.254320	249.419998
0.254400	248.600006
0.254480	249.419998
0.254560	249.009995
0.254640	249.419998
0.254720	249.419998
0.254800	249.830002
0.254880	250.639999
0.254960	250.229996
0.255040	250.639999
0.255120	249.419998
0.255200	249.830002
0.255280	249.009995
0.255360	249.009995
0.255440	247.789993
0.255520	247.789993
0.255600	248.600006
0.255680	248.600006
0.255760	247.789993
0.255840	248.600006
0.255920	247.789993
0.256000	248.199997
0.256080	248.199997
0.256160	248.199997
0.256240	248.199997
0.256320	249.009995
0.256400	248.199997
0.256480	249.009995
0.256560	247.789993
0.256640	248.199997
0.256720	247.789993
0.256800	248.600006
0.256880	248.199997
0.256960	249.009995
0.257040	249.009995
0.257120	247.789993
0.257200	248.199997
0.257280	246.570007
0.257360	246.570007
0.257440	246.979996
0.257520	246.570007
0.257600	246.160004
0.257680	245.759995
0.257760	246.160004
0.257840	246.160004
0.257920	245.759995
0.258000	245.759995
0.258080	246.160004
0.258160	245.759995
0.258240	245.350006
0.258320	245.350006
0.258400	244.529999
0.258480	244.940002
0.258560	243.720001
0.258640	242.899994
0.258720	242.899994
0.258800	242.899994
0.258880	242.899994
0.258960	242.500000
0.259040	242.899994
0.259120	242.899994
0.259200	242.899994
0.259280	241.679993
0.259360	240.869995
0.259440	240.460007
0.259520	239.649994
0.259600	240.050003
0.259680	240.460007
0.259760	239.649994
0.259840	238.830002
0.259920	238.830002
0.260000	238.020004
0.260080	238.429993
0.260160	238.020004
0.260240	238.429993
0.260320	238.429993
0.260400	238.429993
0.260480	237.610001
0.260560	238.020004
0.260640	236.389999
0.260720	236.389999
0.260800	235.580002
0.260880	235.979996
0.260960	236.800003
0.261040	236.389999
0.261120	235.979996
0.261200	235.580002
0.261280	234.350006
0.261360	233.130005
0.261440	233.130005
0.261520	232.320007
0.261600	233.130005
0.261680	233.539993
0.261760	233.130005
0.261840	232.729996
0.261920	231.910004
0.262000	231.500000
0.262080	231.100006
0.262160	231.500000
0.262240	230.690002
0.262320	230.690002
0.262400	229.470001
0.262480	229.880005
0.262560	229.880005
0.262640	230.279999
0.262720	229.880005
0.262800	229.059998
0.262880	229.059998
0.262960	228.250000
0.263040	228.250000
0.263120	227.839996
0.263200	228.649994
0.263280	227.839996
0.263360	227.020004
0.263440	225.800003
0.263520	225.800003
0.263600	226.619995
0.263680	226.210007
0.263760	226.210007
0.263840	227.839996
0.263920	227.429993
0.264000	226.210007
0.264080	225.399994
0.264160	224.580002
0.264240	222.949997
0.264320	224.580002
0.264400	223.770004
0.264480	224.179993
0.264560	222.949997
0.264640	222.550003
0.264720	222.139999
0.264800	221.320007
0.264880	220.919998
0.264960	220.509995
0.265040	220.919998
0.265120	221.729996
0.265200	221.729996
0.265280	220.100006
0.265360	220.100006
0.265440	218.479996
0.265520	217.250000
0.265600	217.660004
0.265680	216.850006
0.265760	217.660004
0.265840	217.250000
0.265920	216.029999
0.266000	215.619995
0.266080	215.619995
0.266160	215.220001
0.266240	215.220001
0.266320	214.399994
0.266400	214.809998
0.266480	214.399994
0.266560	212.369995
0.266640	210.330002
0.266720	208.699997
0.266800	207.889999
0.266880	206.259995
0.266960	205.850006
0.267040	204.220001
0.267120	203.820007
0.267200	203.820007
0.267280	204.630005
0.267360	205.449997
0.267440	203.820007
0.267520	200.559998
0.267600	198.119995
0.267680	198.119995
0.267760	200.149994
0.267840	201.779999
0.267920	202.190002
0.268000	199.740005
0.268080	196.490005
0.268160	193.639999
0.268240	192.820007
0.268320	194.039993
0.268400	195.270004
0.268480	193.639999
0.268560	192.419998
0.268640	191.190002
0.268720	191.190002
0.268800	190.789993
0.268880	189.570007
0.268960	187.529999
0.269040	184.270004
0.269120	183.050003
0.269200	181.830002
0.269280	182.240005
0.269360	181.419998
0.269440	180.610001
0.269520	178.570007
0.269600	176.130005
0.269680	175.320007
0.269760	174.089996
0.269840	173.690002
0.269920	173.279999
0.270000	172.059998
0.270080	169.619995
0.270160	169.210007
0.270240	167.580002
0.270320	167.169998
0.270400	166.360001
0.270480	165.139999
0.270560	162.690002
0.270640	161.470001
0.270720	161.470001
0.270800	160.250000
0.270880	158.210007
0.270960	156.990005
0.271040	156.179993
0.271120	154.550003
0.271200	153.740005
0.271280	151.699997
0.271360	149.259995
0.271440	147.220001
0.271520	146.000000
0.271600	144.369995
0.271680	142.330002
0.271760	139.479996
0.271840	135.009995
0.271920	132.149994
0.272000	129.300003
0.272080	127.269997
0.272160	125.639999
0.272240	123.610001
0.272320	119.940002
0.272400	117.500000
0.272480	115.050003
0.272560	113.430000
0.272640	113.019997
0.272720	110.980003
0.272800	107.720001
0.272880	104.879997
0.272960	102.029999
0.273040	100.400002
0.273120	99.582001
0.273200	98.767998
0.273280	98.360001
0.273360	96.324997
0.273440	95.510002
0.273520	94.289001
0.273600	93.067001
0.273680	92.252998
0.273760	91.846001
0.273840	91.438004
0.273920	90.624001
0.274000	90.624001
0.274080	90.217003
0.274160	90.217003
0.274240	91.030998
0.274320	91.846001
0.274400	92.660004
0.274480	92.252998
0.274560	91.438004
0.274640	91.846001
0.274720	92.660004
0.274800	92.660004
0.274880	93.067001
0.274960	93.067001
0.275040	91.846001
0.275120	93.473999
0.275200	94.695999
0.275280	95.917000
0.275360	97.139000
0.275440	99.175003
0.275520	99.175003
0.275600	99.988998
0.275680	99.582001
0.275760	102.029999
0.275840	103.250000
0.275920	102.839996
0.276000	104.470001
0.276080	104.059998
0.276160	104.470001
0.276240	105.690002
0.276320	106.910004
0.276400	108.129997
0.276480	110.169998
0.276560	110.980003
0.276640	112.199997
0.276720	114.650002
0.276800	116.279999
0.276880	117.900002
0.276960	119.129997
0.277040	118.309998
0.277120	117.900002
0.277200	118.309998
0.277280	119.129997
0.277360	120.750000
0.277440	121.160004
0.277520	121.160004
0.277600	121.570000
0.277680	121.160004
0.277760	122.379997
0.277840	125.639999
0.277920	126.860001
0.278000	128.080002
0.278080	128.490005
0.278160	128.490005
0.278240	128.080002
0.278320	127.269997
0.278400	128.490005
0.278480	129.300003
0.278560	130.119995
0.278640	130.119995
0.278720	129.300003
0.278800	129.300003
0.278880	130.529999
0.278960	130.929993
0.279040	132.149994
0.279120	133.380005
0.279200	132.970001
0.279280	132.149994
0.279360	132.149994
0.279440	131.750000
0.279520	130.929993
0.279600	130.529999
0.279680	130.929993
0.279760	130.929993
0.279840	131.339996
0.279920	129.710007
0.280000	129.710007
0.280080	128.899994
0.280160	129.710007
0.280240	128.899994
0.280320	128.490005
0.280400	127.269997
0.280480	126.459999
0.280560	126.860001
0.280640	126.459999
0.280720	125.639999
0.280800	124.010002
0.280880	125.230003
0.280960	124.830002
0.281040	124.830002
0.281120	123.610001
0.281200	122.790001
0.281280	122.379997
0.281360	121.570000
0.281440	120.750000
0.281520	119.129997
0.281600	119.529999
0.281680	119.940002
0.281760	119.940002
0.281840	119.129997
0.281920	117.089996
0.282000	115.050003
0.282080	113.830002
0.282160	113.830002
0.282240	113.430000
0.282320	113.430000
0.282400	111.800003
0.282480	111.800003
0.282560	110.980003
0.282640	109.349998
0.282720	108.129997
0.282800	106.910004
0.282880	105.690002
0.282960	104.470001
0.283040	105.279999
0.283120	105.279999
0.283200	104.059998
0.283280	103.250000
0.283360	101.620003
0.283440	100.800003
0.283520	99.582001
0.283600	98.360001
0.283680	98.767998
0.283760	97.953003
0.283840	96.324997
0.283920	95.102997
0.284000	93.882004
0.284080	92.660004
0.284160	92.252998
0.284240	92.252998
0.284320	90.624001
0.284400	91.030998
0.284480	90.624001
0.284560	88.587997
0.284640	87.366997
0.284720	86.144997
0.284800	85.737999
0.284880	85.331001
0.284960	84.924004
0.285040	84.109001
0.285120	83.294998
0.285200	82.888000
0.285280	81.666000
0.285360	81.666000
0.285440	80.445000
0.285520	79.630997
0.285600	78.816002
0.285680	78.816002
0.285760	78.001999
0.285840	77.188004
0.285920	76.780998
0.286000	75.966003
0.286080	75.152000
0.286160	74.745003
0.286240	74.337997
0.286320	73.930000
0.286400	73.523003
0.286480	72.302002
0.286560	71.080002
0.286640	69.450996
0.286720	70.265999
0.286800	70.672997
0.286880	70.265999
0.286960	69.450996
0.287040	69.043999
0.287120	67.416000
0.287200	67.416000
0.287280	66.600998
0.287360	67.008003
0.287440	65.379997
0.287520	64.565002
0.287600	63.750999
0.287680	64.157997
0.287760	63.344002
0.287840	63.344002
0.287920	62.529999
0.288000	62.123001
0.288080	60.493999
0.288160	59.680000
0.288240	59.680000
0.288320	58.865002
0.288400	58.458000
0.288480	58.050999
0.288560	58.458000
0.288640	58.458000
0.288720	58.050999
0.288800	57.236000
0.288880	56.828999
0.288960	56.014999
0.289040	55.608002
0.289120	55.201000
0.289200	54.792999
0.289280	54.386002
0.289360	53.979000
0.289440	53.571999
0.289520	51.943001
0.289600	52.349998
0.289680	51.535999
0.289760	49.908001
0.289840	49.092999
0.289920	49.092999
0.290000	49.500000
0.290080	52.349998
0.290160	56.828999
0.290240	64.973000
0.290320	74.337997
0.290400	82.481003
0.290480	86.552002
0.290560	83.702003
0.290640	75.152000
0.290720	65.379997
0.290800	58.458000
0.290880	54.386002
0.290960	53.979000
0.291040	55.608002
0.291120	54.792999
0.291200	51.943001
0.291280	47.872002
0.291360	45.835999
0.291440	46.650002
0.291520	49.092999
0.291600	52.349998
0.291680	53.165001
0.291760	52.757999
0.291840	50.722000
0.291920	48.686001
0.292000	48.686001
0.292080	49.908001
0.292160	48.686001
0.292240	47.465000
0.292320	47.056999
0.292400	47.056999
0.292480	46.650002
0.292560	46.243000
0.292640	47.056999
0.292720	45.429001
0.292800	45.429001
0.292880	45.021000
0.292960	44.207001
0.293040	43.799999
0.293120	42.577999
0.293200	42.171001
0.293280	41.356998
0.293360	39.728001
0.293440	38.099998
0.293520	37.285000
0.293600	36.471001
0.293680	35.250000
0.293760	34.435001
0.293840	32.398998
0.293920	30.771000
0.294000	29.955999
0.294080	28.735001
0.294160	27.513000
0.294240	27.106001
0.294320	26.292000
0.294400	24.663000
0.294480	23.849001
0.294560	23.034000
0.294640	23.849001
0.294720	23.441999
0.294800	23.441999
0.294880	21.813000
0.294960	19.370001
0.295040	17.334000
0.295120	16.520000
0.295200	15.705000
0.295280	15.705000
0.295360	14.484000
0.295440	13.262000
0.295520	12.041000
0.295600	12.041000
0.295680	11.634000
0.295760	11.227000
0.295840	10.412000
0.295920	10.819000
0.296000	10.005000
0.296080	10.005000
0.296160	10.005000
0.296240	9.597900
0.296320	9.190800
0.296400	8.376400
0.296480	8.376400
0.296560	8.783600
0.296640	8.783600
0.296720	8.376400
0.296800	7.562100
0.296880	6.340600
0.296960	7.154900
0.297040	6.747800
0.297120	6.747800
0.297200	5.933400
0.297280	5.526300
0.297360	5.526300
0.297440	5.526300
0.297520	4.711900
0.297600	5.933400
0.297680	6.340600
0.297760	5.933400
0.297840	6.747800
0.297920	7.154900
0.298000	7.969300
0.298080	7.562100
0.298160	7.154900
0.298240	7.562100
0.298320	7.154900
0.298400	7.562100
0.298480	7.562100
0.298560	7.562100
0.298640	8.376400
0.298720	8.376400
0.298800	7.154900
0.298880	7.969300
0.298960	8.376400
0.299040	8.783600
0.299120	9.597900
0.299200	10.005000
0.299280	9.190800
0.299360	9.597900
0.299440	10.412000
0.299520	10.412000
0.299600	10.819000
0.299680	11.227000
0.299760	10.412000
0.299840	10.005000
0.299920	10.412000
0.300000	10.819000
0.300080	10.005000
0.300160	9.597900
0.300240	9.190800
0.300320	10.005000
0.300400	10.412000
0.300480	10.412000
0.300560	9.597900
0.300640	9.190800
0.300720	9.597900
0.300800	10.412000
0.300880	10.412000
0.300960	9.597900
0.301040	9.597900
0.301120	9.597900
0.301200	10.005000
0.301280	8.376400
0.301360	9.190800
0.301440	9.597900
0.301520	10.412000
0.301600	10.412000
0.301680	10.412000
0.301760	10.412000
0.301840	10.412000
0.301920	10.005000
0.302000	9.190800
0.302080	9.597900
0.302160	9.190800
0.302240	10.005000
0.302320	10.412000
0.302400	10.412000
0.302480	9.190800
0.302560	8.783600
0.302640	7.969300
0.302720	7.562100
0.302800	7.562100
0.302880	6.747800
0.302960	5.933400
0.303040	5.526300
0.303120	5.526300
0.303200	5.933400
0.303280	5.933400
0.303360	5.119100
0.303440	4.304800
0.303520	3.083300
0.303600	2.676100
0.303680	3.083300
0.303760	3.083300
0.303840	3.083300
0.303920	2.268900
0.304000	1.861800
0.304080	2.676100
0.304160	1.454600
0.304240	1.861800
0.304320	0.640260
0.304400	0.233100
0.304480	0.233100
0.304560	0.640260
0.304640	0.233100
0.304720	-0.581240
0.304800	-1.802700
0.304880	-0.988400
0.304960	-1.802700
0.305040	-2.209900
0.305120	-3.431400
0.305200	-3.838600
0.305280	-4.245700
0.305360	-4.245700
0.305440	-4.245700
0.305520	-5.467200
0.305600	-5.060100
0.305680	-5.467200
0.305760	-5.874400
0.305840	-5.467200
0.305920	-6.688700
0.306000	-7.095900
0.306080	-6.688700
0.306160	-6.281600
0.306240	-5.874400
0.306320	-5.874400
0.306400	-6.281600
0.306480	-7.910200
0.306560	-9.538900
0.306640	-10.353000
0.306720	-10.760000
0.306800	-11.168000
0.306880	-11.575000
0.306960	-10.353000
0.307040	-10.760000
0.307120	-10.760000
0.307200	-11.168000
0.307280	-10.353000
0.307360	-11.168000
0.307440	-11.982000
0.307520	-13.203000
0.307600	-13.203000
0.307680	-15.239000
0.307760	-14.832000
0.307840	-14.018000
0.307920	-13.611000
0.308000	-13.611000
0.308080	-13.611000
0.308160	-14.425000
0.308240	-14.832000
0.308320	-15.239000
0.308400	-14.832000
0.308480	-14.832000
0.308560	-15.646000
0.308640	-16.461000
0.308720	-16.461000
0.308800	-15.646000
0.308880	-16.868000
0.308960	-16.868000
0.309040	-18.089001
0.309120	-17.681999
0.309200	-17.681999
0.309280	-16.868000
0.309360	-16.054001
0.309440	-16.054001
0.309520	-16.054001
0.309600	-16.461000
0.309680	-16.868000
0.309760	-18.089001
0.309840	-17.681999
0.309920	-18.497000
