-0.020080	1.207700
-0.020000	0.710898
-0.019920	0.225898
-0.019840	-0.237067
-0.019760	-0.670794
-0.019680	-1.071666
-0.019600	-1.439108
-0.019520	-1.774291
-0.019440	-2.078688
-0.019360	-2.352969
-0.019280	-2.596459
-0.019200	-2.807216
-0.019120	-2.982616
-0.019040	-3.120183
-0.018960	-3.218454
-0.018880	-3.277655
-0.018800	-3.299827
-0.018720	-3.288391
-0.018640	-3.247488
-0.018560	-3.181484
-0.018480	-3.094723
-0.018400	-2.991535
-0.018320	-2.876517
-0.018240	-2.754925
-0.018160	-2.632679
-0.018080	-2.515649
-0.018000	-2.408506
-0.017920	-2.313911
-0.017840	-2.232591
-0.017760	-2.164192
-0.017680	-2.108293
-0.017600	-2.064976
-0.017520	-2.034780
-0.017440	-2.018245
-0.017360	-2.015282
-0.017280	-2.024506
-0.017200	-2.042682
-0.017120	-2.064501
-0.017040	-2.082944
-0.016960	-2.090137
-0.016880	-2.078281
-0.016800	-2.040331
-0.016720	-1.970506
-0.016640	-1.864934
-0.016560	-1.722508
-0.016480	-1.545583
-0.016400	-1.340067
-0.016320	-1.114790
-0.016240	-0.880275
-0.016160	-0.647163
-0.016080	-0.424634
-0.016000	-0.219346
-0.015920	-0.035291
-0.015840	0.125550
-0.015760	0.262378
-0.015680	0.375173
-0.015600	0.464812
-0.015520	0.533327
-0.015440	0.583914
-0.015360	0.620634
-0.015280	0.648094
-0.015200	0.671152
-0.015120	0.694527
-0.015040	0.722231
-0.014960	0.756982
-0.014880	0.799780
-0.014800	0.849599
-0.014720	0.903149
-0.014640	0.954925
-0.014560	0.997874
-0.014480	1.024666
-0.014400	1.029151
-0.014320	1.007531
-0.014240	0.958984
-0.014160	0.885744
-0.014080	0.792720
-0.014000	0.686703
-0.013920	0.575331
-0.013840	0.466098
-0.013760	0.365676
-0.013680	0.279565
-0.013600	0.211843
-0.013520	0.164910
-0.013440	0.139226
-0.013360	0.133176
-0.013280	0.143171
-0.013200	0.164008
-0.013120	0.189481
-0.013040	0.213210
-0.012960	0.229421
-0.012880	0.233521
-0.012800	0.222438
-0.012720	0.194751
-0.012640	0.150636
-0.012560	0.091670
-0.012480	0.020550
-0.012400	-0.059164
-0.012320	-0.143237
-0.012240	-0.227044
-0.012160	-0.306190
-0.012080	-0.377398
-0.012000	-0.439236
-0.011920	-0.492206
-0.011840	-0.538226
-0.011760	-0.579945
-0.011680	-0.620448
-0.011600	-0.663443
-0.011520	-0.713476
-0.011440	-0.775668
-0.011360	-0.854843
-0.011280	-0.954375
-0.011200	-1.075345
-0.011120	-1.216553
-0.011040	-1.375366
-0.010960	-1.548826
-0.010880	-1.734269
-0.010800	-1.929153
-0.010720	-2.130454
-0.010640	-2.334225
-0.010560	-2.535675
-0.010480	-2.729596
-0.010400	-2.910703
-0.010320	-3.073732
-0.010240	-3.213602
-0.010160	-3.325936
-0.010080	-3.407787
-0.010000	-3.458150
-0.009920	-3.477918
-0.009840	-3.469429
-0.009760	-3.435975
-0.009680	-3.381499
-0.009600	-3.310438
-0.009520	-3.227559
-0.009440	-3.137711
-0.009360	-3.045542
-0.009280	-2.955184
-0.009200	-2.869967
-0.009120	-2.792164
-0.009040	-2.722666
-0.008960	-2.660540
-0.008880	-2.602766
-0.008800	-2.544577
-0.008720	-2.480495
-0.008640	-2.405726
-0.008560	-2.317283
-0.008480	-2.214313
-0.008400	-2.097581
-0.008320	-1.968608
-0.008240	-1.828978
-0.008160	-1.680101
-0.008080	-1.523373
-0.008000	-1.360648
-0.007920	-1.194863
-0.007840	-1.030498
-0.007760	-0.873566
-0.007680	-0.730899
-0.007600	-0.608772
-0.007520	-0.511340
-0.007440	-0.439782
-0.007360	-0.392840
-0.007280	-0.368560
-0.007200	-0.366135
-0.007120	-0.386679
-0.007040	-0.432504
-0.006960	-0.505520
-0.006880	-0.605855
-0.006800	-0.731380
-0.006720	-0.878111
-0.006640	-1.041131
-0.006560	-1.215680
-0.006480	-1.398110
-0.006400	-1.586519
-0.006320	-1.780824
-0.006240	-1.982075
-0.006160	-2.191088
-0.006080	-2.406895
-0.006000	-2.625814
-0.005920	-2.841637
-0.005840	-3.046764
-0.005760	-3.233483
-0.005680	-3.394779
-0.005600	-3.524622
-0.005520	-3.618149
-0.005440	-3.672149
-0.005360	-3.685810
-0.005280	-3.661189
-0.005200	-3.602858
-0.005120	-3.516608
-0.005040	-3.407768
-0.004960	-3.279975
-0.004880	-3.134920
-0.004800	-2.972992
-0.004720	-2.794324
-0.004640	-2.599722
-0.004560	-2.391121
-0.004480	-2.171569
-0.004400	-1.944982
-0.004320	-1.715898
-0.004240	-1.489185
-0.004160	-1.269634
-0.004080	-1.061392
-0.004000	-0.867413
-0.003920	-0.689166
-0.003840	-0.526757
-0.003760	-0.379413
-0.003680	-0.246038
-0.003600	-0.125650
-0.003520	-0.017550
-0.003440	0.078782
-0.003360	0.164065
-0.003280	0.239660
-0.003200	0.307643
-0.003120	0.370213
-0.003040	0.428577
-0.002960	0.482033
-0.002880	0.528084
-0.002800	0.563794
-0.002720	0.587622
-0.002640	0.600355
-0.002560	0.604362
-0.002480	0.601708
-0.002400	0.592606
-0.002320	0.575406
-0.002240	0.548122
-0.002160	0.510346
-0.002080	0.464122
-0.002000	0.413244
-0.001920	0.361657
-0.001840	0.312157
-0.001760	0.266162
-0.001680	0.224408
-0.001600	0.187810
-0.001520	0.157766
-0.001440	0.135751
-0.001360	0.122588
-0.001280	0.118029
-0.001200	0.121046
-0.001120	0.130597
-0.001040	0.146093
-0.000960	0.167020
-0.000880	0.191966
-0.000800	0.217914
-0.000720	0.240558
-0.000640	0.255615
-0.000560	0.260425
-0.000480	0.255000
-0.000400	0.242140
-0.000320	0.226722
-0.000240	0.214585
-0.000160	0.211421
-0.000080	0.221942
0.000000	0.249405
0.000080	0.295416
0.000160	0.359937
0.000240	0.441375
0.000320	0.536668
0.000400	0.641376
0.000480	0.749941
0.000560	0.856156
0.000640	0.953582
0.000720	1.035654
0.000800	1.095605
0.000880	1.126691
0.000960	1.123160
0.001040	1.081805
0.001120	1.003117
0.001200	0.891170
0.001280	0.752248
0.001360	0.593060
0.001440	0.419452
0.001520	0.236012
0.001600	0.046362
0.001680	-0.146237
0.001760	-0.338269
0.001840	-0.525521
0.001920	-0.702919
0.002000	-0.864712
0.002080	-1.004871
0.002160	-1.117494
0.002240	-1.197152
0.002320	-1.239447
0.002400	-1.241993
0.002480	-1.205493
0.002560	-1.134218
0.002640	-1.035465
0.002720	-0.918217
0.002800	-0.791659
0.002880	-0.664097
0.002960	-0.542434
0.003040	-0.432045
0.003120	-0.336821
0.003200	-0.259413
0.003280	-0.201777
0.003360	-0.165893
0.003440	-0.154048
0.003520	-0.168152
0.003600	-0.208238
0.003680	-0.271102
0.003760	-0.350033
0.003840	-0.435809
0.003920	-0.518404
0.004000	-0.588729
0.004080	-0.639937
0.004160	-0.668124
0.004240	-0.672411
0.004320	-0.654498
0.004400	-0.617846
0.004480	-0.566753
0.004560	-0.505573
0.004640	-0.438287
0.004720	-0.368504
0.004800	-0.299766
0.004880	-0.235884
0.004960	-0.180921
0.005040	-0.138718
0.005120	-0.112234
0.005200	-0.103056
0.005280	-0.111163
0.005360	-0.134937
0.005440	-0.171364
0.005520	-0.216441
0.005600	-0.265770
0.005680	-0.315163
0.005760	-0.360966
0.005840	-0.400004
0.005920	-0.429450
0.006000	-0.446937
0.006080	-0.450964
0.006160	-0.441221
0.006240	-0.418423
0.006320	-0.383622
0.006400	-0.337364
0.006480	-0.279220
0.006560	-0.208103
0.006640	-0.123281
0.006720	-0.025355
0.006800	0.083524
0.006880	0.200311
0.006960	0.322048
0.007040	0.446530
0.007120	0.572432
0.007200	0.699089
0.007280	0.826200
0.007360	0.953396
0.007440	1.079531
0.007520	1.201856
0.007600	1.315638
0.007680	1.414617
0.007760	1.492097
0.007840	1.542113
0.007920	1.560185
0.008000	1.543647
0.008080	1.491766
0.008160	1.405751
0.008240	1.288631
0.008320	1.145016
0.008400	0.980845
0.008480	0.803252
0.008560	0.620426
0.008640	0.441110
0.008720	0.273552
0.008800	0.124266
0.008880	-0.002675
0.008960	-0.105462
0.009040	-0.183721
0.009120	-0.237608
0.009200	-0.267307
0.009280	-0.272974
0.009360	-0.254958
0.009440	-0.214160
0.009520	-0.152447
0.009600	-0.073055
0.009680	0.019169
0.009760	0.117913
0.009840	0.216057
0.009920	0.306706
0.010000	0.384213
0.010080	0.444756
0.010160	0.486338
0.010240	0.508358
0.010320	0.511173
0.010400	0.496019
0.010480	0.465324
0.010560	0.423024
0.010640	0.374362
0.010720	0.325031
0.010800	0.279973
0.010880	0.242384
0.010960	0.213308
0.011040	0.191853
0.011120	0.175747
0.011200	0.162126
0.011280	0.148534
0.011360	0.133969
0.011440	0.119555
0.011520	0.108352
0.011600	0.104102
0.011680	0.109465
0.011760	0.124811
0.011840	0.148280
0.011920	0.176861
0.012000	0.207704
0.012080	0.239074
0.012160	0.270786
0.012240	0.304169
0.012320	0.341570
0.012400	0.385584
0.012480	0.438444
0.012560	0.501777
0.012640	0.576637
0.012720	0.663625
0.012800	0.762864
0.012880	0.873700
0.012960	0.994220
0.013040	1.120905
0.013120	1.248828
0.013200	1.372595
0.013280	1.487618
0.013360	1.590996
0.013440	1.681669
0.013520	1.760073
0.013600	1.827767
0.013680	1.887210
0.013760	1.941524
0.013840	1.994072
0.013920	2.047937
0.014000	2.105459
0.014080	2.167900
0.014160	2.235144
0.014240	2.305385
0.014320	2.375146
0.014400	2.439942
0.014480	2.495451
0.014560	2.538638
0.014640	2.568295
0.014720	2.584934
0.014800	2.590495
0.014880	2.588185
0.014960	2.582357
0.015040	2.578074
0.015120	2.580313
0.015200	2.593064
0.015280	2.618723
0.015360	2.657902
0.015440	2.709573
0.015520	2.771294
0.015600	2.839317
0.015680	2.908649
0.015760	2.973402
0.015840	3.027768
0.015920	3.067479
0.016000	3.091064
0.016080	3.100162
0.016160	3.098593
0.016240	3.090601
0.016320	3.079067
0.016400	3.064455
0.016480	3.044788
0.016560	3.016404
0.016640	2.975090
0.016720	2.917285
0.016800	2.841147
0.016880	2.747116
0.016960	2.637506
0.017040	2.515118
0.017120	2.381492
0.017200	2.235792
0.017280	2.075153
0.017360	1.896572
0.017440	1.699478
0.017520	1.487741
0.017600	1.270254
0.017680	1.059840
0.017760	0.870917
0.017840	0.716874
0.017920	0.608071
0.018000	0.550894
0.018080	0.547710
0.018160	0.597244
0.018240	0.694964
0.018320	0.833439
0.018400	1.002892
0.018480	1.191931
0.018560	1.388367
0.018640	1.580031
0.018720	1.755712
0.018800	1.906208
0.018880	2.025282
0.018960	2.110196
0.019040	2.161669
0.019120	2.183377
0.019200	2.181173
0.019280	2.162259
0.019360	2.134414
0.019440	2.105347
0.019520	2.082107
0.019600	2.070503
0.019680	2.074517
0.019760	2.095867
0.019840	2.133978
0.019920	2.186642
0.020000	2.251333
0.020080	2.326558
0.020160	2.412385
0.020240	2.509802
0.020320	2.619422
0.020400	2.740467
0.020480	2.870615
0.020560	3.006632
0.020640	3.145232
0.020720	3.283625
0.020800	3.419531
0.020880	3.550846
0.020960	3.675332
0.021040	3.790538
0.021120	3.893923
0.021200	3.983151
0.021280	4.056425
0.021360	4.112771
0.021440	4.152245
0.021520	4.176099
0.021600	4.186915
0.021680	4.188594
0.021760	4.186092
0.021840	4.184917
0.021920	4.190532
0.022000	4.207839
0.022080	4.240858
0.022160	4.292644
0.022240	4.365339
0.022320	4.460047
0.022400	4.576380
0.022480	4.711803
0.022560	4.861182
0.022640	5.017104
0.022720	5.171106
0.022800	5.315281
0.022880	5.443377
0.022960	5.550925
0.023040	5.634689
0.023120	5.692256
0.023200	5.722234
0.023280	5.724829
0.023360	5.702222
0.023440	5.658290
0.023520	5.597536
0.023600	5.523593
0.023680	5.437928
0.023760	5.339353
0.023840	5.224523
0.023920	5.089198
0.024000	4.929695
0.024080	4.744085
0.024160	4.533025
0.024240	4.300251
0.024320	4.052677
0.024400	3.799986
0.024480	3.553578
0.024560	3.325139
0.024640	3.125340
0.024720	2.963202
0.024800	2.846214
0.024880	2.780691
0.024960	2.771591
0.025040	2.821488
0.025120	2.929314
0.025200	3.089710
0.025280	3.293373
0.025360	3.528173
0.025440	3.780650
0.025520	4.037601
0.025600	4.287566
0.025680	4.522030
0.025760	4.736194
0.025840	4.929151
0.025920	5.103224
0.026000	5.262407
0.026080	5.410266
0.026160	5.548205
0.026240	5.675029
0.026320	5.787937
0.026400	5.884103
0.026480	5.961795
0.026560	6.020540
0.026640	6.060650
0.026720	6.082834
0.026800	6.088407
0.026880	6.079954
0.026960	6.061878
0.027040	6.040419
0.027120	6.023152
0.027200	6.018190
0.027280	6.033337
0.027360	6.075297
0.027440	6.149093
0.027520	6.257751
0.027600	6.402057
0.027680	6.580193
0.027760	6.787410
0.027840	7.016123
0.027920	7.256683
0.028000	7.498739
0.028080	7.732711
0.028160	7.950773
0.028240	8.147105
0.028320	8.317661
0.028400	8.460002
0.028480	8.573351
0.028560	8.658576
0.028640	8.717683
0.028720	8.752934
0.028800	8.766227
0.028880	8.759290
0.028960	8.734569
0.029040	8.696129
0.029120	8.649921
0.029200	8.603212
0.029280	8.563421
0.029360	8.536965
0.029440	8.528700
0.029520	8.542131
0.029600	8.580017
0.029680	8.644718
0.029760	8.737913
0.029840	8.859940
0.029920	9.009377
0.030000	9.183229
0.030080	9.377557
0.030160	9.588043
0.030240	9.810141
0.030320	10.038963
0.030400	10.269346
0.030480	10.496384
0.030560	10.716238
0.030640	10.926753
0.030720	11.127537
0.030800	11.319533
0.030880	11.504449
0.030960	11.684507
0.031040	11.862486
0.031120	12.041557
0.031200	12.224665
0.031280	12.413715
0.031360	12.608997
0.031440	12.809063
0.031520	13.011019
0.031600	13.210961
0.031680	13.404391
0.031760	13.586806
0.031840	13.754688
0.031920	13.906751
0.032000	14.044962
0.032080	14.174761
0.032160	14.304245
0.032240	14.442411
0.032320	14.596907
0.032400	14.772057
0.032480	14.968102
0.032560	15.182009
0.032640	15.409173
0.032720	15.644969
0.032800	15.885433
0.032880	16.127192
0.032960	16.367258
0.033040	16.603149
0.033120	16.833328
0.033200	17.057531
0.033280	17.276669
0.033360	17.492357
0.033440	17.706568
0.033520	17.921644
0.033600	18.140505
0.033680	18.366566
0.033760	18.603165
0.033840	18.852663
0.033920	19.115730
0.034000	19.391249
0.034080	19.676897
0.034160	19.970070
0.034240	20.268682
0.034320	20.571678
0.034400	20.879133
0.034480	21.191889
0.034560	21.510702
0.034640	21.835384
0.034720	22.164436
0.034800	22.495363
0.034880	22.825323
0.034960	23.151613
0.035040	23.471722
0.035120	23.782990
0.035200	24.082243
0.035280	24.365734
0.035360	24.629677
0.035440	24.871231
0.035520	25.089590
0.035600	25.286587
0.035680	25.466499
0.035760	25.635204
0.035840	25.799065
0.035920	25.963980
0.036000	26.134560
0.036080	26.313417
0.036160	26.500847
0.036240	26.695232
0.036320	26.894108
0.036400	27.095297
0.036480	27.297634
0.036560	27.501125
0.036640	27.706654
0.036720	27.915571
0.036800	28.129467
0.036880	28.350155
0.036960	28.579754
0.037040	28.820602
0.037120	29.074963
0.037200	29.344563
0.037280	29.630159
0.037360	29.931225
0.037440	30.245775
0.037520	30.570406
0.037600	30.900543
0.037680	31.231134
0.037760	31.557743
0.037840	31.877693
0.037920	32.190781
0.038000	32.499222
0.038080	32.806782
0.038160	33.117374
0.038240	33.433685
0.038320	33.756073
0.038400	34.082169
0.038480	34.407223
0.038560	34.725521
0.038640	35.032436
0.038720	35.326305
0.038800	35.609112
0.038880	35.885731
0.038960	36.162407
0.039040	36.445602
0.039120	36.741634
0.039200	37.056583
0.039280	37.395702
0.039360	37.762215
0.039440	38.156357
0.039520	38.575417
0.039600	39.014935
0.039680	39.470425
0.039760	39.938530
0.039840	40.417419
0.039920	40.906631
0.040000	41.406914
0.040080	41.919979
0.040160	42.448025
0.040240	42.992970
0.040320	43.555809
0.040400	44.136269
0.040480	44.732780
0.040560	45.342670
0.040640	45.962399
0.040720	46.587963
0.040800	47.215401
0.040880	47.841015
0.040960	48.461243
0.041040	49.072273
0.041120	49.669975
0.041200	50.250278
0.041280	50.809902
0.041360	51.346893
0.041440	51.860676
0.041520	52.351719
0.041600	52.821213
0.041680	53.271179
0.041760	53.704838
0.041840	54.127022
0.041920	54.544090
0.042000	54.963177
0.042080	55.390827
0.042160	55.831799
0.042240	56.288643
0.042320	56.762150
0.042400	57.252392
0.042480	57.759605
0.042560	58.284538
0.042640	58.828136
0.042720	59.390747
0.042800	59.971233
0.042880	60.566582
0.042960	61.172482
0.043040	61.784824
0.043120	62.401382
0.043200	63.022705
0.043280	63.651752
0.043360	64.292549
0.043440	64.948845
0.043520	65.623390
0.043600	66.317848
0.043680	67.032768
0.043760	67.767265
0.043840	68.518623
0.043920	69.282188
0.044000	70.051521
0.044080	70.818916
0.044160	71.576180
0.044240	72.315826
0.044320	73.032265
0.044400	73.722511
0.044480	74.386047
0.044560	75.023895
0.044640	75.637665
0.044720	76.229019
0.044800	76.799614
0.044880	77.351318
0.044960	77.886261
0.045040	78.406540
0.045120	78.913788
0.045200	79.408592
0.045280	79.890282
0.045360	80.357338
0.045440	80.808624
0.045520	81.245049
0.045600	81.670845
0.045680	82.093842
0.045760	82.524422
0.045840	82.973526
0.045920	83.450600
0.046000	83.962151
0.046080	84.511421
0.046160	85.098953
0.046240	85.723457
0.046320	86.382751
0.046400	87.074463
0.046480	87.796181
0.046560	88.545235
0.046640	89.318275
0.046720	90.111122
0.046800	90.918922
0.046880	91.736694
0.046960	92.559700
0.047040	93.383423
0.047120	94.203377
0.047200	95.014961
0.047280	95.813911
0.047360	96.596840
0.047440	97.361435
0.047520	98.106102
0.047600	98.829262
0.047680	99.528969
0.047760	100.203125
0.047840	100.850098
0.047920	101.469353
0.048000	102.061737
0.048080	102.629333
0.048160	103.174919
0.048240	103.701530
0.048320	104.212303
0.048400	104.710335
0.048480	105.198822
0.048560	105.681435
0.048640	106.162827
0.048720	106.648933
0.048800	107.146782
0.048880	107.663979
0.048960	108.208031
0.049040	108.785583
0.049120	109.401627
0.049200	110.058411
0.049280	110.754417
0.049360	111.483574
0.049440	112.235443
0.049520	112.996651
0.049600	113.753319
0.049680	114.493782
0.049760	115.210732
0.049840	115.902069
0.049920	116.570549
0.050000	117.222267
0.050080	117.864914
0.050160	118.506012
0.050240	119.151527
0.050320	119.805000
0.050400	120.467300
0.050480	121.136818
0.050560	121.810143
0.050640	122.483032
0.050720	123.151535
0.050800	123.813087
0.050880	124.467125
0.050960	125.115097
0.051040	125.760002
0.051120	126.405792
0.051200	127.056870
0.051280	127.717514
0.051360	128.391205
0.051440	129.079697
0.051520	129.782333
0.051600	130.496170
0.051680	131.217102
0.051760	131.941620
0.051840	132.668091
0.051920	133.396790
0.052000	134.128876
0.052080	134.864792
0.052160	135.603546
0.052240	136.342636
0.052320	137.078995
0.052400	137.810028
0.052480	138.534149
0.052560	139.250656
0.052640	139.959061
0.052720	140.658661
0.052800	141.348801
0.052880	142.029846
0.052960	142.704163
0.053040	143.376511
0.053120	144.053391
0.053200	144.741684
0.053280	145.447098
0.053360	146.172958
0.053440	146.920166
0.053520	147.687683
0.053600	148.473450
0.053680	149.275177
0.053760	150.090790
0.053840	150.918701
0.053920	151.757797
0.054000	152.607101
0.054080	153.465027
0.054160	154.328888
0.054240	155.195084
0.054320	156.059799
0.054400	156.919662
0.054480	157.771866
0.054560	158.613480
0.054640	159.440811
0.054720	160.248917
0.054800	161.032272
0.054880	161.785934
0.054960	162.506897
0.055040	163.194763
0.055120	163.851425
0.055200	164.479980
0.055280	165.083588
0.055360	165.664673
0.055440	166.224670
0.055520	166.764648
0.055600	167.286026
0.055680	167.791351
0.055760	168.284225
0.055840	168.768646
0.055920	169.248093
0.056000	169.725235
0.056080	170.202454
0.056160	170.682556
0.056240	171.169098
0.056320	171.665985
0.056400	172.177002
0.056480	172.705399
0.056560	173.253967
0.056640	173.825424
0.056720	174.422440
0.056800	175.047516
0.056880	175.702545
0.056960	176.388138
0.057040	177.102905
0.057120	177.842896
0.057200	178.601608
0.057280	179.370544
0.057360	180.139999
0.057440	180.899780
0.057520	181.639908
0.057600	182.351440
0.057680	183.027618
0.057760	183.664825
0.057840	184.262939
0.057920	184.825012
0.058000	185.356613
0.058080	185.864944
0.058160	186.357849
0.058240	186.843018
0.058320	187.327103
0.058400	187.815353
0.058480	188.311386
0.058560	188.817322
0.058640	189.333954
0.058720	189.860992
0.058800	190.397324
0.058880	190.941330
0.058960	191.491379
0.059040	192.046158
0.059120	192.604568
0.059200	193.165054
0.059280	193.724640
0.059360	194.278656
0.059440	194.821381
0.059520	195.347595
0.059600	195.854141
0.059680	196.340897
0.059760	196.811066
0.059840	197.270508
0.059920	197.726486
0.060000	198.185898
0.060080	198.653931
0.060160	199.133469
0.060240	199.625916
0.060320	200.132584
0.060400	200.655624
0.060480	201.198059
0.060560	201.762711
0.060640	202.350845
0.060720	202.961349
0.060800	203.591049
0.060880	204.235764
0.060960	204.891861
0.061040	205.557281
0.061120	206.231796
0.061200	206.916519
0.061280	207.612564
0.061360	208.319901
0.061440	209.036530
0.061520	209.758408
0.061600	210.480209
0.061680	211.196594
0.061760	211.903534
0.061840	212.599487
0.061920	213.285538
0.062000	213.964783
0.062080	214.640839
0.062160	215.316605
0.062240	215.993927
0.062320	216.674149
0.062400	217.358795
0.062480	218.049149
0.062560	218.745163
0.062640	219.444061
0.062720	220.140106
0.062800	220.825684
0.062880	221.493256
0.062960	222.137070
0.063040	222.753906
0.063120	223.342911
0.063200	223.905014
0.063280	224.442535
0.063360	224.959015
0.063440	225.458939
0.063520	225.947311
0.063600	226.429031
0.063680	226.908478
0.063760	227.389328
0.063840	227.875107
0.063920	228.370010
0.064000	228.879272
0.064080	229.408478
0.064160	229.962051
0.064240	230.541809
0.064320	231.146698
0.064400	231.773514
0.064480	232.418274
0.064560	233.077255
0.064640	233.747330
0.064720	234.425674
0.064800	235.109146
0.064880	235.794067
0.064960	236.476608
0.065040	237.153793
0.065120	237.824738
0.065200	238.491272
0.065280	239.157532
0.065360	239.828323
0.065440	240.507156
0.065520	241.194839
0.065600	241.889420
0.065680	242.587479
0.065760	243.285507
0.065840	243.980759
0.065920	244.671051
0.066000	245.354446
0.066080	246.029144
0.066160	246.693970
0.066240	247.348846
0.066320	247.994843
0.066400	248.633621
0.066480	249.266724
0.066560	249.895279
0.066640	250.520447
0.066720	251.144119
0.066800	251.769348
0.066880	252.399979
0.066960	253.040375
0.067040	253.695099
0.067120	254.369064
0.067200	255.067017
0.067280	255.792526
0.067360	256.546570
0.067440	257.326782
0.067520	258.127441
0.067600	258.940521
0.067680	259.756927
0.067760	260.568237
0.067840	261.368225
0.067920	262.154175
0.068000	262.927124
0.068080	263.691040
0.068160	264.450806
0.068240	265.210114
0.068320	265.970123
0.068400	266.729340
0.068480	267.484161
0.068560	268.230164
0.068640	268.962860
0.068720	269.678406
0.068800	270.373993
0.068880	271.048035
0.068960	271.700165
0.069040	272.331207
0.069120	272.943573
0.069200	273.541046
0.069280	274.128326
0.069360	274.710449
0.069440	275.291931
0.069520	275.876984
0.069600	276.470001
0.069680	277.075958
0.069760	277.700043
0.069840	278.346619
0.069920	279.017761
0.070000	279.712921
0.070080	280.428864
0.070160	281.160736
0.070240	281.902954
0.070320	282.650421
0.070400	283.399048
0.070480	284.145996
0.070560	284.889008
0.070640	285.626007
0.070720	286.355011
0.070800	287.074707
0.070880	287.784943
0.070960	288.487152
0.071040	289.183868
0.071120	289.877808
0.071200	290.571259
0.071280	291.265594
0.071360	291.961975
0.071440	292.661621
0.071520	293.366180
0.071600	294.077087
0.071680	294.794983
0.071760	295.519135
0.071840	296.247620
0.071920	296.978271
0.072000	297.709381
0.072080	298.440094
0.072160	299.169708
0.072240	299.897125
0.072320	300.620270
0.072400	301.336151
0.072480	302.041351
0.072560	302.732727
0.072640	303.408356
0.072720	304.068542
0.072800	304.716553
0.072880	305.358704
0.072960	306.003632
0.073040	306.660858
0.073120	307.339111
0.073200	308.045410
0.073280	308.784302
0.073360	309.557892
0.073440	310.366364
0.073520	311.208221
0.073600	312.080688
0.073680	312.980072
0.073760	313.901794
0.073840	314.840698
0.073920	315.791260
0.074000	316.748016
0.074080	317.705658
0.074160	318.659668
0.074240	319.606873
0.074320	320.545685
0.074400	321.476196
0.074480	322.399658
0.074560	323.317535
0.074640	324.230774
0.074720	325.139221
0.074800	326.041046
0.074880	326.932587
0.074960	327.808533
0.075040	328.662933
0.075120	329.490112
0.075200	330.285919
0.075280	331.048248
0.075360	331.777679
0.075440	332.477509
0.075520	333.153595
0.075600	333.813812
0.075680	334.467529
0.075760	335.124359
0.075840	335.793304
0.075920	336.481750
0.076000	337.194366
0.076080	337.932648
0.076160	338.694641
0.076240	339.475006
0.076320	340.265625
0.076400	341.056152
0.076480	341.835419
0.076560	342.592987
0.076640	343.321075
0.076720	344.015778
0.076800	344.677948
0.076880	345.312805
0.076960	345.929047
0.077040	346.537476
0.077120	347.149139
0.077200	347.773926
0.077280	348.419495
0.077360	349.091003
0.077440	349.791229
0.077520	350.520966
0.077600	351.279114
0.077680	352.062866
0.077760	352.868378
0.077840	353.691315
0.077920	354.527435
0.078000	355.372894
0.078080	356.224030
0.078160	357.076996
0.078240	357.927521
0.078320	358.770844
0.078400	359.602051
0.078480	360.416656
0.078560	361.211273
0.078640	361.984070
0.078720	362.735107
0.078800	363.466217
0.078880	364.180908
0.078960	364.884186
0.079040	365.581818
0.079120	366.279449
0.079200	366.981476
0.079280	367.690338
0.079360	368.406281
0.079440	369.128021
0.079520	369.853516
0.079600	370.580933
0.079680	371.308777
0.079760	372.036285
0.079840	372.763672
0.079920	373.492828
0.080000	374.227600
0.080080	374.973389
0.080160	375.736145
0.080240	376.521057
0.080320	377.331512
0.080400	378.168579
0.080480	379.031128
0.080560	379.916473
0.080640	380.821503
0.080720	381.743530
0.080800	382.681091
0.080880	383.633759
0.080960	384.601654
0.081040	385.584320
0.081120	386.579742
0.081200	387.584473
0.081280	388.594025
0.081360	389.603668
0.081440	390.609039
0.081520	391.606415
0.081600	392.592590
0.081680	393.564880
0.081760	394.521149
0.081840	395.460358
0.081920	396.382996
0.082000	397.291382
0.082080	398.189392
0.082160	399.081482
0.082240	399.971741
0.082320	400.863312
0.082400	401.758179
0.082480	402.657379
0.082560	403.561279
0.082640	404.469604
0.082720	405.381836
0.082800	406.297424
0.082880	407.216644
0.082960	408.140472
0.083040	409.070312
0.083120	410.007141
0.083200	410.950653
0.083280	411.899200
0.083360	412.850098
0.083440	413.800751
0.083520	414.749756
0.083600	415.697266
0.083680	416.645111
0.083760	417.595886
0.083840	418.551849
0.083920	419.513641
0.084000	420.479370
0.084080	421.444916
0.084160	422.404663
0.084240	423.352997
0.084320	424.285645
0.084400	425.200439
0.084480	426.097900
0.084560	426.981018
0.084640	427.855286
0.084720	428.727722
0.084800	429.606171
0.084880	430.498230
0.084960	431.410522
0.085040	432.347809
0.085120	433.312378
0.085200	434.303772
0.085280	435.318909
0.085360	436.352875
0.085440	437.400116
0.085520	438.455536
0.085600	439.514801
0.085680	440.574646
0.085760	441.632202
0.085840	442.685120
0.085920	443.731598
0.086000	444.771179
0.086080	445.805359
0.086160	446.837524
0.086240	447.872162
0.086320	448.913727
0.086400	449.965759
0.086480	451.030396
0.086560	452.108673
0.086640	453.200806
0.086720	454.306519
0.086800	455.425262
0.086880	456.556213
0.086960	457.697968
0.087040	458.848480
0.087120	460.004883
0.087200	461.163879
0.087280	462.322052
0.087360	463.476715
0.087440	464.626587
0.087520	465.772552
0.087600	466.917480
0.087680	468.065033
0.087760	469.218079
0.087840	470.377258
0.087920	471.540741
0.088000	472.705414
0.088080	473.869141
0.088160	475.032043
0.088240	476.197113
0.088320	477.369049
0.088400	478.552704
0.088480	479.751495
0.088560	480.967163
0.088640	482.199738
0.088720	483.448181
0.088800	484.711060
0.088880	485.987274
0.088960	487.276855
0.089040	488.581451
0.089120	489.904114
0.089200	491.248657
0.089280	492.618622
0.089360	494.017181
0.089440	495.447449
0.089520	496.912476
0.089600	498.414734
0.089680	499.954590
0.089760	501.529633
0.089840	503.134857
0.089920	504.763794
0.090000	506.409851
0.090080	508.067230
0.090160	509.731293
0.090240	511.398682
0.090320	513.067505
0.090400	514.737366
0.090480	516.409424
0.090560	518.084900
0.090640	519.763672
0.090720	521.442688
0.090800	523.116028
0.090880	524.775635
0.090960	526.413757
0.091040	528.024353
0.091120	529.603760
0.091200	531.150574
0.091280	532.665771
0.091360	534.153198
0.091440	535.620605
0.091520	537.079895
0.091600	538.546509
0.091680	540.037109
0.091760	541.566650
0.091840	543.146423
0.091920	544.782837
0.092000	546.478027
0.092080	548.230652
0.092160	550.036560
0.092240	551.890076
0.092320	553.784729
0.092400	555.714294
0.092480	557.672913
0.092560	559.655579
0.092640	561.657837
0.092720	563.675598
0.092800	565.705688
0.092880	567.745728
0.092960	569.793762
0.093040	571.847961
0.093120	573.906006
0.093200	575.965149
0.093280	578.022339
0.093360	580.074158
0.093440	582.116882
0.093520	584.145813
0.093600	586.155090
0.093680	588.137817
0.093760	590.086914
0.093840	591.996887
0.093920	593.864990
0.094000	595.692200
0.094080	597.483154
0.094160	599.245605
0.094240	600.989868
0.094320	602.728027
0.094400	604.472961
0.094480	606.237427
0.094560	608.033142
0.094640	609.869812
0.094720	611.754883
0.094800	613.693481
0.094880	615.688354
0.094960	617.740295
0.095040	619.847473
0.095120	622.006042
0.095200	624.210815
0.095280	626.456482
0.095360	628.738953
0.095440	631.056580
0.095520	633.409790
0.095600	635.800537
0.095680	638.231079
0.095760	640.702209
0.095840	643.212280
0.095920	645.757080
0.096000	648.330261
0.096080	650.924866
0.096160	653.533691
0.096240	656.149658
0.096320	658.766174
0.096400	661.377686
0.096480	663.980591
0.096560	666.573364
0.096640	669.155945
0.096720	671.728455
0.096800	674.290527
0.096880	676.841675
0.096960	679.381470
0.097040	681.910645
0.097120	684.430908
0.097200	686.944763
0.097280	689.455261
0.097360	691.966003
0.097440	694.481140
0.097520	697.006348
0.097600	699.548157
0.097680	702.113770
0.097760	704.709351
0.097840	707.339111
0.097920	710.005432
0.098000	712.709534
0.098080	715.452637
0.098160	718.236694
0.098240	721.064392
0.098320	723.938843
0.098400	726.862610
0.098480	729.836853
0.098560	732.860657
0.098640	735.930237
0.098720	739.038086
0.098800	742.173157
0.098880	745.321289
0.098960	748.467468
0.099040	751.598206
0.099120	754.703552
0.099200	757.778076
0.099280	760.820984
0.099360	763.834473
0.099440	766.822876
0.099520	769.791321
0.099600	772.745422
0.099680	775.690674
0.099760	778.632080
0.099840	781.573975
0.099920	784.519531
0.100000	787.471252
0.100080	790.430969
0.100160	793.400574
0.100240	796.382446
0.100320	799.379700
0.100400	802.396057
0.100480	805.435425
0.100560	808.501099
0.100640	811.595337
0.100720	814.719299
0.100800	817.873840
0.100880	821.059875
0.100960	824.278931
0.101040	827.532532
0.101120	830.821655
0.101200	834.145935
0.101280	837.503540
0.101360	840.891907
0.101440	844.308411
0.101520	847.750244
0.101600	851.213623
0.101680	854.692871
0.101760	858.180115
0.101840	861.666443
0.101920	865.143738
0.102000	868.607117
0.102080	872.056458
0.102160	875.496399
0.102240	878.934448
0.102320	882.378845
0.102400	885.836792
0.102480	889.313477
0.102560	892.812500
0.102640	896.336060
0.102720	899.885864
0.102800	903.463074
0.102880	907.068115
0.102960	910.700378
0.103040	914.358337
0.103120	918.039795
0.103200	921.742249
0.103280	925.462952
0.103360	929.198608
0.103440	932.945251
0.103520	936.697937
0.103600	940.451233
0.103680	944.200134
0.103760	947.940979
0.103840	951.671326
0.103920	955.389648
0.104000	959.094116
0.104080	962.781799
0.104160	966.448792
0.104240	970.092163
0.104320	973.711792
0.104400	977.311768
0.104480	980.899780
0.104560	984.485474
0.104640	988.078125
0.104720	991.685181
0.104800	995.311340
0.104880	998.958679
0.104960	1002.627441
0.105040	1006.316895
0.105120	1010.026428
0.105200	1013.755554
0.105280	1017.504028
0.105360	1021.271729
0.105440	1025.058472
0.105520	1028.864136
0.105600	1032.687988
0.105680	1036.527222
0.105760	1040.377686
0.105840	1044.232910
0.105920	1048.086548
0.106000	1051.932861
0.106080	1055.767700
0.106160	1059.587524
0.106240	1063.388916
0.106320	1067.168213
0.106400	1070.922363
0.106480	1074.649536
0.106560	1078.350220
0.106640	1082.026367
0.106720	1085.680908
0.106800	1089.317627
0.106880	1092.940308
0.106960	1096.552734
0.107040	1100.158447
0.107120	1103.760010
0.107200	1107.359375
0.107280	1110.956665
0.107360	1114.550659
0.107440	1118.139160
0.107520	1121.719971
0.107600	1125.291992
0.107680	1128.855713
0.107760	1132.413940
0.107840	1135.970947
0.107920	1139.532837
0.108000	1143.106567
0.108080	1146.697998
0.108160	1150.311035
0.108240	1153.946777
0.108320	1157.603271
0.108400	1161.276733
0.108480	1164.963013
0.108560	1168.658325
0.108640	1172.359009
0.108720	1176.060669
0.108800	1179.758911
0.108880	1183.448608
0.108960	1187.124756
0.109040	1190.781860
0.109120	1194.414185
0.109200	1198.016357
0.109280	1201.583374
0.109360	1205.111816
0.109440	1208.600098
0.109520	1212.049438
0.109600	1215.463745
0.109680	1218.848633
0.109760	1222.211548
0.109840	1225.560425
0.109920	1228.904053
0.110000	1232.251587
0.110080	1235.612793
0.110160	1238.996704
0.110240	1242.410400
0.110320	1245.859253
0.110400	1249.346069
0.110480	1252.871582
0.110560	1256.434204
0.110640	1260.030151
0.110720	1263.652710
0.110800	1267.292603
0.110880	1270.938354
0.110960	1274.578247
0.111040	1278.201538
0.111120	1281.799438
0.111200	1285.365234
0.111280	1288.894165
0.111360	1292.382690
0.111440	1295.828735
0.111520	1299.232056
0.111600	1302.594849
0.111680	1305.922363
0.111760	1309.222046
0.111840	1312.502319
0.111920	1315.772217
0.112000	1319.039795
0.112080	1322.312744
0.112160	1325.597778
0.112240	1328.899170
0.112320	1332.218994
0.112400	1335.556396
0.112480	1338.908936
0.112560	1342.274170
0.112640	1345.650024
0.112720	1349.035522
0.112800	1352.429077
0.112880	1355.828125
0.112960	1359.228149
0.113040	1362.623047
0.113120	1366.005859
0.113200	1369.369995
0.113280	1372.709717
0.113360	1376.020996
0.113440	1379.302124
0.113520	1382.553467
0.113600	1385.777344
0.113680	1388.977173
0.113760	1392.157471
0.113840	1395.323486
0.113920	1398.480103
0.114000	1401.631836
0.114080	1404.782715
0.114160	1407.935181
0.114240	1411.090576
0.114320	1414.247681
0.114400	1417.402710
0.114480	1420.549438
0.114560	1423.681396
0.114640	1426.794067
0.114720	1429.887085
0.114800	1432.964966
0.114880	1436.035400
0.114960	1439.108032
0.115040	1442.192505
0.115120	1445.297607
0.115200	1448.429565
0.115280	1451.590576
0.115360	1454.778442
0.115440	1457.987061
0.115520	1461.208374
0.115600	1464.434082
0.115680	1467.656616
0.115760	1470.871094
0.115840	1474.073486
0.115920	1477.261108
0.116000	1480.430664
0.116080	1483.578857
0.116160	1486.702759
0.116240	1489.799805
0.116320	1492.868774
0.116400	1495.909302
0.116480	1498.922729
0.116560	1501.912354
0.116640	1504.883545
0.116720	1507.841553
0.116800	1510.790527
0.116880	1513.730713
0.116960	1516.658813
0.117040	1519.569214
0.117120	1522.456543
0.117200	1525.317383
0.117280	1528.151489
0.117360	1530.961426
0.117440	1533.751831
0.117520	1536.527954
0.117600	1539.295166
0.117680	1542.058105
0.117760	1544.821045
0.117840	1547.586670
0.117920	1550.355591
0.118000	1553.125488
0.118080	1555.891479
0.118160	1558.647339
0.118240	1561.386597
0.118320	1564.103516
0.118400	1566.793091
0.118480	1569.452148
0.118560	1572.078613
0.118640	1574.672729
0.118720	1577.236816
0.118800	1579.775757
0.118880	1582.295776
0.118960	1584.804321
0.119040	1587.309082
0.119120	1589.817749
0.119200	1592.337769
0.119280	1594.876953
0.119360	1597.441895
0.119440	1600.037354
0.119520	1602.665527
0.119600	1605.324951
0.119680	1608.011475
0.119760	1610.718872
0.119840	1613.439575
0.119920	1616.164917
0.120000	1618.884521
0.120080	1621.586670
0.120160	1624.258667
0.120240	1626.887329
0.120320	1629.461792
0.120400	1631.974121
0.120480	1634.421021
0.120560	1636.803101
0.120640	1639.124268
0.120720	1641.390381
0.120800	1643.609131
0.120880	1645.789185
0.120960	1647.939941
0.121040	1650.070801
0.121120	1652.190430
0.121200	1654.305664
0.121280	1656.421631
0.121360	1658.541138
0.121440	1660.664917
0.121520	1662.792236
0.121600	1664.921021
0.121680	1667.048706
0.121760	1669.172119
0.121840	1671.288696
0.121920	1673.396484
0.122000	1675.495483
0.122080	1677.587036
0.122160	1679.673584
0.122240	1681.758179
0.122320	1683.842896
0.122400	1685.929077
0.122480	1688.016602
0.122560	1690.105469
0.122640	1692.196167
0.122720	1694.290649
0.122800	1696.391968
0.122880	1698.503784
0.122960	1700.629272
0.123040	1702.771240
0.123120	1704.931274
0.123200	1707.109985
0.123280	1709.306152
0.123360	1711.516724
0.123440	1713.735962
0.123520	1715.955322
0.123600	1718.164062
0.123680	1720.350586
0.123760	1722.504395
0.123840	1724.616943
0.123920	1726.682739
0.124000	1728.698730
0.124080	1730.665161
0.124160	1732.584595
0.124240	1734.462402
0.124320	1736.305664
0.124400	1738.121704
0.124480	1739.917480
0.124560	1741.698853
0.124640	1743.470215
0.124720	1745.233765
0.124800	1746.988647
0.124880	1748.730957
0.124960	1750.454712
0.125040	1752.153442
0.125120	1753.821899
0.125200	1755.457397
0.125280	1757.059326
0.125360	1758.628784
0.125440	1760.166992
0.125520	1761.674561
0.125600	1763.151855
0.125680	1764.598999
0.125760	1766.017212
0.125840	1767.408569
0.125920	1768.777222
0.126000	1770.129883
0.126080	1771.475098
0.126160	1772.822754
0.126240	1774.182739
0.126320	1775.562134
0.126400	1776.964233
0.126480	1778.388306
0.126560	1779.829224
0.126640	1781.280396
0.126720	1782.734009
0.126800	1784.182739
0.126880	1785.619141
0.126960	1787.036499
0.127040	1788.427734
0.127120	1789.786865
0.127200	1791.108765
0.127280	1792.389771
0.127360	1793.627808
0.127440	1794.821533
0.127520	1795.970093
0.127600	1797.072998
0.127680	1798.129761
0.127760	1799.139526
0.127840	1800.100952
0.127920	1801.012817
0.128000	1801.874878
0.128080	1802.688232
0.128160	1803.454712
0.128240	1804.176514
0.128320	1804.855591
0.128400	1805.492432
0.128480	1806.087036
0.128560	1806.639038
0.128640	1807.148560
0.128720	1807.617432
0.128800	1808.049438
0.128880	1808.449097
0.128960	1808.821533
0.129040	1809.170654
0.129120	1809.498779
0.129200	1809.806396
0.129280	1810.091919
0.129360	1810.352173
0.129440	1810.582520
0.129520	1810.776611
0.129600	1810.927002
0.129680	1811.025757
0.129760	1811.065430
0.129840	1811.040039
0.129920	1810.944336
0.130000	1810.773438
0.130080	1810.522827
0.130160	1810.187012
0.130240	1809.760010
0.130320	1809.234375
0.130400	1808.602051
0.130480	1807.854980
0.130560	1806.986694
0.130640	1805.993530
0.130720	1804.875854
0.130800	1803.638062
0.130880	1802.289429
0.130960	1800.846069
0.131040	1799.332031
0.131120	1797.781250
0.131200	1796.235840
0.131280	1794.745239
0.131360	1793.362427
0.131440	1792.141968
0.131520	1791.138428
0.131600	1790.403931
0.131680	1789.986084
0.131760	1789.923706
0.131840	1790.242676
0.131920	1790.951172
0.132000	1792.034424
0.132080	1793.450195
0.132160	1795.123901
0.132240	1796.948364
0.132320	1798.790161
0.132400	1800.504395
0.132480	1801.955444
0.132560	1803.038452
0.132640	1803.693115
0.132720	1803.904907
0.132800	1803.696411
0.132880	1803.114990
0.132960	1802.221558
0.133040	1801.083618
0.133120	1799.769531
0.133200	1798.345581
0.133280	1796.872437
0.133360	1795.403442
0.133440	1793.980225
0.133520	1792.630005
0.133600	1791.365601
0.133680	1790.188843
0.133760	1789.095581
0.133840	1788.080444
0.133920	1787.139038
0.134000	1786.268433
0.134080	1785.465332
0.134160	1784.724243
0.134240	1784.036133
0.134320	1783.389282
0.134400	1782.770020
0.134480	1782.163330
0.134560	1781.552246
0.134640	1780.917358
0.134720	1780.237305
0.134800	1779.490723
0.134880	1778.658203
0.134960	1777.725952
0.135040	1776.687622
0.135120	1775.545654
0.135200	1774.310669
0.135280	1772.999756
0.135360	1771.633179
0.135440	1770.231567
0.135520	1768.813354
0.135600	1767.391968
0.135680	1765.974243
0.135760	1764.560669
0.135840	1763.146118
0.135920	1761.722290
0.136000	1760.279419
0.136080	1758.807617
0.136160	1757.296265
0.136240	1755.736206
0.136320	1754.120117
0.136400	1752.444214
0.136480	1750.708740
0.136560	1748.916992
0.136640	1747.073608
0.136720	1745.182861
0.136800	1743.248047
0.136880	1741.272461
0.136960	1739.260864
0.137040	1737.219849
0.137120	1735.157715
0.137200	1733.081543
0.137280	1730.995728
0.137360	1728.901001
0.137440	1726.794067
0.137520	1724.669556
0.137600	1722.520508
0.137680	1720.340088
0.137760	1718.121094
0.137840	1715.857666
0.137920	1713.545654
0.138000	1711.183105
0.138080	1708.770874
0.138160	1706.312256
0.138240	1703.812500
0.138320	1701.277466
0.138400	1698.712769
0.138480	1696.123413
0.138560	1693.514404
0.138640	1690.891479
0.138720	1688.260864
0.138800	1685.630615
0.138880	1683.009521
0.138960	1680.407227
0.139040	1677.834473
0.139120	1675.302002
0.139200	1672.820068
0.139280	1670.398315
0.139360	1668.043579
0.139440	1665.759277
0.139520	1663.543213
0.139600	1661.387573
0.139680	1659.279053
0.139760	1657.201172
0.139840	1655.136963
0.139920	1653.071289
0.140000	1650.991943
0.140080	1648.889526
0.140160	1646.756104
0.140240	1644.584717
0.140320	1642.369263
0.140400	1640.105347
0.140480	1637.790405
0.140560	1635.425171
0.140640	1633.013062
0.140720	1630.561035
0.140800	1628.079102
0.140880	1625.580688
0.140960	1623.081543
0.141040	1620.598511
0.141120	1618.147095
0.141200	1615.737793
0.141280	1613.375244
0.141360	1611.057007
0.141440	1608.775391
0.141520	1606.518799
0.141600	1604.273438
0.141680	1602.024658
0.141760	1599.756592
0.141840	1597.454224
0.141920	1595.104248
0.142000	1592.696655
0.142080	1590.225220
0.142160	1587.687012
0.142240	1585.081665
0.142320	1582.410400
0.142400	1579.676147
0.142480	1576.883179
0.142560	1574.037109
0.142640	1571.145020
0.142720	1568.214233
0.142800	1565.252075
0.142880	1562.265503
0.142960	1559.260498
0.143040	1556.242676
0.143120	1553.216797
0.143200	1550.186768
0.143280	1547.154907
0.143360	1544.120972
0.143440	1541.083130
0.143520	1538.038940
0.143600	1534.987671
0.143680	1531.929932
0.143760	1528.868042
0.143840	1525.804688
0.143920	1522.742310
0.144000	1519.683472
0.144080	1516.630493
0.144160	1513.586792
0.144240	1510.557007
0.144320	1507.546875
0.144400	1504.562134
0.144480	1501.607422
0.144560	1498.684570
0.144640	1495.793335
0.144720	1492.931274
0.144800	1490.095093
0.144880	1487.280640
0.144960	1484.483643
0.145040	1481.699951
0.145120	1478.925781
0.145200	1476.159546
0.145280	1473.400757
0.145360	1470.649658
0.145440	1467.905396
0.145520	1465.164062
0.145600	1462.418823
0.145680	1459.659546
0.145760	1456.875000
0.145840	1454.054565
0.145920	1451.189819
0.146000	1448.275757
0.146080	1445.310181
0.146160	1442.293457
0.146240	1439.227661
0.146320	1436.115723
0.146400	1432.961426
0.146480	1429.768921
0.146560	1426.543335
0.146640	1423.289795
0.146720	1420.013184
0.146800	1416.718018
0.146880	1413.407959
0.146960	1410.085938
0.147040	1406.754150
0.147120	1403.413818
0.147200	1400.065674
0.147280	1396.709717
0.147360	1393.345581
0.147440	1389.972412
0.147520	1386.588379
0.147600	1383.190308
0.147680	1379.774414
0.147760	1376.337036
0.147840	1372.875977
0.147920	1369.390869
0.148000	1365.882202
0.148080	1362.350708
0.148160	1358.796265
0.148240	1355.217407
0.148320	1351.611084
0.148400	1347.972778
0.148480	1344.297119
0.148560	1340.579468
0.148640	1336.816040
0.148720	1333.005005
0.148800	1329.147217
0.148880	1325.246216
0.148960	1321.309204
0.149040	1317.345459
0.149120	1313.365723
0.149200	1309.379639
0.149280	1305.394653
0.149360	1301.416382
0.149440	1297.447998
0.149520	1293.490723
0.149600	1289.543579
0.149680	1285.603394
0.149760	1281.665405
0.149840	1277.722778
0.149920	1273.766968
0.150000	1269.787720
0.150080	1265.772461
0.150160	1261.707886
0.150240	1257.580933
0.150320	1253.380981
0.150400	1249.101196
0.150480	1244.738892
0.150560	1240.296021
0.150640	1235.777344
0.150720	1231.189331
0.150800	1226.538574
0.150880	1221.831055
0.150960	1217.072388
0.151040	1212.267334
0.151120	1207.420044
0.151200	1202.532349
0.151280	1197.603760
0.151360	1192.631348
0.151440	1187.608765
0.151520	1182.526855
0.151600	1177.372314
0.151680	1172.128418
0.151760	1166.775635
0.151840	1161.292114
0.151920	1155.655762
0.152000	1149.844360
0.152080	1143.837158
0.152160	1137.615723
0.152240	1131.164429
0.152320	1124.471802
0.152400	1117.530884
0.152480	1110.339478
0.152560	1102.901245
0.152640	1095.227295
0.152720	1087.338013
0.152800	1079.265137
0.152880	1071.054688
0.152960	1062.769043
0.153040	1054.489502
0.153120	1046.317017
0.153200	1038.372559
0.153280	1030.795532
0.153360	1023.739746
0.153440	1017.367249
0.153520	1011.838379
0.153600	1007.298828
0.153680	1003.863770
0.153760	1001.599487
0.153840	1000.505676
0.153920	1000.502136
0.154000	1001.424927
0.154080	1003.035400
0.154160	1005.041870
0.154240	1007.128296
0.154320	1008.983887
0.154400	1010.328918
0.154480	1010.932617
0.154560	1010.622803
0.154640	1009.290405
0.154720	1006.889648
0.154800	1003.435425
0.154880	998.994507
0.154960	993.671570
0.155040	987.592957
0.155120	980.893127
0.155200	973.705017
0.155280	966.153198
0.155360	958.348816
0.155440	950.385803
0.155520	942.340759
0.155600	934.274658
0.155680	926.233887
0.155760	918.251099
0.155840	910.344482
0.155920	902.518616
0.156000	894.766663
0.156080	887.074097
0.156160	879.423828
0.156240	871.799744
0.156320	864.189819
0.156400	856.587585
0.156480	848.992981
0.156560	841.412109
0.156640	833.855469
0.156720	826.335449
0.156800	818.862549
0.156880	811.442200
0.156960	804.072876
0.157040	796.744934
0.157120	789.440613
0.157200	782.135498
0.157280	774.800354
0.157360	767.403809
0.157440	759.915161
0.157520	752.307129
0.157600	744.558228
0.157680	736.655090
0.157760	728.594055
0.157840	720.381958
0.157920	712.035400
0.158000	703.579346
0.158080	695.045349
0.158160	686.469116
0.158240	677.888489
0.158320	669.341125
0.158400	660.861450
0.158480	652.478333
0.158560	644.212646
0.158640	636.076050
0.158720	628.071350
0.158800	620.193604
0.158880	612.431152
0.158960	604.766846
0.159040	597.178955
0.159120	589.641968
0.159200	582.127686
0.159280	574.607056
0.159360	567.052063
0.159440	559.437988
0.159520	551.746094
0.159600	543.965515
0.159680	536.094727
0.159760	528.142334
0.159840	520.125977
0.159920	512.070740
0.160000	504.005737
0.160080	495.960052
0.160160	487.959167
0.160240	480.022278
0.160320	472.160980
0.160400	464.378876
0.160480	456.672333
0.160560	449.031403
0.160640	441.441620
0.160720	433.886200
0.160800	426.348236
0.160880	418.812378
0.160960	411.265381
0.161040	403.696411
0.161120	396.097687
0.161200	388.465668
0.161280	380.802155
0.161360	373.114410
0.161440	365.414368
0.161520	357.716705
0.161600	350.036865
0.161680	342.389923
0.161760	334.789948
0.161840	327.250031
0.161920	319.782196
0.162000	312.396912
0.162080	305.101685
0.162160	297.899506
0.162240	290.787964
0.162320	283.759064
0.162400	276.800232
0.162480	269.896179
0.162560	263.030609
0.162640	256.188477
0.162720	249.357727
0.162800	242.531128
0.162880	235.706772
0.162960	228.888031
0.163040	222.082275
0.163120	215.299271
0.163200	208.549438
0.163280	201.842712
0.163360	195.187943
0.163440	188.592697
0.163520	182.063034
0.163600	175.603226
0.163680	169.215424
0.163760	162.899185
0.163840	156.651108
0.163920	150.464554
0.164000	144.329956
0.164080	138.235779
0.164160	132.170013
0.164240	126.121796
0.164320	120.082603
0.164400	114.046906
0.164480	108.012383
0.164560	101.979889
0.164640	95.953499
0.164720	89.940170
0.164800	83.948738
0.164880	77.988159
0.164960	72.065475
0.165040	66.183922
0.165120	60.341923
0.165200	54.533123
0.165280	48.747444
0.165360	42.972630
0.165440	37.195858
0.165520	31.405333
0.165600	25.591520
0.165680	19.747841
0.165760	13.870673
0.165840	7.959017
0.165920	2.014435
0.166000	-3.958356
0.166080	-9.950691
0.166160	-15.950033
0.166240	-21.941526
0.166320	-27.910583
0.166400	-33.845169
0.166480	-39.736645
0.166560	-45.579147
0.166640	-51.368362
0.166720	-57.100830
0.166800	-62.774361
0.166880	-68.389252
0.166960	-73.949387
0.167040	-79.462265
0.167120	-84.937996
0.167200	-90.388039
0.167280	-95.824341
0.167360	-101.258827
0.167440	-106.702744
0.167520	-112.165504
0.167600	-117.653702
0.167680	-123.170944
0.167760	-128.718597
0.167840	-134.296753
0.167920	-139.904434
0.168000	-145.539276
0.168080	-151.196823
0.168160	-156.870193
0.168240	-162.550369
0.168320	-168.226486
0.168400	-173.886383
0.168480	-179.517517
0.168560	-185.108673
0.168640	-190.651627
0.168720	-196.142166
0.168800	-201.580124
0.168880	-206.968399
0.168960	-212.311432
0.169040	-217.613770
0.169120	-222.879074
0.169200	-228.109756
0.169280	-233.307022
0.169360	-238.471573
0.169440	-243.604202
0.169520	-248.706268
0.169600	-253.779495
0.169680	-258.825653
0.169760	-263.846191
0.169840	-268.842316
0.169920	-273.815247
0.170000	-278.766815
0.170080	-283.699219
0.170160	-288.614563
0.170240	-293.514435
0.170320	-298.399780
0.170400	-303.271179
0.170480	-308.129730
0.170560	-312.977142
0.170640	-317.815948
0.170720	-322.649078
0.170800	-327.479401
0.170880	-332.309143
0.170960	-337.139069
0.171040	-341.967590
0.171120	-346.790558
0.171200	-351.601624
0.171280	-356.393219
0.171360	-361.157684
0.171440	-365.887970
0.171520	-370.577972
0.171600	-375.222992
0.171680	-379.819885
0.171760	-384.367462
0.171840	-388.866302
0.171920	-393.318237
0.172000	-397.726013
0.172080	-402.092926
0.172160	-406.422241
0.172240	-410.716858
0.172320	-414.978333
0.172400	-419.206085
0.172480	-423.397308
0.172560	-427.547791
0.172640	-431.653687
0.172720	-435.713318
0.172800	-439.728119
0.172880	-443.701752
0.172960	-447.638092
0.173040	-451.539459
0.173120	-455.405731
0.173200	-459.235016
0.173280	-463.025543
0.173360	-466.777405
0.173440	-470.493469
0.173520	-474.179382
0.173600	-477.842377
0.173680	-481.489899
0.173760	-485.128510
0.173840	-488.763000
0.173920	-492.395966
0.174000	-496.027893
0.174080	-499.657745
0.174160	-503.283539
0.174240	-506.903503
0.174320	-510.516693
0.174400	-514.123108
0.174480	-517.723389
0.174560	-521.318298
0.174640	-524.908386
0.174720	-528.492798
0.174800	-532.068848
0.174880	-535.632019
0.174960	-539.177368
0.175040	-542.701416
0.175120	-546.203247
0.175200	-549.684570
0.175280	-553.147827
0.175360	-556.594543
0.175440	-560.023193
0.175520	-563.428833
0.175600	-566.803894
0.175680	-570.139526
0.175760	-573.427307
0.175840	-576.660706
0.175920	-579.835938
0.176000	-582.952271
0.176080	-586.010986
0.176160	-589.014954
0.176240	-591.968079
0.176320	-594.875366
0.176400	-597.743408
0.176480	-600.581055
0.176560	-603.398682
0.176640	-606.207153
0.176720	-609.015747
0.176800	-611.830261
0.176880	-614.652527
0.176960	-617.480347
0.177040	-620.309265
0.177120	-623.133301
0.177200	-625.945862
0.177280	-628.739319
0.177360	-631.505432
0.177440	-634.236267
0.177520	-636.925354
0.177600	-639.569214
0.177680	-642.168091
0.177760	-644.726196
0.177840	-647.250732
0.177920	-649.749817
0.178000	-652.229980
0.178080	-654.694397
0.178160	-657.142822
0.178240	-659.572754
0.178320	-661.981567
0.178400	-664.367004
0.178480	-666.727478
0.178560	-669.061279
0.178640	-671.367188
0.178720	-673.645264
0.178800	-675.898193
0.178880	-678.131287
0.178960	-680.351501
0.179040	-682.565308
0.179120	-684.777588
0.179200	-686.990479
0.179280	-689.203613
0.179360	-691.414490
0.179440	-693.619202
0.179520	-695.812988
0.179600	-697.990845
0.179680	-700.147888
0.179760	-702.279968
0.179840	-704.383728
0.179920	-706.457397
0.180000	-708.501282
0.180080	-710.517395
0.180160	-712.508972
0.180240	-714.479187
0.180320	-716.430542
0.180400	-718.363892
0.180480	-720.278809
0.180560	-722.173462
0.180640	-724.045959
0.180720	-725.894714
0.180800	-727.719971
0.180880	-729.523865
0.180960	-731.310425
0.181040	-733.085022
0.181120	-734.853455
0.181200	-736.620667
0.181280	-738.389771
0.181360	-740.161377
0.181440	-741.933655
0.181520	-743.702881
0.181600	-745.464233
0.181680	-747.212402
0.181760	-748.942688
0.181840	-750.651123
0.181920	-752.335083
0.182000	-753.993286
0.182080	-755.625488
0.182160	-757.231445
0.182240	-758.810608
0.182320	-760.361145
0.182400	-761.879822
0.182480	-763.363220
0.182560	-764.808655
0.182640	-766.215454
0.182720	-767.585510
0.182800	-768.922119
0.182880	-770.229187
0.182960	-771.509644
0.183040	-772.765808
0.183120	-773.999817
0.183200	-775.214844
0.183280	-776.416016
0.183360	-777.609741
0.183440	-778.802124
0.183520	-779.996033
0.183600	-781.190063
0.183680	-782.378418
0.183760	-783.553833
0.183840	-784.710999
0.183920	-785.849854
0.184000	-786.975830
0.184080	-788.097656
0.184160	-789.223877
0.184240	-790.359924
0.184320	-791.506897
0.184400	-792.662659
0.184480	-793.822998
0.184560	-794.983337
0.184640	-796.138916
0.184720	-797.285889
0.184800	-798.421021
0.184880	-799.542908
0.184960	-800.651917
0.185040	-801.750183
0.185120	-802.840759
0.185200	-803.926147
0.185280	-805.007263
0.185360	-806.082336
0.185440	-807.148010
0.185520	-808.200439
0.185600	-809.236877
0.185680	-810.255981
0.185760	-811.257935
0.185840	-812.243164
0.185920	-813.211426
0.186000	-814.161255
0.186080	-815.090027
0.186160	-815.995117
0.186240	-816.874695
0.186320	-817.728638
0.186400	-818.558716
0.186480	-819.368347
0.186560	-820.161865
0.186640	-820.944336
0.186720	-821.720032
0.186800	-822.492065
0.186880	-823.261719
0.186960	-824.028442
0.187040	-824.789917
0.187120	-825.542969
0.187200	-826.283997
0.187280	-827.009644
0.187360	-827.716736
0.187440	-828.402161
0.187520	-829.063110
0.187600	-829.697144
0.187680	-830.303406
0.187760	-830.882751
0.187840	-831.438049
0.187920	-831.973511
0.188000	-832.494019
0.188080	-833.004333
0.188160	-833.509094
0.188240	-834.012512
0.188320	-834.518372
0.188400	-835.029053
0.188480	-835.544800
0.188560	-836.063782
0.188640	-836.581848
0.188720	-837.093201
0.188800	-837.590393
0.188880	-838.064941
0.188960	-838.507751
0.189040	-838.910339
0.189120	-839.266113
0.189200	-839.571106
0.189280	-839.824524
0.189360	-840.028931
0.189440	-840.190063
0.189520	-840.315918
0.189600	-840.416382
0.189680	-840.502380
0.189760	-840.585571
0.189840	-840.677429
0.189920	-840.788330
0.190000	-840.926331
0.190080	-841.095764
0.190160	-841.297485
0.190240	-841.529175
0.190320	-841.786438
0.190400	-842.063904
0.190480	-842.355652
0.190560	-842.656311
0.190640	-842.961548
0.190720	-843.268250
0.190800	-843.574585
0.190880	-843.878479
0.190960	-844.177307
0.191040	-844.466675
0.191120	-844.741028
0.191200	-844.994202
0.191280	-845.220703
0.191360	-845.416626
0.191440	-845.579590
0.191520	-845.708435
0.191600	-845.802246
0.191680	-845.859741
0.191760	-845.879272
0.191840	-845.859863
0.191920	-845.802307
0.192000	-845.710144
0.192080	-845.590088
0.192160	-845.451294
0.192240	-845.304749
0.192320	-845.161255
0.192400	-845.030823
0.192480	-844.921387
0.192560	-844.838440
0.192640	-844.784729
0.192720	-844.760010
0.192800	-844.761475
0.192880	-844.784119
0.192960	-844.821106
0.193040	-844.864807
0.193120	-844.907410
0.193200	-844.941162
0.193280	-844.958801
0.193360	-844.953369
0.193440	-844.918152
0.193520	-844.846924
0.193600	-844.734131
0.193680	-844.575195
0.193760	-844.366394
0.193840	-844.105347
0.193920	-843.790588
0.194000	-843.421753
0.194080	-842.999695
0.194160	-842.526489
0.194240	-842.006165
0.194320	-841.445129
0.194400	-840.852356
0.194480	-840.238892
0.194560	-839.615845
0.194640	-838.993896
0.194720	-838.382019
0.194800	-837.787903
0.194880	-837.218384
0.194960	-836.679321
0.195040	-836.175354
0.195120	-835.709351
0.195200	-835.282166
0.195280	-834.892334
0.195360	-834.536194
0.195440	-834.207825
0.195520	-833.899292
0.195600	-833.600708
0.195680	-833.301392
0.195760	-832.990540
0.195840	-832.658325
0.195920	-832.296509
0.196000	-831.898743
0.196080	-831.460815
0.196160	-830.980530
0.196240	-830.458252
0.196320	-829.896790
0.196400	-829.300781
0.196480	-828.676025
0.196560	-828.027893
0.196640	-827.361084
0.196720	-826.679382
0.196800	-825.986206
0.196880	-825.284729
0.196960	-824.578308
0.197040	-823.870422
0.197120	-823.164673
0.197200	-822.464111
0.197280	-821.771118
0.197360	-821.086792
0.197440	-820.410828
0.197520	-819.742249
0.197600	-819.079956
0.197680	-818.423767
0.197760	-817.774292
0.197840	-817.133301
0.197920	-816.502686
0.198000	-815.884277
0.198080	-815.278137
0.198160	-814.682129
0.198240	-814.091736
0.198320	-813.500793
0.198400	-812.903564
0.198480	-812.296387
0.198560	-811.678955
0.198640	-811.054077
0.198720	-810.426331
0.198800	-809.800903
0.198880	-809.182678
0.198960	-808.576111
0.199040	-807.985352
0.199120	-807.414001
0.199200	-806.864441
0.199280	-806.336975
0.199360	-805.829590
0.199440	-805.338135
0.199520	-804.857483
0.199600	-804.382019
0.199680	-803.906372
0.199760	-803.424622
0.199840	-802.930237
0.199920	-802.415527
0.200000	-801.872375
0.200080	-801.293884
0.200160	-800.676025
0.200240	-800.018799
0.200320	-799.326050
0.200400	-798.604675
0.200480	-797.863342
0.200560	-797.111389
0.200640	-796.358154
0.200720	-795.611633
0.200800	-794.878113
0.200880	-794.161865
0.200960	-793.465149
0.201040	-792.788391
0.201120	-792.129883
0.201200	-791.485901
0.201280	-790.851318
0.201360	-790.220825
0.201440	-789.590027
0.201520	-788.956177
0.201600	-788.317322
0.201680	-787.671570
0.201760	-787.015991
0.201840	-786.346924
0.201920	-785.660583
0.202000	-784.954163
0.202080	-784.225952
0.202160	-783.476257
0.202240	-782.707092
0.202320	-781.922241
0.202400	-781.127136
0.202480	-780.328735
0.202560	-779.534912
0.202640	-778.754517
0.202720	-777.996216
0.202800	-777.267761
0.202880	-776.574768
0.202960	-775.920227
0.203040	-775.304321
0.203120	-774.725098
0.203200	-774.178955
0.203280	-773.662415
0.203360	-773.172607
0.203440	-772.708191
0.203520	-772.268677
0.203600	-771.854065
0.203680	-771.463928
0.203760	-771.097656
0.203840	-770.754944
0.203920	-770.436218
0.204000	-770.141785
0.204080	-769.871399
0.204160	-769.623474
0.204240	-769.395508
0.204320	-769.185608
0.204400	-768.993164
0.204480	-768.819275
0.204560	-768.666077
0.204640	-768.535156
0.204720	-768.426758
0.204800	-768.338684
0.204880	-768.265869
0.204960	-768.200684
0.205040	-768.133667
0.205120	-768.054810
0.205200	-767.955261
0.205280	-767.828857
0.205360	-767.672607
0.205440	-767.486267
0.205520	-767.271362
0.205600	-767.030273
0.205680	-766.765625
0.205760	-766.480469
0.205840	-766.178467
0.205920	-765.863831
0.206000	-765.541504
0.206080	-765.217163
0.206160	-764.897278
0.206240	-764.588806
0.206320	-764.298523
0.206400	-764.032166
0.206480	-763.794434
0.206560	-763.588806
0.206640	-763.418579
0.206720	-763.287048
0.206800	-763.197510
0.206880	-763.153259
0.206960	-763.157471
0.207040	-763.213074
0.207120	-763.322937
0.207200	-763.489197
0.207280	-763.712769
0.207360	-763.992310
0.207440	-764.324036
0.207520	-764.702332
0.207600	-765.120483
0.207680	-765.572388
0.207760	-766.053589
0.207840	-766.561890
0.207920	-767.096252
0.208000	-767.655396
0.208080	-768.236694
0.208160	-768.835632
0.208240	-769.445923
0.208320	-770.060791
0.208400	-770.673523
0.208480	-771.278625
0.208560	-771.871948
0.208640	-772.450928
0.208720	-773.014221
0.208800	-773.561340
0.208880	-774.092651
0.208960	-774.609375
0.209040	-775.114014
0.209120	-775.610779
0.209200	-776.105225
0.209280	-776.603943
0.209360	-777.112732
0.209440	-777.635071
0.209520	-778.171448
0.209600	-778.718994
0.209680	-779.273132
0.209760	-779.828613
0.209840	-780.381653
0.209920	-780.930725
0.210000	-781.477722
0.210080	-782.028381
0.210160	-782.591980
0.210240	-783.180420
0.210320	-783.805664
0.210400	-784.477844
0.210480	-785.203552
0.210560	-785.985596
0.210640	-786.823181
0.210720	-787.713379
0.210800	-788.651489
0.210880	-789.631104
0.210960	-790.643799
0.211040	-791.679443
0.211120	-792.727112
0.211200	-793.777222
0.211280	-794.823425
0.211360	-795.864014
0.211440	-796.901367
0.211520	-797.940674
0.211600	-798.987854
0.211680	-800.047974
0.211760	-801.124207
0.211840	-802.218201
0.211920	-803.330750
0.212000	-804.462585
0.212080	-805.614563
0.212160	-806.787964
0.212240	-807.983276
0.212320	-809.200073
0.212400	-810.435913
0.212480	-811.686768
0.212560	-812.947510
0.212640	-814.212158
0.212720	-815.474915
0.212800	-816.730408
0.212880	-817.975220
0.212960	-819.208740
0.213040	-820.434265
0.213120	-821.658142
0.213200	-822.888855
0.213280	-824.135010
0.213360	-825.404175
0.213440	-826.701904
0.213520	-828.032043
0.213600	-829.396729
0.213680	-830.796021
0.213760	-832.227844
0.213840	-833.687439
0.213920	-835.168335
0.214000	-836.663940
0.214080	-838.169006
0.214160	-839.679871
0.214240	-841.193970
0.214320	-842.708374
0.214400	-844.219116
0.214480	-845.721619
0.214560	-847.212280
0.214640	-848.689636
0.214720	-850.155518
0.214800	-851.614136
0.214880	-853.070557
0.214960	-854.528687
0.215040	-855.990051
0.215120	-857.453796
0.215200	-858.917664
0.215280	-860.379395
0.215360	-861.837830
0.215440	-863.293091
0.215520	-864.746765
0.215600	-866.201294
0.215680	-867.660461
0.215760	-869.128906
0.215840	-870.612732
0.215920	-872.118164
0.216000	-873.651367
0.216080	-875.217102
0.216160	-876.818787
0.216240	-878.458679
0.216320	-880.137878
0.216400	-881.855835
0.216480	-883.610046
0.216560	-885.395813
0.216640	-887.206543
0.216720	-889.035217
0.216800	-890.875549
0.216880	-892.722961
0.216960	-894.574463
0.217040	-896.428101
0.217120	-898.281677
0.217200	-900.132629
0.217280	-901.977783
0.217360	-903.814148
0.217440	-905.639404
0.217520	-907.452087
0.217600	-909.251099
0.217680	-911.035645
0.217760	-912.805115
0.217840	-914.558594
0.217920	-916.295227
0.218000	-918.013794
0.218080	-919.713501
0.218160	-921.394104
0.218240	-923.056335
0.218320	-924.701416
0.218400	-926.331116
0.218480	-927.947266
0.218560	-929.552246
0.218640	-931.149170
0.218720	-932.741211
0.218800	-934.331726
0.218880	-935.923645
0.218960	-937.519409
0.219040	-939.120544
0.219120	-940.726929
0.219200	-942.336792
0.219280	-943.947021
0.219360	-945.554138
0.219440	-947.155151
0.219520	-948.748901
0.219600	-950.336487
0.219680	-951.921143
0.219760	-953.507751
0.219840	-955.102356
0.219920	-956.711243
0.220000	-958.340515
0.220080	-959.995728
0.220160	-961.682007
0.220240	-963.403198
0.220320	-965.161560
0.220400	-966.956421
0.220480	-968.783752
0.220560	-970.636597
0.220640	-972.506042
0.220720	-974.383118
0.220800	-976.259888
0.220880	-978.130005
0.220960	-979.989136
0.221040	-981.834839
0.221120	-983.666565
0.221200	-985.484802
0.221280	-987.290588
0.221360	-989.084839
0.221440	-990.868225
0.221520	-992.641968
0.221600	-994.408203
0.221680	-996.170471
0.221760	-997.933289
0.221840	-999.701538
0.221920	-1001.480042
0.222000	-1003.272827
0.222080	-1005.082764
0.222160	-1006.910522
0.222240	-1008.753784
0.222320	-1010.607483
0.222400	-1012.464111
0.222480	-1014.315125
0.222560	-1016.151733
0.222640	-1017.965515
0.222720	-1019.748901
0.222800	-1021.495911
0.222880	-1023.202148
0.222960	-1024.865601
0.223040	-1026.486450
0.223120	-1028.067749
0.223200	-1029.614502
0.223280	-1031.134033
0.223360	-1032.634888
0.223440	-1034.125854
0.223520	-1035.614990
0.223600	-1037.109619
0.223680	-1038.616211
0.223760	-1040.139526
0.223840	-1041.683105
0.223920	-1043.247437
0.224000	-1044.830078
0.224080	-1046.426025
0.224160	-1048.028809
0.224240	-1049.632324
0.224320	-1051.232544
0.224400	-1052.827759
0.224480	-1054.418579
0.224560	-1056.006592
0.224640	-1057.593262
0.224720	-1059.179199
0.224800	-1060.763184
0.224880	-1062.343140
0.224960	-1063.915405
0.225040	-1065.476318
0.225120	-1067.022217
0.225200	-1068.550049
0.225280	-1070.058228
0.225360	-1071.546265
0.225440	-1073.015015
0.225520	-1074.466553
0.225600	-1075.902832
0.225680	-1077.325806
0.225760	-1078.736084
0.225840	-1080.133545
0.225920	-1081.516602
0.226000	-1082.882446
0.226080	-1084.228149
0.226160	-1085.549805
0.226240	-1086.843994
0.226320	-1088.107422
0.226400	-1089.337891
0.226480	-1090.534668
0.226560	-1091.698242
0.226640	-1092.831299
0.226720	-1093.937500
0.226800	-1095.022217
0.226880	-1096.091187
0.226960	-1097.149414
0.227040	-1098.199829
0.227120	-1099.243286
0.227200	-1100.279663
0.227280	-1101.308838
0.227360	-1102.331909
0.227440	-1103.351562
0.227520	-1104.371948
0.227600	-1105.398315
0.227680	-1106.436768
0.227760	-1107.493042
0.227840	-1108.571777
0.227920	-1109.675659
0.228000	-1110.803711
0.228080	-1111.951172
0.228160	-1113.110718
0.228240	-1114.273560
0.228320	-1115.431885
0.228400	-1116.579834
0.228480	-1117.713989
0.228560	-1118.832886
0.228640	-1119.936768
0.228720	-1121.025635
0.228800	-1122.100098
0.228880	-1123.160156
0.228960	-1124.206543
0.229040	-1125.240234
0.229120	-1126.262573
0.229200	-1127.274658
0.229280	-1128.277588
0.229360	-1129.271851
0.229440	-1130.259155
0.229520	-1131.242310
0.229600	-1132.226196
0.229680	-1133.215820
0.229760	-1134.215454
0.229840	-1135.227295
0.229920	-1136.250977
0.230000	-1137.283325
0.230080	-1138.319214
0.230160	-1139.352173
0.230240	-1140.374878
0.230320	-1141.380737
0.230400	-1142.364136
0.230480	-1143.320435
0.230560	-1144.244995
0.230640	-1145.133789
0.230720	-1145.983276
0.230800	-1146.791992
0.230880	-1147.561157
0.230960	-1148.294067
0.231040	-1148.996338
0.231120	-1149.674194
0.231200	-1150.334106
0.231280	-1150.982056
0.231360	-1151.622314
0.231440	-1152.256958
0.231520	-1152.885864
0.231600	-1153.507446
0.231680	-1154.119263
0.231760	-1154.719727
0.231840	-1155.308594
0.231920	-1155.887451
0.232000	-1156.459473
0.232080	-1157.028809
0.232160	-1157.600952
0.232240	-1158.181519
0.232320	-1158.777100
0.232400	-1159.394043
0.232480	-1160.037964
0.232560	-1160.712524
0.232640	-1161.419189
0.232720	-1162.156982
0.232800	-1162.923584
0.232880	-1163.715942
0.232960	-1164.530396
0.233040	-1165.363403
0.233120	-1166.210083
0.233200	-1167.064575
0.233280	-1167.919312
0.233360	-1168.765869
0.233440	-1169.595825
0.233520	-1170.401489
0.233600	-1171.177002
0.233680	-1171.918701
0.233760	-1172.623779
0.233840	-1173.291260
0.233920	-1173.920532
0.234000	-1174.513428
0.234080	-1175.074219
0.234160	-1175.610107
0.234240	-1176.130005
0.234320	-1176.643066
0.234400	-1177.156494
0.234480	-1177.675415
0.234560	-1178.201904
0.234640	-1178.736450
0.234720	-1179.278076
0.234800	-1179.825317
0.234880	-1180.376831
0.234960	-1180.930908
0.235040	-1181.484619
0.235120	-1182.034058
0.235200	-1182.573608
0.235280	-1183.097168
0.235360	-1183.600220
0.235440	-1184.079834
0.235520	-1184.535767
0.235600	-1184.969604
0.235680	-1185.383667
0.235760	-1185.781006
0.235840	-1186.164062
0.235920	-1186.535156
0.236000	-1186.896606
0.236080	-1187.250122
0.236160	-1187.597778
0.236240	-1187.940308
0.236320	-1188.276733
0.236400	-1188.604614
0.236480	-1188.920532
0.236560	-1189.221924
0.236640	-1189.508179
0.236720	-1189.780640
0.236800	-1190.041260
0.236880	-1190.292725
0.236960	-1190.538208
0.237040	-1190.782104
0.237120	-1191.030151
0.237200	-1191.288574
0.237280	-1191.563232
0.237360	-1191.858276
0.237440	-1192.175903
0.237520	-1192.515747
0.237600	-1192.874634
0.237680	-1193.247437
0.237760	-1193.627686
0.237840	-1194.008545
0.237920	-1194.384521
0.238000	-1194.751587
0.238080	-1195.108032
0.238160	-1195.453857
0.238240	-1195.790527
0.238320	-1196.121460
0.238400	-1196.450928
0.238480	-1196.783447
0.238560	-1197.122437
0.238640	-1197.470093
0.238720	-1197.826538
0.238800	-1198.190674
0.238880	-1198.559570
0.238960	-1198.929810
0.239040	-1199.297852
0.239120	-1199.660156
0.239200	-1200.013672
0.239280	-1200.355713
0.239360	-1200.683960
0.239440	-1200.995850
0.239520	-1201.288574
0.239600	-1201.559570
0.239680	-1201.806519
0.239760	-1202.028931
0.239840	-1202.227783
0.239920	-1202.406738
0.240000	-1202.571655
0.240080	-1202.728760
0.240160	-1202.884644
0.240240	-1203.044434
0.240320	-1203.211548
0.240400	-1203.388306
0.240480	-1203.574341
0.240560	-1203.767334
0.240640	-1203.963135
0.240720	-1204.155884
0.240800	-1204.340576
0.240880	-1204.513184
0.240960	-1204.671509
0.241040	-1204.814697
0.241120	-1204.942383
0.241200	-1205.055298
0.241280	-1205.155151
0.241360	-1205.244019
0.241440	-1205.324219
0.241520	-1205.397705
0.241600	-1205.466309
0.241680	-1205.531372
0.241760	-1205.593872
0.241840	-1205.654785
0.241920	-1205.715210
0.242000	-1205.776123
0.242080	-1205.838745
0.242160	-1205.905151
0.242240	-1205.978271
0.242320	-1206.061768
0.242400	-1206.158936
0.242480	-1206.272339
0.242560	-1206.402832
0.242640	-1206.549927
0.242720	-1206.711548
0.242800	-1206.885742
0.242880	-1207.071411
0.242960	-1207.268677
0.243040	-1207.478638
0.243120	-1207.702637
0.243200	-1207.942017
0.243280	-1208.197632
0.243360	-1208.469482
0.243440	-1208.756226
0.243520	-1209.054565
0.243600	-1209.359741
0.243680	-1209.665649
0.243760	-1209.966309
0.243840	-1210.256104
0.243920	-1210.529907
0.244000	-1210.783691
0.244080	-1211.013916
0.244160	-1211.218994
0.244240	-1211.398438
0.244320	-1211.554077
0.244400	-1211.688354
0.244480	-1211.804199
0.244560	-1211.904419
0.244640	-1211.990967
0.244720	-1212.065430
0.244800	-1212.129150
0.244880	-1212.183594
0.244960	-1212.231445
0.245040	-1212.277100
0.245120	-1212.325562
0.245200	-1212.381226
0.245280	-1212.446533
0.245360	-1212.521240
0.245440	-1212.603149
0.245520	-1212.689575
0.245600	-1212.779053
0.245680	-1212.871704
0.245760	-1212.970093
0.245840	-1213.078247
0.245920	-1213.200684
0.246000	-1213.340820
0.246080	-1213.500732
0.246160	-1213.680786
0.246240	-1213.881104
0.246320	-1214.101685
0.246400	-1214.342773
0.246480	-1214.603882
0.246560	-1214.883545
0.246640	-1215.178345
0.246720	-1215.484375
0.246800	-1215.796997
0.246880	-1216.112183
0.246960	-1216.426025
0.247040	-1216.734497
0.247120	-1217.033203
0.247200	-1217.316772
0.247280	-1217.578979
0.247360	-1217.813232
0.247440	-1218.013184
0.247520	-1218.174316
0.247600	-1218.294556
0.247680	-1218.374512
0.247760	-1218.417603
0.247840	-1218.428345
0.247920	-1218.412109
0.248000	-1218.374146
0.248080	-1218.320068
0.248160	-1218.255981
0.248240	-1218.188477
0.248320	-1218.123779
0.248400	-1218.066895
0.248480	-1218.020630
0.248560	-1217.986450
0.248640	-1217.964722
0.248720	-1217.956299
0.248800	-1217.962402
0.248880	-1217.985352
0.248960	-1218.027588
0.249040	-1218.090698
0.249120	-1218.175049
0.249200	-1218.278809
0.249280	-1218.398804
0.249360	-1218.531128
0.249440	-1218.672974
0.249520	-1218.823853
0.249600	-1218.985107
0.249680	-1219.159790
0.249760	-1219.350952
0.249840	-1219.560547
0.249920	-1219.788696
0.250000	-1220.034302
0.250080	-1220.295288
0.250160	-1220.568848
0.250240	-1220.851929
0.250320	-1221.140991
0.250400	-1221.432617
0.250480	-1221.723145
0.250560	-1222.009399
0.250640	-1222.289062
0.250720	-1222.561035
0.250800	-1222.826050
0.250880	-1223.085815
0.250960	-1223.342529
0.251040	-1223.597046
0.251120	-1223.849365
0.251200	-1224.098999
0.251280	-1224.345825
0.251360	-1224.590576
0.251440	-1224.834717
0.251520	-1225.080200
0.251600	-1225.328857
0.251680	-1225.582397
0.251760	-1225.842041
0.251840	-1226.108643
0.251920	-1226.382080
0.252000	-1226.661743
0.252080	-1226.945679
0.252160	-1227.231079
0.252240	-1227.514038
0.252320	-1227.790161
0.252400	-1228.056030
0.252480	-1228.309692
0.252560	-1228.552368
0.252640	-1228.787231
0.252720	-1229.019043
0.252800	-1229.253174
0.252880	-1229.494507
0.252960	-1229.747314
0.253040	-1230.015381
0.253120	-1230.301025
0.253200	-1230.605591
0.253280	-1230.928467
0.253360	-1231.268188
0.253440	-1231.622192
0.253520	-1231.988281
0.253600	-1232.364258
0.253680	-1232.748657
0.253760	-1233.140747
0.253840	-1233.540527
0.253920	-1233.948975
0.254000	-1234.366943
0.254080	-1234.793945
0.254160	-1235.226929
0.254240	-1235.660278
0.254320	-1236.085938
0.254400	-1236.495483
0.254480	-1236.881836
0.254560	-1237.240845
0.254640	-1237.571777
0.254720	-1237.877075
0.254800	-1238.162231
0.254880	-1238.433838
0.254960	-1238.697876
0.255040	-1238.958252
0.255120	-1239.216797
0.255200	-1239.473511
0.255280	-1239.729004
0.255360	-1239.984741
0.255440	-1240.243896
0.255520	-1240.510742
0.255600	-1240.789062
0.255680	-1241.081177
0.255760	-1241.386963
0.255840	-1241.704712
0.255920	-1242.032227
0.256000	-1242.368408
0.256080	-1242.714233
0.256160	-1243.071655
0.256240	-1243.442749
0.256320	-1243.827759
0.256400	-1244.225342
0.256480	-1244.632080
0.256560	-1245.044189
0.256640	-1245.458374
0.256720	-1245.871948
0.256800	-1246.284302
0.256880	-1246.696533
0.256960	-1247.110962
0.257040	-1247.530273
0.257120	-1247.956909
0.257200	-1248.392334
0.257280	-1248.836548
0.257360	-1249.287476
0.257440	-1249.740967
0.257520	-1250.192017
0.257600	-1250.634766
0.257680	-1251.064453
0.257760	-1251.478149
0.257840	-1251.874878
0.257920	-1252.255615
0.258000	-1252.622437
0.258080	-1252.978149
0.258160	-1253.326172
0.258240	-1253.670044
0.258320	-1254.013672
0.258400	-1254.360352
0.258480	-1254.712280
0.258560	-1255.070923
0.258640	-1255.436157
0.258720	-1255.807495
0.258800	-1256.184448
0.258880	-1256.566895
0.258960	-1256.954468
0.259040	-1257.346924
0.259120	-1257.743042
0.259200	-1258.141357
0.259280	-1258.539917
0.259360	-1258.937256
0.259440	-1259.333252
0.259520	-1259.729492
0.259600	-1260.129272
0.259680	-1260.536865
0.259760	-1260.955566
0.259840	-1261.385620
0.259920	-1261.823364
0.260000	-1262.262085
0.260080	-1262.693848
0.260160	-1263.111694
0.260240	-1263.510498
0.260320	-1263.887329
0.260400	-1264.240967
0.260480	-1264.571167
0.260560	-1264.878662
0.260640	-1265.165771
0.260720	-1265.437500
0.260800	-1265.701538
0.260880	-1265.968018
0.260960	-1266.247559
0.261040	-1266.549316
0.261120	-1266.880249
0.261200	-1267.243774
0.261280	-1267.639893
0.261360	-1268.066406
0.261440	-1268.519409
0.261520	-1268.994141
0.261600	-1269.486084
0.261680	-1269.991577
0.261760	-1270.507568
0.261840	-1271.030762
0.261920	-1271.556885
0.262000	-1272.080078
0.262080	-1272.592896
0.262160	-1273.088257
0.262240	-1273.560791
0.262320	-1274.008057
0.262400	-1274.430908
0.262480	-1274.833740
0.262560	-1275.223145
0.262640	-1275.606567
0.262720	-1275.990967
0.262800	-1276.381714
0.262880	-1276.782471
0.262960	-1277.195312
0.263040	-1277.621826
0.263120	-1278.062622
0.263200	-1278.518799
0.263280	-1278.991455
0.263360	-1279.482056
0.263440	-1279.991943
0.263520	-1280.521362
0.263600	-1281.069824
0.263680	-1281.634399
0.263760	-1282.210815
0.263840	-1282.792847
0.263920	-1283.373901
0.264000	-1283.947876
0.264080	-1284.510010
0.264160	-1285.058228
0.264240	-1285.591553
0.264320	-1286.110474
0.264400	-1286.615356
0.264480	-1287.106812
0.264560	-1287.584839
0.264640	-1288.049438
0.264720	-1288.500854
0.264800	-1288.940186
0.264880	-1289.369141
0.264960	-1289.790405
0.265040	-1290.207275
0.265120	-1290.623779
0.265200	-1291.044678
0.265280	-1291.474854
0.265360	-1291.918701
0.265440	-1292.379517
0.265520	-1292.858887
0.265600	-1293.356567
0.265680	-1293.870483
0.265760	-1294.396362
0.265840	-1294.928345
0.265920	-1295.459839
0.266000	-1295.985596
0.266080	-1296.502808
0.266160	-1297.011719
0.266240	-1297.514526
0.266320	-1298.014038
0.266400	-1298.511108
0.266480	-1299.004761
0.266560	-1299.492065
0.266640	-1299.968628
0.266720	-1300.430054
0.266800	-1300.872681
0.266880	-1301.295288
0.266960	-1301.698853
0.267040	-1302.086792
0.267120	-1302.464111
0.267200	-1302.837036
0.267280	-1303.213989
0.267360	-1303.606445
0.267440	-1304.027710
0.267520	-1304.490845
0.267600	-1305.005615
0.267680	-1305.577393
0.267760	-1306.207031
0.267840	-1306.893188
0.267920	-1307.633301
0.268000	-1308.424438
0.268080	-1309.262573
0.268160	-1310.142456
0.268240	-1311.058716
0.268320	-1312.006836
0.268400	-1312.983154
0.268480	-1313.984985
0.268560	-1315.009644
0.268640	-1316.054321
0.268720	-1317.115967
0.268800	-1318.190796
0.268880	-1319.275757
0.268960	-1320.367188
0.269040	-1321.462158
0.269120	-1322.557495
0.269200	-1323.651123
0.269280	-1324.741577
0.269360	-1325.828125
0.269440	-1326.910400
0.269520	-1327.987671
0.269600	-1329.058594
0.269680	-1330.121582
0.269760	-1331.174683
0.269840	-1332.216553
0.269920	-1333.245850
0.270000	-1334.262085
0.270080	-1335.265137
0.270160	-1336.256836
0.270240	-1337.240967
0.270320	-1338.224243
0.270400	-1339.215210
0.270480	-1340.222290
0.270560	-1341.252075
0.270640	-1342.308228
0.270720	-1343.391113
0.270800	-1344.498291
0.270880	-1345.625610
0.270960	-1346.768188
0.271040	-1347.921509
0.271120	-1349.082642
0.271200	-1350.250610
0.271280	-1351.426514
0.271360	-1352.612915
0.271440	-1353.812134
0.271520	-1355.025513
0.271600	-1356.253296
0.271680	-1357.494751
0.271760	-1358.748047
0.271840	-1360.009644
0.271920	-1361.273071
0.272000	-1362.528442
0.272080	-1363.762817
0.272160	-1364.962158
0.272240	-1366.113159
0.272320	-1367.205322
0.272400	-1368.231323
0.272480	-1369.187134
0.272560	-1370.071289
0.272640	-1370.883789
0.272720	-1371.625732
0.272800	-1372.298096
0.272880	-1372.901489
0.272960	-1373.435059
0.273040	-1373.896362
0.273120	-1374.282349
0.273200	-1374.588745
0.273280	-1374.812256
0.273360	-1374.950806
0.273440	-1375.005249
0.273520	-1374.978882
0.273600	-1374.877441
0.273680	-1374.707642
0.273760	-1374.475952
0.273840	-1374.188477
0.273920	-1373.851562
0.274000	-1373.472168
0.274080	-1373.059204
0.274160	-1372.622437
0.274240	-1372.172729
0.274320	-1371.720093
0.274400	-1371.273071
0.274480	-1370.837891
0.274560	-1370.417480
0.274640	-1370.011719
0.274720	-1369.617432
0.274800	-1369.228760
0.274880	-1368.838745
0.274960	-1368.439453
0.275040	-1368.022827
0.275120	-1367.580444
0.275200	-1367.104004
0.275280	-1366.585693
0.275360	-1366.019043
0.275440	-1365.400269
0.275520	-1364.728027
0.275600	-1364.004272
0.275680	-1363.233398
0.275760	-1362.420898
0.275840	-1361.572876
0.275920	-1360.694458
0.276000	-1359.790039
0.276080	-1358.864014
0.276160	-1357.921509
0.276240	-1356.968140
0.276320	-1356.008667
0.276400	-1355.044678
0.276480	-1354.072754
0.276560	-1353.084473
0.276640	-1352.068359
0.276720	-1351.012695
0.276800	-1349.908813
0.276880	-1348.753052
0.276960	-1347.547241
0.277040	-1346.298218
0.277120	-1345.014893
0.277200	-1343.706909
0.277280	-1342.382202
0.277360	-1341.046387
0.277440	-1339.702515
0.277520	-1338.351440
0.277600	-1336.992798
0.277680	-1335.626099
0.277760	-1334.251343
0.277840	-1332.869507
0.277920	-1331.482788
0.278000	-1330.093018
0.278080	-1328.702271
0.278160	-1327.312012
0.278240	-1325.922974
0.278320	-1324.534912
0.278400	-1323.147095
0.278480	-1321.758179
0.278560	-1320.366943
0.278640	-1318.971924
0.278720	-1317.572266
0.278800	-1316.166260
0.278880	-1314.751831
0.278960	-1313.326050
0.279040	-1311.886230
0.279120	-1310.430298
0.279200	-1308.956543
0.279280	-1307.463623
0.279360	-1305.949829
0.279440	-1304.413452
0.279520	-1302.853760
0.279600	-1301.272461
0.279680	-1299.673706
0.279760	-1298.063965
0.279840	-1296.449707
0.279920	-1294.835938
0.280000	-1293.225464
0.280080	-1291.619385
0.280160	-1290.017212
0.280240	-1288.417725
0.280320	-1286.818481
0.280400	-1285.215576
0.280480	-1283.603516
0.280560	-1281.976318
0.280640	-1280.328125
0.280720	-1278.653687
0.280800	-1276.949219
0.280880	-1275.211670
0.280960	-1273.438477
0.281040	-1271.627441
0.281120	-1269.776367
0.281200	-1267.882690
0.281280	-1265.944092
0.281360	-1263.959106
0.281440	-1261.928345
0.281520	-1259.854858
0.281600	-1257.743652
0.281680	-1255.601562
0.281760	-1253.435791
0.281840	-1251.253296
0.281920	-1249.059692
0.282000	-1246.859863
0.282080	-1244.658203
0.282160	-1242.458862
0.282240	-1240.265259
0.282320	-1238.078735
0.282400	-1235.898071
0.282480	-1233.718872
0.282560	-1231.535278
0.282640	-1229.341675
0.282720	-1227.134888
0.282800	-1224.914429
0.282880	-1222.681641
0.282960	-1220.438110
0.283040	-1218.184204
0.283120	-1215.918579
0.283200	-1213.638428
0.283280	-1211.340942
0.283360	-1209.023438
0.283440	-1206.684692
0.283520	-1204.325073
0.283600	-1201.947266
0.283680	-1199.554810
0.283760	-1197.151245
0.283840	-1194.739380
0.283920	-1192.319702
0.284000	-1189.890869
0.284080	-1187.449219
0.284160	-1184.990234
0.284240	-1182.509033
0.284320	-1180.001465
0.284400	-1177.464722
0.284480	-1174.897461
0.284560	-1172.298706
0.284640	-1169.667114
0.284720	-1167.000488
0.284800	-1164.296875
0.284880	-1161.555664
0.284960	-1158.778564
0.285040	-1155.969116
0.285120	-1153.131348
0.285200	-1150.267822
0.285280	-1147.379272
0.285360	-1144.465698
0.285440	-1141.527832
0.285520	-1138.568481
0.285600	-1135.592651
0.285680	-1132.606934
0.285760	-1129.617065
0.285840	-1126.627686
0.285920	-1123.640747
0.286000	-1120.657227
0.286080	-1117.676514
0.286160	-1114.697998
0.286240	-1111.720825
0.286320	-1108.743896
0.286400	-1105.764893
0.286480	-1102.780273
0.286560	-1099.785522
0.286640	-1096.775146
0.286720	-1093.743652
0.286800	-1090.686523
0.286880	-1087.601318
0.286960	-1084.487793
0.287040	-1081.348389
0.287120	-1078.187134
0.287200	-1075.009155
0.287280	-1071.819214
0.287360	-1068.621338
0.287440	-1065.418823
0.287520	-1062.213745
0.287600	-1059.007812
0.287680	-1055.802490
0.287760	-1052.599365
0.287840	-1049.400146
0.287920	-1046.207397
0.288000	-1043.023193
0.288080	-1039.848877
0.288160	-1036.684814
0.288240	-1033.530518
0.288320	-1030.385254
0.288400	-1027.247925
0.288480	-1024.117310
0.288560	-1020.991272
0.288640	-1017.865601
0.288720	-1014.734619
0.288800	-1011.591675
0.288880	-1008.430786
0.288960	-1005.247803
0.289040	-1002.040527
0.289120	-998.809143
0.289200	-995.556396
0.289280	-992.287842
0.289360	-989.011841
0.289440	-985.738220
0.289520	-982.476379
0.289600	-979.233154
0.289680	-976.011841
0.289760	-972.812927
0.289840	-969.635498
0.289920	-966.478699
0.290000	-963.342896
0.290080	-960.229370
0.290160	-957.140381
0.290240	-954.078613
0.290320	-951.047607
0.290400	-948.051086
0.290480	-945.091614
0.290560	-942.169006
0.290640	-939.279419
0.290720	-936.415039
0.290800	-933.565613
0.290880	-930.720093
0.290960	-927.868774
0.291040	-925.004700
0.291120	-922.124573
0.291200	-919.229004
0.291280	-916.322144
0.291360	-913.411621
0.291440	-910.507874
0.291520	-907.623474
0.291600	-904.771729
0.291680	-901.965210
0.291760	-899.213257
0.291840	-896.520569
0.291920	-893.886047
0.292000	-891.303284
0.292080	-888.761841
0.292160	-886.249817
0.292240	-883.756226
0.292320	-881.272888
0.292400	-878.795044
0.292480	-876.320068
0.292560	-873.846619
0.292640	-871.373535
0.292720	-868.899475
0.292800	-866.423706
0.292880	-863.946899
0.292960	-861.471313
0.293040	-859.000671
0.293120	-856.538452
0.293200	-854.086670
0.293280	-851.644470
0.293360	-849.207886
0.293440	-846.770813
0.293520	-844.326477
0.293600	-841.869080
0.293680	-839.394470
0.293760	-836.900391
0.293840	-834.386169
0.293920	-831.851807
0.294000	-829.297485
0.294080	-826.723022
0.294160	-824.128418
0.294240	-821.514832
0.294320	-818.885193
0.294400	-816.244324
0.294480	-813.598083
0.294560	-810.952881
0.294640	-808.315186
0.294720	-805.691833
0.294800	-803.089966
0.294880	-800.516785
0.294960	-797.978149
0.295040	-795.477722
0.295120	-793.015625
0.295200	-790.588440
0.295280	-788.189758
0.295360	-785.811279
0.295440	-783.443665
0.295520	-781.077454
0.295600	-778.703796
0.295680	-776.315552
0.295760	-773.907532
0.295840	-771.477173
0.295920	-769.023804
0.296000	-766.548218
0.296080	-764.053040
0.296160	-761.542480
0.296240	-759.023010
0.296320	-756.502930
0.296400	-753.991211
0.296480	-751.495850
0.296560	-749.022644
0.296640	-746.574097
0.296720	-744.149902
0.296800	-741.747986
0.296880	-739.365356
0.296960	-736.998596
0.297040	-734.643921
0.297120	-732.297791
0.297200	-729.957092
0.297280	-727.619751
0.297360	-725.284851
0.297440	-722.952454
0.297520	-720.622559
0.297600	-718.294739
0.297680	-715.967102
0.297760	-713.636108
0.297840	-711.296265
0.297920	-708.941589
0.298000	-706.566101
0.298080	-704.165527
0.298160	-701.737610
0.298240	-699.281860
0.298320	-696.798889
0.298400	-694.289551
0.298480	-691.754578
0.298560	-689.195068
0.298640	-686.612854
0.298720	-684.011414
0.298800	-681.395691
0.298880	-678.772583
0.298960	-676.150452
0.299040	-673.538879
0.299120	-670.948792
0.299200	-668.391785
0.299280	-665.879272
0.299360	-663.421509
0.299440	-661.026367
0.299520	-658.698547
0.299600	-656.439941
0.299680	-654.249817
0.299760	-652.125977
0.299840	-650.065552
0.299920	-648.065125
0.300000	-646.121094
0.300080	-644.229370
0.300160	-642.385010
0.300240	-640.581238
0.300320	-638.809753
0.300400	-637.060486
0.300480	-635.322632
0.300560	-633.585693
0.300640	-631.840149
0.300720	-630.077698
0.300800	-628.291199
0.300880	-626.474670
0.300960	-624.623718
0.301040	-622.736084
0.301120	-620.812378
0.301200	-618.855896
0.301280	-616.871765
0.301360	-614.866028
0.301440	-612.844910
0.301520	-610.814026
0.301600	-608.777466
0.301680	-606.737976
0.301760	-604.696472
0.301840	-602.652466
0.301920	-600.603760
0.302000	-598.546692
0.302080	-596.476257
0.302160	-594.386597
0.302240	-592.272278
0.302320	-590.128906
0.302400	-587.953979
0.302480	-585.747437
0.302560	-583.511475
0.302640	-581.250000
0.302720	-578.967957
0.302800	-576.671082
0.302880	-574.365479
0.302960	-572.057556
0.303040	-569.754456
0.303120	-567.463196
0.303200	-565.190857
0.303280	-562.944458
0.303360	-560.730408
0.303440	-558.554321
0.303520	-556.420044
0.303600	-554.328308
0.303680	-552.276184
0.303760	-550.257629
0.303840	-548.264954
0.303920	-546.290588
0.304000	-544.328430
0.304080	-542.373657
0.304160	-540.422302
0.304240	-538.470520
0.304320	-536.515015
0.304400	-534.552734
0.304480	-532.581909
0.304560	-530.601318
0.304640	-528.610901
0.304720	-526.611450
0.304800	-524.605530
0.304880	-522.597717
0.304960	-520.594788
0.305040	-518.604553
0.305120	-516.634521
0.305200	-514.690247
0.305280	-512.774536
0.305360	-510.887421
0.305440	-509.027008
0.305520	-507.190247
0.305600	-505.373688
0.305680	-503.573669
0.305760	-501.786011
0.305840	-500.005615
0.305920	-498.226471
0.306000	-496.441986
0.306080	-494.645874
0.306160	-492.833008
0.306240	-491.000275
0.306320	-489.147156
0.306400	-487.276184
0.306480	-485.392517
0.306560	-483.502716
0.306640	-481.613068
0.306720	-479.728088
0.306800	-477.849823
0.306880	-475.978058
0.306960	-474.110992
0.307040	-472.245758
0.307120	-470.378510
0.307200	-468.504639
0.307280	-466.619080
0.307360	-464.717072
0.307440	-462.794922
0.307520	-460.850861
0.307600	-458.885315
0.307680	-456.900909
0.307760	-454.902222
0.307840	-452.895050
0.307920	-450.885590
0.308000	-448.879364
0.308080	-446.880768
0.308160	-444.892700
0.308240	-442.916779
0.308320	-440.953674
0.308400	-439.003204
0.308480	-437.064301
0.308560	-435.134460
0.308640	-433.209503
0.308720	-431.283417
0.308800	-429.349701
0.308880	-427.402893
0.308960	-425.440186
0.309040	-423.461792
0.309120	-421.470551
0.309200	-419.470581
0.309280	-417.466064
0.309360	-415.460297
0.309440	-413.455658
0.309520	-411.453979
0.309600	-409.457001
0.309680	-407.466797
0.309760	-405.485260
0.309840	-403.513641
0.309920	-401.551636
