-0.020080	-2.556900
-0.020000	-2.556900
-0.019920	-1.148300
-0.019840	0.348250
-0.019760	0.436280
-0.019680	-1.412400
-0.019600	-3.789400
-0.019520	-5.638100
-0.019440	-5.550100
-0.019360	-3.789400
-0.019280	-1.940700
-0.019200	-1.500500
-0.019120	-2.644900
-0.019040	-4.405600
-0.018960	-4.053500
-0.018880	-1.940700
-0.018800	0.524310
-0.018720	1.844800
-0.018640	2.373000
-0.018560	2.285000
-0.018480	2.725200
-0.018400	2.725200
-0.018320	2.637200
-0.018240	2.285000
-0.018160	1.492700
-0.018080	0.788420
-0.018000	1.052500
-0.017920	1.228600
-0.017840	1.228600
-0.017760	0.172180
-0.017680	-1.764600
-0.017600	-3.349200
-0.017520	-2.909000
-0.017440	-0.972280
-0.017360	1.492700
-0.017280	2.549100
-0.017200	1.228600
-0.017120	-1.148300
-0.017040	-3.173100
-0.016960	-4.229600
-0.016880	-3.701300
-0.016800	-1.588500
-0.016720	0.788420
-0.016640	2.197000
-0.016560	1.492700
-0.016480	-0.268000
-0.016400	-1.764600
-0.016320	-0.532100
-0.016240	2.285000
-0.016160	4.397800
-0.016080	4.221800
-0.016000	1.580700
-0.015920	-0.532100
-0.015840	-0.884240
-0.015760	0.084142
-0.015680	1.140600
-0.015600	1.756800
-0.015520	1.492700
-0.015440	0.964490
-0.015360	0.084142
-0.015280	-0.356030
-0.015200	-0.444070
-0.015120	-0.091928
-0.015040	0.788420
-0.014960	1.580700
-0.014880	1.668800
-0.014800	0.788420
-0.014720	-0.972280
-0.014640	-1.852600
-0.014560	-2.116700
-0.014480	-2.204800
-0.014400	-2.204800
-0.014320	-2.556900
-0.014240	-2.468900
-0.014160	-2.468900
-0.014080	-1.764600
-0.014000	-0.972280
-0.013920	-0.972280
-0.013840	-2.116700
-0.013760	-3.613300
-0.013680	-4.317600
-0.013600	-3.349200
-0.013520	-1.852600
-0.013440	-0.268000
-0.013360	0.348250
-0.013280	0.084142
-0.013200	-0.620140
-0.013120	-0.972280
-0.013040	-0.796200
-0.012960	0.436280
-0.012880	1.756800
-0.012800	2.197000
-0.012720	2.285000
-0.012640	1.580700
-0.012560	0.964490
-0.012480	0.172180
-0.012400	-0.532100
-0.012320	-0.972280
-0.012240	-0.356030
-0.012160	0.524310
-0.012080	2.197000
-0.012000	3.605500
-0.011920	3.957700
-0.011840	3.253400
-0.011760	1.580700
-0.011680	-0.708170
-0.011600	-1.852600
-0.011520	-1.412400
-0.011440	0.788420
-0.011360	2.549100
-0.011280	2.989300
-0.011200	1.756800
-0.011120	-0.091928
-0.011040	-2.028700
-0.010960	-3.261200
-0.010880	-3.701300
-0.010800	-2.909000
-0.010720	-2.204800
-0.010640	-1.940700
-0.010560	-2.556900
-0.010480	-2.997100
-0.010400	-2.468900
-0.010320	-1.236400
-0.010240	-0.268000
-0.010160	-0.532100
-0.010080	-2.204800
-0.010000	-4.317600
-0.009920	-5.726200
-0.009840	-5.726200
-0.009760	-4.229600
-0.009680	-2.556900
-0.009600	-2.116700
-0.009520	-2.821000
-0.009440	-3.877400
-0.009360	-4.053500
-0.009280	-2.733000
-0.009200	-1.236400
-0.009120	-0.091928
-0.009040	0.172180
-0.008960	0.260210
-0.008880	-0.091928
-0.008800	-0.620140
-0.008720	-0.708170
-0.008640	-0.003893
-0.008560	0.436280
-0.008480	-0.091928
-0.008400	-1.324400
-0.008320	-1.236400
-0.008240	0.084142
-0.008160	2.373000
-0.008080	3.869600
-0.008000	4.573900
-0.007920	3.957700
-0.007840	2.813200
-0.007760	0.964490
-0.007680	-1.060300
-0.007600	-2.644900
-0.007520	-2.556900
-0.007440	-1.236400
-0.007360	0.612350
-0.007280	1.492700
-0.007200	0.788420
-0.007120	-0.796200
-0.007040	-1.588500
-0.006960	-1.060300
-0.006880	0.964490
-0.006800	3.693600
-0.006720	5.630300
-0.006640	6.246600
-0.006560	5.278200
-0.006480	2.989300
-0.006400	0.436280
-0.006320	-1.852600
-0.006240	-2.644900
-0.006160	-2.116700
-0.006080	-0.796200
-0.006000	0.084142
-0.005920	0.172180
-0.005840	-0.268000
-0.005760	-0.620140
-0.005680	-0.091928
-0.005600	1.316600
-0.005520	2.637200
-0.005440	3.165400
-0.005360	2.461100
-0.005280	0.876450
-0.005200	-0.972280
-0.005120	-2.468900
-0.005040	-3.261200
-0.004960	-3.525300
-0.004880	-3.525300
-0.004800	-3.437200
-0.004720	-3.085100
-0.004640	-2.556900
-0.004560	-2.380800
-0.004480	-1.940700
-0.004400	-0.972280
-0.004320	-0.179960
-0.004240	0.436280
-0.004160	0.876450
-0.004080	0.348250
-0.004000	-0.444070
-0.003920	-1.060300
-0.003840	-0.972280
-0.003760	0.084142
-0.003680	1.140600
-0.003600	1.756800
-0.003520	1.316600
-0.003440	0.348250
-0.003360	-0.708170
-0.003280	-0.972280
-0.003200	-0.532100
-0.003120	0.700380
-0.003040	1.668800
-0.002960	2.285000
-0.002880	1.756800
-0.002800	0.524310
-0.002720	-0.796200
-0.002640	-2.292800
-0.002560	-3.789400
-0.002480	-4.317600
-0.002400	-3.965500
-0.002320	-3.261200
-0.002240	-3.085100
-0.002160	-2.909000
-0.002080	-2.028700
-0.002000	-0.972280
-0.001920	-0.796200
-0.001840	-1.940700
-0.001760	-3.613300
-0.001680	-4.757800
-0.001600	-5.374000
-0.001520	-5.638100
-0.001440	-5.286000
-0.001360	-3.613300
-0.001280	-1.236400
-0.001200	0.964490
-0.001120	1.668800
-0.001040	1.492700
-0.000960	1.228600
-0.000880	1.492700
-0.000800	2.285000
-0.000720	2.637200
-0.000640	2.373000
-0.000560	1.140600
-0.000480	0.348250
-0.000400	0.172180
-0.000320	0.612350
-0.000240	0.876450
-0.000160	0.788420
-0.000080	0.524310
0.000000	0.612350
0.000080	1.316600
0.000160	2.989300
0.000240	4.133700
0.000320	3.693600
0.000400	2.725200
0.000480	2.108900
0.000560	2.461100
0.000640	3.517500
0.000720	4.045700
0.000800	2.901200
0.000880	1.316600
0.000960	-0.972280
0.001040	-2.909000
0.001120	-4.229600
0.001200	-4.493700
0.001280	-4.053500
0.001360	-2.556900
0.001440	-0.532100
0.001520	1.052500
0.001600	2.020900
0.001680	2.637200
0.001760	2.637200
0.001840	1.492700
0.001920	-0.620140
0.002000	-2.292800
0.002080	-2.997100
0.002160	-3.085100
0.002240	-4.581700
0.002320	-6.958600
0.002400	-8.895400
0.002480	-8.895400
0.002560	-7.134700
0.002640	-5.902200
0.002720	-5.550100
0.002800	-5.814200
0.002880	-5.550100
0.002960	-4.229600
0.003040	-2.821000
0.003120	-2.204800
0.003200	-2.028700
0.003280	-1.676600
0.003360	-1.148300
0.003440	-0.708170
0.003520	-1.148300
0.003600	-2.204800
0.003680	-3.173100
0.003760	-2.556900
0.003840	-0.796200
0.003920	1.668800
0.004000	3.781600
0.004080	5.366200
0.004160	6.334600
0.004240	6.070500
0.004320	4.397800
0.004400	1.052500
0.004480	-1.676600
0.004560	-2.997100
0.004640	-2.556900
0.004720	-1.324400
0.004800	-0.796200
0.004880	-0.268000
0.004960	-0.179960
0.005040	-0.620140
0.005120	-1.500500
0.005200	-3.085100
0.005280	-3.613300
0.005360	-2.909000
0.005440	-1.412400
0.005520	0.524310
0.005600	1.844800
0.005680	3.341400
0.005760	4.750000
0.005840	6.158500
0.005920	7.126900
0.006000	7.038900
0.006080	5.630300
0.006160	3.605500
0.006240	1.404700
0.006320	0.436280
0.006400	0.436280
0.006480	1.052500
0.006560	1.844800
0.006640	2.461100
0.006720	2.989300
0.006800	3.253400
0.006880	1.932900
0.006960	0.348250
0.007040	-0.972280
0.007120	-1.324400
0.007200	-0.268000
0.007280	0.788420
0.007360	1.052500
0.007440	-0.091928
0.007520	-1.588500
0.007600	-2.204800
0.007680	-1.500500
0.007760	-0.444070
0.007840	-0.003893
0.007920	-0.708170
0.008000	-0.620140
0.008080	-0.268000
0.008160	0.436280
0.008240	0.084142
0.008320	-1.060300
0.008400	-2.116700
0.008480	-3.085100
0.008560	-3.173100
0.008640	-2.909000
0.008720	-2.909000
0.008800	-3.613300
0.008880	-4.845800
0.008960	-5.814200
0.009040	-5.638100
0.009120	-3.965500
0.009200	-1.324400
0.009280	0.964490
0.009360	2.373000
0.009440	2.197000
0.009520	1.404700
0.009600	0.964490
0.009680	0.788420
0.009760	0.084142
0.009840	-0.268000
0.009920	-0.179960
0.010000	0.084142
0.010080	0.612350
0.010160	0.788420
0.010240	-0.179960
0.010320	-1.412400
0.010400	-2.380800
0.010480	-2.292800
0.010560	-0.972280
0.010640	0.788420
0.010720	1.052500
0.010800	-0.268000
0.010880	-2.821000
0.010960	-5.462000
0.011040	-6.870600
0.011120	-6.166300
0.011200	-4.229600
0.011280	-2.116700
0.011360	-0.796200
0.011440	-0.268000
0.011520	-0.356030
0.011600	-0.444070
0.011680	-0.620140
0.011760	-0.620140
0.011840	-0.444070
0.011920	-0.444070
0.012000	-0.796200
0.012080	-1.236400
0.012160	-1.060300
0.012240	0.260210
0.012320	1.052500
0.012400	1.140600
0.012480	0.612350
0.012560	0.260210
0.012640	-0.268000
0.012720	-1.676600
0.012800	-2.909000
0.012880	-3.525300
0.012960	-2.733000
0.013040	-1.324400
0.013120	-0.268000
0.013200	-0.179960
0.013280	-0.708170
0.013360	-1.500500
0.013440	-1.500500
0.013520	-1.324400
0.013600	-1.500500
0.013680	-1.852600
0.013760	-1.060300
0.013840	0.260210
0.013920	2.637200
0.014000	4.573900
0.014080	5.366200
0.014160	5.102100
0.014240	5.190100
0.014320	3.957700
0.014400	1.756800
0.014480	-1.500500
0.014560	-4.757800
0.014640	-6.870600
0.014720	-6.782600
0.014800	-4.581700
0.014880	-1.588500
0.014960	1.140600
0.015040	2.285000
0.015120	1.492700
0.015200	-0.179960
0.015280	-1.412400
0.015360	-1.236400
0.015440	-0.972280
0.015520	-1.500500
0.015600	-3.965500
0.015680	-6.518500
0.015760	-7.222700
0.015840	-4.845800
0.015920	-1.324400
0.016000	1.052500
0.016080	0.524310
0.016160	-1.500500
0.016240	-3.349200
0.016320	-3.437200
0.016400	-2.204800
0.016480	-0.620140
0.016560	-0.620140
0.016640	-1.236400
0.016720	-1.940700
0.016800	-2.468900
0.016880	-2.028700
0.016960	-0.796200
0.017040	1.052500
0.017120	2.108900
0.017200	1.844800
0.017280	0.348250
0.017360	-1.500500
0.017440	-2.116700
0.017520	-1.324400
0.017600	0.964490
0.017680	3.165400
0.017760	4.750000
0.017840	5.190100
0.017920	3.693600
0.018000	0.788420
0.018080	-3.173100
0.018160	-6.694500
0.018240	-8.279200
0.018320	-7.574900
0.018400	-5.021900
0.018480	-2.116700
0.018560	-0.532100
0.018640	-0.796200
0.018720	-2.204800
0.018800	-3.877400
0.018880	-4.493700
0.018960	-3.525300
0.019040	-2.204800
0.019120	-1.148300
0.019200	-1.676600
0.019280	-2.733000
0.019360	-2.821000
0.019440	-1.940700
0.019520	-1.764600
0.019600	-2.468900
0.019680	-4.053500
0.019760	-4.933800
0.019840	-4.757800
0.019920	-3.261200
0.020000	-1.500500
0.020080	-0.268000
0.020160	0.436280
0.020240	0.260210
0.020320	-0.268000
0.020400	-0.532100
0.020480	-0.268000
0.020560	0.260210
0.020640	0.612350
0.020720	0.964490
0.020800	1.228600
0.020880	0.964490
0.020960	0.084142
0.021040	-0.972280
0.021120	-1.236400
0.021200	-0.620140
0.021280	0.348250
0.021360	1.316600
0.021440	1.668800
0.021520	1.492700
0.021600	0.612350
0.021680	-0.268000
0.021760	-1.500500
0.021840	-2.556900
0.021920	-2.644900
0.022000	-1.940700
0.022080	-1.852600
0.022160	-3.173100
0.022240	-5.550100
0.022320	-7.134700
0.022400	-6.782600
0.022480	-4.141500
0.022560	-0.532100
0.022640	1.492700
0.022720	1.316600
0.022800	-0.091928
0.022880	-1.500500
0.022960	-2.380800
0.023040	-2.997100
0.023120	-3.437200
0.023200	-3.613300
0.023280	-2.468900
0.023360	-0.356030
0.023440	1.492700
0.023520	2.197000
0.023600	1.316600
0.023680	-0.708170
0.023760	-2.380800
0.023840	-3.085100
0.023920	-3.349200
0.024000	-3.789400
0.024080	-3.701300
0.024160	-2.380800
0.024240	-0.444070
0.024320	0.348250
0.024400	-0.444070
0.024480	-1.764600
0.024560	-2.380800
0.024640	-2.292800
0.024720	-2.204800
0.024800	-2.733000
0.024880	-3.789400
0.024960	-4.669700
0.025040	-4.405600
0.025120	-3.613300
0.025200	-2.204800
0.025280	-1.060300
0.025360	-1.324400
0.025440	-2.644900
0.025520	-3.965500
0.025600	-3.965500
0.025680	-2.292800
0.025760	-0.884240
0.025840	-0.268000
0.025920	-0.532100
0.026000	-0.708170
0.026080	-1.324400
0.026160	-2.204800
0.026240	-3.437200
0.026320	-3.349200
0.026400	-1.412400
0.026480	1.492700
0.026560	3.429500
0.026640	3.429500
0.026720	1.932900
0.026800	0.348250
0.026880	-0.268000
0.026960	-0.179960
0.027040	0.612350
0.027120	0.964490
0.027200	1.052500
0.027280	0.524310
0.027360	-0.532100
0.027440	-1.236400
0.027520	-1.500500
0.027600	-1.500500
0.027680	-1.500500
0.027760	-1.852600
0.027840	-2.292800
0.027920	-2.556900
0.028000	-3.261200
0.028080	-4.229600
0.028160	-5.197900
0.028240	-5.021900
0.028320	-3.965500
0.028400	-2.556900
0.028480	-1.324400
0.028560	-1.588500
0.028640	-2.909000
0.028720	-3.877400
0.028800	-3.965500
0.028880	-3.349200
0.028960	-2.028700
0.029040	-0.884240
0.029120	-0.444070
0.029200	-0.972280
0.029280	-1.852600
0.029360	-3.173100
0.029440	-4.053500
0.029520	-4.669700
0.029600	-4.141500
0.029680	-3.261200
0.029760	-2.909000
0.029840	-3.965500
0.029920	-5.197900
0.030000	-5.109900
0.030080	-3.349200
0.030160	-1.324400
0.030240	0.348250
0.030320	1.228600
0.030400	1.404700
0.030480	1.316600
0.030560	1.492700
0.030640	2.020900
0.030720	2.020900
0.030800	1.052500
0.030880	-0.796200
0.030960	-2.997100
0.031040	-4.757800
0.031120	-4.405600
0.031200	-3.701300
0.031280	-3.173100
0.031360	-3.085100
0.031440	-3.613300
0.031520	-4.141500
0.031600	-3.965500
0.031680	-3.261200
0.031760	-2.028700
0.031840	-1.148300
0.031920	-0.796200
0.032000	-1.588500
0.032080	-2.909000
0.032160	-4.229600
0.032240	-4.317600
0.032320	-2.644900
0.032400	-0.620140
0.032480	0.524310
0.032560	0.084142
0.032640	-1.412400
0.032720	-2.204800
0.032800	-1.852600
0.032880	-0.884240
0.032960	0.084142
0.033040	0.788420
0.033120	0.436280
0.033200	-0.444070
0.033280	-1.236400
0.033360	-1.588500
0.033440	-1.324400
0.033520	-0.091928
0.033600	1.052500
0.033680	2.197000
0.033760	2.197000
0.033840	0.788420
0.033920	-0.620140
0.034000	-1.412400
0.034080	-1.588500
0.034160	-1.588500
0.034240	-1.940700
0.034320	-2.821000
0.034400	-4.053500
0.034480	-5.109900
0.034560	-5.990300
0.034640	-5.990300
0.034720	-5.462000
0.034800	-4.581700
0.034880	-3.701300
0.034960	-3.525300
0.035040	-3.965500
0.035120	-4.845800
0.035200	-5.550100
0.035280	-5.021900
0.035360	-3.261200
0.035440	-1.148300
0.035520	0.524310
0.035600	1.492700
0.035680	1.580700
0.035760	1.668800
0.035840	1.932900
0.035920	2.020900
0.036000	0.436280
0.036080	-2.028700
0.036160	-4.229600
0.036240	-3.789400
0.036320	-1.588500
0.036400	0.964490
0.036480	1.932900
0.036560	2.197000
0.036640	2.637200
0.036720	3.605500
0.036800	4.397800
0.036880	4.397800
0.036960	3.077300
0.037040	1.668800
0.037120	0.700380
0.037200	0.260210
0.037280	0.084142
0.037360	-0.444070
0.037440	-1.676600
0.037520	-3.525300
0.037600	-4.845800
0.037680	-4.757800
0.037760	-2.556900
0.037840	0.700380
0.037920	2.725200
0.038000	2.373000
0.038080	0.172180
0.038160	-2.292800
0.038240	-3.701300
0.038320	-3.613300
0.038400	-2.380800
0.038480	-0.532100
0.038560	0.876450
0.038640	1.668800
0.038720	2.020900
0.038800	2.901200
0.038880	4.045700
0.038960	4.573900
0.039040	3.341400
0.039120	0.788420
0.039200	-1.588500
0.039280	-2.292800
0.039360	-1.588500
0.039440	-0.091928
0.039520	0.964490
0.039600	1.492700
0.039680	1.052500
0.039760	0.260210
0.039840	-0.708170
0.039920	-0.972280
0.040000	-1.148300
0.040080	-1.500500
0.040160	-1.764600
0.040240	-1.852600
0.040320	-1.764600
0.040400	-2.204800
0.040480	-2.733000
0.040560	-2.644900
0.040640	-1.412400
0.040720	0.700380
0.040800	3.165400
0.040880	4.309800
0.040960	3.781600
0.041040	2.549100
0.041120	1.228600
0.041200	0.788420
0.041280	0.788420
0.041360	-0.268000
0.041440	-2.556900
0.041520	-4.845800
0.041600	-5.197900
0.041680	-3.965500
0.041760	-1.676600
0.041840	0.260210
0.041920	0.612350
0.042000	0.260210
0.042080	-0.091928
0.042160	-0.003893
0.042240	0.524310
0.042320	0.788420
0.042400	0.348250
0.042480	-0.268000
0.042560	-0.091928
0.042640	0.436280
0.042720	1.404700
0.042800	1.844800
0.042880	1.492700
0.042960	0.260210
0.043040	-0.356030
0.043120	0.084142
0.043200	1.844800
0.043280	3.869600
0.043360	4.485900
0.043440	3.341400
0.043520	1.228600
0.043600	0.348250
0.043680	1.140600
0.043760	2.461100
0.043840	3.253400
0.043920	2.549100
0.044000	1.052500
0.044080	0.436280
0.044160	0.876450
0.044240	2.197000
0.044320	3.077300
0.044400	3.253400
0.044480	3.517500
0.044560	4.309800
0.044640	5.454300
0.044720	5.894400
0.044800	5.542300
0.044880	4.838000
0.044960	3.957700
0.045040	3.605500
0.045120	3.517500
0.045200	3.253400
0.045280	2.813200
0.045360	2.285000
0.045440	1.316600
0.045520	0.524310
0.045600	1.140600
0.045680	3.517500
0.045760	6.070500
0.045840	6.862800
0.045920	5.454300
0.046000	3.077300
0.046080	1.316600
0.046160	0.788420
0.046240	1.404700
0.046320	2.989300
0.046400	4.485900
0.046480	5.718400
0.046560	5.718400
0.046640	4.573900
0.046720	3.429500
0.046800	3.341400
0.046880	4.573900
0.046960	6.070500
0.047040	6.070500
0.047120	4.397800
0.047200	2.901200
0.047280	3.165400
0.047360	5.542300
0.047440	8.271400
0.047520	10.384000
0.047600	10.296000
0.047680	8.183300
0.047760	5.366200
0.047840	3.957700
0.047920	2.725200
0.048000	2.020900
0.048080	1.492700
0.048160	1.492700
0.048240	2.461100
0.048320	3.869600
0.048400	5.718400
0.048480	7.391000
0.048560	8.535500
0.048640	7.655100
0.048720	5.806400
0.048800	3.869600
0.048880	3.429500
0.048960	4.573900
0.049040	5.894400
0.049120	6.334600
0.049200	5.366200
0.049280	5.014100
0.049360	6.422600
0.049440	8.887600
0.049520	10.648000
0.049600	11.000000
0.049680	9.591900
0.049760	7.919200
0.049840	6.950900
0.049920	7.655100
0.050000	9.239700
0.050080	10.472000
0.050160	10.472000
0.050240	9.239700
0.050320	8.447400
0.050400	8.711500
0.050480	10.032000
0.050560	10.736000
0.050640	10.032000
0.050720	7.831200
0.050800	5.366200
0.050880	4.133700
0.050960	4.573900
0.051040	6.422600
0.051120	8.535500
0.051200	9.856000
0.051280	9.944000
0.051360	9.239700
0.051440	8.535500
0.051520	7.391000
0.051600	6.774800
0.051680	7.567100
0.051760	9.591900
0.051840	11.881000
0.051920	12.145000
0.052000	10.120000
0.052080	7.479100
0.052160	5.542300
0.052240	5.190100
0.052320	5.806400
0.052400	6.598700
0.052480	7.479100
0.052560	7.303000
0.052640	6.246600
0.052720	5.454300
0.052800	5.366200
0.052880	6.598700
0.052960	8.183300
0.053040	9.063700
0.053120	8.711500
0.053200	8.095300
0.053280	8.887600
0.053360	11.000000
0.053440	12.937000
0.053520	13.642000
0.053600	12.497000
0.053680	10.296000
0.053760	8.271400
0.053840	7.391000
0.053920	7.038900
0.054000	7.567100
0.054080	8.447400
0.054160	9.856000
0.054240	11.353000
0.054320	12.233000
0.054400	12.497000
0.054480	12.057000
0.054560	11.353000
0.054640	11.177000
0.054720	11.264000
0.054800	11.000000
0.054880	10.120000
0.054960	8.887600
0.055040	8.007300
0.055120	8.007300
0.055200	8.887600
0.055280	9.944000
0.055360	10.912000
0.055440	11.177000
0.055520	11.441000
0.055600	11.969000
0.055680	12.497000
0.055760	12.673000
0.055840	12.585000
0.055920	11.617000
0.056000	11.000000
0.056080	10.736000
0.056160	10.736000
0.056240	10.296000
0.056320	9.415800
0.056400	8.887600
0.056480	9.679900
0.056560	11.441000
0.056640	13.113000
0.056720	13.906000
0.056800	12.497000
0.056880	9.591900
0.056960	6.598700
0.057040	4.838000
0.057120	5.102100
0.057200	6.862800
0.057280	8.799600
0.057360	9.415800
0.057440	8.007300
0.057520	5.014100
0.057600	3.605500
0.057680	5.014100
0.057760	8.359400
0.057840	12.057000
0.057920	13.818000
0.058000	13.994000
0.058080	13.289000
0.058160	12.497000
0.058240	11.089000
0.058320	9.503800
0.058400	7.303000
0.058480	6.070500
0.058560	6.334600
0.058640	8.095300
0.058720	9.415800
0.058800	9.239700
0.058880	7.919200
0.058960	6.774800
0.059040	6.686700
0.059120	7.215000
0.059200	7.919200
0.059280	7.919200
0.059360	7.655100
0.059440	7.303000
0.059520	7.655100
0.059600	8.271400
0.059680	8.447400
0.059760	7.126900
0.059840	5.278200
0.059920	3.693600
0.060000	3.165400
0.060080	3.869600
0.060160	4.926100
0.060240	5.982500
0.060320	6.422600
0.060400	6.686700
0.060480	6.950900
0.060560	6.686700
0.060640	6.246600
0.060720	6.070500
0.060800	5.542300
0.060880	5.454300
0.060960	5.102100
0.061040	5.278200
0.061120	6.158500
0.061200	6.862800
0.061280	6.598700
0.061360	5.454300
0.061440	4.133700
0.061520	3.869600
0.061600	4.573900
0.061680	5.278200
0.061760	5.718400
0.061840	5.278200
0.061920	4.397800
0.062000	3.341400
0.062080	2.197000
0.062160	0.084142
0.062240	-2.116700
0.062320	-3.613300
0.062400	-2.997100
0.062480	-0.179960
0.062560	3.605500
0.062640	6.950900
0.062720	8.799600
0.062800	9.239700
0.062880	8.711500
0.062960	7.479100
0.063040	5.718400
0.063120	3.781600
0.063200	2.637200
0.063280	2.108900
0.063360	2.285000
0.063440	2.461100
0.063520	2.373000
0.063600	1.932900
0.063680	1.228600
0.063760	0.612350
0.063840	0.788420
0.063920	1.140600
0.064000	0.084142
0.064080	-1.500500
0.064160	-3.525300
0.064240	-3.525300
0.064320	-2.292800
0.064400	-0.444070
0.064480	0.348250
0.064560	0.084142
0.064640	-1.060300
0.064720	-2.380800
0.064800	-2.909000
0.064880	-2.821000
0.064960	-1.500500
0.065040	-0.091928
0.065120	0.788420
0.065200	1.228600
0.065280	0.876450
0.065360	0.524310
0.065440	-0.091928
0.065520	-0.796200
0.065600	-0.091928
0.065680	1.492700
0.065760	3.341400
0.065840	3.869600
0.065920	2.197000
0.066000	-0.179960
0.066080	-2.204800
0.066160	-3.085100
0.066240	-2.556900
0.066320	-1.500500
0.066400	-0.268000
0.066480	1.228600
0.066560	2.108900
0.066640	1.844800
0.066720	0.612350
0.066800	-1.236400
0.066880	-2.644900
0.066960	-3.085100
0.067040	-2.909000
0.067120	-2.028700
0.067200	-1.764600
0.067280	-2.204800
0.067360	-2.468900
0.067440	-2.556900
0.067520	-2.556900
0.067600	-1.940700
0.067680	-0.972280
0.067760	-0.268000
0.067840	-0.268000
0.067920	-1.236400
0.068000	-2.204800
0.068080	-3.613300
0.068160	-4.581700
0.068240	-5.021900
0.068320	-4.493700
0.068400	-3.085100
0.068480	-1.940700
0.068560	-1.588500
0.068640	-1.588500
0.068720	-2.556900
0.068800	-3.789400
0.068880	-5.550100
0.068960	-7.310800
0.069040	-8.191100
0.069120	-8.367200
0.069200	-7.927000
0.069280	-7.046700
0.069360	-5.902200
0.069440	-4.669700
0.069520	-3.437200
0.069600	-3.085100
0.069680	-3.437200
0.069760	-4.493700
0.069840	-5.638100
0.069920	-6.870600
0.070000	-7.662900
0.070080	-7.839000
0.070160	-8.103100
0.070240	-8.279200
0.070320	-8.895400
0.070400	-9.335600
0.070480	-9.423600
0.070560	-8.719300
0.070640	-7.310800
0.070720	-6.958600
0.070800	-8.191100
0.070880	-10.304000
0.070960	-12.505000
0.071040	-13.561000
0.071120	-13.297000
0.071200	-12.329000
0.071280	-11.184000
0.071360	-9.687700
0.071440	-8.191100
0.071520	-6.606500
0.071600	-6.430400
0.071680	-7.750900
0.071760	-9.775800
0.071840	-11.625000
0.071920	-12.417000
0.072000	-11.448000
0.072080	-9.247500
0.072160	-7.310800
0.072240	-6.254400
0.072320	-7.046700
0.072400	-7.839000
0.072480	-8.191100
0.072560	-8.015000
0.072640	-7.662900
0.072720	-7.750900
0.072800	-9.159500
0.072880	-11.184000
0.072960	-13.121000
0.073040	-13.825000
0.073120	-12.417000
0.073200	-10.040000
0.073280	-8.543300
0.073360	-8.895400
0.073440	-10.568000
0.073520	-12.329000
0.073600	-13.209000
0.073680	-13.825000
0.073760	-14.266000
0.073840	-14.530000
0.073920	-14.882000
0.074000	-15.146000
0.074080	-14.706000
0.074160	-13.561000
0.074240	-12.065000
0.074320	-11.184000
0.074400	-12.417000
0.074480	-14.706000
0.074560	-17.259001
0.074640	-18.667000
0.074720	-18.403000
0.074800	-16.730000
0.074880	-14.177000
0.074960	-11.625000
0.075040	-10.920000
0.075120	-12.065000
0.075200	-14.442000
0.075280	-16.290001
0.075360	-16.642000
0.075440	-15.058000
0.075520	-12.505000
0.075600	-10.480000
0.075680	-9.247500
0.075760	-9.599700
0.075840	-10.568000
0.075920	-11.625000
0.076000	-12.241000
0.076080	-12.065000
0.076160	-11.889000
0.076240	-12.153000
0.076320	-13.561000
0.076400	-15.762000
0.076480	-17.698999
0.076560	-18.490999
0.076640	-18.843000
0.076720	-18.754999
0.076800	-18.843000
0.076880	-19.284000
0.076960	-20.340000
0.077040	-21.396000
0.077120	-21.924000
0.077200	-21.749001
0.077280	-20.955999
0.077360	-20.427999
0.077440	-21.219999
0.077520	-22.629000
0.077600	-23.597000
0.077680	-24.125000
0.077760	-24.478001
0.077840	-25.534000
0.077920	-26.677999
0.078000	-27.207001
0.078080	-25.886000
0.078160	-23.597000
0.078240	-20.516001
0.078320	-18.403000
0.078400	-18.403000
0.078480	-20.164000
0.078560	-22.188999
0.078640	-22.893000
0.078720	-22.365000
0.078800	-22.365000
0.078880	-23.157000
0.078960	-24.830000
0.079040	-26.062000
0.079120	-25.622000
0.079200	-23.861000
0.079280	-22.452999
0.079360	-22.716999
0.079440	-23.948999
0.079520	-24.742001
0.079600	-24.302000
0.079680	-23.509001
0.079760	-23.421000
0.079840	-24.302000
0.079920	-25.445999
0.080000	-26.326000
0.080080	-27.031000
0.080160	-27.471001
0.080240	-28.351000
0.080320	-29.496000
0.080400	-30.200001
0.080480	-30.552000
0.080560	-30.992001
0.080640	-32.313000
0.080720	-33.368999
0.080800	-33.457001
0.080880	-32.577000
0.080960	-31.961000
0.081040	-31.784000
0.081120	-32.401001
0.081200	-33.280998
0.081280	-33.193001
0.081360	-31.520000
0.081440	-28.966999
0.081520	-27.031000
0.081600	-27.031000
0.081680	-29.319000
0.081760	-31.256001
0.081840	-31.872000
0.081920	-30.903999
0.082000	-29.055000
0.082080	-28.527000
0.082160	-30.464001
0.082240	-34.514000
0.082320	-38.738998
0.082400	-41.028000
0.082480	-40.236000
0.082560	-38.123001
0.082640	-35.922001
0.082720	-35.306000
0.082800	-35.570000
0.082880	-36.450001
0.082960	-36.362000
0.083040	-35.745998
0.083120	-35.394001
0.083200	-36.362000
0.083280	-38.474998
0.083360	-40.236000
0.083440	-40.939999
0.083520	-40.236000
0.083600	-38.915001
0.083680	-38.123001
0.083760	-37.859001
0.083840	-38.474998
0.083920	-39.708000
0.084000	-41.116001
0.084080	-41.203999
0.084160	-40.324001
0.084240	-39.002998
0.084320	-38.474998
0.084400	-38.915001
0.084480	-39.883999
0.084560	-40.675999
0.084640	-41.116001
0.084720	-41.644001
0.084800	-42.261002
0.084880	-42.525002
0.084960	-41.995998
0.085040	-40.411999
0.085120	-38.387001
0.085200	-37.067001
0.085280	-37.946999
0.085360	-40.588001
0.085440	-43.581001
0.085520	-45.518002
0.085600	-45.430000
0.085680	-43.317001
0.085760	-40.588001
0.085840	-39.266998
0.085920	-39.443001
0.086000	-40.675999
0.086080	-41.820000
0.086160	-41.995998
0.086240	-42.525002
0.086320	-43.229000
0.086400	-44.109001
0.086480	-43.404999
0.086560	-41.908001
0.086640	-40.324001
0.086720	-40.060001
0.086800	-41.116001
0.086880	-42.965000
0.086960	-44.285000
0.087040	-44.109001
0.087120	-43.317001
0.087200	-41.995998
0.087280	-40.588001
0.087360	-39.618999
0.087440	-39.179001
0.087520	-39.708000
0.087600	-41.467999
0.087680	-43.317001
0.087760	-44.196999
0.087840	-44.460999
0.087920	-44.638000
0.088000	-44.724998
0.088080	-44.549000
0.088160	-44.109001
0.088240	-44.021000
0.088320	-43.668999
0.088400	-42.965000
0.088480	-41.820000
0.088560	-40.764000
0.088640	-40.588001
0.088720	-41.644001
0.088800	-42.789001
0.088880	-43.845001
0.088960	-44.285000
0.089040	-45.166000
0.089120	-45.605999
0.089200	-45.605999
0.089280	-44.813999
0.089360	-43.404999
0.089440	-42.525002
0.089520	-42.261002
0.089600	-42.348999
0.089680	-41.995998
0.089760	-41.292000
0.089840	-41.203999
0.089920	-42.084000
0.090000	-43.493000
0.090080	-45.077999
0.090160	-45.869999
0.090240	-45.782001
0.090320	-44.638000
0.090400	-42.789001
0.090480	-42.261002
0.090560	-43.053001
0.090640	-44.902000
0.090720	-47.103001
0.090800	-48.334999
0.090880	-48.159000
0.090960	-47.103001
0.091040	-46.925999
0.091120	-48.159000
0.091200	-49.832001
0.091280	-50.624001
0.091360	-50.360001
0.091440	-50.535999
0.091520	-51.152000
0.091600	-50.976002
0.091680	-49.743000
0.091760	-46.750000
0.091840	-42.965000
0.091920	-40.324001
0.092000	-39.179001
0.092080	-38.827000
0.092160	-39.355000
0.092240	-40.588001
0.092320	-41.995998
0.092400	-43.404999
0.092480	-43.932999
0.092560	-44.196999
0.092640	-44.813999
0.092720	-46.397999
0.092800	-47.719002
0.092880	-47.806999
0.092960	-46.310001
0.093040	-44.196999
0.093120	-43.493000
0.093200	-44.373001
0.093280	-46.838001
0.093360	-49.039001
0.093440	-50.007999
0.093520	-49.390999
0.093600	-47.806999
0.093680	-47.014000
0.093760	-47.103001
0.093840	-47.103001
0.093920	-46.486000
0.094000	-45.166000
0.094080	-44.109001
0.094160	-43.493000
0.094240	-43.053001
0.094320	-42.701000
0.094400	-42.525002
0.094480	-43.140999
0.094560	-44.109001
0.094640	-45.430000
0.094720	-46.750000
0.094800	-47.895000
0.094880	-48.775002
0.094960	-49.126999
0.095040	-49.039001
0.095120	-48.247002
0.095200	-47.631001
0.095280	-47.103001
0.095360	-46.486000
0.095440	-46.046001
0.095520	-45.958000
0.095600	-45.869999
0.095680	-45.694000
0.095760	-46.310001
0.095840	-47.278000
0.095920	-47.806999
0.096000	-47.455002
0.096080	-45.782001
0.096160	-44.549000
0.096240	-44.460999
0.096320	-45.430000
0.096400	-46.486000
0.096480	-47.014000
0.096560	-47.367001
0.096640	-47.895000
0.096720	-48.687000
0.096800	-49.479000
0.096880	-49.390999
0.096960	-48.334999
0.097040	-46.925999
0.097120	-45.518002
0.097200	-44.813999
0.097280	-44.373001
0.097360	-44.373001
0.097440	-44.460999
0.097520	-45.166000
0.097600	-45.869999
0.097680	-46.046001
0.097760	-46.310001
0.097840	-46.574001
0.097920	-47.367001
0.098000	-48.159000
0.098080	-48.334999
0.098160	-48.070999
0.098240	-47.367001
0.098320	-46.397999
0.098400	-45.782001
0.098480	-44.285000
0.098560	-43.229000
0.098640	-42.348999
0.098720	-42.348999
0.098800	-42.701000
0.098880	-42.261002
0.098960	-40.764000
0.099040	-38.651001
0.099120	-36.979000
0.099200	-36.362000
0.099280	-36.537998
0.099360	-37.595001
0.099440	-39.179001
0.099520	-40.852001
0.099600	-41.820000
0.099680	-41.203999
0.099760	-40.236000
0.099840	-39.179001
0.099920	-38.738998
0.100000	-38.827000
0.100080	-39.355000
0.100160	-39.532001
0.100240	-39.179001
0.100320	-38.827000
0.100400	-38.827000
0.100480	-40.060001
0.100560	-41.731998
0.100640	-42.084000
0.100720	-40.500000
0.100800	-38.123001
0.100880	-36.625999
0.100960	-37.153999
0.101040	-38.474998
0.101120	-39.355000
0.101200	-38.299000
0.101280	-36.979000
0.101360	-35.745998
0.101440	-34.602001
0.101520	-34.073002
0.101600	-33.280998
0.101680	-31.695999
0.101760	-29.672001
0.101840	-28.263000
0.101920	-28.615000
0.102000	-30.816000
0.102080	-32.488998
0.102160	-32.577000
0.102240	-31.167999
0.102320	-29.143000
0.102400	-27.646999
0.102480	-27.295000
0.102560	-26.854000
0.102640	-25.974001
0.102720	-24.830000
0.102800	-23.773001
0.102880	-23.333000
0.102960	-23.684999
0.103040	-24.742001
0.103120	-25.622000
0.103200	-26.854000
0.103280	-27.910999
0.103360	-28.263000
0.103440	-26.414000
0.103520	-22.805000
0.103600	-19.459999
0.103680	-19.107000
0.103760	-21.749001
0.103840	-25.270000
0.103920	-27.559000
0.104000	-27.910999
0.104080	-26.414000
0.104160	-24.478001
0.104240	-22.805000
0.104320	-21.483999
0.104400	-19.988001
0.104480	-18.843000
0.104560	-17.875000
0.104640	-17.523001
0.104720	-17.698999
0.104800	-17.523001
0.104880	-16.995001
0.104960	-16.466000
0.105040	-16.025999
0.105120	-16.290001
0.105200	-16.995001
0.105280	-17.787001
0.105360	-18.490999
0.105440	-18.667000
0.105520	-18.579000
0.105600	-18.754999
0.105680	-18.403000
0.105760	-17.259001
0.105840	-14.970000
0.105920	-11.889000
0.106000	-9.775800
0.106080	-9.775800
0.106160	-11.800000
0.106240	-14.618000
0.106320	-16.642000
0.106400	-16.819000
0.106480	-15.498000
0.106560	-13.297000
0.106640	-10.920000
0.106720	-9.247500
0.106800	-9.423600
0.106880	-10.744000
0.106960	-11.977000
0.107040	-12.769000
0.107120	-12.945000
0.107200	-12.769000
0.107280	-11.625000
0.107360	-9.599700
0.107440	-7.574900
0.107520	-6.518500
0.107600	-5.902200
0.107680	-5.902200
0.107760	-5.902200
0.107840	-5.462000
0.107920	-5.374000
0.108000	-5.726200
0.108080	-6.166300
0.108160	-5.814200
0.108240	-4.229600
0.108320	-2.116700
0.108400	-0.179960
0.108480	0.260210
0.108560	-0.972280
0.108640	-2.644900
0.108720	-3.613300
0.108800	-4.141500
0.108880	-3.789400
0.108960	-3.085100
0.109040	-1.852600
0.109120	-0.972280
0.109200	-0.972280
0.109280	-1.236400
0.109360	-0.884240
0.109440	-0.884240
0.109520	-1.236400
0.109600	-1.500500
0.109680	-1.060300
0.109760	-0.268000
0.109840	0.348250
0.109920	0.964490
0.110000	1.316600
0.110080	1.228600
0.110160	0.436280
0.110240	-0.356030
0.110320	0.172180
0.110400	1.932900
0.110480	4.309800
0.110560	5.806400
0.110640	6.070500
0.110720	4.573900
0.110800	2.373000
0.110880	0.788420
0.110960	0.436280
0.111040	1.140600
0.111120	1.844800
0.111200	2.461100
0.111280	3.165400
0.111360	3.781600
0.111440	4.221800
0.111520	4.573900
0.111600	5.014100
0.111680	6.246600
0.111760	7.919200
0.111840	9.239700
0.111920	9.768000
0.112000	9.327800
0.112080	8.623500
0.112160	7.655100
0.112240	6.950900
0.112320	5.894400
0.112400	5.278200
0.112480	5.366200
0.112560	6.598700
0.112640	7.743200
0.112720	8.623500
0.112800	9.063700
0.112880	9.327800
0.112960	10.472000
0.113040	11.793000
0.113120	12.585000
0.113200	12.057000
0.113280	10.648000
0.113360	9.768000
0.113440	10.120000
0.113520	10.648000
0.113600	10.824000
0.113680	10.296000
0.113760	10.384000
0.113840	11.353000
0.113920	13.201000
0.114000	15.314000
0.114080	16.811001
0.114160	18.042999
0.114240	18.395000
0.114320	18.660000
0.114400	19.011999
0.114480	19.804001
0.114560	19.628000
0.114640	18.570999
0.114720	16.547001
0.114800	14.698000
0.114880	13.994000
0.114960	14.522000
0.115040	15.842000
0.115120	18.042999
0.115200	20.860001
0.115280	23.149000
0.115360	24.030001
0.115440	23.413000
0.115520	21.565001
0.115600	19.628000
0.115680	17.691000
0.115760	16.282000
0.115840	16.282000
0.115920	18.131001
0.116000	20.948000
0.116080	23.237000
0.116160	24.910000
0.116240	25.790001
0.116320	26.847000
0.116400	27.990999
0.116480	28.959000
0.116560	29.136000
0.116640	28.784000
0.116720	28.254999
0.116800	28.079000
0.116880	27.815001
0.116960	27.023001
0.117040	25.966000
0.117120	25.261999
0.117200	25.878000
0.117280	27.990999
0.117360	30.544001
0.117440	31.688999
0.117520	30.808001
0.117600	29.048000
0.117680	27.551001
0.117760	27.375000
0.117840	28.343000
0.117920	29.840000
0.118000	31.247999
0.118080	32.569000
0.118160	34.064999
0.118240	35.737999
0.118320	36.971001
0.118400	37.410999
0.118480	36.707001
0.118560	35.209999
0.118640	33.361000
0.118720	32.657001
0.118800	33.185001
0.118880	35.122002
0.118960	37.674999
0.119040	39.964001
0.119120	40.580002
0.119200	40.228001
0.119280	39.964001
0.119360	40.580002
0.119440	41.813000
0.119520	42.868999
0.119600	43.396999
0.119680	43.485001
0.119760	43.308998
0.119840	43.044998
0.119920	43.221001
0.120000	43.837002
0.120080	45.158001
0.120160	46.301998
0.120240	46.389999
0.120320	46.653999
0.120400	47.271000
0.120480	48.327000
0.120560	48.502998
0.120640	47.710999
0.120720	47.535000
0.120800	48.502998
0.120880	51.144001
0.120960	53.345001
0.121040	54.137001
0.121120	53.960999
0.121200	53.609001
0.121280	54.049000
0.121360	55.722000
0.121440	56.689999
0.121520	55.810001
0.121600	53.257000
0.121680	50.088001
0.121760	47.446999
0.121840	45.862000
0.121920	46.389999
0.122000	49.383999
0.122080	53.521000
0.122160	57.570999
0.122240	59.418999
0.122320	59.243000
0.122400	58.187000
0.122480	57.659000
0.122560	58.539001
0.122640	59.332001
0.122720	59.860001
0.122800	59.683998
0.122880	58.979000
0.122960	57.923000
0.123040	56.955002
0.123120	56.602001
0.123200	57.042999
0.123280	57.659000
0.123360	57.747002
0.123440	57.483002
0.123520	57.395000
0.123600	57.395000
0.123680	58.715000
0.123760	60.827999
0.123840	63.909000
0.123920	66.990997
0.124000	69.455002
0.124080	70.248001
0.124160	69.984001
0.124240	68.750999
0.124320	67.431000
0.124400	66.902000
0.124480	67.167000
0.124560	68.574997
0.124640	70.599998
0.124720	72.448997
0.124800	73.153000
0.124880	71.744003
0.124960	69.455002
0.125040	67.871002
0.125120	68.663002
0.125200	71.216003
0.125280	74.121002
0.125360	75.793999
0.125440	75.793999
0.125520	74.561996
0.125600	73.329002
0.125680	72.801003
0.125760	73.768997
0.125840	75.529999
0.125920	77.555000
0.126000	78.962997
0.126080	79.139000
0.126160	78.347000
0.126240	77.378998
0.126320	77.026001
0.126400	78.523003
0.126480	81.779999
0.126560	85.125999
0.126640	86.973999
0.126720	86.533997
0.126800	84.862000
0.126880	83.189003
0.126960	83.013000
0.127040	84.245003
0.127120	85.389999
0.127200	85.566002
0.127280	84.862000
0.127360	84.245003
0.127440	84.420998
0.127520	85.038002
0.127600	84.773003
0.127680	84.156998
0.127760	84.069000
0.127840	85.302002
0.127920	87.415001
0.128000	89.527000
0.128080	90.584000
0.128160	90.935997
0.128240	90.496002
0.128320	89.527000
0.128400	88.822998
0.128480	89.175003
0.128560	89.614998
0.128640	89.263000
0.128720	87.855003
0.128800	86.445999
0.128880	87.415001
0.128960	91.112000
0.129040	96.570000
0.129120	100.440002
0.129200	101.680000
0.129280	99.915001
0.129360	97.450996
0.129440	95.601997
0.129520	95.954002
0.129600	96.746002
0.129680	97.890999
0.129760	98.154999
0.129840	97.714996
0.129920	96.921997
0.130000	96.482002
0.130080	96.834000
0.130160	98.595001
0.130240	101.059998
0.130320	103.169998
0.130400	103.699997
0.130480	102.910004
0.130560	101.589996
0.130640	100.440002
0.130720	100.360001
0.130800	101.410004
0.130880	103.260002
0.130960	104.320000
0.131040	104.400002
0.131120	103.959999
0.131200	103.349998
0.131280	102.639999
0.131360	102.470001
0.131440	102.290001
0.131520	101.940002
0.131600	101.500000
0.131680	101.059998
0.131760	100.269997
0.131840	99.474998
0.131920	99.387001
0.132000	100.440002
0.132080	102.199997
0.132160	103.440002
0.132240	103.610001
0.132320	103.790001
0.132400	104.230003
0.132480	105.370003
0.132560	106.250000
0.132640	106.690002
0.132720	106.250000
0.132800	105.809998
0.132880	105.459999
0.132960	105.809998
0.133040	106.080002
0.133120	106.250000
0.133200	106.430000
0.133280	107.050003
0.133360	108.190002
0.133440	110.040001
0.133520	111.540001
0.133600	111.889999
0.133680	110.570000
0.133760	108.190002
0.133840	106.169998
0.133920	105.809998
0.134000	106.690002
0.134080	108.010002
0.134160	108.190002
0.134240	108.459999
0.134320	108.889999
0.134400	108.980003
0.134480	108.370003
0.134560	106.959999
0.134640	105.730003
0.134720	105.550003
0.134800	106.169998
0.134880	106.430000
0.134960	106.169998
0.135040	105.370003
0.135120	105.019997
0.135200	105.809998
0.135280	106.339996
0.135360	106.430000
0.135440	106.169998
0.135520	105.730003
0.135600	106.430000
0.135680	108.629997
0.135760	111.540001
0.135840	113.559998
0.135920	113.650002
0.136000	111.889999
0.136080	109.599998
0.136160	107.750000
0.136240	107.220001
0.136320	108.279999
0.136400	109.779999
0.136480	110.739998
0.136560	111.180000
0.136640	110.739998
0.136720	109.599998
0.136800	107.309998
0.136880	105.199997
0.136960	103.260002
0.137040	102.639999
0.137120	103.000000
0.137200	104.320000
0.137280	106.519997
0.137360	109.250000
0.137440	110.300003
0.137520	109.250000
0.137600	107.660004
0.137680	107.050003
0.137760	108.279999
0.137840	110.040001
0.137920	110.660004
0.138000	110.220001
0.138080	109.690002
0.138160	110.480003
0.138240	112.419998
0.138320	114.000000
0.138400	114.879997
0.138480	114.709999
0.138560	113.739998
0.138640	112.239998
0.138720	112.150002
0.138800	113.650002
0.138880	115.669998
0.138960	117.699997
0.139040	118.580002
0.139120	118.930000
0.139200	118.930000
0.139280	119.110001
0.139360	119.639999
0.139440	121.129997
0.139520	123.070000
0.139600	124.389999
0.139680	124.830002
0.139760	124.480003
0.139840	124.040001
0.139920	124.480003
0.140000	126.330002
0.140080	129.580002
0.140160	132.309998
0.140240	134.070007
0.140320	134.600006
0.140400	134.600006
0.140480	134.779999
0.140560	135.300003
0.140640	136.630005
0.140720	137.589996
0.140800	138.389999
0.140880	139.350006
0.140960	140.589996
0.141040	142.440002
0.141120	144.460007
0.141200	146.130005
0.141280	147.809998
0.141360	149.830002
0.141440	151.860001
0.141520	152.910004
0.141600	152.559998
0.141680	151.149994
0.141760	150.009995
0.141840	150.179993
0.141920	152.029999
0.142000	154.940002
0.142080	158.190002
0.142160	160.750000
0.142240	162.509995
0.142320	163.570007
0.142400	163.830002
0.142480	164.360001
0.142560	165.589996
0.142640	167.089996
0.142720	168.580002
0.142800	169.729996
0.142880	170.699997
0.142960	171.490005
0.143040	172.100006
0.143120	172.899994
0.143200	173.690002
0.143280	174.740005
0.143360	175.539993
0.143440	176.330002
0.143520	177.029999
0.143600	177.300003
0.143680	176.860001
0.143760	175.889999
0.143840	175.179993
0.143920	174.919998
0.144000	176.149994
0.144080	178.089996
0.144160	180.729996
0.144240	182.929993
0.144320	184.080002
0.144400	183.990005
0.144480	183.809998
0.144560	183.899994
0.144640	184.250000
0.144720	184.779999
0.144800	185.220001
0.144880	186.369995
0.144960	188.300003
0.145040	191.380005
0.145120	194.380005
0.145200	197.369995
0.145280	198.869995
0.145360	199.570007
0.145440	200.270004
0.145520	200.800003
0.145600	200.539993
0.145680	200.100006
0.145760	199.919998
0.145840	200.889999
0.145920	202.919998
0.146000	206.089996
0.146080	209.699997
0.146160	212.860001
0.146240	214.889999
0.146320	214.710007
0.146400	212.339996
0.146480	208.899994
0.146560	206.000000
0.146640	206.000000
0.146720	208.899994
0.146800	213.300003
0.146880	216.740005
0.146960	218.589996
0.147040	219.029999
0.147120	219.550003
0.147200	220.880005
0.147280	222.460007
0.147360	224.220001
0.147440	225.279999
0.147520	225.720001
0.147600	225.369995
0.147680	224.570007
0.147760	223.690002
0.147840	223.690002
0.147920	224.399994
0.148000	225.630005
0.148080	226.860001
0.148160	229.059998
0.148240	231.970001
0.148320	235.050003
0.148400	237.160004
0.148480	237.250000
0.148560	236.020004
0.148640	234.080002
0.148720	233.110001
0.148800	234.429993
0.148880	237.509995
0.148960	239.710007
0.149040	239.710007
0.149120	238.570007
0.149200	237.509995
0.149280	237.070007
0.149360	237.429993
0.149440	237.690002
0.149520	238.389999
0.149600	239.800003
0.149680	242.089996
0.149760	244.380005
0.149840	245.699997
0.149920	245.259995
0.150000	242.970001
0.150080	241.119995
0.150160	240.949997
0.150240	242.089996
0.150320	243.850006
0.150400	245.350006
0.150480	246.229996
0.150560	246.320007
0.150640	246.050003
0.150720	246.669998
0.150800	247.990005
0.150880	250.279999
0.150960	251.600006
0.151040	251.250000
0.151120	249.399994
0.151200	248.169998
0.151280	248.339996
0.151360	249.399994
0.151440	250.100006
0.151520	250.460007
0.151600	251.070007
0.151680	251.949997
0.151760	253.360001
0.151840	254.419998
0.151920	254.949997
0.152000	254.770004
0.152080	254.240005
0.152160	254.240005
0.152240	254.949997
0.152320	255.740005
0.152400	256.269989
0.152480	256.179993
0.152560	256.529999
0.152640	257.320007
0.152720	257.589996
0.152800	257.320007
0.152880	256.790009
0.152960	256.529999
0.153040	256.529999
0.153120	256.790009
0.153200	257.500000
0.153280	258.640015
0.153360	259.959991
0.153440	259.700012
0.153520	258.109985
0.153600	256.619995
0.153680	256.970001
0.153760	260.230011
0.153840	264.630005
0.153920	267.709991
0.154000	268.239990
0.154080	267.179993
0.154160	266.390015
0.154240	266.040009
0.154320	266.130005
0.154400	266.299988
0.154480	265.420013
0.154560	264.359985
0.154640	263.040009
0.154720	261.640015
0.154800	261.279999
0.154880	262.779999
0.154960	265.600006
0.155040	267.970001
0.155120	268.149994
0.155200	266.570007
0.155280	264.720001
0.155360	264.540009
0.155440	266.130005
0.155520	267.970001
0.155600	268.239990
0.155680	267.450012
0.155760	266.130005
0.155840	264.720001
0.155920	262.690002
0.156000	260.489990
0.156080	258.380005
0.156160	256.790009
0.156240	256.089996
0.156320	256.970001
0.156400	258.730011
0.156480	260.230011
0.156560	260.320007
0.156640	258.730011
0.156720	255.910004
0.156800	254.330002
0.156880	254.589996
0.156960	256.619995
0.157040	258.549988
0.157120	259.079987
0.157200	257.670013
0.157280	254.679993
0.157360	251.509995
0.157440	249.050003
0.157520	247.899994
0.157600	248.250000
0.157680	249.220001
0.157760	250.539993
0.157840	250.809998
0.157920	250.100006
0.158000	248.779999
0.158080	247.639999
0.158160	246.580002
0.158240	245.880005
0.158320	245.699997
0.158400	245.259995
0.158480	244.559998
0.158560	243.240005
0.158640	242.360001
0.158720	241.479996
0.158800	240.240005
0.158880	238.220001
0.158960	236.279999
0.159040	235.050003
0.159120	234.869995
0.159200	235.139999
0.159280	235.229996
0.159360	235.580002
0.159440	236.539993
0.159520	237.690002
0.159600	237.949997
0.159680	236.809998
0.159760	234.169998
0.159840	231.089996
0.159920	228.889999
0.160000	227.210007
0.160080	226.240005
0.160160	225.449997
0.160240	224.839996
0.160320	224.399994
0.160400	224.039993
0.160480	224.309998
0.160560	223.520004
0.160640	221.839996
0.160720	220.169998
0.160800	219.289993
0.160880	218.850006
0.160960	217.710007
0.161040	215.589996
0.161120	213.479996
0.161200	211.539993
0.161280	210.309998
0.161360	209.610001
0.161440	209.259995
0.161520	209.610001
0.161600	210.220001
0.161680	210.660004
0.161760	210.490005
0.161840	210.220001
0.161920	209.960007
0.162000	209.779999
0.162080	209.429993
0.162160	208.020004
0.162240	206.259995
0.162320	204.320007
0.162400	202.740005
0.162480	201.149994
0.162560	198.600006
0.162640	195.429993
0.162720	192.440002
0.162800	191.649994
0.162880	193.580002
0.162960	196.580002
0.163040	198.869995
0.163120	199.130005
0.163200	197.990005
0.163280	196.839996
0.163360	196.669998
0.163440	196.580002
0.163520	195.429993
0.163600	192.529999
0.163680	189.009995
0.163760	187.250000
0.163840	187.419998
0.163920	188.919998
0.164000	189.889999
0.164080	190.330002
0.164160	189.889999
0.164240	188.830002
0.164320	186.279999
0.164400	183.460007
0.164480	180.910004
0.164560	179.589996
0.164640	178.270004
0.164720	176.860001
0.164800	175.539993
0.164880	174.220001
0.164960	173.419998
0.165040	172.979996
0.165120	172.979996
0.165200	172.899994
0.165280	172.899994
0.165360	172.899994
0.165440	172.100006
0.165520	170.610001
0.165600	168.139999
0.165680	165.240005
0.165760	162.330002
0.165840	160.570007
0.165920	160.309998
0.166000	160.750000
0.166080	161.360001
0.166160	161.539993
0.166240	161.100006
0.166320	159.600006
0.166400	157.139999
0.166480	154.229996
0.166560	151.860001
0.166640	150.889999
0.166720	151.330002
0.166800	152.649994
0.166880	153.789993
0.166960	153.619995
0.167040	151.149994
0.167120	147.539993
0.167200	143.929993
0.167280	141.729996
0.167360	141.119995
0.167440	141.199997
0.167520	140.759995
0.167600	139.179993
0.167680	136.539993
0.167760	133.899994
0.167840	131.339996
0.167920	129.320007
0.168000	128.000000
0.168080	127.730003
0.168160	128.179993
0.168240	128.970001
0.168320	129.139999
0.168400	127.910004
0.168480	125.269997
0.168560	122.540001
0.168640	120.160004
0.168720	118.750000
0.168800	117.959999
0.168880	117.610001
0.168960	116.730003
0.169040	114.970001
0.169120	112.769997
0.169200	110.220001
0.169280	108.540001
0.169360	108.099998
0.169440	108.190002
0.169520	108.010002
0.169600	106.870003
0.169680	105.370003
0.169760	104.139999
0.169840	103.260002
0.169920	102.470001
0.170000	100.620003
0.170080	98.771004
0.170160	98.154999
0.170240	98.595001
0.170320	99.123001
0.170400	98.682999
0.170480	96.746002
0.170560	94.280998
0.170640	92.344002
0.170720	90.848000
0.170800	89.527000
0.170880	87.502998
0.170960	85.566002
0.171040	84.069000
0.171120	83.892998
0.171200	83.628998
0.171280	83.364998
0.171360	82.749001
0.171440	82.132004
0.171520	80.636002
0.171600	78.787003
0.171680	77.202003
0.171760	76.234001
0.171840	76.234001
0.171920	77.026001
0.172000	77.995003
0.172080	78.347000
0.172160	77.378998
0.172240	75.089996
0.172320	72.008003
0.172400	69.807999
0.172480	69.807999
0.172560	71.655998
0.172640	73.240997
0.172720	72.537003
0.172800	69.896004
0.172880	66.990997
0.172960	65.758003
0.173040	66.990997
0.173120	68.574997
0.173200	68.574997
0.173280	66.990997
0.173360	64.702003
0.173440	62.589001
0.173520	60.740002
0.173600	59.154999
0.173680	57.923000
0.173760	58.362999
0.173840	59.067001
0.173920	60.035999
0.174000	60.124001
0.174080	60.124001
0.174160	60.476002
0.174240	61.004002
0.174320	60.476002
0.174400	58.890999
0.174480	56.514000
0.174560	53.960999
0.174640	52.025002
0.174720	50.967999
0.174800	51.056000
0.174880	52.025002
0.174960	53.785000
0.175040	55.018002
0.175120	55.105999
0.175200	53.696999
0.175280	52.025002
0.175360	50.616001
0.175440	49.383999
0.175520	48.327000
0.175600	47.974998
0.175680	48.238998
0.175760	48.943001
0.175840	49.647999
0.175920	49.736000
0.176000	49.208000
0.176080	48.502998
0.176160	47.799000
0.176240	46.831001
0.176320	45.598000
0.176400	44.542000
0.176480	44.453999
0.176560	45.245998
0.176640	46.389999
0.176720	46.743000
0.176800	46.125999
0.176880	45.158001
0.176960	44.453999
0.177040	44.102001
0.177120	44.188999
0.177200	44.453999
0.177280	43.660999
0.177360	42.341000
0.177440	40.228001
0.177520	38.466999
0.177600	37.938999
0.177680	38.730999
0.177760	39.612000
0.177840	39.700001
0.177920	37.938999
0.178000	35.298000
0.178080	33.361000
0.178160	32.393002
0.178240	32.393002
0.178320	32.657001
0.178400	32.393002
0.178480	31.688999
0.178560	31.072001
0.178640	31.072001
0.178720	31.952999
0.178800	33.185001
0.178880	34.064999
0.178960	33.625000
0.179040	32.480999
0.179120	30.896000
0.179200	29.488001
0.179280	29.576000
0.179360	30.632000
0.179440	31.513000
0.179520	31.513000
0.179600	29.927999
0.179680	27.726999
0.179760	25.966000
0.179840	25.438000
0.179920	25.261999
0.180000	24.646000
0.180080	23.677000
0.180160	22.357000
0.180240	21.653000
0.180320	21.301001
0.180400	21.565001
0.180480	21.301001
0.180560	20.156000
0.180640	17.778999
0.180720	15.930000
0.180800	15.402000
0.180880	16.282000
0.180960	16.371000
0.181040	15.226000
0.181120	13.289000
0.181200	11.793000
0.181280	10.824000
0.181360	10.824000
0.181440	11.177000
0.181520	11.264000
0.181600	11.177000
0.181680	10.560000
0.181760	9.415800
0.181840	8.095300
0.181920	6.070500
0.182000	4.045700
0.182080	2.285000
0.182160	1.756800
0.182240	1.844800
0.182320	2.813200
0.182400	4.045700
0.182480	5.014100
0.182560	4.397800
0.182640	1.580700
0.182720	-1.940700
0.182800	-3.789400
0.182880	-3.437200
0.182960	-2.028700
0.183040	-1.148300
0.183120	-0.620140
0.183200	-0.620140
0.183280	-0.884240
0.183360	-1.852600
0.183440	-3.789400
0.183520	-6.078300
0.183600	-6.782600
0.183680	-6.870600
0.183760	-6.694500
0.183840	-7.574900
0.183920	-9.951800
0.184000	-13.473000
0.184080	-16.642000
0.184160	-19.284000
0.184240	-21.132000
0.184320	-22.101000
0.184400	-22.013000
0.184480	-21.572001
0.184560	-21.044001
0.184640	-20.868000
0.184720	-20.691999
0.184800	-21.219999
0.184880	-22.805000
0.184960	-24.830000
0.185040	-26.854000
0.185120	-28.087000
0.185200	-28.615000
0.185280	-29.407000
0.185360	-30.200001
0.185440	-31.167999
0.185520	-31.520000
0.185600	-30.992001
0.185680	-30.375999
0.185760	-30.200001
0.185840	-31.608000
0.185920	-33.280998
0.186000	-35.481998
0.186080	-37.243000
0.186160	-38.651001
0.186240	-40.500000
0.186320	-41.644001
0.186400	-42.437000
0.186480	-41.908001
0.186560	-40.764000
0.186640	-40.060001
0.186720	-41.028000
0.186800	-43.757000
0.186880	-47.455002
0.186960	-49.654999
0.187040	-50.096001
0.187120	-49.390999
0.187200	-48.775002
0.187280	-49.567001
0.187360	-52.119999
0.187440	-55.290001
0.187520	-57.931000
0.187600	-59.778999
0.187680	-61.099998
0.187760	-62.243999
0.187840	-63.300999
0.187920	-62.949001
0.188000	-60.924000
0.188080	-58.195000
0.188160	-56.962002
0.188240	-58.547001
0.188320	-61.891998
0.188400	-64.532997
0.188480	-65.589996
0.188560	-66.029999
0.188640	-66.910004
0.188720	-68.495003
0.188800	-70.344002
0.188880	-71.928001
0.188960	-73.249001
0.189040	-74.128998
0.189120	-75.009003
0.189200	-75.713997
0.189280	-75.977997
0.189360	-75.449997
0.189440	-74.745003
0.189520	-74.745003
0.189600	-75.889999
0.189680	-77.033997
0.189760	-77.563004
0.189840	-78.794998
0.189920	-80.643997
0.190000	-82.668999
0.190080	-84.252998
0.190160	-84.605003
0.190240	-83.724998
0.190320	-82.227997
0.190400	-81.260002
0.190480	-81.875999
0.190560	-83.813004
0.190640	-86.542000
0.190720	-89.535004
0.190800	-92.087997
0.190880	-94.025002
0.190960	-95.345001
0.191040	-96.225998
0.191120	-96.402000
0.191200	-96.050003
0.191280	-95.345001
0.191360	-94.817001
0.191440	-94.992996
0.191520	-96.666000
0.191600	-98.778999
0.191680	-100.629997
0.191760	-101.769997
0.191840	-102.389999
0.191920	-103.360001
0.192000	-105.120003
0.192080	-106.089996
0.192160	-105.559998
0.192240	-103.800003
0.192320	-102.389999
0.192400	-103.180000
0.192480	-105.910004
0.192560	-109.250000
0.192640	-112.860001
0.192720	-116.300003
0.192800	-118.680000
0.192880	-119.379997
0.192960	-118.320000
0.193040	-116.559998
0.193120	-116.209999
0.193200	-117.180000
0.193280	-118.410004
0.193360	-118.940002
0.193440	-118.760002
0.193520	-119.029999
0.193600	-120.000000
0.193680	-121.139999
0.193760	-121.839996
0.193840	-122.019997
0.193920	-121.580002
0.194000	-121.669998
0.194080	-122.279999
0.194160	-123.959999
0.194240	-125.720001
0.194320	-126.769997
0.194400	-127.300003
0.194480	-127.650002
0.194560	-128.270004
0.194640	-129.500000
0.194720	-130.380005
0.194800	-130.649994
0.194880	-130.380005
0.194960	-130.210007
0.195040	-130.470001
0.195120	-131.089996
0.195200	-131.789993
0.195280	-132.320007
0.195360	-132.669998
0.195440	-132.500000
0.195520	-131.880005
0.195600	-131.000000
0.195680	-130.649994
0.195760	-130.910004
0.195840	-132.139999
0.195920	-134.789993
0.196000	-137.250000
0.196080	-138.389999
0.196160	-137.250000
0.196240	-134.869995
0.196320	-132.139999
0.196400	-131.089996
0.196480	-131.179993
0.196560	-132.229996
0.196640	-132.940002
0.196720	-133.380005
0.196800	-133.899994
0.196880	-135.139999
0.196960	-136.899994
0.197040	-138.389999
0.197120	-139.360001
0.197200	-139.270004
0.197280	-138.479996
0.197360	-137.600006
0.197440	-137.949997
0.197520	-140.240005
0.197600	-142.529999
0.197680	-143.679993
0.197760	-142.880005
0.197840	-141.300003
0.197920	-140.240005
0.198000	-140.770004
0.198080	-142.000000
0.198160	-142.970001
0.198240	-143.410004
0.198320	-143.149994
0.198400	-142.880005
0.198480	-142.089996
0.198560	-140.149994
0.198640	-137.949997
0.198720	-136.110001
0.198800	-135.490005
0.198880	-135.580002
0.198960	-136.460007
0.199040	-136.899994
0.199120	-137.869995
0.199200	-139.270004
0.199280	-141.300003
0.199360	-142.179993
0.199440	-141.119995
0.199520	-139.100006
0.199600	-137.949997
0.199680	-138.309998
0.199760	-139.270004
0.199840	-139.449997
0.199920	-138.389999
0.200000	-136.279999
0.200080	-134.610001
0.200160	-133.639999
0.200240	-133.990005
0.200320	-134.789993
0.200400	-135.139999
0.200480	-135.309998
0.200560	-135.490005
0.200640	-135.929993
0.200720	-135.750000
0.200800	-134.789993
0.200880	-133.380005
0.200960	-132.139999
0.201040	-131.440002
0.201120	-131.529999
0.201200	-132.229996
0.201280	-132.320007
0.201360	-131.259995
0.201440	-130.029999
0.201520	-129.679993
0.201600	-130.820007
0.201680	-132.759995
0.201760	-134.610001
0.201840	-135.139999
0.201920	-134.869995
0.202000	-134.350006
0.202080	-133.199997
0.202160	-131.970001
0.202240	-130.289993
0.202320	-129.940002
0.202400	-131.089996
0.202480	-132.850006
0.202560	-133.729996
0.202640	-132.940002
0.202720	-131.089996
0.202800	-129.149994
0.202880	-127.739998
0.202960	-127.300003
0.203040	-127.570000
0.203120	-127.209999
0.203200	-125.809998
0.203280	-123.870003
0.203360	-123.080002
0.203440	-123.339996
0.203520	-124.400002
0.203600	-125.099998
0.203680	-124.930000
0.203760	-124.129997
0.203840	-123.080002
0.203920	-122.370003
0.204000	-121.760002
0.204080	-121.050003
0.204160	-120.260002
0.204240	-119.910004
0.204320	-120.260002
0.204400	-120.430000
0.204480	-120.879997
0.204560	-120.699997
0.204640	-120.879997
0.204720	-121.230003
0.204800	-121.489998
0.204880	-121.489998
0.204960	-121.230003
0.205040	-120.519997
0.205120	-119.199997
0.205200	-118.589996
0.205280	-119.639999
0.205360	-121.489998
0.205440	-122.199997
0.205520	-120.790001
0.205600	-118.230003
0.205680	-116.470001
0.205760	-116.830002
0.205840	-118.760002
0.205920	-120.519997
0.206000	-120.169998
0.206080	-117.709999
0.206160	-115.070000
0.206240	-113.919998
0.206320	-114.360001
0.206400	-115.419998
0.206480	-115.949997
0.206560	-115.949997
0.206640	-116.209999
0.206720	-116.830002
0.206800	-117.180000
0.206880	-116.470001
0.206960	-114.360001
0.207040	-112.250000
0.207120	-110.930000
0.207200	-111.279999
0.207280	-112.949997
0.207360	-114.709999
0.207440	-115.239998
0.207520	-114.360001
0.207600	-112.599998
0.207680	-111.099998
0.207760	-110.660004
0.207840	-111.279999
0.207920	-111.900002
0.208000	-111.540001
0.208080	-110.570000
0.208160	-109.610001
0.208240	-109.779999
0.208320	-111.099998
0.208400	-112.599998
0.208480	-113.480003
0.208560	-113.129997
0.208640	-111.720001
0.208720	-110.139999
0.208800	-108.730003
0.208880	-106.970001
0.208960	-104.940002
0.209040	-103.440002
0.209120	-102.919998
0.209200	-103.800003
0.209280	-106.169998
0.209360	-108.639999
0.209440	-110.309998
0.209520	-110.139999
0.209600	-108.459999
0.209680	-106.529999
0.209760	-104.940002
0.209840	-104.500000
0.209920	-105.029999
0.210000	-105.029999
0.210080	-104.589996
0.210160	-104.940002
0.210240	-105.730003
0.210320	-106.260002
0.210400	-104.940002
0.210480	-102.389999
0.210560	-100.010002
0.210640	-99.570999
0.210720	-101.160004
0.210800	-103.620003
0.210880	-105.559998
0.210960	-106.000000
0.211040	-104.320000
0.211120	-100.980003
0.211200	-97.106003
0.211280	-93.584999
0.211360	-91.823997
0.211440	-91.912003
0.211520	-93.056999
0.211600	-94.112999
0.211680	-94.640999
0.211760	-95.168999
0.211840	-96.050003
0.211920	-96.842003
0.212000	-97.106003
0.212080	-96.842003
0.212160	-96.578003
0.212240	-96.930000
0.212320	-98.514999
0.212400	-100.099998
0.212480	-100.800003
0.212560	-99.570999
0.212640	-96.930000
0.212720	-94.112999
0.212800	-91.472000
0.212880	-89.887001
0.212960	-89.623001
0.213040	-90.327003
0.213120	-91.648003
0.213200	-92.880997
0.213280	-93.056999
0.213360	-93.144997
0.213440	-93.672997
0.213520	-94.200996
0.213600	-94.817001
0.213680	-95.610001
0.213760	-96.402000
0.213840	-96.578003
0.213920	-96.578003
0.214000	-95.697998
0.214080	-94.992996
0.214160	-93.584999
0.214240	-93.233002
0.214320	-92.615997
0.214400	-91.559998
0.214480	-90.767998
0.214560	-90.239998
0.214640	-89.359001
0.214720	-88.214996
0.214800	-86.982002
0.214880	-86.365997
0.214960	-87.070000
0.215040	-88.567001
0.215120	-90.415001
0.215200	-92.000000
0.215280	-93.320999
0.215360	-94.025002
0.215440	-93.848999
0.215520	-92.880997
0.215600	-92.176003
0.215680	-91.648003
0.215760	-91.031998
0.215840	-90.680000
0.215920	-90.592003
0.216000	-91.295998
0.216080	-92.440002
0.216160	-93.761002
0.216240	-94.640999
0.216320	-94.817001
0.216400	-93.848999
0.216480	-92.264000
0.216560	-90.327003
0.216640	-88.654999
0.216720	-87.862999
0.216800	-88.918999
0.216880	-90.944000
0.216960	-92.792999
0.217040	-93.497002
0.217120	-92.528000
0.217200	-91.295998
0.217280	-89.974998
0.217360	-89.095001
0.217440	-88.303001
0.217520	-88.214996
0.217600	-88.478996
0.217680	-88.214996
0.217760	-87.774002
0.217840	-87.246002
0.217920	-87.421997
0.218000	-88.831001
0.218080	-91.295998
0.218160	-93.233002
0.218240	-93.233002
0.218320	-90.856003
0.218400	-87.421997
0.218480	-84.429001
0.218560	-83.549004
0.218640	-84.077003
0.218720	-85.133003
0.218800	-85.662003
0.218880	-85.837997
0.218960	-85.750000
0.219040	-86.718002
0.219120	-88.214996
0.219200	-89.887001
0.219280	-91.208000
0.219360	-91.208000
0.219440	-90.063004
0.219520	-89.887001
0.219600	-90.767998
0.219680	-92.087997
0.219760	-93.320999
0.219840	-94.112999
0.219920	-94.817001
0.220000	-94.640999
0.220080	-93.761002
0.220160	-91.823997
0.220240	-90.063004
0.220320	-90.063004
0.220400	-91.736000
0.220480	-93.408997
0.220560	-94.200996
0.220640	-93.936996
0.220720	-92.968002
0.220800	-92.792999
0.220880	-93.144997
0.220960	-93.320999
0.221040	-92.528000
0.221120	-91.472000
0.221200	-91.295998
0.221280	-92.528000
0.221360	-94.992996
0.221440	-96.930000
0.221520	-97.458000
0.221600	-96.489998
0.221680	-94.464996
0.221760	-92.792999
0.221840	-92.176003
0.221920	-92.176003
0.222000	-91.648003
0.222080	-90.063004
0.222160	-88.567001
0.222240	-87.862999
0.222320	-88.303001
0.222400	-89.535004
0.222480	-90.680000
0.222560	-91.648003
0.222640	-91.384003
0.222720	-90.415001
0.222800	-89.007004
0.222880	-87.862999
0.222960	-88.654999
0.223040	-89.710999
0.223120	-89.887001
0.223200	-88.742996
0.223280	-87.070000
0.223360	-86.365997
0.223440	-86.718002
0.223520	-87.686996
0.223600	-88.214996
0.223680	-88.303001
0.223760	-87.598000
0.223840	-86.893997
0.223920	-86.014000
0.224000	-85.837997
0.224080	-85.486000
0.224160	-85.044998
0.224240	-83.549004
0.224320	-82.139999
0.224400	-81.171997
0.224480	-81.171997
0.224560	-81.524002
0.224640	-82.668999
0.224720	-83.637001
0.224800	-83.901001
0.224880	-84.341003
0.224960	-84.341003
0.225040	-84.341003
0.225120	-84.516998
0.225200	-84.429001
0.225280	-83.724998
0.225360	-82.932999
0.225440	-81.348000
0.225520	-79.675003
0.225600	-77.915001
0.225680	-77.297997
0.225760	-77.386002
0.225840	-78.002998
0.225920	-78.266998
0.226000	-78.179001
0.226080	-79.147003
0.226160	-80.732002
0.226240	-82.139999
0.226320	-81.963997
0.226400	-79.850998
0.226480	-76.945999
0.226560	-73.777000
0.226640	-71.928001
0.226720	-71.575996
0.226800	-71.839996
0.226880	-71.928001
0.226960	-71.487999
0.227040	-69.991997
0.227120	-69.287003
0.227200	-70.079002
0.227280	-71.400002
0.227360	-72.103996
0.227440	-70.783997
0.227520	-68.142998
0.227600	-66.029999
0.227680	-65.589996
0.227760	-66.206001
0.227840	-67.085999
0.227920	-67.262001
0.228000	-66.117996
0.228080	-65.061996
0.228160	-63.917000
0.228240	-63.477001
0.228320	-63.036999
0.228400	-62.068001
0.228480	-60.484001
0.228560	-59.075001
0.228640	-58.283001
0.228720	-59.075001
0.228800	-61.188000
0.228880	-63.125000
0.228960	-63.300999
0.229040	-61.188000
0.229120	-58.283001
0.229200	-56.610001
0.229280	-56.785999
0.229360	-57.667000
0.229440	-57.403000
0.229520	-55.730000
0.229600	-53.969002
0.229680	-52.737000
0.229760	-52.737000
0.229840	-53.705002
0.229920	-54.409000
0.230000	-54.409000
0.230080	-53.089001
0.230160	-50.976002
0.230240	-48.775002
0.230320	-47.719002
0.230400	-47.455002
0.230480	-47.983002
0.230560	-47.719002
0.230640	-46.486000
0.230720	-44.724998
0.230800	-43.140999
0.230880	-41.731998
0.230960	-40.939999
0.231040	-40.500000
0.231120	-40.324001
0.231200	-39.972000
0.231280	-39.266998
0.231360	-38.299000
0.231440	-36.714001
0.231520	-35.394001
0.231600	-34.689999
0.231680	-35.130001
0.231760	-36.098000
0.231840	-36.714001
0.231920	-35.745998
0.232000	-33.985001
0.232080	-32.488998
0.232160	-30.903999
0.232240	-28.438999
0.232320	-25.709999
0.232400	-23.773001
0.232480	-23.509001
0.232560	-23.509001
0.232640	-23.509001
0.232720	-23.509001
0.232800	-23.597000
0.232880	-24.212999
0.232960	-25.006001
0.233040	-24.212999
0.233120	-22.629000
0.233200	-21.132000
0.233280	-19.900000
0.233360	-19.284000
0.233440	-18.931000
0.233520	-17.698999
0.233600	-15.322000
0.233680	-12.593000
0.233760	-11.360000
0.233840	-12.153000
0.233920	-14.177000
0.234000	-15.674000
0.234080	-15.234000
0.234160	-12.593000
0.234240	-9.423600
0.234320	-6.958600
0.234400	-5.638100
0.234480	-5.286000
0.234560	-5.286000
0.234640	-5.462000
0.234720	-5.638100
0.234800	-6.078300
0.234880	-6.782600
0.234960	-6.870600
0.235040	-6.078300
0.235120	-4.053500
0.235200	-1.588500
0.235280	1.052500
0.235360	3.517500
0.235440	5.014100
0.235520	5.190100
0.235600	5.014100
0.235680	4.662000
0.235760	4.397800
0.235840	4.573900
0.235920	5.718400
0.236000	7.303000
0.236080	8.975600
0.236160	10.296000
0.236240	11.177000
0.236320	12.233000
0.236400	13.113000
0.236480	13.642000
0.236560	14.170000
0.236640	14.698000
0.236720	15.666000
0.236800	16.194000
0.236880	16.018000
0.236960	15.226000
0.237040	14.170000
0.237120	13.729000
0.237200	14.346000
0.237280	16.194000
0.237360	18.042999
0.237440	19.452000
0.237520	19.892000
0.237600	19.188000
0.237680	17.691000
0.237760	16.371000
0.237840	16.635000
0.237920	18.924000
0.238000	23.589001
0.238080	27.990999
0.238160	30.544001
0.238240	30.016001
0.238320	28.431000
0.238400	27.023001
0.238480	27.375000
0.238560	29.048000
0.238640	30.280001
0.238720	30.280001
0.238800	29.224001
0.238880	29.312000
0.238960	30.896000
0.239040	34.153999
0.239120	36.707001
0.239200	38.643002
0.239280	39.875999
0.239360	41.637001
0.239440	43.924999
0.239520	45.686001
0.239600	45.509998
0.239680	44.102001
0.239760	43.308998
0.239840	43.044998
0.239920	43.660999
0.240000	44.188999
0.240080	44.630001
0.240160	45.245998
0.240240	46.567001
0.240320	48.591000
0.240400	50.703999
0.240480	52.376999
0.240560	53.432999
0.240640	54.049000
0.240720	54.224998
0.240800	53.785000
0.240880	53.521000
0.240960	53.609001
0.241040	54.490002
0.241120	55.194000
0.241200	55.105999
0.241280	54.402000
0.241360	53.785000
0.241440	54.402000
0.241520	56.425999
0.241600	58.890999
0.241680	61.004002
0.241760	61.619999
0.241840	61.444000
0.241920	60.916000
0.242000	60.740002
0.242080	61.180000
0.242160	62.148998
0.242240	63.117001
0.242320	63.645000
0.242400	63.645000
0.242480	64.084999
0.242560	65.318001
0.242640	66.461998
0.242720	67.254997
0.242800	68.399002
0.242880	69.543999
0.242960	71.216003
0.243040	73.329002
0.243120	75.001999
0.243200	75.089996
0.243280	73.593002
0.243360	71.655998
0.243440	70.952003
0.243520	72.448997
0.243600	74.914001
0.243680	76.234001
0.243760	75.442001
0.243840	73.417000
0.243920	71.655998
0.244000	71.655998
0.244080	73.681000
0.244160	76.057999
0.244240	77.819000
0.244320	78.962997
0.244400	80.283997
0.244480	82.132004
0.244560	83.717003
0.244640	84.245003
0.244720	83.277000
0.244800	82.132004
0.244880	81.428001
0.244960	81.339996
0.245040	81.956001
0.245120	82.132004
0.245200	81.251999
0.245280	79.490997
0.245360	78.434998
0.245440	78.787003
0.245520	80.195999
0.245600	81.867996
0.245680	82.925003
0.245760	82.925003
0.245840	81.779999
0.245920	80.547997
0.246000	80.372002
0.246080	81.428001
0.246160	83.628998
0.246240	85.830002
0.246320	87.943001
0.246400	89.263000
0.246480	90.232002
0.246560	90.760002
0.246640	90.671997
0.246720	90.496002
0.246800	91.112000
0.246880	92.785004
0.246960	94.457001
0.247040	95.514000
0.247120	95.865997
0.247200	95.601997
0.247280	95.073997
0.247360	94.809998
0.247440	94.897003
0.247520	95.690002
0.247600	95.865997
0.247680	95.690002
0.247760	95.865997
0.247840	96.921997
0.247920	98.067001
0.248000	98.682999
0.248080	98.242996
0.248160	97.978996
0.248240	98.771004
0.248320	101.059998
0.248400	103.260002
0.248480	104.050003
0.248560	103.080002
0.248640	100.970001
0.248720	99.651001
0.248800	99.387001
0.248880	100.269997
0.248960	101.680000
0.249040	103.000000
0.249120	103.959999
0.249200	104.050003
0.249280	103.260002
0.249360	101.410004
0.249440	99.827003
0.249520	98.946999
0.249600	99.035004
0.249680	99.474998
0.249760	99.299004
0.249840	98.595001
0.249920	98.067001
0.250000	98.595001
0.250080	99.827003
0.250160	100.440002
0.250240	99.563004
0.250320	98.682999
0.250400	98.418999
0.250480	99.299004
0.250560	101.150002
0.250640	103.260002
0.250720	105.019997
0.250800	105.199997
0.250880	104.320000
0.250960	103.169998
0.251040	103.080002
0.251120	103.959999
0.251200	105.550003
0.251280	106.779999
0.251360	106.610001
0.251440	105.199997
0.251520	102.910004
0.251600	100.970001
0.251680	100.800003
0.251760	102.730003
0.251840	105.199997
0.251920	106.519997
0.252000	106.080002
0.252080	105.459999
0.252160	105.550003
0.252240	106.870003
0.252320	108.629997
0.252400	109.779999
0.252480	109.690002
0.252560	108.809998
0.252640	107.839996
0.252720	107.129997
0.252800	106.430000
0.252880	106.080002
0.252960	105.730003
0.253040	105.290001
0.253120	104.930000
0.253200	104.489998
0.253280	104.320000
0.253360	103.959999
0.253440	104.050003
0.253520	105.019997
0.253600	105.989998
0.253680	106.169998
0.253760	104.669998
0.253840	102.379997
0.253920	99.827003
0.254000	97.539001
0.254080	95.865997
0.254160	95.601997
0.254240	96.921997
0.254320	99.738998
0.254400	102.910004
0.254480	104.760002
0.254560	104.930000
0.254640	103.440002
0.254720	100.970001
0.254800	98.154999
0.254880	96.570000
0.254960	97.098000
0.255040	99.474998
0.255120	102.559998
0.255200	103.959999
0.255280	103.260002
0.255360	101.500000
0.255440	100.269997
0.255520	100.970001
0.255600	102.910004
0.255680	103.959999
0.255760	103.610001
0.255840	101.500000
0.255920	98.859001
0.256000	97.450996
0.256080	97.274002
0.256160	98.331001
0.256240	99.651001
0.256320	100.440002
0.256400	100.529999
0.256480	100.620003
0.256560	101.239998
0.256640	101.849998
0.256720	102.029999
0.256800	100.879997
0.256880	98.595001
0.256960	97.714996
0.257040	98.595001
0.257120	101.239998
0.257200	103.879997
0.257280	104.400002
0.257360	103.260002
0.257440	101.150002
0.257520	99.563004
0.257600	99.035004
0.257680	100.180000
0.257760	101.680000
0.257840	102.379997
0.257920	102.559998
0.258000	101.849998
0.258080	100.879997
0.258160	99.474998
0.258240	97.803001
0.258320	96.218002
0.258400	95.162003
0.258480	94.633003
0.258560	94.544998
0.258640	94.544998
0.258720	94.105003
0.258800	92.344002
0.258880	91.024002
0.258960	91.112000
0.259040	93.401001
0.259120	96.570000
0.259200	99.474998
0.259280	100.440002
0.259360	98.946999
0.259440	96.129997
0.259520	93.577003
0.259600	92.167999
0.259680	92.167999
0.259760	92.873001
0.259840	93.841003
0.259920	94.985001
0.260000	96.570000
0.260080	97.626999
0.260160	98.242996
0.260240	97.714996
0.260320	97.098000
0.260400	96.129997
0.260480	95.337997
0.260560	94.369003
0.260640	94.280998
0.260720	95.250000
0.260800	96.570000
0.260880	97.626999
0.260960	97.450996
0.261040	96.129997
0.261120	93.577003
0.261200	90.671997
0.261280	89.086998
0.261360	90.143997
0.261440	92.432999
0.261520	94.280998
0.261600	94.721001
0.261680	93.929001
0.261760	92.785004
0.261840	92.432999
0.261920	92.696999
0.262000	93.488998
0.262080	94.280998
0.262160	94.105003
0.262240	93.049004
0.262320	91.816002
0.262400	91.552002
0.262480	92.521004
0.262560	94.105003
0.262640	94.633003
0.262720	93.929001
0.262800	92.344002
0.262880	90.760002
0.262960	90.407997
0.263040	91.463997
0.263120	92.696999
0.263200	92.521004
0.263280	90.935997
0.263360	88.911003
0.263440	87.943001
0.263520	88.647003
0.263600	90.056000
0.263680	90.407997
0.263760	89.968002
0.263840	90.232002
0.263920	90.496002
0.264000	91.024002
0.264080	91.639999
0.264160	92.080002
0.264240	91.375999
0.264320	90.143997
0.264400	87.502998
0.264480	85.125999
0.264560	84.420998
0.264640	85.038002
0.264720	86.094002
0.264800	86.622002
0.264880	86.358002
0.264960	85.653999
0.265040	85.566002
0.265120	86.005997
0.265200	87.061996
0.265280	88.294998
0.265360	89.086998
0.265440	88.558998
0.265520	87.325996
0.265600	85.477997
0.265680	83.981003
0.265760	83.100998
0.265840	82.749001
0.265920	82.220001
0.266000	81.428001
0.266080	81.515999
0.266160	82.485001
0.266240	83.805000
0.266320	84.685997
0.266400	85.125999
0.266480	85.125999
0.266560	84.245003
0.266640	83.277000
0.266720	82.836998
0.266800	83.364998
0.266880	84.156998
0.266960	84.420998
0.267040	83.981003
0.267120	83.364998
0.267200	83.453003
0.267280	84.245003
0.267360	85.125999
0.267440	85.653999
0.267520	85.302002
0.267600	83.628998
0.267680	80.636002
0.267760	77.114998
0.267840	74.737999
0.267920	75.001999
0.268000	77.642998
0.268080	80.723999
0.268160	82.043999
0.268240	81.428001
0.268320	79.931999
0.268400	78.170998
0.268480	77.114998
0.268560	75.793999
0.268640	74.473999
0.268720	73.153000
0.268800	72.625000
0.268880	74.032997
0.268960	77.114998
0.269040	80.459999
0.269120	82.220001
0.269200	81.603996
0.269280	79.667999
0.269360	77.906998
0.269440	77.731003
0.269520	78.787003
0.269600	79.755997
0.269680	80.019997
0.269760	79.226997
0.269840	78.434998
0.269920	77.819000
0.270000	77.202003
0.270080	76.498001
0.270160	75.970001
0.270240	75.442001
0.270320	75.442001
0.270400	75.970001
0.270480	76.498001
0.270560	76.234001
0.270640	75.178001
0.270720	73.945000
0.270800	74.385002
0.270880	76.057999
0.270960	78.170998
0.271040	79.490997
0.271120	79.667999
0.271200	79.315002
0.271280	78.611000
0.271360	77.555000
0.271440	75.793999
0.271520	73.945000
0.271600	72.889000
0.271680	73.504997
0.271760	75.178001
0.271840	76.585999
0.271920	76.849998
0.272000	75.617996
0.272080	73.681000
0.272160	70.688004
0.272240	67.607002
0.272320	65.494003
0.272400	65.230003
0.272480	66.374001
0.272560	66.725998
0.272640	65.318001
0.272720	62.148998
0.272800	58.890999
0.272880	56.689999
0.272960	56.161999
0.273040	56.778000
0.273120	58.275002
0.273200	60.476002
0.273280	62.676998
0.273360	63.997002
0.273440	63.117001
0.273520	60.388000
0.273600	57.131001
0.273680	54.049000
0.273760	52.112999
0.273840	50.880001
0.273920	50.088001
0.274000	48.679001
0.274080	47.007000
0.274160	45.245998
0.274240	44.278000
0.274320	44.717999
0.274400	46.037998
0.274480	47.359001
0.274560	47.623001
0.274640	46.743000
0.274720	45.509998
0.274800	44.542000
0.274880	44.453999
0.274960	44.717999
0.275040	45.334000
0.275120	45.862000
0.275200	46.214001
0.275280	45.598000
0.275360	44.278000
0.275440	42.780998
0.275520	42.077000
0.275600	41.459999
0.275680	40.580002
0.275760	39.172001
0.275840	37.587002
0.275920	36.794998
0.276000	36.529999
0.276080	36.971001
0.276160	37.674999
0.276240	37.410999
0.276320	35.737999
0.276400	33.185001
0.276480	30.719999
0.276560	29.752001
0.276640	30.280001
0.276720	31.160000
0.276800	31.952999
0.276880	32.305000
0.276960	32.393002
0.277040	31.513000
0.277120	29.927999
0.277200	28.431000
0.277280	27.639000
0.277360	27.375000
0.277440	26.934999
0.277520	26.759001
0.277600	26.495001
0.277680	26.319000
0.277760	25.790001
0.277840	24.382000
0.277920	22.621000
0.278000	21.124001
0.278080	20.156000
0.278160	19.804001
0.278240	20.332001
0.278320	21.389000
0.278400	22.357000
0.278480	22.973000
0.278560	23.149000
0.278640	23.500999
0.278720	24.030001
0.278800	24.558001
0.278880	24.822001
0.278960	24.558001
0.279040	23.764999
0.279120	21.476999
0.279200	19.188000
0.279280	17.514999
0.279360	17.163000
0.279440	17.427000
0.279520	18.483000
0.279600	19.452000
0.279680	19.628000
0.279760	18.924000
0.279840	17.339001
0.279920	15.930000
0.280000	14.874000
0.280080	14.698000
0.280160	14.874000
0.280240	15.050000
0.280320	14.874000
0.280400	14.346000
0.280480	13.554000
0.280560	13.465000
0.280640	13.554000
0.280720	13.465000
0.280800	11.705000
0.280880	10.736000
0.280960	11.353000
0.281040	13.113000
0.281120	14.786000
0.281200	15.050000
0.281280	14.962000
0.281360	13.906000
0.281440	12.409000
0.281520	10.472000
0.281600	8.359400
0.281680	6.598700
0.281760	5.366200
0.281840	4.397800
0.281920	4.397800
0.282000	5.014100
0.282080	5.806400
0.282160	6.510700
0.282240	7.038900
0.282320	7.215000
0.282400	6.950900
0.282480	6.334600
0.282560	5.190100
0.282640	3.781600
0.282720	3.253400
0.282800	4.045700
0.282880	5.454300
0.282960	6.598700
0.283040	6.510700
0.283120	5.542300
0.283200	3.957700
0.283280	1.844800
0.283360	-0.179960
0.283440	-1.236400
0.283520	-0.796200
0.283600	0.788420
0.283680	2.813200
0.283760	3.957700
0.283840	3.693600
0.283920	2.020900
0.284000	0.084142
0.284080	-1.324400
0.284160	-1.676600
0.284240	-0.796200
0.284320	0.084142
0.284400	-0.179960
0.284480	-1.148300
0.284560	-2.380800
0.284640	-3.085100
0.284720	-3.085100
0.284800	-2.292800
0.284880	-1.676600
0.284960	-1.852600
0.285040	-2.997100
0.285120	-4.229600
0.285200	-4.317600
0.285280	-3.261200
0.285360	-1.676600
0.285440	-1.940700
0.285520	-4.493700
0.285600	-9.775800
0.285680	-14.442000
0.285760	-15.938000
0.285840	-13.385000
0.285920	-8.807400
0.286000	-5.374000
0.286080	-4.053500
0.286160	-5.021900
0.286240	-7.222700
0.286320	-9.951800
0.286400	-12.065000
0.286480	-12.681000
0.286560	-11.536000
0.286640	-9.687700
0.286720	-8.631300
0.286800	-8.719300
0.286880	-9.951800
0.286960	-11.360000
0.287040	-12.769000
0.287120	-13.825000
0.287200	-14.354000
0.287280	-13.561000
0.287360	-12.241000
0.287440	-10.832000
0.287520	-10.128000
0.287600	-10.128000
0.287680	-10.920000
0.287760	-12.681000
0.287840	-15.146000
0.287920	-16.554001
0.288000	-16.642000
0.288080	-14.882000
0.288160	-12.593000
0.288240	-11.360000
0.288320	-12.417000
0.288400	-15.146000
0.288480	-18.403000
0.288560	-20.340000
0.288640	-20.604000
0.288720	-18.931000
0.288800	-17.171000
0.288880	-16.114000
0.288960	-16.466000
0.289040	-18.315001
0.289120	-20.604000
0.289200	-22.365000
0.289280	-22.629000
0.289360	-21.572001
0.289440	-20.252001
0.289520	-20.164000
0.289600	-21.572001
0.289680	-24.212999
0.289760	-26.502001
0.289840	-27.031000
0.289920	-25.798000
0.290000	-23.509001
0.290080	-21.660000
0.290160	-21.396000
0.290240	-22.188999
0.290320	-22.981001
0.290400	-23.421000
0.290480	-23.333000
0.290560	-22.716999
0.290640	-21.219999
0.290720	-19.018999
0.290800	-17.698999
0.290880	-18.843000
0.290960	-22.452999
0.291040	-25.886000
0.291120	-26.854000
0.291200	-25.534000
0.291280	-24.302000
0.291360	-24.125000
0.291440	-24.917999
0.291520	-25.534000
0.291600	-25.886000
0.291680	-26.502001
0.291760	-27.118999
0.291840	-27.823000
0.291920	-28.263000
0.292000	-28.087000
0.292080	-27.382999
0.292160	-27.471001
0.292240	-28.087000
0.292320	-29.231001
0.292400	-30.552000
0.292480	-31.520000
0.292560	-31.431999
0.292640	-30.464001
0.292720	-29.143000
0.292800	-27.735001
0.292880	-27.559000
0.292960	-27.999001
0.293040	-29.319000
0.293120	-30.728001
0.293200	-32.488998
0.293280	-33.632999
0.293360	-33.896999
0.293440	-33.016998
0.293520	-31.256001
0.293600	-29.496000
0.293680	-28.615000
0.293760	-29.055000
0.293840	-30.816000
0.293920	-32.137001
0.294000	-32.224998
0.294080	-30.903999
0.294160	-29.672001
0.294240	-30.200001
0.294320	-32.401001
0.294400	-35.306000
0.294480	-37.067001
0.294560	-37.507000
0.294640	-36.186001
0.294720	-34.778000
0.294800	-33.896999
0.294880	-34.073002
0.294960	-34.866001
0.295040	-35.834000
0.295120	-36.801998
0.295200	-37.243000
0.295280	-36.889999
0.295360	-36.889999
0.295440	-37.507000
0.295520	-38.651001
0.295600	-38.915001
0.295680	-38.123001
0.295760	-36.889999
0.295840	-36.186001
0.295920	-36.273998
0.296000	-37.067001
0.296080	-37.771000
0.296160	-37.331001
0.296240	-36.009998
0.296320	-34.953999
0.296400	-34.778000
0.296480	-35.394001
0.296560	-36.362000
0.296640	-37.418999
0.296720	-37.595001
0.296800	-38.474998
0.296880	-39.532001
0.296960	-40.588001
0.297040	-40.764000
0.297120	-40.060001
0.297200	-39.091000
0.297280	-38.651001
0.297360	-39.532001
0.297440	-39.883999
0.297520	-39.179001
0.297600	-37.243000
0.297680	-35.481998
0.297760	-36.098000
0.297840	-38.299000
0.297920	-40.852001
0.298000	-42.173000
0.298080	-42.348999
0.298160	-42.173000
0.298240	-42.525002
0.298320	-42.437000
0.298400	-41.995998
0.298480	-41.292000
0.298560	-41.731998
0.298640	-42.965000
0.298720	-44.285000
0.298800	-44.549000
0.298880	-43.317001
0.298960	-41.644001
0.299040	-41.028000
0.299120	-41.731998
0.299200	-43.317001
0.299280	-44.902000
0.299360	-45.782001
0.299440	-46.310001
0.299520	-46.661999
0.299600	-47.014000
0.299680	-46.750000
0.299760	-45.869999
0.299840	-45.077999
0.299920	-44.990002
0.300000	-45.341999
0.300080	-45.077999
0.300160	-44.285000
0.300240	-43.229000
0.300320	-42.084000
0.300400	-41.908001
0.300480	-43.053001
0.300560	-45.518002
0.300640	-47.367001
0.300720	-48.247002
0.300800	-47.631001
0.300880	-46.486000
0.300960	-45.869999
0.301040	-46.574001
0.301120	-47.542999
0.301200	-48.247002
0.301280	-49.215000
0.301360	-50.096001
0.301440	-51.504002
0.301520	-53.617001
0.301600	-54.938000
0.301680	-54.584999
0.301760	-52.473000
0.301840	-49.919998
0.301920	-48.159000
0.302000	-47.895000
0.302080	-48.423000
0.302160	-48.951000
0.302240	-48.511002
0.302320	-46.925999
0.302400	-45.869999
0.302480	-46.574001
0.302560	-48.511002
0.302640	-50.535999
0.302720	-51.152000
0.302800	-50.624001
0.302880	-49.743000
0.302960	-48.951000
0.303040	-49.126999
0.303120	-49.654999
0.303200	-49.832001
0.303280	-49.126999
0.303360	-48.687000
0.303440	-49.390999
0.303520	-51.327999
0.303600	-53.969002
0.303680	-56.346001
0.303760	-57.313999
0.303840	-57.226002
0.303920	-56.521999
0.304000	-56.521999
0.304080	-57.403000
0.304160	-58.547001
0.304240	-58.898998
0.304320	-57.755001
0.304400	-55.202000
0.304480	-52.561001
0.304560	-51.327999
0.304640	-51.504002
0.304720	-53.000999
0.304800	-54.938000
0.304880	-56.082001
0.304960	-56.610001
0.305040	-57.226002
0.305120	-58.106998
0.305200	-58.547001
0.305280	-57.931000
0.305360	-55.993999
0.305440	-53.969002
0.305520	-53.881001
0.305600	-55.993999
0.305680	-59.426998
0.305760	-62.243999
0.305840	-63.300999
0.305920	-62.421001
0.306000	-60.660000
0.306080	-59.250999
0.306160	-59.075001
0.306240	-59.603001
0.306320	-59.603001
0.306400	-58.723000
0.306480	-57.842999
0.306560	-57.755001
0.306640	-59.339001
0.306720	-61.363998
0.306800	-62.949001
0.306880	-63.477001
0.306960	-63.477001
0.307040	-64.004997
0.307120	-64.532997
0.307200	-64.532997
0.307280	-64.004997
0.307360	-63.564999
0.307440	-63.477001
0.307520	-63.917000
0.307600	-64.621002
0.307680	-65.678001
0.307760	-66.646004
0.307840	-66.557999
0.307920	-65.501999
0.308000	-64.532997
0.308080	-64.532997
0.308160	-65.589996
0.308240	-66.557999
0.308320	-66.293999
0.308400	-65.237999
0.308480	-64.532997
0.308560	-64.268997
0.308640	-64.709000
0.308720	-65.589996
0.308800	-66.293999
0.308880	-66.117996
0.308960	-64.445000
0.309040	-62.068001
0.309120	-60.396000
0.309200	-59.956001
0.309280	-60.571999
0.309360	-62.421001
0.309440	-64.181000
0.309520	-65.589996
0.309600	-65.589996
0.309680	-64.885002
0.309760	-63.917000
0.309840	-64.357002
0.309920	-66.293999
