-0.020080	0.000061
-0.020000	-0.024435
-0.019920	-0.012187
-0.019840	-0.024435
-0.019760	-0.024435
-0.019680	-0.012187
-0.019600	-0.048930
-0.019520	-0.024435
-0.019440	-0.036683
-0.019360	-0.036683
-0.019280	-0.036683
-0.019200	-0.024435
-0.019120	-0.024435
-0.019040	-0.024435
-0.018960	-0.012187
-0.018880	-0.012187
-0.018800	-0.024435
-0.018720	-0.012187
-0.018640	-0.036683
-0.018560	-0.036683
-0.018480	-0.012187
-0.018400	0.000061
-0.018320	-0.012187
-0.018240	-0.024435
-0.018160	-0.036683
-0.018080	-0.024435
-0.018000	-0.012187
-0.017920	-0.012187
-0.017840	-0.024435
-0.017760	-0.036683
-0.017680	-0.048930
-0.017600	-0.012187
-0.017520	-0.012187
-0.017440	-0.024435
-0.017360	-0.012187
-0.017280	-0.036683
-0.017200	-0.012187
-0.017120	-0.012187
-0.017040	-0.024435
-0.016960	0.012308
-0.016880	-0.012187
-0.016800	0.012308
-0.016720	0.012308
-0.016640	0.000061
-0.016560	0.012308
-0.016480	0.012308
-0.016400	-0.036683
-0.016320	-0.048930
-0.016240	-0.012187
-0.016160	-0.036683
-0.016080	-0.024435
-0.016000	-0.012187
-0.015920	-0.061178
-0.015840	-0.012187
-0.015760	-0.012187
-0.015680	-0.024435
-0.015600	0.000061
-0.015520	0.000061
-0.015440	-0.024435
-0.015360	0.000061
-0.015280	0.000061
-0.015200	-0.012187
-0.015120	-0.012187
-0.015040	-0.024435
-0.014960	-0.024435
-0.014880	-0.024435
-0.014800	-0.024435
-0.014720	-0.012187
-0.014640	-0.024435
-0.014560	-0.036683
-0.014480	-0.024435
-0.014400	-0.024435
-0.014320	-0.012187
-0.014240	0.000061
-0.014160	0.000061
-0.014080	-0.012187
-0.014000	-0.012187
-0.013920	0.000061
-0.013840	-0.024435
-0.013760	-0.012187
-0.013680	-0.012187
-0.013600	-0.012187
-0.013520	-0.024435
-0.013440	-0.012187
-0.013360	-0.012187
-0.013280	-0.024435
-0.013200	-0.036683
-0.013120	-0.012187
-0.013040	0.000061
-0.012960	0.012308
-0.012880	0.000061
-0.012800	0.000061
-0.012720	-0.012187
-0.012640	-0.024435
-0.012560	-0.048930
-0.012480	-0.012187
-0.012400	0.012308
-0.012320	0.012308
-0.012240	0.012308
-0.012160	0.024556
-0.012080	-0.012187
-0.012000	-0.012187
-0.011920	0.012308
-0.011840	0.000061
-0.011760	-0.012187
-0.011680	0.012308
-0.011600	-0.012187
-0.011520	-0.024435
-0.011440	-0.024435
-0.011360	-0.012187
-0.011280	-0.024435
-0.011200	-0.012187
-0.011120	0.000061
-0.011040	-0.012187
-0.010960	-0.024435
-0.010880	-0.048930
-0.010800	-0.048930
-0.010720	-0.024435
-0.010640	-0.036683
-0.010560	-0.012187
-0.010480	-0.012187
-0.010400	0.000061
-0.010320	-0.012187
-0.010240	0.000061
-0.010160	0.000061
-0.010080	0.000061
-0.010000	-0.024435
-0.009920	0.012308
-0.009840	0.000061
-0.009760	0.012308
-0.009680	0.024556
-0.009600	0.024556
-0.009520	0.036804
-0.009440	0.012308
-0.009360	0.012308
-0.009280	0.000061
-0.009200	0.012308
-0.009120	0.012308
-0.009040	0.000061
-0.008960	0.012308
-0.008880	0.000061
-0.008800	-0.012187
-0.008720	-0.012187
-0.008640	0.000061
-0.008560	0.000061
-0.008480	-0.012187
-0.008400	0.012308
-0.008320	0.000061
-0.008240	0.012308
-0.008160	0.012308
-0.008080	0.000061
-0.008000	-0.012187
-0.007920	-0.012187
-0.007840	-0.012187
-0.007760	-0.024435
-0.007680	-0.036683
-0.007600	-0.024435
-0.007520	-0.012187
-0.007440	0.000061
-0.007360	-0.012187
-0.007280	-0.036683
-0.007200	-0.036683
-0.007120	-0.012187
-0.007040	0.000061
-0.006960	0.000061
-0.006880	0.012308
-0.006800	0.024556
-0.006720	0.000061
-0.006640	0.012308
-0.006560	0.000061
-0.006480	-0.012187
-0.006400	-0.012187
-0.006320	-0.012187
-0.006240	0.000061
-0.006160	0.000061
-0.006080	-0.024435
-0.006000	-0.024435
-0.005920	0.000061
-0.005840	-0.024435
-0.005760	-0.024435
-0.005680	0.000061
-0.005600	-0.024435
-0.005520	-0.012187
-0.005440	0.000061
-0.005360	0.000061
-0.005280	-0.012187
-0.005200	0.000061
-0.005120	-0.024435
-0.005040	-0.012187
-0.004960	-0.024435
-0.004880	-0.012187
-0.004800	0.000061
-0.004720	0.000061
-0.004640	0.012308
-0.004560	0.012308
-0.004480	0.000061
-0.004400	0.000061
-0.004320	0.000061
-0.004240	0.000061
-0.004160	0.012308
-0.004080	-0.036683
-0.004000	-0.024435
-0.003920	-0.024435
-0.003840	0.000061
-0.003760	0.012308
-0.003680	0.000061
-0.003600	0.000061
-0.003520	-0.012187
-0.003440	0.000061
-0.003360	0.000061
-0.003280	0.012308
-0.003200	0.000061
-0.003120	0.000061
-0.003040	-0.012187
-0.002960	0.012308
-0.002880	0.024556
-0.002800	0.049051
-0.002720	0.024556
-0.002640	0.024556
-0.002560	0.012308
-0.002480	0.012308
-0.002400	0.012308
-0.002320	-0.012187
-0.002240	-0.012187
-0.002160	-0.024435
-0.002080	-0.012187
-0.002000	0.012308
-0.001920	0.000061
-0.001840	0.000061
-0.001760	-0.024435
-0.001680	0.000061
-0.001600	-0.012187
-0.001520	-0.024435
-0.001440	-0.012187
-0.001360	-0.012187
-0.001280	0.012308
-0.001200	-0.012187
-0.001120	0.000061
-0.001040	-0.012187
-0.000960	-0.036683
-0.000880	-0.024435
-0.000800	-0.061178
-0.000720	-0.024435
-0.000640	-0.024435
-0.000560	-0.024435
-0.000480	-0.024435
-0.000400	-0.012187
-0.000320	0.012308
-0.000240	0.000061
-0.000160	0.012308
-0.000080	0.012308
0.000000	-0.024435
0.000080	-0.036683
0.000160	-0.048930
0.000240	0.049051
0.000320	0.036804
0.000400	0.012308
0.000480	0.012308
0.000560	0.000061
0.000640	-0.036683
0.000720	-0.012187
0.000800	-0.024435
0.000880	-0.024435
0.000960	-0.012187
0.001040	0.000061
0.001120	-0.024435
0.001200	0.000061
0.001280	-0.024435
0.001360	-0.024435
0.001440	-0.012187
0.001520	0.012308
0.001600	0.036804
0.001680	0.012308
0.001760	0.012308
0.001840	-0.012187
0.001920	0.012308
0.002000	0.024556
0.002080	0.061299
0.002160	0.061299
0.002240	0.061299
0.002320	0.024556
0.002400	-0.012187
0.002480	-0.024435
0.002560	-0.024435
0.002640	-0.012187
0.002720	0.000061
0.002800	0.024556
0.002880	0.000061
0.002960	0.012308
0.003040	0.000061
0.003120	0.000061
0.003200	-0.012187
0.003280	0.000061
0.003360	0.012308
0.003440	0.012308
0.003520	-0.012187
0.003600	0.012308
0.003680	0.012308
0.003760	0.012308
0.003840	0.000061
0.003920	-0.012187
0.004000	0.000061
0.004080	-0.012187
0.004160	0.012308
0.004240	-0.012187
0.004320	0.012308
0.004400	0.012308
0.004480	-0.012187
0.004560	0.012308
0.004640	0.012308
0.004720	0.012308
0.004800	0.024556
0.004880	0.000061
0.004960	0.012308
0.005040	0.000061
0.005120	-0.012187
0.005200	0.000061
0.005280	-0.024435
0.005360	0.012308
0.005440	0.000061
0.005520	0.000061
0.005600	0.012308
0.005680	0.000061
0.005760	0.012308
0.005840	0.012308
0.005920	-0.012187
0.006000	0.000061
0.006080	0.012308
0.006160	0.012308
0.006240	0.036804
0.006320	0.012308
0.006400	0.000061
0.006480	0.000061
0.006560	0.012308
0.006640	0.012308
0.006720	0.036804
0.006800	0.049051
0.006880	0.012308
0.006960	0.000061
0.007040	0.012308
0.007120	0.000061
0.007200	0.000061
0.007280	0.000061
0.007360	0.012308
0.007440	0.012308
0.007520	0.012308
0.007600	0.000061
0.007680	0.012308
0.007760	0.000061
0.007840	0.000061
0.007920	-0.012187
0.008000	-0.024435
0.008080	-0.036683
0.008160	-0.024435
0.008240	-0.024435
0.008320	0.012308
0.008400	-0.012187
0.008480	-0.024435
0.008560	-0.012187
0.008640	0.000061
0.008720	0.000061
0.008800	0.012308
0.008880	0.012308
0.008960	0.000061
0.009040	0.012308
0.009120	0.012308
0.009200	0.000061
0.009280	-0.012187
0.009360	0.000061
0.009440	0.000061
0.009520	0.036804
0.009600	0.036804
0.009680	0.049051
0.009760	0.049051
0.009840	0.024556
0.009920	0.036804
0.010000	0.024556
0.010080	0.061299
0.010160	0.049051
0.010240	0.049051
0.010320	0.061299
0.010400	0.049051
0.010480	0.061299
0.010560	0.036804
0.010640	0.049051
0.010720	0.049051
0.010800	0.061299
0.010880	0.061299
0.010960	0.122540
0.011040	0.085794
0.011120	0.085794
0.011200	0.000061
0.011280	-0.024435
0.011360	-0.036683
0.011440	-0.048930
0.011520	-0.048930
0.011600	-0.012187
0.011680	0.036804
0.011760	0.085794
0.011840	0.110290
0.011920	0.134780
0.012000	0.147030
0.012080	0.134780
0.012160	0.098042
0.012240	0.073547
0.012320	0.024556
0.012400	0.012308
0.012480	0.036804
0.012560	0.085794
0.012640	0.147030
0.012720	0.159280
0.012800	0.122540
0.012880	0.085794
0.012960	0.049051
0.013040	-0.012187
0.013120	-0.036683
0.013200	-0.110170
0.013280	-0.159160
0.013360	-0.220400
0.013440	-0.257140
0.013520	-0.269390
0.013600	-0.244890
0.013680	-0.195900
0.013760	-0.220400
0.013840	-0.195900
0.013920	-0.183650
0.014000	-0.122420
0.014080	0.036804
0.014160	0.220520
0.014240	0.379740
0.014320	0.477720
0.014400	0.600200
0.014480	0.722680
0.014560	0.845150
0.014640	0.955380
0.014720	1.028900
0.014800	1.114600
0.014880	1.212600
0.014960	1.310600
0.015040	1.396300
0.015120	1.494300
0.015200	1.592300
0.015280	1.727000
0.015360	1.874000
0.015440	2.020900
0.015520	2.180200
0.015600	2.278100
0.015680	2.412900
0.015760	2.535300
0.015840	2.645600
0.015920	2.817000
0.016000	2.939500
0.016080	3.111000
0.016160	3.245700
0.016240	3.417200
0.016320	3.564100
0.016400	3.747900
0.016480	3.919300
0.016560	4.054000
0.016640	4.176500
0.016720	4.348000
0.016800	4.495000
0.016880	4.568400
0.016960	4.641900
0.017040	4.752200
0.017120	4.715400
0.017200	4.776700
0.017280	4.764400
0.017360	4.776700
0.017440	4.788900
0.017520	4.837900
0.017600	4.862400
0.017680	4.874600
0.017760	4.850200
0.017840	4.813400
0.017920	4.752200
0.018000	4.715400
0.018080	4.666400
0.018160	4.629700
0.018240	4.580700
0.018320	4.507200
0.018400	4.421500
0.018480	4.323500
0.018560	4.225500
0.018640	4.103000
0.018720	3.980600
0.018800	3.894800
0.018880	3.796800
0.018960	3.735600
0.019040	3.649900
0.019120	3.613100
0.019200	3.576400
0.019280	3.539600
0.019360	3.502900
0.019440	3.466200
0.019520	3.429400
0.019600	3.429400
0.019680	3.453900
0.019760	3.392700
0.019840	3.343700
0.019920	3.270200
0.020000	3.221200
0.020080	3.209000
0.020160	3.209000
0.020240	3.184500
0.020320	3.172200
0.020400	3.098700
0.020480	2.988500
0.020560	2.866000
0.020640	2.682300
0.020720	2.461800
0.020800	2.241400
0.020880	2.057700
0.020960	1.874000
0.021040	1.739200
0.021120	1.641300
0.021200	1.543300
0.021280	1.482000
0.021360	1.433000
0.021440	1.335100
0.021520	1.298300
0.021600	1.249300
0.021680	1.261600
0.021760	1.212600
0.021840	1.175800
0.021920	1.188100
0.022000	1.175800
0.022080	1.151300
0.022160	1.090100
0.022240	0.992120
0.022320	0.881900
0.022400	0.796160
0.022480	0.747170
0.022560	0.685930
0.022640	0.649190
0.022720	0.612450
0.022800	0.612450
0.022880	0.636940
0.022960	0.661440
0.023040	0.698180
0.023120	0.698180
0.023200	0.710430
0.023280	0.710430
0.023360	0.698180
0.023440	0.673680
0.023520	0.624690
0.023600	0.587950
0.023680	0.538960
0.023760	0.453220
0.023840	0.367490
0.023920	0.318500
0.024000	0.281760
0.024080	0.208270
0.024160	0.196020
0.024240	0.171530
0.024320	0.147030
0.024400	0.110290
0.024480	0.085794
0.024560	0.049051
0.024640	0.061299
0.024720	0.061299
0.024800	0.085794
0.024880	0.098042
0.024960	0.098042
0.025040	0.122540
0.025120	0.122540
0.025200	0.110290
0.025280	0.147030
0.025360	0.110290
0.025440	0.134780
0.025520	0.147030
0.025600	0.183780
0.025680	0.208270
0.025760	0.232770
0.025840	0.294010
0.025920	0.367490
0.026000	0.404240
0.026080	0.477720
0.026160	0.551210
0.026240	0.649190
0.026320	0.722680
0.026400	0.771670
0.026480	0.845150
0.026560	0.869650
0.026640	0.894140
0.026720	0.881900
0.026800	0.918640
0.026880	0.930890
0.026960	0.967630
0.027040	0.930890
0.027120	0.869650
0.027200	0.783910
0.027280	0.710430
0.027360	0.710430
0.027440	0.722680
0.027520	0.820660
0.027600	0.906390
0.027680	0.918640
0.027760	0.894140
0.027840	0.894140
0.027920	0.857400
0.028000	0.857400
0.028080	0.881900
0.028160	0.869650
0.028240	0.845150
0.028320	0.832900
0.028400	0.771670
0.028480	0.734920
0.028560	0.698180
0.028640	0.661440
0.028720	0.624690
0.028800	0.649190
0.028880	0.661440
0.028960	0.698180
0.029040	0.734920
0.029120	0.747170
0.029200	0.771670
0.029280	0.820660
0.029360	0.857400
0.029440	0.918640
0.029520	0.955380
0.029600	0.979880
0.029680	0.967630
0.029760	1.016600
0.029840	1.004400
0.029920	1.041100
0.030000	1.041100
0.030080	0.967630
0.030160	0.992120
0.030240	0.894140
0.030320	0.845150
0.030400	0.808410
0.030480	0.783910
0.030560	0.771670
0.030640	0.759420
0.030720	0.734920
0.030800	0.698180
0.030880	0.722680
0.030960	0.747170
0.031040	0.747170
0.031120	0.771670
0.031200	0.747170
0.031280	0.747170
0.031360	0.661440
0.031440	0.636940
0.031520	0.624690
0.031600	0.575700
0.031680	0.538960
0.031760	0.538960
0.031840	0.477720
0.031920	0.453220
0.032000	0.404240
0.032080	0.355240
0.032160	0.330750
0.032240	0.318500
0.032320	0.318500
0.032400	0.306250
0.032480	0.306250
0.032560	0.306250
0.032640	0.330750
0.032720	0.318500
0.032800	0.294010
0.032880	0.257260
0.032960	0.183780
0.033040	0.098042
0.033120	0.024556
0.033200	-0.073426
0.033280	-0.159160
0.033360	-0.220400
0.033440	-0.330630
0.033520	-0.404110
0.033600	-0.465350
0.033680	-0.502090
0.033760	-0.538840
0.033840	-0.587830
0.033920	-0.600080
0.034000	-0.624570
0.034080	-0.624570
0.034160	-0.624570
0.034240	-0.600080
0.034320	-0.575580
0.034400	-0.575580
0.034480	-0.587830
0.034560	-0.600080
0.034640	-0.600080
0.034720	-0.600080
0.034800	-0.624570
0.034880	-0.636820
0.034960	-0.612320
0.035040	-0.673560
0.035120	-0.673560
0.035200	-0.685810
0.035280	-0.710310
0.035360	-0.759300
0.035440	-0.771540
0.035520	-0.747050
0.035600	-0.722550
0.035680	-0.710310
0.035760	-0.734800
0.035840	-0.710310
0.035920	-0.734800
0.036000	-0.722550
0.036080	-0.710310
0.036160	-0.698060
0.036240	-0.722550
0.036320	-0.734800
0.036400	-0.747050
0.036480	-0.771540
0.036560	-0.820540
0.036640	-0.857280
0.036720	-0.881770
0.036800	-0.894020
0.036880	-0.906270
0.036960	-0.881770
0.037040	-0.869530
0.037120	-0.845030
0.037200	-0.857280
0.037280	-0.832780
0.037360	-0.783790
0.037440	-0.771540
0.037520	-0.747050
0.037600	-0.722550
0.037680	-0.722550
0.037760	-0.685810
0.037840	-0.710310
0.037920	-0.698060
0.038000	-0.734800
0.038080	-0.759300
0.038160	-0.771540
0.038240	-0.832780
0.038320	-0.820540
0.038400	-0.857280
0.038480	-0.906270
0.038560	-0.918520
0.038640	-0.894020
0.038720	-0.857280
0.038800	-0.832780
0.038880	-0.796040
0.038960	-0.771540
0.039040	-0.747050
0.039120	-0.685810
0.039200	-0.649070
0.039280	-0.587830
0.039360	-0.575580
0.039440	-0.538840
0.039520	-0.514340
0.039600	-0.489850
0.039680	-0.502090
0.039760	-0.514340
0.039840	-0.526590
0.039920	-0.526590
0.040000	-0.575580
0.040080	-0.612320
0.040160	-0.673560
0.040240	-0.698060
0.040320	-0.698060
0.040400	-0.710310
0.040480	-0.710310
0.040560	-0.722550
0.040640	-0.685810
0.040720	-0.661320
0.040800	-0.673560
0.040880	-0.673560
0.040960	-0.649070
0.041040	-0.636820
0.041120	-0.685810
0.041200	-0.710310
0.041280	-0.734800
0.041360	-0.710310
0.041440	-0.710310
0.041520	-0.710310
0.041600	-0.673560
0.041680	-0.685810
0.041760	-0.673560
0.041840	-0.673560
0.041920	-0.636820
0.042000	-0.624570
0.042080	-0.587830
0.042160	-0.575580
0.042240	-0.551090
0.042320	-0.551090
0.042400	-0.514340
0.042480	-0.477600
0.042560	-0.465350
0.042640	-0.453100
0.042720	-0.440860
0.042800	-0.428610
0.042880	-0.428610
0.042960	-0.391870
0.043040	-0.355120
0.043120	-0.355120
0.043200	-0.342880
0.043280	-0.330630
0.043360	-0.306130
0.043440	-0.306130
0.043520	-0.281640
0.043600	-0.293880
0.043680	-0.281640
0.043760	-0.269390
0.043840	-0.257140
0.043920	-0.232650
0.044000	-0.244890
0.044080	-0.220400
0.044160	-0.208150
0.044240	-0.195900
0.044320	-0.208150
0.044400	-0.183650
0.044480	-0.171410
0.044560	-0.159160
0.044640	-0.159160
0.044720	-0.159160
0.044800	-0.171410
0.044880	-0.195900
0.044960	-0.232650
0.045040	-0.208150
0.045120	-0.195900
0.045200	-0.208150
0.045280	-0.208150
0.045360	-0.208150
0.045440	-0.232650
0.045520	-0.220400
0.045600	-0.220400
0.045680	-0.232650
0.045760	-0.232650
0.045840	-0.257140
0.045920	-0.244890
0.046000	-0.281640
0.046080	-0.281640
0.046160	-0.330630
0.046240	-0.330630
0.046320	-0.367370
0.046400	-0.379620
0.046480	-0.404110
0.046560	-0.440860
0.046640	-0.465350
0.046720	-0.477600
0.046800	-0.477600
0.046880	-0.514340
0.046960	-0.502090
0.047040	-0.514340
0.047120	-0.551090
0.047200	-0.575580
0.047280	-0.575580
0.047360	-0.600080
0.047440	-0.600080
0.047520	-0.587830
0.047600	-0.612320
0.047680	-0.612320
0.047760	-0.624570
0.047840	-0.636820
0.047920	-0.661320
0.048000	-0.673560
0.048080	-0.685810
0.048160	-0.722550
0.048240	-0.698060
0.048320	-0.710310
0.048400	-0.698060
0.048480	-0.710310
0.048560	-0.698060
0.048640	-0.698060
0.048720	-0.698060
0.048800	-0.685810
0.048880	-0.698060
0.048960	-0.710310
0.049040	-0.710310
0.049120	-0.698060
0.049200	-0.685810
0.049280	-0.685810
0.049360	-0.649070
0.049440	-0.624570
0.049520	-0.612320
0.049600	-0.612320
0.049680	-0.587830
0.049760	-0.624570
0.049840	-0.636820
0.049920	-0.685810
0.050000	-0.661320
0.050080	-0.661320
0.050160	-0.673560
0.050240	-0.673560
0.050320	-0.673560
0.050400	-0.636820
0.050480	-0.587830
0.050560	-0.624570
0.050640	-0.636820
0.050720	-0.612320
0.050800	-0.587830
0.050880	-0.636820
0.050960	-0.624570
0.051040	-0.624570
0.051120	-0.624570
0.051200	-0.600080
0.051280	-0.624570
0.051360	-0.649070
0.051440	-0.649070
0.051520	-0.673560
0.051600	-0.734800
0.051680	-0.734800
0.051760	-0.783790
0.051840	-0.808290
0.051920	-0.808290
0.052000	-0.832780
0.052080	-0.857280
0.052160	-0.857280
0.052240	-0.894020
0.052320	-0.918520
0.052400	-0.930760
0.052480	-0.943010
0.052560	-0.943010
0.052640	-0.967510
0.052720	-0.967510
0.052800	-0.979750
0.052880	-1.016500
0.052960	-1.041000
0.053040	-1.065500
0.053120	-1.090000
0.053200	-1.114500
0.053280	-1.126700
0.053360	-1.151200
0.053440	-1.200200
0.053520	-1.188000
0.053600	-1.188000
0.053680	-1.224700
0.053760	-1.212500
0.053840	-1.249200
0.053920	-1.224700
0.054000	-1.224700
0.054080	-1.212500
0.054160	-1.224700
0.054240	-1.249200
0.054320	-1.261500
0.054400	-1.261500
0.054480	-1.261500
0.054560	-1.261500
0.054640	-1.273700
0.054720	-1.298200
0.054800	-1.285900
0.054880	-1.298200
0.054960	-1.285900
0.055040	-1.273700
0.055120	-1.261500
0.055200	-1.285900
0.055280	-1.298200
0.055360	-1.298200
0.055440	-1.261500
0.055520	-1.261500
0.055600	-1.249200
0.055680	-1.249200
0.055760	-1.285900
0.055840	-1.273700
0.055920	-1.249200
0.056000	-1.249200
0.056080	-1.249200
0.056160	-1.224700
0.056240	-1.212500
0.056320	-1.200200
0.056400	-1.200200
0.056480	-1.212500
0.056560	-1.237000
0.056640	-1.224700
0.056720	-1.224700
0.056800	-1.224700
0.056880	-1.188000
0.056960	-1.224700
0.057040	-1.200200
0.057120	-1.212500
0.057200	-1.200200
0.057280	-1.200200
0.057360	-1.200200
0.057440	-1.237000
0.057520	-1.249200
0.057600	-1.212500
0.057680	-1.224700
0.057760	-1.200200
0.057840	-1.212500
0.057920	-1.200200
0.058000	-1.224700
0.058080	-1.261500
0.058160	-1.249200
0.058240	-1.261500
0.058320	-1.298200
0.058400	-1.322700
0.058480	-1.273700
0.058560	-1.163500
0.058640	-1.090000
0.058720	-1.090000
0.058800	-1.139000
0.058880	-1.212500
0.058960	-1.237000
0.059040	-1.285900
0.059120	-1.273700
0.059200	-1.273700
0.059280	-1.237000
0.059360	-1.237000
0.059440	-1.249200
0.059520	-1.273700
0.059600	-1.285900
0.059680	-1.359400
0.059760	-1.432900
0.059840	-1.383900
0.059920	-1.322700
0.060000	-1.249200
0.060080	-1.175700
0.060160	-1.200200
0.060240	-1.273700
0.060320	-1.285900
0.060400	-1.237000
0.060480	-1.237000
0.060560	-1.200200
0.060640	-1.163500
0.060720	-1.114500
0.060800	-1.175700
0.060880	-1.224700
0.060960	-1.237000
0.061040	-1.212500
0.061120	-1.151200
0.061200	-1.139000
0.061280	-1.126700
0.061360	-1.126700
0.061440	-1.102200
0.061520	-1.077700
0.061600	-1.090000
0.061680	-1.053200
0.061760	-1.065500
0.061840	-1.053200
0.061920	-1.053200
0.062000	-1.041000
0.062080	-1.053200
0.062160	-1.016500
0.062240	-1.016500
0.062320	-1.041000
0.062400	-1.028700
0.062480	-1.077700
0.062560	-1.139000
0.062640	-1.175700
0.062720	-1.126700
0.062800	-1.028700
0.062880	-1.004300
0.062960	-1.065500
0.063040	-1.102200
0.063120	-1.016500
0.063200	-0.881770
0.063280	-0.710310
0.063360	-0.673560
0.063440	-0.820540
0.063520	-1.041000
0.063600	-1.237000
0.063680	-1.347200
0.063760	-1.371700
0.063840	-1.322700
0.063920	-1.273700
0.064000	-1.224700
0.064080	-1.175700
0.064160	-1.090000
0.064240	-0.930760
0.064320	-0.734800
0.064400	-0.538840
0.064480	-0.391870
0.064560	-0.318380
0.064640	-0.257140
0.064720	-0.244890
0.064800	-0.220400
0.064880	-0.195900
0.064960	-0.183650
0.065040	-0.208150
0.065120	-0.293880
0.065200	-0.355120
0.065280	-0.367370
0.065360	-0.281640
0.065440	-0.220400
0.065520	-0.183650
0.065600	-0.159160
0.065680	-0.122420
0.065760	-0.110170
0.065840	-0.061178
0.065920	-0.012187
0.066000	0.000061
0.066080	0.000061
0.066160	0.049051
0.066240	0.061299
0.066320	0.098042
0.066400	0.110290
0.066480	0.147030
0.066560	0.122540
0.066640	0.061299
0.066720	0.012308
0.066800	-0.110170
0.066880	-0.208150
0.066960	-0.355120
0.067040	-0.477600
0.067120	-0.526590
0.067200	-0.489850
0.067280	-0.355120
0.067360	-0.220400
0.067440	-0.110170
0.067520	-0.024435
0.067600	0.049051
0.067680	0.085794
0.067760	0.171530
0.067840	0.281760
0.067920	0.514460
0.068000	0.636940
0.068080	0.698180
0.068160	0.649190
0.068240	0.587950
0.068320	0.551210
0.068400	0.551210
0.068480	0.587950
0.068560	0.587950
0.068640	0.600200
0.068720	0.612450
0.068800	0.649190
0.068880	0.710430
0.068960	0.771670
0.069040	0.869650
0.069120	0.955380
0.069200	1.028900
0.069280	1.090100
0.069360	1.163600
0.069440	1.212600
0.069520	1.273800
0.069600	1.273800
0.069680	1.261600
0.069760	1.286100
0.069840	1.261600
0.069920	1.273800
0.070000	1.261600
0.070080	1.286100
0.070160	1.273800
0.070240	1.261600
0.070320	1.273800
0.070400	1.273800
0.070480	1.286100
0.070560	1.273800
0.070640	1.310600
0.070720	1.310600
0.070800	1.322800
0.070880	1.347300
0.070960	1.384100
0.071040	1.384100
0.071120	1.408600
0.071200	1.396300
0.071280	1.420800
0.071360	1.445300
0.071440	1.482000
0.071520	1.531000
0.071600	1.555500
0.071680	1.555500
0.071760	1.567800
0.071840	1.604500
0.071920	1.629000
0.072000	1.702500
0.072080	1.714700
0.072160	1.788200
0.072240	1.812700
0.072320	1.837200
0.072400	1.861700
0.072480	1.874000
0.072560	1.923000
0.072640	1.947400
0.072720	1.959700
0.072800	1.984200
0.072880	2.033200
0.072960	2.069900
0.073040	2.143400
0.073120	2.180200
0.073200	2.229100
0.073280	2.265900
0.073360	2.290400
0.073440	2.351600
0.073520	2.388400
0.073600	2.461800
0.073680	2.498600
0.073760	2.559800
0.073840	2.608800
0.073920	2.621100
0.074000	2.670100
0.074080	2.719000
0.074160	2.731300
0.074240	2.743500
0.074320	2.768000
0.074400	2.780300
0.074480	2.804800
0.074560	2.829300
0.074640	2.841500
0.074720	2.866000
0.074800	2.915000
0.074880	2.939500
0.074960	2.988500
0.075040	2.988500
0.075120	3.025200
0.075200	3.049700
0.075280	3.111000
0.075360	3.172200
0.075440	3.196700
0.075520	3.258000
0.075600	3.306900
0.075680	3.306900
0.075760	3.343700
0.075840	3.343700
0.075920	3.392700
0.076000	3.417200
0.076080	3.429400
0.076160	3.441700
0.076240	3.453900
0.076320	3.490600
0.076400	3.539600
0.076480	3.551900
0.076560	3.576400
0.076640	3.564100
0.076720	3.576400
0.076800	3.600900
0.076880	3.613100
0.076960	3.649900
0.077040	3.674400
0.077120	3.686600
0.077200	3.698900
0.077280	3.674400
0.077360	3.698900
0.077440	3.735600
0.077520	3.772400
0.077600	3.845800
0.077680	3.858100
0.077760	3.894800
0.077840	3.870300
0.077920	3.907100
0.078000	3.882600
0.078080	3.894800
0.078160	3.907100
0.078240	3.919300
0.078320	3.882600
0.078400	3.735600
0.078480	3.527400
0.078560	3.429400
0.078640	3.662100
0.078720	4.164300
0.078800	4.531700
0.078880	4.360200
0.078960	3.760100
0.079040	3.086500
0.079120	2.927300
0.079200	3.515200
0.079280	4.666400
0.079360	5.732000
0.079440	6.234100
0.079520	6.025900
0.079600	5.425800
0.079680	4.960400
0.079760	4.923600
0.079840	5.291100
0.079920	5.658500
0.080000	5.830000
0.080080	5.830000
0.080160	5.817700
0.080240	5.842200
0.080320	5.989200
0.080400	6.221900
0.080480	6.466800
0.080560	6.650600
0.080640	6.760800
0.080720	6.846500
0.080800	6.944500
0.080880	7.005700
0.080960	7.018000
0.081040	7.042500
0.081120	7.042500
0.081200	7.018000
0.081280	7.005700
0.081360	6.944500
0.081440	6.895500
0.081520	6.834300
0.081600	6.785300
0.081680	6.773000
0.081760	6.785300
0.081840	6.797500
0.081920	6.834300
0.082000	6.883300
0.082080	6.858800
0.082160	6.871000
0.082240	6.895500
0.082320	6.969000
0.082400	7.079200
0.082480	7.152700
0.082560	7.128200
0.082640	7.054700
0.082720	6.969000
0.082800	6.944500
0.082880	6.956700
0.082960	6.993500
0.083040	6.993500
0.083120	6.993500
0.083200	6.956700
0.083280	6.956700
0.083360	6.981200
0.083440	6.993500
0.083520	7.030200
0.083600	6.883300
0.083680	6.883300
0.083760	6.969000
0.083840	7.128200
0.083920	7.238500
0.084000	7.262900
0.084080	7.201700
0.084160	7.152700
0.084240	7.103700
0.084320	7.103700
0.084400	7.214000
0.084480	7.311900
0.084560	7.299700
0.084640	7.238500
0.084720	7.201700
0.084800	7.201700
0.084880	7.214000
0.084960	7.238500
0.085040	7.287400
0.085120	7.262900
0.085200	7.250700
0.085280	7.238500
0.085360	7.262900
0.085440	7.299700
0.085520	7.373200
0.085600	7.409900
0.085680	7.471200
0.085760	7.520200
0.085840	7.581400
0.085920	7.642600
0.086000	7.703900
0.086080	7.814100
0.086160	7.887600
0.086240	7.961100
0.086320	8.059000
0.086400	8.144800
0.086480	8.193800
0.086560	8.230500
0.086640	8.279500
0.086720	8.304000
0.086800	8.316200
0.086880	8.377500
0.086960	8.402000
0.087040	8.426500
0.087120	8.463200
0.087200	8.487700
0.087280	8.512200
0.087360	8.549000
0.087440	8.610200
0.087520	8.634700
0.087600	8.683700
0.087680	8.708200
0.087760	8.744900
0.087840	8.744900
0.087920	8.732700
0.088000	8.769400
0.088080	8.769400
0.088160	8.793900
0.088240	8.806200
0.088320	8.781700
0.088400	8.732700
0.088480	8.757200
0.088560	8.757200
0.088640	8.732700
0.088720	8.744900
0.088800	8.744900
0.088880	8.720400
0.088960	8.695900
0.089040	8.695900
0.089120	8.708200
0.089200	8.708200
0.089280	8.683700
0.089360	8.671400
0.089440	8.646900
0.089520	8.634700
0.089600	8.585700
0.089680	8.524500
0.089760	8.524500
0.089840	8.524500
0.089920	8.524500
0.090000	8.487700
0.090080	8.438700
0.090160	8.365200
0.090240	8.304000
0.090320	8.242800
0.090400	8.181500
0.090480	8.144800
0.090560	8.120300
0.090640	8.059000
0.090720	7.997800
0.090800	7.961100
0.090880	7.899800
0.090960	7.826300
0.091040	7.789600
0.091120	7.740600
0.091200	7.679400
0.091280	7.618100
0.091360	7.507900
0.091440	7.385400
0.091520	7.287400
0.091600	7.116000
0.091680	7.005700
0.091760	6.956700
0.091840	6.956700
0.091920	6.724100
0.092000	6.319900
0.092080	6.074900
0.092160	6.295400
0.092240	6.871000
0.092320	7.532400
0.092400	7.838600
0.092480	7.605900
0.092560	7.103700
0.092640	6.883300
0.092720	7.005700
0.092800	7.238500
0.092880	7.397700
0.092960	7.226200
0.093040	6.834300
0.093120	6.540300
0.093200	6.491300
0.093280	6.675100
0.093360	6.736300
0.093440	6.675100
0.093520	6.503600
0.093600	6.405600
0.093680	6.405600
0.093760	6.515800
0.093840	6.564800
0.093920	6.491300
0.094000	6.393400
0.094080	6.283100
0.094160	6.246400
0.094240	6.283100
0.094320	6.295400
0.094400	6.221900
0.094480	6.099400
0.094560	6.013700
0.094640	5.940200
0.094720	5.915700
0.094800	5.854500
0.094880	5.805500
0.094960	5.719700
0.095040	5.646200
0.095120	5.670800
0.095200	5.719700
0.095280	5.707500
0.095360	5.695200
0.095440	5.658500
0.095520	5.634000
0.095600	5.646200
0.095680	5.695200
0.095760	5.719700
0.095840	5.744200
0.095920	5.744200
0.096000	5.732000
0.096080	5.695200
0.096160	5.719700
0.096240	5.732000
0.096320	5.719700
0.096400	5.744200
0.096480	5.768700
0.096560	5.768700
0.096640	5.805500
0.096720	5.830000
0.096800	5.842200
0.096880	5.854500
0.096960	5.866700
0.097040	5.903500
0.097120	5.879000
0.097200	5.879000
0.097280	5.879000
0.097360	5.854500
0.097440	5.903500
0.097520	5.903500
0.097600	5.927900
0.097680	5.964700
0.097760	5.940200
0.097840	5.964700
0.097920	5.976900
0.098000	5.964700
0.098080	5.952400
0.098160	5.964700
0.098240	5.976900
0.098320	5.964700
0.098400	6.013700
0.098480	6.013700
0.098560	6.025900
0.098640	6.038200
0.098720	6.038200
0.098800	6.038200
0.098880	6.074900
0.098960	6.087200
0.099040	6.099400
0.099120	6.123900
0.099200	6.148400
0.099280	6.160600
0.099360	6.172900
0.099440	6.185200
0.099520	6.172900
0.099600	6.160600
0.099680	6.160600
0.099760	6.148400
0.099840	6.148400
0.099920	6.197400
0.100000	6.246400
0.100080	6.295400
0.100160	6.344400
0.100240	6.319900
0.100320	6.356600
0.100400	6.368900
0.100480	6.405600
0.100560	6.479100
0.100640	6.491300
0.100720	6.491300
0.100800	6.503600
0.100880	6.552600
0.100960	6.662800
0.101040	6.822000
0.101120	6.944500
0.101200	6.932300
0.101280	6.871000
0.101360	6.822000
0.101440	6.834300
0.101520	6.932300
0.101600	6.981200
0.101680	7.030200
0.101760	7.030200
0.101840	7.018000
0.101920	7.042500
0.102000	7.079200
0.102080	7.128200
0.102160	7.177200
0.102240	7.214000
0.102320	7.226200
0.102400	7.226200
0.102480	7.275200
0.102560	7.299700
0.102640	7.373200
0.102720	7.434400
0.102800	7.458900
0.102880	7.520200
0.102960	7.569100
0.103040	7.667100
0.103120	7.667100
0.103200	7.691600
0.103280	7.667100
0.103360	7.654900
0.103440	7.740600
0.103520	7.948800
0.103600	8.218300
0.103680	8.279500
0.103760	8.230500
0.103840	8.108000
0.103920	8.132500
0.104000	8.255000
0.104080	8.389700
0.104160	8.463200
0.104240	8.487700
0.104320	8.463200
0.104400	8.414200
0.104480	8.426500
0.104560	8.512200
0.104640	8.622400
0.104720	8.683700
0.104800	8.671400
0.104880	8.634700
0.104960	8.671400
0.105040	8.757200
0.105120	8.806200
0.105200	8.879600
0.105280	8.855200
0.105360	8.842900
0.105440	8.830700
0.105520	8.879600
0.105600	8.904100
0.105680	8.953100
0.105760	8.977600
0.105840	8.953100
0.105920	8.928600
0.106000	8.879600
0.106080	8.904100
0.106160	8.940900
0.106240	8.965400
0.106320	8.940900
0.106400	8.904100
0.106480	8.904100
0.106560	8.904100
0.106640	8.940900
0.106720	8.928600
0.106800	8.940900
0.106880	8.904100
0.106960	8.879600
0.107040	8.879600
0.107120	8.879600
0.107200	8.867400
0.107280	8.830700
0.107360	8.769400
0.107440	8.732700
0.107520	8.781700
0.107600	8.855200
0.107680	8.806200
0.107760	8.744900
0.107840	8.671400
0.107920	8.659200
0.108000	8.695900
0.108080	8.708200
0.108160	8.634700
0.108240	8.561200
0.108320	8.487700
0.108400	8.426500
0.108480	8.377500
0.108560	8.340700
0.108640	8.316200
0.108720	8.218300
0.108800	8.157000
0.108880	8.083500
0.108960	8.046800
0.109040	7.985600
0.109120	7.899800
0.109200	7.850800
0.109280	7.740600
0.109360	7.593600
0.109440	7.507900
0.109520	7.520200
0.109600	7.618100
0.109680	7.716100
0.109760	7.728400
0.109840	7.642600
0.109920	7.532400
0.110000	7.458900
0.110080	7.434400
0.110160	7.458900
0.110240	7.483400
0.110320	7.483400
0.110400	7.532400
0.110480	7.569100
0.110560	7.544600
0.110640	7.544600
0.110720	7.593600
0.110800	7.581400
0.110880	7.581400
0.110960	7.605900
0.111040	7.618100
0.111120	7.667100
0.111200	7.728400
0.111280	7.740600
0.111360	7.740600
0.111440	7.752900
0.111520	7.728400
0.111600	7.679400
0.111680	7.642600
0.111760	7.667100
0.111840	7.654900
0.111920	7.667100
0.112000	7.654900
0.112080	7.654900
0.112160	7.642600
0.112240	7.642600
0.112320	7.642600
0.112400	7.630400
0.112480	7.642600
0.112560	7.654900
0.112640	7.642600
0.112720	7.654900
0.112800	7.703900
0.112880	7.654900
0.112960	7.642600
0.113040	7.618100
0.113120	7.605900
0.113200	7.593600
0.113280	7.581400
0.113360	7.569100
0.113440	7.507900
0.113520	7.471200
0.113600	7.446700
0.113680	7.434400
0.113760	7.434400
0.113840	7.422200
0.113920	7.397700
0.114000	7.385400
0.114080	7.348700
0.114160	7.311900
0.114240	7.324200
0.114320	7.311900
0.114400	7.299700
0.114480	7.287400
0.114560	7.226200
0.114640	7.238500
0.114720	7.165000
0.114800	7.152700
0.114880	7.103700
0.114960	7.054700
0.115040	7.018000
0.115120	6.956700
0.115200	6.920000
0.115280	6.895500
0.115360	6.883300
0.115440	6.834300
0.115520	6.809800
0.115600	6.760800
0.115680	6.736300
0.115760	6.699600
0.115840	6.675100
0.115920	6.662800
0.116000	6.638300
0.116080	6.613800
0.116160	6.564800
0.116240	6.552600
0.116320	6.503600
0.116400	6.491300
0.116480	6.466800
0.116560	6.442300
0.116640	6.417900
0.116720	6.368900
0.116800	6.307600
0.116880	6.258600
0.116960	6.209600
0.117040	6.172900
0.117120	6.148400
0.117200	6.148400
0.117280	6.123900
0.117360	6.087200
0.117440	6.136200
0.117520	6.074900
0.117600	6.038200
0.117680	5.964700
0.117760	5.964700
0.117840	5.952400
0.117920	5.940200
0.118000	5.927900
0.118080	5.927900
0.118160	5.866700
0.118240	5.842200
0.118320	5.793200
0.118400	5.744200
0.118480	5.732000
0.118560	5.732000
0.118640	5.719700
0.118720	5.670800
0.118800	5.646200
0.118880	5.609500
0.118960	5.572800
0.119040	5.548300
0.119120	5.511500
0.119200	5.511500
0.119280	5.499300
0.119360	5.462500
0.119440	5.462500
0.119520	5.474800
0.119600	5.450300
0.119680	5.413500
0.119760	5.401300
0.119840	5.401300
0.119920	5.352300
0.120000	5.376800
0.120080	5.340100
0.120160	5.315600
0.120240	5.278800
0.120320	5.217600
0.120400	5.168600
0.120480	5.156300
0.120560	5.119600
0.120640	5.082900
0.120720	5.070600
0.120800	5.046100
0.120880	5.021600
0.120960	4.984900
0.121040	4.972600
0.121120	4.948100
0.121200	4.923600
0.121280	4.862400
0.121360	4.825700
0.121440	4.788900
0.121520	4.776700
0.121600	4.727700
0.121680	4.715400
0.121760	4.703200
0.121840	4.641900
0.121920	4.629700
0.122000	4.592900
0.122080	4.556200
0.122160	4.519500
0.122240	4.446000
0.122320	4.421500
0.122400	4.409200
0.122480	4.397000
0.122560	4.397000
0.122640	4.409200
0.122720	4.397000
0.122800	4.421500
0.122880	4.409200
0.122960	4.397000
0.123040	4.360200
0.123120	4.335800
0.123200	4.323500
0.123280	4.335800
0.123360	4.360200
0.123440	4.335800
0.123520	4.311300
0.123600	4.311300
0.123680	4.286800
0.123760	4.286800
0.123840	4.311300
0.123920	4.323500
0.124000	4.335800
0.124080	4.335800
0.124160	4.323500
0.124240	4.323500
0.124320	4.286800
0.124400	4.286800
0.124480	4.274500
0.124560	4.237800
0.124640	4.225500
0.124720	4.188800
0.124800	4.201000
0.124880	4.176500
0.124960	4.127500
0.125040	4.127500
0.125120	4.103000
0.125200	4.078500
0.125280	4.078500
0.125360	4.054000
0.125440	4.041800
0.125520	4.029600
0.125600	3.980600
0.125680	3.992800
0.125760	3.931600
0.125840	3.931600
0.125920	3.931600
0.126000	3.907100
0.126080	3.882600
0.126160	3.821300
0.126240	3.796800
0.126320	3.735600
0.126400	3.735600
0.126480	3.723400
0.126560	3.698900
0.126640	3.662100
0.126720	3.625400
0.126800	3.613100
0.126880	3.564100
0.126960	3.539600
0.127040	3.502900
0.127120	3.490600
0.127200	3.441700
0.127280	3.417200
0.127360	3.417200
0.127440	3.417200
0.127520	3.429400
0.127600	3.392700
0.127680	3.392700
0.127760	3.343700
0.127840	3.294700
0.127920	3.294700
0.128000	3.319200
0.128080	3.331400
0.128160	3.331400
0.128240	3.294700
0.128320	3.294700
0.128400	3.270200
0.128480	3.319200
0.128560	3.319200
0.128640	3.343700
0.128720	3.343700
0.128800	3.343700
0.128880	3.331400
0.128960	3.294700
0.129040	3.282400
0.129120	3.294700
0.129200	3.294700
0.129280	3.343700
0.129360	3.319200
0.129440	3.294700
0.129520	3.306900
0.129600	3.319200
0.129680	3.331400
0.129760	3.343700
0.129840	3.319200
0.129920	3.319200
0.130000	3.331400
0.130080	3.343700
0.130160	3.380400
0.130240	3.355900
0.130320	3.306900
0.130400	3.245700
0.130480	3.221200
0.130560	3.245700
0.130640	3.331400
0.130720	3.429400
0.130800	3.490600
0.130880	3.490600
0.130960	3.478400
0.131040	3.502900
0.131120	3.564100
0.131200	3.625400
0.131280	3.662100
0.131360	3.723400
0.131440	3.735600
0.131520	3.772400
0.131600	3.809100
0.131680	3.870300
0.131760	3.931600
0.131840	3.992800
0.131920	4.054000
0.132000	4.115300
0.132080	4.164300
0.132160	4.225500
0.132240	4.286800
0.132320	4.335800
0.132400	4.372500
0.132480	4.397000
0.132560	4.470500
0.132640	4.495000
0.132720	4.531700
0.132800	4.544000
0.132880	4.531700
0.132960	4.544000
0.133040	4.482700
0.133120	4.397000
0.133200	4.348000
0.133280	4.311300
0.133360	4.397000
0.133440	4.458200
0.133520	4.507200
0.133600	4.360200
0.133680	4.250000
0.133760	4.213300
0.133840	4.250000
0.133920	4.213300
0.134000	4.103000
0.134080	4.054000
0.134160	4.017300
0.134240	3.992800
0.134320	3.931600
0.134400	3.858100
0.134480	3.784600
0.134560	3.686600
0.134640	3.613100
0.134720	3.564100
0.134800	3.502900
0.134880	3.478400
0.134960	3.404900
0.135040	3.319200
0.135120	3.258000
0.135200	3.233400
0.135280	3.172200
0.135360	3.123200
0.135440	3.074200
0.135520	3.000800
0.135600	2.939500
0.135680	2.878300
0.135760	2.866000
0.135840	2.804800
0.135920	2.780300
0.136000	2.719000
0.136080	2.633300
0.136160	2.633300
0.136240	2.608800
0.136320	2.596600
0.136400	2.584300
0.136480	2.547600
0.136560	2.547600
0.136640	2.510800
0.136720	2.486300
0.136800	2.461800
0.136880	2.449600
0.136960	2.425100
0.137040	2.400600
0.137120	2.400600
0.137200	2.425100
0.137280	2.437400
0.137360	2.449600
0.137440	2.425100
0.137520	2.400600
0.137600	2.388400
0.137680	2.376100
0.137760	2.351600
0.137840	2.351600
0.137920	2.363900
0.138000	2.363900
0.138080	2.351600
0.138160	2.388400
0.138240	2.388400
0.138320	2.388400
0.138400	2.376100
0.138480	2.376100
0.138560	2.363900
0.138640	2.376100
0.138720	2.363900
0.138800	2.351600
0.138880	2.351600
0.138960	2.339400
0.139040	2.327100
0.139120	2.327100
0.139200	2.302600
0.139280	2.278100
0.139360	2.241400
0.139440	2.241400
0.139520	2.253600
0.139600	2.265900
0.139680	2.253600
0.139760	2.241400
0.139840	2.192400
0.139920	2.192400
0.140000	2.216900
0.140080	2.192400
0.140160	2.192400
0.140240	2.155700
0.140320	2.131200
0.140400	2.155700
0.140480	2.155700
0.140560	2.167900
0.140640	2.155700
0.140720	2.106700
0.140800	2.118900
0.140880	2.131200
0.140960	2.118900
0.141040	2.155700
0.141120	2.131200
0.141200	2.143400
0.141280	2.106700
0.141360	2.106700
0.141440	2.106700
0.141520	2.167900
0.141600	2.143400
0.141680	2.167900
0.141760	2.143400
0.141840	2.118900
0.141920	2.143400
0.142000	2.143400
0.142080	2.131200
0.142160	2.155700
0.142240	2.143400
0.142320	2.143400
0.142400	2.155700
0.142480	2.155700
0.142560	2.131200
0.142640	2.155700
0.142720	2.143400
0.142800	2.131200
0.142880	2.155700
0.142960	2.143400
0.143040	2.118900
0.143120	2.106700
0.143200	2.094400
0.143280	2.082200
0.143360	2.045400
0.143440	2.057700
0.143520	2.069900
0.143600	2.069900
0.143680	2.045400
0.143760	2.020900
0.143840	2.020900
0.143920	1.984200
0.144000	1.971900
0.144080	1.935200
0.144160	1.935200
0.144240	1.898500
0.144320	1.874000
0.144400	1.849500
0.144480	1.849500
0.144560	1.800500
0.144640	1.763700
0.144720	1.751500
0.144800	1.714700
0.144880	1.690200
0.144960	1.678000
0.145040	1.641300
0.145120	1.629000
0.145200	1.604500
0.145280	1.543300
0.145360	1.543300
0.145440	1.543300
0.145520	1.518800
0.145600	1.518800
0.145680	1.543300
0.145760	1.567800
0.145840	1.531000
0.145920	1.506500
0.146000	1.457500
0.146080	1.457500
0.146160	1.445300
0.146240	1.445300
0.146320	1.457500
0.146400	1.457500
0.146480	1.457500
0.146560	1.469800
0.146640	1.469800
0.146720	1.457500
0.146800	1.457500
0.146880	1.457500
0.146960	1.469800
0.147040	1.469800
0.147120	1.494300
0.147200	1.506500
0.147280	1.555500
0.147360	1.543300
0.147440	1.567800
0.147520	1.555500
0.147600	1.592300
0.147680	1.580000
0.147760	1.567800
0.147840	1.555500
0.147920	1.567800
0.148000	1.604500
0.148080	1.592300
0.148160	1.592300
0.148240	1.616800
0.148320	1.616800
0.148400	1.629000
0.148480	1.641300
0.148560	1.653500
0.148640	1.629000
0.148720	1.629000
0.148800	1.653500
0.148880	1.641300
0.148960	1.629000
0.149040	1.641300
0.149120	1.641300
0.149200	1.629000
0.149280	1.641300
0.149360	1.629000
0.149440	1.641300
0.149520	1.629000
0.149600	1.616800
0.149680	1.641300
0.149760	1.629000
0.149840	1.641300
0.149920	1.653500
0.150000	1.653500
0.150080	1.690200
0.150160	1.604500
0.150240	1.653500
0.150320	1.690200
0.150400	1.702500
0.150480	1.702500
0.150560	1.714700
0.150640	1.702500
0.150720	1.727000
0.150800	1.727000
0.150880	1.727000
0.150960	1.714700
0.151040	1.702500
0.151120	1.714700
0.151200	1.739200
0.151280	1.751500
0.151360	1.727000
0.151440	1.739200
0.151520	1.727000
0.151600	1.739200
0.151680	1.751500
0.151760	1.751500
0.151840	1.763700
0.151920	1.788200
0.152000	1.812700
0.152080	1.825000
0.152160	1.825000
0.152240	1.849500
0.152320	1.886200
0.152400	1.923000
0.152480	1.910700
0.152560	1.910700
0.152640	1.874000
0.152720	1.812700
0.152800	1.763700
0.152880	1.714700
0.152960	1.714700
0.153040	1.788200
0.153120	1.947400
0.153200	2.192400
0.153280	2.400600
0.153360	2.449600
0.153440	2.400600
0.153520	2.290400
0.153600	2.241400
0.153680	2.229100
0.153760	2.229100
0.153840	2.167900
0.153920	2.094400
0.154000	1.947400
0.154080	1.776000
0.154160	1.629000
0.154240	1.580000
0.154320	1.506500
0.154400	1.469800
0.154480	1.420800
0.154560	1.408600
0.154640	1.433000
0.154720	1.482000
0.154800	1.506500
0.154880	1.531000
0.154960	1.580000
0.155040	1.616800
0.155120	1.616800
0.155200	1.592300
0.155280	1.592300
0.155360	1.567800
0.155440	1.567800
0.155520	1.555500
0.155600	1.567800
0.155680	1.555500
0.155760	1.580000
0.155840	1.592300
0.155920	1.641300
0.156000	1.678000
0.156080	1.739200
0.156160	1.751500
0.156240	1.800500
0.156320	1.837200
0.156400	1.861700
0.156480	1.898500
0.156560	1.923000
0.156640	1.923000
0.156720	1.935200
0.156800	1.947400
0.156880	1.923000
0.156960	1.910700
0.157040	1.898500
0.157120	1.910700
0.157200	1.923000
0.157280	1.898500
0.157360	1.910700
0.157440	1.923000
0.157520	1.947400
0.157600	1.947400
0.157680	1.935200
0.157760	1.971900
0.157840	1.971900
0.157920	1.984200
0.158000	1.996400
0.158080	2.020900
0.158160	2.045400
0.158240	2.069900
0.158320	2.106700
0.158400	2.143400
0.158480	2.155700
0.158560	2.180200
0.158640	2.204600
0.158720	2.192400
0.158800	2.192400
0.158880	2.229100
0.158960	2.241400
0.159040	2.253600
0.159120	2.265900
0.159200	2.278100
0.159280	2.265900
0.159360	2.302600
0.159440	2.314900
0.159520	2.327100
0.159600	2.351600
0.159680	2.363900
0.159760	2.363900
0.159840	2.376100
0.159920	2.400600
0.160000	2.400600
0.160080	2.425100
0.160160	2.425100
0.160240	2.437400
0.160320	2.425100
0.160400	2.412900
0.160480	2.412900
0.160560	2.425100
0.160640	2.461800
0.160720	2.449600
0.160800	2.474100
0.160880	2.461800
0.160960	2.425100
0.161040	2.400600
0.161120	2.437400
0.161200	2.437400
0.161280	2.474100
0.161360	2.498600
0.161440	2.510800
0.161520	2.535300
0.161600	2.535300
0.161680	2.535300
0.161760	2.559800
0.161840	2.596600
0.161920	2.596600
0.162000	2.608800
0.162080	2.621100
0.162160	2.633300
0.162240	2.645600
0.162320	2.670100
0.162400	2.682300
0.162480	2.706800
0.162560	2.694600
0.162640	2.719000
0.162720	2.731300
0.162800	2.731300
0.162880	2.719000
0.162960	2.743500
0.163040	2.780300
0.163120	2.780300
0.163200	2.792500
0.163280	2.829300
0.163360	2.829300
0.163440	2.841500
0.163520	2.841500
0.163600	2.866000
0.163680	2.866000
0.163760	2.878300
0.163840	2.902800
0.163920	2.890500
0.164000	2.890500
0.164080	2.878300
0.164160	2.902800
0.164240	2.902800
0.164320	2.927300
0.164400	2.927300
0.164480	2.951800
0.164560	2.939500
0.164640	2.964000
0.164720	2.988500
0.164800	3.000800
0.164880	3.025200
0.164960	3.013000
0.165040	3.025200
0.165120	3.049700
0.165200	3.074200
0.165280	3.086500
0.165360	3.049700
0.165440	3.037500
0.165520	3.013000
0.165600	3.037500
0.165680	3.025200
0.165760	3.037500
0.165840	3.025200
0.165920	3.062000
0.166000	3.037500
0.166080	3.037500
0.166160	3.025200
0.166240	3.025200
0.166320	3.025200
0.166400	3.037500
0.166480	3.049700
0.166560	3.000800
0.166640	3.013000
0.166720	3.013000
0.166800	3.037500
0.166880	2.964000
0.166960	2.951800
0.167040	2.878300
0.167120	2.878300
0.167200	2.878300
0.167280	2.915000
0.167360	2.964000
0.167440	3.013000
0.167520	3.086500
0.167600	3.123200
0.167680	3.123200
0.167760	3.123200
0.167840	3.135500
0.167920	3.123200
0.168000	3.111000
0.168080	3.160000
0.168160	3.184500
0.168240	3.184500
0.168320	3.258000
0.168400	3.258000
0.168480	3.306900
0.168560	3.294700
0.168640	3.319200
0.168720	3.331400
0.168800	3.343700
0.168880	3.404900
0.168960	3.417200
0.169040	3.453900
0.169120	3.478400
0.169200	3.527400
0.169280	3.527400
0.169360	3.576400
0.169440	3.613100
0.169520	3.625400
0.169600	3.649900
0.169680	3.698900
0.169760	3.735600
0.169840	3.796800
0.169920	3.821300
0.170000	3.870300
0.170080	3.882600
0.170160	3.931600
0.170240	3.931600
0.170320	3.992800
0.170400	4.017300
0.170480	3.992800
0.170560	4.041800
0.170640	4.005100
0.170720	4.005100
0.170800	3.980600
0.170880	3.956100
0.170960	3.907100
0.171040	3.931600
0.171120	3.931600
0.171200	3.907100
0.171280	3.907100
0.171360	3.882600
0.171440	3.870300
0.171520	3.870300
0.171600	3.833600
0.171680	3.833600
0.171760	3.833600
0.171840	3.809100
0.171920	3.833600
0.172000	3.845800
0.172080	3.809100
0.172160	3.809100
0.172240	3.784600
0.172320	3.784600
0.172400	3.784600
0.172480	3.760100
0.172560	3.784600
0.172640	3.747900
0.172720	3.735600
0.172800	3.760100
0.172880	3.747900
0.172960	3.809100
0.173040	3.833600
0.173120	3.821300
0.173200	3.845800
0.173280	3.845800
0.173360	3.858100
0.173440	3.845800
0.173520	3.858100
0.173600	3.870300
0.173680	3.882600
0.173760	3.845800
0.173840	3.882600
0.173920	3.870300
0.174000	3.882600
0.174080	3.882600
0.174160	3.858100
0.174240	3.858100
0.174320	3.858100
0.174400	3.894800
0.174480	3.907100
0.174560	3.907100
0.174640	3.931600
0.174720	3.968300
0.174800	3.980600
0.174880	4.017300
0.174960	4.054000
0.175040	4.041800
0.175120	4.054000
0.175200	4.054000
0.175280	4.090800
0.175360	4.090800
0.175440	4.103000
0.175520	4.103000
0.175600	4.115300
0.175680	4.127500
0.175760	4.139800
0.175840	4.127500
0.175920	4.127500
0.176000	4.164300
0.176080	4.164300
0.176160	4.188800
0.176240	4.213300
0.176320	4.201000
0.176400	4.201000
0.176480	4.225500
0.176560	4.213300
0.176640	4.225500
0.176720	4.225500
0.176800	4.225500
0.176880	4.225500
0.176960	4.225500
0.177040	4.237800
0.177120	4.213300
0.177200	4.237800
0.177280	4.225500
0.177360	4.225500
0.177440	4.237800
0.177520	4.213300
0.177600	4.188800
0.177680	4.225500
0.177760	4.188800
0.177840	4.201000
0.177920	4.188800
0.178000	4.201000
0.178080	4.201000
0.178160	4.213300
0.178240	4.201000
0.178320	4.188800
0.178400	4.201000
0.178480	4.164300
0.178560	4.164300
0.178640	4.139800
0.178720	4.127500
0.178800	4.127500
0.178880	4.078500
0.178960	4.090800
0.179040	4.103000
0.179120	4.078500
0.179200	4.066300
0.179280	4.066300
0.179360	4.054000
0.179440	4.066300
0.179520	4.066300
0.179600	4.054000
0.179680	4.041800
0.179760	4.041800
0.179840	4.041800
0.179920	4.029600
0.180000	4.029600
0.180080	4.066300
0.180160	4.066300
0.180240	4.103000
0.180320	4.127500
0.180400	4.127500
0.180480	4.115300
0.180560	4.103000
0.180640	4.103000
0.180720	4.078500
0.180800	4.090800
0.180880	4.054000
0.180960	4.054000
0.181040	4.054000
0.181120	4.041800
0.181200	4.041800
0.181280	4.041800
0.181360	4.029600
0.181440	4.041800
0.181520	4.017300
0.181600	4.029600
0.181680	4.029600
0.181760	4.005100
0.181840	4.017300
0.181920	4.041800
0.182000	4.054000
0.182080	4.066300
0.182160	4.078500
0.182240	4.103000
0.182320	4.090800
0.182400	4.103000
0.182480	4.103000
0.182560	4.066300
0.182640	4.078500
0.182720	4.090800
0.182800	4.115300
0.182880	4.115300
0.182960	4.090800
0.183040	4.115300
0.183120	4.078500
0.183200	4.054000
0.183280	4.054000
0.183360	4.090800
0.183440	4.103000
0.183520	4.054000
0.183600	4.041800
0.183680	4.041800
0.183760	4.066300
0.183840	4.090800
0.183920	4.115300
0.184000	4.127500
0.184080	4.078500
0.184160	4.054000
0.184240	4.041800
0.184320	4.066300
0.184400	4.078500
0.184480	4.066300
0.184560	4.041800
0.184640	4.029600
0.184720	4.005100
0.184800	3.980600
0.184880	3.980600
0.184960	4.005100
0.185040	3.968300
0.185120	3.956100
0.185200	3.968300
0.185280	3.980600
0.185360	3.956100
0.185440	3.931600
0.185520	3.919300
0.185600	3.870300
0.185680	3.845800
0.185760	3.833600
0.185840	3.907100
0.185920	3.845800
0.186000	3.858100
0.186080	3.821300
0.186160	3.809100
0.186240	3.772400
0.186320	3.747900
0.186400	3.723400
0.186480	3.649900
0.186560	3.613100
0.186640	3.564100
0.186720	3.527400
0.186800	3.576400
0.186880	3.613100
0.186960	3.649900
0.187040	3.674400
0.187120	3.662100
0.187200	3.662100
0.187280	3.637600
0.187360	3.649900
0.187440	3.649900
0.187520	3.649900
0.187600	3.662100
0.187680	3.625400
0.187760	3.613100
0.187840	3.588600
0.187920	3.564100
0.188000	3.551900
0.188080	3.539600
0.188160	3.527400
0.188240	3.539600
0.188320	3.502900
0.188400	3.490600
0.188480	3.490600
0.188560	3.466200
0.188640	3.429400
0.188720	3.417200
0.188800	3.429400
0.188880	3.404900
0.188960	3.380400
0.189040	3.380400
0.189120	3.343700
0.189200	3.343700
0.189280	3.368200
0.189360	3.343700
0.189440	3.319200
0.189520	3.319200
0.189600	3.282400
0.189680	3.270200
0.189760	3.233400
0.189840	3.221200
0.189920	3.160000
0.190000	3.172200
0.190080	3.147700
0.190160	3.135500
0.190240	3.098700
0.190320	3.111000
0.190400	3.123200
0.190480	3.123200
0.190560	3.098700
0.190640	3.123200
0.190720	3.098700
0.190800	3.074200
0.190880	3.062000
0.190960	3.074200
0.191040	3.062000
0.191120	3.049700
0.191200	3.049700
0.191280	3.013000
0.191360	3.013000
0.191440	2.976200
0.191520	2.988500
0.191600	2.976200
0.191680	3.000800
0.191760	2.964000
0.191840	2.951800
0.191920	2.951800
0.192000	2.951800
0.192080	2.927300
0.192160	2.939500
0.192240	2.902800
0.192320	2.915000
0.192400	2.902800
0.192480	2.890500
0.192560	2.878300
0.192640	2.866000
0.192720	2.878300
0.192800	2.841500
0.192880	2.817000
0.192960	2.804800
0.193040	2.768000
0.193120	2.768000
0.193200	2.768000
0.193280	2.731300
0.193360	2.731300
0.193440	2.706800
0.193520	2.682300
0.193600	2.657800
0.193680	2.633300
0.193760	2.596600
0.193840	2.572100
0.193920	2.535300
0.194000	2.535300
0.194080	2.523100
0.194160	2.523100
0.194240	2.510800
0.194320	2.498600
0.194400	2.474100
0.194480	2.461800
0.194560	2.412900
0.194640	2.400600
0.194720	2.376100
0.194800	2.339400
0.194880	2.302600
0.194960	2.290400
0.195040	2.265900
0.195120	2.241400
0.195200	2.216900
0.195280	2.204600
0.195360	2.180200
0.195440	2.180200
0.195520	2.131200
0.195600	2.082200
0.195680	2.057700
0.195760	2.020900
0.195840	1.984200
0.195920	1.984200
0.196000	1.959700
0.196080	1.947400
0.196160	1.959700
0.196240	1.971900
0.196320	1.971900
0.196400	1.923000
0.196480	1.898500
0.196560	1.886200
0.196640	1.849500
0.196720	1.849500
0.196800	1.849500
0.196880	1.861700
0.196960	1.849500
0.197040	1.825000
0.197120	1.788200
0.197200	1.788200
0.197280	1.776000
0.197360	1.751500
0.197440	1.739200
0.197520	1.727000
0.197600	1.678000
0.197680	1.653500
0.197760	1.653500
0.197840	1.641300
0.197920	1.592300
0.198000	1.555500
0.198080	1.543300
0.198160	1.518800
0.198240	1.506500
0.198320	1.482000
0.198400	1.482000
0.198480	1.494300
0.198560	1.469800
0.198640	1.457500
0.198720	1.445300
0.198800	1.457500
0.198880	1.420800
0.198960	1.408600
0.199040	1.396300
0.199120	1.420800
0.199200	1.359500
0.199280	1.359500
0.199360	1.347300
0.199440	1.335100
0.199520	1.335100
0.199600	1.322800
0.199680	1.310600
0.199760	1.310600
0.199840	1.286100
0.199920	1.310600
0.200000	1.286100
0.200080	1.261600
0.200160	1.188100
0.200240	1.163600
0.200320	1.151300
0.200400	1.114600
0.200480	1.126900
0.200560	1.090100
0.200640	1.053400
0.200720	1.041100
0.200800	1.041100
0.200880	1.016600
0.200960	0.992120
0.201040	0.992120
0.201120	0.979880
0.201200	0.943130
0.201280	0.906390
0.201360	0.881900
0.201440	0.845150
0.201520	0.832900
0.201600	0.820660
0.201680	0.796160
0.201760	0.771670
0.201840	0.747170
0.201920	0.722680
0.202000	0.710430
0.202080	0.673680
0.202160	0.649190
0.202240	0.636940
0.202320	0.624690
0.202400	0.636940
0.202480	0.649190
0.202560	0.636940
0.202640	0.612450
0.202720	0.600200
0.202800	0.587950
0.202880	0.575700
0.202960	0.551210
0.203040	0.551210
0.203120	0.538960
0.203200	0.526710
0.203280	0.514460
0.203360	0.514460
0.203440	0.489970
0.203520	0.489970
0.203600	0.477720
0.203680	0.489970
0.203760	0.489970
0.203840	0.453220
0.203920	0.465470
0.204000	0.453220
0.204080	0.453220
0.204160	0.453220
0.204240	0.440980
0.204320	0.428730
0.204400	0.416480
0.204480	0.404240
0.204560	0.404240
0.204640	0.404240
0.204720	0.404240
0.204800	0.379740
0.204880	0.367490
0.204960	0.343000
0.205040	0.343000
0.205120	0.318500
0.205200	0.294010
0.205280	0.281760
0.205360	0.269510
0.205440	0.245010
0.205520	0.257260
0.205600	0.269510
0.205680	0.257260
0.205760	0.245010
0.205840	0.232770
0.205920	0.232770
0.206000	0.196020
0.206080	0.183780
0.206160	0.196020
0.206240	0.232770
0.206320	0.196020
0.206400	0.208270
0.206480	0.220520
0.206560	0.220520
0.206640	0.232770
0.206720	0.220520
0.206800	0.196020
0.206880	0.220520
0.206960	0.232770
0.207040	0.257260
0.207120	0.257260
0.207200	0.269510
0.207280	0.281760
0.207360	0.232770
0.207440	0.232770
0.207520	0.245010
0.207600	0.257260
0.207680	0.245010
0.207760	0.245010
0.207840	0.208270
0.207920	0.196020
0.208000	0.208270
0.208080	0.171530
0.208160	0.147030
0.208240	0.147030
0.208320	0.122540
0.208400	0.110290
0.208480	0.122540
0.208560	0.110290
0.208640	0.122540
0.208720	0.134780
0.208800	0.110290
0.208880	0.110290
0.208960	0.110290
0.209040	0.098042
0.209120	0.098042
0.209200	0.098042
0.209280	0.098042
0.209360	0.110290
0.209440	0.122540
0.209520	0.134780
0.209600	0.134780
0.209680	0.171530
0.209760	0.196020
0.209840	0.196020
0.209920	0.232770
0.210000	0.220520
0.210080	0.257260
0.210160	0.232770
0.210240	0.257260
0.210320	0.257260
0.210400	0.269510
0.210480	0.281760
0.210560	0.318500
0.210640	0.318500
0.210720	0.367490
0.210800	0.367490
0.210880	0.379740
0.210960	0.391990
0.211040	0.379740
0.211120	0.391990
0.211200	0.404240
0.211280	0.428730
0.211360	0.416480
0.211440	0.416480
0.211520	0.428730
0.211600	0.428730
0.211680	0.428730
0.211760	0.404240
0.211840	0.404240
0.211920	0.416480
0.212000	0.416480
0.212080	0.416480
0.212160	0.428730
0.212240	0.453220
0.212320	0.428730
0.212400	0.391990
0.212480	0.404240
0.212560	0.404240
0.212640	0.416480
0.212720	0.428730
0.212800	0.416480
0.212880	0.379740
0.212960	0.367490
0.213040	0.355240
0.213120	0.355240
0.213200	0.355240
0.213280	0.367490
0.213360	0.379740
0.213440	0.379740
0.213520	0.416480
0.213600	0.428730
0.213680	0.453220
0.213760	0.465470
0.213840	0.489970
0.213920	0.502220
0.214000	0.489970
0.214080	0.514460
0.214160	0.526710
0.214240	0.526710
0.214320	0.514460
0.214400	0.551210
0.214480	0.538960
0.214560	0.538960
0.214640	0.575700
0.214720	0.575700
0.214800	0.575700
0.214880	0.575700
0.214960	0.575700
0.215040	0.575700
0.215120	0.600200
0.215200	0.624690
0.215280	0.649190
0.215360	0.673680
0.215440	0.673680
0.215520	0.685930
0.215600	0.649190
0.215680	0.673680
0.215760	0.685930
0.215840	0.722680
0.215920	0.747170
0.216000	0.722680
0.216080	0.747170
0.216160	0.771670
0.216240	0.759420
0.216320	0.759420
0.216400	0.783910
0.216480	0.783910
0.216560	0.808410
0.216640	0.820660
0.216720	0.881900
0.216800	0.869650
0.216880	0.857400
0.216960	0.918640
0.217040	0.881900
0.217120	0.930890
0.217200	0.967630
0.217280	0.992120
0.217360	0.992120
0.217440	1.004400
0.217520	1.028900
0.217600	1.016600
0.217680	1.028900
0.217760	0.979880
0.217840	0.979880
0.217920	0.979880
0.218000	0.992120
0.218080	0.992120
0.218160	0.979880
0.218240	0.967630
0.218320	0.979880
0.218400	1.004400
0.218480	1.004400
0.218560	1.016600
0.218640	1.041100
0.218720	1.077900
0.218800	1.077900
0.218880	1.090100
0.218960	1.126900
0.219040	1.139100
0.219120	1.139100
0.219200	1.126900
0.219280	1.126900
0.219360	1.163600
0.219440	1.163600
0.219520	1.163600
0.219600	1.151300
0.219680	1.163600
0.219760	1.139100
0.219840	1.139100
0.219920	1.163600
0.220000	1.163600
0.220080	1.212600
0.220160	1.212600
0.220240	1.261600
0.220320	1.261600
0.220400	1.286100
0.220480	1.322800
0.220560	1.335100
0.220640	1.359500
0.220720	1.384100
0.220800	1.396300
0.220880	1.396300
0.220960	1.396300
0.221040	1.396300
0.221120	1.408600
0.221200	1.408600
0.221280	1.420800
0.221360	1.457500
0.221440	1.445300
0.221520	1.469800
0.221600	1.457500
0.221680	1.433000
0.221760	1.433000
0.221840	1.420800
0.221920	1.420800
0.222000	1.420800
0.222080	1.408600
0.222160	1.408600
0.222240	1.408600
0.222320	1.420800
0.222400	1.420800
0.222480	1.433000
0.222560	1.433000
0.222640	1.420800
0.222720	1.457500
0.222800	1.469800
0.222880	1.494300
0.222960	1.531000
0.223040	1.580000
0.223120	1.580000
0.223200	1.567800
0.223280	1.567800
0.223360	1.580000
0.223440	1.604500
0.223520	1.592300
0.223600	1.629000
0.223680	1.616800
0.223760	1.665800
0.223840	1.678000
0.223920	1.690200
0.224000	1.690200
0.224080	1.702500
0.224160	1.739200
0.224240	1.727000
0.224320	1.788200
0.224400	1.812700
0.224480	1.800500
0.224560	1.825000
0.224640	1.825000
0.224720	1.861700
0.224800	1.874000
0.224880	1.947400
0.224960	1.959700
0.225040	1.984200
0.225120	1.971900
0.225200	1.971900
0.225280	1.984200
0.225360	2.020900
0.225440	2.008700
0.225520	2.008700
0.225600	1.996400
0.225680	2.033200
0.225760	2.057700
0.225840	2.082200
0.225920	2.082200
0.226000	2.057700
0.226080	2.069900
0.226160	2.069900
0.226240	2.094400
0.226320	2.106700
0.226400	2.094400
0.226480	2.106700
0.226560	2.082200
0.226640	2.082200
0.226720	2.082200
0.226800	2.045400
0.226880	2.057700
0.226960	2.045400
0.227040	2.057700
0.227120	2.057700
0.227200	2.057700
0.227280	2.045400
0.227360	2.069900
0.227440	2.106700
0.227520	2.069900
0.227600	2.082200
0.227680	2.094400
0.227760	2.082200
0.227840	2.057700
0.227920	2.057700
0.228000	2.045400
0.228080	2.045400
0.228160	2.045400
0.228240	2.057700
0.228320	2.057700
0.228400	2.057700
0.228480	2.045400
0.228560	2.057700
0.228640	2.057700
0.228720	2.045400
0.228800	2.057700
0.228880	2.045400
0.228960	2.069900
0.229040	2.094400
0.229120	2.082200
0.229200	2.082200
0.229280	2.057700
0.229360	2.033200
0.229440	2.033200
0.229520	2.045400
0.229600	2.045400
0.229680	2.069900
0.229760	2.057700
0.229840	2.094400
0.229920	2.082200
0.230000	2.094400
0.230080	2.106700
0.230160	2.106700
0.230240	2.131200
0.230320	2.106700
0.230400	2.118900
0.230480	2.118900
0.230560	2.143400
0.230640	2.143400
0.230720	2.143400
0.230800	2.155700
0.230880	2.143400
0.230960	2.143400
0.231040	2.143400
0.231120	2.167900
0.231200	2.167900
0.231280	2.167900
0.231360	2.180200
0.231440	2.155700
0.231520	2.155700
0.231600	2.167900
0.231680	2.143400
0.231760	2.167900
0.231840	2.180200
0.231920	2.167900
0.232000	2.192400
0.232080	2.204600
0.232160	2.180200
0.232240	2.192400
0.232320	2.229100
0.232400	2.216900
0.232480	2.241400
0.232560	2.229100
0.232640	2.229100
0.232720	2.216900
0.232800	2.180200
0.232880	2.167900
0.232960	2.167900
0.233040	2.143400
0.233120	2.167900
0.233200	2.155700
0.233280	2.167900
0.233360	2.143400
0.233440	2.106700
0.233520	2.167900
0.233600	2.167900
0.233680	2.167900
0.233760	2.180200
0.233840	2.167900
0.233920	2.180200
0.234000	2.167900
0.234080	2.155700
0.234160	2.155700
0.234240	2.143400
0.234320	2.143400
0.234400	2.143400
0.234480	2.155700
0.234560	2.155700
0.234640	2.167900
0.234720	2.143400
0.234800	2.131200
0.234880	2.082200
0.234960	2.094400
0.235040	2.069900
0.235120	2.069900
0.235200	2.082200
0.235280	2.082200
0.235360	2.045400
0.235440	2.045400
0.235520	1.996400
0.235600	2.008700
0.235680	1.996400
0.235760	1.996400
0.235840	1.971900
0.235920	2.008700
0.236000	2.008700
0.236080	2.008700
0.236160	1.971900
0.236240	1.947400
0.236320	1.910700
0.236400	1.898500
0.236480	1.898500
0.236560	1.898500
0.236640	1.886200
0.236720	1.849500
0.236800	1.837200
0.236880	1.825000
0.236960	1.812700
0.237040	1.825000
0.237120	1.763700
0.237200	1.776000
0.237280	1.788200
0.237360	1.788200
0.237440	1.776000
0.237520	1.776000
0.237600	1.739200
0.237680	1.727000
0.237760	1.690200
0.237840	1.727000
0.237920	1.702500
0.238000	1.702500
0.238080	1.702500
0.238160	1.690200
0.238240	1.678000
0.238320	1.653500
0.238400	1.641300
0.238480	1.629000
0.238560	1.641300
0.238640	1.641300
0.238720	1.629000
0.238800	1.616800
0.238880	1.580000
0.238960	1.580000
0.239040	1.580000
0.239120	1.580000
0.239200	1.580000
0.239280	1.580000
0.239360	1.555500
0.239440	1.592300
0.239520	1.531000
0.239600	1.531000
0.239680	1.482000
0.239760	1.506500
0.239840	1.518800
0.239920	1.531000
0.240000	1.506500
0.240080	1.531000
0.240160	1.506500
0.240240	1.482000
0.240320	1.482000
0.240400	1.482000
0.240480	1.482000
0.240560	1.506500
0.240640	1.482000
0.240720	1.457500
0.240800	1.445300
0.240880	1.433000
0.240960	1.433000
0.241040	1.408600
0.241120	1.408600
0.241200	1.396300
0.241280	1.396300
0.241360	1.408600
0.241440	1.408600
0.241520	1.445300
0.241600	1.433000
0.241680	1.433000
0.241760	1.433000
0.241840	1.433000
0.241920	1.396300
0.242000	1.371800
0.242080	1.359500
0.242160	1.322800
0.242240	1.335100
0.242320	1.359500
0.242400	1.335100
0.242480	1.322800
0.242560	1.286100
0.242640	1.273800
0.242720	1.286100
0.242800	1.286100
0.242880	1.261600
0.242960	1.273800
0.243040	1.273800
0.243120	1.261600
0.243200	1.237100
0.243280	1.249300
0.243360	1.249300
0.243440	1.224800
0.243520	1.200300
0.243600	1.175800
0.243680	1.200300
0.243760	1.188100
0.243840	1.212600
0.243920	1.224800
0.244000	1.237100
0.244080	1.224800
0.244160	1.212600
0.244240	1.212600
0.244320	1.200300
0.244400	1.188100
0.244480	1.151300
0.244560	1.163600
0.244640	1.151300
0.244720	1.139100
0.244800	1.126900
0.244880	1.151300
0.244960	1.163600
0.245040	1.139100
0.245120	1.126900
0.245200	1.114600
0.245280	1.102300
0.245360	1.139100
0.245440	1.126900
0.245520	1.114600
0.245600	1.126900
0.245680	1.126900
0.245760	1.139100
0.245840	1.126900
0.245920	1.126900
0.246000	1.090100
0.246080	1.077900
0.246160	1.053400
0.246240	1.053400
0.246320	1.053400
0.246400	1.077900
0.246480	1.065600
0.246560	1.041100
0.246640	1.041100
0.246720	1.041100
0.246800	1.041100
0.246880	1.041100
0.246960	1.065600
0.247040	1.065600
0.247120	1.077900
0.247200	1.041100
0.247280	1.041100
0.247360	1.041100
0.247440	1.028900
0.247520	0.992120
0.247600	0.967630
0.247680	0.979880
0.247760	0.967630
0.247840	0.930890
0.247920	0.943130
0.248000	0.943130
0.248080	0.918640
0.248160	0.930890
0.248240	0.918640
0.248320	0.894140
0.248400	0.918640
0.248480	0.906390
0.248560	0.906390
0.248640	0.881900
0.248720	0.881900
0.248800	0.857400
0.248880	0.820660
0.248960	0.808410
0.249040	0.796160
0.249120	0.820660
0.249200	0.832900
0.249280	0.845150
0.249360	0.771670
0.249440	0.747170
0.249520	0.710430
0.249600	0.747170
0.249680	0.734920
0.249760	0.734920
0.249840	0.685930
0.249920	0.685930
0.250000	0.673680
0.250080	0.698180
0.250160	0.685930
0.250240	0.685930
0.250320	0.673680
0.250400	0.673680
0.250480	0.649190
0.250560	0.649190
0.250640	0.624690
0.250720	0.600200
0.250800	0.575700
0.250880	0.538960
0.250960	0.514460
0.251040	0.514460
0.251120	0.514460
0.251200	0.502220
0.251280	0.502220
0.251360	0.514460
0.251440	0.514460
0.251520	0.514460
0.251600	0.514460
0.251680	0.502220
0.251760	0.477720
0.251840	0.477720
0.251920	0.453220
0.252000	0.440980
0.252080	0.453220
0.252160	0.391990
0.252240	0.416480
0.252320	0.379740
0.252400	0.367490
0.252480	0.391990
0.252560	0.355240
0.252640	0.367490
0.252720	0.367490
0.252800	0.355240
0.252880	0.318500
0.252960	0.318500
0.253040	0.306250
0.253120	0.318500
0.253200	0.306250
0.253280	0.306250
0.253360	0.306250
0.253440	0.281760
0.253520	0.269510
0.253600	0.257260
0.253680	0.232770
0.253760	0.208270
0.253840	0.196020
0.253920	0.171530
0.254000	0.171530
0.254080	0.171530
0.254160	0.147030
0.254240	0.122540
0.254320	0.134780
0.254400	0.134780
0.254480	0.134780
0.254560	0.134780
0.254640	0.110290
0.254720	0.073547
0.254800	0.049051
0.254880	0.012308
0.254960	0.000061
0.255040	0.012308
0.255120	0.012308
0.255200	0.012308
0.255280	0.012308
0.255360	0.000061
0.255440	-0.036683
0.255520	-0.024435
0.255600	-0.048930
0.255680	-0.061178
0.255760	-0.061178
0.255840	-0.085673
0.255920	-0.085673
0.256000	-0.061178
0.256080	-0.085673
0.256160	-0.085673
0.256240	-0.085673
0.256320	-0.110170
0.256400	-0.122420
0.256480	-0.134660
0.256560	-0.146910
0.256640	-0.159160
0.256720	-0.159160
0.256800	-0.159160
0.256880	-0.159160
0.256960	-0.208150
0.257040	-0.171410
0.257120	-0.183650
0.257200	-0.195900
0.257280	-0.208150
0.257360	-0.208150
0.257440	-0.208150
0.257520	-0.195900
0.257600	-0.220400
0.257680	-0.220400
0.257760	-0.232650
0.257840	-0.232650
0.257920	-0.232650
0.258000	-0.208150
0.258080	-0.208150
0.258160	-0.244890
0.258240	-0.244890
0.258320	-0.244890
0.258400	-0.244890
0.258480	-0.281640
0.258560	-0.281640
0.258640	-0.281640
0.258720	-0.281640
0.258800	-0.293880
0.258880	-0.281640
0.258960	-0.306130
0.259040	-0.306130
0.259120	-0.306130
0.259200	-0.306130
0.259280	-0.269390
0.259360	-0.306130
0.259440	-0.293880
0.259520	-0.293880
0.259600	-0.269390
0.259680	-0.293880
0.259760	-0.281640
0.259840	-0.318380
0.259920	-0.330630
0.260000	-0.342880
0.260080	-0.342880
0.260160	-0.330630
0.260240	-0.342880
0.260320	-0.330630
0.260400	-0.355120
0.260480	-0.355120
0.260560	-0.379620
0.260640	-0.379620
0.260720	-0.391870
0.260800	-0.404110
0.260880	-0.379620
0.260960	-0.404110
0.261040	-0.404110
0.261120	-0.428610
0.261200	-0.416360
0.261280	-0.404110
0.261360	-0.428610
0.261440	-0.428610
0.261520	-0.453100
0.261600	-0.465350
0.261680	-0.465350
0.261760	-0.489850
0.261840	-0.489850
0.261920	-0.489850
0.262000	-0.489850
0.262080	-0.502090
0.262160	-0.526590
0.262240	-0.538840
0.262320	-0.563330
0.262400	-0.563330
0.262480	-0.587830
0.262560	-0.612320
0.262640	-0.636820
0.262720	-0.649070
0.262800	-0.685810
0.262880	-0.661320
0.262960	-0.649070
0.263040	-0.649070
0.263120	-0.661320
0.263200	-0.685810
0.263280	-0.698060
0.263360	-0.698060
0.263440	-0.685810
0.263520	-0.673560
0.263600	-0.673560
0.263680	-0.685810
0.263760	-0.685810
0.263840	-0.698060
0.263920	-0.698060
0.264000	-0.722550
0.264080	-0.698060
0.264160	-0.710310
0.264240	-0.747050
0.264320	-0.734800
0.264400	-0.747050
0.264480	-0.747050
0.264560	-0.747050
0.264640	-0.710310
0.264720	-0.698060
0.264800	-0.722550
0.264880	-0.685810
0.264960	-0.698060
0.265040	-0.698060
0.265120	-0.734800
0.265200	-0.698060
0.265280	-0.698060
0.265360	-0.698060
0.265440	-0.673560
0.265520	-0.698060
0.265600	-0.685810
0.265680	-0.673560
0.265760	-0.661320
0.265840	-0.661320
0.265920	-0.636820
0.266000	-0.649070
0.266080	-0.649070
0.266160	-0.649070
0.266240	-0.649070
0.266320	-0.649070
0.266400	-0.673560
0.266480	-0.661320
0.266560	-0.636820
0.266640	-0.636820
0.266720	-0.624570
0.266800	-0.624570
0.266880	-0.612320
0.266960	-0.624570
0.267040	-0.600080
0.267120	-0.600080
0.267200	-0.575580
0.267280	-0.575580
0.267360	-0.551090
0.267440	-0.575580
0.267520	-0.538840
0.267600	-0.489850
0.267680	-0.526590
0.267760	-0.538840
0.267840	-0.551090
0.267920	-0.502090
0.268000	-0.502090
0.268080	-0.477600
0.268160	-0.465350
0.268240	-0.465350
0.268320	-0.440860
0.268400	-0.453100
0.268480	-0.440860
0.268560	-0.428610
0.268640	-0.453100
0.268720	-0.416360
0.268800	-0.428610
0.268880	-0.440860
0.268960	-0.440860
0.269040	-0.440860
0.269120	-0.440860
0.269200	-0.440860
0.269280	-0.440860
0.269360	-0.416360
0.269440	-0.428610
0.269520	-0.440860
0.269600	-0.404110
0.269680	-0.416360
0.269760	-0.465350
0.269840	-0.440860
0.269920	-0.428610
0.270000	-0.440860
0.270080	-0.416360
0.270160	-0.428610
0.270240	-0.453100
0.270320	-0.489850
0.270400	-0.477600
0.270480	-0.489850
0.270560	-0.502090
0.270640	-0.502090
0.270720	-0.526590
0.270800	-0.538840
0.270880	-0.514340
0.270960	-0.514340
0.271040	-0.502090
0.271120	-0.526590
0.271200	-0.551090
0.271280	-0.551090
0.271360	-0.538840
0.271440	-0.551090
0.271520	-0.551090
0.271600	-0.575580
0.271680	-0.563330
0.271760	-0.563330
0.271840	-0.563330
0.271920	-0.551090
0.272000	-0.551090
0.272080	-0.551090
0.272160	-0.575580
0.272240	-0.563330
0.272320	-0.575580
0.272400	-0.575580
0.272480	-0.575580
0.272560	-0.563330
0.272640	-0.538840
0.272720	-0.538840
0.272800	-0.551090
0.272880	-0.551090
0.272960	-0.551090
0.273040	-0.575580
0.273120	-0.551090
0.273200	-0.563330
0.273280	-0.563330
0.273360	-0.563330
0.273440	-0.551090
0.273520	-0.551090
0.273600	-0.538840
0.273680	-0.551090
0.273760	-0.563330
0.273840	-0.563330
0.273920	-0.526590
0.274000	-0.526590
0.274080	-0.538840
0.274160	-0.538840
0.274240	-0.551090
0.274320	-0.575580
0.274400	-0.563330
0.274480	-0.526590
0.274560	-0.538840
0.274640	-0.538840
0.274720	-0.526590
0.274800	-0.551090
0.274880	-0.538840
0.274960	-0.526590
0.275040	-0.502090
0.275120	-0.502090
0.275200	-0.502090
0.275280	-0.538840
0.275360	-0.514340
0.275440	-0.502090
0.275520	-0.514340
0.275600	-0.477600
0.275680	-0.477600
0.275760	-0.477600
0.275840	-0.453100
0.275920	-0.477600
0.276000	-0.453100
0.276080	-0.440860
0.276160	-0.440860
0.276240	-0.391870
0.276320	-0.404110
0.276400	-0.404110
0.276480	-0.391870
0.276560	-0.367370
0.276640	-0.355120
0.276720	-0.330630
0.276800	-0.257140
0.276880	-0.281640
0.276960	-0.244890
0.277040	-0.232650
0.277120	-0.220400
0.277200	-0.183650
0.277280	-0.146910
0.277360	-0.146910
0.277440	-0.122420
0.277520	-0.134660
0.277600	-0.146910
0.277680	-0.159160
0.277760	-0.195900
0.277840	-0.232650
0.277920	-0.208150
0.278000	-0.220400
0.278080	-0.208150
0.278160	-0.183650
0.278240	-0.183650
0.278320	-0.171410
0.278400	-0.171410
0.278480	-0.183650
0.278560	-0.208150
0.278640	-0.195900
0.278720	-0.220400
0.278800	-0.257140
0.278880	-0.281640
0.278960	-0.318380
0.279040	-0.342880
0.279120	-0.355120
0.279200	-0.379620
0.279280	-0.379620
0.279360	-0.416360
0.279440	-0.440860
0.279520	-0.477600
0.279600	-0.477600
0.279680	-0.489850
0.279760	-0.526590
0.279840	-0.551090
0.279920	-0.575580
0.280000	-0.587830
0.280080	-0.587830
0.280160	-0.600080
0.280240	-0.636820
0.280320	-0.636820
0.280400	-0.661320
0.280480	-0.673560
0.280560	-0.673560
0.280640	-0.685810
0.280720	-0.698060
0.280800	-0.685810
0.280880	-0.698060
0.280960	-0.673560
0.281040	-0.685810
0.281120	-0.673560
0.281200	-0.649070
0.281280	-0.624570
0.281360	-0.575580
0.281440	-0.563330
0.281520	-0.551090
0.281600	-0.551090
0.281680	-0.551090
0.281760	-0.538840
0.281840	-0.526590
0.281920	-0.477600
0.282000	-0.428610
0.282080	-0.379620
0.282160	-0.330630
0.282240	-0.306130
0.282320	-0.281640
0.282400	-0.269390
0.282480	-0.269390
0.282560	-0.257140
0.282640	-0.232650
0.282720	-0.257140
0.282800	-0.220400
0.282880	-0.195900
0.282960	-0.220400
0.283040	-0.195900
0.283120	-0.195900
0.283200	-0.146910
0.283280	-0.159160
0.283360	-0.122420
0.283440	-0.183650
0.283520	-0.134660
0.283600	-0.110170
0.283680	-0.146910
0.283760	-0.159160
0.283840	-0.146910
0.283920	-0.146910
0.284000	-0.159160
0.284080	-0.159160
0.284160	-0.159160
0.284240	-0.195900
0.284320	-0.208150
0.284400	-0.232650
0.284480	-0.232650
0.284560	-0.281640
0.284640	-0.269390
0.284720	-0.281640
0.284800	-0.318380
0.284880	-0.318380
0.284960	-0.342880
0.285040	-0.342880
0.285120	-0.355120
0.285200	-0.355120
0.285280	-0.355120
0.285360	-0.367370
0.285440	-0.342880
0.285520	-0.355120
0.285600	-0.367370
0.285680	-0.342880
0.285760	-0.367370
0.285840	-0.355120
0.285920	-0.355120
0.286000	-0.367370
0.286080	-0.330630
0.286160	-0.355120
0.286240	-0.342880
0.286320	-0.330630
0.286400	-0.355120
0.286480	-0.355120
0.286560	-0.355120
0.286640	-0.342880
0.286720	-0.342880
0.286800	-0.306130
0.286880	-0.306130
0.286960	-0.306130
0.287040	-0.293880
0.287120	-0.306130
0.287200	-0.281640
0.287280	-0.293880
0.287360	-0.306130
0.287440	-0.293880
0.287520	-0.281640
0.287600	-0.257140
0.287680	-0.257140
0.287760	-0.232650
0.287840	-0.195900
0.287920	-0.220400
0.288000	-0.220400
0.288080	-0.232650
0.288160	-0.232650
0.288240	-0.220400
0.288320	-0.220400
0.288400	-0.208150
0.288480	-0.208150
0.288560	-0.195900
0.288640	-0.208150
0.288720	-0.195900
0.288800	-0.195900
0.288880	-0.159160
0.288960	-0.183650
0.289040	-0.183650
0.289120	-0.171410
0.289200	-0.146910
0.289280	-0.171410
0.289360	-0.171410
0.289440	-0.183650
0.289520	-0.171410
0.289600	-0.183650
0.289680	-0.159160
0.289760	-0.159160
0.289840	-0.159160
0.289920	-0.146910
0.290000	-0.171410
0.290080	-0.159160
0.290160	-0.183650
0.290240	-0.159160
0.290320	-0.159160
0.290400	-0.159160
0.290480	-0.146910
0.290560	-0.159160
0.290640	-0.183650
0.290720	-0.183650
0.290800	-0.183650
0.290880	-0.171410
0.290960	-0.183650
0.291040	-0.208150
0.291120	-0.183650
0.291200	-0.220400
0.291280	-0.220400
0.291360	-0.232650
0.291440	-0.220400
0.291520	-0.220400
0.291600	-0.232650
0.291680	-0.208150
0.291760	-0.220400
0.291840	-0.232650
0.291920	-0.232650
0.292000	-0.244890
0.292080	-0.220400
0.292160	-0.208150
0.292240	-0.208150
0.292320	-0.183650
0.292400	-0.183650
0.292480	-0.195900
0.292560	-0.208150
0.292640	-0.195900
0.292720	-0.208150
0.292800	-0.208150
0.292880	-0.195900
0.292960	-0.195900
0.293040	-0.183650
0.293120	-0.183650
0.293200	-0.195900
0.293280	-0.183650
0.293360	-0.171410
0.293440	-0.171410
0.293520	-0.159160
0.293600	-0.146910
0.293680	-0.183650
0.293760	-0.183650
0.293840	-0.208150
0.293920	-0.171410
0.294000	-0.171410
0.294080	-0.146910
0.294160	-0.159160
0.294240	-0.146910
0.294320	-0.134660
0.294400	-0.134660
0.294480	-0.146910
0.294560	-0.159160
0.294640	-0.159160
0.294720	-0.171410
0.294800	-0.195900
0.294880	-0.171410
0.294960	-0.183650
0.295040	-0.183650
0.295120	-0.195900
0.295200	-0.195900
0.295280	-0.208150
0.295360	-0.208150
0.295440	-0.195900
0.295520	-0.208150
0.295600	-0.195900
0.295680	-0.195900
0.295760	-0.220400
0.295840	-0.220400
0.295920	-0.232650
0.296000	-0.208150
0.296080	-0.220400
0.296160	-0.232650
0.296240	-0.244890
0.296320	-0.269390
0.296400	-0.257140
0.296480	-0.244890
0.296560	-0.244890
0.296640	-0.257140
0.296720	-0.257140
0.296800	-0.257140
0.296880	-0.220400
0.296960	-0.257140
0.297040	-0.244890
0.297120	-0.232650
0.297200	-0.244890
0.297280	-0.257140
0.297360	-0.257140
0.297440	-0.244890
0.297520	-0.244890
0.297600	-0.244890
0.297680	-0.257140
0.297760	-0.257140
0.297840	-0.244890
0.297920	-0.257140
0.298000	-0.244890
0.298080	-0.293880
0.298160	-0.269390
0.298240	-0.281640
0.298320	-0.281640
0.298400	-0.257140
0.298480	-0.293880
0.298560	-0.306130
0.298640	-0.318380
0.298720	-0.306130
0.298800	-0.330630
0.298880	-0.293880
0.298960	-0.306130
0.299040	-0.306130
0.299120	-0.306130
0.299200	-0.281640
0.299280	-0.293880
0.299360	-0.269390
0.299440	-0.281640
0.299520	-0.257140
0.299600	-0.244890
0.299680	-0.281640
0.299760	-0.257140
0.299840	-0.244890
0.299920	-0.244890
0.300000	-0.269390
0.300080	-0.232650
0.300160	-0.244890
0.300240	-0.232650
0.300320	-0.244890
0.300400	-0.220400
0.300480	-0.257140
0.300560	-0.269390
0.300640	-0.269390
0.300720	-0.293880
0.300800	-0.257140
0.300880	-0.244890
0.300960	-0.257140
0.301040	-0.281640
0.301120	-0.269390
0.301200	-0.269390
0.301280	-0.257140
0.301360	-0.257140
0.301440	-0.257140
0.301520	-0.244890
0.301600	-0.244890
0.301680	-0.244890
0.301760	-0.244890
0.301840	-0.244890
0.301920	-0.257140
0.302000	-0.293880
0.302080	-0.293880
0.302160	-0.269390
0.302240	-0.306130
0.302320	-0.318380
0.302400	-0.318380
0.302480	-0.330630
0.302560	-0.355120
0.302640	-0.342880
0.302720	-0.330630
0.302800	-0.330630
0.302880	-0.342880
0.302960	-0.330630
0.303040	-0.342880
0.303120	-0.318380
0.303200	-0.342880
0.303280	-0.367370
0.303360	-0.355120
0.303440	-0.355120
0.303520	-0.355120
0.303600	-0.355120
0.303680	-0.379620
0.303760	-0.367370
0.303840	-0.367370
0.303920	-0.355120
0.304000	-0.342880
0.304080	-0.342880
0.304160	-0.318380
0.304240	-0.318380
0.304320	-0.318380
0.304400	-0.306130
0.304480	-0.318380
0.304560	-0.306130
0.304640	-0.293880
0.304720	-0.269390
0.304800	-0.281640
0.304880	-0.257140
0.304960	-0.293880
0.305040	-0.269390
0.305120	-0.281640
0.305200	-0.257140
0.305280	-0.269390
0.305360	-0.257140
0.305440	-0.257140
0.305520	-0.244890
0.305600	-0.232650
0.305680	-0.208150
0.305760	-0.220400
0.305840	-0.220400
0.305920	-0.220400
0.306000	-0.208150
0.306080	-0.183650
0.306160	-0.183650
0.306240	-0.183650
0.306320	-0.171410
0.306400	-0.195900
0.306480	-0.183650
0.306560	-0.195900
0.306640	-0.208150
0.306720	-0.171410
0.306800	-0.195900
0.306880	-0.171410
0.306960	-0.208150
0.307040	-0.183650
0.307120	-0.183650
0.307200	-0.159160
0.307280	-0.159160
0.307360	-0.159160
0.307440	-0.159160
0.307520	-0.171410
0.307600	-0.171410
0.307680	-0.159160
0.307760	-0.159160
0.307840	-0.134660
0.307920	-0.134660
0.308000	-0.146910
0.308080	-0.146910
0.308160	-0.122420
0.308240	-0.134660
0.308320	-0.122420
0.308400	-0.110170
0.308480	-0.110170
0.308560	-0.122420
0.308640	-0.110170
0.308720	-0.122420
0.308800	-0.097921
0.308880	-0.122420
0.308960	-0.097921
0.309040	-0.097921
0.309120	-0.061178
0.309200	-0.085673
0.309280	-0.061178
0.309360	-0.061178
0.309440	-0.048930
0.309520	-0.073426
0.309600	-0.073426
0.309680	-0.061178
0.309760	-0.061178
0.309840	-0.048930
0.309920	-0.073426
