-0.020080	-0.020101
-0.020000	0.004356
-0.019920	0.004356
-0.019840	0.028814
-0.019760	0.004356
-0.019680	0.016585
-0.019600	-0.007872
-0.019520	0.028814
-0.019440	0.041042
-0.019360	0.041042
-0.019280	0.004356
-0.019200	0.004356
-0.019120	-0.007872
-0.019040	-0.032329
-0.018960	-0.020101
-0.018880	-0.007872
-0.018800	-0.007872
-0.018720	-0.007872
-0.018640	0.016585
-0.018560	-0.007872
-0.018480	0.016585
-0.018400	0.004356
-0.018320	0.004356
-0.018240	0.004356
-0.018160	0.004356
-0.018080	0.028814
-0.018000	0.016585
-0.017920	0.016585
-0.017840	0.016585
-0.017760	-0.007872
-0.017680	0.016585
-0.017600	-0.020101
-0.017520	-0.007872
-0.017440	-0.020101
-0.017360	-0.007872
-0.017280	0.004356
-0.017200	0.028814
-0.017120	0.016585
-0.017040	0.004356
-0.016960	-0.007872
-0.016880	0.004356
-0.016800	0.004356
-0.016720	-0.007872
-0.016640	-0.007872
-0.016560	-0.007872
-0.016480	0.016585
-0.016400	-0.020101
-0.016320	0.016585
-0.016240	0.028814
-0.016160	0.004356
-0.016080	0.016585
-0.016000	0.053271
-0.015920	0.004356
-0.015840	0.028814
-0.015760	0.016585
-0.015680	0.016585
-0.015600	0.028814
-0.015520	0.028814
-0.015440	0.004356
-0.015360	0.004356
-0.015280	0.004356
-0.015200	0.028814
-0.015120	0.028814
-0.015040	0.004356
-0.014960	0.016585
-0.014880	0.016585
-0.014800	0.016585
-0.014720	-0.007872
-0.014640	0.004356
-0.014560	0.004356
-0.014480	0.016585
-0.014400	0.053271
-0.014320	0.041042
-0.014240	0.016585
-0.014160	0.028814
-0.014080	0.028814
-0.014000	0.016585
-0.013920	0.028814
-0.013840	0.028814
-0.013760	0.004356
-0.013680	0.041042
-0.013600	0.016585
-0.013520	0.004356
-0.013440	0.016585
-0.013360	0.004356
-0.013280	0.016585
-0.013200	0.028814
-0.013120	0.016585
-0.013040	0.041042
-0.012960	0.028814
-0.012880	0.028814
-0.012800	-0.007872
-0.012720	0.016585
-0.012640	0.016585
-0.012560	0.016585
-0.012480	0.028814
-0.012400	0.028814
-0.012320	0.041042
-0.012240	0.028814
-0.012160	0.028814
-0.012080	0.053271
-0.012000	0.028814
-0.011920	0.028814
-0.011840	0.016585
-0.011760	0.028814
-0.011680	0.016585
-0.011600	0.016585
-0.011520	0.004356
-0.011440	0.004356
-0.011360	0.028814
-0.011280	0.016585
-0.011200	0.016585
-0.011120	0.028814
-0.011040	0.016585
-0.010960	0.004356
-0.010880	0.004356
-0.010800	0.004356
-0.010720	-0.007872
-0.010640	-0.007872
-0.010560	-0.007872
-0.010480	-0.007872
-0.010400	-0.020101
-0.010320	0.004356
-0.010240	-0.007872
-0.010160	-0.007872
-0.010080	0.004356
-0.010000	-0.007872
-0.009920	0.004356
-0.009840	0.004356
-0.009760	0.004356
-0.009680	0.004356
-0.009600	0.016585
-0.009520	0.016585
-0.009440	0.004356
-0.009360	0.004356
-0.009280	-0.020101
-0.009200	-0.007872
-0.009120	-0.007872
-0.009040	0.016585
-0.008960	0.016585
-0.008880	0.028814
-0.008800	0.016585
-0.008720	0.028814
-0.008640	0.016585
-0.008560	0.004356
-0.008480	0.004356
-0.008400	0.016585
-0.008320	0.016585
-0.008240	0.004356
-0.008160	0.028814
-0.008080	0.028814
-0.008000	0.004356
-0.007920	0.016585
-0.007840	0.004356
-0.007760	0.004356
-0.007680	-0.007872
-0.007600	0.028814
-0.007520	0.016585
-0.007440	0.016585
-0.007360	0.016585
-0.007280	0.016585
-0.007200	0.004356
-0.007120	0.016585
-0.007040	0.016585
-0.006960	0.016585
-0.006880	0.016585
-0.006800	-0.007872
-0.006720	-0.007872
-0.006640	0.028814
-0.006560	0.004356
-0.006480	0.016585
-0.006400	0.004356
-0.006320	-0.020101
-0.006240	-0.020101
-0.006160	-0.020101
-0.006080	0.016585
-0.006000	0.004356
-0.005920	0.016585
-0.005840	0.004356
-0.005760	0.016585
-0.005680	-0.007872
-0.005600	-0.020101
-0.005520	-0.020101
-0.005440	-0.020101
-0.005360	0.016585
-0.005280	0.004356
-0.005200	0.004356
-0.005120	-0.007872
-0.005040	-0.020101
-0.004960	-0.020101
-0.004880	-0.007872
-0.004800	-0.007872
-0.004720	0.028814
-0.004640	0.016585
-0.004560	0.004356
-0.004480	-0.007872
-0.004400	-0.007872
-0.004320	0.016585
-0.004240	0.004356
-0.004160	-0.007872
-0.004080	-0.020101
-0.004000	-0.007872
-0.003920	0.016585
-0.003840	-0.007872
-0.003760	0.004356
-0.003680	0.004356
-0.003600	-0.007872
-0.003520	0.016585
-0.003440	0.004356
-0.003360	-0.007872
-0.003280	0.028814
-0.003200	0.004356
-0.003120	0.004356
-0.003040	0.016585
-0.002960	0.004356
-0.002880	0.004356
-0.002800	-0.007872
-0.002720	0.004356
-0.002640	0.016585
-0.002560	0.028814
-0.002480	0.016585
-0.002400	0.004356
-0.002320	0.016585
-0.002240	-0.020101
-0.002160	-0.007872
-0.002080	0.004356
-0.002000	0.004356
-0.001920	0.004356
-0.001840	0.004356
-0.001760	0.004356
-0.001680	0.004356
-0.001600	0.016585
-0.001520	-0.007872
-0.001440	-0.007872
-0.001360	0.016585
-0.001280	0.016585
-0.001200	0.016585
-0.001120	0.004356
-0.001040	-0.007872
-0.000960	0.028814
-0.000880	-0.007872
-0.000800	0.004356
-0.000720	0.004356
-0.000640	-0.007872
-0.000560	-0.020101
-0.000480	-0.007872
-0.000400	-0.007872
-0.000320	0.004356
-0.000240	-0.032329
-0.000160	-0.044558
-0.000080	-0.007872
0.000000	-0.020101
0.000080	-0.032329
0.000160	-0.056787
0.000240	0.041042
0.000320	-0.032329
0.000400	-0.056787
0.000480	-0.020101
0.000560	-0.032329
0.000640	-0.020101
0.000720	-0.020101
0.000800	-0.007872
0.000880	-0.032329
0.000960	-0.032329
0.001040	-0.020101
0.001120	-0.044558
0.001200	0.004356
0.001280	-0.020101
0.001360	-0.032329
0.001440	-0.020101
0.001520	-0.007872
0.001600	-0.007872
0.001680	0.004356
0.001760	0.004356
0.001840	-0.007872
0.001920	-0.020101
0.002000	-0.020101
0.002080	0.004356
0.002160	-0.032329
0.002240	-0.020101
0.002320	-0.020101
0.002400	0.004356
0.002480	-0.007872
0.002560	0.004356
0.002640	0.028814
0.002720	0.004356
0.002800	0.004356
0.002880	-0.007872
0.002960	0.004356
0.003040	-0.007872
0.003120	-0.007872
0.003200	-0.020101
0.003280	-0.032329
0.003360	-0.007872
0.003440	-0.020101
0.003520	-0.007872
0.003600	-0.007872
0.003680	0.016585
0.003760	0.016585
0.003840	-0.007872
0.003920	-0.007872
0.004000	-0.020101
0.004080	-0.007872
0.004160	-0.044558
0.004240	-0.032329
0.004320	-0.007872
0.004400	-0.020101
0.004480	-0.007872
0.004560	-0.020101
0.004640	-0.007872
0.004720	-0.020101
0.004800	-0.007872
0.004880	-0.020101
0.004960	0.004356
0.005040	0.004356
0.005120	0.016585
0.005200	0.004356
0.005280	0.004356
0.005360	0.004356
0.005440	0.016585
0.005520	0.016585
0.005600	-0.020101
0.005680	0.004356
0.005760	0.004356
0.005840	0.004356
0.005920	-0.007872
0.006000	0.016585
0.006080	0.016585
0.006160	-0.007872
0.006240	-0.020101
0.006320	-0.020101
0.006400	-0.007872
0.006480	0.004356
0.006560	0.004356
0.006640	0.004356
0.006720	0.004356
0.006800	0.004356
0.006880	-0.007872
0.006960	-0.020101
0.007040	0.004356
0.007120	0.004356
0.007200	0.016585
0.007280	-0.020101
0.007360	0.004356
0.007440	0.016585
0.007520	0.004356
0.007600	-0.007872
0.007680	-0.020101
0.007760	0.004356
0.007840	-0.007872
0.007920	-0.007872
0.008000	0.004356
0.008080	0.004356
0.008160	-0.007872
0.008240	0.004356
0.008320	0.028814
0.008400	0.016585
0.008480	0.028814
0.008560	0.041042
0.008640	0.016585
0.008720	0.028814
0.008800	-0.007872
0.008880	0.004356
0.008960	0.016585
0.009040	0.016585
0.009120	0.041042
0.009200	0.016585
0.009280	0.028814
0.009360	0.028814
0.009440	0.016585
0.009520	0.016585
0.009600	0.016585
0.009680	0.004356
0.009760	0.016585
0.009840	0.016585
0.009920	0.004356
0.010000	0.028814
0.010080	0.016585
0.010160	0.004356
0.010240	0.028814
0.010320	0.016585
0.010400	0.028814
0.010480	0.016585
0.010560	0.028814
0.010640	0.053271
0.010720	0.028814
0.010800	0.016585
0.010880	0.028814
0.010960	0.028814
0.011040	0.004356
0.011120	0.016585
0.011200	0.016585
0.011280	0.077728
0.011360	0.114410
0.011440	0.102190
0.011520	0.041042
0.011600	-0.007872
0.011680	-0.056787
0.011760	-0.044558
0.011840	-0.020101
0.011920	0.004356
0.012000	0.041042
0.012080	0.028814
0.012160	0.016585
0.012240	0.041042
0.012320	0.016585
0.012400	0.016585
0.012480	0.016585
0.012560	0.065499
0.012640	0.102190
0.012720	0.151100
0.012800	0.126640
0.012880	0.089957
0.012960	0.028814
0.013040	-0.056787
0.013120	-0.105700
0.013200	-0.154610
0.013280	-0.142390
0.013360	-0.166840
0.013440	-0.179070
0.013520	-0.191300
0.013600	-0.179070
0.013680	-0.154610
0.013760	-0.117930
0.013840	-0.105700
0.013920	-0.093472
0.014000	-0.056787
0.014080	0.041042
0.014160	0.187780
0.014240	0.371210
0.014320	0.542420
0.014400	0.652470
0.014480	0.774760
0.014560	0.848130
0.014640	0.970420
0.014720	1.068200
0.014800	1.141600
0.014880	1.202800
0.014960	1.239400
0.015040	1.325000
0.015120	1.410700
0.015200	1.569600
0.015280	1.679700
0.015360	1.802000
0.015440	1.912000
0.015520	1.997600
0.015600	2.132100
0.015680	2.278900
0.015760	2.413400
0.015840	2.535700
0.015920	2.658000
0.016000	2.804700
0.016080	2.988100
0.016160	3.134900
0.016240	3.257200
0.016320	3.391700
0.016400	3.538400
0.016480	3.685200
0.016560	3.844100
0.016640	3.966400
0.016720	4.088700
0.016800	4.223200
0.016880	4.321100
0.016960	4.382200
0.017040	4.504500
0.017120	4.504500
0.017200	4.553400
0.017280	4.577800
0.017360	4.602300
0.017440	4.626800
0.017520	4.663400
0.017600	4.724600
0.017680	4.761300
0.017760	4.785700
0.017840	4.773500
0.017920	4.749100
0.018000	4.749100
0.018080	4.687900
0.018160	4.687900
0.018240	4.675700
0.018320	4.663400
0.018400	4.626800
0.018480	4.565600
0.018560	4.480000
0.018640	4.370000
0.018720	4.259900
0.018800	4.174300
0.018880	4.113200
0.018960	4.076500
0.019040	4.039800
0.019120	3.990900
0.019200	3.929700
0.019280	3.905300
0.019360	3.856400
0.019440	3.844100
0.019520	3.831900
0.019600	3.819700
0.019680	3.807500
0.019760	3.783000
0.019840	3.746300
0.019920	3.746300
0.020000	3.709600
0.020080	3.672900
0.020160	3.636300
0.020240	3.575100
0.020320	3.489500
0.020400	3.403900
0.020480	3.269400
0.020560	3.110400
0.020640	2.963700
0.020720	2.804700
0.020800	2.621300
0.020880	2.450100
0.020960	2.266600
0.021040	2.095400
0.021120	1.960900
0.021200	1.887600
0.021280	1.802000
0.021360	1.728600
0.021440	1.667400
0.021520	1.606300
0.021600	1.569600
0.021680	1.520700
0.021760	1.508500
0.021840	1.471800
0.021920	1.435100
0.022000	1.374000
0.022080	1.288400
0.022160	1.202800
0.022240	1.104900
0.022320	1.019300
0.022400	0.897040
0.022480	0.799220
0.022560	0.689160
0.022640	0.603560
0.022720	0.554640
0.022800	0.505730
0.022880	0.493500
0.022960	0.444590
0.023040	0.444590
0.023120	0.407900
0.023200	0.383440
0.023280	0.334530
0.023360	0.322300
0.023440	0.261160
0.023520	0.187780
0.023600	0.126640
0.023680	0.089957
0.023760	-0.020101
0.023840	-0.093472
0.023920	-0.179070
0.024000	-0.252440
0.024080	-0.325820
0.024160	-0.374730
0.024240	-0.411420
0.024320	-0.484790
0.024400	-0.545930
0.024480	-0.582620
0.024560	-0.619300
0.024640	-0.631530
0.024720	-0.655990
0.024800	-0.655990
0.024880	-0.680450
0.024960	-0.704900
0.025040	-0.704900
0.025120	-0.717130
0.025200	-0.717130
0.025280	-0.741590
0.025360	-0.753820
0.025440	-0.790500
0.025520	-0.814960
0.025600	-0.827190
0.025680	-0.802730
0.025760	-0.802730
0.025840	-0.717130
0.025920	-0.729360
0.026000	-0.704900
0.026080	-0.680450
0.026160	-0.631530
0.026240	-0.533700
0.026320	-0.435870
0.026400	-0.338040
0.026480	-0.301360
0.026560	-0.289130
0.026640	-0.276900
0.026720	-0.264670
0.026800	-0.264670
0.026880	-0.264670
0.026960	-0.227990
0.027040	-0.252440
0.027120	-0.276900
0.027200	-0.325820
0.027280	-0.374730
0.027360	-0.350270
0.027440	-0.325820
0.027520	-0.313590
0.027600	-0.252440
0.027680	-0.215760
0.027760	-0.179070
0.027840	-0.142390
0.027920	-0.130160
0.028000	-0.154610
0.028080	-0.117930
0.028160	-0.130160
0.028240	-0.117930
0.028320	-0.117930
0.028400	-0.142390
0.028480	-0.166840
0.028560	-0.191300
0.028640	-0.203530
0.028720	-0.203530
0.028800	-0.154610
0.028880	-0.105700
0.028960	-0.069015
0.029040	-0.032329
0.029120	0.004356
0.029200	0.041042
0.029280	0.089957
0.029360	0.151100
0.029440	0.200010
0.029520	0.273390
0.029600	0.310070
0.029680	0.371210
0.029760	0.407900
0.029840	0.420130
0.029920	0.420130
0.030000	0.456820
0.030080	0.444590
0.030160	0.444590
0.030240	0.383440
0.030320	0.395670
0.030400	0.371210
0.030480	0.395670
0.030560	0.395670
0.030640	0.383440
0.030720	0.383440
0.030800	0.395670
0.030880	0.432360
0.030960	0.456820
0.031040	0.505730
0.031120	0.530190
0.031200	0.554640
0.031280	0.554640
0.031360	0.542420
0.031440	0.517960
0.031520	0.505730
0.031600	0.505730
0.031680	0.517960
0.031760	0.456820
0.031840	0.456820
0.031920	0.432360
0.032000	0.395670
0.032080	0.346760
0.032160	0.334530
0.032240	0.358990
0.032320	0.346760
0.032400	0.346760
0.032480	0.346760
0.032560	0.346760
0.032640	0.371210
0.032720	0.371210
0.032800	0.371210
0.032880	0.371210
0.032960	0.346760
0.033040	0.310070
0.033120	0.285610
0.033200	0.248930
0.033280	0.187780
0.033360	0.138870
0.033440	0.102190
0.033520	0.028814
0.033600	-0.020101
0.033680	-0.032329
0.033760	-0.044558
0.033840	-0.032329
0.033920	0.004356
0.034000	0.004356
0.034080	-0.007872
0.034160	0.004356
0.034240	0.028814
0.034320	0.065499
0.034400	0.065499
0.034480	0.089957
0.034560	0.102190
0.034640	0.114410
0.034720	0.089957
0.034800	0.077728
0.034880	0.065499
0.034960	0.077728
0.035040	0.028814
0.035120	0.028814
0.035200	0.004356
0.035280	0.016585
0.035360	0.004356
0.035440	-0.032329
0.035520	0.004356
0.035600	0.041042
0.035680	0.065499
0.035760	0.053271
0.035840	0.114410
0.035920	0.102190
0.036000	0.138870
0.036080	0.138870
0.036160	0.138870
0.036240	0.138870
0.036320	0.102190
0.036400	0.089957
0.036480	0.065499
0.036560	0.028814
0.036640	0.053271
0.036720	0.053271
0.036800	0.041042
0.036880	0.028814
0.036960	0.016585
0.037040	0.016585
0.037120	0.016585
0.037200	0.053271
0.037280	0.077728
0.037360	0.126640
0.037440	0.138870
0.037520	0.187780
0.037600	0.163330
0.037680	0.187780
0.037760	0.200010
0.037840	0.236700
0.037920	0.236700
0.038000	0.212240
0.038080	0.187780
0.038160	0.163330
0.038240	0.114410
0.038320	0.126640
0.038400	0.102190
0.038480	0.102190
0.038560	0.077728
0.038640	0.077728
0.038720	0.077728
0.038800	0.102190
0.038880	0.114410
0.038960	0.151100
0.039040	0.163330
0.039120	0.163330
0.039200	0.200010
0.039280	0.224470
0.039360	0.248930
0.039440	0.261160
0.039520	0.273390
0.039600	0.261160
0.039680	0.248930
0.039760	0.200010
0.039840	0.200010
0.039920	0.151100
0.040000	0.102190
0.040080	0.077728
0.040160	0.041042
0.040240	0.016585
0.040320	-0.032329
0.040400	-0.032329
0.040480	-0.056787
0.040560	-0.056787
0.040640	-0.032329
0.040720	-0.007872
0.040800	-0.032329
0.040880	-0.020101
0.040960	-0.044558
0.041040	-0.069015
0.041120	-0.081244
0.041200	-0.093472
0.041280	-0.130160
0.041360	-0.130160
0.041440	-0.142390
0.041520	-0.166840
0.041600	-0.191300
0.041680	-0.191300
0.041760	-0.215760
0.041840	-0.227990
0.041920	-0.227990
0.042000	-0.215760
0.042080	-0.252440
0.042160	-0.240220
0.042240	-0.264670
0.042320	-0.252440
0.042400	-0.264670
0.042480	-0.276900
0.042560	-0.276900
0.042640	-0.264670
0.042720	-0.252440
0.042800	-0.264670
0.042880	-0.289130
0.042960	-0.313590
0.043040	-0.313590
0.043120	-0.338040
0.043200	-0.362500
0.043280	-0.350270
0.043360	-0.362500
0.043440	-0.362500
0.043520	-0.362500
0.043600	-0.374730
0.043680	-0.435870
0.043760	-0.411420
0.043840	-0.472560
0.043920	-0.460330
0.044000	-0.484790
0.044080	-0.509240
0.044160	-0.509240
0.044240	-0.533700
0.044320	-0.545930
0.044400	-0.545930
0.044480	-0.570390
0.044560	-0.594840
0.044640	-0.607070
0.044720	-0.655990
0.044800	-0.643760
0.044880	-0.692670
0.044960	-0.717130
0.045040	-0.741590
0.045120	-0.790500
0.045200	-0.802730
0.045280	-0.814960
0.045360	-0.839420
0.045440	-0.839420
0.045520	-0.839420
0.045600	-0.876100
0.045680	-0.900560
0.045760	-0.912790
0.045840	-0.925020
0.045920	-0.973930
0.046000	-0.986160
0.046080	-1.059500
0.046160	-1.084000
0.046240	-1.108500
0.046320	-1.157400
0.046400	-1.194000
0.046480	-1.194000
0.046560	-1.230700
0.046640	-1.243000
0.046720	-1.243000
0.046800	-1.267400
0.046880	-1.279600
0.046960	-1.304100
0.047040	-1.316300
0.047120	-1.340800
0.047200	-1.365200
0.047280	-1.365200
0.047360	-1.401900
0.047440	-1.438600
0.047520	-1.450900
0.047600	-1.463100
0.047680	-1.475300
0.047760	-1.524200
0.047840	-1.512000
0.047920	-1.524200
0.048000	-1.548700
0.048080	-1.597600
0.048160	-1.597600
0.048240	-1.646500
0.048320	-1.671000
0.048400	-1.671000
0.048480	-1.683200
0.048560	-1.683200
0.048640	-1.707600
0.048720	-1.719900
0.048800	-1.719900
0.048880	-1.719900
0.048960	-1.695400
0.049040	-1.683200
0.049120	-1.683200
0.049200	-1.707600
0.049280	-1.695400
0.049360	-1.695400
0.049440	-1.683200
0.049520	-1.707600
0.049600	-1.695400
0.049680	-1.732100
0.049760	-1.707600
0.049840	-1.719900
0.049920	-1.719900
0.050000	-1.744300
0.050080	-1.768800
0.050160	-1.768800
0.050240	-1.829900
0.050320	-1.829900
0.050400	-1.854400
0.050480	-1.793200
0.050560	-1.817700
0.050640	-1.805500
0.050720	-1.756600
0.050800	-1.829900
0.050880	-1.793200
0.050960	-1.817700
0.051040	-1.829900
0.051120	-1.854400
0.051200	-1.829900
0.051280	-1.842200
0.051360	-1.854400
0.051440	-1.866600
0.051520	-1.878800
0.051600	-1.915500
0.051680	-1.952200
0.051760	-1.976700
0.051840	-2.013400
0.051920	-2.062300
0.052000	-2.086700
0.052080	-2.086700
0.052160	-2.111200
0.052240	-2.111200
0.052320	-2.147900
0.052400	-2.160100
0.052480	-2.196800
0.052560	-2.233500
0.052640	-2.245700
0.052720	-2.245700
0.052800	-2.270200
0.052880	-2.282400
0.052960	-2.306800
0.053040	-2.343500
0.053120	-2.355800
0.053200	-2.380200
0.053280	-2.441400
0.053360	-2.441400
0.053440	-2.478000
0.053520	-2.478000
0.053600	-2.490300
0.053680	-2.514700
0.053760	-2.551400
0.053840	-2.575900
0.053920	-2.588100
0.054000	-2.612600
0.054080	-2.600300
0.054160	-2.588100
0.054240	-2.575900
0.054320	-2.575900
0.054400	-2.612600
0.054480	-2.612600
0.054560	-2.637000
0.054640	-2.661500
0.054720	-2.661500
0.054800	-2.649300
0.054880	-2.673700
0.054960	-2.673700
0.055040	-2.710400
0.055120	-2.722600
0.055200	-2.747100
0.055280	-2.759300
0.055360	-2.759300
0.055440	-2.771500
0.055520	-2.783800
0.055600	-2.783800
0.055680	-2.783800
0.055760	-2.820500
0.055840	-2.844900
0.055920	-2.844900
0.056000	-2.857100
0.056080	-2.832700
0.056160	-2.857100
0.056240	-2.869400
0.056320	-2.869400
0.056400	-2.844900
0.056480	-2.893800
0.056560	-2.893800
0.056640	-2.942700
0.056720	-2.930500
0.056800	-2.967200
0.056880	-2.991700
0.056960	-2.991700
0.057040	-3.016100
0.057120	-3.016100
0.057200	-3.028300
0.057280	-3.040600
0.057360	-3.065000
0.057440	-3.065000
0.057520	-3.113900
0.057600	-3.150600
0.057680	-3.175100
0.057760	-3.199500
0.057840	-3.236200
0.057920	-3.236200
0.058000	-3.236200
0.058080	-3.260700
0.058160	-3.272900
0.058240	-3.309600
0.058320	-3.334000
0.058400	-3.309600
0.058480	-3.236200
0.058560	-3.126200
0.058640	-3.113900
0.058720	-3.138400
0.058800	-3.272900
0.058880	-3.431900
0.058960	-3.468600
0.059040	-3.493000
0.059120	-3.444100
0.059200	-3.419700
0.059280	-3.395200
0.059360	-3.358500
0.059440	-3.407400
0.059520	-3.456300
0.059600	-3.505200
0.059680	-3.554200
0.059760	-3.566400
0.059840	-3.517500
0.059920	-3.493000
0.060000	-3.480800
0.060080	-3.541900
0.060160	-3.615300
0.060240	-3.700900
0.060320	-3.749800
0.060400	-3.762000
0.060480	-3.762000
0.060560	-3.737600
0.060640	-3.737600
0.060720	-3.749800
0.060800	-3.774300
0.060880	-3.847700
0.060960	-3.884300
0.061040	-3.896600
0.061120	-3.908800
0.061200	-3.896600
0.061280	-3.933200
0.061360	-3.945500
0.061440	-3.969900
0.061520	-3.982200
0.061600	-3.969900
0.061680	-3.945500
0.061760	-3.957700
0.061840	-3.969900
0.061920	-4.006600
0.062000	-4.018800
0.062080	-4.043300
0.062160	-4.043300
0.062240	-4.055500
0.062320	-4.055500
0.062400	-4.080000
0.062480	-4.080000
0.062560	-4.104500
0.062640	-4.128900
0.062720	-4.104500
0.062800	-4.055500
0.062880	-4.031100
0.062960	-4.006600
0.063040	-4.031100
0.063120	-3.994400
0.063200	-3.908800
0.063280	-3.884300
0.063360	-3.884300
0.063440	-4.006600
0.063520	-4.128900
0.063600	-4.275700
0.063680	-4.410200
0.063760	-4.434600
0.063840	-4.483500
0.063920	-4.459100
0.064000	-4.422400
0.064080	-4.373500
0.064160	-4.312300
0.064240	-4.202300
0.064320	-4.104500
0.064400	-4.031100
0.064480	-3.994400
0.064560	-3.945500
0.064640	-3.908800
0.064720	-3.884300
0.064800	-3.908800
0.064880	-3.945500
0.064960	-3.982200
0.065040	-4.031100
0.065120	-4.043300
0.065200	-4.116700
0.065280	-4.165600
0.065360	-4.226700
0.065440	-4.239000
0.065520	-4.275700
0.065600	-4.287900
0.065680	-4.312300
0.065760	-4.324600
0.065840	-4.336800
0.065920	-4.312300
0.066000	-4.300100
0.066080	-4.324600
0.066160	-4.324600
0.066240	-4.336800
0.066320	-4.349000
0.066400	-4.324600
0.066480	-4.312300
0.066560	-4.312300
0.066640	-4.373500
0.066720	-4.422400
0.066800	-4.508000
0.066880	-4.605800
0.066960	-4.715900
0.067040	-4.801500
0.067120	-4.825900
0.067200	-4.825900
0.067280	-4.764800
0.067360	-4.691400
0.067440	-4.667000
0.067520	-4.605800
0.067600	-4.569100
0.067680	-4.532500
0.067760	-4.495800
0.067840	-4.459100
0.067920	-4.397900
0.068000	-4.397900
0.068080	-4.422400
0.068160	-4.532500
0.068240	-4.581400
0.068320	-4.642500
0.068400	-4.679200
0.068480	-4.691400
0.068560	-4.703600
0.068640	-4.715900
0.068720	-4.703600
0.068800	-4.667000
0.068880	-4.642500
0.068960	-4.618100
0.069040	-4.581400
0.069120	-4.544700
0.069200	-4.508000
0.069280	-4.483500
0.069360	-4.459100
0.069440	-4.434600
0.069520	-4.410200
0.069600	-4.410200
0.069680	-4.422400
0.069760	-4.410200
0.069840	-4.446800
0.069920	-4.483500
0.070000	-4.520200
0.070080	-4.520200
0.070160	-4.544700
0.070240	-4.556900
0.070320	-4.569100
0.070400	-4.581400
0.070480	-4.569100
0.070560	-4.532500
0.070640	-4.508000
0.070720	-4.483500
0.070800	-4.422400
0.070880	-4.397900
0.070960	-4.324600
0.071040	-4.287900
0.071120	-4.239000
0.071200	-4.177800
0.071280	-4.128900
0.071360	-4.080000
0.071440	-4.018800
0.071520	-3.982200
0.071600	-3.933200
0.071680	-3.896600
0.071760	-3.835400
0.071840	-3.811000
0.071920	-3.725400
0.072000	-3.639800
0.072080	-3.578600
0.072160	-3.529700
0.072240	-3.468600
0.072320	-3.419700
0.072400	-3.358500
0.072480	-3.260700
0.072560	-3.211800
0.072640	-3.162800
0.072720	-3.113900
0.072800	-3.089500
0.072880	-3.040600
0.072960	-3.003900
0.073040	-2.918300
0.073120	-2.869400
0.073200	-2.808200
0.073280	-2.771500
0.073360	-2.698200
0.073440	-2.612600
0.073520	-2.563600
0.073600	-2.478000
0.073680	-2.404700
0.073760	-2.355800
0.073840	-2.270200
0.073920	-2.184600
0.074000	-2.111200
0.074080	-2.037800
0.074160	-1.988900
0.074240	-1.915500
0.074320	-1.854400
0.074400	-1.805500
0.074480	-1.756600
0.074560	-1.719900
0.074640	-1.658700
0.074720	-1.622100
0.074800	-1.548700
0.074880	-1.487500
0.074960	-1.389700
0.075040	-1.340800
0.075120	-1.267400
0.075200	-1.194000
0.075280	-1.108500
0.075360	-1.022900
0.075440	-0.949470
0.075520	-0.900560
0.075600	-0.863870
0.075680	-0.863870
0.075760	-0.827190
0.075840	-0.766040
0.075920	-0.704900
0.076000	-0.631530
0.076080	-0.594840
0.076160	-0.533700
0.076240	-0.533700
0.076320	-0.484790
0.076400	-0.399190
0.076480	-0.350270
0.076560	-0.289130
0.076640	-0.240220
0.076720	-0.203530
0.076800	-0.166840
0.076880	-0.093472
0.076960	-0.069015
0.077040	-0.007872
0.077120	0.016585
0.077200	0.041042
0.077280	0.065499
0.077360	0.126640
0.077440	0.187780
0.077520	0.285610
0.077600	0.346760
0.077680	0.371210
0.077760	0.420130
0.077840	0.469040
0.077920	0.517960
0.078000	0.566870
0.078080	0.628010
0.078160	0.689160
0.078240	0.738070
0.078320	0.774760
0.078400	0.774760
0.078480	0.750300
0.078560	0.799220
0.078640	0.945960
0.078720	1.227200
0.078800	1.398400
0.078880	1.374000
0.078960	1.129400
0.079040	0.945960
0.079120	1.019300
0.079200	1.435100
0.079280	2.009900
0.079360	2.499000
0.079440	2.719100
0.079520	2.596800
0.079600	2.364500
0.079680	2.181100
0.079760	2.217700
0.079840	2.388900
0.079920	2.645700
0.080000	2.829200
0.080080	2.963700
0.080160	3.147100
0.080240	3.293800
0.080320	3.452800
0.080400	3.636300
0.080480	3.831900
0.080560	4.039800
0.080640	4.223200
0.080720	4.382200
0.080800	4.565600
0.080880	4.724600
0.080960	4.785700
0.081040	4.859100
0.081120	4.883600
0.081200	4.895800
0.081280	4.969200
0.081360	5.030300
0.081440	5.115900
0.081520	5.177100
0.081600	5.189300
0.081680	5.128100
0.081760	5.128100
0.081840	5.189300
0.081920	5.299300
0.082000	5.446100
0.082080	5.580600
0.082160	5.654000
0.082240	5.727300
0.082320	5.776300
0.082400	5.837400
0.082480	5.874100
0.082560	5.935200
0.082640	5.947500
0.082720	5.959700
0.082800	5.984100
0.082880	6.020800
0.082960	6.020800
0.083040	6.045300
0.083120	6.069700
0.083200	6.094200
0.083280	6.130900
0.083360	6.167600
0.083440	6.216500
0.083520	6.277600
0.083600	6.167600
0.083680	6.069700
0.083760	6.020800
0.083840	6.057500
0.083920	6.118700
0.084000	6.265400
0.084080	6.448800
0.084160	6.571100
0.084240	6.607800
0.084320	6.607800
0.084400	6.656700
0.084480	6.693400
0.084560	6.815700
0.084640	6.864600
0.084720	6.950200
0.084800	6.986900
0.084880	6.999100
0.084960	7.048000
0.085040	7.096900
0.085120	7.182500
0.085200	7.292600
0.085280	7.329300
0.085360	7.378200
0.085440	7.463800
0.085520	7.488300
0.085600	7.610500
0.085680	7.696100
0.085760	7.830700
0.085840	7.904000
0.085920	8.026300
0.086000	8.136400
0.086080	8.258700
0.086160	8.356500
0.086240	8.429900
0.086320	8.539900
0.086400	8.625500
0.086480	8.711100
0.086560	8.772300
0.086640	8.894600
0.086720	8.955700
0.086800	9.016800
0.086880	9.102400
0.086960	9.200300
0.087040	9.261400
0.087120	9.347000
0.087200	9.420400
0.087280	9.493700
0.087360	9.554900
0.087440	9.628300
0.087520	9.689400
0.087600	9.750600
0.087680	9.836200
0.087760	9.885100
0.087840	9.982900
0.087920	10.032000
0.088000	10.093000
0.088080	10.142000
0.088160	10.215000
0.088240	10.227000
0.088320	10.240000
0.088400	10.289000
0.088480	10.301000
0.088560	10.337000
0.088640	10.386000
0.088720	10.399000
0.088800	10.448000
0.088880	10.435000
0.088960	10.484000
0.089040	10.509000
0.089120	10.570000
0.089200	10.631000
0.089280	10.631000
0.089360	10.656000
0.089440	10.668000
0.089520	10.692000
0.089600	10.704000
0.089680	10.704000
0.089760	10.729000
0.089840	10.729000
0.089920	10.753000
0.090000	10.729000
0.090080	10.729000
0.090160	10.692000
0.090240	10.692000
0.090320	10.680000
0.090400	10.680000
0.090480	10.643000
0.090560	10.643000
0.090640	10.607000
0.090720	10.631000
0.090800	10.594000
0.090880	10.570000
0.090960	10.545000
0.091040	10.521000
0.091120	10.484000
0.091200	10.472000
0.091280	10.448000
0.091360	10.423000
0.091440	10.411000
0.091520	10.337000
0.091600	10.276000
0.091680	10.203000
0.091760	10.166000
0.091840	10.154000
0.091920	10.068000
0.092000	9.970700
0.092080	9.921800
0.092160	9.946200
0.092240	10.056000
0.092320	10.093000
0.092400	10.068000
0.092480	9.982900
0.092560	9.921800
0.092640	9.848400
0.092720	9.823900
0.092800	9.823900
0.092880	9.762800
0.092960	9.738300
0.093040	9.640500
0.093120	9.591600
0.093200	9.518200
0.093280	9.457100
0.093360	9.481500
0.093440	9.481500
0.093520	9.518200
0.093600	9.518200
0.093680	9.493700
0.093760	9.469300
0.093840	9.493700
0.093920	9.554900
0.094000	9.579400
0.094080	9.554900
0.094160	9.530400
0.094240	9.469300
0.094320	9.457100
0.094400	9.444800
0.094480	9.444800
0.094560	9.395900
0.094640	9.334800
0.094720	9.261400
0.094800	9.236900
0.094880	9.200300
0.094960	9.151400
0.095040	9.126900
0.095120	9.114700
0.095200	9.126900
0.095280	9.139100
0.095360	9.139100
0.095440	9.139100
0.095520	9.114700
0.095600	9.126900
0.095680	9.139100
0.095760	9.163600
0.095840	9.175800
0.095920	9.188000
0.096000	9.151400
0.096080	9.163600
0.096160	9.175800
0.096240	9.212500
0.096320	9.212500
0.096400	9.212500
0.096480	9.175800
0.096560	9.139100
0.096640	9.163600
0.096720	9.163600
0.096800	9.212500
0.096880	9.273600
0.096960	9.273600
0.097040	9.298100
0.097120	9.298100
0.097200	9.285900
0.097280	9.310300
0.097360	9.334800
0.097440	9.334800
0.097520	9.383700
0.097600	9.371500
0.097680	9.395900
0.097760	9.420400
0.097840	9.420400
0.097920	9.432600
0.098000	9.408100
0.098080	9.444800
0.098160	9.444800
0.098240	9.432600
0.098320	9.420400
0.098400	9.444800
0.098480	9.444800
0.098560	9.444800
0.098640	9.457100
0.098720	9.444800
0.098800	9.457100
0.098880	9.481500
0.098960	9.481500
0.099040	9.493700
0.099120	9.518200
0.099200	9.554900
0.099280	9.567100
0.099360	9.603800
0.099440	9.603800
0.099520	9.616000
0.099600	9.603800
0.099680	9.616000
0.099760	9.628300
0.099840	9.652700
0.099920	9.689400
0.100000	9.713900
0.100080	9.701600
0.100160	9.726100
0.100240	9.726100
0.100320	9.787200
0.100400	9.836200
0.100480	9.872800
0.100560	9.897300
0.100640	9.934000
0.100720	9.958400
0.100800	9.982900
0.100880	10.020000
0.100960	10.068000
0.101040	10.105000
0.101120	10.142000
0.101200	10.166000
0.101280	10.191000
0.101360	10.240000
0.101440	10.289000
0.101520	10.313000
0.101600	10.362000
0.101680	10.350000
0.101760	10.399000
0.101840	10.460000
0.101920	10.509000
0.102000	10.582000
0.102080	10.631000
0.102160	10.668000
0.102240	10.680000
0.102320	10.717000
0.102400	10.766000
0.102480	10.839000
0.102560	10.863000
0.102640	10.925000
0.102720	10.961000
0.102800	10.986000
0.102880	11.035000
0.102960	11.071000
0.103040	11.120000
0.103120	11.169000
0.103200	11.230000
0.103280	11.255000
0.103360	11.267000
0.103440	11.377000
0.103520	11.475000
0.103600	11.634000
0.103680	11.670000
0.103760	11.683000
0.103840	11.683000
0.103920	11.793000
0.104000	11.903000
0.104080	12.001000
0.104160	12.025000
0.104240	12.050000
0.104320	12.074000
0.104400	12.135000
0.104480	12.196000
0.104560	12.245000
0.104640	12.306000
0.104720	12.331000
0.104800	12.368000
0.104880	12.392000
0.104960	12.477000
0.105040	12.575000
0.105120	12.624000
0.105200	12.698000
0.105280	12.747000
0.105360	12.783000
0.105440	12.832000
0.105520	12.881000
0.105600	12.930000
0.105680	13.003000
0.105760	13.052000
0.105840	13.089000
0.105920	13.138000
0.106000	13.175000
0.106080	13.199000
0.106160	13.248000
0.106240	13.285000
0.106320	13.285000
0.106400	13.309000
0.106480	13.358000
0.106560	13.407000
0.106640	13.419000
0.106720	13.468000
0.106800	13.468000
0.106880	13.517000
0.106960	13.541000
0.107040	13.578000
0.107120	13.590000
0.107200	13.578000
0.107280	13.505000
0.107360	13.395000
0.107440	13.285000
0.107520	13.248000
0.107600	13.187000
0.107680	13.162000
0.107760	13.113000
0.107840	13.101000
0.107920	13.089000
0.108000	13.064000
0.108080	13.040000
0.108160	13.016000
0.108240	12.991000
0.108320	12.967000
0.108400	12.954000
0.108480	12.954000
0.108560	12.881000
0.108640	12.844000
0.108720	12.759000
0.108800	12.710000
0.108880	12.673000
0.108960	12.600000
0.109040	12.575000
0.109120	12.539000
0.109200	12.490000
0.109280	12.416000
0.109360	12.380000
0.109440	12.392000
0.109520	12.465000
0.109600	12.526000
0.109680	12.539000
0.109760	12.490000
0.109840	12.392000
0.109920	12.294000
0.110000	12.257000
0.110080	12.257000
0.110160	12.282000
0.110240	12.282000
0.110320	12.282000
0.110400	12.294000
0.110480	12.294000
0.110560	12.282000
0.110640	12.282000
0.110720	12.245000
0.110800	12.208000
0.110880	12.233000
0.110960	12.257000
0.111040	12.294000
0.111120	12.306000
0.111200	12.319000
0.111280	12.306000
0.111360	12.306000
0.111440	12.331000
0.111520	12.343000
0.111600	12.331000
0.111680	12.294000
0.111760	12.294000
0.111840	12.294000
0.111920	12.306000
0.112000	12.331000
0.112080	12.306000
0.112160	12.331000
0.112240	12.319000
0.112320	12.331000
0.112400	12.355000
0.112480	12.368000
0.112560	12.380000
0.112640	12.368000
0.112720	12.368000
0.112800	12.380000
0.112880	12.355000
0.112960	12.368000
0.113040	12.355000
0.113120	12.368000
0.113200	12.343000
0.113280	12.368000
0.113360	12.392000
0.113440	12.355000
0.113520	12.331000
0.113600	12.306000
0.113680	12.257000
0.113760	12.245000
0.113840	12.221000
0.113920	12.184000
0.114000	12.160000
0.114080	12.123000
0.114160	12.098000
0.114240	12.062000
0.114320	12.050000
0.114400	12.013000
0.114480	11.976000
0.114560	11.903000
0.114640	11.891000
0.114720	11.854000
0.114800	11.805000
0.114880	11.756000
0.114960	11.707000
0.115040	11.646000
0.115120	11.597000
0.115200	11.548000
0.115280	11.499000
0.115360	11.438000
0.115440	11.377000
0.115520	11.328000
0.115600	11.255000
0.115680	11.218000
0.115760	11.193000
0.115840	11.157000
0.115920	11.096000
0.116000	11.083000
0.116080	11.022000
0.116160	10.961000
0.116240	10.912000
0.116320	10.863000
0.116400	10.814000
0.116480	10.802000
0.116560	10.778000
0.116640	10.717000
0.116720	10.692000
0.116800	10.631000
0.116880	10.582000
0.116960	10.533000
0.117040	10.497000
0.117120	10.460000
0.117200	10.423000
0.117280	10.362000
0.117360	10.313000
0.117440	10.264000
0.117520	10.191000
0.117600	10.142000
0.117680	10.068000
0.117760	10.044000
0.117840	9.995100
0.117920	9.946200
0.118000	9.909500
0.118080	9.823900
0.118160	9.787200
0.118240	9.689400
0.118320	9.628300
0.118400	9.554900
0.118480	9.481500
0.118560	9.420400
0.118640	9.359200
0.118720	9.285900
0.118800	9.200300
0.118880	9.126900
0.118960	9.053500
0.119040	8.980200
0.119120	8.919000
0.119200	8.870100
0.119280	8.796700
0.119360	8.735600
0.119440	8.637700
0.119520	8.564400
0.119600	8.478800
0.119680	8.417600
0.119760	8.356500
0.119840	8.283100
0.119920	8.222000
0.120000	8.148600
0.120080	8.063000
0.120160	7.953000
0.120240	7.879600
0.120320	7.769500
0.120400	7.696100
0.120480	7.635000
0.120560	7.573900
0.120640	7.512700
0.120720	7.439300
0.120800	7.353700
0.120880	7.268100
0.120960	7.182500
0.121040	7.133600
0.121120	7.060300
0.121200	6.999100
0.121280	6.913500
0.121360	6.827900
0.121440	6.754500
0.121520	6.656700
0.121600	6.595600
0.121680	6.534400
0.121760	6.497700
0.121840	6.412100
0.121920	6.326500
0.122000	6.240900
0.122080	6.179800
0.122160	6.094200
0.122240	6.069700
0.122320	5.996400
0.122400	5.947500
0.122480	5.861900
0.122560	5.800700
0.122640	5.764000
0.122720	5.715100
0.122800	5.666200
0.122880	5.605100
0.122960	5.543900
0.123040	5.470500
0.123120	5.421600
0.123200	5.360500
0.123280	5.348300
0.123360	5.299300
0.123440	5.238200
0.123520	5.201500
0.123600	5.140400
0.123680	5.067000
0.123760	5.030300
0.123840	4.969200
0.123920	4.932500
0.124000	4.895800
0.124080	4.822400
0.124160	4.798000
0.124240	4.749100
0.124320	4.712400
0.124400	4.651200
0.124480	4.602300
0.124560	4.541200
0.124640	4.492200
0.124720	4.406700
0.124800	4.321100
0.124880	4.272100
0.124960	4.223200
0.125040	4.211000
0.125120	4.162100
0.125200	4.113200
0.125280	4.027600
0.125360	3.942000
0.125440	3.905300
0.125520	3.880800
0.125600	3.831900
0.125680	3.795200
0.125760	3.734100
0.125840	3.685200
0.125920	3.636300
0.126000	3.624000
0.126080	3.575100
0.126160	3.550600
0.126240	3.501700
0.126320	3.452800
0.126400	3.428400
0.126480	3.391700
0.126560	3.367200
0.126640	3.330500
0.126720	3.293800
0.126800	3.257200
0.126880	3.232700
0.126960	3.183800
0.127040	3.134900
0.127120	3.134900
0.127200	3.086000
0.127280	3.073700
0.127360	3.037100
0.127440	3.012600
0.127520	3.000400
0.127600	2.963700
0.127680	2.939200
0.127760	2.914800
0.127840	2.902500
0.127920	2.890300
0.128000	2.902500
0.128080	2.865800
0.128160	2.865800
0.128240	2.853600
0.128320	2.841400
0.128400	2.841400
0.128480	2.865800
0.128560	2.890300
0.128640	2.890300
0.128720	2.878100
0.128800	2.890300
0.128880	2.890300
0.128960	2.890300
0.129040	2.902500
0.129120	2.927000
0.129200	2.951500
0.129280	2.951500
0.129360	3.012600
0.129440	3.037100
0.129520	3.037100
0.129600	3.061500
0.129680	3.086000
0.129760	3.086000
0.129840	3.122600
0.129920	3.134900
0.130000	3.171600
0.130080	3.208300
0.130160	3.281600
0.130240	3.318300
0.130320	3.367200
0.130400	3.465000
0.130480	3.599600
0.130560	3.758500
0.130640	3.905300
0.130720	4.015300
0.130800	4.100900
0.130880	4.113200
0.130960	4.162100
0.131040	4.259900
0.131120	4.333300
0.131200	4.394400
0.131280	4.455600
0.131360	4.541200
0.131440	4.590100
0.131520	4.675700
0.131600	4.724600
0.131680	4.785700
0.131760	4.798000
0.131840	4.846900
0.131920	4.932500
0.132000	5.005800
0.132080	5.079200
0.132160	5.152600
0.132240	5.201500
0.132320	5.250400
0.132400	5.299300
0.132480	5.384900
0.132560	5.433900
0.132640	5.482800
0.132720	5.543900
0.132800	5.580600
0.132880	5.605100
0.132960	5.592800
0.133040	5.580600
0.133120	5.519500
0.133200	5.433900
0.133280	5.360500
0.133360	5.409400
0.133440	5.482800
0.133520	5.605100
0.133600	5.543900
0.133680	5.470500
0.133760	5.433900
0.133840	5.433900
0.133920	5.458300
0.134000	5.531700
0.134080	5.556100
0.134160	5.543900
0.134240	5.482800
0.134320	5.421600
0.134400	5.336000
0.134480	5.323800
0.134560	5.348300
0.134640	5.323800
0.134720	5.250400
0.134800	5.177100
0.134880	5.115900
0.134960	5.115900
0.135040	5.115900
0.135120	5.091500
0.135200	5.042500
0.135280	4.956900
0.135360	4.908000
0.135440	4.908000
0.135520	4.908000
0.135600	4.908000
0.135680	4.859100
0.135760	4.798000
0.135840	4.749100
0.135920	4.724600
0.136000	4.749100
0.136080	4.724600
0.136160	4.687900
0.136240	4.651200
0.136320	4.639000
0.136400	4.626800
0.136480	4.614500
0.136560	4.626800
0.136640	4.614500
0.136720	4.614500
0.136800	4.577800
0.136880	4.565600
0.136960	4.602300
0.137040	4.590100
0.137120	4.577800
0.137200	4.577800
0.137280	4.541200
0.137360	4.565600
0.137440	4.553400
0.137520	4.577800
0.137600	4.577800
0.137680	4.590100
0.137760	4.565600
0.137840	4.577800
0.137920	4.590100
0.138000	4.639000
0.138080	4.626800
0.138160	4.626800
0.138240	4.626800
0.138320	4.602300
0.138400	4.602300
0.138480	4.602300
0.138560	4.614500
0.138640	4.602300
0.138720	4.602300
0.138800	4.577800
0.138880	4.590100
0.138960	4.577800
0.139040	4.577800
0.139120	4.565600
0.139200	4.553400
0.139280	4.516700
0.139360	4.528900
0.139440	4.541200
0.139520	4.528900
0.139600	4.553400
0.139680	4.528900
0.139760	4.516700
0.139840	4.528900
0.139920	4.553400
0.140000	4.565600
0.140080	4.602300
0.140160	4.565600
0.140240	4.553400
0.140320	4.553400
0.140400	4.565600
0.140480	4.590100
0.140560	4.614500
0.140640	4.602300
0.140720	4.553400
0.140800	4.516700
0.140880	4.480000
0.140960	4.467800
0.141040	4.431100
0.141120	4.443300
0.141200	4.418900
0.141280	4.431100
0.141360	4.406700
0.141440	4.406700
0.141520	4.394400
0.141600	4.394400
0.141680	4.370000
0.141760	4.357700
0.141840	4.345500
0.141920	4.308800
0.142000	4.284400
0.142080	4.284400
0.142160	4.247700
0.142240	4.259900
0.142320	4.259900
0.142400	4.247700
0.142480	4.235400
0.142560	4.223200
0.142640	4.223200
0.142720	4.211000
0.142800	4.198800
0.142880	4.162100
0.142960	4.125400
0.143040	4.076500
0.143120	4.039800
0.143200	4.027600
0.143280	4.003100
0.143360	3.954200
0.143440	3.942000
0.143520	3.893000
0.143600	3.856400
0.143680	3.807500
0.143760	3.783000
0.143840	3.758500
0.143920	3.672900
0.144000	3.648500
0.144080	3.611800
0.144160	3.587300
0.144240	3.550600
0.144320	3.489500
0.144400	3.465000
0.144480	3.403900
0.144560	3.367200
0.144640	3.330500
0.144720	3.281600
0.144800	3.269400
0.144880	3.232700
0.144960	3.196000
0.145040	3.147100
0.145120	3.122600
0.145200	3.098200
0.145280	3.037100
0.145360	2.988100
0.145440	2.988100
0.145520	2.939200
0.145600	2.890300
0.145680	2.890300
0.145760	2.865800
0.145840	2.841400
0.145920	2.792500
0.146000	2.780300
0.146080	2.755800
0.146160	2.755800
0.146240	2.731300
0.146320	2.706900
0.146400	2.694600
0.146480	2.658000
0.146560	2.658000
0.146640	2.633500
0.146720	2.609100
0.146800	2.572400
0.146880	2.572400
0.146960	2.584600
0.147040	2.560100
0.147120	2.560100
0.147200	2.523400
0.147280	2.535700
0.147360	2.523400
0.147440	2.511200
0.147520	2.499000
0.147600	2.511200
0.147680	2.499000
0.147760	2.499000
0.147840	2.499000
0.147920	2.474500
0.148000	2.486800
0.148080	2.499000
0.148160	2.486800
0.148240	2.486800
0.148320	2.474500
0.148400	2.474500
0.148480	2.462300
0.148560	2.450100
0.148640	2.462300
0.148720	2.450100
0.148800	2.462300
0.148880	2.474500
0.148960	2.462300
0.149040	2.486800
0.149120	2.474500
0.149200	2.450100
0.149280	2.437800
0.149360	2.425600
0.149440	2.401200
0.149520	2.401200
0.149600	2.388900
0.149680	2.388900
0.149760	2.388900
0.149840	2.376700
0.149920	2.376700
0.150000	2.364500
0.150080	2.340000
0.150160	2.303300
0.150240	2.315600
0.150320	2.315600
0.150400	2.291100
0.150480	2.291100
0.150560	2.291100
0.150640	2.303300
0.150720	2.254400
0.150800	2.230000
0.150880	2.242200
0.150960	2.230000
0.151040	2.193300
0.151120	2.205500
0.151200	2.193300
0.151280	2.193300
0.151360	2.193300
0.151440	2.168800
0.151520	2.181100
0.151600	2.168800
0.151680	2.156600
0.151760	2.156600
0.151840	2.144400
0.151920	2.144400
0.152000	2.156600
0.152080	2.119900
0.152160	2.132100
0.152240	2.132100
0.152320	2.144400
0.152400	2.156600
0.152480	2.156600
0.152560	2.156600
0.152640	2.083200
0.152720	2.009900
0.152800	1.936500
0.152880	1.875300
0.152960	1.899800
0.153040	1.960900
0.153120	2.095400
0.153200	2.254400
0.153280	2.401200
0.153360	2.413400
0.153440	2.352300
0.153520	2.266600
0.153600	2.193300
0.153680	2.156600
0.153760	2.132100
0.153840	2.095400
0.153920	2.022100
0.154000	1.936500
0.154080	1.826400
0.154160	1.716400
0.154240	1.655200
0.154320	1.581900
0.154400	1.508500
0.154480	1.471800
0.154560	1.459600
0.154640	1.459600
0.154720	1.471800
0.154800	1.496300
0.154880	1.520700
0.154960	1.532900
0.155040	1.569600
0.155120	1.545200
0.155200	1.557400
0.155280	1.532900
0.155360	1.520700
0.155440	1.484000
0.155520	1.459600
0.155600	1.435100
0.155680	1.422900
0.155760	1.410700
0.155840	1.410700
0.155920	1.435100
0.156000	1.471800
0.156080	1.459600
0.156160	1.484000
0.156240	1.520700
0.156320	1.508500
0.156400	1.545200
0.156480	1.557400
0.156560	1.569600
0.156640	1.569600
0.156720	1.581900
0.156800	1.569600
0.156880	1.569600
0.156960	1.557400
0.157040	1.545200
0.157120	1.581900
0.157200	1.569600
0.157280	1.545200
0.157360	1.532900
0.157440	1.520700
0.157520	1.496300
0.157600	1.520700
0.157680	1.532900
0.157760	1.532900
0.157840	1.557400
0.157920	1.581900
0.158000	1.606300
0.158080	1.618500
0.158160	1.618500
0.158240	1.618500
0.158320	1.643000
0.158400	1.655200
0.158480	1.679700
0.158560	1.679700
0.158640	1.691900
0.158720	1.691900
0.158800	1.679700
0.158880	1.704100
0.158960	1.728600
0.159040	1.753000
0.159120	1.728600
0.159200	1.740800
0.159280	1.740800
0.159360	1.802000
0.159440	1.765300
0.159520	1.716400
0.159600	1.704100
0.159680	1.716400
0.159760	1.740800
0.159840	1.777500
0.159920	1.826400
0.160000	1.826400
0.160080	1.826400
0.160160	1.802000
0.160240	1.777500
0.160320	1.802000
0.160400	1.765300
0.160480	1.802000
0.160560	1.814200
0.160640	1.802000
0.160720	1.789700
0.160800	1.765300
0.160880	1.740800
0.160960	1.740800
0.161040	1.728600
0.161120	1.753000
0.161200	1.765300
0.161280	1.777500
0.161360	1.765300
0.161440	1.753000
0.161520	1.765300
0.161600	1.740800
0.161680	1.753000
0.161760	1.753000
0.161840	1.753000
0.161920	1.765300
0.162000	1.777500
0.162080	1.777500
0.162160	1.789700
0.162240	1.789700
0.162320	1.826400
0.162400	1.789700
0.162480	1.802000
0.162560	1.802000
0.162640	1.777500
0.162720	1.777500
0.162800	1.765300
0.162880	1.777500
0.162960	1.802000
0.163040	1.802000
0.163120	1.826400
0.163200	1.875300
0.163280	1.887600
0.163360	1.912000
0.163440	1.936500
0.163520	1.936500
0.163600	1.948700
0.163680	1.936500
0.163760	1.948700
0.163840	1.948700
0.163920	1.948700
0.164000	1.960900
0.164080	1.936500
0.164160	1.924300
0.164240	1.936500
0.164320	1.973200
0.164400	1.960900
0.164480	1.960900
0.164560	1.960900
0.164640	1.973200
0.164720	1.973200
0.164800	1.997600
0.164880	2.022100
0.164960	2.046500
0.165040	2.071000
0.165120	2.083200
0.165200	2.107700
0.165280	2.107700
0.165360	2.132100
0.165440	2.156600
0.165520	2.168800
0.165600	2.193300
0.165680	2.193300
0.165760	2.205500
0.165840	2.217700
0.165920	2.242200
0.166000	2.254400
0.166080	2.278900
0.166160	2.278900
0.166240	2.254400
0.166320	2.291100
0.166400	2.303300
0.166480	2.315600
0.166560	2.278900
0.166640	2.340000
0.166720	2.352300
0.166800	2.401200
0.166880	2.340000
0.166960	2.352300
0.167040	2.303300
0.167120	2.303300
0.167200	2.352300
0.167280	2.376700
0.167360	2.425600
0.167440	2.474500
0.167520	2.523400
0.167600	2.547900
0.167680	2.596800
0.167760	2.633500
0.167840	2.633500
0.167920	2.633500
0.168000	2.658000
0.168080	2.682400
0.168160	2.719100
0.168240	2.743600
0.168320	2.780300
0.168400	2.841400
0.168480	2.878100
0.168560	2.914800
0.168640	2.951500
0.168720	2.975900
0.168800	3.000400
0.168880	3.049300
0.168960	3.049300
0.169040	3.098200
0.169120	3.134900
0.169200	3.183800
0.169280	3.208300
0.169360	3.257200
0.169440	3.306100
0.169520	3.330500
0.169600	3.367200
0.169680	3.428400
0.169760	3.477300
0.169840	3.514000
0.169920	3.587300
0.170000	3.636300
0.170080	3.660700
0.170160	3.697400
0.170240	3.758500
0.170320	3.783000
0.170400	3.831900
0.170480	3.868600
0.170560	3.880800
0.170640	3.893000
0.170720	3.905300
0.170800	3.880800
0.170880	3.868600
0.170960	3.844100
0.171040	3.856400
0.171120	3.868600
0.171200	3.868600
0.171280	3.905300
0.171360	3.905300
0.171440	3.942000
0.171520	3.929700
0.171600	3.954200
0.171680	3.978700
0.171760	3.954200
0.171840	3.966400
0.171920	3.978700
0.172000	4.003100
0.172080	3.978700
0.172160	3.990900
0.172240	4.003100
0.172320	3.978700
0.172400	3.990900
0.172480	3.990900
0.172560	3.990900
0.172640	4.039800
0.172720	4.027600
0.172800	4.039800
0.172880	4.039800
0.172960	4.064200
0.173040	4.088700
0.173120	4.100900
0.173200	4.162100
0.173280	4.174300
0.173360	4.186500
0.173440	4.186500
0.173520	4.186500
0.173600	4.211000
0.173680	4.223200
0.173760	4.235400
0.173840	4.235400
0.173920	4.259900
0.174000	4.235400
0.174080	4.259900
0.174160	4.259900
0.174240	4.272100
0.174320	4.296600
0.174400	4.321100
0.174480	4.345500
0.174560	4.370000
0.174640	4.406700
0.174720	4.394400
0.174800	4.418900
0.174880	4.455600
0.174960	4.443300
0.175040	4.480000
0.175120	4.467800
0.175200	4.516700
0.175280	4.516700
0.175360	4.516700
0.175440	4.541200
0.175520	4.528900
0.175600	4.565600
0.175680	4.565600
0.175760	4.565600
0.175840	4.590100
0.175920	4.590100
0.176000	4.590100
0.176080	4.614500
0.176160	4.651200
0.176240	4.675700
0.176320	4.724600
0.176400	4.712400
0.176480	4.736800
0.176560	4.724600
0.176640	4.687900
0.176720	4.724600
0.176800	4.736800
0.176880	4.736800
0.176960	4.712400
0.177040	4.700100
0.177120	4.700100
0.177200	4.700100
0.177280	4.700100
0.177360	4.712400
0.177440	4.712400
0.177520	4.712400
0.177600	4.687900
0.177680	4.700100
0.177760	4.663400
0.177840	4.675700
0.177920	4.663400
0.178000	4.651200
0.178080	4.675700
0.178160	4.651200
0.178240	4.639000
0.178320	4.651200
0.178400	4.614500
0.178480	4.602300
0.178560	4.590100
0.178640	4.590100
0.178720	4.590100
0.178800	4.577800
0.178880	4.565600
0.178960	4.541200
0.179040	4.541200
0.179120	4.516700
0.179200	4.504500
0.179280	4.455600
0.179360	4.455600
0.179440	4.431100
0.179520	4.431100
0.179600	4.418900
0.179680	4.418900
0.179760	4.382200
0.179840	4.382200
0.179920	4.345500
0.180000	4.382200
0.180080	4.394400
0.180160	4.394400
0.180240	4.406700
0.180320	4.394400
0.180400	4.382200
0.180480	4.370000
0.180560	4.345500
0.180640	4.321100
0.180720	4.308800
0.180800	4.272100
0.180880	4.259900
0.180960	4.259900
0.181040	4.272100
0.181120	4.259900
0.181200	4.247700
0.181280	4.235400
0.181360	4.198800
0.181440	4.174300
0.181520	4.174300
0.181600	4.198800
0.181680	4.186500
0.181760	4.235400
0.181840	4.223200
0.181920	4.247700
0.182000	4.211000
0.182080	4.198800
0.182160	4.174300
0.182240	4.174300
0.182320	4.174300
0.182400	4.149800
0.182480	4.174300
0.182560	4.174300
0.182640	4.211000
0.182720	4.198800
0.182800	4.198800
0.182880	4.162100
0.182960	4.125400
0.183040	4.100900
0.183120	4.113200
0.183200	4.125400
0.183280	4.149800
0.183360	4.149800
0.183440	4.113200
0.183520	4.052000
0.183600	4.039800
0.183680	4.039800
0.183760	4.076500
0.183840	4.076500
0.183920	4.064200
0.184000	3.990900
0.184080	3.942000
0.184160	3.893000
0.184240	3.929700
0.184320	3.954200
0.184400	3.966400
0.184480	3.942000
0.184560	3.880800
0.184640	3.844100
0.184720	3.831900
0.184800	3.807500
0.184880	3.807500
0.184960	3.783000
0.185040	3.758500
0.185120	3.721800
0.185200	3.709600
0.185280	3.709600
0.185360	3.685200
0.185440	3.648500
0.185520	3.636300
0.185600	3.587300
0.185680	3.562900
0.185760	3.562900
0.185840	3.599600
0.185920	3.538400
0.186000	3.526200
0.186080	3.477300
0.186160	3.440600
0.186240	3.391700
0.186320	3.379500
0.186400	3.330500
0.186480	3.306100
0.186560	3.293800
0.186640	3.220500
0.186720	3.196000
0.186800	3.220500
0.186880	3.208300
0.186960	3.208300
0.187040	3.232700
0.187120	3.220500
0.187200	3.183800
0.187280	3.159300
0.187360	3.134900
0.187440	3.086000
0.187520	3.086000
0.187600	3.073700
0.187680	3.049300
0.187760	3.000400
0.187840	2.988100
0.187920	2.951500
0.188000	2.939200
0.188080	2.939200
0.188160	2.914800
0.188240	2.902500
0.188320	2.853600
0.188400	2.829200
0.188480	2.768000
0.188560	2.755800
0.188640	2.719100
0.188720	2.694600
0.188800	2.658000
0.188880	2.633500
0.188960	2.609100
0.189040	2.609100
0.189120	2.547900
0.189200	2.511200
0.189280	2.474500
0.189360	2.462300
0.189440	2.425600
0.189520	2.401200
0.189600	2.376700
0.189680	2.340000
0.189760	2.291100
0.189840	2.266600
0.189920	2.230000
0.190000	2.217700
0.190080	2.144400
0.190160	2.132100
0.190240	2.107700
0.190320	2.083200
0.190400	2.071000
0.190480	2.058800
0.190560	2.022100
0.190640	1.985400
0.190720	1.960900
0.190800	1.960900
0.190880	1.924300
0.190960	1.936500
0.191040	1.887600
0.191120	1.850900
0.191200	1.814200
0.191280	1.765300
0.191360	1.728600
0.191440	1.704100
0.191520	1.704100
0.191600	1.667400
0.191680	1.667400
0.191760	1.655200
0.191840	1.643000
0.191920	1.630800
0.192000	1.606300
0.192080	1.569600
0.192160	1.557400
0.192240	1.532900
0.192320	1.496300
0.192400	1.484000
0.192480	1.435100
0.192560	1.410700
0.192640	1.349500
0.192720	1.361700
0.192800	1.325000
0.192880	1.325000
0.192960	1.288400
0.193040	1.263900
0.193120	1.227200
0.193200	1.178300
0.193280	1.141600
0.193360	1.092700
0.193440	1.068200
0.193520	1.056000
0.193600	1.019300
0.193680	1.019300
0.193760	0.982640
0.193840	0.945960
0.193920	0.921500
0.194000	0.897040
0.194080	0.848130
0.194160	0.835900
0.194240	0.799220
0.194320	0.774760
0.194400	0.762530
0.194480	0.738070
0.194560	0.689160
0.194640	0.664700
0.194720	0.640240
0.194800	0.615790
0.194880	0.579100
0.194960	0.530190
0.195040	0.505730
0.195120	0.469040
0.195200	0.444590
0.195280	0.407900
0.195360	0.371210
0.195440	0.346760
0.195520	0.297840
0.195600	0.261160
0.195680	0.212240
0.195760	0.187780
0.195840	0.187780
0.195920	0.151100
0.196000	0.114410
0.196080	0.102190
0.196160	0.089957
0.196240	0.065499
0.196320	0.041042
0.196400	0.004356
0.196480	-0.020101
0.196560	-0.044558
0.196640	-0.093472
0.196720	-0.093472
0.196800	-0.093472
0.196880	-0.105700
0.196960	-0.105700
0.197040	-0.154610
0.197120	-0.179070
0.197200	-0.191300
0.197280	-0.203530
0.197360	-0.203530
0.197440	-0.264670
0.197520	-0.289130
0.197600	-0.313590
0.197680	-0.325820
0.197760	-0.350270
0.197840	-0.399190
0.197920	-0.411420
0.198000	-0.435870
0.198080	-0.448100
0.198160	-0.460330
0.198240	-0.509240
0.198320	-0.521470
0.198400	-0.521470
0.198480	-0.545930
0.198560	-0.582620
0.198640	-0.582620
0.198720	-0.607070
0.198800	-0.607070
0.198880	-0.607070
0.198960	-0.607070
0.199040	-0.619300
0.199120	-0.631530
0.199200	-0.668220
0.199280	-0.692670
0.199360	-0.680450
0.199440	-0.692670
0.199520	-0.704900
0.199600	-0.753820
0.199680	-0.753820
0.199760	-0.778270
0.199840	-0.790500
0.199920	-0.753820
0.200000	-0.814960
0.200080	-0.839420
0.200160	-0.900560
0.200240	-0.888330
0.200320	-0.900560
0.200400	-0.925020
0.200480	-0.937250
0.200560	-0.949470
0.200640	-0.986160
0.200720	-1.022900
0.200800	-1.047300
0.200880	-1.047300
0.200960	-1.071800
0.201040	-1.108500
0.201120	-1.120700
0.201200	-1.132900
0.201280	-1.157400
0.201360	-1.169600
0.201440	-1.194000
0.201520	-1.206300
0.201600	-1.218500
0.201680	-1.255200
0.201760	-1.243000
0.201840	-1.279600
0.201920	-1.279600
0.202000	-1.316300
0.202080	-1.316300
0.202160	-1.353000
0.202240	-1.340800
0.202320	-1.328600
0.202400	-1.353000
0.202480	-1.389700
0.202560	-1.389700
0.202640	-1.389700
0.202720	-1.426400
0.202800	-1.414200
0.202880	-1.414200
0.202960	-1.414200
0.203040	-1.426400
0.203120	-1.438600
0.203200	-1.426400
0.203280	-1.414200
0.203360	-1.401900
0.203440	-1.426400
0.203520	-1.414200
0.203600	-1.414200
0.203680	-1.438600
0.203760	-1.438600
0.203840	-1.450900
0.203920	-1.463100
0.204000	-1.475300
0.204080	-1.475300
0.204160	-1.475300
0.204240	-1.487500
0.204320	-1.512000
0.204400	-1.512000
0.204480	-1.536500
0.204560	-1.512000
0.204640	-1.499800
0.204720	-1.499800
0.204800	-1.536500
0.204880	-1.512000
0.204960	-1.512000
0.205040	-1.524200
0.205120	-1.548700
0.205200	-1.548700
0.205280	-1.548700
0.205360	-1.573100
0.205440	-1.573100
0.205520	-1.597600
0.205600	-1.585400
0.205680	-1.573100
0.205760	-1.585400
0.205840	-1.597600
0.205920	-1.597600
0.206000	-1.585400
0.206080	-1.560900
0.206160	-1.560900
0.206240	-1.536500
0.206320	-1.536500
0.206400	-1.512000
0.206480	-1.512000
0.206560	-1.499800
0.206640	-1.463100
0.206720	-1.487500
0.206800	-1.463100
0.206880	-1.438600
0.206960	-1.401900
0.207040	-1.389700
0.207120	-1.389700
0.207200	-1.389700
0.207280	-1.365200
0.207360	-1.340800
0.207440	-1.328600
0.207520	-1.316300
0.207600	-1.291900
0.207680	-1.304100
0.207760	-1.279600
0.207840	-1.279600
0.207920	-1.291900
0.208000	-1.279600
0.208080	-1.291900
0.208160	-1.291900
0.208240	-1.279600
0.208320	-1.255200
0.208400	-1.267400
0.208480	-1.279600
0.208560	-1.291900
0.208640	-1.279600
0.208720	-1.279600
0.208800	-1.255200
0.208880	-1.218500
0.208960	-1.206300
0.209040	-1.169600
0.209120	-1.157400
0.209200	-1.145100
0.209280	-1.108500
0.209360	-1.071800
0.209440	-1.071800
0.209520	-1.071800
0.209600	-1.035100
0.209680	-1.010600
0.209760	-0.973930
0.209840	-0.961700
0.209920	-0.900560
0.210000	-0.888330
0.210080	-0.863870
0.210160	-0.839420
0.210240	-0.851650
0.210320	-0.814960
0.210400	-0.790500
0.210480	-0.729360
0.210560	-0.692670
0.210640	-0.668220
0.210720	-0.655990
0.210800	-0.631530
0.210880	-0.582620
0.210960	-0.594840
0.211040	-0.533700
0.211120	-0.509240
0.211200	-0.484790
0.211280	-0.484790
0.211360	-0.472560
0.211440	-0.460330
0.211520	-0.448100
0.211600	-0.435870
0.211680	-0.448100
0.211760	-0.423640
0.211840	-0.411420
0.211920	-0.374730
0.212000	-0.350270
0.212080	-0.338040
0.212160	-0.325820
0.212240	-0.289130
0.212320	-0.289130
0.212400	-0.264670
0.212480	-0.252440
0.212560	-0.240220
0.212640	-0.227990
0.212720	-0.227990
0.212800	-0.215760
0.212880	-0.215760
0.212960	-0.191300
0.213040	-0.154610
0.213120	-0.166840
0.213200	-0.154610
0.213280	-0.130160
0.213360	-0.130160
0.213440	-0.105700
0.213520	-0.093472
0.213600	-0.069015
0.213680	-0.044558
0.213760	-0.007872
0.213840	0.016585
0.213920	0.065499
0.214000	0.089957
0.214080	0.089957
0.214160	0.126640
0.214240	0.138870
0.214320	0.151100
0.214400	0.175560
0.214480	0.187780
0.214560	0.212240
0.214640	0.212240
0.214720	0.212240
0.214800	0.261160
0.214880	0.248930
0.214960	0.285610
0.215040	0.297840
0.215120	0.358990
0.215200	0.371210
0.215280	0.407900
0.215360	0.420130
0.215440	0.444590
0.215520	0.456820
0.215600	0.469040
0.215680	0.481270
0.215760	0.505730
0.215840	0.542420
0.215920	0.554640
0.216000	0.579100
0.216080	0.603560
0.216160	0.579100
0.216240	0.579100
0.216320	0.628010
0.216400	0.652470
0.216480	0.664700
0.216560	0.689160
0.216640	0.725840
0.216720	0.762530
0.216800	0.762530
0.216880	0.786990
0.216960	0.835900
0.217040	0.835900
0.217120	0.860360
0.217200	0.909270
0.217280	0.921500
0.217360	0.945960
0.217440	0.958190
0.217520	0.958190
0.217600	0.958190
0.217680	0.970420
0.217760	0.970420
0.217840	0.970420
0.217920	1.019300
0.218000	1.007100
0.218080	1.031600
0.218160	1.043800
0.218240	1.043800
0.218320	1.080500
0.218400	1.080500
0.218480	1.092700
0.218560	1.092700
0.218640	1.141600
0.218720	1.166100
0.218800	1.190500
0.218880	1.190500
0.218960	1.227200
0.219040	1.263900
0.219120	1.276100
0.219200	1.288400
0.219280	1.312800
0.219360	1.337300
0.219440	1.337300
0.219520	1.337300
0.219600	1.349500
0.219680	1.361700
0.219760	1.361700
0.219840	1.349500
0.219920	1.386200
0.220000	1.398400
0.220080	1.435100
0.220160	1.471800
0.220240	1.508500
0.220320	1.532900
0.220400	1.581900
0.220480	1.594100
0.220560	1.618500
0.220640	1.655200
0.220720	1.667400
0.220800	1.704100
0.220880	1.716400
0.220960	1.740800
0.221040	1.740800
0.221120	1.728600
0.221200	1.765300
0.221280	1.765300
0.221360	1.826400
0.221440	1.814200
0.221520	1.838600
0.221600	1.838600
0.221680	1.863100
0.221760	1.863100
0.221840	1.863100
0.221920	1.863100
0.222000	1.850900
0.222080	1.838600
0.222160	1.850900
0.222240	1.875300
0.222320	1.850900
0.222400	1.875300
0.222480	1.899800
0.222560	1.936500
0.222640	1.948700
0.222720	1.960900
0.222800	1.997600
0.222880	2.022100
0.222960	2.046500
0.223040	2.046500
0.223120	2.095400
0.223200	2.083200
0.223280	2.107700
0.223360	2.132100
0.223440	2.156600
0.223520	2.144400
0.223600	2.193300
0.223680	2.193300
0.223760	2.230000
0.223840	2.266600
0.223920	2.266600
0.224000	2.291100
0.224080	2.303300
0.224160	2.327800
0.224240	2.352300
0.224320	2.364500
0.224400	2.388900
0.224480	2.413400
0.224560	2.413400
0.224640	2.437800
0.224720	2.450100
0.224800	2.499000
0.224880	2.511200
0.224960	2.560100
0.225040	2.596800
0.225120	2.609100
0.225200	2.621300
0.225280	2.621300
0.225360	2.645700
0.225440	2.645700
0.225520	2.658000
0.225600	2.670200
0.225680	2.670200
0.225760	2.670200
0.225840	2.706900
0.225920	2.731300
0.226000	2.755800
0.226080	2.804700
0.226160	2.780300
0.226240	2.816900
0.226320	2.816900
0.226400	2.816900
0.226480	2.804700
0.226560	2.804700
0.226640	2.792500
0.226720	2.804700
0.226800	2.804700
0.226880	2.816900
0.226960	2.816900
0.227040	2.804700
0.227120	2.841400
0.227200	2.829200
0.227280	2.816900
0.227360	2.829200
0.227440	2.829200
0.227520	2.841400
0.227600	2.829200
0.227680	2.829200
0.227760	2.841400
0.227840	2.841400
0.227920	2.853600
0.228000	2.829200
0.228080	2.829200
0.228160	2.853600
0.228240	2.829200
0.228320	2.829200
0.228400	2.841400
0.228480	2.841400
0.228560	2.878100
0.228640	2.865800
0.228720	2.865800
0.228800	2.878100
0.228880	2.865800
0.228960	2.878100
0.229040	2.878100
0.229120	2.890300
0.229200	2.865800
0.229280	2.865800
0.229360	2.865800
0.229440	2.829200
0.229520	2.841400
0.229600	2.853600
0.229680	2.865800
0.229760	2.841400
0.229840	2.865800
0.229920	2.865800
0.230000	2.853600
0.230080	2.865800
0.230160	2.878100
0.230240	2.902500
0.230320	2.902500
0.230400	2.902500
0.230480	2.902500
0.230560	2.878100
0.230640	2.890300
0.230720	2.878100
0.230800	2.878100
0.230880	2.865800
0.230960	2.878100
0.231040	2.878100
0.231120	2.865800
0.231200	2.878100
0.231280	2.878100
0.231360	2.853600
0.231440	2.853600
0.231520	2.853600
0.231600	2.865800
0.231680	2.841400
0.231760	2.853600
0.231840	2.853600
0.231920	2.841400
0.232000	2.841400
0.232080	2.841400
0.232160	2.841400
0.232240	2.829200
0.232320	2.816900
0.232400	2.804700
0.232480	2.804700
0.232560	2.816900
0.232640	2.816900
0.232720	2.829200
0.232800	2.804700
0.232880	2.816900
0.232960	2.804700
0.233040	2.792500
0.233120	2.768000
0.233200	2.792500
0.233280	2.780300
0.233360	2.816900
0.233440	2.804700
0.233520	2.792500
0.233600	2.780300
0.233680	2.755800
0.233760	2.780300
0.233840	2.780300
0.233920	2.780300
0.234000	2.768000
0.234080	2.768000
0.234160	2.755800
0.234240	2.755800
0.234320	2.755800
0.234400	2.731300
0.234480	2.743600
0.234560	2.743600
0.234640	2.743600
0.234720	2.731300
0.234800	2.719100
0.234880	2.719100
0.234960	2.706900
0.235040	2.706900
0.235120	2.694600
0.235200	2.682400
0.235280	2.694600
0.235360	2.670200
0.235440	2.658000
0.235520	2.633500
0.235600	2.645700
0.235680	2.621300
0.235760	2.621300
0.235840	2.584600
0.235920	2.584600
0.236000	2.560100
0.236080	2.560100
0.236160	2.535700
0.236240	2.547900
0.236320	2.523400
0.236400	2.511200
0.236480	2.499000
0.236560	2.462300
0.236640	2.474500
0.236720	2.450100
0.236800	2.437800
0.236880	2.413400
0.236960	2.388900
0.237040	2.413400
0.237120	2.401200
0.237200	2.401200
0.237280	2.413400
0.237360	2.388900
0.237440	2.327800
0.237520	2.315600
0.237600	2.315600
0.237680	2.303300
0.237760	2.315600
0.237840	2.291100
0.237920	2.291100
0.238000	2.291100
0.238080	2.266600
0.238160	2.242200
0.238240	2.254400
0.238320	2.242200
0.238400	2.278900
0.238480	2.266600
0.238560	2.242200
0.238640	2.254400
0.238720	2.242200
0.238800	2.217700
0.238880	2.205500
0.238960	2.193300
0.239040	2.193300
0.239120	2.168800
0.239200	2.156600
0.239280	2.156600
0.239360	2.156600
0.239440	2.156600
0.239520	2.132100
0.239600	2.119900
0.239680	2.132100
0.239760	2.132100
0.239840	2.132100
0.239920	2.144400
0.240000	2.119900
0.240080	2.119900
0.240160	2.095400
0.240240	2.107700
0.240320	2.083200
0.240400	2.083200
0.240480	2.071000
0.240560	2.046500
0.240640	2.058800
0.240720	2.071000
0.240800	2.071000
0.240880	2.071000
0.240960	2.058800
0.241040	2.034300
0.241120	2.022100
0.241200	2.022100
0.241280	2.009900
0.241360	2.022100
0.241440	2.022100
0.241520	2.022100
0.241600	2.022100
0.241680	2.034300
0.241760	2.022100
0.241840	1.973200
0.241920	1.997600
0.242000	1.960900
0.242080	1.973200
0.242160	1.960900
0.242240	1.948700
0.242320	1.960900
0.242400	1.948700
0.242480	1.948700
0.242560	1.948700
0.242640	1.924300
0.242720	1.912000
0.242800	1.912000
0.242880	1.912000
0.242960	1.924300
0.243040	1.924300
0.243120	1.912000
0.243200	1.887600
0.243280	1.863100
0.243360	1.850900
0.243440	1.826400
0.243520	1.850900
0.243600	1.838600
0.243680	1.850900
0.243760	1.826400
0.243840	1.826400
0.243920	1.838600
0.244000	1.814200
0.244080	1.838600
0.244160	1.814200
0.244240	1.814200
0.244320	1.802000
0.244400	1.789700
0.244480	1.777500
0.244560	1.753000
0.244640	1.740800
0.244720	1.716400
0.244800	1.728600
0.244880	1.716400
0.244960	1.716400
0.245040	1.691900
0.245120	1.679700
0.245200	1.679700
0.245280	1.655200
0.245360	1.667400
0.245440	1.643000
0.245520	1.643000
0.245600	1.667400
0.245680	1.643000
0.245760	1.618500
0.245840	1.618500
0.245920	1.606300
0.246000	1.618500
0.246080	1.594100
0.246160	1.569600
0.246240	1.569600
0.246320	1.557400
0.246400	1.545200
0.246480	1.532900
0.246560	1.508500
0.246640	1.508500
0.246720	1.471800
0.246800	1.496300
0.246880	1.496300
0.246960	1.459600
0.247040	1.459600
0.247120	1.471800
0.247200	1.471800
0.247280	1.447300
0.247360	1.435100
0.247440	1.410700
0.247520	1.374000
0.247600	1.374000
0.247680	1.349500
0.247760	1.325000
0.247840	1.312800
0.247920	1.288400
0.248000	1.288400
0.248080	1.276100
0.248160	1.251700
0.248240	1.276100
0.248320	1.239400
0.248400	1.227200
0.248480	1.202800
0.248560	1.202800
0.248640	1.190500
0.248720	1.153800
0.248800	1.141600
0.248880	1.141600
0.248960	1.117200
0.249040	1.104900
0.249120	1.080500
0.249200	1.031600
0.249280	1.043800
0.249360	1.007100
0.249440	0.994870
0.249520	0.945960
0.249600	0.921500
0.249680	0.884820
0.249760	0.884820
0.249840	0.823670
0.249920	0.835900
0.250000	0.811440
0.250080	0.786990
0.250160	0.799220
0.250240	0.762530
0.250320	0.750300
0.250400	0.738070
0.250480	0.725840
0.250560	0.689160
0.250640	0.652470
0.250720	0.628010
0.250800	0.615790
0.250880	0.566870
0.250960	0.566870
0.251040	0.542420
0.251120	0.517960
0.251200	0.505730
0.251280	0.469040
0.251360	0.469040
0.251440	0.432360
0.251520	0.420130
0.251600	0.395670
0.251680	0.358990
0.251760	0.358990
0.251840	0.334530
0.251920	0.322300
0.252000	0.273390
0.252080	0.273390
0.252160	0.248930
0.252240	0.212240
0.252320	0.212240
0.252400	0.200010
0.252480	0.163330
0.252560	0.163330
0.252640	0.114410
0.252720	0.089957
0.252800	0.053271
0.252880	0.016585
0.252960	0.004356
0.253040	0.004356
0.253120	-0.020101
0.253200	-0.020101
0.253280	-0.032329
0.253360	-0.056787
0.253440	-0.081244
0.253520	-0.130160
0.253600	-0.130160
0.253680	-0.166840
0.253760	-0.191300
0.253840	-0.227990
0.253920	-0.252440
0.254000	-0.264670
0.254080	-0.276900
0.254160	-0.301360
0.254240	-0.338040
0.254320	-0.325820
0.254400	-0.362500
0.254480	-0.386960
0.254560	-0.386960
0.254640	-0.411420
0.254720	-0.435870
0.254800	-0.472560
0.254880	-0.509240
0.254960	-0.558160
0.255040	-0.570390
0.255120	-0.582620
0.255200	-0.582620
0.255280	-0.619300
0.255360	-0.631530
0.255440	-0.668220
0.255520	-0.680450
0.255600	-0.704900
0.255680	-0.729360
0.255760	-0.717130
0.255840	-0.717130
0.255920	-0.741590
0.256000	-0.778270
0.256080	-0.790500
0.256160	-0.802730
0.256240	-0.814960
0.256320	-0.839420
0.256400	-0.839420
0.256480	-0.851650
0.256560	-0.863870
0.256640	-0.851650
0.256720	-0.900560
0.256800	-0.912790
0.256880	-0.900560
0.256960	-0.912790
0.257040	-0.925020
0.257120	-0.937250
0.257200	-0.937250
0.257280	-0.961700
0.257360	-0.973930
0.257440	-0.998390
0.257520	-0.998390
0.257600	-1.022900
0.257680	-1.022900
0.257760	-1.035100
0.257840	-1.047300
0.257920	-1.035100
0.258000	-1.059500
0.258080	-1.071800
0.258160	-1.084000
0.258240	-1.047300
0.258320	-1.108500
0.258400	-1.084000
0.258480	-1.096200
0.258560	-1.108500
0.258640	-1.120700
0.258720	-1.145100
0.258800	-1.132900
0.258880	-1.145100
0.258960	-1.145100
0.259040	-1.145100
0.259120	-1.169600
0.259200	-1.132900
0.259280	-1.157400
0.259360	-1.169600
0.259440	-1.181800
0.259520	-1.169600
0.259600	-1.181800
0.259680	-1.181800
0.259760	-1.194000
0.259840	-1.181800
0.259920	-1.194000
0.260000	-1.218500
0.260080	-1.230700
0.260160	-1.243000
0.260240	-1.267400
0.260320	-1.267400
0.260400	-1.255200
0.260480	-1.279600
0.260560	-1.267400
0.260640	-1.279600
0.260720	-1.279600
0.260800	-1.316300
0.260880	-1.316300
0.260960	-1.304100
0.261040	-1.328600
0.261120	-1.316300
0.261200	-1.316300
0.261280	-1.316300
0.261360	-1.328600
0.261440	-1.328600
0.261520	-1.353000
0.261600	-1.353000
0.261680	-1.365200
0.261760	-1.365200
0.261840	-1.377500
0.261920	-1.401900
0.262000	-1.426400
0.262080	-1.438600
0.262160	-1.426400
0.262240	-1.438600
0.262320	-1.463100
0.262400	-1.463100
0.262480	-1.463100
0.262560	-1.487500
0.262640	-1.499800
0.262720	-1.499800
0.262800	-1.524200
0.262880	-1.524200
0.262960	-1.548700
0.263040	-1.536500
0.263120	-1.548700
0.263200	-1.560900
0.263280	-1.548700
0.263360	-1.573100
0.263440	-1.560900
0.263520	-1.573100
0.263600	-1.585400
0.263680	-1.622100
0.263760	-1.609800
0.263840	-1.634300
0.263920	-1.634300
0.264000	-1.622100
0.264080	-1.622100
0.264160	-1.634300
0.264240	-1.646500
0.264320	-1.658700
0.264400	-1.658700
0.264480	-1.683200
0.264560	-1.695400
0.264640	-1.683200
0.264720	-1.695400
0.264800	-1.707600
0.264880	-1.695400
0.264960	-1.695400
0.265040	-1.695400
0.265120	-1.707600
0.265200	-1.695400
0.265280	-1.707600
0.265360	-1.707600
0.265440	-1.707600
0.265520	-1.732100
0.265600	-1.732100
0.265680	-1.732100
0.265760	-1.732100
0.265840	-1.732100
0.265920	-1.732100
0.266000	-1.756600
0.266080	-1.768800
0.266160	-1.768800
0.266240	-1.768800
0.266320	-1.756600
0.266400	-1.768800
0.266480	-1.756600
0.266560	-1.756600
0.266640	-1.756600
0.266720	-1.756600
0.266800	-1.793200
0.266880	-1.781000
0.266960	-1.756600
0.267040	-1.781000
0.267120	-1.781000
0.267200	-1.744300
0.267280	-1.744300
0.267360	-1.719900
0.267440	-1.732100
0.267520	-1.744300
0.267600	-1.707600
0.267680	-1.744300
0.267760	-1.744300
0.267840	-1.744300
0.267920	-1.707600
0.268000	-1.695400
0.268080	-1.695400
0.268160	-1.707600
0.268240	-1.707600
0.268320	-1.707600
0.268400	-1.707600
0.268480	-1.695400
0.268560	-1.719900
0.268640	-1.719900
0.268720	-1.695400
0.268800	-1.707600
0.268880	-1.671000
0.268960	-1.671000
0.269040	-1.671000
0.269120	-1.671000
0.269200	-1.658700
0.269280	-1.658700
0.269360	-1.658700
0.269440	-1.646500
0.269520	-1.658700
0.269600	-1.671000
0.269680	-1.646500
0.269760	-1.683200
0.269840	-1.658700
0.269920	-1.683200
0.270000	-1.671000
0.270080	-1.658700
0.270160	-1.683200
0.270240	-1.658700
0.270320	-1.683200
0.270400	-1.671000
0.270480	-1.658700
0.270560	-1.646500
0.270640	-1.671000
0.270720	-1.671000
0.270800	-1.683200
0.270880	-1.683200
0.270960	-1.683200
0.271040	-1.671000
0.271120	-1.658700
0.271200	-1.658700
0.271280	-1.658700
0.271360	-1.683200
0.271440	-1.683200
0.271520	-1.646500
0.271600	-1.622100
0.271680	-1.634300
0.271760	-1.609800
0.271840	-1.622100
0.271920	-1.609800
0.272000	-1.585400
0.272080	-1.609800
0.272160	-1.609800
0.272240	-1.585400
0.272320	-1.573100
0.272400	-1.560900
0.272480	-1.560900
0.272560	-1.548700
0.272640	-1.548700
0.272720	-1.536500
0.272800	-1.536500
0.272880	-1.560900
0.272960	-1.536500
0.273040	-1.524200
0.273120	-1.560900
0.273200	-1.524200
0.273280	-1.512000
0.273360	-1.499800
0.273440	-1.475300
0.273520	-1.499800
0.273600	-1.463100
0.273680	-1.487500
0.273760	-1.475300
0.273840	-1.463100
0.273920	-1.463100
0.274000	-1.487500
0.274080	-1.450900
0.274160	-1.450900
0.274240	-1.463100
0.274320	-1.463100
0.274400	-1.463100
0.274480	-1.463100
0.274560	-1.438600
0.274640	-1.450900
0.274720	-1.426400
0.274800	-1.426400
0.274880	-1.401900
0.274960	-1.401900
0.275040	-1.389700
0.275120	-1.389700
0.275200	-1.377500
0.275280	-1.377500
0.275360	-1.353000
0.275440	-1.353000
0.275520	-1.353000
0.275600	-1.340800
0.275680	-1.328600
0.275760	-1.328600
0.275840	-1.316300
0.275920	-1.304100
0.276000	-1.291900
0.276080	-1.291900
0.276160	-1.304100
0.276240	-1.267400
0.276320	-1.267400
0.276400	-1.230700
0.276480	-1.230700
0.276560	-1.230700
0.276640	-1.206300
0.276720	-1.194000
0.276800	-1.181800
0.276880	-1.145100
0.276960	-1.120700
0.277040	-1.084000
0.277120	-1.059500
0.277200	-1.071800
0.277280	-1.035100
0.277360	-1.022900
0.277440	-1.022900
0.277520	-1.022900
0.277600	-1.010600
0.277680	-1.059500
0.277760	-1.071800
0.277840	-1.108500
0.277920	-1.108500
0.278000	-1.096200
0.278080	-1.071800
0.278160	-1.059500
0.278240	-1.022900
0.278320	-0.973930
0.278400	-0.998390
0.278480	-1.022900
0.278560	-0.986160
0.278640	-0.986160
0.278720	-1.022900
0.278800	-1.010600
0.278880	-1.022900
0.278960	-1.035100
0.279040	-1.059500
0.279120	-1.096200
0.279200	-1.071800
0.279280	-1.096200
0.279360	-1.108500
0.279440	-1.108500
0.279520	-1.157400
0.279600	-1.169600
0.279680	-1.194000
0.279760	-1.157400
0.279840	-1.181800
0.279920	-1.181800
0.280000	-1.194000
0.280080	-1.206300
0.280160	-1.194000
0.280240	-1.243000
0.280320	-1.243000
0.280400	-1.218500
0.280480	-1.243000
0.280560	-1.230700
0.280640	-1.255200
0.280720	-1.243000
0.280800	-1.267400
0.280880	-1.255200
0.280960	-1.279600
0.281040	-1.267400
0.281120	-1.255200
0.281200	-1.230700
0.281280	-1.243000
0.281360	-1.206300
0.281440	-1.194000
0.281520	-1.181800
0.281600	-1.181800
0.281680	-1.169600
0.281760	-1.194000
0.281840	-1.157400
0.281920	-1.145100
0.282000	-1.096200
0.282080	-1.084000
0.282160	-1.084000
0.282240	-1.047300
0.282320	-1.035100
0.282400	-1.035100
0.282480	-1.035100
0.282560	-1.035100
0.282640	-1.022900
0.282720	-1.035100
0.282800	-1.022900
0.282880	-1.022900
0.282960	-1.022900
0.283040	-0.998390
0.283120	-1.010600
0.283200	-0.949470
0.283280	-0.998390
0.283360	-0.949470
0.283440	-0.986160
0.283520	-0.986160
0.283600	-0.949470
0.283680	-0.973930
0.283760	-0.973930
0.283840	-0.973930
0.283920	-0.973930
0.284000	-0.986160
0.284080	-0.998390
0.284160	-1.022900
0.284240	-1.022900
0.284320	-1.035100
0.284400	-1.047300
0.284480	-1.059500
0.284560	-1.096200
0.284640	-1.096200
0.284720	-1.108500
0.284800	-1.108500
0.284880	-1.084000
0.284960	-1.120700
0.285040	-1.120700
0.285120	-1.108500
0.285200	-1.120700
0.285280	-1.120700
0.285360	-1.132900
0.285440	-1.120700
0.285520	-1.132900
0.285600	-1.169600
0.285680	-1.169600
0.285760	-1.157400
0.285840	-1.145100
0.285920	-1.145100
0.286000	-1.132900
0.286080	-1.145100
0.286160	-1.145100
0.286240	-1.157400
0.286320	-1.145100
0.286400	-1.132900
0.286480	-1.132900
0.286560	-1.132900
0.286640	-1.145100
0.286720	-1.145100
0.286800	-1.145100
0.286880	-1.145100
0.286960	-1.145100
0.287040	-1.157400
0.287120	-1.145100
0.287200	-1.132900
0.287280	-1.132900
0.287360	-1.120700
0.287440	-1.145100
0.287520	-1.108500
0.287600	-1.120700
0.287680	-1.108500
0.287760	-1.108500
0.287840	-1.132900
0.287920	-1.145100
0.288000	-1.157400
0.288080	-1.132900
0.288160	-1.120700
0.288240	-1.120700
0.288320	-1.108500
0.288400	-1.108500
0.288480	-1.108500
0.288560	-1.120700
0.288640	-1.120700
0.288720	-1.145100
0.288800	-1.132900
0.288880	-1.120700
0.288960	-1.108500
0.289040	-1.120700
0.289120	-1.108500
0.289200	-1.108500
0.289280	-1.132900
0.289360	-1.132900
0.289440	-1.120700
0.289520	-1.120700
0.289600	-1.132900
0.289680	-1.120700
0.289760	-1.120700
0.289840	-1.120700
0.289920	-1.120700
0.290000	-1.120700
0.290080	-1.120700
0.290160	-1.132900
0.290240	-1.132900
0.290320	-1.132900
0.290400	-1.120700
0.290480	-1.120700
0.290560	-1.096200
0.290640	-1.120700
0.290720	-1.145100
0.290800	-1.120700
0.290880	-1.120700
0.290960	-1.132900
0.291040	-1.145100
0.291120	-1.145100
0.291200	-1.145100
0.291280	-1.157400
0.291360	-1.169600
0.291440	-1.157400
0.291520	-1.194000
0.291600	-1.194000
0.291680	-1.169600
0.291760	-1.194000
0.291840	-1.206300
0.291920	-1.194000
0.292000	-1.181800
0.292080	-1.206300
0.292160	-1.194000
0.292240	-1.181800
0.292320	-1.206300
0.292400	-1.206300
0.292480	-1.181800
0.292560	-1.181800
0.292640	-1.194000
0.292720	-1.157400
0.292800	-1.169600
0.292880	-1.169600
0.292960	-1.145100
0.293040	-1.157400
0.293120	-1.145100
0.293200	-1.169600
0.293280	-1.206300
0.293360	-1.181800
0.293440	-1.194000
0.293520	-1.194000
0.293600	-1.169600
0.293680	-1.194000
0.293760	-1.194000
0.293840	-1.169600
0.293920	-1.169600
0.294000	-1.169600
0.294080	-1.169600
0.294160	-1.169600
0.294240	-1.169600
0.294320	-1.169600
0.294400	-1.157400
0.294480	-1.181800
0.294560	-1.181800
0.294640	-1.169600
0.294720	-1.181800
0.294800	-1.181800
0.294880	-1.194000
0.294960	-1.181800
0.295040	-1.194000
0.295120	-1.218500
0.295200	-1.194000
0.295280	-1.206300
0.295360	-1.206300
0.295440	-1.194000
0.295520	-1.181800
0.295600	-1.181800
0.295680	-1.206300
0.295760	-1.230700
0.295840	-1.255200
0.295920	-1.255200
0.296000	-1.243000
0.296080	-1.230700
0.296160	-1.218500
0.296240	-1.230700
0.296320	-1.206300
0.296400	-1.218500
0.296480	-1.206300
0.296560	-1.230700
0.296640	-1.218500
0.296720	-1.206300
0.296800	-1.206300
0.296880	-1.218500
0.296960	-1.218500
0.297040	-1.206300
0.297120	-1.218500
0.297200	-1.243000
0.297280	-1.230700
0.297360	-1.206300
0.297440	-1.218500
0.297520	-1.206300
0.297600	-1.218500
0.297680	-1.206300
0.297760	-1.194000
0.297840	-1.206300
0.297920	-1.206300
0.298000	-1.181800
0.298080	-1.218500
0.298160	-1.218500
0.298240	-1.218500
0.298320	-1.218500
0.298400	-1.218500
0.298480	-1.206300
0.298560	-1.218500
0.298640	-1.230700
0.298720	-1.218500
0.298800	-1.218500
0.298880	-1.218500
0.298960	-1.230700
0.299040	-1.243000
0.299120	-1.206300
0.299200	-1.206300
0.299280	-1.230700
0.299360	-1.206300
0.299440	-1.218500
0.299520	-1.218500
0.299600	-1.243000
0.299680	-1.218500
0.299760	-1.194000
0.299840	-1.194000
0.299920	-1.194000
0.300000	-1.181800
0.300080	-1.194000
0.300160	-1.206300
0.300240	-1.206300
0.300320	-1.243000
0.300400	-1.218500
0.300480	-1.206300
0.300560	-1.194000
0.300640	-1.230700
0.300720	-1.218500
0.300800	-1.218500
0.300880	-1.194000
0.300960	-1.206300
0.301040	-1.206300
0.301120	-1.206300
0.301200	-1.218500
0.301280	-1.230700
0.301360	-1.194000
0.301440	-1.206300
0.301520	-1.206300
0.301600	-1.218500
0.301680	-1.230700
0.301760	-1.230700
0.301840	-1.243000
0.301920	-1.218500
0.302000	-1.243000
0.302080	-1.230700
0.302160	-1.218500
0.302240	-1.230700
0.302320	-1.243000
0.302400	-1.267400
0.302480	-1.243000
0.302560	-1.267400
0.302640	-1.304100
0.302720	-1.291900
0.302800	-1.304100
0.302880	-1.304100
0.302960	-1.304100
0.303040	-1.304100
0.303120	-1.328600
0.303200	-1.340800
0.303280	-1.328600
0.303360	-1.328600
0.303440	-1.328600
0.303520	-1.291900
0.303600	-1.279600
0.303680	-1.304100
0.303760	-1.291900
0.303840	-1.304100
0.303920	-1.279600
0.304000	-1.291900
0.304080	-1.291900
0.304160	-1.291900
0.304240	-1.316300
0.304320	-1.291900
0.304400	-1.291900
0.304480	-1.291900
0.304560	-1.267400
0.304640	-1.255200
0.304720	-1.267400
0.304800	-1.255200
0.304880	-1.255200
0.304960	-1.267400
0.305040	-1.255200
0.305120	-1.267400
0.305200	-1.255200
0.305280	-1.267400
0.305360	-1.279600
0.305440	-1.255200
0.305520	-1.243000
0.305600	-1.255200
0.305680	-1.255200
0.305760	-1.230700
0.305840	-1.255200
0.305920	-1.255200
0.306000	-1.255200
0.306080	-1.267400
0.306160	-1.255200
0.306240	-1.243000
0.306320	-1.255200
0.306400	-1.243000
0.306480	-1.230700
0.306560	-1.243000
0.306640	-1.243000
0.306720	-1.243000
0.306800	-1.243000
0.306880	-1.230700
0.306960	-1.218500
0.307040	-1.243000
0.307120	-1.206300
0.307200	-1.230700
0.307280	-1.206300
0.307360	-1.206300
0.307440	-1.218500
0.307520	-1.194000
0.307600	-1.169600
0.307680	-1.157400
0.307760	-1.181800
0.307840	-1.157400
0.307920	-1.169600
0.308000	-1.157400
0.308080	-1.157400
0.308160	-1.145100
0.308240	-1.145100
0.308320	-1.145100
0.308400	-1.145100
0.308480	-1.120700
0.308560	-1.132900
0.308640	-1.157400
0.308720	-1.132900
0.308800	-1.157400
0.308880	-1.132900
0.308960	-1.084000
0.309040	-1.108500
0.309120	-1.108500
0.309200	-1.108500
0.309280	-1.120700
0.309360	-1.096200
0.309440	-1.071800
0.309520	-1.084000
0.309600	-1.084000
0.309680	-1.084000
0.309760	-1.096200
0.309840	-1.096200
0.309920	-1.071800
