-0.020080	-0.002198
-0.020000	-0.002198
-0.019920	-0.014449
-0.019840	0.010054
-0.019760	-0.014449
-0.019680	0.010054
-0.019600	0.034559
-0.019520	-0.002198
-0.019440	0.022307
-0.019360	-0.002198
-0.019280	0.010054
-0.019200	-0.002198
-0.019120	-0.002198
-0.019040	-0.002198
-0.018960	0.010054
-0.018880	-0.002198
-0.018800	-0.002198
-0.018720	-0.002198
-0.018640	-0.002198
-0.018560	-0.002198
-0.018480	-0.002198
-0.018400	0.010054
-0.018320	0.010054
-0.018240	-0.014449
-0.018160	-0.014449
-0.018080	-0.014449
-0.018000	-0.002198
-0.017920	-0.014449
-0.017840	-0.014449
-0.017760	-0.014449
-0.017680	-0.014449
-0.017600	-0.002198
-0.017520	-0.014449
-0.017440	-0.014449
-0.017360	-0.014449
-0.017280	-0.014449
-0.017200	-0.014449
-0.017120	0.022307
-0.017040	-0.014449
-0.016960	-0.014449
-0.016880	-0.014449
-0.016800	-0.014449
-0.016720	-0.002198
-0.016640	0.010054
-0.016560	0.010054
-0.016480	0.010054
-0.016400	0.010054
-0.016320	0.010054
-0.016240	-0.026702
-0.016160	-0.002198
-0.016080	0.010054
-0.016000	-0.038954
-0.015920	0.022307
-0.015840	-0.002198
-0.015760	0.022307
-0.015680	0.046811
-0.015600	0.034559
-0.015520	0.022307
-0.015440	0.010054
-0.015360	0.022307
-0.015280	0.010054
-0.015200	0.022307
-0.015120	0.010054
-0.015040	0.022307
-0.014960	-0.002198
-0.014880	0.010054
-0.014800	-0.002198
-0.014720	0.034559
-0.014640	0.010054
-0.014560	0.010054
-0.014480	-0.002198
-0.014400	0.010054
-0.014320	0.010054
-0.014240	0.010054
-0.014160	0.010054
-0.014080	0.010054
-0.014000	0.010054
-0.013920	0.022307
-0.013840	0.034559
-0.013760	0.022307
-0.013680	0.022307
-0.013600	0.022307
-0.013520	0.034559
-0.013440	0.010054
-0.013360	-0.002198
-0.013280	0.022307
-0.013200	0.010054
-0.013120	0.010054
-0.013040	0.010054
-0.012960	0.022307
-0.012880	0.034559
-0.012800	0.022307
-0.012720	0.022307
-0.012640	0.034559
-0.012560	0.010054
-0.012480	0.034559
-0.012400	0.034559
-0.012320	0.034559
-0.012240	0.022307
-0.012160	-0.002198
-0.012080	-0.014449
-0.012000	-0.002198
-0.011920	-0.014449
-0.011840	0.010054
-0.011760	0.010054
-0.011680	-0.002198
-0.011600	0.022307
-0.011520	0.022307
-0.011440	-0.002198
-0.011360	-0.002198
-0.011280	0.010054
-0.011200	0.010054
-0.011120	0.022307
-0.011040	0.022307
-0.010960	0.010054
-0.010880	-0.002198
-0.010800	-0.014449
-0.010720	-0.014449
-0.010640	-0.002198
-0.010560	-0.014449
-0.010480	-0.014449
-0.010400	-0.002198
-0.010320	-0.014449
-0.010240	-0.014449
-0.010160	0.010054
-0.010080	0.010054
-0.010000	0.010054
-0.009920	0.022307
-0.009840	-0.002198
-0.009760	0.022307
-0.009680	0.010054
-0.009600	0.022307
-0.009520	0.022307
-0.009440	0.022307
-0.009360	0.034559
-0.009280	0.034559
-0.009200	0.046811
-0.009120	0.059062
-0.009040	0.059062
-0.008960	0.022307
-0.008880	0.034559
-0.008800	0.034559
-0.008720	0.022307
-0.008640	0.046811
-0.008560	0.022307
-0.008480	0.034559
-0.008400	0.010054
-0.008320	0.034559
-0.008240	0.034559
-0.008160	0.010054
-0.008080	0.022307
-0.008000	0.010054
-0.007920	0.022307
-0.007840	0.034559
-0.007760	0.022307
-0.007680	0.046811
-0.007600	0.034559
-0.007520	0.022307
-0.007440	0.022307
-0.007360	0.034559
-0.007280	0.034559
-0.007200	0.046811
-0.007120	0.022307
-0.007040	0.022307
-0.006960	0.022307
-0.006880	-0.002198
-0.006800	-0.002198
-0.006720	-0.002198
-0.006640	-0.014449
-0.006560	-0.014449
-0.006480	-0.002198
-0.006400	-0.026702
-0.006320	-0.026702
-0.006240	-0.002198
-0.006160	-0.014449
-0.006080	-0.014449
-0.006000	-0.014449
-0.005920	-0.014449
-0.005840	-0.002198
-0.005760	-0.014449
-0.005680	-0.002198
-0.005600	-0.002198
-0.005520	0.010054
-0.005440	-0.002198
-0.005360	0.022307
-0.005280	0.010054
-0.005200	-0.002198
-0.005120	-0.014449
-0.005040	0.022307
-0.004960	0.022307
-0.004880	-0.002198
-0.004800	0.010054
-0.004720	-0.002198
-0.004640	-0.026702
-0.004560	-0.026702
-0.004480	-0.038954
-0.004400	-0.038954
-0.004320	-0.002198
-0.004240	-0.014449
-0.004160	-0.014449
-0.004080	-0.051206
-0.004000	-0.075709
-0.003920	-0.051206
-0.003840	-0.026702
-0.003760	-0.014449
-0.003680	-0.014449
-0.003600	0.010054
-0.003520	0.010054
-0.003440	-0.014449
-0.003360	-0.014449
-0.003280	-0.014449
-0.003200	-0.026702
-0.003120	-0.014449
-0.003040	-0.014449
-0.002960	-0.026702
-0.002880	-0.002198
-0.002800	-0.002198
-0.002720	-0.002198
-0.002640	-0.002198
-0.002560	-0.002198
-0.002480	-0.014449
-0.002400	-0.002198
-0.002320	-0.002198
-0.002240	-0.002198
-0.002160	-0.014449
-0.002080	-0.014449
-0.002000	-0.014449
-0.001920	-0.014449
-0.001840	-0.026702
-0.001760	-0.026702
-0.001680	-0.014449
-0.001600	-0.002198
-0.001520	-0.002198
-0.001440	-0.014449
-0.001360	-0.002198
-0.001280	-0.026702
-0.001200	-0.002198
-0.001120	-0.002198
-0.001040	-0.026702
-0.000960	-0.014449
-0.000880	-0.026702
-0.000800	-0.014449
-0.000720	0.010054
-0.000640	-0.002198
-0.000560	0.022307
-0.000480	0.010054
-0.000400	-0.002198
-0.000320	-0.038954
-0.000240	-0.002198
-0.000160	-0.014449
-0.000080	-0.002198
0.000000	0.022307
0.000080	0.022307
0.000160	0.022307
0.000240	-0.051206
0.000320	-0.002198
0.000400	-0.002198
0.000480	0.010054
0.000560	-0.026702
0.000640	-0.014449
0.000720	-0.002198
0.000800	-0.002198
0.000880	-0.026702
0.000960	-0.002198
0.001040	-0.026702
0.001120	-0.002198
0.001200	-0.014449
0.001280	-0.014449
0.001360	-0.014449
0.001440	-0.014449
0.001520	-0.014449
0.001600	-0.002198
0.001680	0.010054
0.001760	-0.002198
0.001840	-0.002198
0.001920	-0.002198
0.002000	-0.002198
0.002080	-0.002198
0.002160	0.010054
0.002240	0.010054
0.002320	-0.014449
0.002400	-0.014449
0.002480	-0.002198
0.002560	-0.002198
0.002640	-0.002198
0.002720	0.022307
0.002800	0.022307
0.002880	0.010054
0.002960	0.022307
0.003040	0.010054
0.003120	0.010054
0.003200	-0.014449
0.003280	-0.014449
0.003360	0.034559
0.003440	-0.002198
0.003520	0.010054
0.003600	0.022307
0.003680	0.010054
0.003760	0.010054
0.003840	0.010054
0.003920	0.010054
0.004000	0.010054
0.004080	0.010054
0.004160	-0.014449
0.004240	-0.014449
0.004320	-0.014449
0.004400	-0.002198
0.004480	-0.014449
0.004560	-0.002198
0.004640	-0.026702
0.004720	-0.002198
0.004800	-0.026702
0.004880	-0.002198
0.004960	-0.014449
0.005040	-0.014449
0.005120	-0.002198
0.005200	-0.014449
0.005280	-0.002198
0.005360	-0.014449
0.005440	-0.002198
0.005520	-0.014449
0.005600	-0.002198
0.005680	-0.026702
0.005760	-0.014449
0.005840	-0.014449
0.005920	-0.002198
0.006000	-0.002198
0.006080	-0.014449
0.006160	-0.014449
0.006240	-0.002198
0.006320	-0.014449
0.006400	-0.002198
0.006480	-0.002198
0.006560	0.010054
0.006640	-0.002198
0.006720	0.010054
0.006800	-0.014449
0.006880	-0.002198
0.006960	-0.014449
0.007040	-0.002198
0.007120	-0.002198
0.007200	-0.026702
0.007280	-0.026702
0.007360	-0.026702
0.007440	-0.014449
0.007520	0.010054
0.007600	0.034559
0.007680	0.010054
0.007760	0.022307
0.007840	-0.026702
0.007920	-0.038954
0.008000	-0.038954
0.008080	-0.026702
0.008160	-0.026702
0.008240	-0.038954
0.008320	-0.014449
0.008400	-0.038954
0.008480	-0.026702
0.008560	-0.026702
0.008640	-0.063457
0.008720	-0.075709
0.008800	-0.051206
0.008880	-0.051206
0.008960	-0.038954
0.009040	-0.026702
0.009120	-0.026702
0.009200	-0.026702
0.009280	-0.026702
0.009360	-0.014449
0.009440	-0.014449
0.009520	-0.051206
0.009600	-0.038954
0.009680	-0.026702
0.009760	-0.051206
0.009840	-0.038954
0.009920	-0.026702
0.010000	-0.038954
0.010080	-0.051206
0.010160	-0.051206
0.010240	-0.075709
0.010320	-0.100210
0.010400	-0.075709
0.010480	-0.051206
0.010560	-0.026702
0.010640	-0.002198
0.010720	-0.014449
0.010800	-0.014449
0.010880	-0.051206
0.010960	-0.014449
0.011040	-0.014449
0.011120	-0.026702
0.011200	0.010054
0.011280	-0.014449
0.011360	-0.026702
0.011440	-0.014449
0.011520	-0.026702
0.011600	-0.026702
0.011680	-0.026702
0.011760	-0.038954
0.011840	-0.063457
0.011920	-0.051206
0.012000	-0.026702
0.012080	-0.002198
0.012160	0.010054
0.012240	-0.026702
0.012320	-0.026702
0.012400	-0.051206
0.012480	-0.051206
0.012560	-0.038954
0.012640	-0.026702
0.012720	-0.026702
0.012800	-0.026702
0.012880	-0.014449
0.012960	-0.002198
0.013040	-0.014449
0.013120	-0.002198
0.013200	0.022307
0.013280	0.022307
0.013360	0.059062
0.013440	0.046811
0.013520	0.071314
0.013600	0.083567
0.013680	0.108070
0.013760	0.108070
0.013840	0.083567
0.013920	0.120320
0.014000	0.071314
0.014080	-0.002198
0.014160	-0.063457
0.014240	-0.100210
0.014320	-0.149220
0.014400	-0.161470
0.014480	-0.173730
0.014560	-0.198230
0.014640	-0.222730
0.014720	-0.271740
0.014800	-0.308500
0.014880	-0.308500
0.014960	-0.345250
0.015040	-0.369760
0.015120	-0.406510
0.015200	-0.406510
0.015280	-0.406510
0.015360	-0.431020
0.015440	-0.467770
0.015520	-0.541290
0.015600	-0.590290
0.015680	-0.602550
0.015760	-0.639300
0.015840	-0.639300
0.015920	-0.688310
0.016000	-0.712810
0.016080	-0.749570
0.016160	-0.810830
0.016240	-0.859840
0.016320	-0.896590
0.016400	-0.908850
0.016480	-0.957850
0.016560	-0.970100
0.016640	-0.957850
0.016720	-0.982360
0.016800	-1.031400
0.016880	-1.043600
0.016960	-1.043600
0.017040	-1.080400
0.017120	-1.031400
0.017200	-0.994610
0.017280	-0.970100
0.017360	-0.945600
0.017440	-0.921100
0.017520	-0.908850
0.017600	-0.908850
0.017680	-0.896590
0.017760	-0.847590
0.017840	-0.798580
0.017920	-0.761820
0.018000	-0.737320
0.018080	-0.688310
0.018160	-0.651550
0.018240	-0.614800
0.018320	-0.541290
0.018400	-0.467770
0.018480	-0.431020
0.018560	-0.394260
0.018640	-0.345250
0.018720	-0.296250
0.018800	-0.259490
0.018880	-0.222730
0.018960	-0.185980
0.019040	-0.136970
0.019120	-0.124720
0.019200	-0.100210
0.019280	-0.112470
0.019360	-0.087962
0.019440	-0.075709
0.019520	-0.038954
0.019600	-0.026702
0.019680	0.010054
0.019760	0.010054
0.019840	0.059062
0.019920	0.059062
0.020000	0.071314
0.020080	0.095818
0.020160	0.083567
0.020240	0.095818
0.020320	0.144830
0.020400	0.144830
0.020480	0.181580
0.020560	0.193830
0.020640	0.242840
0.020720	0.304100
0.020800	0.340860
0.020880	0.377610
0.020960	0.451130
0.021040	0.463380
0.021120	0.475630
0.021200	0.512390
0.021280	0.512390
0.021360	0.512390
0.021440	0.500130
0.021520	0.487880
0.021600	0.463380
0.021680	0.438870
0.021760	0.414370
0.021840	0.389870
0.021920	0.377610
0.022000	0.304100
0.022080	0.291850
0.022160	0.279600
0.022240	0.267350
0.022320	0.316350
0.022400	0.316350
0.022480	0.316350
0.022560	0.279600
0.022640	0.304100
0.022720	0.242840
0.022800	0.230590
0.022880	0.181580
0.022960	0.157080
0.023040	0.108070
0.023120	0.071314
0.023200	0.046811
0.023280	0.022307
0.023360	0.010054
0.023440	0.010054
0.023520	0.010054
0.023600	0.022307
0.023680	0.034559
0.023760	0.022307
0.023840	-0.002198
0.023920	-0.014449
0.024000	-0.014449
0.024080	-0.063457
0.024160	-0.087962
0.024240	-0.100210
0.024320	-0.100210
0.024400	-0.136970
0.024480	-0.173730
0.024560	-0.198230
0.024640	-0.210480
0.024720	-0.259490
0.024800	-0.283990
0.024880	-0.296250
0.024960	-0.345250
0.025040	-0.357510
0.025120	-0.406510
0.025200	-0.431020
0.025280	-0.431020
0.025360	-0.431020
0.025440	-0.443270
0.025520	-0.480030
0.025600	-0.504530
0.025680	-0.565790
0.025760	-0.590290
0.025840	-0.639300
0.025920	-0.651550
0.026000	-0.663810
0.026080	-0.700560
0.026160	-0.725070
0.026240	-0.774070
0.026320	-0.810830
0.026400	-0.835330
0.026480	-0.859840
0.026560	-0.872090
0.026640	-0.872090
0.026720	-0.872090
0.026800	-0.896590
0.026880	-0.896590
0.026960	-0.859840
0.027040	-0.847590
0.027120	-0.810830
0.027200	-0.774070
0.027280	-0.749570
0.027360	-0.774070
0.027440	-0.749570
0.027520	-0.786330
0.027600	-0.774070
0.027680	-0.798580
0.027760	-0.798580
0.027840	-0.786330
0.027920	-0.786330
0.028000	-0.774070
0.028080	-0.749570
0.028160	-0.749570
0.028240	-0.761820
0.028320	-0.737320
0.028400	-0.737320
0.028480	-0.688310
0.028560	-0.676060
0.028640	-0.651550
0.028720	-0.639300
0.028800	-0.602550
0.028880	-0.614800
0.028960	-0.614800
0.029040	-0.639300
0.029120	-0.602550
0.029200	-0.639300
0.029280	-0.602550
0.029360	-0.614800
0.029440	-0.627050
0.029520	-0.627050
0.029600	-0.627050
0.029680	-0.639300
0.029760	-0.639300
0.029840	-0.651550
0.029920	-0.627050
0.030000	-0.590290
0.030080	-0.590290
0.030160	-0.565790
0.030240	-0.553540
0.030320	-0.516780
0.030400	-0.504530
0.030480	-0.492280
0.030560	-0.480030
0.030640	-0.455520
0.030720	-0.480030
0.030800	-0.455520
0.030880	-0.455520
0.030960	-0.467770
0.031040	-0.480030
0.031120	-0.443270
0.031200	-0.443270
0.031280	-0.418770
0.031360	-0.418770
0.031440	-0.418770
0.031520	-0.406510
0.031600	-0.406510
0.031680	-0.382010
0.031760	-0.382010
0.031840	-0.345250
0.031920	-0.320750
0.032000	-0.296250
0.032080	-0.259490
0.032160	-0.234990
0.032240	-0.222730
0.032320	-0.234990
0.032400	-0.234990
0.032480	-0.234990
0.032560	-0.222730
0.032640	-0.210480
0.032720	-0.210480
0.032800	-0.185980
0.032880	-0.173730
0.032960	-0.149220
0.033040	-0.136970
0.033120	-0.112470
0.033200	-0.100210
0.033280	-0.051206
0.033360	-0.051206
0.033440	-0.026702
0.033520	-0.014449
0.033600	0.022307
0.033680	0.034559
0.033760	0.034559
0.033840	0.059062
0.033920	0.059062
0.034000	0.071314
0.034080	0.071314
0.034160	0.059062
0.034240	0.059062
0.034320	0.046811
0.034400	0.022307
0.034480	0.022307
0.034560	0.034559
0.034640	0.046811
0.034720	0.046811
0.034800	0.059062
0.034880	0.046811
0.034960	0.046811
0.035040	0.046811
0.035120	0.059062
0.035200	0.071314
0.035280	0.083567
0.035360	0.083567
0.035440	0.108070
0.035520	0.095818
0.035600	0.071314
0.035680	0.046811
0.035760	0.046811
0.035840	0.022307
0.035920	0.046811
0.036000	0.059062
0.036080	0.046811
0.036160	0.034559
0.036240	0.010054
0.036320	0.022307
0.036400	0.046811
0.036480	0.034559
0.036560	0.071314
0.036640	0.059062
0.036720	0.059062
0.036800	0.046811
0.036880	0.046811
0.036960	0.046811
0.037040	0.022307
0.037120	0.034559
0.037200	0.034559
0.037280	0.022307
0.037360	0.034559
0.037440	-0.014449
0.037520	-0.014449
0.037600	-0.014449
0.037680	-0.014449
0.037760	-0.026702
0.037840	-0.014449
0.037920	-0.014449
0.038000	0.010054
0.038080	0.022307
0.038160	-0.002198
0.038240	0.010054
0.038320	0.010054
0.038400	0.022307
0.038480	0.046811
0.038560	0.034559
0.038640	0.034559
0.038720	0.010054
0.038800	-0.038954
0.038880	-0.051206
0.038960	-0.038954
0.039040	-0.051206
0.039120	-0.087962
0.039200	-0.100210
0.039280	-0.112470
0.039360	-0.112470
0.039440	-0.124720
0.039520	-0.136970
0.039600	-0.149220
0.039680	-0.161470
0.039760	-0.185980
0.039840	-0.173730
0.039920	-0.185980
0.040000	-0.161470
0.040080	-0.161470
0.040160	-0.185980
0.040240	-0.173730
0.040320	-0.149220
0.040400	-0.161470
0.040480	-0.161470
0.040560	-0.173730
0.040640	-0.185980
0.040720	-0.185980
0.040800	-0.198230
0.040880	-0.210480
0.040960	-0.198230
0.041040	-0.210480
0.041120	-0.222730
0.041200	-0.210480
0.041280	-0.210480
0.041360	-0.222730
0.041440	-0.210480
0.041520	-0.210480
0.041600	-0.210480
0.041680	-0.210480
0.041760	-0.247240
0.041840	-0.247240
0.041920	-0.271740
0.042000	-0.296250
0.042080	-0.296250
0.042160	-0.283990
0.042240	-0.296250
0.042320	-0.296250
0.042400	-0.333000
0.042480	-0.345250
0.042560	-0.345250
0.042640	-0.357510
0.042720	-0.357510
0.042800	-0.394260
0.042880	-0.406510
0.042960	-0.431020
0.043040	-0.431020
0.043120	-0.418770
0.043200	-0.443270
0.043280	-0.480030
0.043360	-0.492280
0.043440	-0.516780
0.043520	-0.529030
0.043600	-0.541290
0.043680	-0.541290
0.043760	-0.565790
0.043840	-0.565790
0.043920	-0.590290
0.044000	-0.602550
0.044080	-0.614800
0.044160	-0.614800
0.044240	-0.639300
0.044320	-0.627050
0.044400	-0.639300
0.044480	-0.639300
0.044560	-0.676060
0.044640	-0.663810
0.044720	-0.651550
0.044800	-0.663810
0.044880	-0.663810
0.044960	-0.700560
0.045040	-0.700560
0.045120	-0.725070
0.045200	-0.737320
0.045280	-0.749570
0.045360	-0.761820
0.045440	-0.786330
0.045520	-0.774070
0.045600	-0.749570
0.045680	-0.774070
0.045760	-0.761820
0.045840	-0.749570
0.045920	-0.749570
0.046000	-0.749570
0.046080	-0.761820
0.046160	-0.749570
0.046240	-0.774070
0.046320	-0.749570
0.046400	-0.749570
0.046480	-0.737320
0.046560	-0.725070
0.046640	-0.749570
0.046720	-0.725070
0.046800	-0.774070
0.046880	-0.761820
0.046960	-0.774070
0.047040	-0.774070
0.047120	-0.737320
0.047200	-0.761820
0.047280	-0.761820
0.047360	-0.761820
0.047440	-0.774070
0.047520	-0.761820
0.047600	-0.786330
0.047680	-0.774070
0.047760	-0.810830
0.047840	-0.798580
0.047920	-0.810830
0.048000	-0.798580
0.048080	-0.823080
0.048160	-0.810830
0.048240	-0.823080
0.048320	-0.823080
0.048400	-0.810830
0.048480	-0.810830
0.048560	-0.798580
0.048640	-0.823080
0.048720	-0.835330
0.048800	-0.859840
0.048880	-0.859840
0.048960	-0.872090
0.049040	-0.896590
0.049120	-0.896590
0.049200	-0.896590
0.049280	-0.921100
0.049360	-0.921100
0.049440	-0.945600
0.049520	-0.970100
0.049600	-0.982360
0.049680	-0.994610
0.049760	-1.019100
0.049840	-0.982360
0.049920	-0.994610
0.050000	-0.994610
0.050080	-1.006900
0.050160	-1.031400
0.050240	-0.994610
0.050320	-1.031400
0.050400	-1.031400
0.050480	-1.104900
0.050560	-1.055900
0.050640	-1.080400
0.050720	-1.104900
0.050800	-1.080400
0.050880	-1.080400
0.050960	-1.080400
0.051040	-1.080400
0.051120	-1.104900
0.051200	-1.141600
0.051280	-1.153900
0.051360	-1.153900
0.051440	-1.166100
0.051520	-1.153900
0.051600	-1.153900
0.051680	-1.153900
0.051760	-1.153900
0.051840	-1.129400
0.051920	-1.141600
0.052000	-1.129400
0.052080	-1.129400
0.052160	-1.141600
0.052240	-1.166100
0.052320	-1.178400
0.052400	-1.153900
0.052480	-1.166100
0.052560	-1.153900
0.052640	-1.141600
0.052720	-1.178400
0.052800	-1.166100
0.052880	-1.190600
0.052960	-1.166100
0.053040	-1.178400
0.053120	-1.190600
0.053200	-1.178400
0.053280	-1.166100
0.053360	-1.153900
0.053440	-1.153900
0.053520	-1.166100
0.053600	-1.178400
0.053680	-1.166100
0.053760	-1.178400
0.053840	-1.178400
0.053920	-1.178400
0.054000	-1.178400
0.054080	-1.166100
0.054160	-1.202900
0.054240	-1.239700
0.054320	-1.239700
0.054400	-1.227400
0.054480	-1.215100
0.054560	-1.215100
0.054640	-1.227400
0.054720	-1.251900
0.054800	-1.276400
0.054880	-1.288700
0.054960	-1.288700
0.055040	-1.300900
0.055120	-1.313200
0.055200	-1.300900
0.055280	-1.313200
0.055360	-1.325400
0.055440	-1.337700
0.055520	-1.362200
0.055600	-1.362200
0.055680	-1.349900
0.055760	-1.374400
0.055840	-1.386700
0.055920	-1.423400
0.056000	-1.423400
0.056080	-1.447900
0.056160	-1.472400
0.056240	-1.435700
0.056320	-1.447900
0.056400	-1.472400
0.056480	-1.496900
0.056560	-1.521500
0.056640	-1.521500
0.056720	-1.533700
0.056800	-1.533700
0.056880	-1.521500
0.056960	-1.546000
0.057040	-1.558200
0.057120	-1.595000
0.057200	-1.607200
0.057280	-1.582700
0.057360	-1.582700
0.057440	-1.570400
0.057520	-1.570400
0.057600	-1.582700
0.057680	-1.607200
0.057760	-1.607200
0.057840	-1.607200
0.057920	-1.619500
0.058000	-1.619500
0.058080	-1.619500
0.058160	-1.607200
0.058240	-1.558200
0.058320	-1.472400
0.058400	-1.411200
0.058480	-1.447900
0.058560	-1.509200
0.058640	-1.546000
0.058720	-1.546000
0.058800	-1.582700
0.058880	-1.570400
0.058960	-1.533700
0.059040	-1.533700
0.059120	-1.558200
0.059200	-1.496900
0.059280	-1.509200
0.059360	-1.521500
0.059440	-1.521500
0.059520	-1.533700
0.059600	-1.509200
0.059680	-1.484700
0.059760	-1.447900
0.059840	-1.447900
0.059920	-1.496900
0.060000	-1.570400
0.060080	-1.570400
0.060160	-1.558200
0.060240	-1.558200
0.060320	-1.546000
0.060400	-1.546000
0.060480	-1.582700
0.060560	-1.619500
0.060640	-1.595000
0.060720	-1.570400
0.060800	-1.595000
0.060880	-1.607200
0.060960	-1.607200
0.061040	-1.619500
0.061120	-1.644000
0.061200	-1.656200
0.061280	-1.644000
0.061360	-1.644000
0.061440	-1.631700
0.061520	-1.644000
0.061600	-1.668500
0.061680	-1.693000
0.061760	-1.680700
0.061840	-1.693000
0.061920	-1.705200
0.062000	-1.717500
0.062080	-1.742000
0.062160	-1.766500
0.062240	-1.791000
0.062320	-1.791000
0.062400	-1.791000
0.062480	-1.778700
0.062560	-1.791000
0.062640	-1.791000
0.062720	-1.815500
0.062800	-1.852200
0.062880	-1.889000
0.062960	-1.876700
0.063040	-1.889000
0.063120	-1.938000
0.063200	-1.974800
0.063280	-1.999300
0.063360	-2.023800
0.063440	-1.974800
0.063520	-1.901300
0.063600	-1.803200
0.063680	-1.778700
0.063760	-1.778700
0.063840	-1.815500
0.063920	-1.827700
0.064000	-1.864500
0.064080	-1.876700
0.064160	-1.962500
0.064240	-1.974800
0.064320	-2.085000
0.064400	-2.170800
0.064480	-2.268800
0.064560	-2.330100
0.064640	-2.366800
0.064720	-2.403600
0.064800	-2.452600
0.064880	-2.464800
0.064960	-2.501600
0.065040	-2.477100
0.065120	-2.477100
0.065200	-2.501600
0.065280	-2.513900
0.065360	-2.526100
0.065440	-2.575100
0.065520	-2.599600
0.065600	-2.648600
0.065680	-2.636400
0.065760	-2.660900
0.065840	-2.673100
0.065920	-2.685400
0.066000	-2.685400
0.066080	-2.746600
0.066160	-2.758900
0.066240	-2.807900
0.066320	-2.807900
0.066400	-2.807900
0.066480	-2.807900
0.066560	-2.795700
0.066640	-2.783400
0.066720	-2.795700
0.066800	-2.771200
0.066880	-2.771200
0.066960	-2.685400
0.067040	-2.611900
0.067120	-2.599600
0.067200	-2.624100
0.067280	-2.722100
0.067360	-2.783400
0.067440	-2.893700
0.067520	-2.967200
0.067600	-2.991700
0.067680	-3.028400
0.067760	-3.077500
0.067840	-3.163200
0.067920	-3.298000
0.068000	-3.359300
0.068080	-3.420500
0.068160	-3.396000
0.068240	-3.310200
0.068320	-3.175500
0.068400	-3.028400
0.068480	-2.918200
0.068560	-2.881400
0.068640	-2.832400
0.068720	-2.771200
0.068800	-2.685400
0.068880	-2.611900
0.068960	-2.587400
0.069040	-2.550600
0.069120	-2.587400
0.069200	-2.624100
0.069280	-2.685400
0.069360	-2.722100
0.069440	-2.758900
0.069520	-2.820200
0.069600	-2.832400
0.069680	-2.869200
0.069760	-2.918200
0.069840	-2.942700
0.069920	-2.967200
0.070000	-2.991700
0.070080	-2.991700
0.070160	-2.967200
0.070240	-2.979400
0.070320	-2.991700
0.070400	-2.979400
0.070480	-2.942700
0.070560	-2.905900
0.070640	-2.844700
0.070720	-2.758900
0.070800	-2.722100
0.070880	-2.648600
0.070960	-2.599600
0.071040	-2.526100
0.071120	-2.489400
0.071200	-2.379100
0.071280	-2.342300
0.071360	-2.268800
0.071440	-2.207600
0.071520	-2.158600
0.071600	-2.134000
0.071680	-2.085000
0.071760	-2.036000
0.071840	-2.048300
0.071920	-2.023800
0.072000	-2.036000
0.072080	-2.011500
0.072160	-1.999300
0.072240	-1.950300
0.072320	-1.962500
0.072400	-1.962500
0.072480	-1.950300
0.072560	-1.950300
0.072640	-1.938000
0.072720	-1.938000
0.072800	-1.925800
0.072880	-1.913500
0.072960	-1.901300
0.073040	-1.876700
0.073120	-1.889000
0.073200	-1.852200
0.073280	-1.840000
0.073360	-1.791000
0.073440	-1.778700
0.073520	-1.729700
0.073600	-1.754200
0.073680	-1.766500
0.073760	-1.754200
0.073840	-1.742000
0.073920	-1.729700
0.074000	-1.693000
0.074080	-1.656200
0.074160	-1.595000
0.074240	-1.558200
0.074320	-1.521500
0.074400	-1.484700
0.074480	-1.447900
0.074560	-1.423400
0.074640	-1.398900
0.074720	-1.398900
0.074800	-1.374400
0.074880	-1.325400
0.074960	-1.313200
0.075040	-1.325400
0.075120	-1.374400
0.075200	-1.386700
0.075280	-1.337700
0.075360	-1.227400
0.075440	-1.104900
0.075520	-1.129400
0.075600	-1.215100
0.075680	-1.202900
0.075760	-1.129400
0.075840	-1.055900
0.075920	-0.982360
0.076000	-0.994610
0.076080	-1.006900
0.076160	-0.982360
0.076240	-0.945600
0.076320	-0.908850
0.076400	-0.859840
0.076480	-0.823080
0.076560	-0.786330
0.076640	-0.786330
0.076720	-0.786330
0.076800	-0.749570
0.076880	-0.688310
0.076960	-0.614800
0.077040	-0.602550
0.077120	-0.578040
0.077200	-0.553540
0.077280	-0.541290
0.077360	-0.492280
0.077440	-0.467770
0.077520	-0.418770
0.077600	-0.406510
0.077680	-0.382010
0.077760	-0.345250
0.077840	-0.333000
0.077920	-0.296250
0.078000	-0.222730
0.078080	-0.198230
0.078160	-0.161470
0.078240	-0.149220
0.078320	-0.087962
0.078400	0.010054
0.078480	0.120320
0.078560	0.144830
0.078640	0.034559
0.078720	-0.087962
0.078800	-0.149220
0.078880	-0.038954
0.078960	0.120320
0.079040	0.230590
0.079120	0.242840
0.079200	0.059062
0.079280	-0.283990
0.079360	-0.590290
0.079440	-0.676060
0.079520	-0.565790
0.079600	-0.418770
0.079680	-0.296250
0.079760	-0.222730
0.079840	-0.185980
0.079920	-0.247240
0.080000	-0.222730
0.080080	-0.185980
0.080160	-0.075709
0.080240	-0.026702
0.080320	-0.002198
0.080400	0.010054
0.080480	0.022307
0.080560	0.022307
0.080640	0.034559
0.080720	0.083567
0.080800	0.132570
0.080880	0.181580
0.080960	0.255090
0.081040	0.340860
0.081120	0.426620
0.081200	0.512390
0.081280	0.573650
0.081360	0.671660
0.081440	0.757430
0.081520	0.867690
0.081600	0.953460
0.081680	1.014700
0.081760	1.063700
0.081840	1.076000
0.081920	1.112700
0.082000	1.137200
0.082080	1.186200
0.082160	1.210700
0.082240	1.247500
0.082320	1.284300
0.082400	1.296500
0.082480	1.345500
0.082560	1.357800
0.082640	1.382300
0.082720	1.443500
0.082800	1.492600
0.082880	1.566100
0.082960	1.627300
0.083040	1.688600
0.083120	1.688600
0.083200	1.725300
0.083280	1.786600
0.083360	1.823300
0.083440	1.896900
0.083520	1.835600
0.083600	1.884600
0.083680	1.847800
0.083760	1.798900
0.083840	1.823300
0.083920	1.860100
0.084000	1.958100
0.084080	2.068400
0.084160	2.178700
0.084240	2.288900
0.084320	2.313400
0.084400	2.350200
0.084480	2.436000
0.084560	2.509500
0.084640	2.558500
0.084720	2.619700
0.084800	2.705500
0.084880	2.791300
0.084960	2.852500
0.085040	2.901500
0.085120	2.975000
0.085200	3.011800
0.085280	3.073100
0.085360	3.134300
0.085440	3.195600
0.085520	3.256800
0.085600	3.305800
0.085680	3.354900
0.085760	3.367100
0.085840	3.452900
0.085920	3.514100
0.086000	3.550900
0.086080	3.550900
0.086160	3.538600
0.086240	3.575400
0.086320	3.636700
0.086400	3.710200
0.086480	3.771400
0.086560	3.832700
0.086640	3.893900
0.086720	3.930700
0.086800	4.016500
0.086880	4.077700
0.086960	4.102200
0.087040	4.163500
0.087120	4.200200
0.087200	4.286000
0.087280	4.335000
0.087360	4.420800
0.087440	4.482000
0.087520	4.518800
0.087600	4.555600
0.087680	4.629100
0.087760	4.678100
0.087840	4.751600
0.087920	4.776100
0.088000	4.837300
0.088080	4.886400
0.088160	4.959900
0.088240	5.008900
0.088320	5.082400
0.088400	5.131400
0.088480	5.192600
0.088560	5.217200
0.088640	5.278400
0.088720	5.327400
0.088800	5.400900
0.088880	5.474500
0.088960	5.560200
0.089040	5.609200
0.089120	5.658200
0.089200	5.695000
0.089280	5.768500
0.089360	5.805300
0.089440	5.854300
0.089520	5.866500
0.089600	5.903300
0.089680	5.976800
0.089760	6.013500
0.089840	6.074800
0.089920	6.148300
0.090000	6.221800
0.090080	6.270800
0.090160	6.295300
0.090240	6.344300
0.090320	6.442300
0.090400	6.515900
0.090480	6.601600
0.090560	6.699600
0.090640	6.748700
0.090720	6.822200
0.090800	6.883400
0.090880	6.969200
0.090960	7.042700
0.091040	7.116200
0.091120	7.202000
0.091200	7.251000
0.091280	7.361200
0.091360	7.447000
0.091440	7.557300
0.091520	7.618500
0.091600	7.704300
0.091680	7.777800
0.091760	7.814600
0.091840	7.863600
0.091920	7.986100
0.092000	8.120900
0.092080	8.145400
0.092160	8.035100
0.092240	7.912600
0.092320	7.875800
0.092400	7.826800
0.092480	7.888100
0.092560	8.022900
0.092640	8.133100
0.092720	8.108600
0.092800	8.133100
0.092880	8.231100
0.092960	8.378200
0.093040	8.500700
0.093120	8.598700
0.093200	8.709000
0.093280	8.770200
0.093360	8.807000
0.093440	8.880500
0.093520	8.978500
0.093600	9.027500
0.093680	9.125500
0.093760	9.162300
0.093840	9.211300
0.093920	9.297100
0.094000	9.395100
0.094080	9.468600
0.094160	9.517600
0.094240	9.603400
0.094320	9.676900
0.094400	9.750400
0.094480	9.848400
0.094560	9.909700
0.094640	9.983200
0.094720	10.032000
0.094800	10.081000
0.094880	10.118000
0.094960	10.142000
0.095040	10.179000
0.095120	10.216000
0.095200	10.228000
0.095280	10.302000
0.095360	10.339000
0.095440	10.375000
0.095520	10.412000
0.095600	10.436000
0.095680	10.461000
0.095760	10.510000
0.095840	10.522000
0.095920	10.583000
0.096000	10.608000
0.096080	10.657000
0.096160	10.718000
0.096240	10.743000
0.096320	10.767000
0.096400	10.804000
0.096480	10.841000
0.096560	10.878000
0.096640	10.902000
0.096720	10.951000
0.096800	10.988000
0.096880	11.037000
0.096960	11.098000
0.097040	11.147000
0.097120	11.208000
0.097200	11.282000
0.097280	11.355000
0.097360	11.429000
0.097440	11.502000
0.097520	11.613000
0.097600	11.674000
0.097680	11.772000
0.097760	11.833000
0.097840	11.894000
0.097920	11.956000
0.098000	12.029000
0.098080	12.090000
0.098160	12.139000
0.098240	12.225000
0.098320	12.274000
0.098400	12.348000
0.098480	12.397000
0.098560	12.483000
0.098640	12.544000
0.098720	12.605000
0.098800	12.679000
0.098880	12.740000
0.098960	12.838000
0.099040	12.899000
0.099120	12.985000
0.099200	13.058000
0.099280	13.144000
0.099360	13.218000
0.099440	13.291000
0.099520	13.389000
0.099600	13.475000
0.099680	13.597000
0.099760	13.696000
0.099840	13.794000
0.099920	13.892000
0.100000	14.002000
0.100080	14.075000
0.100160	14.149000
0.100240	14.259000
0.100320	14.369000
0.100400	14.480000
0.100480	14.590000
0.100560	14.688000
0.100640	14.798000
0.100720	14.896000
0.100800	14.994000
0.100880	15.043000
0.100960	15.129000
0.101040	15.203000
0.101120	15.350000
0.101200	15.509000
0.101280	15.656000
0.101360	15.766000
0.101440	15.876000
0.101520	15.950000
0.101600	16.048000
0.101680	16.195000
0.101760	16.367001
0.101840	16.563000
0.101920	16.746000
0.102000	16.881001
0.102080	16.966999
0.102160	17.101999
0.102240	17.236000
0.102320	17.382999
0.102400	17.530001
0.102480	17.665001
0.102560	17.788000
0.102640	17.923000
0.102720	18.045000
0.102800	18.155001
0.102880	18.302000
0.102960	18.424999
0.103040	18.559999
0.103120	18.694000
0.103200	18.854000
0.103280	19.049999
0.103360	19.172001
0.103440	19.257999
0.103520	19.306999
0.103600	19.344000
0.103680	19.552000
0.103760	19.747999
0.103840	19.981001
0.103920	20.139999
0.104000	20.275000
0.104080	20.396999
0.104160	20.580999
0.104240	20.802000
0.104320	21.035000
0.104400	21.230000
0.104480	21.414000
0.104560	21.573999
0.104640	21.721001
0.104720	21.929001
0.104800	22.174000
0.104880	22.358000
0.104960	22.542000
0.105040	22.712999
0.105120	22.885000
0.105200	23.080999
0.105280	23.264000
0.105360	23.485001
0.105440	23.643999
0.105520	23.827999
0.105600	24.011999
0.105680	24.195000
0.105760	24.427999
0.105840	24.624001
0.105920	24.868999
0.106000	25.065001
0.106080	25.261000
0.106160	25.421000
0.106240	25.629000
0.106320	25.837000
0.106400	26.033001
0.106480	26.242001
0.106560	26.438000
0.106640	26.621000
0.106720	26.792999
0.106800	26.989000
0.106880	27.184999
0.106960	27.344000
0.107040	27.540001
0.107120	27.736000
0.107200	27.882999
0.107280	28.042999
0.107360	28.177000
0.107440	28.275000
0.107520	28.337000
0.107600	28.472000
0.107680	28.618000
0.107760	28.778000
0.107840	28.913000
0.107920	29.047001
0.108000	29.194000
0.108080	29.329000
0.108160	29.476000
0.108240	29.660000
0.108320	29.806999
0.108400	29.978001
0.108480	30.138000
0.108560	30.309000
0.108640	30.469000
0.108720	30.652000
0.108800	30.750000
0.108880	30.896999
0.108960	30.983000
0.109040	31.093000
0.109120	31.228001
0.109200	31.337999
0.109280	31.497999
0.109360	31.681000
0.109440	31.853001
0.109520	31.976000
0.109600	32.012001
0.109680	32.061001
0.109760	32.146999
0.109840	32.257000
0.109920	32.391998
0.110000	32.527000
0.110080	32.612999
0.110160	32.686001
0.110240	32.771999
0.110320	32.869999
0.110400	32.956001
0.110480	33.028999
0.110560	33.103001
0.110640	33.188000
0.110720	33.262001
0.110800	33.360001
0.110880	33.470001
0.110960	33.556000
0.111040	33.641998
0.111120	33.751999
0.111200	33.813000
0.111280	33.887001
0.111360	33.997002
0.111440	34.119999
0.111520	34.217999
0.111600	34.316002
0.111680	34.425999
0.111760	34.523998
0.111840	34.695000
0.111920	34.806000
0.112000	34.928001
0.112080	35.026001
0.112160	35.137001
0.112240	35.209999
0.112320	35.307999
0.112400	35.382000
0.112480	35.492001
0.112560	35.590000
0.112640	35.700001
0.112720	35.798000
0.112800	35.872002
0.112880	35.970001
0.112960	36.055000
0.113040	36.178001
0.113120	36.250999
0.113200	36.348999
0.113280	36.423000
0.113360	36.484001
0.113440	36.557999
0.113520	36.618999
0.113600	36.644001
0.113680	36.693001
0.113760	36.754002
0.113840	36.742001
0.113920	36.754002
0.114000	36.765999
0.114080	36.778000
0.114160	36.814999
0.114240	36.814999
0.114320	36.814999
0.114400	36.803001
0.114480	36.814999
0.114560	36.803001
0.114640	36.814999
0.114720	36.791000
0.114800	36.791000
0.114880	36.791000
0.114960	36.778000
0.115040	36.742001
0.115120	36.716999
0.115200	36.693001
0.115280	36.631001
0.115360	36.595001
0.115440	36.570000
0.115520	36.508999
0.115600	36.472000
0.115680	36.423000
0.115760	36.362000
0.115840	36.313000
0.115920	36.227001
0.116000	36.166000
0.116080	36.104000
0.116160	36.030998
0.116240	35.993999
0.116320	35.945000
0.116400	35.896000
0.116480	35.823002
0.116560	35.761002
0.116640	35.724998
0.116720	35.675999
0.116800	35.639000
0.116880	35.613998
0.116960	35.553001
0.117040	35.504002
0.117120	35.431000
0.117200	35.356998
0.117280	35.258999
0.117360	35.160999
0.117440	35.039001
0.117520	34.952999
0.117600	34.855000
0.117680	34.769001
0.117760	34.671001
0.117840	34.535999
0.117920	34.438000
0.118000	34.291000
0.118080	34.193001
0.118160	34.057999
0.118240	33.936001
0.118320	33.813000
0.118400	33.702999
0.118480	33.568001
0.118560	33.409000
0.118640	33.250000
0.118720	33.115002
0.118800	32.980000
0.118880	32.833000
0.118960	32.648998
0.119040	32.490002
0.119120	32.282001
0.119200	32.098000
0.119280	31.962999
0.119360	31.743000
0.119440	31.570999
0.119520	31.363001
0.119600	31.179001
0.119680	30.959000
0.119760	30.812000
0.119840	30.554001
0.119920	30.358000
0.120000	30.162001
0.120080	29.966000
0.120160	29.770000
0.120240	29.586000
0.120320	29.378000
0.120400	29.181999
0.120480	28.974001
0.120560	28.778000
0.120640	28.582001
0.120720	28.410000
0.120800	28.214001
0.120880	28.006001
0.120960	27.809999
0.121040	27.625999
0.121120	27.430000
0.121200	27.246000
0.121280	27.014000
0.121360	26.841999
0.121440	26.634001
0.121520	26.450001
0.121600	26.242001
0.121680	26.058001
0.121760	25.850000
0.121840	25.653000
0.121920	25.458000
0.122000	25.285999
0.122080	25.127001
0.122160	24.955000
0.122240	24.747000
0.122320	24.502001
0.122400	24.306000
0.122480	24.134001
0.122560	23.975000
0.122640	23.730000
0.122720	23.424000
0.122800	23.142000
0.122880	22.934000
0.122960	22.823000
0.123040	22.761999
0.123120	22.615000
0.123200	22.395000
0.123280	22.186001
0.123360	21.941000
0.123440	21.757000
0.123520	21.598000
0.123600	21.438999
0.123680	21.254999
0.123760	21.070999
0.123840	20.837999
0.123920	20.629999
0.124000	20.434000
0.124080	20.263000
0.124160	20.091000
0.124240	19.882999
0.124320	19.698999
0.124400	19.490999
0.124480	19.306999
0.124560	19.099001
0.124640	18.915001
0.124720	18.731001
0.124800	18.535000
0.124880	18.351000
0.124960	18.155001
0.125040	17.996000
0.125120	17.837000
0.125200	17.653000
0.125280	17.493999
0.125360	17.322001
0.125440	17.125999
0.125520	16.955000
0.125600	16.795000
0.125680	16.648001
0.125760	16.452000
0.125840	16.292999
0.125920	16.134001
0.126000	15.962000
0.126080	15.827000
0.126160	15.668000
0.126240	15.521000
0.126320	15.386000
0.126400	15.239000
0.126480	15.092000
0.126560	14.970000
0.126640	14.835000
0.126720	14.688000
0.126800	14.541000
0.126880	14.431000
0.126960	14.296000
0.127040	14.161000
0.127120	14.002000
0.127200	13.892000
0.127280	13.745000
0.127360	13.622000
0.127440	13.500000
0.127520	13.352000
0.127600	13.267000
0.127680	13.120000
0.127760	13.022000
0.127840	12.899000
0.127920	12.789000
0.128000	12.691000
0.128080	12.568000
0.128160	12.458000
0.128240	12.360000
0.128320	12.262000
0.128400	12.139000
0.128480	12.042000
0.128560	11.956000
0.128640	11.821000
0.128720	11.698000
0.128800	11.600000
0.128880	11.502000
0.128960	11.417000
0.129040	11.343000
0.129120	11.221000
0.129200	11.147000
0.129280	11.061000
0.129360	10.988000
0.129440	10.890000
0.129520	10.816000
0.129600	10.731000
0.129680	10.645000
0.129760	10.522000
0.129840	10.486000
0.129920	10.387000
0.130000	10.326000
0.130080	10.290000
0.130160	10.228000
0.130240	10.228000
0.130320	10.191000
0.130400	10.204000
0.130480	10.191000
0.130560	10.142000
0.130640	10.094000
0.130720	10.008000
0.130800	9.934200
0.130880	9.872900
0.130960	9.811700
0.131040	9.725900
0.131120	9.627900
0.131200	9.542100
0.131280	9.444100
0.131360	9.370600
0.131440	9.346100
0.131520	9.284800
0.131600	9.211300
0.131680	9.125500
0.131760	9.027500
0.131840	8.978500
0.131920	8.880500
0.132000	8.819200
0.132080	8.758000
0.132160	8.672200
0.132240	8.586400
0.132320	8.525200
0.132400	8.476200
0.132480	8.402700
0.132560	8.353700
0.132640	8.292400
0.132720	8.255600
0.132800	8.169900
0.132880	8.108600
0.132960	8.071900
0.133040	8.022900
0.133120	7.961600
0.133200	7.863600
0.133280	7.814600
0.133360	7.728800
0.133440	7.692100
0.133520	7.630800
0.133600	7.704300
0.133680	7.667600
0.133760	7.581800
0.133840	7.594000
0.133920	7.594000
0.134000	7.545000
0.134080	7.496000
0.134160	7.520500
0.134240	7.569500
0.134320	7.520500
0.134400	7.447000
0.134480	7.459300
0.134560	7.422500
0.134640	7.410300
0.134720	7.361200
0.134800	7.361200
0.134880	7.336800
0.134960	7.287700
0.135040	7.287700
0.135120	7.214200
0.135200	7.226500
0.135280	7.189700
0.135360	7.128500
0.135440	7.091700
0.135520	7.067200
0.135600	7.030400
0.135680	6.993700
0.135760	6.944700
0.135840	6.895700
0.135920	6.883400
0.136000	6.846700
0.136080	6.846700
0.136160	6.785400
0.136240	6.760900
0.136320	6.736400
0.136400	6.675100
0.136480	6.626100
0.136560	6.577100
0.136640	6.552600
0.136720	6.528100
0.136800	6.466900
0.136880	6.442300
0.136960	6.393400
0.137040	6.368800
0.137120	6.319800
0.137200	6.270800
0.137280	6.246300
0.137360	6.221800
0.137440	6.160600
0.137520	6.123800
0.137600	6.099300
0.137680	6.050300
0.137760	6.001300
0.137840	5.964500
0.137920	5.915500
0.138000	5.866500
0.138080	5.866500
0.138160	5.829800
0.138240	5.817500
0.138320	5.756200
0.138400	5.707200
0.138480	5.658200
0.138560	5.621500
0.138640	5.609200
0.138720	5.584700
0.138800	5.548000
0.138880	5.535700
0.138960	5.511200
0.139040	5.474500
0.139120	5.425400
0.139200	5.400900
0.139280	5.376400
0.139360	5.327400
0.139440	5.302900
0.139520	5.290700
0.139600	5.266200
0.139680	5.266200
0.139760	5.229400
0.139840	5.180400
0.139920	5.131400
0.140000	5.143600
0.140080	5.131400
0.140160	5.143600
0.140240	5.155900
0.140320	5.131400
0.140400	5.143600
0.140480	5.168100
0.140560	5.143600
0.140640	5.106900
0.140720	4.996600
0.140800	4.886400
0.140880	4.825100
0.140960	4.751600
0.141040	4.714800
0.141120	4.653600
0.141200	4.629100
0.141280	4.604500
0.141360	4.567800
0.141440	4.531000
0.141520	4.518800
0.141600	4.420800
0.141680	4.359500
0.141760	4.322800
0.141840	4.224700
0.141920	4.175700
0.142000	4.139000
0.142080	4.114500
0.142160	4.041000
0.142240	4.028700
0.142320	4.004200
0.142400	3.967400
0.142480	3.906200
0.142560	3.820400
0.142640	3.783700
0.142720	3.746900
0.142800	3.722400
0.142880	3.673400
0.142960	3.599900
0.143040	3.550900
0.143120	3.489600
0.143200	3.452900
0.143280	3.428400
0.143360	3.403900
0.143440	3.379300
0.143520	3.305800
0.143600	3.244600
0.143680	3.183300
0.143760	3.146600
0.143840	3.097600
0.143920	3.085300
0.144000	3.024000
0.144080	3.011800
0.144160	2.950500
0.144240	2.901500
0.144320	2.889300
0.144400	2.852500
0.144480	2.828000
0.144560	2.779000
0.144640	2.754500
0.144720	2.730000
0.144800	2.717800
0.144880	2.730000
0.144960	2.705500
0.145040	2.705500
0.145120	2.681000
0.145200	2.632000
0.145280	2.607500
0.145360	2.546200
0.145440	2.509500
0.145520	2.472700
0.145600	2.436000
0.145680	2.411400
0.145760	2.362400
0.145840	2.325700
0.145920	2.276700
0.146000	2.252200
0.146080	2.239900
0.146160	2.178700
0.146240	2.141900
0.146320	2.080600
0.146400	2.043900
0.146480	1.994900
0.146560	1.945900
0.146640	1.921400
0.146720	1.884600
0.146800	1.811100
0.146880	1.811100
0.146960	1.774300
0.147040	1.700800
0.147120	1.676300
0.147200	1.615100
0.147280	1.578300
0.147360	1.541600
0.147440	1.541600
0.147520	1.504800
0.147600	1.480300
0.147680	1.443500
0.147760	1.419000
0.147840	1.394500
0.147920	1.333300
0.148000	1.321000
0.148080	1.321000
0.148160	1.272000
0.148240	1.272000
0.148320	1.259800
0.148400	1.235200
0.148480	1.186200
0.148560	1.161700
0.148640	1.137200
0.148720	1.161700
0.148800	1.137200
0.148880	1.125000
0.148960	1.088200
0.149040	1.051500
0.149120	1.051500
0.149200	1.027000
0.149280	1.051500
0.149360	1.039200
0.149440	0.977960
0.149520	0.977960
0.149600	0.941210
0.149680	0.916700
0.149760	0.867690
0.149840	0.843190
0.149920	0.806430
0.150000	0.769680
0.150080	0.708420
0.150160	0.732920
0.150240	0.683910
0.150320	0.696170
0.150400	0.683910
0.150480	0.647160
0.150560	0.634910
0.150640	0.598150
0.150720	0.585900
0.150800	0.536890
0.150880	0.512390
0.150960	0.487880
0.151040	0.451130
0.151120	0.475630
0.151200	0.475630
0.151280	0.487880
0.151360	0.451130
0.151440	0.438870
0.151520	0.414370
0.151600	0.389870
0.151680	0.389870
0.151760	0.365360
0.151840	0.340860
0.151920	0.316350
0.152000	0.291850
0.152080	0.279600
0.152160	0.267350
0.152240	0.255090
0.152320	0.218340
0.152400	0.206090
0.152480	0.181580
0.152560	0.206090
0.152640	0.230590
0.152720	0.230590
0.152800	0.242840
0.152880	0.218340
0.152960	0.193830
0.153040	0.169330
0.153120	0.095818
0.153200	-0.038954
0.153280	-0.087962
0.153360	-0.100210
0.153440	-0.124720
0.153520	-0.124720
0.153600	-0.112470
0.153680	-0.075709
0.153760	-0.087962
0.153840	-0.124720
0.153920	-0.063457
0.154000	-0.014449
0.154080	0.022307
0.154160	0.071314
0.154240	0.095818
0.154320	0.132570
0.154400	0.169330
0.154480	0.169330
0.154560	0.144830
0.154640	0.120320
0.154720	0.095818
0.154800	0.071314
0.154880	0.046811
0.154960	0.022307
0.155040	0.046811
0.155120	0.046811
0.155200	0.022307
0.155280	0.010054
0.155360	-0.002198
0.155440	-0.026702
0.155520	-0.038954
0.155600	-0.051206
0.155680	-0.063457
0.155760	-0.063457
0.155840	-0.075709
0.155920	-0.100210
0.156000	-0.136970
0.156080	-0.161470
0.156160	-0.173730
0.156240	-0.198230
0.156320	-0.234990
0.156400	-0.247240
0.156480	-0.259490
0.156560	-0.271740
0.156640	-0.271740
0.156720	-0.247240
0.156800	-0.247240
0.156880	-0.247240
0.156960	-0.271740
0.157040	-0.271740
0.157120	-0.296250
0.157200	-0.308500
0.157280	-0.271740
0.157360	-0.271740
0.157440	-0.259490
0.157520	-0.259490
0.157600	-0.296250
0.157680	-0.296250
0.157760	-0.308500
0.157840	-0.333000
0.157920	-0.308500
0.158000	-0.308500
0.158080	-0.320750
0.158160	-0.320750
0.158240	-0.357510
0.158320	-0.369760
0.158400	-0.394260
0.158480	-0.418770
0.158560	-0.431020
0.158640	-0.431020
0.158720	-0.431020
0.158800	-0.480030
0.158880	-0.467770
0.158960	-0.455520
0.159040	-0.480030
0.159120	-0.492280
0.159200	-0.504530
0.159280	-0.516780
0.159360	-0.553540
0.159440	-0.553540
0.159520	-0.553540
0.159600	-0.578040
0.159680	-0.578040
0.159760	-0.578040
0.159840	-0.590290
0.159920	-0.602550
0.160000	-0.602550
0.160080	-0.627050
0.160160	-0.627050
0.160240	-0.639300
0.160320	-0.639300
0.160400	-0.651550
0.160480	-0.676060
0.160560	-0.688310
0.160640	-0.700560
0.160720	-0.725070
0.160800	-0.700560
0.160880	-0.712810
0.160960	-0.737320
0.161040	-0.712810
0.161120	-0.749570
0.161200	-0.761820
0.161280	-0.761820
0.161360	-0.786330
0.161440	-0.786330
0.161520	-0.810830
0.161600	-0.835330
0.161680	-0.847590
0.161760	-0.859840
0.161840	-0.859840
0.161920	-0.896590
0.162000	-0.896590
0.162080	-0.908850
0.162160	-0.921100
0.162240	-0.945600
0.162320	-0.945600
0.162400	-0.970100
0.162480	-0.994610
0.162560	-0.982360
0.162640	-1.006900
0.162720	-1.019100
0.162800	-1.031400
0.162880	-1.043600
0.162960	-1.092600
0.163040	-1.117100
0.163120	-1.129400
0.163200	-1.141600
0.163280	-1.166100
0.163360	-1.153900
0.163440	-1.190600
0.163520	-1.190600
0.163600	-1.215100
0.163680	-1.239700
0.163760	-1.239700
0.163840	-1.251900
0.163920	-1.251900
0.164000	-1.264200
0.164080	-1.239700
0.164160	-1.239700
0.164240	-1.251900
0.164320	-1.264200
0.164400	-1.288700
0.164480	-1.288700
0.164560	-1.300900
0.164640	-1.300900
0.164720	-1.313200
0.164800	-1.325400
0.164880	-1.362200
0.164960	-1.362200
0.165040	-1.362200
0.165120	-1.362200
0.165200	-1.374400
0.165280	-1.349900
0.165360	-1.349900
0.165440	-1.349900
0.165520	-1.374400
0.165600	-1.386700
0.165680	-1.386700
0.165760	-1.386700
0.165840	-1.337700
0.165920	-1.362200
0.166000	-1.349900
0.166080	-1.313200
0.166160	-1.337700
0.166240	-1.325400
0.166320	-1.300900
0.166400	-1.337700
0.166480	-1.325400
0.166560	-1.288700
0.166640	-1.276400
0.166720	-1.300900
0.166800	-1.300900
0.166880	-1.251900
0.166960	-1.251900
0.167040	-1.215100
0.167120	-1.215100
0.167200	-1.227400
0.167280	-1.202900
0.167360	-1.215100
0.167440	-1.239700
0.167520	-1.251900
0.167600	-1.239700
0.167680	-1.239700
0.167760	-1.251900
0.167840	-1.239700
0.167920	-1.251900
0.168000	-1.227400
0.168080	-1.215100
0.168160	-1.215100
0.168240	-1.215100
0.168320	-1.239700
0.168400	-1.227400
0.168480	-1.227400
0.168560	-1.239700
0.168640	-1.239700
0.168720	-1.227400
0.168800	-1.227400
0.168880	-1.251900
0.168960	-1.227400
0.169040	-1.227400
0.169120	-1.239700
0.169200	-1.251900
0.169280	-1.227400
0.169360	-1.227400
0.169440	-1.215100
0.169520	-1.239700
0.169600	-1.227400
0.169680	-1.215100
0.169760	-1.227400
0.169840	-1.227400
0.169920	-1.227400
0.170000	-1.239700
0.170080	-1.215100
0.170160	-1.227400
0.170240	-1.239700
0.170320	-1.227400
0.170400	-1.276400
0.170480	-1.239700
0.170560	-1.251900
0.170640	-1.227400
0.170720	-1.178400
0.170800	-1.178400
0.170880	-1.141600
0.170960	-1.141600
0.171040	-1.129400
0.171120	-1.141600
0.171200	-1.092600
0.171280	-1.104900
0.171360	-1.080400
0.171440	-1.080400
0.171520	-1.068100
0.171600	-1.080400
0.171680	-1.055900
0.171760	-1.043600
0.171840	-1.043600
0.171920	-1.043600
0.172000	-1.068100
0.172080	-1.068100
0.172160	-1.043600
0.172240	-1.043600
0.172320	-1.006900
0.172400	-1.006900
0.172480	-1.006900
0.172560	-0.994610
0.172640	-0.982360
0.172720	-1.006900
0.172800	-1.006900
0.172880	-1.006900
0.172960	-1.019100
0.173040	-1.019100
0.173120	-1.019100
0.173200	-1.043600
0.173280	-1.055900
0.173360	-1.068100
0.173440	-1.055900
0.173520	-1.055900
0.173600	-1.104900
0.173680	-1.117100
0.173760	-1.129400
0.173840	-1.141600
0.173920	-1.178400
0.174000	-1.166100
0.174080	-1.153900
0.174160	-1.215100
0.174240	-1.239700
0.174320	-1.276400
0.174400	-1.288700
0.174480	-1.288700
0.174560	-1.325400
0.174640	-1.362200
0.174720	-1.398900
0.174800	-1.423400
0.174880	-1.435700
0.174960	-1.472400
0.175040	-1.496900
0.175120	-1.521500
0.175200	-1.546000
0.175280	-1.546000
0.175360	-1.558200
0.175440	-1.582700
0.175520	-1.607200
0.175600	-1.631700
0.175680	-1.644000
0.175760	-1.668500
0.175840	-1.680700
0.175920	-1.693000
0.176000	-1.717500
0.176080	-1.729700
0.176160	-1.742000
0.176240	-1.766500
0.176320	-1.791000
0.176400	-1.827700
0.176480	-1.840000
0.176560	-1.852200
0.176640	-1.876700
0.176720	-1.889000
0.176800	-1.938000
0.176880	-1.938000
0.176960	-1.938000
0.177040	-1.938000
0.177120	-1.962500
0.177200	-1.987000
0.177280	-2.011500
0.177360	-2.048300
0.177440	-2.060500
0.177520	-2.097300
0.177600	-2.121800
0.177680	-2.158600
0.177760	-2.121800
0.177840	-2.158600
0.177920	-2.170800
0.178000	-2.195300
0.178080	-2.207600
0.178160	-2.219800
0.178240	-2.232100
0.178320	-2.256600
0.178400	-2.256600
0.178480	-2.268800
0.178560	-2.268800
0.178640	-2.293300
0.178720	-2.317800
0.178800	-2.330100
0.178880	-2.342300
0.178960	-2.379100
0.179040	-2.391300
0.179120	-2.379100
0.179200	-2.403600
0.179280	-2.428100
0.179360	-2.464800
0.179440	-2.477100
0.179520	-2.477100
0.179600	-2.464800
0.179680	-2.477100
0.179760	-2.501600
0.179840	-2.538400
0.179920	-2.550600
0.180000	-2.562900
0.180080	-2.599600
0.180160	-2.599600
0.180240	-2.599600
0.180320	-2.624100
0.180400	-2.673100
0.180480	-2.685400
0.180560	-2.697600
0.180640	-2.697600
0.180720	-2.709900
0.180800	-2.722100
0.180880	-2.722100
0.180960	-2.771200
0.181040	-2.771200
0.181120	-2.820200
0.181200	-2.832400
0.181280	-2.844700
0.181360	-2.832400
0.181440	-2.869200
0.181520	-2.905900
0.181600	-2.930400
0.181680	-2.942700
0.181760	-2.954900
0.181840	-2.967200
0.181920	-3.003900
0.182000	-3.016200
0.182080	-3.052900
0.182160	-3.065200
0.182240	-3.077500
0.182320	-3.077500
0.182400	-3.101900
0.182480	-3.101900
0.182560	-3.114200
0.182640	-3.114200
0.182720	-3.126500
0.182800	-3.151000
0.182880	-3.175500
0.182960	-3.187700
0.183040	-3.200000
0.183120	-3.200000
0.183200	-3.224500
0.183280	-3.236700
0.183360	-3.261200
0.183440	-3.261200
0.183520	-3.285700
0.183600	-3.285700
0.183680	-3.273500
0.183760	-3.322500
0.183840	-3.383700
0.183920	-3.396000
0.184000	-3.396000
0.184080	-3.420500
0.184160	-3.408300
0.184240	-3.432800
0.184320	-3.469500
0.184400	-3.494000
0.184480	-3.530800
0.184560	-3.543000
0.184640	-3.543000
0.184720	-3.543000
0.184800	-3.567500
0.184880	-3.592000
0.184960	-3.604300
0.185040	-3.641000
0.185120	-3.665500
0.185200	-3.653300
0.185280	-3.677800
0.185360	-3.677800
0.185440	-3.690000
0.185520	-3.702300
0.185600	-3.690000
0.185680	-3.677800
0.185760	-3.714600
0.185840	-3.788100
0.185920	-3.726800
0.186000	-3.788100
0.186080	-3.775800
0.186160	-3.775800
0.186240	-3.800300
0.186320	-3.800300
0.186400	-3.800300
0.186480	-3.824800
0.186560	-3.837100
0.186640	-3.849300
0.186720	-3.861600
0.186800	-3.861600
0.186880	-3.898300
0.186960	-3.910600
0.187040	-3.947300
0.187120	-3.935100
0.187200	-3.959600
0.187280	-3.984100
0.187360	-3.996400
0.187440	-4.033100
0.187520	-4.057600
0.187600	-4.069900
0.187680	-4.094400
0.187760	-4.094400
0.187840	-4.118900
0.187920	-4.131100
0.188000	-4.143400
0.188080	-4.155600
0.188160	-4.143400
0.188240	-4.143400
0.188320	-4.167900
0.188400	-4.192400
0.188480	-4.192400
0.188560	-4.216900
0.188640	-4.229100
0.188720	-4.229100
0.188800	-4.265900
0.188880	-4.278200
0.188960	-4.290400
0.189040	-4.314900
0.189120	-4.363900
0.189200	-4.376200
0.189280	-4.388400
0.189360	-4.400700
0.189440	-4.388400
0.189520	-4.425200
0.189600	-4.425200
0.189680	-4.437400
0.189760	-4.449700
0.189840	-4.449700
0.189920	-4.474200
0.190000	-4.498700
0.190080	-4.510900
0.190160	-4.510900
0.190240	-4.523200
0.190320	-4.584400
0.190400	-4.609000
0.190480	-4.645700
0.190560	-4.645700
0.190640	-4.658000
0.190720	-4.670200
0.190800	-4.694700
0.190880	-4.719200
0.190960	-4.756000
0.191040	-4.743700
0.191120	-4.756000
0.191200	-4.780500
0.191280	-4.792700
0.191360	-4.829500
0.191440	-4.829500
0.191520	-4.866200
0.191600	-4.854000
0.191680	-4.866200
0.191760	-4.878500
0.191840	-4.915200
0.191920	-4.915200
0.192000	-4.927500
0.192080	-4.939800
0.192160	-4.952000
0.192240	-4.964300
0.192320	-4.964300
0.192400	-5.013300
0.192480	-5.025500
0.192560	-5.050000
0.192640	-5.037800
0.192720	-5.062300
0.192800	-5.074500
0.192880	-5.099000
0.192960	-5.099000
0.193040	-5.135800
0.193120	-5.135800
0.193200	-5.135800
0.193280	-5.148000
0.193360	-5.160300
0.193440	-5.184800
0.193520	-5.209300
0.193600	-5.184800
0.193680	-5.197100
0.193760	-5.209300
0.193840	-5.209300
0.193920	-5.221500
0.194000	-5.258300
0.194080	-5.246000
0.194160	-5.282800
0.194240	-5.295100
0.194320	-5.307300
0.194400	-5.331800
0.194480	-5.319600
0.194560	-5.331800
0.194640	-5.368600
0.194720	-5.356300
0.194800	-5.393100
0.194880	-5.405300
0.194960	-5.429800
0.195040	-5.429800
0.195120	-5.442100
0.195200	-5.491100
0.195280	-5.454300
0.195360	-5.466600
0.195440	-5.491100
0.195520	-5.503300
0.195600	-5.491100
0.195680	-5.466600
0.195760	-5.503300
0.195840	-5.515600
0.195920	-5.540100
0.196000	-5.552400
0.196080	-5.564600
0.196160	-5.564600
0.196240	-5.589100
0.196320	-5.589100
0.196400	-5.613600
0.196480	-5.576900
0.196560	-5.613600
0.196640	-5.638100
0.196720	-5.638100
0.196800	-5.625900
0.196880	-5.650400
0.196960	-5.650400
0.197040	-5.662600
0.197120	-5.674900
0.197200	-5.699400
0.197280	-5.687100
0.197360	-5.711600
0.197440	-5.711600
0.197520	-5.711600
0.197600	-5.711600
0.197680	-5.723900
0.197760	-5.748400
0.197840	-5.748400
0.197920	-5.760600
0.198000	-5.772900
0.198080	-5.760600
0.198160	-5.772900
0.198240	-5.772900
0.198320	-5.772900
0.198400	-5.797400
0.198480	-5.785100
0.198560	-5.797400
0.198640	-5.821900
0.198720	-5.834100
0.198800	-5.821900
0.198880	-5.834100
0.198960	-5.858700
0.199040	-5.846400
0.199120	-5.846400
0.199200	-5.858700
0.199280	-5.870900
0.199360	-5.883200
0.199440	-5.883200
0.199520	-5.907700
0.199600	-5.907700
0.199680	-5.907700
0.199760	-5.895400
0.199840	-5.932200
0.199920	-5.968900
0.200000	-5.956700
0.200080	-5.956700
0.200160	-5.919900
0.200240	-5.932200
0.200320	-5.932200
0.200400	-5.883200
0.200480	-5.883200
0.200560	-5.883200
0.200640	-5.883200
0.200720	-5.895400
0.200800	-5.907700
0.200880	-5.870900
0.200960	-5.883200
0.201040	-5.883200
0.201120	-5.858700
0.201200	-5.870900
0.201280	-5.895400
0.201360	-5.883200
0.201440	-5.883200
0.201520	-5.870900
0.201600	-5.870900
0.201680	-5.883200
0.201760	-5.883200
0.201840	-5.883200
0.201920	-5.895400
0.202000	-5.883200
0.202080	-5.870900
0.202160	-5.870900
0.202240	-5.870900
0.202320	-5.870900
0.202400	-5.846400
0.202480	-5.846400
0.202560	-5.834100
0.202640	-5.846400
0.202720	-5.834100
0.202800	-5.846400
0.202880	-5.834100
0.202960	-5.834100
0.203040	-5.809600
0.203120	-5.834100
0.203200	-5.821900
0.203280	-5.834100
0.203360	-5.821900
0.203440	-5.809600
0.203520	-5.821900
0.203600	-5.772900
0.203680	-5.797400
0.203760	-5.785100
0.203840	-5.785100
0.203920	-5.785100
0.204000	-5.772900
0.204080	-5.772900
0.204160	-5.772900
0.204240	-5.785100
0.204320	-5.785100
0.204400	-5.748400
0.204480	-5.760600
0.204560	-5.748400
0.204640	-5.736100
0.204720	-5.723900
0.204800	-5.723900
0.204880	-5.699400
0.204960	-5.699400
0.205040	-5.687100
0.205120	-5.674900
0.205200	-5.687100
0.205280	-5.699400
0.205360	-5.687100
0.205440	-5.662600
0.205520	-5.662600
0.205600	-5.674900
0.205680	-5.650400
0.205760	-5.662600
0.205840	-5.613600
0.205920	-5.589100
0.206000	-5.552400
0.206080	-5.564600
0.206160	-5.552400
0.206240	-5.564600
0.206320	-5.540100
0.206400	-5.576900
0.206480	-5.564600
0.206560	-5.540100
0.206640	-5.527900
0.206720	-5.503300
0.206800	-5.515600
0.206880	-5.503300
0.206960	-5.515600
0.207040	-5.491100
0.207120	-5.466600
0.207200	-5.454300
0.207280	-5.466600
0.207360	-5.442100
0.207440	-5.429800
0.207520	-5.454300
0.207600	-5.393100
0.207680	-5.405300
0.207760	-5.393100
0.207840	-5.344100
0.207920	-5.344100
0.208000	-5.319600
0.208080	-5.319600
0.208160	-5.307300
0.208240	-5.270600
0.208320	-5.246000
0.208400	-5.233800
0.208480	-5.221500
0.208560	-5.209300
0.208640	-5.197100
0.208720	-5.184800
0.208800	-5.172500
0.208880	-5.148000
0.208960	-5.135800
0.209040	-5.123500
0.209120	-5.111300
0.209200	-5.111300
0.209280	-5.086800
0.209360	-5.062300
0.209440	-5.074500
0.209520	-5.062300
0.209600	-5.037800
0.209680	-5.037800
0.209760	-5.013300
0.209840	-4.988800
0.209920	-4.976500
0.210000	-4.976500
0.210080	-4.964300
0.210160	-4.952000
0.210240	-4.939800
0.210320	-4.939800
0.210400	-4.952000
0.210480	-4.927500
0.210560	-4.915200
0.210640	-4.915200
0.210720	-4.890700
0.210800	-4.878500
0.210880	-4.854000
0.210960	-4.866200
0.211040	-4.829500
0.211120	-4.805000
0.211200	-4.805000
0.211280	-4.780500
0.211360	-4.780500
0.211440	-4.780500
0.211520	-4.768200
0.211600	-4.756000
0.211680	-4.743700
0.211760	-4.707000
0.211840	-4.682500
0.211920	-4.682500
0.212000	-4.682500
0.212080	-4.645700
0.212160	-4.609000
0.212240	-4.596700
0.212320	-4.572200
0.212400	-4.547700
0.212480	-4.535400
0.212560	-4.535400
0.212640	-4.510900
0.212720	-4.510900
0.212800	-4.474200
0.212880	-4.437400
0.212960	-4.437400
0.213040	-4.437400
0.213120	-4.400700
0.213200	-4.388400
0.213280	-4.388400
0.213360	-4.376200
0.213440	-4.351700
0.213520	-4.327100
0.213600	-4.314900
0.213680	-4.339400
0.213760	-4.314900
0.213840	-4.314900
0.213920	-4.314900
0.214000	-4.314900
0.214080	-4.290400
0.214160	-4.302600
0.214240	-4.265900
0.214320	-4.253600
0.214400	-4.229100
0.214480	-4.241400
0.214560	-4.216900
0.214640	-4.204600
0.214720	-4.204600
0.214800	-4.180100
0.214880	-4.155600
0.214960	-4.155600
0.215040	-4.167900
0.215120	-4.131100
0.215200	-4.143400
0.215280	-4.118900
0.215360	-4.094400
0.215440	-4.106600
0.215520	-4.069900
0.215600	-4.057600
0.215680	-4.057600
0.215760	-4.069900
0.215840	-4.069900
0.215920	-4.069900
0.216000	-4.045400
0.216080	-4.033100
0.216160	-4.020900
0.216240	-4.020900
0.216320	-4.033100
0.216400	-3.996400
0.216480	-4.008600
0.216560	-3.996400
0.216640	-3.984100
0.216720	-3.996400
0.216800	-3.959600
0.216880	-3.935100
0.216960	-3.947300
0.217040	-3.935100
0.217120	-3.935100
0.217200	-3.922800
0.217280	-3.910600
0.217360	-3.910600
0.217440	-3.910600
0.217520	-3.886100
0.217600	-3.886100
0.217680	-3.873800
0.217760	-3.849300
0.217840	-3.849300
0.217920	-3.824800
0.218000	-3.824800
0.218080	-3.800300
0.218160	-3.800300
0.218240	-3.788100
0.218320	-3.763600
0.218400	-3.751300
0.218480	-3.775800
0.218560	-3.739100
0.218640	-3.775800
0.218720	-3.739100
0.218800	-3.726800
0.218880	-3.714600
0.218960	-3.702300
0.219040	-3.702300
0.219120	-3.677800
0.219200	-3.702300
0.219280	-3.690000
0.219360	-3.677800
0.219440	-3.665500
0.219520	-3.641000
0.219600	-3.628800
0.219680	-3.604300
0.219760	-3.592000
0.219840	-3.592000
0.219920	-3.579800
0.220000	-3.592000
0.220080	-3.604300
0.220160	-3.579800
0.220240	-3.592000
0.220320	-3.604300
0.220400	-3.579800
0.220480	-3.567500
0.220560	-3.543000
0.220640	-3.530800
0.220720	-3.555300
0.220800	-3.555300
0.220880	-3.555300
0.220960	-3.543000
0.221040	-3.543000
0.221120	-3.518500
0.221200	-3.518500
0.221280	-3.481800
0.221360	-3.469500
0.221440	-3.481800
0.221520	-3.469500
0.221600	-3.469500
0.221680	-3.420500
0.221760	-3.420500
0.221840	-3.396000
0.221920	-3.383700
0.222000	-3.383700
0.222080	-3.383700
0.222160	-3.359300
0.222240	-3.334700
0.222320	-3.334700
0.222400	-3.334700
0.222480	-3.310200
0.222560	-3.322500
0.222640	-3.334700
0.222720	-3.322500
0.222800	-3.310200
0.222880	-3.310200
0.222960	-3.310200
0.223040	-3.310200
0.223120	-3.273500
0.223200	-3.285700
0.223280	-3.285700
0.223360	-3.298000
0.223440	-3.261200
0.223520	-3.261200
0.223600	-3.273500
0.223680	-3.273500
0.223760	-3.285700
0.223840	-3.273500
0.223920	-3.261200
0.224000	-3.236700
0.224080	-3.224500
0.224160	-3.236700
0.224240	-3.224500
0.224320	-3.249000
0.224400	-3.273500
0.224480	-3.285700
0.224560	-3.273500
0.224640	-3.261200
0.224720	-3.236700
0.224800	-3.236700
0.224880	-3.249000
0.224960	-3.273500
0.225040	-3.261200
0.225120	-3.249000
0.225200	-3.261200
0.225280	-3.236700
0.225360	-3.273500
0.225440	-3.249000
0.225520	-3.224500
0.225600	-3.200000
0.225680	-3.236700
0.225760	-3.200000
0.225840	-3.224500
0.225920	-3.236700
0.226000	-3.236700
0.226080	-3.200000
0.226160	-3.236700
0.226240	-3.236700
0.226320	-3.212200
0.226400	-3.212200
0.226480	-3.212200
0.226560	-3.212200
0.226640	-3.187700
0.226720	-3.187700
0.226800	-3.175500
0.226880	-3.151000
0.226960	-3.151000
0.227040	-3.151000
0.227120	-3.138700
0.227200	-3.114200
0.227280	-3.126500
0.227360	-3.138700
0.227440	-3.114200
0.227520	-3.114200
0.227600	-3.101900
0.227680	-3.101900
0.227760	-3.089700
0.227840	-3.089700
0.227920	-3.077500
0.228000	-3.077500
0.228080	-3.077500
0.228160	-3.052900
0.228240	-3.052900
0.228320	-3.089700
0.228400	-3.114200
0.228480	-3.089700
0.228560	-3.077500
0.228640	-3.052900
0.228720	-3.089700
0.228800	-3.065200
0.228880	-3.052900
0.228960	-3.040700
0.229040	-3.065200
0.229120	-3.065200
0.229200	-3.040700
0.229280	-3.052900
0.229360	-3.003900
0.229440	-3.016200
0.229520	-3.040700
0.229600	-3.040700
0.229680	-3.040700
0.229760	-3.028400
0.229840	-3.016200
0.229920	-3.028400
0.230000	-3.040700
0.230080	-3.052900
0.230160	-3.065200
0.230240	-3.052900
0.230320	-3.040700
0.230400	-3.040700
0.230480	-3.065200
0.230560	-3.089700
0.230640	-3.101900
0.230720	-3.089700
0.230800	-3.089700
0.230880	-3.077500
0.230960	-3.077500
0.231040	-3.052900
0.231120	-3.065200
0.231200	-3.077500
0.231280	-3.089700
0.231360	-3.089700
0.231440	-3.114200
0.231520	-3.089700
0.231600	-3.101900
0.231680	-3.114200
0.231760	-3.114200
0.231840	-3.126500
0.231920	-3.151000
0.232000	-3.151000
0.232080	-3.138700
0.232160	-3.151000
0.232240	-3.151000
0.232320	-3.163200
0.232400	-3.138700
0.232480	-3.175500
0.232560	-3.151000
0.232640	-3.175500
0.232720	-3.151000
0.232800	-3.138700
0.232880	-3.126500
0.232960	-3.126500
0.233040	-3.151000
0.233120	-3.163200
0.233200	-3.163200
0.233280	-3.163200
0.233360	-3.151000
0.233440	-3.151000
0.233520	-3.151000
0.233600	-3.163200
0.233680	-3.187700
0.233760	-3.187700
0.233840	-3.175500
0.233920	-3.200000
0.234000	-3.187700
0.234080	-3.212200
0.234160	-3.200000
0.234240	-3.187700
0.234320	-3.200000
0.234400	-3.200000
0.234480	-3.200000
0.234560	-3.187700
0.234640	-3.175500
0.234720	-3.200000
0.234800	-3.187700
0.234880	-3.151000
0.234960	-3.175500
0.235040	-3.175500
0.235120	-3.187700
0.235200	-3.212200
0.235280	-3.224500
0.235360	-3.212200
0.235440	-3.224500
0.235520	-3.236700
0.235600	-3.236700
0.235680	-3.249000
0.235760	-3.261200
0.235840	-3.236700
0.235920	-3.249000
0.236000	-3.249000
0.236080	-3.261200
0.236160	-3.261200
0.236240	-3.261200
0.236320	-3.285700
0.236400	-3.261200
0.236480	-3.273500
0.236560	-3.273500
0.236640	-3.298000
0.236720	-3.285700
0.236800	-3.273500
0.236880	-3.322500
0.236960	-3.310200
0.237040	-3.285700
0.237120	-3.310200
0.237200	-3.334700
0.237280	-3.298000
0.237360	-3.298000
0.237440	-3.298000
0.237520	-3.334700
0.237600	-3.334700
0.237680	-3.334700
0.237760	-3.334700
0.237840	-3.347000
0.237920	-3.371500
0.238000	-3.396000
0.238080	-3.408300
0.238160	-3.396000
0.238240	-3.408300
0.238320	-3.396000
0.238400	-3.408300
0.238480	-3.432800
0.238560	-3.420500
0.238640	-3.432800
0.238720	-3.445000
0.238800	-3.445000
0.238880	-3.457300
0.238960	-3.457300
0.239040	-3.457300
0.239120	-3.481800
0.239200	-3.481800
0.239280	-3.518500
0.239360	-3.518500
0.239440	-3.530800
0.239520	-3.530800
0.239600	-3.518500
0.239680	-3.530800
0.239760	-3.543000
0.239840	-3.555300
0.239920	-3.579800
0.240000	-3.567500
0.240080	-3.579800
0.240160	-3.579800
0.240240	-3.604300
0.240320	-3.616500
0.240400	-3.641000
0.240480	-3.653300
0.240560	-3.653300
0.240640	-3.677800
0.240720	-3.690000
0.240800	-3.714600
0.240880	-3.702300
0.240960	-3.714600
0.241040	-3.690000
0.241120	-3.714600
0.241200	-3.726800
0.241280	-3.751300
0.241360	-3.751300
0.241440	-3.763600
0.241520	-3.751300
0.241600	-3.788100
0.241680	-3.800300
0.241760	-3.800300
0.241840	-3.812600
0.241920	-3.837100
0.242000	-3.800300
0.242080	-3.824800
0.242160	-3.849300
0.242240	-3.849300
0.242320	-3.873800
0.242400	-3.861600
0.242480	-3.886100
0.242560	-3.898300
0.242640	-3.922800
0.242720	-3.947300
0.242800	-3.935100
0.242880	-3.935100
0.242960	-3.947300
0.243040	-3.959600
0.243120	-3.959600
0.243200	-3.971800
0.243280	-3.984100
0.243360	-3.984100
0.243440	-3.996400
0.243520	-4.008600
0.243600	-4.033100
0.243680	-4.033100
0.243760	-4.069900
0.243840	-4.082100
0.243920	-4.082100
0.244000	-4.106600
0.244080	-4.131100
0.244160	-4.131100
0.244240	-4.155600
0.244320	-4.143400
0.244400	-4.167900
0.244480	-4.180100
0.244560	-4.192400
0.244640	-4.180100
0.244720	-4.204600
0.244800	-4.204600
0.244880	-4.229100
0.244960	-4.278200
0.245040	-4.278200
0.245120	-4.278200
0.245200	-4.302600
0.245280	-4.302600
0.245360	-4.314900
0.245440	-4.327100
0.245520	-4.314900
0.245600	-4.351700
0.245680	-4.351700
0.245760	-4.339400
0.245840	-4.376200
0.245920	-4.388400
0.246000	-4.400700
0.246080	-4.425200
0.246160	-4.437400
0.246240	-4.437400
0.246320	-4.449700
0.246400	-4.437400
0.246480	-4.474200
0.246560	-4.486400
0.246640	-4.486400
0.246720	-4.523200
0.246800	-4.523200
0.246880	-4.535400
0.246960	-4.535400
0.247040	-4.572200
0.247120	-4.572200
0.247200	-4.621200
0.247280	-4.609000
0.247360	-4.609000
0.247440	-4.633500
0.247520	-4.609000
0.247600	-4.621200
0.247680	-4.645700
0.247760	-4.658000
0.247840	-4.670200
0.247920	-4.694700
0.248000	-4.719200
0.248080	-4.707000
0.248160	-4.731500
0.248240	-4.743700
0.248320	-4.756000
0.248400	-4.768200
0.248480	-4.780500
0.248560	-4.829500
0.248640	-4.841700
0.248720	-4.841700
0.248800	-4.817200
0.248880	-4.829500
0.248960	-4.854000
0.249040	-4.878500
0.249120	-4.890700
0.249200	-4.890700
0.249280	-4.915200
0.249360	-4.915200
0.249440	-4.964300
0.249520	-4.976500
0.249600	-4.988800
0.249680	-4.976500
0.249760	-5.001000
0.249840	-5.013300
0.249920	-5.025500
0.250000	-5.050000
0.250080	-5.062300
0.250160	-5.099000
0.250240	-5.086800
0.250320	-5.111300
0.250400	-5.111300
0.250480	-5.135800
0.250560	-5.160300
0.250640	-5.184800
0.250720	-5.172500
0.250800	-5.197100
0.250880	-5.209300
0.250960	-5.246000
0.251040	-5.246000
0.251120	-5.270600
0.251200	-5.282800
0.251280	-5.295100
0.251360	-5.307300
0.251440	-5.319600
0.251520	-5.319600
0.251600	-5.344100
0.251680	-5.368600
0.251760	-5.405300
0.251840	-5.417600
0.251920	-5.429800
0.252000	-5.466600
0.252080	-5.466600
0.252160	-5.478800
0.252240	-5.478800
0.252320	-5.503300
0.252400	-5.515600
0.252480	-5.540100
0.252560	-5.552400
0.252640	-5.576900
0.252720	-5.589100
0.252800	-5.613600
0.252880	-5.613600
0.252960	-5.662600
0.253040	-5.674900
0.253120	-5.699400
0.253200	-5.687100
0.253280	-5.699400
0.253360	-5.687100
0.253440	-5.723900
0.253520	-5.736100
0.253600	-5.736100
0.253680	-5.772900
0.253760	-5.785100
0.253840	-5.797400
0.253920	-5.797400
0.254000	-5.821900
0.254080	-5.821900
0.254160	-5.846400
0.254240	-5.870900
0.254320	-5.858700
0.254400	-5.895400
0.254480	-5.907700
0.254560	-5.956700
0.254640	-5.944400
0.254720	-5.981200
0.254800	-5.993400
0.254880	-5.981200
0.254960	-6.005700
0.255040	-6.017900
0.255120	-6.017900
0.255200	-6.042400
0.255280	-6.066900
0.255360	-6.054700
0.255440	-6.079200
0.255520	-6.091400
0.255600	-6.079200
0.255680	-6.116000
0.255760	-6.103700
0.255840	-6.140500
0.255920	-6.152700
0.256000	-6.164900
0.256080	-6.152700
0.256160	-6.189500
0.256240	-6.201700
0.256320	-6.226200
0.256400	-6.238500
0.256480	-6.226200
0.256560	-6.263000
0.256640	-6.275200
0.256720	-6.275200
0.256800	-6.287500
0.256880	-6.299700
0.256960	-6.299700
0.257040	-6.299700
0.257120	-6.312000
0.257200	-6.348700
0.257280	-6.336500
0.257360	-6.336500
0.257440	-6.336500
0.257520	-6.373200
0.257600	-6.397700
0.257680	-6.410000
0.257760	-6.397700
0.257840	-6.397700
0.257920	-6.434500
0.258000	-6.434500
0.258080	-6.434500
0.258160	-6.459000
0.258240	-6.471300
0.258320	-6.471300
0.258400	-6.483500
0.258480	-6.459000
0.258560	-6.495800
0.258640	-6.483500
0.258720	-6.520300
0.258800	-6.508000
0.258880	-6.483500
0.258960	-6.520300
0.259040	-6.495800
0.259120	-6.544800
0.259200	-6.557000
0.259280	-6.557000
0.259360	-6.581500
0.259440	-6.581500
0.259520	-6.606000
0.259600	-6.593800
0.259680	-6.606000
0.259760	-6.618300
0.259840	-6.618300
0.259920	-6.618300
0.260000	-6.642800
0.260080	-6.630500
0.260160	-6.655000
0.260240	-6.630500
0.260320	-6.667300
0.260400	-6.667300
0.260480	-6.679500
0.260560	-6.691800
0.260640	-6.716300
0.260720	-6.728500
0.260800	-6.716300
0.260880	-6.716300
0.260960	-6.740800
0.261040	-6.728500
0.261120	-6.728500
0.261200	-6.728500
0.261280	-6.740800
0.261360	-6.740800
0.261440	-6.753000
0.261520	-6.777600
0.261600	-6.753000
0.261680	-6.777600
0.261760	-6.753000
0.261840	-6.740800
0.261920	-6.740800
0.262000	-6.753000
0.262080	-6.765300
0.262160	-6.753000
0.262240	-6.777600
0.262320	-6.753000
0.262400	-6.753000
0.262480	-6.765300
0.262560	-6.765300
0.262640	-6.765300
0.262720	-6.765300
0.262800	-6.789800
0.262880	-6.789800
0.262960	-6.802100
0.263040	-6.777600
0.263120	-6.814300
0.263200	-6.814300
0.263280	-6.826600
0.263360	-6.826600
0.263440	-6.826600
0.263520	-6.802100
0.263600	-6.814300
0.263680	-6.802100
0.263760	-6.789800
0.263840	-6.789800
0.263920	-6.814300
0.264000	-6.802100
0.264080	-6.838800
0.264160	-6.838800
0.264240	-6.838800
0.264320	-6.838800
0.264400	-6.851100
0.264480	-6.863300
0.264560	-6.887800
0.264640	-6.900100
0.264720	-6.887800
0.264800	-6.912300
0.264880	-6.875600
0.264960	-6.875600
0.265040	-6.851100
0.265120	-6.863300
0.265200	-6.875600
0.265280	-6.887800
0.265360	-6.900100
0.265440	-6.924600
0.265520	-6.912300
0.265600	-6.924600
0.265680	-6.936800
0.265760	-6.912300
0.265840	-6.936800
0.265920	-6.924600
0.266000	-6.961300
0.266080	-6.949100
0.266160	-6.961300
0.266240	-6.985800
0.266320	-6.985800
0.266400	-6.961300
0.266480	-6.985800
0.266560	-6.985800
0.266640	-6.998100
0.266720	-6.998100
0.266800	-7.010300
0.266880	-7.022600
0.266960	-7.034900
0.267040	-7.010300
0.267120	-7.022600
0.267200	-7.022600
0.267280	-7.022600
0.267360	-7.022600
0.267440	-7.022600
0.267520	-7.034900
0.267600	-7.047100
0.267680	-7.047100
0.267760	-7.022600
0.267840	-7.034900
0.267920	-7.047100
0.268000	-7.059400
0.268080	-7.034900
0.268160	-7.047100
0.268240	-7.047100
0.268320	-7.047100
0.268400	-7.047100
0.268480	-7.071600
0.268560	-7.047100
0.268640	-7.034900
0.268720	-7.071600
0.268800	-7.047100
0.268880	-7.059400
0.268960	-7.071600
0.269040	-7.059400
0.269120	-7.047100
0.269200	-7.059400
0.269280	-7.059400
0.269360	-7.047100
0.269440	-7.059400
0.269520	-7.047100
0.269600	-7.034900
0.269680	-7.047100
0.269760	-7.022600
0.269840	-7.034900
0.269920	-7.022600
0.270000	-7.022600
0.270080	-7.022600
0.270160	-7.010300
0.270240	-7.010300
0.270320	-7.022600
0.270400	-7.022600
0.270480	-7.010300
0.270560	-7.010300
0.270640	-7.022600
0.270720	-6.985800
0.270800	-6.998100
0.270880	-6.985800
0.270960	-6.961300
0.271040	-6.973600
0.271120	-6.961300
0.271200	-6.936800
0.271280	-6.961300
0.271360	-6.936800
0.271440	-6.936800
0.271520	-6.949100
0.271600	-6.936800
0.271680	-6.924600
0.271760	-6.912300
0.271840	-6.912300
0.271920	-6.912300
0.272000	-6.912300
0.272080	-6.924600
0.272160	-6.936800
0.272240	-6.912300
0.272320	-6.912300
0.272400	-6.887800
0.272480	-6.875600
0.272560	-6.875600
0.272640	-6.863300
0.272720	-6.875600
0.272800	-6.875600
0.272880	-6.875600
0.272960	-6.875600
0.273040	-6.863300
0.273120	-6.851100
0.273200	-6.851100
0.273280	-6.838800
0.273360	-6.814300
0.273440	-6.838800
0.273520	-6.838800
0.273600	-6.863300
0.273680	-6.826600
0.273760	-6.826600
0.273840	-6.814300
0.273920	-6.814300
0.274000	-6.814300
0.274080	-6.802100
0.274160	-6.814300
0.274240	-6.789800
0.274320	-6.777600
0.274400	-6.777600
0.274480	-6.765300
0.274560	-6.789800
0.274640	-6.765300
0.274720	-6.777600
0.274800	-6.777600
0.274880	-6.777600
0.274960	-6.765300
0.275040	-6.740800
0.275120	-6.740800
0.275200	-6.728500
0.275280	-6.740800
0.275360	-6.740800
0.275440	-6.753000
0.275520	-6.740800
0.275600	-6.740800
0.275680	-6.765300
0.275760	-6.740800
0.275840	-6.740800
0.275920	-6.716300
0.276000	-6.728500
0.276080	-6.716300
0.276160	-6.716300
0.276240	-6.704000
0.276320	-6.728500
0.276400	-6.716300
0.276480	-6.716300
0.276560	-6.704000
0.276640	-6.704000
0.276720	-6.716300
0.276800	-6.753000
0.276880	-6.740800
0.276960	-6.765300
0.277040	-6.765300
0.277120	-6.740800
0.277200	-6.753000
0.277280	-6.740800
0.277360	-6.765300
0.277440	-6.753000
0.277520	-6.753000
0.277600	-6.728500
0.277680	-6.740800
0.277760	-6.716300
0.277840	-6.740800
0.277920	-6.740800
0.278000	-6.704000
0.278080	-6.704000
0.278160	-6.691800
0.278240	-6.691800
0.278320	-6.679500
0.278400	-6.716300
0.278480	-6.704000
0.278560	-6.691800
0.278640	-6.716300
0.278720	-6.691800
0.278800	-6.679500
0.278880	-6.679500
0.278960	-6.667300
0.279040	-6.642800
0.279120	-6.642800
0.279200	-6.630500
0.279280	-6.642800
0.279360	-6.618300
0.279440	-6.618300
0.279520	-6.630500
0.279600	-6.606000
0.279680	-6.593800
0.279760	-6.569300
0.279840	-6.532500
0.279920	-6.532500
0.280000	-6.544800
0.280080	-6.544800
0.280160	-6.520300
0.280240	-6.520300
0.280320	-6.532500
0.280400	-6.495800
0.280480	-6.520300
0.280560	-6.520300
0.280640	-6.495800
0.280720	-6.508000
0.280800	-6.483500
0.280880	-6.471300
0.280960	-6.483500
0.281040	-6.471300
0.281120	-6.508000
0.281200	-6.495800
0.281280	-6.508000
0.281360	-6.520300
0.281440	-6.544800
0.281520	-6.544800
0.281600	-6.569300
0.281680	-6.581500
0.281760	-6.581500
0.281840	-6.630500
0.281920	-6.606000
0.282000	-6.618300
0.282080	-6.642800
0.282160	-6.679500
0.282240	-6.630500
0.282320	-6.655000
0.282400	-6.667300
0.282480	-6.691800
0.282560	-6.679500
0.282640	-6.691800
0.282720	-6.667300
0.282800	-6.679500
0.282880	-6.691800
0.282960	-6.679500
0.283040	-6.691800
0.283120	-6.704000
0.283200	-6.728500
0.283280	-6.691800
0.283360	-6.704000
0.283440	-6.655000
0.283520	-6.691800
0.283600	-6.716300
0.283680	-6.691800
0.283760	-6.691800
0.283840	-6.704000
0.283920	-6.691800
0.284000	-6.679500
0.284080	-6.642800
0.284160	-6.642800
0.284240	-6.642800
0.284320	-6.630500
0.284400	-6.618300
0.284480	-6.618300
0.284560	-6.606000
0.284640	-6.569300
0.284720	-6.569300
0.284800	-6.569300
0.284880	-6.581500
0.284960	-6.581500
0.285040	-6.557000
0.285120	-6.557000
0.285200	-6.557000
0.285280	-6.532500
0.285360	-6.532500
0.285440	-6.508000
0.285520	-6.508000
0.285600	-6.483500
0.285680	-6.483500
0.285760	-6.471300
0.285840	-6.459000
0.285920	-6.471300
0.286000	-6.459000
0.286080	-6.459000
0.286160	-6.446800
0.286240	-6.446800
0.286320	-6.446800
0.286400	-6.459000
0.286480	-6.459000
0.286560	-6.446800
0.286640	-6.483500
0.286720	-6.459000
0.286800	-6.471300
0.286880	-6.459000
0.286960	-6.471300
0.287040	-6.471300
0.287120	-6.471300
0.287200	-6.471300
0.287280	-6.471300
0.287360	-6.471300
0.287440	-6.459000
0.287520	-6.483500
0.287600	-6.471300
0.287680	-6.459000
0.287760	-6.446800
0.287840	-6.422200
0.287920	-6.446800
0.288000	-6.434500
0.288080	-6.459000
0.288160	-6.422200
0.288240	-6.434500
0.288320	-6.434500
0.288400	-6.446800
0.288480	-6.446800
0.288560	-6.459000
0.288640	-6.459000
0.288720	-6.446800
0.288800	-6.459000
0.288880	-6.446800
0.288960	-6.446800
0.289040	-6.471300
0.289120	-6.459000
0.289200	-6.471300
0.289280	-6.459000
0.289360	-6.459000
0.289440	-6.434500
0.289520	-6.446800
0.289600	-6.434500
0.289680	-6.434500
0.289760	-6.446800
0.289840	-6.410000
0.289920	-6.422200
0.290000	-6.434500
0.290080	-6.434500
0.290160	-6.422200
0.290240	-6.397700
0.290320	-6.397700
0.290400	-6.410000
0.290480	-6.410000
0.290560	-6.385500
0.290640	-6.397700
0.290720	-6.397700
0.290800	-6.397700
0.290880	-6.373200
0.290960	-6.385500
0.291040	-6.373200
0.291120	-6.385500
0.291200	-6.373200
0.291280	-6.373200
0.291360	-6.361000
0.291440	-6.373200
0.291520	-6.361000
0.291600	-6.348700
0.291680	-6.324200
0.291760	-6.348700
0.291840	-6.348700
0.291920	-6.336500
0.292000	-6.324200
0.292080	-6.312000
0.292160	-6.299700
0.292240	-6.312000
0.292320	-6.312000
0.292400	-6.299700
0.292480	-6.324200
0.292560	-6.299700
0.292640	-6.299700
0.292720	-6.299700
0.292800	-6.287500
0.292880	-6.299700
0.292960	-6.287500
0.293040	-6.299700
0.293120	-6.299700
0.293200	-6.287500
0.293280	-6.299700
0.293360	-6.263000
0.293440	-6.250700
0.293520	-6.263000
0.293600	-6.263000
0.293680	-6.287500
0.293760	-6.263000
0.293840	-6.250700
0.293920	-6.238500
0.294000	-6.226200
0.294080	-6.226200
0.294160	-6.226200
0.294240	-6.226200
0.294320	-6.250700
0.294400	-6.226200
0.294480	-6.214000
0.294560	-6.226200
0.294640	-6.238500
0.294720	-6.238500
0.294800	-6.238500
0.294880	-6.226200
0.294960	-6.214000
0.295040	-6.177200
0.295120	-6.214000
0.295200	-6.201700
0.295280	-6.214000
0.295360	-6.201700
0.295440	-6.177200
0.295520	-6.164900
0.295600	-6.152700
0.295680	-6.164900
0.295760	-6.164900
0.295840	-6.189500
0.295920	-6.140500
0.296000	-6.140500
0.296080	-6.128200
0.296160	-6.128200
0.296240	-6.128200
0.296320	-6.128200
0.296400	-6.103700
0.296480	-6.116000
0.296560	-6.116000
0.296640	-6.103700
0.296720	-6.116000
0.296800	-6.091400
0.296880	-6.079200
0.296960	-6.079200
0.297040	-6.054700
0.297120	-6.079200
0.297200	-6.066900
0.297280	-6.066900
0.297360	-6.054700
0.297440	-6.066900
0.297520	-6.054700
0.297600	-6.054700
0.297680	-6.054700
0.297760	-6.042400
0.297840	-6.042400
0.297920	-6.042400
0.298000	-6.030200
0.298080	-6.005700
0.298160	-6.005700
0.298240	-5.993400
0.298320	-6.005700
0.298400	-6.005700
0.298480	-5.993400
0.298560	-6.005700
0.298640	-5.993400
0.298720	-6.005700
0.298800	-5.981200
0.298880	-5.968900
0.298960	-5.956700
0.299040	-5.981200
0.299120	-5.932200
0.299200	-5.932200
0.299280	-5.919900
0.299360	-5.932200
0.299440	-5.919900
0.299520	-5.907700
0.299600	-5.907700
0.299680	-5.907700
0.299760	-5.895400
0.299840	-5.895400
0.299920	-5.895400
0.300000	-5.895400
0.300080	-5.883200
0.300160	-5.858700
0.300240	-5.883200
0.300320	-5.858700
0.300400	-5.821900
0.300480	-5.834100
0.300560	-5.821900
0.300640	-5.821900
0.300720	-5.809600
0.300800	-5.797400
0.300880	-5.821900
0.300960	-5.821900
0.301040	-5.785100
0.301120	-5.785100
0.301200	-5.772900
0.301280	-5.785100
0.301360	-5.785100
0.301440	-5.760600
0.301520	-5.748400
0.301600	-5.748400
0.301680	-5.748400
0.301760	-5.736100
0.301840	-5.748400
0.301920	-5.748400
0.302000	-5.736100
0.302080	-5.736100
0.302160	-5.711600
0.302240	-5.711600
0.302320	-5.674900
0.302400	-5.687100
0.302480	-5.699400
0.302560	-5.711600
0.302640	-5.662600
0.302720	-5.650400
0.302800	-5.638100
0.302880	-5.650400
0.302960	-5.613600
0.303040	-5.638100
0.303120	-5.638100
0.303200	-5.613600
0.303280	-5.576900
0.303360	-5.601400
0.303440	-5.564600
0.303520	-5.564600
0.303600	-5.552400
0.303680	-5.552400
0.303760	-5.540100
0.303840	-5.552400
0.303920	-5.552400
0.304000	-5.540100
0.304080	-5.527900
0.304160	-5.540100
0.304240	-5.515600
0.304320	-5.527900
0.304400	-5.491100
0.304480	-5.503300
0.304560	-5.515600
0.304640	-5.491100
0.304720	-5.491100
0.304800	-5.503300
0.304880	-5.503300
0.304960	-5.491100
0.305040	-5.478800
0.305120	-5.478800
0.305200	-5.454300
0.305280	-5.442100
0.305360	-5.429800
0.305440	-5.429800
0.305520	-5.405300
0.305600	-5.417600
0.305680	-5.393100
0.305760	-5.393100
0.305840	-5.393100
0.305920	-5.393100
0.306000	-5.368600
0.306080	-5.356300
0.306160	-5.344100
0.306240	-5.356300
0.306320	-5.356300
0.306400	-5.344100
0.306480	-5.344100
0.306560	-5.319600
0.306640	-5.319600
0.306720	-5.295100
0.306800	-5.270600
0.306880	-5.270600
0.306960	-5.246000
0.307040	-5.258300
0.307120	-5.258300
0.307200	-5.258300
0.307280	-5.270600
0.307360	-5.258300
0.307440	-5.246000
0.307520	-5.197100
0.307600	-5.172500
0.307680	-5.148000
0.307760	-5.160300
0.307840	-5.160300
0.307920	-5.172500
0.308000	-5.148000
0.308080	-5.160300
0.308160	-5.123500
0.308240	-5.099000
0.308320	-5.099000
0.308400	-5.123500
0.308480	-5.099000
0.308560	-5.086800
0.308640	-5.074500
0.308720	-5.086800
0.308800	-5.037800
0.308880	-5.037800
0.308960	-5.025500
0.309040	-5.001000
0.309120	-4.976500
0.309200	-5.001000
0.309280	-4.976500
0.309360	-5.001000
0.309440	-5.013300
0.309520	-4.976500
0.309600	-4.976500
0.309680	-4.964300
0.309760	-4.939800
0.309840	-4.927500
0.309920	-4.952000
