-0.020000	-1.001420
-0.019875	-0.782467
-0.019750	-0.563509
-0.019625	-0.928439
-0.019500	-0.271566
-0.019375	0.166350
-0.019250	0.239335
-0.019125	0.458293
-0.019000	0.896208
-0.018875	-0.125594
-0.018750	-0.782467
-0.018625	0.531279
-0.018500	0.604265
-0.018375	-0.052608
-0.018250	-0.855453
-0.018125	-0.928439
-0.018000	-0.782467
-0.017875	-0.490524
-0.017750	0.604265
-0.017625	0.458293
-0.017500	-0.052608
-0.017375	0.239335
-0.017250	-0.052608
-0.017125	0.312321
-0.017000	0.093364
-0.016875	0.093364
-0.016750	-0.198580
-0.016625	0.677251
-0.016500	0.385307
-0.016375	0.166350
-0.016250	1.042180
-0.016125	-0.198580
-0.016000	-0.928439
-0.015875	-0.417538
-0.015750	0.093364
-0.015625	0.823223
-0.015500	0.166350
-0.015375	-0.344552
-0.015250	0.166350
-0.015125	-0.344552
-0.015000	-0.052608
-0.014875	0.166350
-0.014750	-0.198580
-0.014625	-0.125594
-0.014500	-0.636495
-0.014375	-0.052608
-0.014250	0.458293
-0.014125	0.239335
-0.014000	0.093364
-0.013875	0.239335
-0.013750	0.166350
-0.013625	1.188150
-0.013500	0.093364
-0.013375	-0.636495
-0.013250	0.020378
-0.013125	0.312321
-0.013000	-0.709481
-0.012875	-1.439340
-0.012750	-0.782467
-0.012625	0.166350
-0.012500	0.385307
-0.012375	-0.417538
-0.012250	-0.417538
-0.012125	0.312321
-0.012000	0.385307
-0.011875	0.312321
-0.011750	-0.636495
-0.011625	-0.709481
-0.011500	0.604265
-0.011375	1.115170
-0.011250	0.604265
-0.011125	0.166350
-0.011000	-0.198580
-0.010875	0.239335
-0.010750	-0.271566
-0.010625	-0.344552
-0.010500	-0.344552
-0.010375	-0.855453
-0.010250	-1.658300
-0.010125	-0.855453
-0.010000	-0.782467
-0.009875	-0.928439
-0.009750	-0.709481
-0.009625	-0.125594
-0.009500	0.312321
-0.009375	0.020378
-0.009250	-0.563509
-0.009125	-0.271566
-0.009000	0.312321
-0.008875	0.823223
-0.008750	0.677251
-0.008625	1.042180
-0.008500	0.166350
-0.008375	-0.344552
-0.008250	0.166350
-0.008125	0.604265
-0.008000	0.166350
-0.007875	-0.198580
-0.007750	0.604265
-0.007625	0.093364
-0.007500	0.093364
-0.007375	1.042180
-0.007250	1.699050
-0.007125	0.458293
-0.007000	-0.052608
-0.006875	-0.271566
-0.006750	0.020378
-0.006625	-0.490524
-0.006500	-0.636495
-0.006375	-0.782467
-0.006250	-0.928439
-0.006125	-0.782467
-0.006000	-0.563509
-0.005875	-0.417538
-0.005750	0.531279
-0.005625	1.042180
-0.005500	1.042180
-0.005375	0.166350
-0.005250	-0.271566
-0.005125	0.166350
-0.005000	1.334120
-0.004875	0.750237
-0.004750	-0.052608
-0.004625	-0.563509
-0.004500	0.020378
-0.004375	0.750237
-0.004250	0.385307
-0.004125	-0.636495
-0.004000	0.166350
-0.003875	0.531279
-0.003750	-0.563509
-0.003625	0.750237
-0.003500	0.239335
-0.003375	0.166350
-0.003250	0.677251
-0.003125	0.531279
-0.003000	-0.417538
-0.002875	-0.928439
-0.002750	-0.563509
-0.002625	-0.344552
-0.002500	0.312321
-0.002375	0.677251
-0.002250	0.531279
-0.002125	0.312321
-0.002000	0.093364
-0.001875	0.020378
-0.001750	-0.563509
-0.001625	0.312321
-0.001500	0.385307
-0.001375	0.385307
-0.001250	-0.563509
-0.001125	-1.293370
-0.001000	-0.563509
-0.000875	0.458293
-0.000750	0.604265
-0.000625	0.093364
-0.000500	-0.052608
-0.000375	0.020378
-0.000250	0.677251
-0.000125	0.750237
0.000000	0.531279
0.000125	0.531279
0.000250	-0.563509
0.000375	0.020378
0.000500	-0.052608
0.000625	-0.490524
0.000750	0.020378
0.000875	-0.125594
0.001000	-0.636495
0.001125	-0.052608
0.001250	0.969194
0.001375	0.750237
0.001500	0.239335
0.001625	0.385307
0.001750	-0.417538
0.001875	0.239335
0.002000	0.604265
0.002125	0.823223
0.002250	-0.125594
0.002375	-0.782467
0.002500	0.093364
0.002625	0.239335
0.002750	0.458293
0.002875	0.166350
0.003000	0.239335
0.003125	0.093364
0.003250	-0.709481
0.003375	-0.198580
0.003500	0.020378
0.003625	-0.271566
0.003750	0.239335
0.003875	0.093364
0.004000	0.531279
0.004125	-0.052608
0.004250	0.312321
0.004375	0.020378
0.004500	0.677251
0.004625	0.312321
0.004750	-0.125594
0.004875	0.166350
0.005000	1.115170
0.005125	0.458293
0.005250	-1.001420
0.005375	-0.709481
0.005500	-0.271566
0.005625	-0.563509
0.005750	0.166350
0.005875	-0.052608
0.006000	-0.417538
0.006125	0.239335
0.006250	0.312321
0.006375	-0.271566
0.006500	0.093364
0.006625	0.677251
0.006750	0.239335
0.006875	0.166350
0.007000	-0.125594
0.007125	-0.490524
0.007250	-0.344552
0.007375	0.239335
0.007500	-0.198580
0.007625	-0.125594
0.007750	0.093364
0.007875	0.385307
0.008000	0.677251
0.008125	0.312321
0.008250	-0.344552
0.008375	0.531279
0.008500	0.239335
0.008625	-0.125594
0.008750	-0.052608
0.008875	0.239335
0.009000	-0.344552
0.009125	-0.344552
0.009250	-0.052608
0.009375	0.458293
0.009500	0.239335
0.009625	-0.271566
0.009750	-0.417538
0.009875	-0.271566
0.010000	-0.271566
0.010125	-0.490524
0.010250	0.385307
0.010375	0.896208
0.010500	1.115170
0.010625	0.896208
0.010750	0.385307
0.010875	-0.052608
0.011000	0.093364
0.011125	-0.271566
0.011250	-0.125594
0.011375	-0.417538
0.011500	0.020378
0.011625	-0.563509
0.011750	-0.782467
0.011875	-0.709481
0.012000	-0.271566
0.012125	0.020378
0.012250	-0.125594
0.012375	-0.344552
0.012500	0.166350
0.012625	-0.198580
0.012750	-0.271566
0.012875	0.458293
0.013000	0.750237
0.013125	-0.344552
0.013250	-0.855453
0.013375	0.896208
0.013500	1.407110
0.013625	0.823223
0.013750	0.458293
0.013875	-0.563509
0.014000	-0.928439
0.014125	-0.490524
0.014250	-0.344552
0.014375	-0.271566
0.014500	0.166350
0.014625	-0.563509
0.014750	-0.782467
0.014875	-0.928439
0.015000	-0.563509
0.015125	-0.198580
0.015250	-0.125594
0.015375	0.020378
0.015500	0.166350
0.015625	0.677251
0.015750	0.896208
0.015875	0.896208
0.016000	0.166350
0.016125	0.677251
0.016250	0.677251
0.016375	-0.344552
0.016500	-0.709481
0.016625	-0.417538
0.016750	0.020378
0.016875	0.312321
0.017000	-0.417538
0.017125	-0.636495
0.017250	-0.344552
0.017375	-0.052608
0.017500	-0.198580
0.017625	-0.490524
0.017750	0.166350
0.017875	1.042180
0.018000	1.042180
0.018125	0.750237
0.018250	0.093364
0.018375	-0.563509
0.018500	0.604265
0.018625	0.531279
0.018750	0.531279
0.018875	-0.052608
0.019000	0.677251
0.019125	-0.344552
0.019250	0.896208
0.019375	-0.271566
0.019500	-1.001420
0.019625	-0.709481
0.019750	-0.563509
0.019875	-1.001420
0.020000	-1.731280
0.020125	-0.855453
0.020250	0.896208
0.020375	1.480100
0.020500	0.093364
0.020625	-0.271566
0.020750	-0.198580
0.020875	0.823223
0.021000	0.385307
0.021125	-0.490524
0.021250	-0.271566
0.021375	0.239335
0.021500	0.458293
0.021625	0.166350
0.021750	-0.052608
0.021875	-0.198580
0.022000	0.750237
0.022125	1.407110
0.022250	0.823223
0.022375	0.312321
0.022500	0.385307
0.022625	0.020378
0.022750	-0.490524
0.022875	-0.782467
0.023000	1.553080
0.023125	-0.125594
0.023250	-0.855453
0.023375	-0.052608
0.023500	0.093364
0.023625	-0.563509
0.023750	-1.074410
0.023875	0.020378
0.024000	0.385307
0.024125	-0.782467
0.024250	-1.001420
0.024375	-0.417538
0.024500	0.385307
0.024625	0.312321
0.024750	-1.220380
0.024875	-0.782467
0.025000	0.531279
0.025125	0.677251
0.025250	0.239335
0.025375	0.020378
0.025500	0.239335
0.025625	0.677251
0.025750	0.750237
0.025875	0.166350
0.026000	-0.198580
0.026125	-0.344552
0.026250	-0.563509
0.026375	-0.490524
0.026500	-0.563509
0.026625	0.020378
0.026750	0.020378
0.026875	-1.147400
0.027000	-1.877260
0.027125	-0.417538
0.027250	1.188150
0.027375	1.407110
0.027500	-0.052608
0.027625	0.020378
0.027750	0.604265
0.027875	-0.052608
0.028000	-0.417538
0.028125	0.896208
0.028250	-0.125594
0.028375	0.385307
0.028500	0.166350
0.028625	-0.052608
0.028750	0.458293
0.028875	0.312321
0.029000	-0.052608
0.029125	0.020378
0.029250	0.239335
0.029375	-0.052608
0.029500	0.239335
0.029625	0.312321
0.029750	0.166350
0.029875	-0.855453
0.030000	-0.928439
0.030125	-0.563509
0.030250	0.531279
0.030375	1.115170
0.030500	0.823223
0.030625	0.239335
0.030750	0.166350
0.030875	0.458293
0.031000	-0.052608
0.031125	0.239335
0.031250	0.385307
0.031375	0.458293
0.031500	0.458293
0.031625	0.531279
0.031750	0.239335
0.031875	-0.344552
0.032000	0.312321
0.032125	0.312321
0.032250	0.750237
0.032375	1.626070
0.032500	1.261140
0.032625	0.312321
0.032750	0.166350
0.032875	-0.271566
0.033000	-0.198580
0.033125	0.020378
0.033250	-1.001420
0.033375	-1.366350
0.033500	-1.512330
0.033625	-1.220380
0.033750	-0.490524
0.033875	-1.074410
0.034000	-1.001420
0.034125	-1.439340
0.034250	-1.731280
0.034375	-0.636495
0.034500	-0.125594
0.034625	-0.417538
0.034750	-0.490524
0.034875	-0.052608
0.035000	-0.198580
0.035125	0.239335
0.035250	0.093364
0.035375	0.750237
0.035500	0.604265
0.035625	0.823223
0.035750	0.823223
0.035875	0.823223
0.036000	0.531279
0.036125	0.312321
0.036250	-0.709481
0.036375	-1.731280
0.036500	-2.461140
0.036625	-3.774890
0.036750	-4.139820
0.036875	-3.045030
0.037000	-2.899060
0.037125	-2.899060
0.037250	-2.753090
0.037375	-2.096210
0.037500	-1.001420
0.037625	-0.928439
0.037750	-0.782467
0.037875	-0.782467
0.038000	0.166350
0.038125	0.093364
0.038250	-0.490524
0.038375	-1.147400
0.038500	-1.293370
0.038625	-1.220380
0.038750	-1.147400
0.038875	-0.563509
0.039000	-0.125594
0.039125	-0.855453
0.039250	-1.220380
0.039375	-1.877260
0.039500	-2.680100
0.039625	-3.482950
0.039750	-3.993850
0.039875	-3.336970
0.040000	-2.315170
0.040125	-1.512330
0.040250	-1.658300
0.040375	-1.293370
0.040500	-0.928439
0.040625	-0.490524
0.040750	-0.490524
0.040875	-0.928439
0.041000	-0.271566
0.041125	0.239335
0.041250	-0.490524
0.041375	0.166350
0.041500	1.845020
0.041625	1.115170
0.041750	-0.344552
0.041875	-1.439340
0.042000	-1.293370
0.042125	-1.439340
0.042250	-1.585310
0.042375	-2.315170
0.042500	-2.388160
0.042625	-2.315170
0.042750	-2.534130
0.042875	-2.680100
0.043000	-2.169200
0.043125	-1.147400
0.043250	-0.490524
0.043375	-0.490524
0.043500	-1.512330
0.043625	-1.804270
0.043750	-1.658300
0.043875	-0.198580
0.044000	0.750237
0.044125	1.261140
0.044250	2.136970
0.044375	3.085790
0.044500	3.085790
0.044625	1.553080
0.044750	0.385307
0.044875	-0.198580
0.045000	-1.147400
0.045125	-1.731280
0.045250	-2.607110
0.045375	-2.607110
0.045500	-2.242190
0.045625	-1.585310
0.045750	-1.366350
0.045875	-2.096210
0.046000	-2.680100
0.046125	-3.118020
0.046250	-2.023230
0.046375	-1.293370
0.046500	-0.782467
0.046625	-1.512330
0.046750	-2.096210
0.046875	-2.534130
0.047000	-2.169200
0.047125	-1.293370
0.047250	-0.198580
0.047375	1.115170
0.047500	1.261140
0.047625	0.239335
0.047750	-0.855453
0.047875	-0.563509
0.048000	-0.490524
0.048125	-1.147400
0.048250	-1.658300
0.048375	-2.315170
0.048500	-1.658300
0.048625	-1.293370
0.048750	-1.804270
0.048875	-1.950240
0.049000	-1.439340
0.049125	-0.709481
0.049250	-1.220380
0.049375	-0.198580
0.049500	1.553080
0.049625	2.136970
0.049750	3.158770
0.049875	4.399530
0.050000	3.304740
0.050125	1.261140
0.050250	-0.052608
0.050375	-0.636495
0.050500	-0.198580
0.050625	0.677251
0.050750	2.136970
0.050875	1.772040
0.051000	0.604265
0.051125	-0.490524
0.051250	-0.855453
0.051375	-1.804270
0.051500	-1.585310
0.051625	0.166350
0.051750	1.626070
0.051875	1.115170
0.052000	1.772040
0.052125	2.793840
0.052250	2.136970
0.052375	1.115170
0.052500	1.115170
0.052625	2.209950
0.052750	3.450720
0.052875	2.501900
0.053000	1.407110
0.053125	-0.198580
0.053250	-2.753090
0.053375	-4.212800
0.053500	-5.526550
0.053625	-5.088630
0.053750	-3.409960
0.053875	-1.512330
0.054000	0.020378
0.054125	1.042180
0.054250	2.574880
0.054375	2.793840
0.054500	2.866830
0.054625	2.136970
0.054750	2.428910
0.054875	3.377730
0.055000	4.326550
0.055125	3.815640
0.055250	2.282940
0.055375	0.239335
0.055500	-1.366350
0.055625	-2.461140
0.055750	-3.701900
0.055875	-3.701900
0.056000	-2.388160
0.056125	0.093364
0.056250	0.385307
0.056375	-1.147400
0.056500	-1.074410
0.056625	-1.074410
0.056750	-0.782467
0.056875	0.458293
0.057000	0.896208
0.057125	2.282940
0.057250	3.304740
0.057375	3.742660
0.057500	3.012800
0.057625	1.991000
0.057750	1.699050
0.057875	0.458293
0.058000	1.626070
0.058125	1.772040
0.058250	3.012800
0.058375	3.304740
0.058500	2.647870
0.058625	2.355930
0.058750	2.063980
0.058875	1.480100
0.059000	1.480100
0.059125	2.063980
0.059250	2.866830
0.059375	3.742660
0.059500	2.647870
0.059625	1.407110
0.059750	1.115170
0.059875	0.823223
0.060000	0.531279
0.060125	0.166350
0.060250	0.750237
0.060375	0.604265
0.060500	-1.220380
0.060625	-1.950240
0.060750	-2.607110
0.060875	-2.096210
0.061000	-1.366350
0.061125	-0.271566
0.061250	0.604265
0.061375	0.385307
0.061500	1.334120
0.061625	1.918010
0.061750	1.115170
0.061875	0.385307
0.062000	-0.563509
0.062125	-0.709481
0.062250	-0.271566
0.062375	0.604265
0.062500	0.166350
0.062625	0.531279
0.062750	0.458293
0.062875	0.020378
0.063000	1.407110
0.063125	1.042180
0.063250	0.239335
0.063375	-0.198580
0.063500	-0.125594
0.063625	0.385307
0.063750	0.458293
0.063875	1.188150
0.064000	0.531279
0.064125	0.604265
0.064250	2.136970
0.064375	2.866830
0.064500	3.596690
0.064625	3.596690
0.064750	3.158770
0.064875	2.209950
0.065000	2.063980
0.065125	2.282940
0.065250	1.042180
0.065375	0.896208
0.065500	0.969194
0.065625	-0.271566
0.065750	-1.512330
0.065875	-2.388160
0.066000	-3.409960
0.066125	-3.409960
0.066250	-1.804270
0.066375	-0.782467
0.066500	0.312321
0.066625	0.458293
0.066750	0.239335
0.066875	0.750237
0.067000	1.115170
0.067125	0.239335
0.067250	-0.271566
0.067375	0.020378
0.067500	-0.198580
0.067625	0.166350
0.067750	1.334120
0.067875	1.115170
0.068000	1.699050
0.068125	1.699050
0.068250	2.355930
0.068375	1.991000
0.068500	0.093364
0.068625	-0.417538
0.068750	0.312321
0.068875	1.553080
0.069000	2.720860
0.069125	3.231760
0.069250	3.450720
0.069375	3.888630
0.069500	2.939810
0.069625	3.012800
0.069750	2.428910
0.069875	0.969194
0.070000	0.020378
0.070125	-0.271566
0.070250	-1.001420
0.070375	-0.636495
0.070500	-0.636495
0.070625	0.166350
0.070750	0.458293
0.070875	-0.344552
0.071000	-1.147400
0.071125	0.093364
0.071250	1.407110
0.071375	1.699050
0.071500	1.918010
0.071625	1.115170
0.071750	1.042180
0.071875	1.845020
0.072000	1.699050
0.072125	0.969194
0.072250	0.896208
0.072375	0.239335
0.072500	-1.585310
0.072625	-3.336970
0.072750	-3.118020
0.072875	-2.169200
0.073000	-1.293370
0.073125	-0.709481
0.073250	-0.052608
0.073375	0.093364
0.073500	0.385307
0.073625	-0.563509
0.073750	-1.293370
0.073875	0.458293
0.074000	3.669670
0.074125	5.713280
0.074250	5.275360
0.074375	3.012800
0.074500	0.604265
0.074625	0.166350
0.074750	1.115170
0.074875	2.209950
0.075000	1.918010
0.075125	1.699050
0.075250	2.647870
0.075375	1.407110
0.075500	-0.709481
0.075625	-1.731280
0.075750	-2.315170
0.075875	-2.534130
0.076000	-2.096210
0.076125	-1.147400
0.076250	-0.709481
0.076375	-0.198580
0.076500	-1.366350
0.076625	-3.263990
0.076750	-3.409960
0.076875	-2.315170
0.077000	-1.731280
0.077125	-1.950240
0.077250	-2.680100
0.077375	-3.045030
0.077500	-2.096210
0.077625	-0.052608
0.077750	1.188150
0.077875	3.742660
0.078000	4.326550
0.078125	2.063980
0.078250	0.823223
0.078375	0.166350
0.078500	0.969194
0.078625	2.939810
0.078750	4.180570
0.078875	5.567310
0.079000	5.056400
0.079125	3.742660
0.079250	2.501900
0.079375	1.261140
0.079500	0.312321
0.079625	-1.220380
0.079750	-2.972040
0.079875	-3.045030
0.080000	-2.315170
0.080125	-1.439340
0.080250	-1.512330
0.080375	-2.753090
0.080500	-2.899060
0.080625	-1.950240
0.080750	-1.293370
0.080875	-0.636495
0.081000	-1.512330
0.081125	-1.512330
0.081250	-0.271566
0.081375	1.261140
0.081500	1.772040
0.081625	1.991000
0.081750	1.845020
0.081875	1.845020
0.082000	1.626070
0.082125	2.136970
0.082250	1.991000
0.082375	1.188150
0.082500	1.480100
0.082625	1.991000
0.082750	1.188150
0.082875	-0.344552
0.083000	-2.680100
0.083125	-1.950240
0.083250	-0.782467
0.083375	0.020378
0.083500	1.042180
0.083625	0.458293
0.083750	-1.001420
0.083875	-1.001420
0.084000	-1.366350
0.084125	-0.490524
0.084250	-0.709481
0.084375	-0.052608
0.084500	0.677251
0.084625	0.969194
0.084750	-0.271566
0.084875	-0.271566
0.085000	0.969194
0.085125	2.428910
0.085250	3.450720
0.085375	2.939810
0.085500	1.261140
0.085625	1.480100
0.085750	1.115170
0.085875	0.166350
0.086000	-0.709481
0.086125	-1.147400
0.086250	-0.855453
0.086375	-0.636495
0.086500	-0.855453
0.086625	-0.052608
0.086750	-0.782467
0.086875	-2.023230
0.087000	-3.336970
0.087125	-2.753090
0.087250	-1.220380
0.087375	-0.563509
0.087500	0.239335
0.087625	1.772040
0.087750	1.188150
0.087875	0.604265
0.088000	0.677251
0.088125	0.531279
0.088250	0.896208
0.088375	1.334120
0.088500	1.991000
0.088625	2.866830
0.088750	2.720860
0.088875	0.969194
0.089000	0.750237
0.089125	-0.417538
0.089250	-0.636495
0.089375	-0.344552
0.089500	-0.782467
0.089625	0.312321
0.089750	0.020378
0.089875	1.042180
0.090000	1.480100
0.090125	1.480100
0.090250	2.209950
0.090375	3.304740
0.090500	3.158770
0.090625	1.991000
0.090750	3.742660
0.090875	6.151190
0.091000	5.640290
0.091125	3.377730
0.091250	2.209950
0.091375	0.312321
0.091500	-0.928439
0.091625	-1.147400
0.091750	0.239335
0.091875	1.480100
0.092000	2.063980
0.092125	2.063980
0.092250	2.355930
0.092375	2.428910
0.092500	1.042180
0.092625	0.239335
0.092750	-0.344552
0.092875	0.969194
0.093000	1.188150
0.093125	0.750237
0.093250	1.188150
0.093375	0.896208
0.093500	0.239335
0.093625	0.458293
0.093750	1.188150
0.093875	0.750237
0.094000	0.604265
0.094125	-0.563509
0.094250	-1.585310
0.094375	-0.198580
0.094500	0.385307
0.094625	0.239335
0.094750	0.750237
0.094875	1.480100
0.095000	1.407110
0.095125	0.458293
0.095250	0.896208
0.095375	0.093364
0.095500	-1.147400
0.095625	-0.052608
0.095750	-0.344552
0.095875	-0.198580
0.096000	1.407110
0.096125	1.042180
0.096250	0.020378
0.096375	-0.052608
0.096500	0.750237
0.096625	0.969194
0.096750	0.385307
0.096875	-0.052608
0.097000	-0.271566
0.097125	-1.585310
0.097250	-2.461140
0.097375	-1.950240
0.097500	-1.658300
0.097625	0.020378
0.097750	0.604265
0.097875	0.896208
0.098000	1.042180
0.098125	-0.855453
0.098250	-1.585310
0.098375	-2.242190
0.098500	-1.439340
0.098625	0.969194
0.098750	1.115170
0.098875	1.772040
0.099000	2.720860
0.099125	1.407110
0.099250	0.604265
0.099375	-0.855453
0.099500	-2.753090
0.099625	-2.169200
0.099750	-2.242190
0.099875	-1.731280
0.100000	-1.804270
0.100125	-2.388160
0.100250	-1.439340
0.100375	-2.242190
0.100500	-2.607110
0.100625	-2.972040
0.100750	-3.118020
0.100875	-1.658300
0.101000	-2.607110
0.101125	-2.899060
0.101250	-2.242190
0.101375	-2.826070
0.101500	-1.439340
0.101625	-0.125594
0.101750	-0.271566
0.101875	-0.855453
0.102000	-1.658300
0.102125	-0.563509
0.102250	-0.855453
0.102375	-1.220380
0.102500	-0.928439
0.102625	-1.439340
0.102750	-1.512330
0.102875	-1.950240
0.103000	-2.826070
0.103125	-3.920860
0.103250	-5.161620
0.103375	-5.161620
0.103500	-3.191000
0.103625	-2.315170
0.103750	-2.534130
0.103875	-3.555930
0.104000	-3.263990
0.104125	-1.950240
0.104250	-2.096210
0.104375	-1.439340
0.104500	-0.709481
0.104625	0.458293
0.104750	0.896208
0.104875	1.188150
0.105000	1.334120
0.105125	-0.563509
0.105250	-1.001420
0.105375	-0.636495
0.105500	-1.804270
0.105625	-2.607110
0.105750	-3.118020
0.105875	-3.045030
0.106000	-4.577730
0.106125	-5.964470
0.106250	-5.599540
0.106375	-4.285790
0.106500	-2.461140
0.106625	-2.899060
0.106750	-3.263990
0.106875	-3.409960
0.107000	-4.066830
0.107125	-2.680100
0.107250	-0.782467
0.107375	0.093364
0.107500	0.312321
0.107625	0.166350
0.107750	-0.490524
0.107875	0.093364
0.108000	-0.928439
0.108125	-1.366350
0.108250	-1.877260
0.108375	-2.461140
0.108500	-1.366350
0.108625	-2.534130
0.108750	-2.461140
0.108875	-2.169200
0.109000	-1.950240
0.109125	-1.074410
0.109250	-2.096210
0.109375	-2.023230
0.109500	-2.972040
0.109625	-2.753090
0.109750	-2.607110
0.109875	-2.461140
0.110000	-2.388160
0.110125	-2.534130
0.110250	-2.169200
0.110375	-1.001420
0.110500	-1.585310
0.110625	-1.804270
0.110750	-1.731280
0.110875	-1.512330
0.111000	-0.636495
0.111125	-1.585310
0.111250	-2.023230
0.111375	-3.336970
0.111500	-3.482950
0.111625	-3.045030
0.111750	-3.263990
0.111875	-2.242190
0.112000	-2.534130
0.112125	-2.096210
0.112250	-1.585310
0.112375	-1.585310
0.112500	-0.636495
0.112625	-1.001420
0.112750	-1.001420
0.112875	-0.198580
0.113000	1.042180
0.113125	0.969194
0.113250	-1.512330
0.113375	-2.461140
0.113500	-2.023230
0.113625	-2.534130
0.113750	-2.753090
0.113875	-1.731280
0.114000	-0.855453
0.114125	-1.512330
0.114250	-1.366350
0.114375	-0.563509
0.114500	-1.001420
0.114625	-0.782467
0.114750	-0.709481
0.114875	-1.950240
0.115000	-2.899060
0.115125	-2.753090
0.115250	-1.366350
0.115375	-0.198580
0.115500	-0.271566
0.115625	-1.147400
0.115750	-0.782467
0.115875	-0.125594
0.116000	-0.417538
0.116125	-0.563509
0.116250	-0.636495
0.116375	-0.709481
0.116500	-1.731280
0.116625	-1.731280
0.116750	-1.877260
0.116875	-2.388160
0.117000	-1.220380
0.117125	-1.804270
0.117250	-1.147400
0.117375	-0.271566
0.117500	-0.271566
0.117625	-0.052608
0.117750	0.093364
0.117875	0.458293
0.118000	0.458293
0.118125	-1.731280
0.118250	-2.899060
0.118375	-3.847870
0.118500	-2.899060
0.118625	-1.804270
0.118750	-0.490524
0.118875	0.823223
0.119000	0.823223
0.119125	0.896208
0.119250	-0.563509
0.119375	-2.096210
0.119500	-2.023230
0.119625	-1.512330
0.119750	1.845020
0.119875	1.772040
0.120000	1.261140
0.120125	0.531279
0.120250	-1.366350
0.120375	-2.169200
0.120500	-1.877260
0.120625	-1.658300
0.120750	-2.096210
0.120875	-1.439340
0.121000	0.677251
0.121125	0.385307
0.121250	-0.855453
0.121375	-1.147400
0.121500	-1.731280
0.121625	-1.585310
0.121750	-1.512330
0.121875	0.020378
0.122000	0.896208
0.122125	0.896208
0.122250	0.166350
0.122375	-1.512330
0.122500	-1.950240
0.122625	-1.658300
0.122750	-2.169200
0.122875	-1.512330
0.123000	-0.782467
0.123125	0.458293
0.123250	0.093364
0.123375	-0.855453
0.123500	0.020378
0.123625	-0.490524
0.123750	-0.563509
0.123875	-2.023230
0.124000	-2.023230
0.124125	-0.636495
0.124250	0.093364
0.124375	0.823223
0.124500	1.115170
0.124625	0.823223
0.124750	0.312321
0.124875	-0.636495
0.125000	-0.271566
0.125125	-0.490524
0.125250	-1.220380
0.125375	-0.709481
0.125500	-0.782467
0.125625	0.458293
0.125750	0.239335
0.125875	-0.125594
0.126000	-0.052608
0.126125	0.312321
0.126250	0.312321
0.126375	0.093364
0.126500	0.896208
0.126625	1.334120
0.126750	0.750237
0.126875	0.531279
0.127000	1.188150
0.127125	0.823223
0.127250	-0.052608
0.127375	0.239335
0.127500	-0.198580
0.127625	-0.928439
0.127750	-0.198580
0.127875	0.093364
0.128000	0.312321
0.128125	0.531279
0.128250	0.604265
0.128375	0.093364
0.128500	0.166350
0.128625	0.604265
0.128750	1.261140
0.128875	0.896208
0.129000	0.969194
0.129125	1.261140
0.129250	0.604265
0.129375	-0.052608
0.129500	-0.563509
0.129625	0.239335
0.129750	0.312321
0.129875	-0.271566
0.130000	0.385307
0.130125	0.750237
0.130250	1.772040
0.130375	1.042180
0.130500	0.823223
0.130625	0.823223
0.130750	0.093364
0.130875	-0.052608
0.131000	0.458293
0.131125	1.334120
0.131250	0.823223
0.131375	-0.344552
0.131500	-0.052608
0.131625	0.604265
0.131750	0.531279
0.131875	0.604265
0.132000	-0.125594
0.132125	-0.271566
0.132250	-0.563509
0.132375	-1.001420
0.132500	-0.344552
0.132625	-0.782467
0.132750	-1.074410
0.132875	-1.147400
0.133000	0.385307
0.133125	1.407110
0.133250	2.136970
0.133375	1.480100
0.133500	1.261140
0.133625	1.115170
0.133750	0.239335
0.133875	-0.271566
0.134000	-0.636495
0.134125	0.239335
0.134250	1.699050
0.134375	1.261140
0.134500	1.407110
0.134625	0.969194
0.134750	-0.052608
0.134875	-1.001420
0.135000	-1.366350
0.135125	-0.855453
0.135250	0.604265
0.135375	0.604265
0.135500	1.115170
0.135625	1.845020
0.135750	2.209950
0.135875	0.750237
0.136000	0.239335
0.136125	-0.198580
0.136250	0.166350
0.136375	0.312321
0.136500	0.312321
0.136625	-0.125594
0.136750	-0.490524
0.136875	-0.490524
0.137000	-0.563509
0.137125	-1.585310
0.137250	-1.366350
0.137375	-0.198580
0.137500	0.385307
0.137625	1.699050
0.137750	1.626070
0.137875	1.407110
0.138000	0.604265
0.138125	-1.293370
0.138250	-0.052608
0.138375	1.845020
0.138500	1.553080
0.138625	2.355930
0.138750	3.231760
0.138875	1.772040
0.139000	0.750237
0.139125	0.239335
0.139250	-1.658300
0.139375	-2.169200
0.139500	-1.585310
0.139625	-1.658300
0.139750	-0.709481
0.139875	-0.052608
0.140000	-0.344552
0.140125	0.166350
0.140250	-0.928439
0.140375	-0.928439
0.140500	-0.125594
0.140625	0.020378
0.140750	-1.147400
0.140875	-0.052608
0.141000	1.845020
0.141125	1.042180
0.141250	0.312321
0.141375	0.312321
0.141500	0.969194
0.141625	0.896208
0.141750	0.750237
0.141875	-0.125594
0.142000	-0.125594
0.142125	0.677251
0.142250	-0.344552
0.142375	-0.563509
0.142500	0.020378
0.142625	0.604265
0.142750	1.772040
0.142875	1.626070
0.143000	0.677251
0.143125	-0.417538
0.143250	-1.293370
0.143375	-0.709481
0.143500	-0.928439
0.143625	-1.220380
0.143750	-0.271566
0.143875	-0.563509
0.144000	-0.563509
0.144125	0.093364
0.144250	0.312321
0.144375	-0.125594
0.144500	0.750237
0.144625	0.823223
0.144750	0.458293
0.144875	0.823223
0.145000	1.188150
0.145125	1.115170
0.145250	1.115170
0.145375	1.480100
0.145500	1.845020
0.145625	2.063980
0.145750	2.282940
0.145875	2.574880
0.146000	1.626070
0.146125	0.020378
0.146250	-1.585310
0.146375	-1.585310
0.146500	-0.855453
0.146625	-1.439340
0.146750	-0.782467
0.146875	0.093364
0.147000	0.166350
0.147125	0.385307
0.147250	0.750237
0.147375	0.385307
0.147500	0.604265
0.147625	1.042180
0.147750	0.896208
0.147875	-1.877260
0.148000	-3.774890
0.148125	-3.263990
0.148250	-2.388160
0.148375	-0.855453
0.148500	0.385307
0.148625	1.626070
0.148750	1.845020
0.148875	1.407110
0.149000	0.896208
0.149125	0.677251
0.149250	-0.636495
0.149375	-1.585310
0.149500	-0.271566
0.149625	0.020378
0.149750	0.531279
0.149875	0.458293
0.150000	1.188150
0.150125	1.845020
0.150250	1.699050
0.150375	0.750237
0.150500	-0.417538
0.150625	-0.344552
0.150750	-0.125594
0.150875	0.531279
0.151000	1.042180
0.151125	-0.198580
0.151250	-1.147400
0.151375	-0.417538
0.151500	-0.052608
0.151625	-0.198580
0.151750	-0.052608
0.151875	1.699050
0.152000	3.377730
0.152125	3.669670
0.152250	2.428910
0.152375	-0.198580
0.152500	-1.950240
0.152625	-1.585310
0.152750	-1.293370
0.152875	-0.563509
0.153000	-1.220380
0.153125	-0.563509
0.153250	0.458293
0.153375	0.823223
0.153500	-0.344552
0.153625	-1.366350
0.153750	-0.636495
0.153875	1.188150
0.154000	1.480100
0.154125	2.282940
0.154250	2.355930
0.154375	1.553080
0.154500	0.239335
0.154625	-2.315170
0.154750	-3.920860
0.154875	-4.431760
0.155000	-2.315170
0.155125	0.823223
0.155250	2.501900
0.155375	3.523700
0.155500	3.742660
0.155625	2.574880
0.155750	0.896208
0.155875	-0.563509
0.156000	-1.950240
0.156125	-0.782467
0.156250	0.750237
0.156375	0.896208
0.156500	1.699050
0.156625	2.355930
0.156750	1.991000
0.156875	1.553080
0.157000	1.334120
0.157125	2.282940
0.157250	3.815640
0.157375	4.107590
0.157500	3.085790
0.157625	2.355930
0.157750	1.115170
0.157875	-0.198580
0.158000	0.239335
0.158125	-0.563509
0.158250	-1.439340
0.158375	-1.950240
0.158500	-0.855453
0.158625	0.312321
0.158750	-0.198580
0.158875	-0.125594
0.159000	0.531279
0.159125	0.458293
0.159250	0.312321
0.159375	-0.782467
0.159500	-0.490524
0.159625	0.531279
0.159750	0.604265
0.159875	-0.417538
0.160000	-1.147400
0.160125	-0.417538
0.160250	-0.125594
0.160375	0.166350
0.160500	0.604265
0.160625	1.261140
0.160750	2.063980
0.160875	2.647870
0.161000	2.866830
0.161125	1.553080
0.161250	-0.198580
0.161375	-1.293370
0.161500	-0.417538
0.161625	-0.052608
0.161750	-0.344552
0.161875	-0.125594
0.162000	0.969194
0.162125	1.699050
0.162250	1.334120
0.162375	1.626070
0.162500	1.407110
0.162625	-0.417538
0.162750	-0.344552
0.162875	-0.125594
0.163000	0.166350
0.163125	1.188150
0.163250	1.845020
0.163375	2.574880
0.163500	1.407110
0.163625	1.042180
0.163750	-0.271566
0.163875	-0.855453
0.164000	-1.293370
0.164125	-0.636495
0.164250	-0.417538
0.164375	0.093364
0.164500	-0.198580
0.164625	0.385307
0.164750	1.407110
0.164875	1.407110
0.165000	0.531279
0.165125	0.239335
0.165250	0.239335
0.165375	1.699050
0.165500	2.574880
0.165625	2.428910
0.165750	1.042180
0.165875	0.458293
0.166000	0.458293
0.166125	0.166350
0.166250	-0.344552
0.166375	-0.490524
0.166500	0.239335
0.166625	0.531279
0.166750	-0.271566
0.166875	-0.563509
0.167000	-1.366350
0.167125	-1.731280
0.167250	-1.147400
0.167375	-1.074410
0.167500	-0.417538
0.167625	0.239335
0.167750	1.261140
0.167875	1.042180
0.168000	1.699050
0.168125	1.553080
0.168250	0.458293
0.168375	0.458293
0.168500	-0.125594
0.168625	-0.636495
0.168750	-0.782467
0.168875	0.093364
0.169000	0.166350
0.169125	0.239335
0.169250	0.823223
0.169375	0.458293
0.169500	-0.125594
0.169625	0.239335
0.169750	0.896208
0.169875	0.385307
0.170000	0.239335
0.170125	-0.855453
0.170250	-1.585310
0.170375	-1.950240
0.170500	-0.855453
0.170625	1.115170
0.170750	2.209950
0.170875	1.991000
0.171000	2.063980
0.171125	1.042180
0.171250	0.531279
0.171375	0.531279
0.171500	-0.052608
0.171625	-0.563509
0.171750	-0.344552
0.171875	-0.709481
0.172000	-0.782467
0.172125	-0.271566
0.172250	-0.052608
0.172375	0.020378
0.172500	0.750237
0.172625	1.480100
0.172750	0.969194
0.172875	0.239335
0.173000	0.969194
0.173125	0.823223
0.173250	-0.344552
0.173375	-0.928439
0.173500	-0.709481
0.173625	-0.782467
0.173750	-1.220380
0.173875	-0.052608
0.174000	0.239335
0.174125	-0.052608
0.174250	0.823223
0.174375	1.480100
0.174500	0.896208
0.174625	0.896208
0.174750	0.312321
0.174875	0.312321
0.175000	0.093364
0.175125	-0.709481
0.175250	-1.512330
0.175375	-0.855453
0.175500	-0.052608
0.175625	-0.125594
0.175750	-0.563509
0.175875	0.166350
0.176000	0.969194
0.176125	1.042180
0.176250	0.604265
0.176375	1.042180
0.176500	-0.417538
0.176625	-0.052608
0.176750	0.385307
0.176875	-0.271566
0.177000	-0.198580
0.177125	-1.293370
0.177250	-0.417538
0.177375	0.823223
0.177500	0.239335
0.177625	1.042180
0.177750	1.042180
0.177875	2.063980
0.178000	2.574880
0.178125	1.699050
0.178250	0.677251
0.178375	-0.709481
0.178500	-1.366350
0.178625	-0.563509
0.178750	-1.001420
0.178875	-1.585310
0.179000	-1.366350
0.179125	0.531279
0.179250	1.553080
0.179375	0.458293
0.179500	-0.417538
0.179625	0.969194
0.179750	1.845020
0.179875	1.845020
0.180000	0.896208
0.180125	-0.709481
0.180250	-0.490524
0.180375	-0.417538
0.180500	-1.731280
0.180625	-0.855453
0.180750	-1.585310
0.180875	-0.709481
0.181000	0.166350
0.181125	1.042180
0.181250	1.042180
0.181375	1.042180
0.181500	0.969194
0.181625	-0.125594
0.181750	-0.271566
0.181875	-0.198580
0.182000	0.239335
0.182125	0.385307
0.182250	0.093364
0.182375	0.093364
0.182500	0.239335
0.182625	0.312321
0.182750	0.750237
0.182875	-0.125594
0.183000	-0.125594
0.183125	-0.125594
0.183250	-0.198580
0.183375	-0.636495
0.183500	-0.855453
0.183625	-0.344552
0.183750	-1.512330
0.183875	-1.074410
0.184000	-1.074410
0.184125	-0.271566
0.184250	0.020378
0.184375	-0.271566
0.184500	0.020378
0.184625	1.261140
0.184750	0.677251
0.184875	0.458293
0.185000	1.115170
0.185125	0.969194
0.185250	0.239335
0.185375	-0.271566
0.185500	-0.709481
0.185625	-1.512330
0.185750	-1.366350
0.185875	-0.271566
0.186000	0.166350
0.186125	-0.344552
0.186250	1.042180
0.186375	0.896208
0.186500	1.626070
0.186625	1.115170
0.186750	0.385307
0.186875	0.531279
0.187000	0.093364
0.187125	-1.074410
0.187250	-0.709481
0.187375	-0.417538
0.187500	-0.344552
0.187625	-0.417538
0.187750	-0.490524
0.187875	0.385307
0.188000	0.531279
0.188125	1.334120
0.188250	2.063980
0.188375	1.699050
0.188500	0.385307
0.188625	-1.074410
0.188750	-1.074410
0.188875	-1.512330
0.189000	-1.293370
0.189125	-0.125594
0.189250	0.677251
0.189375	1.042180
0.189500	0.677251
0.189625	0.458293
0.189750	-0.344552
0.189875	-0.563509
0.190000	-0.709481
0.190125	-0.417538
0.190250	1.042180
0.190375	1.042180
0.190500	1.042180
0.190625	0.750237
0.190750	-0.563509
0.190875	-1.293370
0.191000	-1.220380
0.191125	-0.709481
0.191250	-0.125594
0.191375	0.823223
0.191500	0.750237
0.191625	0.458293
0.191750	0.896208
0.191875	1.042180
0.192000	0.312321
0.192125	-0.636495
0.192250	-1.439340
0.192375	-1.366350
0.192500	-0.563509
0.192625	-0.563509
0.192750	-0.417538
0.192875	0.385307
0.193000	0.239335
0.193125	-0.198580
0.193250	0.020378
0.193375	0.823223
0.193500	0.969194
0.193625	0.896208
0.193750	0.385307
0.193875	-0.125594
0.194000	-0.709481
0.194125	-0.709481
0.194250	-0.344552
0.194375	0.531279
0.194500	0.166350
0.194625	0.020378
0.194750	0.312321
0.194875	0.604265
0.195000	0.677251
0.195125	0.020378
0.195250	-0.490524
0.195375	-0.198580
0.195500	0.458293
0.195625	0.020378
0.195750	-0.490524
0.195875	0.093364
0.196000	0.093364
0.196125	-0.417538
0.196250	0.312321
0.196375	0.458293
0.196500	0.239335
0.196625	0.750237
0.196750	1.407110
0.196875	1.115170
0.197000	0.531279
0.197125	-0.782467
0.197250	-0.855453
0.197375	-0.636495
0.197500	-0.855453
0.197625	-0.344552
0.197750	0.166350
0.197875	0.604265
0.198000	0.239335
0.198125	1.407110
0.198250	0.093364
0.198375	-0.198580
0.198500	-0.198580
0.198625	0.896208
0.198750	1.407110
0.198875	1.188150
0.199000	0.458293
0.199125	0.020378
0.199250	1.626070
0.199375	0.458293
0.199500	-1.731280
0.199625	-1.658300
0.199750	-1.439340
0.199875	-0.855453
0.200000	-0.709481
0.200125	0.093364
0.200250	0.239335
0.200375	0.093364
0.200500	0.677251
0.200625	0.020378
0.200750	0.020378
0.200875	0.312321
0.201000	0.896208
0.201125	0.823223
0.201250	0.239335
0.201375	0.239335
0.201500	0.166350
0.201625	-0.125594
0.201750	-0.928439
0.201875	-0.417538
0.202000	0.677251
0.202125	0.896208
0.202250	1.553080
0.202375	-0.344552
0.202500	-1.220380
0.202625	-1.658300
0.202750	-1.804270
0.202875	-0.855453
0.203000	0.531279
0.203125	1.626070
0.203250	0.969194
0.203375	-0.271566
0.203500	0.531279
0.203625	0.020378
0.203750	0.020378
0.203875	0.239335
0.204000	-0.198580
0.204125	0.093364
0.204250	0.750237
0.204375	1.261140
0.204500	0.166350
0.204625	-0.563509
0.204750	-0.855453
0.204875	-0.417538
0.205000	1.407110
0.205125	1.261140
0.205250	0.239335
0.205375	0.458293
0.205500	0.677251
0.205625	1.553080
0.205750	1.918010
0.205875	0.750237
0.206000	0.531279
0.206125	1.407110
0.206250	0.093364
0.206375	-0.636495
0.206500	-1.220380
0.206625	-0.344552
0.206750	-0.125594
0.206875	0.312321
0.207000	0.093364
0.207125	-0.198580
0.207250	0.239335
0.207375	0.604265
0.207500	0.823223
0.207625	0.093364
0.207750	-0.344552
0.207875	-0.344552
0.208000	0.312321
0.208125	0.093364
0.208250	-0.344552
0.208375	0.312321
0.208500	1.115170
0.208625	1.772040
0.208750	1.991000
0.208875	1.334120
0.209000	0.093364
0.209125	-0.563509
0.209250	-0.855453
0.209375	-1.220380
0.209500	-0.344552
0.209625	-0.563509
0.209750	0.385307
0.209875	1.334120
0.210000	0.604265
0.210125	0.677251
0.210250	-0.125594
0.210375	-0.928439
0.210500	0.677251
0.210625	0.604265
0.210750	0.020378
0.210875	1.188150
0.211000	1.991000
0.211125	0.896208
0.211250	0.093364
0.211375	-0.198580
0.211500	-0.636495
0.211625	-0.344552
0.211750	-0.052608
0.211875	0.093364
0.212000	0.604265
0.212125	1.407110
0.212250	2.355930
0.212375	1.699050
0.212500	0.239335
0.212625	0.239335
0.212750	-0.271566
0.212875	-0.344552
0.213000	0.677251
0.213125	0.239335
0.213250	-0.271566
0.213375	-0.782467
0.213500	0.312321
0.213625	-0.125594
0.213750	-1.074410
0.213875	0.166350
0.214000	0.531279
0.214125	0.093364
0.214250	0.531279
0.214375	0.604265
0.214500	0.896208
0.214625	0.312321
0.214750	-0.563509
0.214875	-0.563509
0.215000	-0.052608
0.215125	0.896208
0.215250	0.823223
0.215375	1.042180
0.215500	2.355930
0.215625	1.115170
0.215750	0.531279
0.215875	0.677251
0.216000	0.385307
0.216125	0.604265
0.216250	0.896208
0.216375	0.750237
0.216500	-0.490524
0.216625	0.823223
0.216750	0.896208
0.216875	0.093364
0.217000	-0.928439
0.217125	-0.782467
0.217250	0.531279
0.217375	1.699050
0.217500	0.969194
0.217625	0.604265
0.217750	0.385307
0.217875	0.385307
0.218000	0.020378
0.218125	-0.344552
0.218250	-0.052608
0.218375	-0.344552
0.218500	-0.271566
0.218625	-0.417538
0.218750	0.823223
0.218875	1.699050
0.219000	0.969194
0.219125	1.407110
0.219250	1.334120
0.219375	1.772040
0.219500	2.063980
0.219625	1.188150
0.219750	0.166350
0.219875	-0.782467
0.220000	-0.344552
0.220125	0.531279
0.220250	1.407110
0.220375	2.063980
0.220500	0.896208
0.220625	0.604265
0.220750	0.166350
0.220875	0.166350
0.221000	0.312321
0.221125	-0.417538
0.221250	-0.782467
0.221375	0.385307
0.221500	1.480100
0.221625	1.407110
0.221750	0.020378
0.221875	-0.490524
0.222000	-1.074410
0.222125	-1.366350
0.222250	-0.271566
0.222375	1.042180
0.222500	1.845020
0.222625	1.042180
0.222750	0.896208
0.222875	0.677251
0.223000	-0.636495
0.223125	-0.271566
0.223250	0.531279
0.223375	1.334120
0.223500	2.282940
0.223625	1.991000
0.223750	0.823223
0.223875	0.531279
0.224000	0.531279
0.224125	0.531279
0.224250	0.677251
0.224375	0.823223
0.224500	1.115170
0.224625	1.626070
0.224750	2.355930
0.224875	1.115170
0.225000	-0.125594
0.225125	-0.636495
0.225250	-0.782467
0.225375	-0.271566
0.225500	0.239335
0.225625	0.750237
0.225750	1.480100
0.225875	1.261140
0.226000	0.896208
0.226125	0.896208
0.226250	1.042180
0.226375	1.334120
0.226500	1.115170
0.226625	0.604265
0.226750	0.677251
0.226875	0.677251
0.227000	0.239335
0.227125	-0.344552
0.227250	0.093364
0.227375	0.239335
0.227500	0.020378
0.227625	0.093364
0.227750	0.823223
0.227875	1.042180
0.228000	0.239335
0.228125	-0.052608
0.228250	0.166350
0.228375	0.531279
0.228500	0.750237
0.228625	1.699050
0.228750	1.918010
0.228875	1.480100
0.229000	0.896208
0.229125	0.604265
0.229250	-0.125594
0.229375	-0.198580
0.229500	0.458293
0.229625	0.093364
0.229750	0.093364
0.229875	0.312321
0.230000	0.677251
0.230125	0.166350
0.230250	-0.052608
0.230375	-0.052608
0.230500	0.239335
0.230625	1.042180
0.230750	1.042180
0.230875	1.772040
0.231000	1.699050
0.231125	1.188150
0.231250	0.969194
0.231375	0.677251
0.231500	-0.052608
0.231625	-0.344552
0.231750	0.020378
0.231875	0.969194
0.232000	0.823223
0.232125	-0.490524
0.232250	-0.417538
0.232375	0.750237
0.232500	0.677251
0.232625	0.604265
0.232750	1.480100
0.232875	1.699050
0.233000	1.334120
0.233125	0.604265
0.233250	0.312321
0.233375	-0.271566
0.233500	-0.709481
0.233625	-0.782467
0.233750	0.312321
0.233875	-0.417538
0.234000	-0.271566
0.234125	0.458293
0.234250	1.407110
0.234375	0.969194
0.234500	0.531279
0.234625	0.312321
0.234750	0.020378
0.234875	0.531279
0.235000	1.334120
0.235125	0.604265
0.235250	-0.344552
0.235375	-1.293370
0.235500	-0.782467
0.235625	-0.636495
0.235750	-1.001420
0.235875	0.020378
0.236000	1.042180
0.236125	1.115170
0.236250	0.531279
0.236375	0.458293
0.236500	0.239335
0.236625	-0.271566
0.236750	0.312321
0.236875	-0.636495
0.237000	-0.636495
0.237125	-0.271566
0.237250	0.312321
0.237375	1.553080
0.237500	1.407110
0.237625	1.042180
0.237750	0.385307
0.237875	0.823223
0.238000	0.604265
0.238125	1.042180
0.238250	0.531279
0.238375	0.020378
0.238500	-1.001420
0.238625	-0.636495
0.238750	-1.074410
0.238875	-1.220380
0.239000	-0.709481
0.239125	-0.271566
0.239250	0.458293
0.239375	0.677251
0.239500	0.677251
0.239625	1.334120
0.239750	1.334120
0.239875	0.531279
0.240000	0.239335
0.240125	-0.052608
0.240250	-0.198580
0.240375	-0.563509
0.240500	-1.001420
0.240625	-0.928439
0.240750	-1.658300
0.240875	-1.439340
0.241000	0.239335
0.241125	1.042180
0.241250	1.115170
0.241375	0.385307
0.241500	-0.271566
0.241625	-0.344552
0.241750	0.020378
0.241875	0.823223
0.242000	0.969194
0.242125	0.750237
0.242250	0.312321
0.242375	-0.855453
0.242500	-0.563509
0.242625	-0.271566
0.242750	1.188150
0.242875	1.334120
0.243000	0.458293
0.243125	0.531279
0.243250	0.677251
0.243375	0.093364
0.243500	-0.198580
0.243625	0.166350
0.243750	-0.125594
0.243875	-0.125594
0.244000	-0.417538
0.244125	-0.271566
0.244250	-0.344552
0.244375	-0.709481
0.244500	-1.220380
0.244625	0.385307
0.244750	1.042180
0.244875	1.334120
0.245000	1.188150
0.245125	1.042180
0.245250	0.239335
0.245375	-0.782467
0.245500	-1.585310
0.245625	-1.147400
0.245750	-1.001420
0.245875	-0.271566
0.246000	0.020378
0.246125	1.042180
0.246250	1.553080
0.246375	1.334120
0.246500	1.626070
0.246625	2.063980
0.246750	1.553080
0.246875	0.458293
0.247000	-0.125594
0.247125	0.385307
0.247250	0.604265
0.247375	-0.344552
0.247500	-1.001420
0.247625	-0.636495
0.247750	-0.052608
0.247875	0.969194
0.248000	-1.001420
0.248125	0.531279
0.248250	1.334120
0.248375	1.188150
0.248500	0.969194
0.248625	0.677251
0.248750	-0.052608
0.248875	-1.293370
0.249000	-1.366350
0.249125	0.239335
0.249250	0.750237
0.249375	0.969194
0.249500	0.896208
0.249625	1.042180
0.249750	0.604265
0.249875	-0.563509
0.250000	-0.709481
0.250125	-0.271566
0.250250	0.969194
0.250375	0.823223
0.250500	0.823223
0.250625	0.531279
0.250750	-0.782467
0.250875	-0.636495
0.251000	-1.366350
0.251125	-0.782467
0.251250	-0.344552
0.251375	-0.125594
0.251500	0.677251
0.251625	1.261140
0.251750	1.407110
0.251875	0.896208
0.252000	-0.125594
0.252125	-0.855453
0.252250	-1.804270
0.252375	-0.855453
0.252500	-0.417538
0.252625	-0.271566
0.252750	0.020378
0.252875	-0.417538
0.253000	-0.782467
0.253125	-0.417538
0.253250	1.334120
0.253375	1.407110
0.253500	0.458293
0.253625	-0.198580
0.253750	0.239335
0.253875	-0.490524
0.254000	-0.271566
0.254125	-0.490524
0.254250	-1.001420
0.254375	-1.293370
0.254500	-1.147400
0.254625	-1.001420
0.254750	-0.052608
0.254875	0.458293
0.255000	0.166350
0.255125	0.166350
0.255250	0.093364
0.255375	-0.052608
0.255500	0.093364
0.255625	0.312321
0.255750	0.823223
0.255875	0.750237
0.256000	0.093364
0.256125	0.020378
0.256250	0.531279
0.256375	0.020378
0.256500	-1.001420
0.256625	-0.417538
0.256750	0.312321
0.256875	0.458293
0.257000	-0.344552
0.257125	0.093364
0.257250	-0.344552
0.257375	-0.417538
0.257500	-0.928439
0.257625	-0.782467
0.257750	-0.052608
0.257875	0.093364
0.258000	0.896208
0.258125	0.969194
0.258250	1.115170
0.258375	1.407110
0.258500	0.969194
0.258625	0.896208
0.258750	0.750237
0.258875	0.020378
0.259000	0.020378
0.259125	0.093364
0.259250	0.020378
0.259375	0.020378
0.259500	-0.709481
0.259625	-0.636495
0.259750	-1.877260
0.259875	-1.147400
0.260000	-0.928439
0.260125	-0.782467
0.260250	0.531279
0.260375	1.918010
0.260500	1.772040
0.260625	1.480100
0.260750	1.334120
0.260875	-0.344552
0.261000	-0.636495
0.261125	-0.855453
0.261250	-0.271566
0.261375	0.458293
0.261500	-0.417538
0.261625	0.239335
0.261750	0.312321
0.261875	-0.198580
0.262000	0.385307
0.262125	0.896208
0.262250	0.896208
0.262375	1.261140
0.262500	0.823223
0.262625	-0.271566
0.262750	-0.417538
0.262875	0.093364
0.263000	-0.125594
0.263125	-0.125594
0.263250	0.166350
0.263375	-0.125594
0.263500	0.020378
0.263625	0.312321
0.263750	-0.125594
0.263875	0.020378
0.264000	-0.563509
0.264125	-1.293370
0.264250	-0.928439
0.264375	0.166350
0.264500	0.750237
0.264625	-0.198580
0.264750	0.093364
0.264875	0.604265
0.265000	-0.125594
0.265125	-0.052608
0.265250	1.261140
0.265375	1.772040
0.265500	1.991000
0.265625	1.334120
0.265750	0.896208
0.265875	1.407110
0.266000	1.042180
0.266125	-0.709481
0.266250	-1.585310
0.266375	-1.366350
0.266500	-0.782467
0.266625	-0.198580
0.266750	-0.344552
0.266875	-0.052608
0.267000	-0.198580
0.267125	0.166350
0.267250	0.020378
0.267375	0.093364
0.267500	-0.052608
0.267625	0.750237
0.267750	1.334120
0.267875	0.531279
0.268000	-0.271566
0.268125	0.969194
0.268250	0.531279
0.268375	-0.709481
0.268500	-0.052608
0.268625	-0.052608
0.268750	0.531279
0.268875	0.677251
0.269000	0.093364
0.269125	0.312321
0.269250	0.385307
0.269375	-0.855453
0.269500	-1.293370
0.269625	-1.220380
0.269750	-0.782467
0.269875	-0.782467
0.270000	-0.709481
0.270125	-0.198580
0.270250	0.312321
0.270375	0.239335
0.270500	-0.563509
0.270625	0.312321
0.270750	1.042180
0.270875	0.604265
0.271000	0.020378
0.271125	-0.563509
0.271250	-0.052608
0.271375	-0.271566
0.271500	-0.709481
0.271625	-1.147400
0.271750	-0.636495
0.271875	0.020378
0.272000	0.531279
0.272125	0.458293
0.272250	1.845020
0.272375	1.407110
0.272500	0.093364
0.272625	0.531279
0.272750	0.166350
0.272875	-0.490524
0.273000	-1.220380
0.273125	-1.074410
0.273250	-1.074410
0.273375	-0.709481
0.273500	-0.709481
0.273625	-0.490524
0.273750	-0.052608
0.273875	0.312321
0.274000	0.312321
0.274125	0.239335
0.274250	-0.052608
0.274375	0.020378
0.274500	0.531279
0.274625	0.312321
0.274750	-1.293370
0.274875	-1.585310
0.275000	-1.512330
0.275125	-0.928439
0.275250	-0.125594
0.275375	0.239335
0.275500	-0.198580
0.275625	0.677251
0.275750	-0.344552
0.275875	-0.563509
0.276000	-1.220380
0.276125	-0.563509
0.276250	-0.417538
0.276375	-0.344552
0.276500	-0.417538
0.276625	-0.344552
0.276750	-0.344552
0.276875	-0.490524
0.277000	-1.074410
0.277125	-1.147400
0.277250	-0.636495
0.277375	0.385307
0.277500	0.385307
0.277625	-0.052608
0.277750	-0.417538
0.277875	-0.271566
0.278000	-0.052608
0.278125	-0.344552
0.278250	-1.439340
0.278375	-2.607110
0.278500	-1.658300
0.278625	-0.855453
0.278750	-0.052608
0.278875	0.677251
0.279000	0.823223
0.279125	-0.344552
0.279250	-0.052608
0.279375	0.385307
0.279500	-0.198580
0.279625	0.239335
0.279750	0.020378
0.279875	-0.271566
0.280000	-1.512330
0.280125	-1.366350
0.280250	-0.344552
0.280375	1.261140
0.280500	0.604265
0.280625	-0.198580
0.280750	-0.636495
0.280875	0.239335
0.281000	-0.271566
0.281125	-1.074410
0.281250	-0.636495
0.281375	-0.563509
0.281500	0.093364
0.281625	-0.344552
0.281750	-0.052608
0.281875	0.239335
0.282000	0.020378
0.282125	-1.074410
0.282250	-1.074410
0.282375	-0.125594
0.282500	0.166350
0.282625	0.093364
0.282750	0.604265
0.282875	-0.417538
0.283000	-1.512330
0.283125	-0.490524
0.283250	0.677251
0.283375	0.312321
0.283500	-0.052608
0.283625	0.531279
0.283750	0.093364
0.283875	-0.855453
0.284000	-0.709481
0.284125	-0.636495
0.284250	-0.490524
0.284375	-0.417538
0.284500	0.239335
0.284625	-0.052608
0.284750	-0.198580
0.284875	-0.782467
0.285000	-0.344552
0.285125	-0.563509
0.285250	-0.709481
0.285375	-0.198580
0.285500	1.188150
0.285625	0.823223
0.285750	1.115170
0.285875	0.312321
0.286000	0.385307
0.286125	0.823223
0.286250	0.750237
0.286375	0.823223
0.286500	0.312321
0.286625	-0.636495
0.286750	0.312321
0.286875	0.823223
0.287000	0.531279
0.287125	-0.709481
0.287250	-1.147400
0.287375	-0.125594
0.287500	0.531279
0.287625	0.093364
0.287750	0.969194
0.287875	1.918010
0.288000	0.020378
0.288125	-0.271566
0.288250	-0.052608
0.288375	0.458293
0.288500	0.458293
0.288625	0.458293
0.288750	0.677251
0.288875	0.312321
0.289000	0.239335
0.289125	0.385307
0.289250	0.458293
0.289375	0.385307
0.289500	0.093364
0.289625	-1.293370
0.289750	-2.096210
0.289875	-0.928439
0.290000	-0.417538
0.290125	-0.709481
0.290250	-0.855453
0.290375	-1.001420
0.290500	0.093364
0.290625	0.604265
0.290750	1.042180
0.290875	1.261140
0.291000	1.188150
0.291125	1.188150
0.291250	0.896208
0.291375	0.458293
0.291500	-0.782467
0.291625	-0.490524
0.291750	0.093364
0.291875	1.115170
0.292000	0.823223
0.292125	0.823223
0.292250	0.166350
0.292375	-0.271566
0.292500	0.604265
0.292625	1.261140
0.292750	1.334120
0.292875	0.458293
0.293000	-0.198580
0.293125	0.093364
0.293250	-0.709481
0.293375	-1.001420
0.293500	-1.366350
0.293625	-1.512330
0.293750	-0.563509
0.293875	-0.490524
0.294000	-0.052608
0.294125	-0.125594
0.294250	-0.271566
0.294375	1.407110
0.294500	1.188150
0.294625	-0.052608
0.294750	0.093364
0.294875	0.677251
0.295000	1.188150
0.295125	0.823223
0.295250	0.093364
0.295375	-0.417538
0.295500	-0.125594
0.295625	-0.198580
0.295750	0.093364
0.295875	0.166350
0.296000	-0.198580
0.296125	-0.052608
0.296250	0.093364
0.296375	0.677251
0.296500	0.312321
0.296625	-0.344552
0.296750	-0.052608
0.296875	-0.052608
0.297000	-0.125594
0.297125	0.166350
0.297250	0.531279
0.297375	0.385307
0.297500	1.699050
0.297625	1.772040
0.297750	1.553080
0.297875	1.188150
0.298000	0.750237
0.298125	1.334120
0.298250	-0.125594
0.298375	-1.731280
0.298500	0.750237
0.298625	0.385307
0.298750	-1.220380
0.298875	-1.147400
0.299000	0.020378
0.299125	1.042180
0.299250	0.239335
0.299375	-0.636495
0.299500	-0.198580
0.299625	0.823223
0.299750	1.626070
0.299875	1.261140
0.300000	0.093364
0.300125	0.239335
0.300250	0.239335
0.300375	-1.220380
0.300500	-1.366350
0.300625	-0.563509
0.300750	0.604265
0.300875	0.896208
0.301000	0.896208
0.301125	0.896208
0.301250	0.385307
0.301375	1.042180
0.301500	1.334120
0.301625	1.261140
0.301750	1.699050
0.301875	0.239335
0.302000	0.458293
0.302125	0.385307
0.302250	-0.125594
0.302375	0.020378
0.302500	-0.709481
0.302625	-0.709481
0.302750	0.604265
0.302875	0.385307
0.303000	1.115170
0.303125	0.531279
0.303250	-0.198580
0.303375	0.166350
0.303500	0.823223
0.303625	-0.125594
0.303750	-0.125594
0.303875	0.458293
0.304000	0.239335
0.304125	0.312321
0.304250	0.166350
0.304375	0.677251
0.304500	0.312321
0.304625	0.020378
0.304750	0.385307
0.304875	-0.052608
0.305000	-0.198580
0.305125	0.385307
0.305250	0.969194
0.305375	0.750237
0.305500	-0.563509
0.305625	-1.074410
0.305750	-1.074410
0.305875	-0.198580
0.306000	0.020378
0.306125	0.239335
0.306250	0.823223
0.306375	1.261140
0.306500	1.626070
0.306625	1.188150
0.306750	0.969194
0.306875	0.604265
0.307000	0.677251
0.307125	0.312321
0.307250	-0.344552
0.307375	-1.220380
0.307500	-0.417538
0.307625	-0.563509
0.307750	-0.417538
0.307875	-0.198580
0.308000	1.334120
0.308125	0.969194
0.308250	1.042180
0.308375	0.750237
0.308500	0.166350
0.308625	-0.709481
0.308750	-1.147400
0.308875	-0.052608
0.309000	0.531279
0.309125	-0.271566
0.309250	0.020378
0.309375	0.677251
0.309500	1.188150
0.309625	-0.052608
0.309750	-0.417538
0.309875	-0.563509
0.310000	-0.198580
0.310125	1.845020
0.310250	2.428910
0.310375	1.261140
0.310500	0.239335
0.310625	0.896208
0.310750	0.239335
0.310875	-0.490524
0.311000	-0.417538
0.311125	-0.052608
0.311250	0.969194
0.311375	1.407110
0.311500	1.699050
0.311625	1.480100
0.311750	0.823223
0.311875	0.020378
0.312000	-0.344552
0.312125	-0.125594
0.312250	-0.417538
0.312375	0.677251
0.312500	0.969194
0.312625	0.458293
0.312750	-0.125594
0.312875	-0.709481
0.313000	-0.855453
0.313125	-0.490524
0.313250	-0.417538
0.313375	0.312321
0.313500	0.604265
0.313625	1.261140
0.313750	1.407110
0.313875	-0.125594
0.314000	0.677251
0.314125	1.188150
0.314250	0.677251
0.314375	0.239335
0.314500	0.239335
0.314625	0.020378
0.314750	0.531279
0.314875	0.458293
0.315000	0.677251
0.315125	0.166350
0.315250	0.166350
0.315375	0.604265
0.315500	0.458293
0.315625	0.604265
0.315750	0.166350
0.315875	-0.344552
0.316000	0.166350
0.316125	0.896208
0.316250	-0.125594
0.316375	-0.636495
0.316500	0.166350
0.316625	0.385307
0.316750	0.896208
0.316875	0.969194
0.317000	0.531279
0.317125	-0.636495
0.317250	-0.563509
0.317375	-0.490524
0.317500	-1.366350
0.317625	-0.417538
0.317750	0.239335
0.317875	0.604265
0.318000	0.823223
0.318125	0.239335
0.318250	-0.198580
0.318375	-0.344552
0.318500	0.166350
0.318625	0.604265
0.318750	0.677251
0.318875	0.385307
0.319000	0.385307
0.319125	0.458293
0.319250	0.458293
0.319375	-0.636495
0.319500	-2.680100
0.319625	-1.658300
0.319750	-0.709481
0.319875	-1.001420
0.320000	-0.490524
0.320125	0.312321
0.320250	-0.198580
0.320375	0.166350
0.320500	0.677251
0.320625	0.531279
0.320750	-0.125594
0.320875	-0.125594
0.321000	0.312321
0.321125	0.312321
0.321250	-0.052608
0.321375	-1.001420
0.321500	-0.271566
0.321625	-0.563509
0.321750	-0.709481
0.321875	-0.198580
0.322000	1.188150
0.322125	1.334120
0.322250	0.823223
0.322375	0.166350
0.322500	-0.052608
0.322625	-0.125594
0.322750	0.458293
0.322875	-0.052608
0.323000	-0.125594
0.323125	-0.490524
0.323250	-1.074410
0.323375	-1.366350
0.323500	-0.782467
0.323625	-0.052608
0.323750	0.531279
0.323875	-0.344552
0.324000	-0.563509
0.324125	-0.782467
0.324250	-0.417538
0.324375	-0.271566
0.324500	0.020378
0.324625	0.385307
0.324750	-0.271566
0.324875	-0.782467
0.325000	0.093364
0.325125	0.896208
0.325250	0.239335
0.325375	0.750237
0.325500	1.480100
0.325625	0.604265
0.325750	0.969194
0.325875	1.772040
0.326000	0.896208
0.326125	-0.125594
0.326250	-0.563509
0.326375	-1.220380
0.326500	-0.417538
0.326625	-1.001420
0.326750	-1.001420
0.326875	-0.563509
0.327000	-0.271566
0.327125	-0.271566
0.327250	0.239335
0.327375	0.969194
0.327500	0.969194
0.327625	0.604265
0.327750	-0.198580
0.327875	-0.490524
0.328000	-0.271566
0.328125	0.093364
0.328250	-0.709481
0.328375	-0.709481
0.328500	-0.344552
0.328625	0.969194
0.328750	0.604265
0.328875	0.823223
0.329000	0.093364
0.329125	0.020378
0.329250	0.020378
0.329375	-0.125594
0.329500	-0.417538
0.329625	-0.563509
0.329750	-0.198580
0.329875	-0.636495
0.330000	-0.271566
0.330125	-0.782467
0.330250	-0.636495
0.330375	-0.125594
0.330500	0.312321
0.330625	0.385307
0.330750	0.823223
0.330875	0.531279
0.331000	0.312321
0.331125	0.093364
0.331250	-0.271566
0.331375	-0.563509
0.331500	-0.344552
0.331625	-0.709481
0.331750	-0.928439
0.331875	-0.271566
0.332000	0.166350
0.332125	0.385307
0.332250	1.115170
0.332375	1.407110
0.332500	0.823223
0.332625	-0.271566
0.332750	-0.490524
0.332875	-0.490524
0.333000	-0.344552
0.333125	-0.782467
0.333250	-0.855453
0.333375	-0.928439
0.333500	-0.855453
0.333625	-0.052608
0.333750	0.166350
0.333875	-0.271566
0.334000	0.166350
0.334125	-0.417538
0.334250	-0.271566
0.334375	0.239335
0.334500	0.896208
0.334625	0.166350
0.334750	-0.709481
0.334875	-1.220380
0.335000	-1.220380
0.335125	-0.855453
0.335250	-0.198580
0.335375	-0.344552
0.335500	0.312321
0.335625	0.969194
0.335750	-0.198580
0.335875	-0.344552
0.336000	0.458293
0.336125	0.312321
0.336250	-0.271566
0.336375	-0.782467
0.336500	-0.563509
0.336625	0.166350
0.336750	-0.198580
0.336875	-0.198580
0.337000	-0.709481
0.337125	-0.636495
0.337250	-0.417538
0.337375	0.604265
0.337500	0.969194
0.337625	0.896208
0.337750	0.166350
0.337875	0.166350
0.338000	0.385307
0.338125	0.093364
0.338250	-0.928439
0.338375	-0.928439
0.338500	-1.220380
0.338625	-0.782467
0.338750	0.458293
0.338875	0.093364
0.339000	-0.052608
0.339125	0.604265
0.339250	0.823223
0.339375	1.334120
0.339500	0.604265
0.339625	-0.563509
0.339750	-0.782467
0.339875	-0.271566
0.340000	-0.125594
0.340125	0.000000
