-0.020000	-0.015454
-0.019920	0.048537
-0.019840	-0.079445
-0.019760	0.048537
-0.019680	-0.015454
-0.019600	0.048537
-0.019520	0.176520
-0.019440	0.112528
-0.019360	0.112528
-0.019280	0.176520
-0.019200	0.176520
-0.019120	0.112528
-0.019040	0.176520
-0.018960	0.112528
-0.018880	0.112528
-0.018800	0.304502
-0.018720	0.112528
-0.018640	0.048537
-0.018560	0.048537
-0.018480	0.112528
-0.018400	0.176520
-0.018320	0.240511
-0.018240	0.048537
-0.018160	0.112528
-0.018080	-0.143437
-0.018000	-0.015454
-0.017920	0.048537
-0.017840	0.112528
-0.017760	0.048537
-0.017680	-0.079445
-0.017600	-0.143437
-0.017520	-0.079445
-0.017440	-0.015454
-0.017360	0.112528
-0.017280	0.176520
-0.017200	0.112528
-0.017120	0.176520
-0.017040	0.048537
-0.016960	0.048537
-0.016880	0.112528
-0.016800	0.176520
-0.016720	0.048537
-0.016640	-0.079445
-0.016560	-0.079445
-0.016480	-0.015454
-0.016400	-0.015454
-0.016320	0.112528
-0.016240	0.048537
-0.016160	0.048537
-0.016080	0.048537
-0.016000	-0.079445
-0.015920	0.048537
-0.015840	-0.015454
-0.015760	-0.015454
-0.015680	0.112528
-0.015600	0.112528
-0.015520	0.048537
-0.015440	0.048537
-0.015360	0.112528
-0.015280	0.112528
-0.015200	0.112528
-0.015120	0.304502
-0.015040	0.176520
-0.014960	0.048537
-0.014880	-0.207428
-0.014800	-0.015454
-0.014720	-0.015454
-0.014640	0.112528
-0.014560	-0.015454
-0.014480	-0.079445
-0.014400	-0.079445
-0.014320	-0.015454
-0.014240	-0.079445
-0.014160	0.112528
-0.014080	0.112528
-0.014000	0.112528
-0.013920	0.048537
-0.013840	0.048537
-0.013760	-0.015454
-0.013680	0.048537
-0.013600	0.048537
-0.013520	0.048537
-0.013440	0.112528
-0.013360	-0.079445
-0.013280	-0.143437
-0.013200	-0.143437
-0.013120	-0.015454
-0.013040	-0.079445
-0.012960	0.048537
-0.012880	-0.015454
-0.012800	-0.015454
-0.012720	-0.015454
-0.012640	-0.015454
-0.012560	-0.015454
-0.012480	-0.079445
-0.012400	-0.015454
-0.012320	-0.143437
-0.012240	-0.015454
-0.012160	0.048537
-0.012080	0.112528
-0.012000	-0.015454
-0.011920	0.048537
-0.011840	0.048537
-0.011760	-0.143437
-0.011680	-0.079445
-0.011600	-0.015454
-0.011520	-0.015454
-0.011440	0.048537
-0.011360	0.048537
-0.011280	0.112528
-0.011200	-0.015454
-0.011120	-0.015454
-0.011040	-0.015454
-0.010960	0.048537
-0.010880	-0.079445
-0.010800	-0.015454
-0.010720	-0.015454
-0.010640	-0.015454
-0.010560	-0.015454
-0.010480	0.112528
-0.010400	0.176520
-0.010320	0.112528
-0.010240	0.048537
-0.010160	-0.015454
-0.010080	-0.079445
-0.010000	-0.015454
-0.009920	0.112528
-0.009840	0.112528
-0.009760	0.048537
-0.009680	0.048537
-0.009600	0.048537
-0.009520	-0.015454
-0.009440	0.048537
-0.009360	-0.015454
-0.009280	-0.015454
-0.009200	-0.015454
-0.009120	-0.015454
-0.009040	0.048537
-0.008960	0.048537
-0.008880	0.048537
-0.008800	0.112528
-0.008720	-0.015454
-0.008640	0.112528
-0.008560	0.048537
-0.008480	0.048537
-0.008400	0.176520
-0.008320	0.176520
-0.008240	0.240511
-0.008160	0.048537
-0.008080	0.048537
-0.008000	0.112528
-0.007920	0.048537
-0.007840	0.240511
-0.007760	0.176520
-0.007680	0.048537
-0.007600	0.112528
-0.007520	-0.015454
-0.007440	0.048537
-0.007360	0.048537
-0.007280	0.048537
-0.007200	-0.015454
-0.007120	0.048537
-0.007040	0.048537
-0.006960	-0.079445
-0.006880	-0.079445
-0.006800	-0.079445
-0.006720	0.048537
-0.006640	0.048537
-0.006560	-0.015454
-0.006480	0.048537
-0.006400	-0.015454
-0.006320	-0.079445
-0.006240	-0.143437
-0.006160	-0.015454
-0.006080	0.048537
-0.006000	0.112528
-0.005920	0.048537
-0.005840	-0.143437
-0.005760	-0.143437
-0.005680	-0.079445
-0.005600	-0.015454
-0.005520	-0.015454
-0.005440	-0.079445
-0.005360	-0.271419
-0.005280	-0.335411
-0.005200	-0.271419
-0.005120	-0.143437
-0.005040	-0.079445
-0.004960	-0.079445
-0.004880	-0.207428
-0.004800	-0.271419
-0.004720	-0.271419
-0.004640	-0.207428
-0.004560	-0.079445
-0.004480	0.048537
-0.004400	-0.143437
-0.004320	-0.143437
-0.004240	-0.143437
-0.004160	-0.143437
-0.004080	-0.143437
-0.004000	-0.079445
-0.003920	-0.015454
-0.003840	0.112528
-0.003760	0.048537
-0.003680	0.048537
-0.003600	-0.143437
-0.003520	-0.015454
-0.003440	-0.015454
-0.003360	0.112528
-0.003280	-0.079445
-0.003200	0.048537
-0.003120	-0.143437
-0.003040	-0.207428
-0.002960	-0.143437
-0.002880	-0.015454
-0.002800	-0.015454
-0.002720	0.048537
-0.002640	-0.015454
-0.002560	-0.207428
-0.002480	-0.143437
-0.002400	-0.079445
-0.002320	0.048537
-0.002240	0.112528
-0.002160	0.112528
-0.002080	0.048537
-0.002000	-0.143437
-0.001920	-0.143437
-0.001840	-0.143437
-0.001760	-0.015454
-0.001680	0.048537
-0.001600	0.176520
-0.001520	0.176520
-0.001440	-0.015454
-0.001360	0.048537
-0.001280	-0.079445
-0.001200	0.048537
-0.001120	0.112528
-0.001040	0.048537
-0.000960	-0.015454
-0.000880	-0.143437
-0.000800	-0.207428
-0.000720	-0.143437
-0.000640	-0.207428
-0.000560	-0.079445
-0.000480	-0.143437
-0.000400	-0.143437
-0.000320	-0.271419
-0.000240	-0.271419
-0.000160	-0.207428
-0.000080	-0.079445
0.000000	-0.015454
0.000080	0.048537
0.000160	-0.015454
0.000240	-0.207428
0.000320	-0.143437
0.000400	-0.143437
0.000480	-0.015454
0.000560	-0.015454
0.000640	0.048537
0.000720	0.048537
0.000800	-0.143437
0.000880	-0.207428
0.000960	-0.207428
0.001040	-0.207428
0.001120	-0.143437
0.001200	-0.079445
0.001280	-0.079445
0.001360	-0.271419
0.001440	-0.271419
0.001520	0.048537
0.001600	-0.079445
0.001680	0.112528
0.001760	-0.015454
0.001840	-0.143437
0.001920	-0.079445
0.002000	-0.271419
0.002080	-0.335411
0.002160	-0.143437
0.002240	-0.015454
0.002320	0.112528
0.002400	-0.015454
0.002480	-0.015454
0.002560	-0.143437
0.002640	-0.207428
0.002720	-0.079445
0.002800	-0.015454
0.002880	-0.015454
0.002960	0.112528
0.003040	0.112528
0.003120	-0.015454
0.003200	-0.079445
0.003280	0.048537
0.003360	0.048537
0.003440	-0.079445
0.003520	-0.079445
0.003600	-0.271419
0.003680	-0.335411
0.003760	-0.271419
0.003840	-0.207428
0.003920	-0.143437
0.004000	-0.271419
0.004080	-0.399402
0.004160	-0.527384
0.004240	-0.783350
0.004320	-0.783350
0.004400	-0.783350
0.004480	-0.719358
0.004560	-0.719358
0.004640	-0.655367
0.004720	-0.655367
0.004800	-0.591376
0.004880	-0.463393
0.004960	-0.271419
0.005040	-0.143437
0.005120	-0.207428
0.005200	-0.271419
0.005280	-0.271419
0.005360	-0.463393
0.005440	-0.463393
0.005520	-0.655367
0.005600	-0.655367
0.005680	-0.527384
0.005760	-0.271419
0.005840	0.048537
0.005920	0.432485
0.006000	0.496476
0.006080	0.560468
0.006160	0.752442
0.006240	0.880424
0.006320	1.136390
0.006400	1.648320
0.006480	1.904290
0.006560	1.904290
0.006640	1.776300
0.006720	1.904290
0.006800	1.840290
0.006880	2.224240
0.006960	2.608190
0.007040	3.120120
0.007120	3.568060
0.007200	3.760030
0.007280	3.760030
0.007360	3.824020
0.007440	3.952010
0.007520	4.079990
0.007600	3.760030
0.007680	3.376090
0.007760	2.864150
0.007840	2.416210
0.007920	2.544200
0.008000	2.800160
0.008080	3.120120
0.008160	3.120120
0.008240	2.672180
0.008320	1.840290
0.008400	0.944415
0.008480	0.240511
0.008560	0.240511
0.008640	0.880424
0.008720	1.200380
0.008800	1.200380
0.008880	0.816433
0.008960	0.496476
0.009040	0.880424
0.009120	1.776300
0.009200	2.736170
0.009280	2.928150
0.009360	2.096260
0.009440	1.008410
0.009520	1.392360
0.009600	2.928150
0.009680	4.975870
0.009760	5.999730
0.009840	5.807750
0.009920	4.783890
0.010000	3.888020
0.010080	4.143980
0.010160	5.935740
0.010240	8.047450
0.010320	9.391270
0.010400	9.583240
0.010480	9.071310
0.010560	8.367410
0.010640	7.727490
0.010720	8.111440
0.010800	9.263280
0.010880	10.415100
0.010960	10.863100
0.011040	10.671100
0.011120	9.455260
0.011200	8.431400
0.011280	8.943330
0.011360	10.799100
0.011440	13.038800
0.011520	14.382600
0.011600	13.806700
0.011680	12.462800
0.011760	11.247000
0.011840	10.927100
0.011920	11.503000
0.012000	12.142900
0.012080	11.822900
0.012160	11.055000
0.012240	11.119000
0.012320	11.503000
0.012400	10.863100
0.012480	9.327280
0.012560	8.047450
0.012640	6.831620
0.012720	5.551790
0.012800	5.295820
0.012880	6.383680
0.012960	8.047450
0.013040	8.431400
0.013120	9.263280
0.013200	10.927100
0.013280	11.886900
0.013360	12.398800
0.013440	12.910800
0.013520	13.486700
0.013600	14.318600
0.013680	14.894500
0.013760	14.830500
0.013840	13.870700
0.013920	12.526800
0.014000	12.142900
0.014080	12.910800
0.014160	13.422700
0.014240	12.078900
0.014320	9.519250
0.014400	7.983460
0.014480	8.879340
0.014560	12.206900
0.014640	16.238300
0.014720	18.350100
0.014800	17.646099
0.014880	14.766500
0.014960	11.886900
0.015040	10.735100
0.015120	11.439000
0.015200	12.782800
0.015280	13.294700
0.015360	13.294700
0.015440	12.526800
0.015520	10.991000
0.015600	9.647230
0.015680	9.455260
0.015760	9.711220
0.015840	9.007320
0.015920	7.663500
0.016000	7.727490
0.016080	9.903200
0.016160	11.950900
0.016240	11.375000
0.016320	9.071310
0.016400	7.343550
0.016480	6.511660
0.016560	5.423810
0.016640	4.335950
0.016720	3.504070
0.016800	4.016000
0.016880	6.255690
0.016960	8.943330
0.017040	10.351100
0.017120	10.095200
0.017200	9.071310
0.017280	8.943330
0.017360	10.991000
0.017440	15.470400
0.017520	20.525801
0.017600	23.981300
0.017680	26.285000
0.017760	27.820801
0.017840	26.860901
0.017920	21.165701
0.018000	15.022500
0.018080	14.958500
0.018160	21.933599
0.018240	29.932501
0.018320	34.155899
0.018400	31.468300
0.018480	22.701500
0.018560	13.358700
0.018640	11.375000
0.018720	18.414000
0.018800	26.732901
0.018880	30.188400
0.018960	25.965000
0.019040	15.214500
0.019120	1.392360
0.019200	-5.838660
0.019280	-0.783350
0.019360	10.735100
0.019440	15.918400
0.019520	8.879340
0.019600	-8.014370
0.019680	-23.180300
0.019760	-21.836500
0.019840	-2.767080
0.019920	18.733999
0.020000	25.645100
0.020080	16.238300
0.020160	3.888020
0.020240	1.264370
0.020320	9.647230
0.020400	23.085400
0.020480	29.996500
0.020560	20.269800
0.020640	-1.039320
0.020720	-16.461201
0.020800	-14.157500
0.020880	3.184110
0.020960	21.357599
0.021040	28.268700
0.021120	19.309900
0.021200	-0.207428
0.021280	-13.581600
0.021360	-8.718270
0.021440	11.247000
0.021520	31.212299
0.021600	34.539902
0.021680	20.397800
0.021760	1.008410
0.021840	-7.950380
0.021920	0.304502
0.022000	18.286100
0.022080	30.828400
0.022160	29.612499
0.022240	14.062600
0.022320	-6.734540
0.022400	-22.156401
0.022480	-24.204201
0.022560	-11.022000
0.022640	7.791480
0.022720	14.894500
0.022800	2.608190
0.022880	-19.916800
0.022960	-34.186798
0.023040	-28.939501
0.023120	-10.766000
0.023200	4.527930
0.023280	6.831620
0.023360	-1.167300
0.023440	-8.398320
0.023520	-6.798530
0.023600	2.672180
0.023680	14.254600
0.023760	22.381500
0.023840	22.125500
0.023920	12.846800
0.024000	-1.743220
0.024080	-14.093500
0.024160	-17.421101
0.024240	-8.334320
0.024320	8.239420
0.024400	22.317499
0.024480	24.813200
0.024560	13.102800
0.024640	-4.558840
0.024720	-12.813700
0.024800	-3.598970
0.024880	17.262199
0.024960	31.916201
0.025040	27.372801
0.025120	10.479100
0.025200	-2.703090
0.025280	-1.423260
0.025360	13.742700
0.025440	31.852200
0.025520	39.467201
0.025600	30.764400
0.025680	12.846800
0.025760	-9.230200
0.025840	-22.668400
0.025920	-15.501300
0.026000	5.359820
0.026080	21.741600
0.026160	18.542000
0.026240	-0.591376
0.026320	-12.237800
0.026400	-5.774670
0.026480	7.215560
0.026560	12.142900
0.026640	11.695000
0.026720	14.062600
0.026800	19.054001
0.026880	21.357599
0.026960	20.461800
0.027040	20.909700
0.027120	22.957399
0.027200	24.045300
0.027280	21.997601
0.027360	13.806700
0.027440	2.416210
0.027520	-5.390720
0.027600	-7.630420
0.027680	-5.646690
0.027760	-2.511120
0.027840	-1.231290
0.027920	-0.271419
0.028000	1.840290
0.028080	1.840290
0.028160	-0.399402
0.028240	-1.295280
0.028320	-1.103310
0.028400	-0.655367
0.028480	1.968280
0.028560	6.063720
0.028640	9.647230
0.028720	11.247000
0.028800	8.175430
0.028880	3.696040
0.028960	5.807750
0.029040	12.398800
0.029120	18.222099
0.029200	24.493200
0.029280	32.492100
0.029360	37.547401
0.029440	34.347900
0.029520	29.932501
0.029600	26.860901
0.029680	24.365200
0.029760	29.356600
0.029840	37.547401
0.029920	32.876099
0.030000	13.550700
0.030080	-3.726950
0.030160	-1.679230
0.030240	18.798000
0.030320	43.114700
0.030400	56.232899
0.030480	51.177601
0.030560	36.267601
0.030640	26.988899
0.030720	32.428101
0.030800	49.641800
0.030880	63.527901
0.030960	61.480202
0.031040	43.050701
0.031120	15.470400
0.031200	-10.062100
0.031280	-21.260599
0.031360	-15.053400
0.031440	2.096260
0.031520	21.933599
0.031600	34.219898
0.031680	32.620098
0.031760	22.061501
0.031840	13.102800
0.031920	12.526800
0.032000	21.101700
0.032080	32.172199
0.032160	41.834900
0.032240	50.921600
0.032320	54.313202
0.032400	47.210098
0.032480	39.339199
0.032560	38.379299
0.032640	36.011700
0.032720	23.149401
0.032800	0.624459
0.032880	-20.172701
0.032960	-30.283300
0.033040	-29.451500
0.033120	-24.460100
0.033200	-20.236700
0.033280	-14.029500
0.033360	-0.079445
0.033440	21.485600
0.033520	39.979099
0.033600	47.786098
0.033680	47.210098
0.033760	44.074501
0.033840	42.410801
0.033920	43.818600
0.034000	47.210098
0.034080	48.554001
0.034160	46.506199
0.034240	43.242699
0.034320	40.875000
0.034400	39.787102
0.034480	37.995399
0.034560	34.155899
0.034640	31.852200
0.034720	35.307701
0.034800	43.818600
0.034880	52.329399
0.034960	53.865200
0.035040	45.354401
0.035120	30.764400
0.035200	18.733999
0.035280	17.262199
0.035360	24.813200
0.035440	32.044201
0.035520	29.228600
0.035600	14.126600
0.035680	-7.118490
0.035760	-24.076200
0.035840	-29.643400
0.035920	-21.516500
0.036000	-6.094630
0.036080	6.575650
0.036160	11.695000
0.036240	12.014900
0.036320	13.614700
0.036400	16.366301
0.036480	15.278500
0.036560	8.047450
0.036640	2.224240
0.036720	5.423810
0.036800	17.198200
0.036880	32.044201
0.036960	39.723202
0.037040	35.115799
0.037120	23.213400
0.037200	15.406500
0.037280	20.333799
0.037360	36.779499
0.037440	55.017101
0.037520	61.608200
0.037600	51.177601
0.037680	31.084299
0.037760	13.550700
0.037840	8.047450
0.037920	15.470400
0.038000	28.140699
0.038080	34.155899
0.038160	30.956301
0.038240	23.341400
0.038320	17.454201
0.038400	19.949800
0.038480	29.292601
0.038560	35.051800
0.038640	31.788200
0.038720	20.909700
0.038800	9.327280
0.038880	4.783890
0.038960	8.623370
0.039040	16.494301
0.039120	21.421600
0.039200	16.686300
0.039280	2.992140
0.039360	-11.789900
0.039440	-21.068600
0.039520	-22.284401
0.039600	-21.964500
0.039680	-22.668400
0.039760	-20.236700
0.039840	-10.510000
0.039920	6.255690
0.040000	25.133101
0.040080	39.019199
0.040160	45.482399
0.040240	49.001900
0.040320	54.313202
0.040400	59.944401
0.040480	62.248100
0.040560	59.816399
0.040640	52.905399
0.040720	45.994301
0.040800	42.986698
0.040880	45.354401
0.040960	56.104900
0.041040	73.574501
0.041120	90.404297
0.041200	97.827202
0.041280	91.236099
0.041360	76.646103
0.041440	60.904301
0.041520	46.634201
0.041600	37.099499
0.041680	34.219898
0.041760	35.819698
0.041840	37.675400
0.041920	31.788200
0.042000	13.934700
0.042080	-11.213900
0.042160	-30.667299
0.042240	-32.587002
0.042320	-18.956900
0.042400	-4.046910
0.042480	0.880424
0.042560	-0.335411
0.042640	0.816433
0.042720	7.215560
0.042800	17.582199
0.042880	16.494301
0.042960	-1.039320
0.043040	-22.668400
0.043120	-24.972099
0.043200	4.207970
0.043280	46.314301
0.043360	66.279503
0.043440	48.169998
0.043520	9.967190
0.043600	-15.373400
0.043680	-10.126100
0.043760	16.238300
0.043840	37.419498
0.043920	36.779499
0.044000	12.014900
0.044080	-13.133700
0.044160	-13.581600
0.044240	-12.365800
0.044320	-29.643400
0.044400	-48.264900
0.044480	-43.721500
0.044560	-44.873402
0.044640	-65.350601
0.044720	-88.067497
0.044800	-103.808998
0.044880	-155.770004
0.044960	-303.526001
0.045040	-496.843994
0.045120	-578.689026
0.045200	-448.658997
0.045280	-171.063995
0.045360	85.540901
0.045440	193.557999
0.045520	146.716995
0.045600	35.115799
0.045680	-39.370098
0.045760	-48.456902
0.045840	-33.418900
0.045920	-35.146702
0.046000	-55.751900
0.046080	-48.776798
0.046160	37.227501
0.046240	169.177994
0.046320	249.358994
0.046400	215.251007
0.046480	97.507301
0.046560	-18.636900
0.046640	-78.468803
0.046720	-88.707397
0.046800	-68.358200
0.046880	-40.713902
0.046960	-21.644501
0.047040	-21.516500
0.047120	-46.793098
0.047200	-82.884201
0.047280	-97.026299
0.047360	-64.902603
0.047440	1.072400
0.047520	58.088699
0.047600	76.134201
0.047680	60.264400
0.047760	31.020300
0.047840	4.527930
0.047920	-11.853800
0.048000	-7.694410
0.048080	22.637501
0.048160	53.481300
0.048240	56.552898
0.048320	29.484501
0.048400	1.328360
0.048480	-5.134760
0.048560	3.888020
0.048640	11.439000
0.048720	6.703630
0.048800	-1.231290
0.048880	-1.487250
0.048960	8.623370
0.049040	17.134199
0.049120	7.471530
0.049200	-13.581600
0.049280	-27.147800
0.049360	-24.012199
0.049440	-18.061001
0.049520	-18.636900
0.049600	-19.788799
0.049680	-15.117400
0.049760	-4.814800
0.049840	-4.878790
0.049920	-23.308300
0.050000	-48.840801
0.050080	-59.143398
0.050160	-41.417801
0.050240	-4.558840
0.050320	37.611401
0.050400	66.599503
0.050480	67.751297
0.050560	39.339199
0.050640	2.288230
0.050720	-15.821300
0.050800	-10.830000
0.050880	3.824020
0.050960	7.983460
0.051040	0.176520
0.051120	-7.950380
0.051200	-5.710680
0.051280	8.239420
0.051360	17.454201
0.051440	16.366301
0.051520	14.958500
0.051600	24.557199
0.051680	37.291500
0.051760	32.812099
0.051840	8.943330
0.051920	-13.709600
0.052000	-11.277900
0.052080	7.215560
0.052160	14.958500
0.052240	2.864150
0.052320	-13.773600
0.052400	-13.773600
0.052480	1.840290
0.052560	17.838100
0.052640	19.501900
0.052720	6.383680
0.052800	-13.325600
0.052880	-29.707399
0.052960	-29.579399
0.053040	-10.766000
0.053120	16.302299
0.053200	34.539902
0.053280	34.667801
0.053360	25.005199
0.053440	19.054001
0.053520	27.052900
0.053600	40.747002
0.053680	45.930302
0.053760	37.291500
0.053840	21.037701
0.053920	9.135300
0.054000	9.519250
0.054080	23.981300
0.054160	39.979099
0.054240	44.842400
0.054320	37.291500
0.054400	26.157000
0.054480	21.933599
0.054560	19.245899
0.054640	15.662400
0.054720	15.470400
0.054800	26.668900
0.054880	48.937901
0.054960	68.647202
0.055040	71.590797
0.055120	50.857601
0.055200	16.366301
0.055280	-14.029500
0.055360	-26.059900
0.055440	-17.549101
0.055520	3.056130
0.055600	24.813200
0.055680	36.907501
0.055760	39.147202
0.055840	38.891300
0.055920	45.738300
0.056000	60.776299
0.056080	65.447701
0.056160	50.281700
0.056240	24.813200
0.056320	11.439000
0.056400	17.070200
0.056480	20.461800
0.056560	3.888020
0.056640	-20.876600
0.056720	-33.162998
0.056800	-35.082699
0.056880	-36.490501
0.056960	-45.897202
0.057040	-62.726898
0.057120	-75.141197
0.057200	-72.901604
0.057280	-47.176998
0.057360	-5.710680
0.057440	28.652700
0.057520	36.651600
0.057600	25.581100
0.057680	18.990000
0.057760	21.805599
0.057840	16.750299
0.057920	-6.926510
0.058000	-25.740000
0.058080	-13.453600
0.058160	22.125500
0.058240	54.889099
0.058320	69.415100
0.058400	73.126602
0.058480	71.654800
0.058560	52.777401
0.058640	5.039860
0.058720	-56.647800
0.058800	-99.969902
0.058880	-94.530602
0.058960	-22.732401
0.059040	92.132004
0.059120	191.766998
0.059200	225.106003
0.059280	173.656998
0.059360	67.431396
0.059440	-35.338699
0.059520	-88.323502
0.059600	-85.955803
0.059680	-55.367901
0.059760	-24.588100
0.059840	-5.198750
0.059920	10.863100
0.060000	29.932501
0.060080	44.266499
0.060160	41.386902
0.060240	21.677601
0.060320	2.992140
0.060400	-0.719358
0.060480	13.358700
0.060560	36.907501
0.060640	57.256802
0.060720	64.103798
0.060800	56.040901
0.060880	41.770901
0.060960	22.381500
0.061040	-1.807210
0.061120	-19.148899
0.061200	-16.589199
0.061280	5.231830
0.061360	33.388000
0.061440	55.017101
0.061520	55.017101
0.061600	32.492100
0.061680	6.383680
0.061760	-3.918920
0.061840	0.880424
0.061920	7.471530
0.062000	10.671100
0.062080	14.062600
0.062160	23.469400
0.062240	35.563702
0.062320	38.955299
0.062400	24.749201
0.062480	-8.078360
0.062560	-43.465599
0.062640	-62.662899
0.062720	-52.232399
0.062800	-16.909201
0.062880	19.949800
0.062960	34.027901
0.063040	13.358700
0.063120	-29.067499
0.063200	-62.087002
0.063280	-59.527401
0.063360	-20.556700
0.063440	25.581100
0.063520	44.714500
0.063600	26.157000
0.063680	-7.886380
0.063760	-27.339701
0.063840	-18.061001
0.063920	10.543100
0.064000	32.492100
0.064080	34.475899
0.064160	18.414000
0.064240	1.136390
0.064320	-0.015454
0.064400	18.094101
0.064480	40.491001
0.064560	48.490002
0.064640	36.971500
0.064720	19.949800
0.064800	25.261101
0.064880	64.935699
0.064960	112.481003
0.065040	113.761002
0.065120	37.739399
0.065200	-80.644501
0.065280	-171.576004
0.065360	-192.436996
0.065440	-156.985992
0.065520	-106.752998
0.065600	-65.350601
0.065680	-32.331100
0.065760	-3.151030
0.065840	18.094101
0.065920	24.237301
0.066000	15.662400
0.066080	5.551790
0.066160	11.758900
0.066240	34.219898
0.066320	59.624401
0.066400	74.790398
0.066480	64.935699
0.066560	26.540899
0.066640	-16.077299
0.066720	-35.530602
0.066800	-29.195499
0.066880	-6.030640
0.066960	13.870700
0.067040	13.806700
0.067120	-6.734540
0.067200	-27.787701
0.067280	-24.524099
0.067360	-0.143437
0.067440	20.781700
0.067520	23.405399
0.067600	9.647230
0.067680	-13.773600
0.067760	-34.186798
0.067840	-27.531700
0.067920	13.678700
0.068000	73.126602
0.068080	118.496002
0.068160	122.720001
0.068240	86.372803
0.068320	34.027901
0.068400	5.423810
0.068480	21.293699
0.068560	59.688400
0.068640	78.117897
0.068720	58.152599
0.068800	21.933599
0.068880	1.456350
0.068960	12.590800
0.069040	39.531200
0.069120	55.017101
0.069200	50.537701
0.069280	39.403198
0.069360	37.739399
0.069440	41.450901
0.069520	37.931400
0.069600	23.917299
0.069680	7.279560
0.069760	-0.335411
0.069840	5.487800
0.069920	20.909700
0.070000	33.835899
0.070080	32.300201
0.070160	20.141800
0.070240	11.247000
0.070320	11.183000
0.070400	16.622299
0.070480	28.972601
0.070560	44.394501
0.070640	52.137501
0.070720	42.794701
0.070800	12.782800
0.070880	-26.891800
0.070960	-52.872299
0.071040	-49.544701
0.071120	-22.092501
0.071200	10.351100
0.071280	29.932501
0.071360	31.596300
0.071440	23.725300
0.071520	14.190600
0.071600	8.687360
0.071680	10.223200
0.071760	14.958500
0.071840	13.678700
0.071920	3.248100
0.072000	-6.158620
0.072080	-6.350590
0.072160	1.072400
0.072240	5.359820
0.072320	-0.015454
0.072400	-8.142350
0.072480	-11.533900
0.072560	-4.814800
0.072640	8.943330
0.072720	23.021400
0.072800	32.172199
0.072880	33.004101
0.072960	26.476999
0.073040	15.662400
0.073120	7.663500
0.073200	6.703630
0.073280	13.358700
0.073360	21.613600
0.073440	23.725300
0.073520	18.478001
0.073600	11.311000
0.073680	8.495390
0.073760	9.263280
0.073840	10.735100
0.073920	10.671100
0.074000	6.063720
0.074080	0.944415
0.074160	1.904290
0.074240	10.927100
0.074320	22.381500
0.074400	25.261101
0.074480	11.822900
0.074560	-13.261700
0.074640	-31.051201
0.074720	-30.859301
0.074800	-15.053400
0.074880	5.999730
0.074960	22.061501
0.075040	30.444401
0.075120	30.316401
0.075200	23.597300
0.075280	13.678700
0.075360	4.975870
0.075440	1.840290
0.075520	5.039860
0.075600	10.799100
0.075680	14.766500
0.075760	15.406500
0.075840	11.503000
0.075920	6.191700
0.076000	2.160250
0.076080	-1.423260
0.076160	-1.999180
0.076240	0.240511
0.076320	3.248100
0.076400	4.911880
0.076480	5.871750
0.076560	6.319690
0.076640	6.383680
0.076720	7.407540
0.076800	5.295820
0.076880	-1.295280
0.076960	-7.374450
0.077040	-8.526300
0.077120	-4.494850
0.077200	2.544200
0.077280	10.607100
0.077360	15.790400
0.077440	16.558300
0.077520	12.334900
0.077600	4.783890
0.077680	3.568060
0.077760	14.126600
0.077840	27.692801
0.077920	31.340300
0.078000	21.741600
0.078080	4.335950
0.078160	-6.670550
0.078240	2.224240
0.078320	23.341400
0.078400	37.483501
0.078480	34.347900
0.078560	16.494301
0.078640	-5.390720
0.078720	-18.316999
0.078800	-14.285500
0.078880	-2.127170
0.078960	5.871750
0.079040	5.999730
0.079120	1.008410
0.079200	-4.110900
0.079280	-2.831070
0.079360	9.327280
0.079440	25.900999
0.079520	35.435699
0.079600	31.660200
0.079680	17.710100
0.079760	2.736170
0.079840	-5.710680
0.079920	-6.094630
0.080000	-4.302870
0.080080	-5.006780
0.080160	-7.950380
0.080240	-8.974240
0.080320	-6.030640
0.080400	-0.143437
0.080480	9.071310
0.080560	17.774099
0.080640	20.397800
0.080720	16.046400
0.080800	10.159200
0.080880	6.959600
0.080960	4.783890
0.081040	2.864150
0.081120	3.184110
0.081200	5.359820
0.081280	5.871750
0.081360	5.935740
0.081440	9.455260
0.081520	11.375000
0.081600	6.127710
0.081680	-3.470980
0.081760	-9.678140
0.081840	-7.438450
0.081920	2.736170
0.082000	14.126600
0.082080	17.902100
0.082160	13.870700
0.082240	10.479100
0.082320	12.846800
0.082400	17.710100
0.082480	19.309900
0.082560	16.686300
0.082640	12.142900
0.082720	8.687360
0.082800	6.063720
0.082880	3.632050
0.082960	1.776300
0.083040	2.352220
0.083120	7.599510
0.083200	15.278500
0.083280	19.693899
0.083360	17.454201
0.083440	11.247000
0.083520	5.935740
0.083600	2.736170
0.083680	1.776300
0.083760	1.072400
0.083840	0.240511
0.083920	0.112528
0.084000	1.904290
0.084080	10.159200
0.084160	20.333799
0.084240	24.621201
0.084320	21.997601
0.084400	17.582199
0.084480	13.166800
0.084560	8.815350
0.084640	7.727490
0.084720	10.735100
0.084800	16.494301
0.084880	20.333799
0.084960	20.205799
0.085040	17.838100
0.085120	17.774099
0.085200	18.350100
0.085280	16.174400
0.085360	11.375000
0.085440	4.527930
0.085520	-3.215020
0.085600	-6.798530
0.085680	-5.134760
0.085760	0.176520
0.085840	6.127710
0.085920	10.735100
0.086000	12.910800
0.086080	12.526800
0.086160	10.927100
0.086240	8.879340
0.086320	10.095200
0.086400	15.086500
0.086480	20.653700
0.086560	21.741600
0.086640	15.406500
0.086720	5.231830
0.086800	-3.598970
0.086880	-5.006780
0.086960	0.496476
0.087040	7.151570
0.087120	8.751350
0.087200	6.511660
0.087280	8.175430
0.087360	14.830500
0.087440	18.862000
0.087520	14.510600
0.087600	4.143980
0.087680	-4.366860
0.087760	-1.487250
0.087840	10.799100
0.087920	21.293699
0.088000	22.061501
0.088080	13.998600
0.088160	4.975870
0.088240	1.136390
0.088320	2.928150
0.088400	7.983460
0.088480	12.910800
0.088560	13.934700
0.088640	10.543100
0.088720	7.791480
0.088800	7.535520
0.088880	8.815350
0.088960	10.863100
0.089040	13.550700
0.089120	16.430300
0.089200	16.814301
0.089280	11.503000
0.089360	3.824020
0.089440	-1.039320
0.089520	0.688450
0.089600	6.703630
0.089680	11.886900
0.089760	13.358700
0.089840	11.822900
0.089920	9.647230
0.090000	8.431400
0.090080	8.623370
0.090160	10.799100
0.090240	14.446600
0.090320	17.902100
0.090400	18.030100
0.090480	14.510600
0.090560	9.519250
0.090640	6.127710
0.090720	5.359820
0.090800	6.895610
0.090880	9.391270
0.090960	10.287100
0.091040	8.367410
0.091120	5.359820
0.091200	4.527930
0.091280	6.383680
0.091360	9.263280
0.091440	10.479100
0.091520	9.967190
0.091600	9.327280
0.091680	9.071310
0.091760	8.943330
0.091840	7.983460
0.091920	8.047450
0.092000	10.095200
0.092080	12.590800
0.092160	13.038800
0.092240	9.839210
0.092320	6.383680
0.092400	5.679770
0.092480	7.599510
0.092560	10.159200
0.092640	10.991000
0.092720	9.775210
0.092800	8.111440
0.092880	8.111440
0.092960	9.583240
0.093040	11.055000
0.093120	11.503000
0.093200	11.055000
0.093280	10.287100
0.093360	10.223200
0.093440	10.735100
0.093520	11.311000
0.093600	11.247000
0.093680	11.247000
0.093760	10.799100
0.093840	9.391270
0.093920	7.215560
0.094000	5.999730
0.094080	6.575650
0.094160	8.047450
0.094240	8.431400
0.094320	7.407540
0.094400	6.191700
0.094480	5.871750
0.094560	7.151570
0.094640	9.711220
0.094720	11.822900
0.094800	12.270900
0.094880	10.415100
0.094960	7.279560
0.095040	5.167840
0.095120	5.103850
0.095200	7.023590
0.095280	9.519250
0.095360	10.735100
0.095440	10.799100
0.095520	10.415100
0.095600	10.479100
0.095680	10.479100
0.095760	9.519250
0.095840	7.663500
0.095920	5.807750
0.096000	5.487800
0.096080	6.703630
0.096160	8.623370
0.096240	9.455260
0.096320	8.687360
0.096400	6.575650
0.096480	5.359820
0.096560	6.191700
0.096640	7.855480
0.096720	8.943330
0.096800	8.303410
0.096880	7.343550
0.096960	7.215560
0.097040	9.327280
0.097120	11.631000
0.097200	10.031200
0.097280	5.743760
0.097360	4.975870
0.097440	9.647230
0.097520	14.830500
0.097600	14.446600
0.097680	6.767620
0.097760	-3.406990
0.097840	-7.182480
0.097920	-0.463393
0.098000	12.782800
0.098080	22.829399
0.098160	22.701500
0.098240	14.574600
0.098320	5.743760
0.098400	1.392360
0.098480	1.520340
0.098560	3.760030
0.098640	4.079990
0.098720	0.752442
0.098800	-3.087040
0.098880	-2.895060
0.098960	3.952010
0.099040	13.998600
0.099120	20.589701
0.099200	19.245899
0.099280	10.415100
0.099360	-3.215020
0.099440	-15.309400
0.099520	-18.188999
0.099600	-7.950380
0.099680	10.607100
0.099760	28.204700
0.099840	33.388000
0.099920	21.165701
0.100000	-2.127170
0.100080	-21.068600
0.100160	-22.924299
0.100240	-7.118490
0.100320	16.750299
0.100400	32.492100
0.100480	29.100599
0.100560	8.495390
0.100640	-13.965600
0.100720	-22.796400
0.100800	-14.029500
0.100880	5.039860
0.100960	21.549601
0.101040	24.621201
0.101120	11.886900
0.101200	-6.414590
0.101280	-16.397200
0.101360	-10.958000
0.101440	5.359820
0.101520	20.653700
0.101600	25.900999
0.101680	18.733999
0.101760	4.207970
0.101840	-8.206340
0.101920	-10.638000
0.102000	-2.319140
0.102080	10.607100
0.102160	19.821899
0.102240	19.693899
0.102320	9.775210
0.102400	-2.959050
0.102480	-9.806120
0.102560	-5.966650
0.102640	4.975870
0.102720	15.214500
0.102800	17.838100
0.102880	10.607100
0.102960	-1.103310
0.103040	-7.630420
0.103120	-4.622830
0.103200	4.719900
0.103280	13.166800
0.103360	14.510600
0.103440	9.007320
0.103520	1.392360
0.103600	-1.935190
0.103680	1.328360
0.103760	8.303410
0.103840	13.934700
0.103920	13.998600
0.104000	8.495390
0.104080	1.456350
0.104160	-2.511120
0.104240	-1.807210
0.104320	2.032270
0.104400	5.999730
0.104480	7.855480
0.104560	6.255690
0.104640	3.312090
0.104720	0.752442
0.104800	0.496476
0.104880	1.968280
0.104960	5.039860
0.105040	7.663500
0.105120	7.791480
0.105200	5.295820
0.105280	2.736170
0.105360	1.968280
0.105440	3.376090
0.105520	6.319690
0.105600	8.687360
0.105680	9.199290
0.105760	7.535520
0.105840	4.591920
0.105920	1.968280
0.106000	1.200380
0.106080	2.480210
0.106160	5.231830
0.106240	7.535520
0.106320	7.215560
0.106400	3.504070
0.106480	-1.679230
0.106560	-3.279010
0.106640	0.816433
0.106720	8.303410
0.106800	12.974800
0.106880	11.119000
0.106960	5.231830
0.107040	0.496476
0.107120	-0.719358
0.107200	1.136390
0.107280	3.120120
0.107360	4.143980
0.107440	4.847890
0.107520	6.447670
0.107600	8.239420
0.107680	8.495390
0.107760	6.703630
0.107840	3.952010
0.107920	2.864150
0.108000	4.719900
0.108080	7.791480
0.108160	9.455260
0.108240	8.367410
0.108320	5.039860
0.108400	2.352220
0.108480	2.160250
0.108560	4.079990
0.108640	5.743760
0.108720	5.935740
0.108800	4.911880
0.108880	3.632050
0.108960	2.672180
0.109040	1.968280
0.109120	2.288230
0.109200	3.760030
0.109280	5.039860
0.109360	4.783890
0.109440	3.248100
0.109520	2.288230
0.109600	4.399950
0.109680	8.815350
0.109760	11.695000
0.109840	9.583240
0.109920	3.632050
0.110000	-1.487250
0.110080	-1.487250
0.110160	3.120120
0.110240	8.495390
0.110320	10.863100
0.110400	8.047450
0.110480	2.736170
0.110560	-1.359270
0.110640	-1.103310
0.110720	2.992140
0.110800	6.767620
0.110880	7.663500
0.110960	5.423810
0.111040	2.480210
0.111120	0.944415
0.111200	1.008410
0.111280	1.008410
0.111360	1.200380
0.111440	2.544200
0.111520	4.847890
0.111600	6.831620
0.111680	6.511660
0.111760	4.016000
0.111840	1.328360
0.111920	0.560468
0.112000	2.224240
0.112080	5.039860
0.112160	7.727490
0.112240	8.943330
0.112320	8.303410
0.112400	6.767620
0.112480	5.167840
0.112560	4.655910
0.112640	4.911880
0.112720	5.167840
0.112800	5.039860
0.112880	4.335950
0.112960	3.760030
0.113040	3.312090
0.113120	3.504070
0.113200	4.016000
0.113280	4.655910
0.113360	6.127710
0.113440	7.663500
0.113520	7.727490
0.113600	4.975870
0.113680	0.304502
0.113760	-2.447120
0.113840	-1.679230
0.113920	1.776300
0.114000	5.039860
0.114080	6.127710
0.114160	4.847890
0.114240	2.352220
0.114320	0.368494
0.114400	0.560468
0.114480	2.928150
0.114560	5.807750
0.114640	7.535520
0.114720	7.279560
0.114800	5.679770
0.114880	3.760030
0.114960	2.608190
0.115040	2.608190
0.115120	3.056130
0.115200	4.527930
0.115280	6.063720
0.115360	6.895610
0.115440	6.831620
0.115520	6.319690
0.115600	5.999730
0.115680	6.447670
0.115760	7.279560
0.115840	7.599510
0.115920	7.407540
0.116000	6.895610
0.116080	6.575650
0.116160	7.407540
0.116240	8.687360
0.116320	9.199290
0.116400	7.919470
0.116480	5.231830
0.116560	2.352220
0.116640	0.880424
0.116720	1.328360
0.116800	2.800160
0.116880	4.207970
0.116960	4.783890
0.117040	3.824020
0.117120	1.904290
0.117200	0.304502
0.117280	0.304502
0.117360	1.968280
0.117440	4.143980
0.117520	5.423810
0.117600	5.487800
0.117680	5.359820
0.117760	6.319690
0.117840	7.727490
0.117920	7.983460
0.118000	6.127710
0.118080	2.864150
0.118160	0.560468
0.118240	0.304502
0.118320	2.224240
0.118400	4.463940
0.118480	5.423810
0.118560	4.591920
0.118640	2.160250
0.118720	0.368494
0.118800	0.944415
0.118880	3.696040
0.118960	7.087580
0.119040	8.687360
0.119120	7.087580
0.119200	3.248100
0.119280	-0.399402
0.119360	-1.871200
0.119440	-0.527384
0.119520	2.288230
0.119600	5.103850
0.119680	6.767620
0.119760	6.255690
0.119840	4.143980
0.119920	1.584330
0.120000	0.176520
0.120080	1.264370
0.120160	3.632050
0.120240	6.191700
0.120320	7.471530
0.120400	6.447670
0.120480	4.143980
0.120560	1.648320
0.120640	0.688450
0.120720	1.968280
0.120800	4.527930
0.120880	6.447670
0.120960	6.703630
0.121040	5.935740
0.121120	4.335950
0.121200	2.928150
0.121280	2.864150
0.121360	4.207970
0.121440	6.383680
0.121520	8.239420
0.121600	8.303410
0.121680	6.639640
0.121760	4.335950
0.121840	2.992140
0.121920	2.736170
0.122000	2.800160
0.122080	3.376090
0.122160	4.335950
0.122240	5.551790
0.122320	6.255690
0.122400	6.575650
0.122480	6.511660
0.122560	5.871750
0.122640	4.847890
0.122720	3.568060
0.122800	2.672180
0.122880	2.736170
0.122960	3.248100
0.123040	3.760030
0.123120	3.952010
0.123200	3.760030
0.123280	3.312090
0.123360	3.440080
0.123440	4.783890
0.123520	6.511660
0.123600	6.191700
0.123680	3.568060
0.123760	1.264370
0.123840	1.520340
0.123920	2.736170
0.124000	3.376090
0.124080	2.672180
0.124160	1.456350
0.124240	0.496476
0.124320	1.008410
0.124400	2.352220
0.124480	3.760030
0.124560	4.016000
0.124640	2.800160
0.124720	0.560468
0.124800	-2.319140
0.124880	-3.854930
0.124960	-2.959050
0.125040	0.112528
0.125120	2.864150
0.125200	3.056130
0.125280	1.648320
0.125360	-0.015454
0.125440	-0.975324
0.125520	-0.975324
0.125600	0.048537
0.125680	2.672180
0.125760	5.423810
0.125840	5.743760
0.125920	3.568060
0.126000	1.328360
0.126080	0.880424
0.126160	1.712310
0.126240	2.672180
0.126320	3.248100
0.126400	3.568060
0.126480	3.952010
0.126560	5.039860
0.126640	5.871750
0.126720	6.383680
0.126800	6.575650
0.126880	6.191700
0.126960	5.103850
0.127040	2.928150
0.127120	0.688450
0.127200	0.304502
0.127280	3.056130
0.127360	6.255690
0.127440	8.431400
0.127520	8.815350
0.127600	7.599510
0.127680	5.999730
0.127760	5.807750
0.127840	6.191700
0.127920	4.911880
0.128000	2.288230
0.128080	-0.143437
0.128160	-1.359270
0.128240	-2.319140
0.128320	-3.598970
0.128400	-5.006780
0.128480	-4.558840
0.128560	-1.615240
0.128640	2.928150
0.128720	5.423810
0.128800	3.952010
0.128880	-0.783350
0.128960	-4.174890
0.129040	-3.406990
0.129120	0.304502
0.129200	3.312090
0.129280	3.056130
0.129360	0.304502
0.129440	-2.383130
0.129520	-2.383130
0.129600	-0.015454
0.129680	2.672180
0.129760	4.143980
0.129840	4.399950
0.129920	3.312090
0.130000	2.096260
0.130080	1.200380
0.130160	1.776300
0.130240	2.992140
0.130320	3.184110
0.130400	1.840290
0.130480	0.560468
0.130560	0.304502
0.130640	1.456350
0.130720	3.056130
0.130800	4.399950
0.130880	5.423810
0.130960	6.767620
0.131040	7.791480
0.131120	7.087580
0.131200	4.335950
0.131280	1.904290
0.131360	1.648320
0.131440	3.312090
0.131520	5.295820
0.131600	5.039860
0.131680	2.544200
0.131760	-0.015454
0.131840	-0.847341
0.131920	0.688450
0.132000	3.632050
0.132080	6.447670
0.132160	6.703630
0.132240	3.312090
0.132320	-1.807210
0.132400	-5.070770
0.132480	-4.302870
0.132560	-0.655367
0.132640	2.352220
0.132720	2.864150
0.132800	0.944415
0.132880	-1.807210
0.132960	-3.215020
0.133040	-2.255150
0.133120	1.008410
0.133200	4.847890
0.133280	6.831620
0.133360	5.743760
0.133440	2.480210
0.133520	-0.463393
0.133600	-1.551250
0.133680	-0.783350
0.133760	0.816433
0.133840	1.776300
0.133920	2.352220
0.134000	2.416210
0.134080	2.352220
0.134160	2.160250
0.134240	2.096260
0.134320	2.416210
0.134400	2.928150
0.134480	3.568060
0.134560	4.016000
0.134640	4.207970
0.134720	3.824020
0.134800	3.248100
0.134880	2.736170
0.134960	2.992140
0.135040	3.888020
0.135120	5.359820
0.135200	7.279560
0.135280	9.199290
0.135360	10.159200
0.135440	8.879340
0.135520	6.383680
0.135600	4.591920
0.135680	3.696040
0.135760	3.184110
0.135840	2.736170
0.135920	1.776300
0.136000	0.048537
0.136080	-2.447120
0.136160	-4.174890
0.136240	-4.366860
0.136320	-4.174890
0.136400	-5.006780
0.136480	-6.542570
0.136560	-6.542570
0.136640	-4.878790
0.136720	-3.406990
0.136800	-2.895060
0.136880	-2.511120
0.136960	-1.103310
0.137040	-0.463393
0.137120	-2.319140
0.137200	-5.518710
0.137280	-7.054500
0.137360	-4.302870
0.137440	2.032270
0.137520	8.047450
0.137600	9.775210
0.137680	5.615780
0.137760	-1.295280
0.137840	-5.774670
0.137920	-4.942780
0.138000	0.176520
0.138080	6.127710
0.138160	9.775210
0.138240	9.711220
0.138320	6.575650
0.138400	2.736170
0.138480	0.880424
0.138560	2.032270
0.138640	4.911880
0.138720	6.895610
0.138800	6.191700
0.138880	3.056130
0.138960	-0.527384
0.139040	-1.999180
0.139120	-0.719358
0.139200	2.544200
0.139280	4.975870
0.139360	5.487800
0.139440	4.143980
0.139520	2.032270
0.139600	0.112528
0.139680	-0.399402
0.139760	0.048537
0.139840	0.688450
0.139920	1.328360
0.140000	1.008410
0.140080	0.304502
0.140160	-0.399402
0.140240	-0.527384
0.140320	-0.527384
0.140400	-0.463393
0.140480	-0.399402
0.140560	-0.271419
0.140640	0.048537
0.140720	0.368494
0.140800	0.624459
0.140880	0.624459
0.140960	0.816433
0.141040	1.072400
0.141120	1.456350
0.141200	1.904290
0.141280	2.416210
0.141360	2.736170
0.141440	2.672180
0.141520	2.096260
0.141600	1.584330
0.141680	1.392360
0.141760	1.776300
0.141840	2.224240
0.141920	2.608190
0.142000	2.544200
0.142080	2.160250
0.142160	1.904290
0.142240	1.904290
0.142320	2.288230
0.142400	2.800160
0.142480	3.120120
0.142560	3.248100
0.142640	3.120120
0.142720	3.056130
0.142800	2.672180
0.142880	1.200380
0.142960	-0.975324
0.143040	-2.511120
0.143120	-2.383130
0.143200	-1.039320
0.143280	0.880424
0.143360	2.160250
0.143440	2.736170
0.143520	2.672180
0.143600	2.608190
0.143680	2.736170
0.143760	2.736170
0.143840	2.608190
0.143920	2.288230
0.144000	2.288230
0.144080	2.224240
0.144160	2.480210
0.144240	2.736170
0.144320	2.736170
0.144400	2.480210
0.144480	1.968280
0.144560	1.712310
0.144640	1.648320
0.144720	1.840290
0.144800	2.352220
0.144880	2.480210
0.144960	2.096260
0.145040	0.880424
0.145120	-0.271419
0.145200	-1.039320
0.145280	-1.103310
0.145360	-0.399402
0.145440	0.560468
0.145520	0.752442
0.145600	0.176520
0.145680	-0.911332
0.145760	-1.935190
0.145840	-1.679230
0.145920	-0.719358
0.146000	0.752442
0.146080	1.328360
0.146160	0.688450
0.146240	-0.655367
0.146320	-1.615240
0.146400	-1.871200
0.146480	-0.975324
0.146560	0.240511
0.146640	1.008410
0.146720	0.944415
0.146800	0.112528
0.146880	-0.911332
0.146960	-1.295280
0.147040	-1.039320
0.147120	-0.527384
0.147200	-0.271419
0.147280	-0.271419
0.147360	-0.463393
0.147440	-0.911332
0.147520	-1.359270
0.147600	-1.615240
0.147680	-1.487250
0.147760	-1.295280
0.147840	-0.847341
0.147920	-0.783350
0.148000	-1.103310
0.148080	-1.487250
0.148160	-1.743220
0.148240	-1.423260
0.148320	-0.911332
0.148400	-0.079445
0.148480	0.560468
0.148560	0.688450
0.148640	-0.143437
0.148720	-1.615240
0.148800	-3.279010
0.148880	-3.215020
0.148960	-0.847341
0.149040	2.160250
0.149120	3.632050
0.149200	2.672180
0.149280	0.240511
0.149360	-2.063180
0.149440	-3.598970
0.149520	-3.790940
0.149600	-2.639100
0.149680	-0.847341
0.149760	0.688450
0.149840	1.392360
0.149920	1.328360
0.150000	1.200380
0.150080	1.392360
0.150160	1.136390
0.150240	-0.143437
0.150320	-0.911332
0.150400	-0.847341
0.150480	0.624459
0.150560	2.544200
0.150640	3.376090
0.150720	2.608190
0.150800	0.560468
0.150880	-0.975324
0.150960	-1.167300
0.151040	-0.015454
0.151120	0.624459
0.151200	0.112528
0.151280	-1.295280
0.151360	-2.639100
0.151440	-2.895060
0.151520	-1.679230
0.151600	0.176520
0.151680	1.840290
0.151760	2.032270
0.151840	0.880424
0.151920	-0.847341
0.152000	-1.551250
0.152080	-1.487250
0.152160	-0.719358
0.152240	-0.271419
0.152320	-0.463393
0.152400	-0.975324
0.152480	-1.743220
0.152560	-1.999180
0.152640	-1.999180
0.152720	-1.999180
0.152800	-2.127170
0.152880	-2.447120
0.152960	-2.703090
0.153040	-2.895060
0.153120	-3.151030
0.153200	-2.959050
0.153280	-2.319140
0.153360	-1.615240
0.153440	-0.719358
0.153520	-0.655367
0.153600	-0.783350
0.153680	-1.231290
0.153760	-1.615240
0.153840	-1.871200
0.153920	-1.871200
0.154000	-1.359270
0.154080	-0.719358
0.154160	-0.207428
0.154240	0.048537
0.154320	-0.143437
0.154400	-0.527384
0.154480	-0.655367
0.154560	-0.527384
0.154640	-0.271419
0.154720	0.176520
0.154800	0.624459
0.154880	0.752442
0.154960	0.624459
0.155040	0.240511
0.155120	0.176520
0.155200	0.304502
0.155280	0.624459
0.155360	0.944415
0.155440	1.072400
0.155520	0.880424
0.155600	0.560468
0.155680	0.304502
0.155760	0.368494
0.155840	0.688450
0.155920	1.008410
0.156000	0.880424
0.156080	0.688450
0.156160	0.496476
0.156240	0.304502
0.156320	0.368494
0.156400	0.304502
0.156480	0.112528
0.156560	-0.015454
0.156640	-0.335411
0.156720	-0.399402
0.156800	-0.271419
0.156880	-0.079445
0.156960	0.112528
0.157040	0.048537
0.157120	-0.399402
0.157200	-0.783350
0.157280	-0.975324
0.157360	-0.911332
0.157440	-0.719358
0.157520	-0.463393
0.157600	-0.527384
0.157680	-0.783350
0.157760	-1.231290
0.157840	-1.359270
0.157920	-1.359270
0.158000	-1.295280
0.158080	-1.039320
0.158160	-1.039320
0.158240	-1.103310
0.158320	-1.295280
0.158400	-1.295280
0.158480	-1.167300
0.158560	-0.847341
0.158640	-0.719358
0.158720	-0.719358
0.158800	-0.847341
0.158880	-0.783350
0.158960	-0.335411
0.159040	0.624459
0.159120	1.200380
0.159200	1.008410
0.159280	0.176520
0.159360	-1.103310
0.159440	-2.255150
0.159520	-2.063180
0.159600	-0.527384
0.159680	0.880424
0.159760	1.264370
0.159840	0.304502
0.159920	-1.039320
0.160000	-1.487250
0.160080	-0.847341
0.160160	-0.399402
0.160240	-0.335411
0.160320	-0.015454
0.160400	1.072400
0.160480	1.776300
0.160560	1.392360
0.160640	0.112528
0.160720	-0.143437
0.160800	0.816433
0.160880	1.712310
0.160960	0.944415
0.161040	-0.911332
0.161120	-1.679230
0.161200	-0.143437
0.161280	2.544200
0.161360	4.143980
0.161440	3.056130
0.161520	0.752442
0.161600	-1.039320
0.161680	-1.871200
0.161760	-1.231290
0.161840	0.304502
0.161920	1.904290
0.162000	1.968280
0.162080	0.624459
0.162160	-1.167300
0.162240	-1.935190
0.162320	-1.039320
0.162400	0.112528
0.162480	0.496476
0.162560	0.048537
0.162640	-0.399402
0.162720	-0.975324
0.162800	-1.487250
0.162880	-2.063180
0.162960	-1.551250
0.163040	-0.591376
0.163120	0.304502
0.163200	0.112528
0.163280	-1.039320
0.163360	-2.127170
0.163440	-1.743220
0.163520	-0.911332
0.163600	-0.271419
0.163680	-0.207428
0.163760	-0.719358
0.163840	-1.103310
0.163920	-1.103310
0.164000	-0.719358
0.164080	-0.399402
0.164160	-0.527384
0.164240	-0.847341
0.164320	-1.167300
0.164400	-0.847341
0.164480	-0.079445
0.164560	0.816433
0.164640	0.880424
0.164720	-0.399402
0.164800	-1.423260
0.164880	-1.615240
0.164960	-0.463393
0.165040	0.880424
0.165120	1.520340
0.165200	1.008410
0.165280	-0.079445
0.165360	-0.783350
0.165440	-0.527384
0.165520	0.240511
0.165600	1.008410
0.165680	1.200380
0.165760	1.008410
0.165840	0.624459
0.165920	0.304502
0.166000	0.240511
0.166080	0.240511
0.166160	0.624459
0.166240	1.008410
0.166320	1.520340
0.166400	1.456350
0.166480	0.880424
0.166560	0.048537
0.166640	-0.399402
0.166720	-0.271419
0.166800	0.496476
0.166880	1.136390
0.166960	1.072400
0.167040	0.432485
0.167120	-0.655367
0.167200	-0.783350
0.167280	-0.463393
0.167360	0.560468
0.167440	1.200380
0.167520	0.880424
0.167600	0.304502
0.167680	0.112528
0.167760	0.304502
0.167840	0.624459
0.167920	1.328360
0.168000	1.584330
0.168080	1.520340
0.168160	1.392360
0.168240	1.584330
0.168320	1.712310
0.168400	1.456350
0.168480	1.328360
0.168560	1.264370
0.168640	1.008410
0.168720	0.880424
0.168800	0.816433
0.168880	0.496476
0.168960	-0.079445
0.169040	-0.527384
0.169120	-0.847341
0.169200	-0.911332
0.169280	-1.039320
0.169360	-1.295280
0.169440	-1.551250
0.169520	-1.807210
0.169600	-1.807210
0.169680	-1.871200
0.169760	-1.807210
0.169840	-1.807210
0.169920	-1.423260
0.170000	-0.783350
0.170080	-0.463393
0.170160	-0.335411
0.170240	-0.271419
0.170320	-0.335411
0.170400	-0.335411
0.170480	-0.015454
0.170560	0.752442
0.170640	1.136390
0.170720	1.456350
0.170800	1.584330
0.170880	1.520340
0.170960	1.712310
0.171040	1.840290
0.171120	1.712310
0.171200	1.264370
0.171280	0.880424
0.171360	0.752442
0.171440	1.072400
0.171520	1.328360
0.171600	1.584330
0.171680	1.200380
0.171760	0.816433
0.171840	0.240511
0.171920	0.048537
0.172000	0.048537
0.172080	0.176520
0.172160	0.304502
0.172240	0.368494
0.172320	0.240511
0.172400	0.048537
0.172480	-0.143437
0.172560	-0.399402
0.172640	-0.335411
0.172720	0.048537
0.172800	0.112528
0.172880	-0.143437
0.172960	-0.591376
0.173040	-0.463393
0.173120	-0.015454
0.173200	0.560468
0.173280	0.752442
0.173360	0.368494
0.173440	0.112528
0.173520	0.176520
0.173600	0.816433
0.173680	1.520340
0.173760	1.776300
0.173840	1.584330
0.173920	0.752442
0.174000	0.048537
0.174080	-0.207428
0.174160	0.304502
0.174240	1.072400
0.174320	1.328360
0.174400	0.880424
0.174480	-0.015454
0.174560	-0.719358
0.174640	-0.527384
0.174720	0.048537
0.174800	0.304502
0.174880	-0.079445
0.174960	-0.591376
0.175040	-0.911332
0.175120	-0.783350
0.175200	-0.463393
0.175280	-0.399402
0.175360	-0.527384
0.175440	-0.591376
0.175520	-0.527384
0.175600	-0.143437
0.175680	-0.015454
0.175760	0.112528
0.175840	0.048537
0.175920	-0.015454
0.176000	-0.079445
0.176080	0.176520
0.176160	0.560468
0.176240	0.816433
0.176320	0.752442
0.176400	0.688450
0.176480	0.560468
0.176560	0.816433
0.176640	0.944415
0.176720	1.072400
0.176800	1.136390
0.176880	0.816433
0.176960	0.496476
0.177040	0.240511
0.177120	0.304502
0.177200	0.304502
0.177280	0.496476
0.177360	0.880424
0.177440	1.712310
0.177520	2.800160
0.177600	2.800160
0.177680	1.392360
0.177760	-0.847341
0.177840	-2.639100
0.177920	-2.959050
0.178000	-1.871200
0.178080	-0.783350
0.178160	-0.975324
0.178240	-1.167300
0.178320	-1.231290
0.178400	-1.615240
0.178480	-1.807210
0.178560	-1.935190
0.178640	-2.063180
0.178720	-1.871200
0.178800	-0.719358
0.178880	0.880424
0.178960	1.008410
0.179040	0.048537
0.179120	-0.591376
0.179200	-0.463393
0.179280	0.688450
0.179360	1.072400
0.179440	-0.399402
0.179520	-2.191160
0.179600	-2.255150
0.179680	-0.143437
0.179760	2.672180
0.179840	3.632050
0.179920	2.096260
0.180000	-0.591376
0.180080	-2.255150
0.180160	-1.999180
0.180240	-0.911332
0.180320	0.368494
0.180400	1.264370
0.180480	0.816433
0.180560	-0.335411
0.180640	-1.487250
0.180720	-1.167300
0.180800	0.240511
0.180880	1.392360
0.180960	1.264370
0.181040	0.304502
0.181120	-0.463393
0.181200	-0.271419
0.181280	0.240511
0.181360	0.560468
0.181440	0.112528
0.181520	-0.271419
0.181600	-0.079445
0.181680	0.560468
0.181760	0.624459
0.181840	0.112528
0.181920	-0.591376
0.182000	-0.911332
0.182080	-1.423260
0.182160	-1.295280
0.182240	-0.911332
0.182320	-0.463393
0.182400	-0.719358
0.182480	-1.167300
0.182560	-1.935190
0.182640	-2.319140
0.182720	-1.807210
0.182800	-0.783350
0.182880	0.048537
0.182960	-0.143437
0.183040	-0.847341
0.183120	-1.807210
0.183200	-2.191160
0.183280	-2.063180
0.183360	-1.295280
0.183440	-0.335411
0.183520	0.368494
0.183600	0.624459
0.183680	-0.015454
0.183760	-0.911332
0.183840	-1.615240
0.183920	-1.487250
0.184000	-0.463393
0.184080	0.688450
0.184160	1.072400
0.184240	0.624459
0.184320	-0.271419
0.184400	-0.847341
0.184480	-0.847341
0.184560	-0.335411
0.184640	0.688450
0.184720	1.136390
0.184800	0.880424
0.184880	-0.079445
0.184960	-1.039320
0.185040	-1.359270
0.185120	-0.655367
0.185200	0.368494
0.185280	0.880424
0.185360	0.240511
0.185440	-0.655367
0.185520	-1.359270
0.185600	-0.911332
0.185680	0.048537
0.185760	1.264370
0.185840	2.672180
0.185920	3.440080
0.186000	2.288230
0.186080	-0.591376
0.186160	-2.703090
0.186240	-2.703090
0.186320	-1.231290
0.186400	1.328360
0.186480	2.352220
0.186560	1.456350
0.186640	-0.783350
0.186720	-2.383130
0.186800	-2.831070
0.186880	-2.191160
0.186960	-0.975324
0.187040	-0.271419
0.187120	-0.271419
0.187200	-1.167300
0.187280	-2.447120
0.187360	-3.023050
0.187440	-2.703090
0.187520	-1.167300
0.187600	0.240511
0.187680	0.624459
0.187760	-0.591376
0.187840	-2.319140
0.187920	-3.279010
0.188000	-2.511120
0.188080	-0.719358
0.188160	1.136390
0.188240	1.456350
0.188320	0.304502
0.188400	-1.615240
0.188480	-2.383130
0.188560	-1.487250
0.188640	0.368494
0.188720	1.840290
0.188800	1.840290
0.188880	0.624459
0.188960	-1.103310
0.189040	-2.063180
0.189120	-1.807210
0.189200	-0.527384
0.189280	0.816433
0.189360	1.072400
0.189440	0.112528
0.189520	-1.295280
0.189600	-2.383130
0.189680	-2.319140
0.189760	-1.231290
0.189840	0.048537
0.189920	0.624459
0.190000	-0.079445
0.190080	-1.231290
0.190160	-2.191160
0.190240	-2.191160
0.190320	-1.231290
0.190400	0.048537
0.190480	0.944415
0.190560	0.816433
0.190640	-0.271419
0.190720	-1.231290
0.190800	-1.551250
0.190880	-0.719358
0.190960	0.304502
0.191040	1.008410
0.191120	0.880424
0.191200	0.176520
0.191280	-0.271419
0.191360	-0.207428
0.191440	0.240511
0.191520	0.880424
0.191600	0.880424
0.191680	0.112528
0.191760	-0.655367
0.191840	-1.039320
0.191920	-1.039320
0.192000	-0.911332
0.192080	-0.847341
0.192160	-0.783350
0.192240	-0.271419
0.192320	0.560468
0.192400	0.944415
0.192480	0.688450
0.192560	0.176520
0.192640	0.176520
0.192720	0.624459
0.192800	1.072400
0.192880	1.136390
0.192960	0.496476
0.193040	0.048537
0.193120	0.112528
0.193200	0.496476
0.193280	0.560468
0.193360	0.240511
0.193440	-0.335411
0.193520	-0.527384
0.193600	0.048537
0.193680	1.072400
0.193760	1.712310
0.193840	1.264370
0.193920	-0.207428
0.194000	-1.615240
0.194080	-2.319140
0.194160	-1.679230
0.194240	-0.527384
0.194320	0.496476
0.194400	0.560468
0.194480	-0.271419
0.194560	-0.975324
0.194640	-0.719358
0.194720	0.304502
0.194800	2.096260
0.194880	3.056130
0.194960	2.544200
0.195040	1.072400
0.195120	-0.399402
0.195200	-0.847341
0.195280	-0.143437
0.195360	0.816433
0.195440	1.264370
0.195520	0.880424
0.195600	-0.015454
0.195680	-0.591376
0.195760	-0.463393
0.195840	0.624459
0.195920	1.648320
0.196000	2.160250
0.196080	1.392360
0.196160	0.240511
0.196240	-0.463393
0.196320	-0.207428
0.196400	1.136390
0.196480	2.544200
0.196560	2.928150
0.196640	2.096260
0.196720	0.560468
0.196800	-0.335411
0.196880	-0.143437
0.196960	0.752442
0.197040	1.584330
0.197120	1.264370
0.197200	-0.015454
0.197280	-1.231290
0.197360	-1.359270
0.197440	-0.335411
0.197520	1.264370
0.197600	2.096260
0.197680	1.776300
0.197760	0.624459
0.197840	-0.655367
0.197920	-1.039320
0.198000	-0.335411
0.198080	0.944415
0.198160	1.712310
0.198240	1.648320
0.198320	0.944415
0.198400	-0.015454
0.198480	-0.143437
0.198560	0.304502
0.198640	1.200380
0.198720	1.584330
0.198800	1.392360
0.198880	0.880424
0.198960	0.496476
0.199040	0.560468
0.199120	1.072400
0.199200	1.648320
0.199280	1.584330
0.199360	0.944415
0.199440	0.112528
0.199520	0.304502
0.199600	1.072400
0.199680	2.928150
0.199760	4.847890
0.199840	5.679770
0.199920	4.527930
0.200000	1.136390
0.200080	-3.662960
0.200160	-7.054500
0.200240	-7.310460
0.200320	-3.151030
0.200400	4.016000
0.200480	9.327280
0.200560	8.623370
0.200640	1.392360
0.200720	-7.886380
0.200800	-12.685700
0.200880	-8.590290
0.200960	2.544200
0.201040	12.142900
0.201120	12.398800
0.201200	2.288230
0.201280	-10.830000
0.201360	-16.461201
0.201440	-9.614150
0.201520	5.679770
0.201600	17.262199
0.201680	16.750299
0.201760	4.655910
0.201840	-8.910250
0.201920	-12.685700
0.202000	-4.366860
0.202080	9.071310
0.202160	16.366301
0.202240	12.590800
0.202320	0.944415
0.202400	-10.062100
0.202480	-12.941700
0.202560	-6.542570
0.202640	4.143980
0.202720	12.718800
0.202800	14.062600
0.202880	7.215560
0.202960	-3.918920
0.203040	-12.301800
0.203120	-12.877700
0.203200	-5.198750
0.203280	5.743760
0.203360	11.822900
0.203440	8.687360
0.203520	-1.935190
0.203600	-12.045800
0.203680	-14.413500
0.203760	-7.182480
0.203840	3.568060
0.203920	9.839210
0.204000	6.959600
0.204080	-1.871200
0.204160	-9.870120
0.204240	-10.638000
0.204320	-4.174890
0.204400	4.143980
0.204480	8.111440
0.204560	5.679770
0.204640	-0.335411
0.204720	-5.070770
0.204800	-4.942780
0.204880	-0.655367
0.204960	4.079990
0.205040	6.255690
0.205120	4.655910
0.205200	1.264370
0.205280	-1.807210
0.205360	-2.447120
0.205440	-0.911332
0.205520	1.840290
0.205600	3.888020
0.205680	4.143980
0.205760	2.224240
0.205840	-1.231290
0.205920	-4.110900
0.206000	-4.942780
0.206080	-3.023050
0.206160	0.048537
0.206240	2.352220
0.206320	1.904290
0.206400	-0.911332
0.206480	-3.598970
0.206560	-4.366860
0.206640	-2.639100
0.206720	0.112528
0.206800	1.968280
0.206880	1.520340
0.206960	-0.463393
0.207040	-2.511120
0.207120	-3.215020
0.207200	-2.127170
0.207280	-0.079445
0.207360	1.584330
0.207440	1.840290
0.207520	0.752442
0.207600	-0.847341
0.207680	-1.807210
0.207760	-1.359270
0.207840	0.112528
0.207920	1.584330
0.208000	2.224240
0.208080	1.584330
0.208160	0.240511
0.208240	-0.463393
0.208320	-0.655367
0.208400	-0.271419
0.208480	0.048537
0.208560	-0.079445
0.208640	-0.399402
0.208720	-0.655367
0.208800	-0.207428
0.208880	0.176520
0.208960	0.112528
0.209040	-0.655367
0.209120	-1.679230
0.209200	-1.999180
0.209280	-1.167300
0.209360	0.496476
0.209440	1.264370
0.209520	0.688450
0.209600	-1.167300
0.209680	-2.703090
0.209760	-2.703090
0.209840	-1.039320
0.209920	1.072400
0.210000	1.904290
0.210080	1.136390
0.210160	-0.463393
0.210240	-1.295280
0.210320	-0.783350
0.210400	0.944415
0.210480	2.288230
0.210560	2.288230
0.210640	0.816433
0.210720	-1.423260
0.210800	-2.767080
0.210880	-2.511120
0.210960	-0.911332
0.211040	1.136390
0.211120	1.904290
0.211200	1.200380
0.211280	-0.783350
0.211360	-2.639100
0.211440	-3.279010
0.211520	-2.063180
0.211600	0.048537
0.211680	1.520340
0.211760	1.328360
0.211840	-0.143437
0.211920	-1.807210
0.212000	-2.447120
0.212080	-1.359270
0.212160	0.240511
0.212240	1.264370
0.212320	0.944415
0.212400	-0.271419
0.212480	-1.359270
0.212560	-1.423260
0.212640	-0.847341
0.212720	0.048537
0.212800	0.624459
0.212880	0.240511
0.212960	-0.271419
0.213040	-0.655367
0.213120	-0.527384
0.213200	-0.207428
0.213280	0.304502
0.213360	0.624459
0.213440	0.752442
0.213520	0.496476
0.213600	-0.015454
0.213680	-0.527384
0.213760	-0.719358
0.213840	-0.591376
0.213920	-0.207428
0.214000	0.112528
0.214080	0.176520
0.214160	-0.143437
0.214240	-0.399402
0.214320	-0.463393
0.214400	-0.015454
0.214480	0.112528
0.214560	-0.079445
0.214640	-0.335411
0.214720	-0.527384
0.214800	-0.271419
0.214880	-0.015454
0.214960	-0.079445
0.215040	-0.271419
0.215120	-0.335411
0.215200	-0.207428
0.215280	0.112528
0.215360	0.368494
0.215440	-0.015454
0.215520	-0.399402
0.215600	-0.591376
0.215680	-0.463393
0.215760	-0.015454
0.215840	0.304502
0.215920	0.368494
0.216000	0.048537
0.216080	-0.143437
0.216160	-0.207428
0.216240	-0.015454
0.216320	-0.015454
0.216400	0.048537
0.216480	0.112528
0.216560	0.176520
0.216640	0.304502
0.216720	0.176520
0.216800	-0.015454
0.216880	-0.207428
0.216960	-0.271419
0.217040	-0.143437
0.217120	0.048537
0.217200	-0.015454
0.217280	0.112528
0.217360	-0.079445
0.217440	-0.079445
0.217520	0.176520
0.217600	0.240511
0.217680	0.624459
0.217760	0.496476
0.217840	0.240511
0.217920	-0.207428
0.218000	-0.335411
0.218080	-0.143437
0.218160	-0.079445
0.218240	0.240511
0.218320	0.304502
0.218400	0.560468
0.218480	0.048537
0.218560	-0.335411
0.218640	-0.655367
0.218720	-0.655367
0.218800	-0.399402
0.218880	0.112528
0.218960	0.304502
0.219040	0.112528
0.219120	-0.143437
0.219200	-0.527384
0.219280	-0.463393
0.219360	-0.271419
0.219440	-0.143437
0.219520	-0.271419
0.219600	-0.527384
0.219680	-0.655367
0.219760	-0.527384
0.219840	-0.207428
0.219920	0.112528
0.220000	-0.015454
0.220080	-0.207428
0.220160	-0.527384
0.220240	-0.591376
0.220320	-0.335411
0.220400	-0.015454
0.220480	0.304502
0.220560	0.688450
0.220640	0.560468
0.220720	0.624459
0.220800	0.496476
0.220880	0.368494
0.220960	0.432485
0.221040	0.368494
0.221120	0.624459
0.221200	0.624459
0.221280	0.624459
0.221360	0.624459
0.221440	0.560468
0.221520	0.624459
0.221600	0.624459
0.221680	0.560468
0.221760	0.624459
0.221840	0.496476
0.221920	0.304502
0.222000	0.368494
0.222080	0.560468
0.222160	0.752442
0.222240	0.752442
0.222320	0.752442
0.222400	0.624459
0.222480	0.496476
0.222560	0.368494
0.222640	0.176520
0.222720	-0.015454
0.222800	0.112528
0.222880	0.304502
0.222960	0.560468
0.223040	0.560468
0.223120	0.496476
0.223200	0.240511
0.223280	0.048537
0.223360	0.240511
0.223440	0.432485
0.223520	0.624459
0.223600	0.624459
0.223680	0.560468
0.223760	0.368494
0.223840	0.304502
0.223920	0.240511
0.224000	0.496476
0.224080	0.432485
0.224160	0.240511
0.224240	0.176520
0.224320	0.112528
0.224400	0.112528
0.224480	0.240511
0.224560	0.368494
0.224640	0.496476
0.224720	0.496476
0.224800	0.368494
0.224880	0.304502
0.224960	0.176520
0.225040	0.432485
0.225120	0.624459
0.225200	0.560468
0.225280	0.496476
0.225360	0.432485
0.225440	0.240511
0.225520	0.304502
0.225600	0.304502
0.225680	0.432485
0.225760	0.560468
0.225840	0.560468
0.225920	0.752442
0.226000	0.688450
0.226080	0.688450
0.226160	0.624459
0.226240	0.624459
0.226320	0.432485
0.226400	0.304502
0.226480	0.048537
0.226560	0.240511
0.226640	0.304502
0.226720	0.496476
0.226800	0.496476
0.226880	0.560468
0.226960	0.432485
0.227040	0.496476
0.227120	0.560468
0.227200	0.560468
0.227280	0.496476
0.227360	0.496476
0.227440	0.240511
0.227520	0.304502
0.227600	0.240511
0.227680	0.368494
0.227760	0.368494
0.227840	0.496476
0.227920	0.560468
0.228000	0.688450
0.228080	0.688450
0.228160	0.496476
0.228240	0.304502
0.228320	0.368494
0.228400	0.496476
0.228480	0.432485
0.228560	0.560468
0.228640	0.432485
0.228720	0.432485
0.228800	0.432485
0.228880	0.112528
0.228960	0.304502
0.229040	0.560468
0.229120	0.624459
0.229200	0.496476
0.229280	0.368494
0.229360	0.240511
0.229440	0.240511
0.229520	0.304502
0.229600	0.368494
0.229680	0.304502
0.229760	0.240511
0.229840	0.240511
0.229920	0.112528
0.230000	0.048537
0.230080	0.112528
0.230160	0.048537
0.230240	-0.015454
0.230320	0.048537
0.230400	0.048537
0.230480	0.048537
0.230560	0.112528
0.230640	0.240511
0.230720	0.240511
0.230800	0.048537
0.230880	-0.079445
0.230960	-0.079445
0.231040	0.048537
0.231120	0.112528
0.231200	0.176520
0.231280	0.112528
0.231360	0.112528
0.231440	-0.143437
0.231520	-0.207428
0.231600	-0.015454
0.231680	0.112528
0.231760	0.432485
0.231840	0.304502
0.231920	0.112528
0.232000	-0.015454
0.232080	-0.015454
0.232160	0.048537
0.232240	0.176520
0.232320	0.496476
0.232400	0.304502
0.232480	0.112528
0.232560	-0.015454
0.232640	-0.015454
0.232720	0.048537
0.232800	0.176520
0.232880	0.496476
0.232960	0.304502
0.233040	0.112528
0.233120	-0.079445
0.233200	-0.143437
0.233280	-0.143437
0.233360	-0.015454
0.233440	0.048537
0.233520	0.112528
0.233600	-0.143437
0.233680	-0.271419
0.233760	-0.207428
0.233840	-0.143437
0.233920	-0.143437
0.234000	-0.079445
0.234080	-0.143437
0.234160	-0.271419
0.234240	-0.399402
0.234320	-0.463393
0.234400	-0.399402
0.234480	-0.271419
0.234560	0.048537
0.234640	-0.143437
0.234720	-0.399402
0.234800	-0.719358
0.234880	-0.527384
0.234960	-0.591376
0.235040	-0.015454
0.235120	0.240511
0.235200	0.048537
0.235280	0.048537
0.235360	-0.015454
0.235440	0.112528
0.235520	0.304502
0.235600	0.368494
0.235680	0.368494
0.235760	0.112528
0.235840	-0.079445
0.235920	-0.143437
0.236000	-0.143437
0.236080	0.112528
0.236160	0.176520
0.236240	0.112528
0.236320	-0.015454
0.236400	-0.143437
0.236480	-0.079445
0.236560	0.048537
0.236640	0.240511
0.236720	0.176520
0.236800	0.176520
0.236880	-0.143437
0.236960	-0.143437
0.237040	-0.207428
0.237120	-0.079445
0.237200	-0.143437
0.237280	-0.207428
0.237360	-0.271419
0.237440	-0.335411
0.237520	-0.079445
0.237600	-0.015454
0.237680	-0.015454
0.237760	-0.015454
0.237840	-0.015454
0.237920	-0.143437
0.238000	-0.207428
0.238080	-0.015454
0.238160	-0.143437
0.238240	-0.015454
0.238320	-0.079445
0.238400	-0.143437
0.238480	-0.207428
0.238560	-0.143437
0.238640	-0.143437
0.238720	-0.143437
0.238800	-0.143437
0.238880	-0.207428
0.238960	-0.207428
0.239040	-0.207428
0.239120	-0.207428
0.239200	-0.079445
0.239280	-0.015454
0.239360	-0.079445
0.239440	-0.015454
0.239520	-0.143437
0.239600	-0.143437
0.239680	-0.143437
0.239760	-0.015454
0.239840	-0.079445
0.239920	-0.143437
0.240000	-0.207428
0.240080	-0.207428
0.240160	-0.399402
0.240240	-0.271419
0.240320	-0.143437
0.240400	-0.143437
0.240480	-0.207428
0.240560	-0.271419
0.240640	-0.207428
0.240720	-0.207428
0.240800	-0.207428
0.240880	-0.271419
0.240960	-0.335411
0.241040	-0.399402
0.241120	-0.399402
0.241200	-0.207428
0.241280	0.048537
0.241360	0.048537
0.241440	-0.015454
0.241520	-0.143437
0.241600	-0.271419
0.241680	-0.207428
0.241760	-0.207428
0.241840	-0.143437
0.241920	-0.015454
0.242000	-0.079445
0.242080	-0.015454
0.242160	-0.207428
0.242240	-0.271419
0.242320	-0.271419
0.242400	-0.079445
0.242480	-0.015454
0.242560	-0.015454
0.242640	-0.207428
0.242720	-0.463393
0.242800	-0.463393
0.242880	-0.399402
0.242960	-0.271419
0.243040	-0.207428
0.243120	-0.335411
0.243200	-0.463393
0.243280	-0.591376
0.243360	-0.527384
0.243440	-0.463393
0.243520	-0.271419
0.243600	-0.207428
0.243680	-0.335411
0.243760	-0.527384
0.243840	-0.527384
0.243920	-0.399402
0.244000	-0.143437
0.244080	-0.143437
0.244160	-0.079445
0.244240	-0.271419
0.244320	-0.399402
0.244400	-0.335411
0.244480	-0.271419
0.244560	-0.143437
0.244640	-0.143437
0.244720	-0.143437
0.244800	-0.207428
0.244880	-0.271419
0.244960	-0.271419
0.245040	-0.079445
0.245120	-0.079445
0.245200	-0.207428
0.245280	-0.207428
0.245360	-0.207428
0.245440	-0.079445
0.245520	-0.143437
0.245600	-0.015454
0.245680	-0.143437
0.245760	-0.271419
0.245840	-0.399402
0.245920	-0.271419
0.246000	-0.079445
0.246080	0.048537
0.246160	0.048537
0.246240	-0.143437
0.246320	-0.271419
0.246400	-0.335411
0.246480	-0.463393
0.246560	-0.207428
0.246640	-0.143437
0.246720	-0.143437
0.246800	-0.271419
0.246880	-0.271419
0.246960	-0.399402
0.247040	-0.335411
0.247120	-0.143437
0.247200	-0.079445
0.247280	-0.015454
0.247360	-0.207428
0.247440	-0.335411
0.247520	-0.463393
0.247600	-0.335411
0.247680	-0.207428
0.247760	-0.015454
0.247840	-0.015454
0.247920	-0.207428
0.248000	-0.207428
0.248080	-0.207428
0.248160	-0.207428
0.248240	-0.207428
0.248320	-0.079445
0.248400	-0.079445
0.248480	-0.143437
0.248560	-0.207428
0.248640	-0.207428
0.248720	-0.271419
0.248800	-0.335411
0.248880	-0.335411
0.248960	-0.399402
0.249040	-0.271419
0.249120	-0.399402
0.249200	-0.335411
0.249280	-0.335411
0.249360	-0.271419
0.249440	-0.335411
0.249520	-0.463393
0.249600	-0.399402
0.249680	-0.207428
0.249760	-0.271419
0.249840	-0.271419
0.249920	-0.271419
0.250000	-0.335411
0.250080	-0.207428
0.250160	-0.143437
0.250240	-0.015454
0.250320	0.048537
0.250400	-0.015454
0.250480	-0.079445
0.250560	-0.335411
0.250640	-0.143437
0.250720	-0.271419
0.250800	-0.079445
0.250880	-0.143437
0.250960	-0.079445
0.251040	-0.079445
0.251120	-0.271419
0.251200	-0.143437
0.251280	-0.143437
0.251360	-0.079445
0.251440	-0.015454
0.251520	-0.079445
0.251600	-0.079445
0.251680	-0.079445
0.251760	-0.143437
0.251840	-0.143437
0.251920	-0.143437
0.252000	-0.015454
0.252080	-0.079445
0.252160	-0.143437
0.252240	-0.271419
0.252320	-0.207428
0.252400	-0.207428
0.252480	-0.207428
0.252560	-0.271419
0.252640	-0.271419
0.252720	-0.399402
0.252800	-0.399402
0.252880	-0.335411
0.252960	-0.207428
0.253040	-0.271419
0.253120	-0.143437
0.253200	-0.207428
0.253280	-0.207428
0.253360	0.048537
0.253440	0.048537
0.253520	0.048537
0.253600	-0.079445
0.253680	-0.207428
0.253760	-0.143437
0.253840	-0.143437
0.253920	-0.079445
0.254000	0.112528
0.254080	-0.015454
0.254160	-0.143437
0.254240	-0.207428
0.254320	-0.015454
0.254400	0.048537
0.254480	0.112528
0.254560	-0.079445
0.254640	-0.079445
0.254720	-0.207428
0.254800	-0.271419
0.254880	-0.015454
0.254960	-0.015454
0.255040	-0.079445
0.255120	-0.207428
0.255200	-0.207428
0.255280	-0.399402
0.255360	-0.271419
0.255440	-0.335411
0.255520	-0.143437
0.255600	-0.271419
0.255680	-0.143437
0.255760	-0.271419
0.255840	-0.143437
0.255920	-0.207428
0.256000	-0.079445
0.256080	-0.079445
0.256160	-0.143437
0.256240	-0.335411
0.256320	-0.271419
0.256400	-0.335411
0.256480	-0.207428
0.256560	-0.079445
0.256640	-0.079445
0.256720	0.048537
0.256800	-0.143437
0.256880	-0.143437
0.256960	-0.271419
0.257040	-0.207428
0.257120	-0.143437
0.257200	-0.015454
0.257280	-0.079445
0.257360	-0.079445
0.257440	-0.143437
0.257520	-0.015454
0.257600	-0.079445
0.257680	-0.015454
0.257760	0.048537
0.257840	-0.207428
0.257920	-0.335411
0.258000	-0.399402
0.258080	-0.271419
0.258160	-0.143437
0.258240	-0.015454
0.258320	0.048537
0.258400	-0.207428
0.258480	-0.335411
0.258560	-0.399402
0.258640	-0.271419
0.258720	-0.207428
0.258800	-0.143437
0.258880	-0.271419
0.258960	-0.335411
0.259040	-0.271419
0.259120	-0.207428
0.259200	-0.015454
0.259280	0.176520
0.259360	-0.015454
0.259440	-0.207428
0.259520	-0.463393
0.259600	-0.335411
0.259680	-0.143437
0.259760	0.048537
0.259840	0.112528
0.259920	-0.143437
0.260000	-0.463393
0.260080	-0.463393
0.260160	-0.335411
0.260240	0.048537
0.260320	-0.079445
0.260400	-0.015454
0.260480	-0.015454
0.260560	-0.207428
0.260640	-0.271419
0.260720	-0.143437
0.260800	-0.143437
0.260880	0.048537
0.260960	0.176520
0.261040	0.112528
0.261120	0.112528
0.261200	-0.143437
0.261280	0.048537
0.261360	0.112528
0.261440	0.176520
0.261520	0.240511
0.261600	-0.015454
0.261680	-0.079445
0.261760	-0.143437
0.261840	0.048537
0.261920	0.048537
0.262000	-0.015454
0.262080	-0.143437
0.262160	-0.079445
0.262240	-0.207428
0.262320	-0.079445
0.262400	-0.015454
0.262480	0.048537
0.262560	0.048537
0.262640	0.048537
0.262720	-0.079445
0.262800	-0.143437
0.262880	-0.143437
0.262960	-0.015454
0.263040	0.048537
0.263120	0.048537
0.263200	-0.015454
0.263280	-0.207428
0.263360	-0.207428
0.263440	-0.143437
0.263520	-0.143437
0.263600	0.112528
0.263680	0.176520
0.263760	-0.143437
0.263840	-0.079445
0.263920	-0.143437
0.264000	-0.079445
0.264080	-0.015454
0.264160	0.176520
0.264240	0.112528
0.264320	-0.079445
0.264400	-0.207428
0.264480	-0.207428
0.264560	-0.143437
0.264640	0.112528
0.264720	0.176520
0.264800	0.240511
0.264880	0.112528
0.264960	-0.079445
0.265040	-0.079445
0.265120	0.048537
0.265200	0.176520
0.265280	0.176520
0.265360	0.112528
0.265440	-0.015454
0.265520	-0.143437
0.265600	-0.143437
0.265680	-0.015454
0.265760	0.112528
0.265840	0.240511
0.265920	-0.079445
0.266000	-0.143437
0.266080	-0.143437
0.266160	-0.143437
0.266240	-0.143437
0.266320	0.048537
0.266400	0.048537
0.266480	-0.079445
0.266560	-0.143437
0.266640	-0.143437
0.266720	-0.015454
0.266800	0.048537
0.266880	-0.015454
0.266960	-0.079445
0.267040	-0.271419
0.267120	-0.271419
0.267200	-0.271419
0.267280	-0.143437
0.267360	-0.015454
0.267440	-0.015454
0.267520	0.048537
0.267600	-0.143437
0.267680	-0.079445
0.267760	-0.143437
0.267840	-0.015454
0.267920	0.048537
0.268000	-0.015454
0.268080	-0.015454
0.268160	-0.143437
0.268240	-0.143437
0.268320	-0.079445
0.268400	-0.271419
0.268480	-0.207428
0.268560	-0.015454
0.268640	-0.079445
0.268720	0.048537
0.268800	-0.079445
0.268880	-0.015454
0.268960	-0.079445
0.269040	-0.143437
0.269120	-0.079445
0.269200	-0.079445
0.269280	-0.015454
0.269360	-0.079445
0.269440	-0.079445
0.269520	-0.207428
0.269600	-0.271419
0.269680	-0.271419
0.269760	-0.271419
0.269840	-0.079445
0.269920	-0.079445
0.270000	-0.143437
0.270080	-0.271419
0.270160	-0.463393
0.270240	-0.271419
0.270320	-0.079445
0.270400	-0.015454
0.270480	-0.079445
0.270560	-0.143437
0.270640	-0.335411
0.270720	-0.335411
0.270800	-0.143437
0.270880	-0.015454
0.270960	0.112528
0.271040	0.048537
0.271120	-0.015454
0.271200	-0.143437
0.271280	-0.079445
0.271360	0.048537
0.271440	0.176520
0.271520	0.240511
0.271600	0.176520
0.271680	-0.015454
0.271760	-0.079445
0.271840	-0.079445
0.271920	0.048537
0.272000	-0.015454
0.272080	-0.015454
0.272160	-0.207428
0.272240	-0.207428
0.272320	-0.207428
0.272400	-0.079445
0.272480	0.048537
0.272560	0.176520
0.272640	-0.143437
0.272720	-0.207428
0.272800	-0.271419
0.272880	-0.207428
0.272960	-0.143437
0.273040	-0.079445
0.273120	-0.079445
0.273200	-0.143437
0.273280	-0.143437
0.273360	-0.207428
0.273440	-0.079445
0.273520	-0.015454
0.273600	-0.015454
0.273680	0.048537
0.273760	-0.015454
0.273840	-0.143437
0.273920	-0.271419
0.274000	-0.143437
0.274080	-0.143437
0.274160	-0.015454
0.274240	-0.271419
0.274320	-0.207428
0.274400	-0.399402
0.274480	-0.271419
0.274560	-0.143437
0.274640	-0.079445
0.274720	-0.015454
0.274800	-0.079445
0.274880	-0.207428
0.274960	-0.143437
0.275040	-0.207428
0.275120	-0.143437
0.275200	-0.079445
0.275280	-0.079445
0.275360	-0.143437
0.275440	-0.335411
0.275520	-0.207428
0.275600	-0.015454
0.275680	-0.015454
0.275760	0.112528
0.275840	0.112528
0.275920	-0.015454
0.276000	-0.079445
0.276080	-0.015454
0.276160	-0.015454
0.276240	0.048537
0.276320	0.176520
0.276400	0.176520
0.276480	0.048537
0.276560	-0.079445
0.276640	-0.015454
0.276720	-0.015454
0.276800	-0.079445
0.276880	0.112528
0.276960	0.176520
0.277040	0.112528
0.277120	-0.015454
0.277200	0.048537
0.277280	0.048537
0.277360	0.112528
0.277440	0.048537
0.277520	0.048537
0.277600	-0.079445
0.277680	-0.143437
0.277760	-0.079445
0.277840	-0.143437
0.277920	-0.079445
0.278000	0.048537
0.278080	-0.015454
0.278160	-0.143437
0.278240	-0.143437
0.278320	-0.207428
0.278400	-0.143437
0.278480	-0.143437
0.278560	-0.079445
0.278640	-0.143437
0.278720	-0.079445
0.278800	-0.079445
0.278880	-0.079445
0.278960	-0.207428
0.279040	-0.015454
0.279120	-0.079445
0.279200	-0.079445
0.279280	-0.207428
0.279360	-0.143437
0.279440	-0.079445
0.279520	-0.015454
0.279600	-0.015454
0.279680	-0.015454
0.279760	-0.079445
0.279840	-0.079445
0.279920	-0.143437
0.280000	-0.079445
0.280080	-0.015454
0.280160	-0.079445
0.280240	-0.143437
0.280320	-0.143437
0.280400	-0.143437
0.280480	-0.207428
0.280560	-0.143437
0.280640	-0.271419
0.280720	-0.143437
0.280800	-0.143437
0.280880	-0.079445
0.280960	-0.079445
0.281040	-0.015454
0.281120	-0.015454
0.281200	-0.015454
0.281280	-0.079445
0.281360	-0.079445
0.281440	-0.207428
0.281520	-0.271419
0.281600	-0.271419
0.281680	-0.207428
0.281760	-0.079445
0.281840	-0.207428
0.281920	-0.143437
0.282000	-0.271419
0.282080	-0.335411
0.282160	-0.399402
0.282240	-0.271419
0.282320	-0.143437
0.282400	-0.271419
0.282480	-0.335411
0.282560	-0.463393
0.282640	-0.527384
0.282720	-0.335411
0.282800	-0.207428
0.282880	-0.079445
0.282960	-0.207428
0.283040	-0.143437
0.283120	-0.271419
0.283200	-0.335411
0.283280	-0.207428
0.283360	-0.015454
0.283440	-0.079445
0.283520	-0.015454
0.283600	-0.207428
0.283680	-0.271419
0.283760	-0.079445
0.283840	-0.015454
0.283920	0.112528
0.284000	0.048537
0.284080	-0.079445
0.284160	-0.335411
0.284240	-0.399402
0.284320	-0.335411
0.284400	-0.143437
0.284480	-0.207428
0.284560	-0.079445
0.284640	-0.143437
0.284720	-0.271419
0.284800	-0.399402
0.284880	-0.271419
0.284960	-0.143437
0.285040	-0.463393
0.285120	-0.399402
0.285200	-0.207428
0.285280	-0.271419
0.285360	-0.207428
0.285440	-0.015454
0.285520	-0.079445
0.285600	-0.015454
0.285680	0.048537
0.285760	-0.143437
0.285840	0.048537
0.285920	0.048537
0.286000	0.112528
0.286080	-0.079445
0.286160	-0.079445
0.286240	-0.079445
0.286320	-0.015454
0.286400	0.112528
0.286480	0.112528
0.286560	0.112528
0.286640	0.112528
0.286720	-0.143437
0.286800	-0.079445
0.286880	0.112528
0.286960	0.368494
0.287040	0.304502
0.287120	0.112528
0.287200	-0.079445
0.287280	-0.207428
0.287360	-0.015454
0.287440	-0.015454
0.287520	0.240511
0.287600	0.112528
0.287680	-0.015454
0.287760	-0.143437
0.287840	-0.207428
0.287920	-0.079445
0.288000	0.112528
0.288080	0.240511
0.288160	0.112528
0.288240	0.112528
0.288320	-0.015454
0.288400	-0.015454
0.288480	0.112528
0.288560	0.304502
0.288640	0.176520
0.288720	0.048537
0.288800	0.048537
0.288880	-0.015454
0.288960	0.112528
0.289040	0.048537
0.289120	0.112528
0.289200	0.176520
0.289280	0.112528
0.289360	0.304502
0.289440	0.176520
0.289520	0.112528
0.289600	0.112528
0.289680	0.048537
0.289760	0.176520
0.289840	0.112528
0.289920	0.240511
0.290000	0.240511
0.290080	0.176520
0.290160	0.048537
0.290240	0.176520
0.290320	0.240511
0.290400	0.432485
0.290480	0.368494
0.290560	0.304502
0.290640	0.176520
0.290720	0.048537
0.290800	0.176520
0.290880	0.176520
0.290960	0.432485
0.291040	0.432485
0.291120	0.176520
0.291200	0.176520
0.291280	0.240511
0.291360	0.432485
0.291440	0.496476
0.291520	0.496476
0.291600	0.496476
0.291680	0.368494
0.291760	0.368494
0.291840	0.432485
0.291920	0.432485
0.292000	0.560468
0.292080	0.368494
0.292160	0.304502
0.292240	0.048537
0.292320	0.048537
0.292400	0.240511
0.292480	0.368494
0.292560	0.304502
0.292640	0.240511
0.292720	-0.015454
0.292800	-0.015454
0.292880	0.048537
0.292960	0.240511
0.293040	0.496476
0.293120	0.496476
0.293200	0.240511
0.293280	-0.079445
0.293360	-0.079445
0.293440	0.048537
0.293520	0.368494
0.293600	0.560468
0.293680	0.368494
0.293760	0.112528
0.293840	-0.143437
0.293920	-0.015454
0.294000	0.176520
0.294080	0.560468
0.294160	0.624459
0.294240	0.624459
0.294320	0.304502
0.294400	0.176520
0.294480	0.048537
0.294560	0.304502
0.294640	0.496476
0.294720	0.560468
0.294800	0.496476
0.294880	0.368494
0.294960	0.368494
0.295040	0.112528
0.295120	0.240511
0.295200	0.240511
0.295280	0.496476
0.295360	0.304502
0.295440	0.304502
0.295520	0.112528
0.295600	0.112528
0.295680	0.240511
0.295760	0.240511
0.295840	0.176520
0.295920	0.112528
0.296000	0.048537
0.296080	0.112528
0.296160	0.112528
0.296240	0.176520
0.296320	0.240511
0.296400	0.240511
0.296480	0.304502
0.296560	0.368494
0.296640	0.304502
0.296720	0.304502
0.296800	0.240511
0.296880	0.304502
0.296960	0.304502
0.297040	0.240511
0.297120	0.304502
0.297200	0.240511
0.297280	0.240511
0.297360	0.240511
0.297440	0.240511
0.297520	0.368494
0.297600	0.240511
0.297680	0.496476
0.297760	0.304502
0.297840	0.112528
0.297920	0.112528
0.298000	0.112528
0.298080	0.176520
0.298160	0.304502
0.298240	0.176520
0.298320	0.240511
0.298400	0.048537
0.298480	-0.015454
0.298560	0.112528
0.298640	0.112528
0.298720	0.304502
0.298800	0.240511
0.298880	0.176520
0.298960	0.176520
0.299040	0.176520
0.299120	0.240511
0.299200	0.368494
0.299280	0.496476
0.299360	0.368494
0.299440	0.240511
0.299520	0.048537
0.299600	-0.015454
0.299680	0.048537
0.299760	0.304502
0.299840	0.304502
0.299920	0.368494
0.300000	0.112528
0.300080	0.048537
0.300160	-0.079445
0.300240	0.112528
0.300320	0.048537
0.300400	0.048537
0.300480	0.048537
0.300560	-0.207428
0.300640	-0.591376
0.300720	-0.719358
0.300800	-0.847341
0.300880	-0.975324
0.300960	-0.847341
0.301040	-0.591376
0.301120	0.048537
0.301200	0.944415
0.301280	1.648320
0.301360	1.712310
0.301440	1.072400
0.301520	0.048537
0.301600	-0.463393
0.301680	0.432485
0.301760	1.328360
0.301840	1.712310
0.301920	1.520340
0.302000	0.368494
0.302080	-0.527384
0.302160	-0.847341
0.302240	-0.079445
0.302320	1.264370
0.302400	1.968280
0.302480	1.520340
0.302560	0.304502
0.302640	-0.655367
0.302720	-0.783350
0.302800	-0.143437
0.302880	0.752442
0.302960	1.200380
0.303040	1.008410
0.303120	0.048537
0.303200	-0.783350
0.303280	-0.911332
0.303360	-0.143437
0.303440	0.816433
0.303520	1.200380
0.303600	0.752442
0.303680	-0.143437
0.303760	-0.591376
0.303840	-0.655367
0.303920	-0.143437
0.304000	0.560468
0.304080	1.008410
0.304160	0.880424
0.304240	0.304502
0.304320	-0.399402
0.304400	-0.399402
0.304480	0.048537
0.304560	0.752442
0.304640	0.944415
0.304720	0.752442
0.304800	0.240511
0.304880	-0.143437
0.304960	0.048537
0.305040	0.176520
0.305120	0.624459
0.305200	0.752442
0.305280	0.624459
0.305360	0.112528
0.305440	0.048537
0.305520	0.176520
0.305600	0.496476
0.305680	0.752442
0.305760	0.688450
0.305840	0.368494
0.305920	-0.015454
0.306000	-0.015454
0.306080	0.112528
0.306160	0.368494
0.306240	0.688450
0.306320	0.624459
0.306400	0.240511
0.306480	-0.207428
0.306560	-0.463393
0.306640	-0.271419
0.306720	0.432485
0.306800	1.200380
0.306880	1.264370
0.306960	0.624459
0.307040	-0.335411
0.307120	-0.783350
0.307200	-0.591376
0.307280	0.048537
0.307360	0.880424
0.307440	0.944415
0.307520	0.560468
0.307600	0.048537
0.307680	0.048537
0.307760	0.240511
0.307840	0.496476
0.307920	0.240511
0.308000	-0.079445
0.308080	-0.335411
0.308160	-0.143437
0.308240	0.048537
0.308320	0.560468
0.308400	0.816433
0.308480	0.688450
0.308560	0.176520
0.308640	-0.015454
0.308720	-0.207428
0.308800	0.112528
0.308880	0.496476
0.308960	0.752442
0.309040	0.560468
0.309120	0.240511
0.309200	-0.015454
0.309280	0.048537
0.309360	0.048537
0.309440	0.240511
0.309520	0.496476
0.309600	0.368494
0.309680	0.112528
0.309760	0.048537
0.309840	0.112528
0.309920	0.240511
0.310000	0.432485
