-0.020000	28.726299
-0.019920	31.782101
-0.019840	28.726299
-0.019760	22.614799
-0.019680	25.670601
-0.019600	22.614799
-0.019520	22.614799
-0.019440	22.614799
-0.019360	22.614799
-0.019280	19.559000
-0.019200	25.670601
-0.019120	28.726299
-0.019040	34.837898
-0.018960	34.837898
-0.018880	34.837898
-0.018800	28.726299
-0.018720	13.447400
-0.018640	7.335840
-0.018560	1.224270
-0.018480	1.224270
-0.018400	1.224270
-0.018320	4.280060
-0.018240	4.280060
-0.018160	4.280060
-0.018080	7.335840
-0.018000	-1.831520
-0.017920	-1.831520
-0.017840	-1.831520
-0.017760	-17.110500
-0.017680	-17.110500
-0.017600	-17.110500
-0.017520	-20.166201
-0.017440	-17.110500
-0.017360	-23.222000
-0.017280	-23.222000
-0.017200	-20.166201
-0.017120	-26.277800
-0.017040	-26.277800
-0.016960	-26.277800
-0.016880	-17.110500
-0.016800	-17.110500
-0.016720	-20.166201
-0.016640	-20.166201
-0.016560	-23.222000
-0.016480	-23.222000
-0.016400	-23.222000
-0.016320	-10.998900
-0.016240	-7.943090
-0.016160	-1.831520
-0.016080	1.224270
-0.016000	10.391600
-0.015920	13.447400
-0.015840	10.391600
-0.015760	16.503201
-0.015680	4.280060
-0.015600	4.280060
-0.015520	1.224270
-0.015440	4.280060
-0.015360	4.280060
-0.015280	1.224270
-0.015200	-7.943090
-0.015120	-10.998900
-0.015040	4.280060
-0.014960	16.503201
-0.014880	31.782101
-0.014800	34.837898
-0.014720	31.782101
-0.014640	34.837898
-0.014560	44.005299
-0.014480	40.949501
-0.014400	44.005299
-0.014320	37.893700
-0.014240	37.893700
-0.014160	34.837898
-0.014080	28.726299
-0.014000	22.614799
-0.013920	22.614799
-0.013840	19.559000
-0.013760	10.391600
-0.013680	1.224270
-0.013600	-4.887300
-0.013520	-4.887300
-0.013440	-4.887300
-0.013360	-7.943090
-0.013280	-4.887300
-0.013200	-10.998900
-0.013120	-7.943090
-0.013040	-1.831520
-0.012960	4.280060
-0.012880	4.280060
-0.012800	10.391600
-0.012720	-7.943090
-0.012640	-23.222000
-0.012560	-41.556702
-0.012480	-41.556702
-0.012400	-35.445202
-0.012320	-26.277800
-0.012240	-23.222000
-0.012160	-29.333599
-0.012080	-29.333599
-0.012000	-38.500999
-0.011920	-38.500999
-0.011840	-44.612499
-0.011760	-44.612499
-0.011680	-50.724098
-0.011600	-53.779900
-0.011520	-53.779900
-0.011440	-50.724098
-0.011360	-35.445202
-0.011280	-32.389400
-0.011200	-23.222000
-0.011120	-14.054700
-0.011040	-4.887300
-0.010960	-4.887300
-0.010880	-14.054700
-0.010800	-10.998900
-0.010720	-10.998900
-0.010640	-4.887300
-0.010560	1.224270
-0.010480	1.224270
-0.010400	4.280060
-0.010320	-1.831520
-0.010240	-7.943090
-0.010160	-10.998900
-0.010080	-7.943090
-0.010000	-10.998900
-0.009920	1.224270
-0.009840	4.280060
-0.009760	16.503201
-0.009680	22.614799
-0.009600	19.559000
-0.009520	7.335840
-0.009440	-1.831520
-0.009360	1.224270
-0.009280	16.503201
-0.009200	44.005299
-0.009120	65.395798
-0.009040	71.507401
-0.008960	62.340000
-0.008880	53.172600
-0.008800	31.782101
-0.008720	4.280060
-0.008640	-7.943090
-0.008560	-14.054700
-0.008480	4.280060
-0.008400	44.005299
-0.008320	77.618896
-0.008240	83.730499
-0.008160	74.563103
-0.008080	59.284199
-0.008000	59.284199
-0.007920	53.172600
-0.007840	44.005299
-0.007760	1.224270
-0.007680	-66.002998
-0.007600	-124.063004
-0.007520	-148.509003
-0.007440	-124.063004
-0.007360	-59.891499
-0.007280	-1.831520
-0.007200	19.559000
-0.007120	-10.998900
-0.007040	-75.170403
-0.006960	-111.839996
-0.006880	-108.783997
-0.006800	-78.226196
-0.006720	-66.002998
-0.006640	-93.505096
-0.006560	-117.950996
-0.006480	-105.727997
-0.006400	-56.835701
-0.006320	-23.222000
-0.006240	-53.779900
-0.006160	-136.285995
-0.006080	-188.235001
-0.006000	-145.453995
-0.005920	-14.054700
-0.005840	157.069000
-0.005760	267.078003
-0.005680	294.579987
-0.005600	221.240997
-0.005520	102.065002
-0.005440	10.391600
-0.005360	16.503201
-0.005280	92.897903
-0.005200	178.460007
-0.005120	172.348007
-0.005040	71.507401
-0.004960	-56.835701
-0.004880	-142.397995
-0.004800	-169.899994
-0.004720	-160.731995
-0.004640	-111.839996
-0.004560	-41.556702
-0.004480	50.116901
-0.004400	129.567001
-0.004320	154.014008
-0.004240	154.014008
-0.004160	163.181000
-0.004080	175.404007
-0.004000	117.344002
-0.003920	-32.389400
-0.003840	-212.681000
-0.003760	-264.628998
-0.003680	-108.783997
-0.003600	187.626999
-0.003520	416.811005
-0.003440	453.480988
-0.003360	276.244995
-0.003280	-4.887300
-0.003200	-234.070999
-0.003120	-362.414001
-0.003040	-399.084015
-0.002960	-371.582001
-0.002880	-319.632996
-0.002800	-237.126999
-0.002720	-130.175003
-0.002640	-7.943090
-0.002560	65.395798
-0.002480	37.893700
-0.002400	-121.007004
-0.002320	-331.855988
-0.002240	-438.808990
-0.002160	-353.247009
-0.002080	-114.896004
-0.002000	114.288002
-0.001920	181.516006
-0.001840	114.288002
-0.001760	53.172600
-0.001680	99.009399
-0.001600	218.184998
-0.001520	245.686996
-0.001440	111.233002
-0.001360	-145.453995
-0.001280	-316.578003
-0.001200	-237.126999
-0.001120	47.061100
-0.001040	340.416992
-0.000960	413.755005
-0.000880	215.128998
-0.000800	-121.007004
-0.000720	-368.526001
-0.000640	-380.748993
-0.000560	-176.011002
-0.000480	105.121002
-0.000400	285.411987
-0.000320	285.411987
-0.000240	160.125000
-0.000160	16.503201
-0.000080	-56.835701
0.000000	-81.281998
0.000080	-87.393501
0.000160	-93.505096
0.000240	-56.835701
0.000320	71.507401
0.000400	242.630997
0.000480	346.528015
0.000560	288.467987
0.000640	53.172600
0.000720	-240.182999
0.000800	-420.473999
0.000880	-374.636993
0.000960	-127.119003
0.001040	172.348007
0.001120	343.471985
0.001200	343.471985
0.001280	202.906006
0.001360	31.782101
0.001440	-66.002998
0.001520	-78.226196
0.001600	-32.389400
0.001680	22.614799
0.001760	74.563103
0.001840	108.177002
0.001920	120.400002
0.002000	120.400002
0.002080	120.400002
0.002160	99.009399
0.002240	47.061100
0.002320	-7.943090
0.002400	-50.724098
0.002480	-14.054700
0.002560	95.953598
0.002640	233.464005
0.002720	328.192993
0.002800	374.029999
0.002880	386.252991
0.002960	383.197998
0.003040	374.029999
0.003120	340.416992
0.003200	285.411987
0.003280	193.738998
0.003360	83.730499
0.003440	-17.110500
0.003520	-78.226196
0.003600	-90.449303
0.003680	-133.229996
0.003760	-341.023987
0.003840	-793.280029
0.003920	-1407.489990
0.004000	-1945.310059
0.004080	-2162.270020
0.004160	-2043.099976
0.004240	-1826.140015
0.004320	-1731.410034
0.004400	-1786.410034
0.004480	-1844.469971
0.004560	-1737.520020
0.004640	-1379.989990
0.004720	-823.838013
0.004800	-163.787994
0.004880	548.210022
0.004960	1254.099976
0.005040	1923.310059
0.005120	2580.310059
0.005200	3234.250000
0.005280	3808.729980
0.005360	4135.700195
0.005440	4077.639893
0.005520	3655.939941
0.005600	3026.449951
0.005680	2381.679932
0.005760	1703.300049
0.005840	872.122986
0.005920	-212.681000
0.006000	-1404.439941
0.006080	-2467.850098
0.006160	-3204.300049
0.006240	-3598.489990
0.006320	-3763.500000
0.006400	-3742.110107
0.006480	-3512.929932
0.006560	-3063.729980
0.006640	-2449.520020
0.006720	-1731.410034
0.006800	-991.906006
0.006880	-286.019989
0.006960	358.751007
0.007040	921.015991
0.007120	1376.329956
0.007200	1654.410034
0.007280	1678.849976
0.007360	1413.000000
0.007440	859.900024
0.007520	141.789993
0.007600	-564.096008
0.007680	-1190.530029
0.007760	-1786.410034
0.007840	-2422.010010
0.007920	-3054.560059
0.008000	-3506.820068
0.008080	-3619.879883
0.008160	-3378.479980
0.008240	-2914.000000
0.008320	-2324.229980
0.008400	-1630.569946
0.008480	-869.674988
0.008560	-142.397995
0.008640	432.089996
0.008720	811.007996
0.008800	1000.469971
0.008880	1089.079956
0.008960	1153.260010
0.009040	1189.920044
0.009120	1134.920044
0.009200	908.793030
0.009280	490.149994
0.009360	13.447400
0.009440	-341.023987
0.009520	-444.920990
0.009600	-392.971985
0.009680	-341.023987
0.009760	-423.529999
0.009840	-625.211975
0.009920	-787.169006
0.010000	-701.606995
0.010080	-334.911987
0.010160	172.348007
0.010240	597.103027
0.010320	798.783997
0.010400	734.612976
0.010480	447.368988
0.010560	22.614799
0.010640	-475.477997
0.010720	-982.739014
0.010800	-1419.719971
0.010880	-1755.849976
0.010960	-1966.699951
0.011040	-2055.320068
0.011120	-2049.209961
0.011200	-2030.869995
0.011280	-2003.369995
0.011360	-1969.760010
0.011440	-1896.420044
0.011520	-1734.459961
0.011600	-1514.449951
0.011680	-1321.930054
0.011760	-1187.479980
0.011840	-1062.189941
0.011920	-802.447998
0.012000	-365.470001
0.012080	114.288002
0.012160	416.811005
0.012240	401.532013
0.012320	172.348007
0.012400	-56.835701
0.012480	-124.063004
0.012560	-72.114601
0.012640	-96.560898
0.012720	-279.907990
0.012800	-579.375000
0.012880	-833.005005
0.012960	-933.846008
0.013040	-918.567017
0.013120	-939.958008
0.013200	-1129.420044
0.013280	-1483.890015
0.013360	-1838.359985
0.013440	-1966.699951
0.013520	-1816.969971
0.013600	-1514.449951
0.013680	-1257.760010
0.013760	-1126.359985
0.013840	-1037.739990
0.013920	-833.005005
0.014000	-466.311005
0.014080	-108.783997
0.014160	-4.887300
0.014240	-289.075012
0.014320	-888.010010
0.014400	-1624.449951
0.014480	-2312.010010
0.014560	-2788.709961
0.014640	-2956.780029
0.014720	-2800.929932
0.014800	-2455.629883
0.014880	-2137.830078
0.014960	-2079.770020
0.015040	-2318.120117
0.015120	-2620.639893
0.015200	-2651.199951
0.015280	-2287.560059
0.015360	-1661.119995
0.015440	-915.512024
0.015520	4.280060
0.015600	1119.640015
0.015680	2128.050049
0.015760	2586.419922
0.015840	2262.510010
0.015920	1367.160034
0.016000	370.973999
0.016080	-307.410004
0.016160	-444.920990
0.016240	56.228401
0.016320	1092.140015
0.016400	2213.610107
0.016480	2513.080078
0.016560	1165.479980
0.016640	-1731.410034
0.016720	-4814.700195
0.016800	-6351.759766
0.016880	-5517.529785
0.016960	-3011.780029
0.017040	-414.363007
0.017120	979.075989
0.017200	862.955994
0.017280	-194.345993
0.017360	-1386.099976
0.017440	-2055.320068
0.017520	-1826.140015
0.017600	-765.778015
0.017680	551.265991
0.017760	1251.040039
0.017840	768.226990
0.017920	-704.661987
0.018000	-2299.780029
0.018080	-3121.790039
0.018160	-2929.280029
0.018240	-2260.060059
0.018320	-1868.920044
0.018400	-2235.610107
0.018480	-3424.310059
0.018560	-5120.270020
0.018640	-6715.390137
0.018720	-7509.899902
0.018800	-7103.479980
0.018880	-5813.939941
0.018960	-4518.279785
0.019040	-4148.529785
0.019120	-4875.810059
0.019200	-5887.279785
0.019280	-5945.339844
0.019360	-4460.220215
0.019440	-2012.540039
0.019520	123.456001
0.019600	1046.300049
0.019680	807.952026
0.019760	205.962006
0.019840	68.451599
0.019920	679.609009
0.020000	1672.739990
0.020080	2418.350098
0.020160	2338.899902
0.020240	1223.540039
0.020320	-548.817017
0.020400	-2153.110107
0.020480	-3008.729980
0.020560	-3137.070068
0.020640	-3063.729980
0.020720	-3454.870117
0.020800	-4625.240234
0.020880	-6186.740234
0.020960	-7234.879883
0.021040	-7030.140137
0.021120	-5606.140137
0.021200	-3717.669922
0.021280	-2412.850098
0.021360	-2351.729980
0.021440	-3335.689941
0.021520	-4506.060059
0.021600	-4869.700195
0.021680	-3901.020020
0.021760	-1844.469971
0.021840	435.145996
0.021920	2033.319946
0.022000	2497.800049
0.022080	1947.760010
0.022160	933.239014
0.022240	147.901993
0.022320	-124.063004
0.022400	-191.289993
0.022480	-573.263977
0.022560	-1532.780029
0.022640	-2834.550049
0.022720	-3919.350098
0.022800	-4224.930176
0.022880	-3601.550049
0.022960	-2489.239990
0.023040	-1761.959961
0.023120	-2137.830078
0.023200	-3610.719971
0.023280	-5358.620117
0.023360	-6208.129883
0.023440	-5496.140137
0.023520	-3509.870117
0.023600	-1251.650024
0.023680	160.125000
0.023760	221.240997
0.023840	-551.872986
0.023920	-1086.640015
0.024000	-551.872986
0.024080	994.354980
0.024160	2760.600098
0.024240	3860.679932
0.024320	3879.020020
0.024400	2940.889893
0.024480	1605.510010
0.024560	578.768005
0.024640	340.416992
0.024720	707.111023
0.024800	927.127014
0.024880	279.300995
0.024960	-1236.369995
0.025040	-2816.209961
0.025120	-3540.429932
0.025200	-3225.689941
0.025280	-2443.399902
0.025360	-1905.589966
0.025440	-1878.079956
0.025520	-2131.709961
0.025600	-2269.229980
0.025680	-2107.270020
0.025760	-1664.180054
0.025840	-1016.349976
0.025920	-188.235001
0.026000	649.051025
0.026080	1186.869995
0.026160	1183.810059
0.026240	679.609009
0.026320	-117.950996
0.026400	-936.901978
0.026480	-1520.560059
0.026560	-1606.119995
0.026640	-1046.910034
0.026720	53.172600
0.026800	1309.099976
0.026880	2241.120117
0.026960	2488.629883
0.027040	2030.270020
0.027120	1254.099976
0.027200	783.505981
0.027280	1012.690002
0.027360	1941.650024
0.027440	3203.689941
0.027520	4230.430176
0.027600	4499.339844
0.027680	3814.850098
0.027760	2665.870117
0.027840	1898.869995
0.027920	2060.820068
0.028000	2925.610107
0.028080	3836.239990
0.028160	4288.490234
0.028240	4245.709961
0.028320	3863.739990
0.028400	3273.969971
0.028480	2598.639893
0.028560	2039.430054
0.028640	1761.359985
0.028720	1758.300049
0.028800	1871.369995
0.028880	1908.040039
0.028960	1733.859985
0.029040	1376.329956
0.029120	1064.640015
0.029200	982.132019
0.029280	1165.479980
0.029360	1544.400024
0.029440	2008.880005
0.029520	2412.239990
0.029600	2662.810059
0.029680	2836.989990
0.029760	3124.239990
0.029840	3628.439941
0.029920	4169.319824
0.030000	4432.109863
0.030080	4276.270020
0.030160	3869.850098
0.030240	3512.320068
0.030320	3292.310059
0.030400	3118.129883
0.030480	2980.620117
0.030560	2953.110107
0.030640	3020.340088
0.030720	3023.399902
0.030800	2775.879883
0.030880	2241.120117
0.030960	1657.459961
0.031040	1409.939941
0.031120	1694.130005
0.031200	2244.169922
0.031280	2519.189941
0.031360	2219.729980
0.031440	1443.560059
0.031520	526.820007
0.031600	-273.796997
0.031680	-802.447998
0.031760	-982.739014
0.031840	-820.781982
0.031920	-585.487000
0.032000	-536.593994
0.032080	-707.718018
0.032160	-903.288025
0.032240	-933.846008
0.032320	-823.838013
0.032400	-680.216003
0.032480	-518.258972
0.032560	-386.860992
0.032640	-286.019989
0.032720	-96.560898
0.032800	285.411987
0.032880	789.617004
0.032960	1247.979980
0.033040	1526.060059
0.033120	1547.449951
0.033200	1315.209961
0.033280	966.853027
0.033360	719.333984
0.033440	679.609009
0.033520	743.780029
0.033600	811.007996
0.033680	890.458008
0.033760	1076.859985
0.033840	1373.270020
0.033920	1654.410034
0.034000	1853.030029
0.034080	2079.159912
0.034160	2430.570068
0.034240	2846.159912
0.034320	3191.469971
0.034400	3393.149902
0.034480	3435.929932
0.034560	3423.709961
0.034640	3487.879883
0.034720	3707.889893
0.034800	3982.909912
0.034880	4166.259766
0.034960	4209.040039
0.035040	4215.149902
0.035120	4294.600098
0.035200	4444.339844
0.035280	4554.350098
0.035360	4514.620117
0.035440	4300.720215
0.035520	3955.409912
0.035600	3567.330078
0.035680	3246.469971
0.035760	2934.780029
0.035840	2354.179932
0.035920	1238.819946
0.036000	-389.915985
0.036080	-2211.159912
0.036160	-3846.010010
0.036240	-4939.979980
0.036320	-5279.169922
0.036400	-4976.649902
0.036480	-4344.100098
0.036560	-3784.899902
0.036640	-3421.260010
0.036720	-3112.620117
0.036800	-2675.639893
0.036880	-2143.939941
0.036960	-1603.060059
0.037040	-1025.520020
0.037120	-337.967987
0.037200	447.368988
0.037280	1128.810059
0.037360	1489.390015
0.037440	1504.670044
0.037520	1394.660034
0.037600	1425.219971
0.037680	1593.290039
0.037760	1556.619995
0.037840	997.411011
0.037920	47.061100
0.038000	-759.666992
0.038080	-988.849976
0.038160	-616.044983
0.038240	89.842102
0.038320	875.179016
0.038400	1669.680054
0.038480	2479.469971
0.038560	3277.030029
0.038640	4001.250000
0.038720	4560.459961
0.038800	4936.319824
0.038880	5131.890137
0.038960	5098.279785
0.039040	4701.020020
0.039120	3860.679932
0.039200	2708.649902
0.039280	1574.949951
0.039360	725.445984
0.039440	193.738998
0.039520	-270.740997
0.039600	-903.288025
0.039680	-1765.020020
0.039760	-2608.419922
0.039840	-2996.500000
0.039920	-2669.530029
0.040000	-1816.969971
0.040080	-1019.409973
0.040160	-781.057007
0.040240	-1062.189941
0.040320	-1370.819946
0.040400	-1205.810059
0.040480	-490.756989
0.040560	496.261993
0.040640	1357.989990
0.040720	1862.199951
0.040800	1990.540039
0.040880	1825.530029
0.040960	1477.170044
0.041040	1009.630005
0.041120	413.755005
0.041200	-295.187012
0.041280	-1034.689941
0.041360	-1664.180054
0.041440	-2064.489990
0.041520	-2107.270020
0.041600	-1752.800049
0.041680	-1163.030029
0.041760	-585.487000
0.041840	-224.904007
0.041920	-203.513000
0.042000	-521.315002
0.042080	-1004.130005
0.042160	-1303.599976
0.042240	-1089.689941
0.042320	-319.632996
0.042400	630.716003
0.042480	1232.709961
0.042560	1266.319946
0.042640	988.242981
0.042720	740.724976
0.042800	609.325989
0.042880	395.420990
0.042960	-69.058800
0.043040	-667.992981
0.043120	-1175.250000
0.043200	-1459.439941
0.043280	-1615.290039
0.043360	-1774.189941
0.043440	-1939.199951
0.043520	-1988.089966
0.043600	-1933.089966
0.043680	-1969.760010
0.043760	-2305.889893
0.043840	-2837.600098
0.043920	-3182.909912
0.044000	-3017.889893
0.044080	-2443.399902
0.044160	-1823.079956
0.044240	-1425.829956
0.044320	-1248.589966
0.044400	-1117.189941
0.044480	-903.288025
0.044560	-649.658020
0.044640	-490.756989
0.044720	-518.258972
0.044800	-738.276001
0.044880	-1074.410034
0.044960	-1462.500000
0.045040	-1878.079956
0.045120	-2281.449951
0.045200	-2544.250000
0.045280	-2504.520020
0.045360	-2171.439941
0.045440	-1768.079956
0.045520	-1508.329956
0.045600	-1496.109985
0.045680	-1713.069946
0.045760	-2088.929932
0.045840	-2562.580078
0.045920	-3164.570068
0.046000	-4032.409912
0.046080	-5172.220215
0.046160	-6342.589844
0.046240	-7173.759766
0.046320	-7436.560059
0.046400	-7192.100098
0.046480	-6770.399902
0.046560	-6528.990234
0.046640	-6675.669922
0.046720	-7225.709961
0.046800	-7959.100098
0.046880	-8548.870117
0.046960	-8784.160156
0.047040	-8701.660156
0.047120	-8469.410156
0.047200	-8173.000000
0.047280	-7787.979980
0.047360	-7274.600098
0.047440	-6666.500000
0.047520	-6153.129883
0.047600	-5966.729980
0.047680	-6177.580078
0.047760	-6522.879883
0.047840	-6623.720215
0.047920	-6333.419922
0.048000	-5847.549805
0.048080	-5514.470215
0.048160	-5477.799805
0.048240	-5529.750000
0.048320	-5364.740234
0.048400	-4857.479980
0.048480	-4093.530029
0.048560	-3280.689941
0.048640	-2519.800049
0.048720	-1780.300049
0.048800	-1007.190002
0.048880	-267.684998
0.048960	288.467987
0.049040	560.432983
0.049120	707.111023
0.049200	957.684998
0.049280	1409.939941
0.049360	1892.760010
0.049440	2192.219971
0.049520	2247.229980
0.049600	2131.110107
0.049680	1963.040039
0.049760	1782.750000
0.049840	1599.400024
0.049920	1391.609985
0.050000	1153.260010
0.050080	927.127014
0.050160	786.560974
0.050240	771.281982
0.050320	917.960022
0.050400	1232.709961
0.050480	1688.020020
0.050560	2158.610107
0.050640	2421.409912
0.050720	2409.179932
0.050800	2183.060059
0.050880	1859.140015
0.050960	1431.329956
0.051040	832.398010
0.051120	117.344002
0.051200	-591.598022
0.051280	-1178.310059
0.051360	-1581.670044
0.051440	-1813.910034
0.051520	-1936.140015
0.051600	-2082.820068
0.051680	-2367.010010
0.051760	-2736.760010
0.051840	-3091.229980
0.051920	-3265.409912
0.052000	-3234.850098
0.052080	-3072.899902
0.052160	-2877.330078
0.052240	-2773.429932
0.052320	-2788.709961
0.052400	-2874.270020
0.052480	-3017.889893
0.052560	-3283.750000
0.052640	-3711.560059
0.052720	-4209.649902
0.052800	-4606.899902
0.052880	-4820.810059
0.052960	-4915.540039
0.053040	-4991.930176
0.053120	-5046.930176
0.053200	-4998.040039
0.053280	-4726.080078
0.053360	-4227.979980
0.053440	-3625.989990
0.053520	-3100.399902
0.053600	-2755.100098
0.053680	-2510.629883
0.053760	-2211.159912
0.053840	-1801.689941
0.053920	-1416.660034
0.054000	-1193.589966
0.054080	-1144.699951
0.054160	-1181.369995
0.054240	-1196.640015
0.054320	-1205.810059
0.054400	-1328.040039
0.054480	-1685.569946
0.054560	-2235.610107
0.054640	-2794.820068
0.054720	-3130.959961
0.054800	-3124.850098
0.054880	-2862.050049
0.054960	-2446.459961
0.055040	-1939.199951
0.055120	-1352.489990
0.055200	-784.112976
0.055280	-307.410004
0.055360	126.512001
0.055440	655.163025
0.055520	1302.989990
0.055600	1950.819946
0.055680	2436.689941
0.055760	2726.989990
0.055840	2907.280029
0.055920	3112.010010
0.056000	3350.370117
0.056080	3481.770020
0.056160	3310.639893
0.056240	2830.879883
0.056320	2283.899902
0.056400	1956.930054
0.056480	1923.310059
0.056560	2076.100098
0.056640	2213.610107
0.056720	2183.060059
0.056800	1883.589966
0.056880	1348.829956
0.056960	762.114990
0.057040	380.141998
0.057120	282.356995
0.057200	349.584015
0.057280	361.807007
0.057360	230.408005
0.057440	7.335840
0.057520	-215.737000
0.057600	-414.363007
0.057680	-722.997009
0.057760	-1282.209961
0.057840	-2095.040039
0.057920	-2956.780029
0.058000	-3577.100098
0.058080	-3879.620117
0.058160	-4032.409912
0.058240	-4243.259766
0.058320	-4539.669922
0.058400	-4774.970215
0.058480	-4826.919922
0.058560	-4741.359863
0.058640	-4671.069824
0.058720	-4719.970215
0.058800	-4833.029785
0.058880	-4799.419922
0.058960	-4435.779785
0.059040	-3839.899902
0.059120	-3286.800049
0.059200	-3030.120117
0.059280	-3103.459961
0.059360	-3305.139893
0.059440	-3460.979980
0.059520	-3497.649902
0.059600	-3390.699951
0.059680	-3161.510010
0.059760	-2883.439941
0.059840	-2660.370117
0.059920	-2513.689941
0.060000	-2394.510010
0.060080	-2235.610107
0.060160	-2079.770020
0.060240	-1939.199951
0.060320	-1765.020020
0.060400	-1441.109985
0.060480	-829.950012
0.060560	132.623001
0.060640	1312.160034
0.060720	2427.520020
0.060800	3191.469971
0.060880	3518.429932
0.060960	3481.770020
0.061040	3215.909912
0.061120	2830.879883
0.061200	2396.959961
0.061280	1990.540039
0.061360	1663.569946
0.061440	1443.560059
0.061520	1333.550049
0.061600	1333.550049
0.061680	1403.829956
0.061760	1400.770020
0.061840	1263.260010
0.061920	1034.079956
0.062000	795.729004
0.062080	618.492981
0.062160	545.153992
0.062240	600.158020
0.062320	771.281982
0.062400	966.853027
0.062480	1110.479980
0.062560	1147.140015
0.062640	1122.699951
0.062720	1119.640015
0.062800	1186.869995
0.062880	1306.040039
0.062960	1419.109985
0.063040	1425.219971
0.063120	1327.439941
0.063200	1186.869995
0.063280	1061.579956
0.063360	921.015991
0.063440	743.780029
0.063520	621.549011
0.063600	676.552979
0.063680	872.122986
0.063760	1031.020020
0.063840	985.187012
0.063920	749.892029
0.064000	429.033997
0.064080	71.507401
0.064160	-289.075012
0.064240	-674.104980
0.064320	-1095.800049
0.064400	-1538.890015
0.064480	-1939.199951
0.064560	-2208.110107
0.064640	-2321.169922
0.064720	-2315.060059
0.064800	-2208.110107
0.064880	-2018.650024
0.064960	-1810.859985
0.065040	-1661.119995
0.065120	-1618.339966
0.065200	-1606.119995
0.065280	-1566.390015
0.065360	-1462.500000
0.065440	-1282.209961
0.065520	-1010.239990
0.065600	-692.439026
0.065680	-435.752991
0.065760	-380.748993
0.065840	-609.932983
0.065920	-1135.530029
0.066000	-1884.199951
0.066080	-2715.370117
0.066160	-3427.370117
0.066240	-3867.399902
0.066320	-4035.469971
0.066400	-4050.750000
0.066480	-3986.580078
0.066560	-3867.399902
0.066640	-3647.379883
0.066720	-3280.689941
0.066800	-2715.370117
0.066880	-1991.150024
0.066960	-1159.969971
0.067040	-334.911987
0.067120	407.644012
0.067200	957.684998
0.067280	1196.040039
0.067360	1082.969971
0.067440	762.114990
0.067520	535.987000
0.067600	612.382019
0.067680	979.075989
0.067760	1409.939941
0.067840	1636.069946
0.067920	1501.619995
0.068000	1095.199951
0.068080	670.440979
0.068160	438.201996
0.068240	389.308990
0.068320	312.914001
0.068400	19.559000
0.068480	-438.808990
0.068560	-833.005005
0.068640	-936.901978
0.068720	-716.885986
0.068800	-249.350006
0.068880	270.132996
0.068960	694.888000
0.069040	936.294983
0.069120	997.411011
0.069200	881.291016
0.069280	606.270020
0.069360	322.082001
0.069440	227.352005
0.069520	383.197998
0.069600	594.046997
0.069680	649.051025
0.069760	508.484985
0.069840	370.973999
0.069920	453.480988
0.070000	783.505981
0.070080	1165.479980
0.070160	1361.050049
0.070240	1247.979980
0.070320	917.960022
0.070400	575.711975
0.070480	383.197998
0.070560	334.304993
0.070640	322.082001
0.070720	285.411987
0.070800	196.794998
0.070880	80.674698
0.070960	-50.724098
0.071040	-154.621002
0.071120	-224.904007
0.071200	-304.354004
0.071280	-469.367004
0.071360	-765.778015
0.071440	-1123.310059
0.071520	-1410.550049
0.071600	-1538.890015
0.071680	-1465.550049
0.071760	-1202.760010
0.071840	-829.950012
0.071920	-460.199005
0.072000	-206.569000
0.072080	-151.565002
0.072160	-295.187012
0.072240	-530.482971
0.072320	-655.770020
0.072400	-527.427002
0.072480	-182.123001
0.072560	169.292999
0.072640	349.584015
0.072720	322.082001
0.072800	205.962006
0.072880	178.460007
0.072960	322.082001
0.073040	560.432983
0.073120	710.166992
0.073200	652.106995
0.073280	419.867004
0.073360	178.460007
0.073440	80.674698
0.073520	89.842102
0.073600	120.400002
0.073680	132.623001
0.073760	166.237000
0.073840	239.576004
0.073920	361.807007
0.074000	520.708008
0.074080	704.054993
0.074160	890.458008
0.074240	1046.300049
0.074320	1141.030029
0.074400	1125.750000
0.074480	1046.300049
0.074560	1027.969971
0.074640	1263.260010
0.074720	1822.469971
0.074800	2549.750000
0.074880	3148.679932
0.074960	3402.310059
0.075040	3350.370117
0.075120	3173.129883
0.075200	3029.510010
0.075280	2925.610107
0.075360	2818.659912
0.075440	2653.649902
0.075520	2448.909912
0.075600	2280.840088
0.075680	2173.889893
0.075760	2100.550049
0.075840	2011.930054
0.075920	1908.040039
0.076000	1773.579956
0.076080	1541.339966
0.076160	1156.310059
0.076240	688.776001
0.076320	383.197998
0.076400	389.308990
0.076480	645.994995
0.076560	872.122986
0.076640	899.625000
0.076720	780.450012
0.076800	697.943970
0.076880	811.007996
0.076960	1092.140015
0.077040	1333.550049
0.077120	1385.500000
0.077200	1269.380005
0.077280	1125.750000
0.077360	1015.739990
0.077440	884.346985
0.077520	578.768005
0.077600	83.730499
0.077680	-506.036011
0.077760	-1056.079956
0.077840	-1483.890015
0.077920	-1789.469971
0.078000	-1963.650024
0.078080	-2033.930054
0.078160	-2073.649902
0.078240	-2116.439941
0.078320	-2137.830078
0.078400	-2095.040039
0.078480	-1975.869995
0.078560	-1838.359985
0.078640	-1737.520020
0.078720	-1685.569946
0.078800	-1572.510010
0.078880	-1269.979980
0.078960	-759.666992
0.079040	-145.453995
0.079120	355.695007
0.079200	557.377014
0.079280	499.316986
0.079360	306.803009
0.079440	102.065002
0.079520	-93.505096
0.079600	-292.131012
0.079680	-512.148010
0.079760	-732.164001
0.079840	-915.512024
0.079920	-1056.079956
0.080000	-1199.699951
0.080080	-1321.930054
0.080160	-1349.430054
0.080240	-1233.310059
0.080320	-973.572021
0.080400	-686.328003
0.080480	-472.423004
0.080560	-319.632996
0.080640	-127.119003
0.080720	102.065002
0.080800	215.128998
0.080880	62.340000
0.080960	-310.466003
0.081040	-680.216003
0.081120	-793.280029
0.081200	-512.148010
0.081280	1.224270
0.081360	432.089996
0.081440	569.601013
0.081520	416.811005
0.081600	172.348007
0.081680	-29.333599
0.081760	-182.123001
0.081840	-350.191010
0.081920	-524.370972
0.082000	-640.491028
0.082080	-628.268005
0.082160	-539.650024
0.082240	-377.692993
0.082320	-200.457993
0.082400	-108.783997
0.082480	-212.681000
0.082560	-502.980011
0.082640	-909.400024
0.082720	-1279.150024
0.082800	-1447.219971
0.082880	-1389.160034
0.082960	-1211.920044
0.083040	-1077.469971
0.083120	-1053.020020
0.083200	-1065.250000
0.083280	-1056.079956
0.083360	-1040.800049
0.083440	-1080.520020
0.083520	-1184.420044
0.083600	-1276.089966
0.083680	-1318.880005
0.083760	-1410.550049
0.083840	-1673.349976
0.083920	-2064.489990
0.084000	-2388.399902
0.084080	-2461.739990
0.084160	-2263.110107
0.084240	-1994.199951
0.084320	-1826.140015
0.084400	-1761.959961
0.084480	-1636.680054
0.084560	-1386.099976
0.084640	-1163.030029
0.084720	-1187.479980
0.084800	-1526.670044
0.084880	-2018.650024
0.084960	-2443.399902
0.085040	-2761.209961
0.085120	-2975.110107
0.085200	-3103.459961
0.085280	-3072.899902
0.085360	-2904.830078
0.085440	-2672.590088
0.085520	-2464.800049
0.085600	-2284.500000
0.085680	-2052.260010
0.085760	-1700.849976
0.085840	-1269.979980
0.085920	-881.898010
0.086000	-667.992981
0.086080	-619.099976
0.086160	-609.932983
0.086240	-594.653992
0.086320	-567.151978
0.086400	-564.096008
0.086480	-588.543030
0.086560	-646.601990
0.086640	-747.442993
0.086720	-881.898010
0.086800	-1013.299988
0.086880	-1049.969971
0.086960	-927.734985
0.087040	-716.885986
0.087120	-527.427002
0.087200	-432.696991
0.087280	-377.692993
0.087360	-273.796997
0.087440	-69.058800
0.087520	154.014008
0.087600	273.188995
0.087680	251.798996
0.087760	157.069000
0.087840	34.837898
0.087920	-121.007004
0.088000	-313.522003
0.088080	-469.367004
0.088160	-499.924988
0.088240	-399.084015
0.088320	-267.684998
0.088400	-200.457993
0.088480	-206.569000
0.088560	-176.011002
0.088640	-102.671997
0.088720	-50.724098
0.088800	-121.007004
0.088880	-286.019989
0.088960	-423.529999
0.089040	-432.696991
0.089120	-365.470001
0.089200	-377.692993
0.089280	-619.099976
0.089360	-1022.460022
0.089440	-1337.209961
0.089520	-1392.209961
0.089600	-1306.650024
0.089680	-1337.209961
0.089760	-1596.949951
0.089840	-1936.140015
0.089920	-2098.100098
0.090000	-1951.420044
0.090080	-1584.729980
0.090160	-1178.310059
0.090240	-854.395996
0.090320	-677.159973
0.090400	-661.880981
0.090480	-823.838013
0.090560	-1132.469971
0.090640	-1422.770020
0.090720	-1526.670044
0.090800	-1398.329956
0.090880	-1214.979980
0.090960	-1205.810059
0.091040	-1462.500000
0.091120	-1878.079956
0.091200	-2202.000000
0.091280	-2266.169922
0.091360	-2043.099976
0.091440	-1676.400024
0.091520	-1324.989990
0.091600	-1062.189941
0.091680	-866.619019
0.091760	-701.606995
0.091840	-533.538025
0.091920	-383.804993
0.092000	-304.354004
0.092080	-337.967987
0.092160	-506.036011
0.092240	-710.773987
0.092320	-787.169006
0.092400	-667.992981
0.092480	-435.752991
0.092560	-279.907990
0.092640	-337.967987
0.092720	-588.543030
0.092800	-924.679016
0.092880	-1202.760010
0.092960	-1324.989990
0.093040	-1224.150024
0.093120	-872.731018
0.093200	-334.911987
0.093280	245.686996
0.093360	679.609009
0.093440	881.291016
0.093520	881.291016
0.093600	795.729004
0.093680	704.054993
0.093760	615.437012
0.093840	477.927002
0.093920	315.970001
0.094000	166.237000
0.094080	92.897903
0.094160	141.789993
0.094240	248.742996
0.094320	334.304993
0.094400	288.467987
0.094480	59.284199
0.094560	-298.243011
0.094640	-622.156006
0.094720	-771.890015
0.094800	-713.830017
0.094880	-557.984985
0.094960	-454.088013
0.095040	-515.203979
0.095120	-753.554993
0.095200	-1025.520020
0.095280	-1196.640015
0.095360	-1205.810059
0.095440	-1117.189941
0.095520	-1037.739990
0.095600	-1007.190002
0.095680	-1016.349976
0.095760	-1016.349976
0.095840	-988.849976
0.095920	-912.455994
0.096000	-753.554993
0.096080	-515.203979
0.096160	-270.740997
0.096240	-111.839996
0.096320	-84.337700
0.096400	-136.285995
0.096480	-179.067001
0.096560	-166.843994
0.096640	-154.621002
0.096720	-258.518005
0.096800	-539.650024
0.096880	-915.512024
0.096960	-1254.699951
0.097040	-1410.550049
0.097120	-1361.660034
0.097200	-1193.589966
0.097280	-1037.739990
0.097360	-946.068970
0.097440	-921.622986
0.097520	-906.343994
0.097600	-805.502991
0.097680	-557.984985
0.097760	-160.731995
0.097840	285.411987
0.097920	633.771973
0.098000	807.952026
0.098080	844.620972
0.098160	856.843994
0.098240	866.012024
0.098320	826.286987
0.098400	652.106995
0.098480	374.029999
0.098560	102.065002
0.098640	-78.226196
0.098720	-176.011002
0.098800	-221.848007
0.098880	-215.737000
0.098960	-133.229996
0.099040	-20.166201
0.099120	56.228401
0.099200	65.395798
0.099280	28.726299
0.099360	7.335840
0.099440	62.340000
0.099520	160.125000
0.099600	193.738998
0.099680	138.735001
0.099760	83.730499
0.099840	132.623001
0.099920	297.635986
0.100000	453.480988
0.100080	496.261993
0.100160	453.480988
0.100240	407.644012
0.100320	395.420990
0.100400	386.252991
0.100480	349.584015
0.100560	291.523987
0.100640	254.854004
0.100720	276.244995
0.100800	349.584015
0.100880	413.755005
0.100960	468.760010
0.101040	551.265991
0.101120	655.163025
0.101200	713.221985
0.101280	658.218018
0.101360	459.592010
0.101440	166.237000
0.101520	-117.950996
0.101600	-325.744995
0.101680	-451.032013
0.101760	-524.370972
0.101840	-564.096008
0.101920	-564.096008
0.102000	-524.370972
0.102080	-451.032013
0.102160	-362.414001
0.102240	-261.572998
0.102320	-179.067001
0.102400	-93.505096
0.102480	-20.166201
0.102560	4.280060
0.102640	-17.110500
0.102720	-62.947201
0.102800	-69.058800
0.102880	22.614799
0.102960	184.570999
0.103040	288.467987
0.103120	248.742996
0.103200	71.507401
0.103280	-139.341995
0.103360	-255.462006
0.103440	-304.354004
0.103520	-389.915985
0.103600	-616.044983
0.103680	-918.567017
0.103760	-1141.640015
0.103840	-1144.699951
0.103920	-918.567017
0.104000	-570.208008
0.104080	-258.518005
0.104160	-99.616699
0.104240	-124.063004
0.104320	-276.851990
0.104400	-408.251007
0.104480	-460.199005
0.104560	-426.585999
0.104640	-374.636993
0.104720	-365.470001
0.104800	-396.028015
0.104880	-408.251007
0.104960	-331.855988
0.105040	-169.899994
0.105120	-10.998900
0.105200	31.782101
0.105280	-75.170403
0.105360	-289.075012
0.105440	-557.984985
0.105520	-820.781982
0.105600	-1001.070007
0.105680	-1031.630005
0.105760	-884.953979
0.105840	-655.770020
0.105920	-469.367004
0.106000	-402.140015
0.106080	-392.971985
0.106160	-350.191010
0.106240	-243.238998
0.106320	-133.229996
0.106400	-130.175003
0.106480	-292.131012
0.106560	-603.820984
0.106640	-982.739014
0.106720	-1343.319946
0.106800	-1618.339966
0.106880	-1765.020020
0.106960	-1761.959961
0.107040	-1658.069946
0.107120	-1490.000000
0.107200	-1312.760010
0.107280	-1144.699951
0.107360	-988.849976
0.107440	-857.452026
0.107520	-802.447998
0.107600	-833.005005
0.107680	-884.953979
0.107760	-912.455994
0.107840	-912.455994
0.107920	-894.120972
0.108000	-897.177002
0.108080	-915.512024
0.108160	-946.068970
0.108240	-1037.739990
0.108320	-1248.589966
0.108400	-1566.390015
0.108480	-1902.530029
0.108560	-2110.320068
0.108640	-2150.050049
0.108720	-2095.040039
0.108800	-2018.650024
0.108880	-1933.089966
0.108960	-1813.910034
0.109040	-1630.569946
0.109120	-1425.829956
0.109200	-1269.979980
0.109280	-1166.089966
0.109360	-1040.800049
0.109440	-857.452026
0.109520	-680.216003
0.109600	-609.932983
0.109680	-686.328003
0.109760	-839.117004
0.109840	-921.622986
0.109920	-906.343994
0.110000	-839.117004
0.110080	-817.726013
0.110160	-881.898010
0.110240	-1034.689941
0.110320	-1282.209961
0.110400	-1590.839966
0.110480	-1887.250000
0.110560	-2036.989990
0.110640	-1997.260010
0.110720	-1820.020020
0.110800	-1603.060059
0.110880	-1395.270020
0.110960	-1150.810059
0.111040	-829.950012
0.111120	-451.032013
0.111200	-151.565002
0.111280	-78.226196
0.111360	-270.740997
0.111440	-582.431030
0.111520	-814.671021
0.111600	-851.340027
0.111680	-787.169006
0.111760	-784.112976
0.111840	-939.958008
0.111920	-1221.089966
0.112000	-1529.729980
0.112080	-1816.969971
0.112160	-2073.649902
0.112240	-2272.280029
0.112320	-2351.729980
0.112400	-2318.120117
0.112480	-2177.550049
0.112560	-2070.600098
0.112640	-2067.540039
0.112720	-2146.989990
0.112800	-2180.610107
0.112880	-2107.270020
0.112960	-1960.589966
0.113040	-1844.469971
0.113120	-1816.969971
0.113200	-1881.140015
0.113280	-2018.650024
0.113360	-2220.330078
0.113440	-2434.239990
0.113520	-2580.919922
0.113600	-2568.689941
0.113680	-2394.510010
0.113760	-2165.330078
0.113840	-2046.150024
0.113920	-2116.439941
0.114000	-2336.449951
0.114080	-2556.469971
0.114160	-2642.030029
0.114240	-2562.580078
0.114320	-2406.739990
0.114400	-2299.780029
0.114480	-2370.070068
0.114560	-2632.860107
0.114640	-2950.669922
0.114720	-3115.679932
0.114800	-2990.389893
0.114880	-2632.860107
0.114960	-2266.169922
0.115040	-2043.099976
0.115120	-2018.650024
0.115200	-2064.489990
0.115280	-2046.150024
0.115360	-1911.699951
0.115440	-1673.349976
0.115520	-1419.719971
0.115600	-1239.430054
0.115680	-1156.920044
0.115760	-1123.310059
0.115840	-1043.859985
0.115920	-823.838013
0.116000	-472.423004
0.116080	-114.896004
0.116160	77.618896
0.116240	10.391600
0.116320	-273.796997
0.116400	-597.710022
0.116480	-817.726013
0.116560	-875.786011
0.116640	-891.065002
0.116720	-1007.190002
0.116800	-1331.099976
0.116880	-1789.469971
0.116960	-2232.560059
0.117040	-2461.739990
0.117120	-2345.620117
0.117200	-1930.030029
0.117280	-1416.660034
0.117360	-1056.079956
0.117440	-1034.689941
0.117520	-1257.760010
0.117600	-1483.890015
0.117680	-1428.880005
0.117760	-1016.349976
0.117840	-490.756989
0.117920	-249.350006
0.118000	-515.203979
0.118080	-1135.530029
0.118160	-1713.069946
0.118240	-1945.310059
0.118320	-1865.859985
0.118400	-1752.800049
0.118480	-1923.920044
0.118560	-2428.129883
0.118640	-3011.780029
0.118720	-3387.639893
0.118800	-3402.919922
0.118880	-3170.679932
0.118960	-2889.550049
0.119040	-2693.979980
0.119120	-2593.139893
0.119200	-2538.129883
0.119280	-2446.459961
0.119360	-2253.949951
0.119440	-1988.089966
0.119520	-1758.910034
0.119600	-1685.569946
0.119680	-1820.020020
0.119760	-2098.100098
0.119840	-2382.290039
0.119920	-2513.689941
0.120000	-2455.629883
0.120080	-2318.120117
0.120160	-2266.169922
0.120240	-2382.290039
0.120320	-2642.030029
0.120400	-2926.219971
0.120480	-3063.729980
0.120560	-2984.280029
0.120640	-2742.870117
0.120720	-2513.689941
0.120800	-2443.399902
0.120880	-2541.189941
0.120960	-2654.250000
0.121040	-2599.250000
0.121120	-2299.780029
0.121200	-1862.810059
0.121280	-1468.609985
0.121360	-1260.819946
0.121440	-1239.430054
0.121520	-1279.150024
0.121600	-1297.489990
0.121680	-1254.699951
0.121760	-1196.640015
0.121840	-1141.640015
0.121920	-1108.030029
0.122000	-1083.579956
0.122080	-1089.689941
0.122160	-1144.699951
0.122240	-1175.250000
0.122320	-1135.530029
0.122400	-1019.409973
0.122480	-909.400024
0.122560	-860.507019
0.122640	-829.950012
0.122720	-716.885986
0.122800	-472.423004
0.122880	-160.731995
0.122960	40.949501
0.123040	-26.277800
0.123120	-374.636993
0.123200	-787.169006
0.123280	-1022.460022
0.123360	-998.018005
0.123440	-854.395996
0.123520	-817.726013
0.123600	-1019.409973
0.123680	-1425.829956
0.123760	-1875.030029
0.123840	-2165.330078
0.123920	-2217.280029
0.124000	-2043.099976
0.124080	-1789.469971
0.124160	-1603.060059
0.124240	-1566.390015
0.124320	-1621.400024
0.124400	-1624.449951
0.124480	-1453.329956
0.124560	-1163.030029
0.124640	-958.293030
0.124720	-994.961975
0.124800	-1236.369995
0.124880	-1468.609985
0.124960	-1499.170044
0.125040	-1367.770020
0.125120	-1303.599976
0.125200	-1471.670044
0.125280	-1856.689941
0.125360	-2269.229980
0.125440	-2538.129883
0.125520	-2583.969971
0.125600	-2461.739990
0.125680	-2266.169922
0.125760	-2055.320068
0.125840	-1875.030029
0.125920	-1731.410034
0.126000	-1590.839966
0.126080	-1410.550049
0.126160	-1150.810059
0.126240	-900.232971
0.126320	-796.335999
0.126400	-866.619019
0.126480	-1031.630005
0.126560	-1126.359985
0.126640	-1046.910034
0.126720	-814.671021
0.126800	-536.593994
0.126880	-362.414001
0.126960	-362.414001
0.127040	-536.593994
0.127120	-784.112976
0.127200	-1013.299988
0.127280	-1080.520020
0.127360	-906.343994
0.127440	-554.929016
0.127520	-221.848007
0.127600	-102.671997
0.127680	-215.737000
0.127760	-417.417999
0.127840	-554.929016
0.127920	-570.208008
0.128000	-551.872986
0.128080	-567.151978
0.128160	-622.156006
0.128240	-643.546997
0.128320	-591.598022
0.128400	-533.538025
0.128480	-484.645996
0.128560	-451.032013
0.128640	-362.414001
0.128720	-218.792007
0.128800	-108.783997
0.128880	-130.175003
0.128960	-246.294006
0.129040	-322.688995
0.129120	-240.182999
0.129200	4.280060
0.129280	279.300995
0.129360	447.368988
0.129440	416.811005
0.129520	248.742996
0.129600	71.507401
0.129680	28.726299
0.129760	181.516006
0.129840	453.480988
0.129920	682.664978
0.130000	707.111023
0.130080	477.927002
0.130160	74.563103
0.130240	-365.470001
0.130320	-729.109009
0.130400	-1007.190002
0.130480	-1214.979980
0.130560	-1312.760010
0.130640	-1266.930054
0.130720	-1104.969971
0.130800	-936.901978
0.130880	-848.283997
0.130960	-817.726013
0.131040	-784.112976
0.131120	-655.770020
0.131200	-408.251007
0.131280	-133.229996
0.131360	95.953598
0.131440	236.520004
0.131520	285.411987
0.131600	257.910004
0.131680	120.400002
0.131760	-176.011002
0.131840	-619.099976
0.131920	-1150.810059
0.132000	-1630.569946
0.132080	-1911.699951
0.132160	-1926.979980
0.132240	-1694.739990
0.132320	-1346.380005
0.132400	-1049.969971
0.132480	-918.567017
0.132560	-936.901978
0.132640	-1043.859985
0.132720	-1141.640015
0.132800	-1169.140015
0.132880	-1101.910034
0.132960	-927.734985
0.133040	-698.551025
0.133120	-487.701996
0.133200	-341.023987
0.133280	-273.796997
0.133360	-252.406006
0.133440	-310.466003
0.133520	-432.696991
0.133600	-594.653992
0.133680	-710.773987
0.133760	-695.494995
0.133840	-506.036011
0.133920	-227.960007
0.134000	1.224270
0.134080	95.953598
0.134160	154.014008
0.134240	254.854004
0.134320	447.368988
0.134400	676.552979
0.134480	866.012024
0.134560	951.573975
0.134640	948.518005
0.134720	832.398010
0.134800	615.437012
0.134880	322.082001
0.134960	31.782101
0.135040	-197.401993
0.135120	-258.518005
0.135200	-185.179001
0.135280	-29.333599
0.135360	132.623001
0.135440	276.244995
0.135520	364.863007
0.135600	367.919006
0.135680	294.579987
0.135760	160.125000
0.135840	4.280060
0.135920	-133.229996
0.136000	-218.792007
0.136080	-188.235001
0.136160	-17.110500
0.136240	245.686996
0.136320	471.815002
0.136400	554.322021
0.136480	511.540985
0.136560	441.257996
0.136640	425.979004
0.136720	425.979004
0.136800	352.640015
0.136880	181.516006
0.136960	-35.445202
0.137040	-203.513000
0.137120	-282.963989
0.137200	-292.131012
0.137280	-282.963989
0.137360	-279.907990
0.137440	-282.963989
0.137520	-298.243011
0.137600	-362.414001
0.137680	-460.199005
0.137760	-502.980011
0.137840	-444.920990
0.137920	-319.632996
0.138000	-224.904007
0.138080	-221.848007
0.138160	-282.963989
0.138240	-316.578003
0.138320	-282.963989
0.138400	-246.294006
0.138480	-298.243011
0.138560	-478.533997
0.138640	-707.718018
0.138720	-829.950012
0.138800	-805.502991
0.138880	-692.439026
0.138960	-606.877014
0.139040	-591.598022
0.139120	-606.877014
0.139200	-609.932983
0.139280	-573.263977
0.139360	-512.148010
0.139440	-392.971985
0.139520	-227.960007
0.139600	-23.222000
0.139680	178.460007
0.139760	343.471985
0.139840	453.480988
0.139920	502.372986
0.140000	496.261993
0.140080	432.089996
0.140160	294.579987
0.140240	102.065002
0.140320	-133.229996
0.140400	-380.748993
0.140480	-640.491028
0.140560	-906.343994
0.140640	-1156.920044
0.140720	-1324.989990
0.140800	-1331.099976
0.140880	-1169.140015
0.140960	-897.177002
0.141040	-612.989014
0.141120	-402.140015
0.141200	-270.740997
0.141280	-209.625000
0.141360	-185.179001
0.141440	-182.123001
0.141520	-151.565002
0.141600	-41.556702
0.141680	157.069000
0.141760	374.029999
0.141840	484.039001
0.141920	447.368988
0.142000	322.082001
0.142080	199.850006
0.142160	102.065002
0.142240	-38.500999
0.142320	-261.572998
0.142400	-496.868988
0.142480	-661.880981
0.142560	-716.885986
0.142640	-698.551025
0.142720	-674.104980
0.142800	-692.439026
0.142880	-738.276001
0.142960	-774.945007
0.143040	-778.000977
0.143120	-735.219971
0.143200	-625.211975
0.143280	-432.696991
0.143360	-234.070999
0.143440	-179.067001
0.143520	-310.466003
0.143600	-536.593994
0.143680	-692.439026
0.143760	-674.104980
0.143840	-551.872986
0.143920	-472.423004
0.144000	-502.980011
0.144080	-625.211975
0.144160	-784.112976
0.144240	-924.679016
0.144320	-1037.739990
0.144400	-1086.640015
0.144480	-1016.349976
0.144560	-854.395996
0.144640	-643.546997
0.144720	-463.255005
0.144800	-325.744995
0.144880	-194.345993
0.144960	-20.166201
0.145040	111.233002
0.145120	120.400002
0.145200	-41.556702
0.145280	-353.247009
0.145360	-710.773987
0.145440	-1025.520020
0.145520	-1245.540039
0.145600	-1352.489990
0.145680	-1367.770020
0.145760	-1328.040039
0.145840	-1279.150024
0.145920	-1248.589966
0.146000	-1208.869995
0.146080	-1132.469971
0.146160	-1001.070007
0.146240	-796.335999
0.146320	-557.984985
0.146400	-322.688995
0.146480	-108.783997
0.146560	47.061100
0.146640	135.679001
0.146720	144.845993
0.146800	59.284199
0.146880	-114.896004
0.146960	-304.354004
0.147040	-420.473999
0.147120	-417.417999
0.147200	-316.578003
0.147280	-203.513000
0.147360	-197.401993
0.147440	-313.522003
0.147520	-484.645996
0.147600	-637.434998
0.147680	-732.164001
0.147760	-774.945007
0.147840	-735.219971
0.147920	-628.268005
0.148000	-475.477997
0.148080	-347.135010
0.148160	-301.299011
0.148240	-371.582001
0.148320	-518.258972
0.148400	-692.439026
0.148480	-863.562988
0.148560	-1007.190002
0.148640	-1053.020020
0.148720	-906.343994
0.148800	-524.370972
0.148880	-66.002998
0.148960	264.022003
0.149040	297.635986
0.149120	92.897903
0.149200	-179.067001
0.149280	-344.079987
0.149360	-356.303009
0.149440	-295.187012
0.149520	-227.960007
0.149600	-212.681000
0.149680	-292.131012
0.149760	-487.701996
0.149840	-759.666992
0.149920	-991.906006
0.150000	-1031.630005
0.150080	-881.898010
0.150160	-683.271973
0.150240	-628.268005
0.150320	-796.335999
0.150400	-1037.739990
0.150480	-1132.469971
0.150560	-976.627014
0.150640	-692.439026
0.150720	-475.477997
0.150800	-429.641998
0.150880	-478.533997
0.150960	-481.589996
0.151040	-374.636993
0.151120	-203.513000
0.151200	-56.835701
0.151280	1.224270
0.151360	-59.891499
0.151440	-237.126999
0.151520	-499.924988
0.151600	-768.833984
0.151680	-955.237000
0.151760	-988.849976
0.151840	-881.898010
0.151920	-719.940979
0.152000	-585.487000
0.152080	-472.423004
0.152160	-362.414001
0.152240	-224.904007
0.152320	-142.397995
0.152400	-166.843994
0.152480	-258.518005
0.152560	-289.075012
0.152640	-160.731995
0.152720	74.563103
0.152800	300.691010
0.152880	404.588013
0.152960	392.364990
0.153040	331.248993
0.153120	273.188995
0.153200	181.516006
0.153280	4.280060
0.153360	-267.684998
0.153440	-564.096008
0.153520	-793.280029
0.153600	-918.567017
0.153680	-967.460022
0.153760	-952.181030
0.153840	-842.172974
0.153920	-637.434998
0.154000	-426.585999
0.154080	-304.354004
0.154160	-319.632996
0.154240	-399.084015
0.154320	-377.692993
0.154400	-212.681000
0.154480	4.280060
0.154560	141.789993
0.154640	187.626999
0.154720	175.404007
0.154800	166.237000
0.154880	135.679001
0.154960	34.837898
0.155040	-96.560898
0.155120	-206.569000
0.155200	-292.131012
0.155280	-423.529999
0.155360	-677.159973
0.155440	-998.018005
0.155520	-1282.209961
0.155600	-1383.050049
0.155680	-1291.369995
0.155760	-1077.469971
0.155840	-826.893982
0.155920	-564.096008
0.156000	-261.572998
0.156080	95.953598
0.156160	407.644012
0.156240	597.103027
0.156320	633.771973
0.156400	529.875000
0.156480	315.970001
0.156560	37.893700
0.156640	-240.182999
0.156720	-414.363007
0.156800	-451.032013
0.156880	-389.915985
0.156960	-337.967987
0.157040	-344.079987
0.157120	-377.692993
0.157200	-347.135010
0.157280	-255.462006
0.157360	-145.453995
0.157440	-84.337700
0.157520	-93.505096
0.157600	-136.285995
0.157680	-163.787994
0.157760	-160.731995
0.157840	-117.950996
0.157920	-75.170403
0.158000	-47.668301
0.158080	-93.505096
0.158160	-218.792007
0.158240	-380.748993
0.158320	-509.092010
0.158400	-557.984985
0.158480	-564.096008
0.158560	-564.096008
0.158640	-561.039978
0.158720	-502.980011
0.158800	-344.079987
0.158880	-111.839996
0.158960	123.456001
0.159040	297.635986
0.159120	383.197998
0.159200	395.420990
0.159280	386.252991
0.159360	380.141998
0.159440	380.141998
0.159520	389.308990
0.159600	419.867004
0.159680	484.039001
0.159760	532.931030
0.159840	520.708008
0.159920	444.312988
0.160000	343.471985
0.160080	309.859009
0.160160	380.141998
0.160240	471.815002
0.160320	468.760010
0.160400	334.304993
0.160480	126.512001
0.160560	-35.445202
0.160640	-56.835701
0.160720	102.065002
0.160800	312.914001
0.160880	474.871002
0.160960	499.316986
0.161040	389.308990
0.161120	242.630997
0.161200	190.682999
0.161280	288.467987
0.161360	490.149994
0.161440	667.385986
0.161520	725.445984
0.161600	627.659973
0.161680	425.979004
0.161760	224.296997
0.161840	135.679001
0.161920	175.404007
0.162000	264.022003
0.162080	267.078003
0.162160	141.789993
0.162240	-69.058800
0.162320	-224.904007
0.162400	-264.628998
0.162480	-206.569000
0.162560	-93.505096
0.162640	19.559000
0.162720	105.121002
0.162800	190.682999
0.162880	288.467987
0.162960	389.308990
0.163040	432.089996
0.163120	380.141998
0.163200	239.576004
0.163280	92.897903
0.163360	-1.831520
0.163440	1.224270
0.163520	56.228401
0.163600	117.344002
0.163680	141.789993
0.163760	117.344002
0.163840	62.340000
0.163920	34.837898
0.164000	77.618896
0.164080	169.292999
0.164160	260.966003
0.164240	294.579987
0.164320	273.188995
0.164400	205.962006
0.164480	144.845993
0.164560	138.735001
0.164640	227.352005
0.164720	389.308990
0.164800	554.322021
0.164880	609.325989
0.164960	535.987000
0.165040	407.644012
0.165120	322.082001
0.165200	349.584015
0.165280	465.704010
0.165360	603.213989
0.165440	716.278015
0.165520	777.393982
0.165600	780.450012
0.165680	728.500977
0.165760	679.609009
0.165840	664.330017
0.165920	713.221985
0.166000	749.892029
0.166080	731.557007
0.166160	627.659973
0.166240	487.093994
0.166320	404.588013
0.166400	361.807007
0.166480	309.859009
0.166560	190.682999
0.166640	44.005299
0.166720	-53.779900
0.166800	-26.277800
0.166880	102.065002
0.166960	270.132996
0.167040	392.364990
0.167120	441.257996
0.167200	429.033997
0.167280	352.640015
0.167360	230.408005
0.167440	111.233002
0.167520	77.618896
0.167600	202.906006
0.167680	429.033997
0.167760	627.659973
0.167840	688.776001
0.167920	575.711975
0.168000	343.471985
0.168080	108.177002
0.168160	-26.277800
0.168240	-29.333599
0.168320	74.563103
0.168400	184.570999
0.168480	245.686996
0.168560	260.966003
0.168640	264.022003
0.168720	288.467987
0.168800	309.859009
0.168880	300.691010
0.168960	230.408005
0.169040	114.288002
0.169120	31.782101
0.169200	13.447400
0.169280	68.451599
0.169360	178.460007
0.169440	315.970001
0.169520	465.704010
0.169600	566.544983
0.169680	594.046997
0.169760	548.210022
0.169840	474.871002
0.169920	407.644012
0.170000	358.751007
0.170080	328.192993
0.170160	312.914001
0.170240	309.859009
0.170320	334.304993
0.170400	401.532013
0.170480	517.651978
0.170560	694.888000
0.170640	884.346985
0.170720	1043.250000
0.170800	1131.859985
0.170880	1153.260010
0.170960	1131.859985
0.171040	1098.250000
0.171120	1061.579956
0.171200	1031.020020
0.171280	1006.580017
0.171360	954.630005
0.171440	859.900024
0.171520	704.054993
0.171600	514.596008
0.171680	343.471985
0.171760	245.686996
0.171840	230.408005
0.171920	242.630997
0.172000	233.464005
0.172080	169.292999
0.172160	86.786301
0.172240	47.061100
0.172320	86.786301
0.172400	218.184998
0.172480	435.145996
0.172560	728.500977
0.172640	1052.420044
0.172720	1342.709961
0.172800	1541.339966
0.172880	1602.459961
0.172960	1532.170044
0.173040	1333.550049
0.173120	1003.520020
0.173200	572.656006
0.173280	120.400002
0.173360	-224.904007
0.173440	-383.804993
0.173520	-402.140015
0.173600	-402.140015
0.173680	-466.311005
0.173760	-567.151978
0.173840	-616.044983
0.173920	-548.817017
0.174000	-350.191010
0.174080	-53.779900
0.174160	312.914001
0.174240	697.943970
0.174320	1049.359985
0.174400	1306.040039
0.174480	1440.500000
0.174560	1461.890015
0.174640	1422.160034
0.174720	1364.099976
0.174800	1275.489990
0.174880	1116.589966
0.174960	917.960022
0.175040	743.780029
0.175120	624.604980
0.175200	511.540985
0.175280	331.248993
0.175360	50.116901
0.175440	-267.684998
0.175520	-518.258972
0.175600	-609.932983
0.175680	-530.482971
0.175760	-319.632996
0.175840	-62.947201
0.175920	175.404007
0.176000	355.695007
0.176080	493.205994
0.176160	633.771973
0.176240	829.341980
0.176320	1061.579956
0.176400	1244.930054
0.176480	1278.540039
0.176560	1107.420044
0.176640	807.952026
0.176720	490.149994
0.176800	221.240997
0.176880	13.447400
0.176960	-145.453995
0.177040	-246.294006
0.177120	-301.299011
0.177200	-331.855988
0.177280	-341.023987
0.177360	-310.466003
0.177440	-231.016006
0.177520	-117.950996
0.177600	-10.998900
0.177680	47.061100
0.177760	56.228401
0.177840	83.730499
0.177920	212.072998
0.178000	435.145996
0.178080	633.771973
0.178160	725.445984
0.178240	697.943970
0.178320	600.158020
0.178400	487.093994
0.178480	377.085999
0.178560	236.520004
0.178640	68.451599
0.178720	-124.063004
0.178800	-298.243011
0.178880	-447.976013
0.178960	-557.984985
0.179040	-585.487000
0.179120	-481.589996
0.179200	-224.904007
0.179280	123.456001
0.179360	444.312988
0.179440	606.270020
0.179520	603.213989
0.179600	508.484985
0.179680	429.033997
0.179760	429.033997
0.179840	480.983002
0.179920	499.316986
0.180000	456.536011
0.180080	383.197998
0.180160	322.082001
0.180240	291.523987
0.180320	233.464005
0.180400	83.730499
0.180480	-148.509003
0.180560	-365.470001
0.180640	-512.148010
0.180720	-573.263977
0.180800	-612.989014
0.180880	-637.434998
0.180960	-625.211975
0.181040	-530.482971
0.181120	-356.303009
0.181200	-157.677002
0.181280	-7.943090
0.181360	56.228401
0.181440	59.284199
0.181520	44.005299
0.181600	28.726299
0.181680	16.503201
0.181760	4.280060
0.181840	-1.831520
0.181920	34.837898
0.182000	68.451599
0.182080	22.614799
0.182160	-117.950996
0.182240	-273.796997
0.182320	-383.804993
0.182400	-438.808990
0.182480	-484.645996
0.182560	-600.765991
0.182640	-778.000977
0.182720	-939.958008
0.182800	-991.906006
0.182880	-900.232971
0.182960	-686.328003
0.183040	-438.808990
0.183120	-273.796997
0.183200	-234.070999
0.183280	-316.578003
0.183360	-432.696991
0.183440	-487.701996
0.183520	-408.251007
0.183600	-200.457993
0.183680	44.005299
0.183760	218.184998
0.183840	254.854004
0.183920	184.570999
0.184000	68.451599
0.184080	7.335840
0.184160	40.949501
0.184240	114.288002
0.184320	141.789993
0.184400	65.395798
0.184480	-84.337700
0.184560	-209.625000
0.184640	-237.126999
0.184720	-166.843994
0.184800	-32.389400
0.184880	47.061100
0.184960	47.061100
0.185040	-38.500999
0.185120	-163.787994
0.185200	-270.740997
0.185280	-353.247009
0.185360	-411.307007
0.185440	-478.533997
0.185520	-536.593994
0.185600	-573.263977
0.185680	-545.760986
0.185760	-444.920990
0.185840	-298.243011
0.185920	-176.011002
0.186000	-145.453995
0.186080	-209.625000
0.186160	-322.688995
0.186240	-402.140015
0.186320	-408.251007
0.186400	-341.023987
0.186480	-240.182999
0.186560	-179.067001
0.186640	-191.289993
0.186720	-264.628998
0.186800	-334.911987
0.186880	-356.303009
0.186960	-292.131012
0.187040	-179.067001
0.187120	-93.505096
0.187200	-75.170403
0.187280	-139.341995
0.187360	-258.518005
0.187440	-383.804993
0.187520	-432.696991
0.187600	-408.251007
0.187680	-328.800995
0.187760	-231.016006
0.187840	-176.011002
0.187920	-160.731995
0.188000	-191.289993
0.188080	-252.406006
0.188160	-325.744995
0.188240	-389.915985
0.188320	-426.585999
0.188400	-426.585999
0.188480	-389.915985
0.188560	-307.410004
0.188640	-176.011002
0.188720	-7.943090
0.188800	166.237000
0.188880	273.188995
0.188960	285.411987
0.189040	230.408005
0.189120	169.292999
0.189200	175.404007
0.189280	212.072998
0.189360	242.630997
0.189440	239.576004
0.189520	172.348007
0.189600	44.005299
0.189680	-102.671997
0.189760	-237.126999
0.189840	-325.744995
0.189920	-383.804993
0.190000	-429.641998
0.190080	-490.756989
0.190160	-524.370972
0.190240	-493.812988
0.190320	-399.084015
0.190400	-276.851990
0.190480	-182.123001
0.190560	-136.285995
0.190640	-102.671997
0.190720	-50.724098
0.190800	31.782101
0.190880	132.623001
0.190960	215.128998
0.191040	233.464005
0.191120	184.570999
0.191200	68.451599
0.191280	-78.226196
0.191360	-206.569000
0.191440	-276.851990
0.191520	-316.578003
0.191600	-365.470001
0.191680	-426.585999
0.191760	-487.701996
0.191840	-502.980011
0.191920	-509.092010
0.192000	-506.036011
0.192080	-493.812988
0.192160	-426.585999
0.192240	-282.963989
0.192320	-84.337700
0.192400	132.623001
0.192480	309.859009
0.192560	447.368988
0.192640	539.043030
0.192720	578.768005
0.192800	511.540985
0.192880	337.360992
0.192960	120.400002
0.193040	-62.947201
0.193120	-160.731995
0.193200	-218.792007
0.193280	-316.578003
0.193360	-469.367004
0.193440	-655.770020
0.193520	-802.447998
0.193600	-863.562988
0.193680	-829.950012
0.193760	-744.388000
0.193840	-640.491028
0.193920	-509.092010
0.194000	-356.303009
0.194080	-172.955994
0.194160	1.224270
0.194240	154.014008
0.194320	257.910004
0.194400	294.579987
0.194480	276.244995
0.194560	218.184998
0.194640	138.735001
0.194720	59.284199
0.194800	-4.887300
0.194880	-75.170403
0.194960	-185.179001
0.195040	-353.247009
0.195120	-557.984985
0.195200	-753.554993
0.195280	-863.562988
0.195360	-857.452026
0.195440	-738.276001
0.195520	-539.650024
0.195600	-310.466003
0.195680	-108.783997
0.195760	44.005299
0.195840	123.456001
0.195920	166.237000
0.196000	218.184998
0.196080	334.304993
0.196160	471.815002
0.196240	560.432983
0.196320	490.149994
0.196400	297.635986
0.196480	34.837898
0.196560	-191.289993
0.196640	-325.744995
0.196720	-399.084015
0.196800	-460.199005
0.196880	-530.482971
0.196960	-567.151978
0.197040	-499.924988
0.197120	-310.466003
0.197200	-38.500999
0.197280	233.464005
0.197360	447.368988
0.197440	578.768005
0.197520	655.163025
0.197600	694.888000
0.197680	710.166992
0.197760	688.776001
0.197840	645.994995
0.197920	609.325989
0.198000	535.987000
0.198080	407.644012
0.198160	184.570999
0.198240	-127.119003
0.198320	-472.423004
0.198400	-744.388000
0.198480	-854.395996
0.198560	-802.447998
0.198640	-640.491028
0.198720	-432.696991
0.198800	-215.737000
0.198880	16.503201
0.198960	257.910004
0.199040	477.927002
0.199120	645.994995
0.199200	752.947998
0.199280	820.174988
0.199360	899.625000
0.199440	988.242981
0.199520	1034.079956
0.199600	982.132019
0.199680	801.840027
0.199760	535.987000
0.199840	273.188995
0.199920	53.172600
0.200000	-114.896004
0.200080	-279.907990
0.200160	-447.976013
0.200240	-609.932983
0.200320	-713.830017
0.200400	-741.331970
0.200480	-719.940979
0.200560	-649.658020
0.200640	-564.096008
0.200720	-481.589996
0.200800	-380.748993
0.200880	-255.462006
0.200960	-72.114601
0.201040	169.292999
0.201120	444.312988
0.201200	704.054993
0.201280	862.955994
0.201360	859.900024
0.201440	704.054993
0.201520	474.871002
0.201600	279.300995
0.201680	178.460007
0.201760	187.626999
0.201840	254.854004
0.201920	322.082001
0.202000	346.528015
0.202080	297.635986
0.202160	221.240997
0.202240	126.512001
0.202320	56.228401
0.202400	34.837898
0.202480	40.949501
0.202560	56.228401
0.202640	40.949501
0.202720	1.224270
0.202800	-26.277800
0.202880	7.335840
0.202960	92.897903
0.203040	196.794998
0.203120	245.686996
0.203200	218.184998
0.203280	114.288002
0.203360	-4.887300
0.203440	-93.505096
0.203520	-127.119003
0.203600	-93.505096
0.203680	-4.887300
0.203760	95.953598
0.203840	181.516006
0.203920	190.682999
0.204000	169.292999
0.204080	157.069000
0.204160	163.181000
0.204240	178.460007
0.204320	199.850006
0.204400	215.128998
0.204480	239.576004
0.204560	227.352005
0.204640	163.181000
0.204720	47.061100
0.204800	-81.281998
0.204880	-176.011002
0.204960	-218.792007
0.205040	-221.848007
0.205120	-200.457993
0.205200	-160.731995
0.205280	-136.285995
0.205360	-130.175003
0.205440	-148.509003
0.205520	-176.011002
0.205600	-154.621002
0.205680	-53.779900
0.205760	129.567001
0.205840	309.859009
0.205920	450.424988
0.206000	545.153992
0.206080	627.659973
0.206160	710.166992
0.206240	780.450012
0.206320	811.007996
0.206400	780.450012
0.206480	667.385986
0.206560	526.820007
0.206640	398.476990
0.206720	328.192993
0.206800	288.467987
0.206880	257.910004
0.206960	202.906006
0.207040	117.344002
0.207120	10.391600
0.207200	-90.449303
0.207280	-136.285995
0.207360	-96.560898
0.207440	19.559000
0.207520	175.404007
0.207600	303.747009
0.207680	386.252991
0.207760	432.089996
0.207840	474.871002
0.207920	523.763977
0.208000	557.377014
0.208080	514.596008
0.208160	374.029999
0.208240	181.516006
0.208320	37.893700
0.208400	-1.831520
0.208480	34.837898
0.208560	80.674698
0.208640	65.395798
0.208720	-7.943090
0.208800	-102.671997
0.208880	-151.565002
0.208960	-105.727997
0.209040	19.559000
0.209120	205.962006
0.209200	380.141998
0.209280	499.316986
0.209360	526.820007
0.209440	487.093994
0.209520	401.532013
0.209600	315.970001
0.209680	224.296997
0.209760	120.400002
0.209840	4.280060
0.209920	-87.393501
0.210000	-151.565002
0.210080	-231.016006
0.210160	-310.466003
0.210240	-365.470001
0.210320	-337.967987
0.210400	-218.792007
0.210480	-62.947201
0.210560	65.395798
0.210640	126.512001
0.210720	154.014008
0.210800	199.850006
0.210880	260.966003
0.210960	294.579987
0.211040	267.078003
0.211120	212.072998
0.211200	144.845993
0.211280	126.512001
0.211360	129.567001
0.211440	108.177002
0.211520	44.005299
0.211600	-56.835701
0.211680	-169.899994
0.211760	-246.294006
0.211840	-273.796997
0.211920	-234.070999
0.212000	-142.397995
0.212080	-20.166201
0.212160	95.953598
0.212240	205.962006
0.212320	300.691010
0.212400	364.863007
0.212480	432.089996
0.212560	480.983002
0.212640	508.484985
0.212720	505.428986
0.212800	462.648010
0.212880	401.532013
0.212960	319.026001
0.213040	202.906006
0.213120	68.451599
0.213200	-81.281998
0.213280	-212.681000
0.213360	-298.243011
0.213440	-313.522003
0.213520	-292.131012
0.213600	-231.016006
0.213680	-130.175003
0.213760	19.559000
0.213840	190.682999
0.213920	328.192993
0.214000	425.979004
0.214080	496.261993
0.214160	569.601013
0.214240	652.106995
0.214320	688.776001
0.214400	627.659973
0.214480	441.257996
0.214560	199.850006
0.214640	-23.222000
0.214720	-188.235001
0.214800	-331.855988
0.214880	-493.812988
0.214960	-692.439026
0.215040	-881.898010
0.215120	-982.739014
0.215200	-973.572021
0.215280	-906.343994
0.215360	-869.674988
0.215440	-894.120972
0.215520	-921.622986
0.215600	-881.898010
0.215680	-747.442993
0.215760	-527.427002
0.215840	-279.907990
0.215920	-90.449303
0.216000	-4.887300
0.216080	-29.333599
0.216160	-127.119003
0.216240	-237.126999
0.216320	-325.744995
0.216400	-386.860992
0.216480	-444.920990
0.216560	-524.370972
0.216640	-585.487000
0.216720	-588.543030
0.216800	-481.589996
0.216880	-258.518005
0.216960	13.447400
0.217040	224.296997
0.217120	312.914001
0.217200	309.859009
0.217280	294.579987
0.217360	309.859009
0.217440	328.192993
0.217520	300.691010
0.217600	196.794998
0.217680	68.451599
0.217760	-14.054700
0.217840	-41.556702
0.217920	-26.277800
0.218000	-7.943090
0.218080	-7.943090
0.218160	-35.445202
0.218240	-93.505096
0.218320	-154.621002
0.218400	-203.513000
0.218480	-188.235001
0.218560	-72.114601
0.218640	123.456001
0.218720	300.691010
0.218800	361.807007
0.218880	279.300995
0.218960	120.400002
0.219040	-10.998900
0.219120	-41.556702
0.219200	-26.277800
0.219280	-35.445202
0.219360	-117.950996
0.219440	-276.851990
0.219520	-426.585999
0.219600	-512.148010
0.219680	-527.427002
0.219760	-512.148010
0.219840	-518.258972
0.219920	-551.872986
0.220000	-582.431030
0.220080	-582.431030
0.220160	-554.929016
0.220240	-490.756989
0.220320	-414.363007
0.220400	-344.079987
0.220480	-295.187012
0.220560	-292.131012
0.220640	-328.800995
0.220720	-380.748993
0.220800	-411.307007
0.220880	-396.028015
0.220960	-362.414001
0.221040	-356.303009
0.221120	-408.251007
0.221200	-518.258972
0.221280	-643.546997
0.221360	-738.276001
0.221440	-781.057007
0.221520	-759.666992
0.221600	-658.825989
0.221680	-518.258972
0.221760	-380.748993
0.221840	-255.462006
0.221920	-160.731995
0.222000	-102.671997
0.222080	-56.835701
0.222160	-26.277800
0.222240	-14.054700
0.222320	1.224270
0.222400	13.447400
0.222480	28.726299
0.222560	34.837898
0.222640	28.726299
0.222720	1.224270
0.222800	-32.389400
0.222880	-87.393501
0.222960	-179.067001
0.223040	-322.688995
0.223120	-469.367004
0.223200	-561.039978
0.223280	-536.593994
0.223360	-389.915985
0.223440	-185.179001
0.223520	-7.943090
0.223600	99.009399
0.223680	166.237000
0.223760	218.184998
0.223840	260.966003
0.223920	260.966003
0.224000	215.128998
0.224080	154.014008
0.224160	120.400002
0.224240	126.512001
0.224320	132.623001
0.224400	89.842102
0.224480	16.503201
0.224560	-47.668301
0.224640	-59.891499
0.224720	-17.110500
0.224800	10.391600
0.224880	-17.110500
0.224960	-111.839996
0.225040	-215.737000
0.225120	-276.851990
0.225200	-261.572998
0.225280	-169.899994
0.225360	-50.724098
0.225440	77.618896
0.225520	190.682999
0.225600	251.798996
0.225680	254.854004
0.225760	230.408005
0.225840	221.240997
0.225920	245.686996
0.226000	260.966003
0.226080	175.404007
0.226160	-32.389400
0.226240	-286.019989
0.226320	-444.920990
0.226400	-444.920990
0.226480	-350.191010
0.226560	-261.572998
0.226640	-258.518005
0.226720	-310.466003
0.226800	-325.744995
0.226880	-286.019989
0.226960	-234.070999
0.227040	-218.792007
0.227120	-243.238998
0.227200	-270.740997
0.227280	-273.796997
0.227360	-246.294006
0.227440	-182.123001
0.227520	-72.114601
0.227600	71.507401
0.227680	187.626999
0.227760	190.682999
0.227840	56.228401
0.227920	-148.509003
0.228000	-295.187012
0.228080	-341.023987
0.228160	-307.410004
0.228240	-261.572998
0.228320	-224.904007
0.228400	-191.289993
0.228480	-127.119003
0.228560	-32.389400
0.228640	65.395798
0.228720	135.679001
0.228800	175.404007
0.228880	184.570999
0.228960	199.850006
0.229040	218.184998
0.229120	242.630997
0.229200	264.022003
0.229280	267.078003
0.229360	224.296997
0.229440	147.901993
0.229520	95.953598
0.229600	92.897903
0.229680	157.069000
0.229760	227.352005
0.229840	251.798996
0.229920	224.296997
0.230000	184.570999
0.230080	178.460007
0.230160	215.128998
0.230240	267.078003
0.230320	315.970001
0.230400	285.411987
0.230480	205.962006
0.230560	92.897903
0.230640	4.280060
0.230720	-29.333599
0.230800	-7.943090
0.230880	28.726299
0.230960	62.340000
0.231040	59.284199
0.231120	16.503201
0.231200	-26.277800
0.231280	-35.445202
0.231360	4.280060
0.231440	92.897903
0.231520	224.296997
0.231600	364.863007
0.231680	493.205994
0.231760	597.103027
0.231840	673.497009
0.231920	697.943970
0.232000	652.106995
0.232080	514.596008
0.232160	319.026001
0.232240	123.456001
0.232320	-10.998900
0.232400	-90.449303
0.232480	-133.229996
0.232560	-160.731995
0.232640	-200.457993
0.232720	-252.406006
0.232800	-276.851990
0.232880	-279.907990
0.232960	-218.792007
0.233040	-93.505096
0.233120	53.172600
0.233200	147.901993
0.233280	178.460007
0.233360	172.348007
0.233440	205.962006
0.233520	325.138000
0.233600	474.871002
0.233680	587.934998
0.233760	627.659973
0.233840	606.270020
0.233920	590.991028
0.234000	587.934998
0.234080	578.768005
0.234160	493.205994
0.234240	349.584015
0.234320	184.570999
0.234400	77.618896
0.234480	53.172600
0.234560	80.674698
0.234640	102.065002
0.234720	108.177002
0.234800	111.233002
0.234880	147.901993
0.234960	212.072998
0.235040	264.022003
0.235120	276.244995
0.235200	233.464005
0.235280	178.460007
0.235360	126.512001
0.235440	132.623001
0.235520	202.906006
0.235600	322.082001
0.235680	477.927002
0.235760	633.771973
0.235840	722.390015
0.235920	707.111023
0.236000	603.213989
0.236080	493.205994
0.236160	465.704010
0.236240	539.043030
0.236320	658.218018
0.236400	752.947998
0.236480	783.505981
0.236560	756.002991
0.236640	719.333984
0.236720	694.888000
0.236800	707.111023
0.236880	734.612976
0.236960	743.780029
0.237040	688.776001
0.237120	545.153992
0.237200	349.584015
0.237280	193.738998
0.237360	178.460007
0.237440	328.192993
0.237520	557.377014
0.237600	740.724976
0.237680	807.952026
0.237760	746.835999
0.237840	649.051025
0.237920	581.823975
0.238000	566.544983
0.238080	554.322021
0.238160	520.708008
0.238240	471.815002
0.238320	441.257996
0.238400	465.704010
0.238480	520.708008
0.238560	572.656006
0.238640	587.934998
0.238720	560.432983
0.238800	502.372986
0.238880	453.480988
0.238960	432.089996
0.239040	438.201996
0.239120	459.592010
0.239200	462.648010
0.239280	441.257996
0.239360	389.308990
0.239440	334.304993
0.239520	297.635986
0.239600	328.192993
0.239680	410.700012
0.239760	520.708008
0.239840	600.158020
0.239920	603.213989
0.240000	517.651978
0.240080	404.588013
0.240160	312.914001
0.240240	300.691010
0.240320	352.640015
0.240400	395.420990
0.240480	377.085999
0.240560	294.579987
0.240640	215.128998
0.240720	230.408005
0.240800	349.584015
0.240880	462.648010
0.240960	465.704010
0.241040	331.248993
0.241120	102.065002
0.241200	-78.226196
0.241280	-145.453995
0.241360	-78.226196
0.241440	74.563103
0.241520	245.686996
0.241600	407.644012
0.241680	545.153992
0.241760	624.604980
0.241840	645.994995
0.241920	645.994995
0.242000	633.771973
0.242080	600.158020
0.242160	526.820007
0.242240	383.197998
0.242320	193.738998
0.242400	44.005299
0.242480	-10.998900
0.242560	28.726299
0.242640	108.177002
0.242720	169.292999
0.242800	181.516006
0.242880	181.516006
0.242960	175.404007
0.243040	175.404007
0.243120	160.125000
0.243200	157.069000
0.243280	202.906006
0.243360	306.803009
0.243440	438.201996
0.243520	532.931030
0.243600	535.987000
0.243680	447.368988
0.243760	337.360992
0.243840	242.630997
0.243920	184.570999
0.244000	141.789993
0.244080	95.953598
0.244160	34.837898
0.244240	-26.277800
0.244320	-69.058800
0.244400	-75.170403
0.244480	-23.222000
0.244560	89.842102
0.244640	257.910004
0.244720	429.033997
0.244800	557.377014
0.244880	609.325989
0.244960	572.656006
0.245040	499.316986
0.245120	435.145996
0.245200	395.420990
0.245280	343.471985
0.245360	236.520004
0.245440	62.340000
0.245520	-121.007004
0.245600	-249.350006
0.245680	-295.187012
0.245760	-286.019989
0.245840	-264.628998
0.245920	-273.796997
0.246000	-328.800995
0.246080	-417.417999
0.246160	-496.868988
0.246240	-524.370972
0.246320	-447.976013
0.246400	-267.684998
0.246480	-20.166201
0.246560	224.296997
0.246640	404.588013
0.246720	532.931030
0.246800	612.382019
0.246880	664.330017
0.246960	661.273987
0.247040	609.325989
0.247120	465.704010
0.247200	279.300995
0.247280	99.009399
0.247360	-14.054700
0.247440	-87.393501
0.247520	-154.621002
0.247600	-270.740997
0.247680	-447.976013
0.247760	-634.379028
0.247840	-793.280029
0.247920	-866.619019
0.248000	-845.229004
0.248080	-738.276001
0.248160	-588.543030
0.248240	-417.417999
0.248320	-249.350006
0.248400	-93.505096
0.248480	65.395798
0.248560	218.184998
0.248640	331.248993
0.248720	349.584015
0.248800	257.910004
0.248880	92.897903
0.248960	-75.170403
0.249040	-191.289993
0.249120	-264.628998
0.249200	-344.079987
0.249280	-447.976013
0.249360	-576.318970
0.249440	-674.104980
0.249520	-692.439026
0.249600	-619.099976
0.249680	-496.868988
0.249760	-368.526001
0.249840	-286.019989
0.249920	-252.406006
0.250000	-246.294006
0.250080	-200.457993
0.250160	-62.947201
0.250240	147.901993
0.250320	337.360992
0.250400	419.867004
0.250480	349.584015
0.250560	166.237000
0.250640	-35.445202
0.250720	-188.235001
0.250800	-286.019989
0.250880	-371.582001
0.250960	-496.868988
0.251040	-655.770020
0.251120	-814.671021
0.251200	-900.232971
0.251280	-884.953979
0.251360	-759.666992
0.251440	-573.263977
0.251520	-396.028015
0.251600	-270.740997
0.251680	-206.569000
0.251760	-151.565002
0.251840	-59.891499
0.251920	95.953598
0.252000	257.910004
0.252080	349.584015
0.252160	337.360992
0.252240	248.742996
0.252320	126.512001
0.252400	-10.998900
0.252480	-145.453995
0.252560	-282.963989
0.252640	-438.808990
0.252720	-585.487000
0.252800	-689.382996
0.252880	-756.611023
0.252960	-787.169006
0.253040	-793.280029
0.253120	-756.611023
0.253200	-698.551025
0.253280	-622.156006
0.253360	-527.427002
0.253440	-426.585999
0.253520	-313.522003
0.253600	-203.513000
0.253680	-124.063004
0.253760	-108.783997
0.253840	-136.285995
0.253920	-191.289993
0.254000	-209.625000
0.254080	-200.457993
0.254160	-169.899994
0.254240	-179.067001
0.254320	-249.350006
0.254400	-368.526001
0.254480	-521.315002
0.254560	-652.713989
0.254640	-726.052979
0.254720	-732.164001
0.254800	-671.049011
0.254880	-582.431030
0.254960	-487.701996
0.255040	-417.417999
0.255120	-380.748993
0.255200	-386.860992
0.255280	-414.363007
0.255360	-454.088013
0.255440	-493.812988
0.255520	-533.538025
0.255600	-606.877014
0.255680	-707.718018
0.255760	-814.671021
0.255840	-894.120972
0.255920	-930.791016
0.256000	-955.237000
0.256080	-976.627014
0.256160	-991.906006
0.256240	-994.961975
0.256320	-964.403992
0.256400	-921.622986
0.256480	-875.786011
0.256560	-790.223999
0.256640	-680.216003
0.256720	-551.872986
0.256800	-432.696991
0.256880	-331.855988
0.256960	-237.126999
0.257040	-136.285995
0.257120	-32.389400
0.257200	28.726299
0.257280	13.447400
0.257360	-75.170403
0.257440	-169.899994
0.257520	-218.792007
0.257600	-224.904007
0.257680	-218.792007
0.257760	-234.070999
0.257840	-304.354004
0.257920	-386.860992
0.258000	-447.976013
0.258080	-463.255005
0.258160	-438.808990
0.258240	-377.692993
0.258320	-319.632996
0.258400	-255.462006
0.258480	-206.569000
0.258560	-163.787994
0.258640	-124.063004
0.258720	-69.058800
0.258800	7.335840
0.258880	92.897903
0.258960	160.125000
0.259040	184.570999
0.259120	172.348007
0.259200	135.679001
0.259280	132.623001
0.259360	160.125000
0.259440	172.348007
0.259520	120.400002
0.259600	-14.054700
0.259680	-166.843994
0.259760	-246.294006
0.259840	-237.126999
0.259920	-182.123001
0.260000	-148.509003
0.260080	-191.289993
0.260160	-289.075012
0.260240	-368.526001
0.260320	-402.140015
0.260400	-399.084015
0.260480	-392.971985
0.260560	-411.307007
0.260640	-469.367004
0.260720	-557.984985
0.260800	-655.770020
0.260880	-698.551025
0.260960	-643.546997
0.261040	-502.980011
0.261120	-331.855988
0.261200	-191.289993
0.261280	-127.119003
0.261360	-99.616699
0.261440	-69.058800
0.261520	13.447400
0.261600	120.400002
0.261680	224.296997
0.261760	285.411987
0.261840	306.803009
0.261920	285.411987
0.262000	233.464005
0.262080	154.014008
0.262160	50.116901
0.262240	-4.887300
0.262320	-1.831520
0.262400	53.172600
0.262480	111.233002
0.262560	120.400002
0.262640	59.284199
0.262720	-50.724098
0.262800	-163.787994
0.262880	-255.462006
0.262960	-316.578003
0.263040	-347.135010
0.263120	-350.191010
0.263200	-319.632996
0.263280	-237.126999
0.263360	-145.453995
0.263440	-81.281998
0.263520	-78.226196
0.263600	-111.839996
0.263680	-124.063004
0.263760	-62.947201
0.263840	47.061100
0.263920	126.512001
0.264000	132.623001
0.264080	65.395798
0.264160	-10.998900
0.264240	-47.668301
0.264320	-26.277800
0.264400	19.559000
0.264480	56.228401
0.264560	80.674698
0.264640	65.395798
0.264720	25.670601
0.264800	-17.110500
0.264880	-41.556702
0.264960	-38.500999
0.265040	-17.110500
0.265120	1.224270
0.265200	-10.998900
0.265280	-66.002998
0.265360	-142.397995
0.265440	-179.067001
0.265520	-142.397995
0.265600	-29.333599
0.265680	102.065002
0.265760	202.906006
0.265840	233.464005
0.265920	209.018005
0.266000	184.570999
0.266080	209.018005
0.266160	279.300995
0.266240	374.029999
0.266320	447.368988
0.266400	496.261993
0.266480	529.875000
0.266560	532.931030
0.266640	499.316986
0.266720	413.755005
0.266800	279.300995
0.266880	138.735001
0.266960	19.559000
0.267040	-59.891499
0.267120	-121.007004
0.267200	-182.123001
0.267280	-267.684998
0.267360	-347.135010
0.267440	-420.473999
0.267520	-451.032013
0.267600	-423.529999
0.267680	-353.247009
0.267760	-267.684998
0.267840	-191.289993
0.267920	-139.341995
0.268000	-93.505096
0.268080	-10.998900
0.268160	126.512001
0.268240	325.138000
0.268320	545.153992
0.268400	722.390015
0.268480	814.062988
0.268560	795.729004
0.268640	700.999023
0.268720	569.601013
0.268800	462.648010
0.268880	380.141998
0.268960	331.248993
0.269040	294.579987
0.269120	242.630997
0.269200	166.237000
0.269280	86.786301
0.269360	47.061100
0.269440	65.395798
0.269520	154.014008
0.269600	267.078003
0.269680	364.863007
0.269760	413.755005
0.269840	401.532013
0.269920	364.863007
0.270000	340.416992
0.270080	358.751007
0.270160	386.252991
0.270240	389.308990
0.270320	349.584015
0.270400	257.910004
0.270480	163.181000
0.270560	99.009399
0.270640	68.451599
0.270720	56.228401
0.270800	47.061100
0.270880	37.893700
0.270960	34.837898
0.271040	59.284199
0.271120	105.121002
0.271200	166.237000
0.271280	227.352005
0.271360	297.635986
0.271440	367.919006
0.271520	419.867004
0.271600	444.312988
0.271680	438.201996
0.271760	425.979004
0.271840	407.644012
0.271920	392.364990
0.272000	383.197998
0.272080	346.528015
0.272160	279.300995
0.272240	187.626999
0.272320	80.674698
0.272400	-4.887300
0.272480	-53.779900
0.272560	-41.556702
0.272640	-10.998900
0.272720	34.837898
0.272800	77.618896
0.272880	126.512001
0.272960	215.128998
0.273040	340.416992
0.273120	505.428986
0.273200	667.385986
0.273280	777.393982
0.273360	829.341980
0.273440	832.398010
0.273520	814.062988
0.273600	801.840027
0.273680	768.226990
0.273760	704.054993
0.273840	590.991028
0.273920	425.979004
0.274000	251.798996
0.274080	89.842102
0.274160	-26.277800
0.274240	-102.671997
0.274320	-154.621002
0.274400	-185.179001
0.274480	-179.067001
0.274560	-130.175003
0.274640	-29.333599
0.274720	95.953598
0.274800	233.464005
0.274880	377.085999
0.274960	511.540985
0.275040	645.994995
0.275120	749.892029
0.275200	807.952026
0.275280	841.565002
0.275360	835.453979
0.275440	798.783997
0.275520	710.166992
0.275600	557.377014
0.275680	370.973999
0.275760	181.516006
0.275840	22.614799
0.275920	-62.947201
0.276000	-93.505096
0.276080	-99.616699
0.276160	-121.007004
0.276240	-145.453995
0.276320	-148.509003
0.276400	-108.783997
0.276480	-7.943090
0.276560	117.344002
0.276640	227.352005
0.276720	288.467987
0.276800	300.691010
0.276880	273.188995
0.276960	251.798996
0.277040	242.630997
0.277120	254.854004
0.277200	236.520004
0.277280	181.516006
0.277360	71.507401
0.277440	-20.166201
0.277520	-62.947201
0.277600	-32.389400
0.277680	25.670601
0.277760	89.842102
0.277840	117.344002
0.277920	129.567001
0.278000	160.125000
0.278080	212.072998
0.278160	251.798996
0.278240	254.854004
0.278320	196.794998
0.278400	108.177002
0.278480	31.782101
0.278560	1.224270
0.278640	7.335840
0.278720	44.005299
0.278800	83.730499
0.278880	117.344002
0.278960	144.845993
0.279040	160.125000
0.279120	160.125000
0.279200	147.901993
0.279280	129.567001
0.279360	105.121002
0.279440	71.507401
0.279520	47.061100
0.279600	47.061100
0.279680	89.842102
0.279760	157.069000
0.279840	209.018005
0.279920	218.184998
0.280000	184.570999
0.280080	141.789993
0.280160	111.233002
0.280240	89.842102
0.280320	62.340000
0.280400	22.614799
0.280480	-7.943090
0.280560	10.391600
0.280640	80.674698
0.280720	163.181000
0.280800	196.794998
0.280880	154.014008
0.280960	50.116901
0.281040	-59.891499
0.281120	-145.453995
0.281200	-197.401993
0.281280	-215.737000
0.281360	-209.625000
0.281440	-179.067001
0.281520	-142.397995
0.281600	-99.616699
0.281680	-72.114601
0.281760	-41.556702
0.281840	-32.389400
0.281920	-35.445202
0.282000	-56.835701
0.282080	-99.616699
0.282160	-111.839996
0.282240	-108.783997
0.282320	-78.226196
0.282400	-62.947201
0.282480	-78.226196
0.282560	-121.007004
0.282640	-154.621002
0.282720	-121.007004
0.282800	-41.556702
0.282880	47.061100
0.282960	92.897903
0.283040	83.730499
0.283120	16.503201
0.283200	-41.556702
0.283280	-75.170403
0.283360	-87.393501
0.283440	-99.616699
0.283520	-127.119003
0.283600	-169.899994
0.283680	-185.179001
0.283760	-166.843994
0.283840	-124.063004
0.283920	-90.449303
0.284000	-62.947201
0.284080	-59.891499
0.284160	-72.114601
0.284240	-93.505096
0.284320	-105.727997
0.284400	-96.560898
0.284480	-53.779900
0.284560	7.335840
0.284640	40.949501
0.284720	25.670601
0.284800	-20.166201
0.284880	-62.947201
0.284960	-99.616699
0.285040	-127.119003
0.285120	-169.899994
0.285200	-206.569000
0.285280	-215.737000
0.285360	-163.787994
0.285440	-78.226196
0.285520	28.726299
0.285600	114.288002
0.285680	157.069000
0.285760	141.789993
0.285840	83.730499
0.285920	1.224270
0.286000	-75.170403
0.286080	-111.839996
0.286160	-96.560898
0.286240	-50.724098
0.286320	-10.998900
0.286400	4.280060
0.286480	4.280060
0.286560	-17.110500
0.286640	-41.556702
0.286720	-96.560898
0.286800	-176.011002
0.286880	-240.182999
0.286960	-267.684998
0.287040	-240.182999
0.287120	-203.513000
0.287200	-169.899994
0.287280	-142.397995
0.287360	-117.950996
0.287440	-84.337700
0.287520	-53.779900
0.287600	-20.166201
0.287680	31.782101
0.287760	120.400002
0.287840	230.408005
0.287920	319.026001
0.288000	364.863007
0.288080	355.695007
0.288160	319.026001
0.288240	291.523987
0.288320	236.520004
0.288400	157.069000
0.288480	40.949501
0.288560	-84.337700
0.288640	-191.289993
0.288720	-276.851990
0.288800	-365.470001
0.288880	-481.589996
0.288960	-612.989014
0.289040	-716.885986
0.289120	-744.388000
0.289200	-695.494995
0.289280	-594.653992
0.289360	-466.311005
0.289440	-337.967987
0.289520	-224.904007
0.289600	-142.397995
0.289680	-84.337700
0.289760	-41.556702
0.289840	1.224270
0.289920	50.116901
0.290000	108.177002
0.290080	178.460007
0.290160	230.408005
0.290240	273.188995
0.290320	334.304993
0.290400	389.308990
0.290480	395.420990
0.290560	352.640015
0.290640	227.352005
0.290720	68.451599
0.290800	-72.114601
0.290880	-139.341995
0.290960	-145.453995
0.291040	-96.560898
0.291120	-44.612499
0.291200	-35.445202
0.291280	-66.002998
0.291360	-111.839996
0.291440	-114.896004
0.291520	-59.891499
0.291600	40.949501
0.291680	154.014008
0.291760	236.520004
0.291840	282.356995
0.291920	312.914001
0.292000	349.584015
0.292080	395.420990
0.292160	444.312988
0.292240	453.480988
0.292320	416.811005
0.292400	331.248993
0.292480	233.464005
0.292560	135.679001
0.292640	59.284199
0.292720	1.224270
0.292800	-38.500999
0.292880	-59.891499
0.292960	-81.281998
0.293040	-108.783997
0.293120	-142.397995
0.293200	-169.899994
0.293280	-160.731995
0.293360	-117.950996
0.293440	-56.835701
0.293520	-4.887300
0.293600	4.280060
0.293680	-4.887300
0.293760	-50.724098
0.293840	-75.170403
0.293920	-62.947201
0.294000	-7.943090
0.294080	86.786301
0.294160	175.404007
0.294240	218.184998
0.294320	199.850006
0.294400	147.901993
0.294480	95.953598
0.294560	56.228401
0.294640	28.726299
0.294720	-17.110500
0.294800	-84.337700
0.294880	-139.341995
0.294960	-148.509003
0.295040	-93.505096
0.295120	1.224270
0.295200	89.842102
0.295280	126.512001
0.295360	105.121002
0.295440	37.893700
0.295520	-38.500999
0.295600	-102.671997
0.295680	-105.727997
0.295760	-59.891499
0.295840	22.614799
0.295920	120.400002
0.296000	215.128998
0.296080	294.579987
0.296160	367.919006
0.296240	386.252991
0.296320	349.584015
0.296400	291.523987
0.296480	251.798996
0.296560	276.244995
0.296640	340.416992
0.296720	395.420990
0.296800	429.033997
0.296880	413.755005
0.296960	352.640015
0.297040	303.747009
0.297120	270.132996
0.297200	267.078003
0.297280	267.078003
0.297360	251.798996
0.297440	224.296997
0.297520	196.794998
0.297600	181.516006
0.297680	209.018005
0.297760	245.686996
0.297840	279.300995
0.297920	270.132996
0.298000	230.408005
0.298080	175.404007
0.298160	123.456001
0.298240	83.730499
0.298320	53.172600
0.298400	7.335840
0.298480	-53.779900
0.298560	-117.950996
0.298640	-154.621002
0.298720	-139.341995
0.298800	-69.058800
0.298880	22.614799
0.298960	95.953598
0.299040	129.567001
0.299120	123.456001
0.299200	80.674698
0.299280	44.005299
0.299360	16.503201
0.299440	37.893700
0.299520	95.953598
0.299600	166.237000
0.299680	227.352005
0.299760	276.244995
0.299840	334.304993
0.299920	398.476990
0.300000	462.648010
0.300080	471.815002
0.300160	370.973999
0.300240	184.570999
0.300320	13.447400
0.300400	-84.337700
0.300480	-93.505096
0.300560	-62.947201
0.300640	-50.724098
0.300720	-72.114601
0.300800	-102.671997
0.300880	-93.505096
0.300960	-1.831520
0.301040	157.069000
0.301120	349.584015
0.301200	493.205994
0.301280	551.265991
0.301360	520.708008
0.301440	441.257996
0.301520	380.141998
0.301600	361.807007
0.301680	383.197998
0.301760	386.252991
0.301840	331.248993
0.301920	230.408005
0.302000	105.121002
0.302080	-14.054700
0.302160	-108.783997
0.302240	-194.345993
0.302320	-286.019989
0.302400	-380.748993
0.302480	-432.696991
0.302560	-423.529999
0.302640	-328.800995
0.302720	-194.345993
0.302800	-78.226196
0.302880	-7.943090
0.302960	34.837898
0.303040	77.618896
0.303120	120.400002
0.303200	154.014008
0.303280	160.125000
0.303360	160.125000
0.303440	166.237000
0.303520	190.682999
0.303600	224.296997
0.303680	264.022003
0.303760	273.188995
0.303840	245.686996
0.303920	163.181000
0.304000	50.116901
0.304080	-87.393501
0.304160	-227.960007
0.304240	-331.855988
0.304320	-377.692993
0.304400	-359.359009
0.304480	-270.740997
0.304560	-136.285995
0.304640	-7.943090
0.304720	86.786301
0.304800	123.456001
0.304880	135.679001
0.304960	150.957993
0.305040	181.516006
0.305120	199.850006
0.305200	209.018005
0.305280	196.794998
0.305360	172.348007
0.305440	160.125000
0.305520	132.623001
0.305600	86.786301
0.305680	16.503201
0.305760	-41.556702
0.305840	-66.002998
0.305920	-20.166201
0.306000	47.061100
0.306080	141.789993
0.306160	218.184998
0.306240	260.966003
0.306320	257.910004
0.306400	212.072998
0.306480	172.348007
0.306560	129.567001
0.306640	83.730499
0.306720	31.782101
0.306800	-20.166201
0.306880	-72.114601
0.306960	-114.896004
0.307040	-182.123001
0.307120	-246.294006
0.307200	-298.243011
0.307280	-313.522003
0.307360	-267.684998
0.307440	-160.731995
0.307520	-38.500999
0.307600	74.563103
0.307680	157.069000
0.307760	227.352005
0.307840	297.635986
0.307920	370.973999
0.308000	413.755005
0.308080	398.476990
0.308160	322.082001
0.308240	215.128998
0.308320	95.953598
0.308400	-1.831520
0.308480	-99.616699
0.308560	-203.513000
0.308640	-289.075012
0.308720	-350.191010
0.308800	-374.636993
0.308880	-386.860992
0.308960	-399.084015
0.309040	-414.363007
0.309120	-402.140015
0.309200	-325.744995
0.309280	-185.179001
0.309360	-14.054700
0.309440	154.014008
0.309520	273.188995
0.309600	340.416992
0.309680	352.640015
0.309760	349.584015
0.309840	331.248993
0.309920	312.914001
0.310000	291.523987
