-0.020000	-0.002480
-0.019920	-0.002480
-0.019840	-0.002480
-0.019760	-0.000496
-0.019680	-0.000496
-0.019600	-0.000496
-0.019520	-0.002480
-0.019440	-0.000496
-0.019360	0.001487
-0.019280	-0.000496
-0.019200	-0.002480
-0.019120	-0.002480
-0.019040	-0.002480
-0.018960	-0.000496
-0.018880	-0.000496
-0.018800	0.001487
-0.018720	-0.000496
-0.018640	-0.000496
-0.018560	0.001487
-0.018480	0.001487
-0.018400	0.001487
-0.018320	0.001487
-0.018240	0.003470
-0.018160	0.001487
-0.018080	0.001487
-0.018000	-0.000496
-0.017920	0.003470
-0.017840	0.003470
-0.017760	0.001487
-0.017680	0.001487
-0.017600	-0.000496
-0.017520	-0.000496
-0.017440	0.003470
-0.017360	-0.000496
-0.017280	-0.002480
-0.017200	-0.000496
-0.017120	-0.000496
-0.017040	0.003470
-0.016960	-0.000496
-0.016880	-0.002480
-0.016800	-0.000496
-0.016720	0.001487
-0.016640	0.001487
-0.016560	0.001487
-0.016480	0.001487
-0.016400	0.003470
-0.016320	-0.000496
-0.016240	0.001487
-0.016160	-0.002480
-0.016080	-0.000496
-0.016000	-0.000496
-0.015920	0.001487
-0.015840	-0.000496
-0.015760	-0.000496
-0.015680	-0.000496
-0.015600	0.001487
-0.015520	-0.000496
-0.015440	-0.000496
-0.015360	0.003470
-0.015280	-0.000496
-0.015200	-0.000496
-0.015120	0.001487
-0.015040	-0.000496
-0.014960	-0.000496
-0.014880	0.001487
-0.014800	-0.000496
-0.014720	-0.000496
-0.014640	0.001487
-0.014560	0.001487
-0.014480	-0.000496
-0.014400	0.001487
-0.014320	-0.000496
-0.014240	0.001487
-0.014160	-0.000496
-0.014080	0.001487
-0.014000	-0.000496
-0.013920	-0.000496
-0.013840	0.003470
-0.013760	-0.002480
-0.013680	-0.000496
-0.013600	-0.000496
-0.013520	-0.000496
-0.013440	-0.000496
-0.013360	-0.000496
-0.013280	-0.000496
-0.013200	0.001487
-0.013120	-0.000496
-0.013040	0.001487
-0.012960	0.001487
-0.012880	0.001487
-0.012800	-0.000496
-0.012720	-0.002480
-0.012640	-0.000496
-0.012560	0.001487
-0.012480	-0.000496
-0.012400	-0.000496
-0.012320	0.001487
-0.012240	0.001487
-0.012160	-0.000496
-0.012080	0.001487
-0.012000	-0.000496
-0.011920	0.001487
-0.011840	0.001487
-0.011760	-0.000496
-0.011680	0.003470
-0.011600	-0.000496
-0.011520	-0.002480
-0.011440	0.001487
-0.011360	-0.000496
-0.011280	-0.000496
-0.011200	0.001487
-0.011120	-0.000496
-0.011040	-0.002480
-0.010960	0.001487
-0.010880	-0.000496
-0.010800	0.001487
-0.010720	0.001487
-0.010640	-0.000496
-0.010560	-0.002480
-0.010480	0.001487
-0.010400	0.001487
-0.010320	-0.000496
-0.010240	-0.000496
-0.010160	-0.000496
-0.010080	0.001487
-0.010000	0.001487
-0.009920	-0.000496
-0.009840	0.001487
-0.009760	-0.000496
-0.009680	-0.000496
-0.009600	0.001487
-0.009520	-0.000496
-0.009440	-0.002480
-0.009360	0.001487
-0.009280	0.001487
-0.009200	0.001487
-0.009120	-0.002480
-0.009040	0.003470
-0.008960	0.001487
-0.008880	0.003470
-0.008800	0.003470
-0.008720	0.003470
-0.008640	0.001487
-0.008560	0.001487
-0.008480	0.001487
-0.008400	0.003470
-0.008320	-0.000496
-0.008240	-0.000496
-0.008160	0.001487
-0.008080	0.003470
-0.008000	0.001487
-0.007920	-0.002480
-0.007840	-0.000496
-0.007760	0.001487
-0.007680	0.001487
-0.007600	-0.002480
-0.007520	-0.000496
-0.007440	-0.000496
-0.007360	0.001487
-0.007280	0.001487
-0.007200	0.001487
-0.007120	-0.000496
-0.007040	0.001487
-0.006960	-0.000496
-0.006880	-0.000496
-0.006800	-0.002480
-0.006720	0.003470
-0.006640	0.001487
-0.006560	-0.002480
-0.006480	0.001487
-0.006400	0.001487
-0.006320	0.001487
-0.006240	0.001487
-0.006160	-0.002480
-0.006080	-0.000496
-0.006000	-0.000496
-0.005920	-0.000496
-0.005840	0.003470
-0.005760	-0.000496
-0.005680	0.001487
-0.005600	0.001487
-0.005520	0.001487
-0.005440	-0.000496
-0.005360	-0.000496
-0.005280	0.003470
-0.005200	0.001487
-0.005120	0.001487
-0.005040	0.001487
-0.004960	-0.000496
-0.004880	0.003470
-0.004800	-0.000496
-0.004720	-0.002480
-0.004640	-0.000496
-0.004560	0.001487
-0.004480	-0.002480
-0.004400	-0.000496
-0.004320	-0.000496
-0.004240	-0.000496
-0.004160	-0.000496
-0.004080	0.001487
-0.004000	0.003470
-0.003920	0.001487
-0.003840	-0.000496
-0.003760	-0.000496
-0.003680	0.003470
-0.003600	0.001487
-0.003520	-0.000496
-0.003440	0.003470
-0.003360	-0.000496
-0.003280	-0.000496
-0.003200	-0.002480
-0.003120	0.001487
-0.003040	-0.000496
-0.002960	0.001487
-0.002880	0.003470
-0.002800	0.001487
-0.002720	0.001487
-0.002640	-0.002480
-0.002560	0.001487
-0.002480	0.001487
-0.002400	-0.002480
-0.002320	-0.000496
-0.002240	0.001487
-0.002160	0.001487
-0.002080	0.001487
-0.002000	0.003470
-0.001920	0.003470
-0.001840	0.001487
-0.001760	0.003470
-0.001680	-0.000496
-0.001600	-0.000496
-0.001520	0.001487
-0.001440	0.001487
-0.001360	0.001487
-0.001280	0.001487
-0.001200	-0.000496
-0.001120	0.001487
-0.001040	0.001487
-0.000960	-0.000496
-0.000880	0.001487
-0.000800	-0.000496
-0.000720	0.001487
-0.000640	0.001487
-0.000560	-0.000496
-0.000480	-0.000496
-0.000400	0.001487
-0.000320	-0.000496
-0.000240	-0.000496
-0.000160	0.001487
-0.000080	-0.000496
0.000000	0.001487
0.000080	-0.000496
0.000160	0.001487
0.000240	-0.000496
0.000320	0.001487
0.000400	-0.000496
0.000480	0.001487
0.000560	0.001487
0.000640	-0.000496
0.000720	-0.000496
0.000800	-0.000496
0.000880	-0.000496
0.000960	0.001487
0.001040	0.003470
0.001120	0.001487
0.001200	-0.000496
0.001280	0.003470
0.001360	-0.002480
0.001440	-0.000496
0.001520	0.001487
0.001600	0.001487
0.001680	-0.000496
0.001760	-0.000496
0.001840	-0.002480
0.001920	-0.002480
0.002000	-0.000496
0.002080	-0.002480
0.002160	0.001487
0.002240	0.001487
0.002320	-0.000496
0.002400	-0.002480
0.002480	0.001487
0.002560	-0.000496
0.002640	-0.000496
0.002720	0.001487
0.002800	0.001487
0.002880	-0.002480
0.002960	-0.000496
0.003040	-0.000496
0.003120	-0.000496
0.003200	-0.000496
0.003280	-0.000496
0.003360	0.001487
0.003440	0.001487
0.003520	0.001487
0.003600	-0.000496
0.003680	0.001487
0.003760	0.001487
0.003840	-0.000496
0.003920	-0.004463
0.004000	-0.002480
0.004080	0.001487
0.004160	0.001487
0.004240	-0.000496
0.004320	0.001487
0.004400	-0.000496
0.004480	0.001487
0.004560	-0.000496
0.004640	-0.000496
0.004720	-0.000496
0.004800	-0.000496
0.004880	0.001487
0.004960	-0.000496
0.005040	0.003470
0.005120	0.001487
0.005200	0.001487
0.005280	0.001487
0.005360	-0.002480
0.005440	-0.000496
0.005520	0.003470
0.005600	-0.000496
0.005680	0.001487
0.005760	-0.000496
0.005840	0.001487
0.005920	0.001487
0.006000	0.001487
0.006080	0.001487
0.006160	0.001487
0.006240	0.001487
0.006320	0.001487
0.006400	0.001487
0.006480	-0.002480
0.006560	0.001487
0.006640	-0.000496
0.006720	-0.000496
0.006800	0.001487
0.006880	-0.002480
0.006960	0.001487
0.007040	-0.000496
0.007120	-0.000496
0.007200	0.001487
0.007280	0.001487
0.007360	0.005454
0.007440	-0.004463
0.007520	-0.002480
0.007600	0.007437
0.007680	0.003470
0.007760	0.005454
0.007840	0.003470
0.007920	-0.000496
0.008000	0.001487
0.008080	-0.000496
0.008160	-0.000496
0.008240	0.001487
0.008320	0.003470
0.008400	0.001487
0.008480	-0.000496
0.008560	-0.002480
0.008640	0.003470
0.008720	0.001487
0.008800	0.001487
0.008880	0.001487
0.008960	-0.000496
0.009040	-0.000496
0.009120	-0.002480
0.009200	0.001487
0.009280	0.003470
0.009360	-0.000496
0.009440	0.003470
0.009520	-0.000496
0.009600	-0.000496
0.009680	-0.000496
0.009760	0.001487
0.009840	0.001487
0.009920	-0.004463
0.010000	-0.000496
0.010080	0.001487
0.010160	0.001487
0.010240	-0.002480
0.010320	0.001487
0.010400	0.003470
0.010480	0.001487
0.010560	-0.000496
0.010640	0.001487
0.010720	0.003470
0.010800	0.003470
0.010880	0.003470
0.010960	0.003470
0.011040	0.001487
0.011120	-0.000496
0.011200	0.003470
0.011280	-0.000496
0.011360	0.001487
0.011440	0.001487
0.011520	0.003470
0.011600	-0.000496
0.011680	-0.000496
0.011760	-0.000496
0.011840	0.001487
0.011920	-0.000496
0.012000	0.001487
0.012080	-0.000496
0.012160	-0.000496
0.012240	0.001487
0.012320	-0.000496
0.012400	-0.002480
0.012480	-0.000496
0.012560	-0.000496
0.012640	-0.000496
0.012720	-0.000496
0.012800	-0.002480
0.012880	0.001487
0.012960	-0.000496
0.013040	-0.002480
0.013120	-0.000496
0.013200	-0.000496
0.013280	-0.000496
0.013360	0.001487
0.013440	0.001487
0.013520	0.001487
0.013600	0.001487
0.013680	0.001487
0.013760	0.001487
0.013840	0.001487
0.013920	-0.000496
0.014000	-0.000496
0.014080	-0.000496
0.014160	-0.002480
0.014240	0.001487
0.014320	0.001487
0.014400	-0.000496
0.014480	0.003470
0.014560	0.001487
0.014640	-0.000496
0.014720	-0.000496
0.014800	-0.000496
0.014880	-0.000496
0.014960	-0.000496
0.015040	0.001487
0.015120	0.001487
0.015200	-0.002480
0.015280	0.001487
0.015360	-0.000496
0.015440	0.003470
0.015520	0.001487
0.015600	-0.000496
0.015680	0.001487
0.015760	0.001487
0.015840	0.003470
0.015920	0.005454
0.016000	0.005454
0.016080	0.009421
0.016160	0.015371
0.016240	0.015371
0.016320	0.017354
0.016400	0.021321
0.016480	0.027271
0.016560	0.033222
0.016640	0.043139
0.016720	0.049089
0.016800	0.057023
0.016880	0.066940
0.016960	0.074873
0.017040	0.080824
0.017120	0.088757
0.017200	0.092724
0.017280	0.092724
0.017360	0.092724
0.017440	0.080824
0.017520	0.062973
0.017600	0.031238
0.017680	-0.002480
0.017760	-0.040165
0.017840	-0.069916
0.017920	-0.099667
0.018000	-0.129418
0.018080	-0.159170
0.018160	-0.182971
0.018240	-0.208755
0.018320	-0.236523
0.018400	-0.264291
0.018480	-0.299992
0.018560	-0.345611
0.018640	-0.381312
0.018720	-0.411064
0.018800	-0.432881
0.018880	-0.438832
0.018960	-0.448749
0.019040	-0.466599
0.019120	-0.480483
0.019200	-0.492384
0.019280	-0.508251
0.019360	-0.508251
0.019440	-0.504284
0.019520	-0.496351
0.019600	-0.484450
0.019680	-0.476516
0.019760	-0.470566
0.019840	-0.466599
0.019920	-0.460649
0.020000	-0.454699
0.020080	-0.448749
0.020160	-0.442798
0.020240	-0.436848
0.020320	-0.432881
0.020400	-0.428914
0.020480	-0.424948
0.020560	-0.420981
0.020640	-0.418997
0.020720	-0.420981
0.020800	-0.422964
0.020880	-0.417014
0.020960	-0.418997
0.021040	-0.418997
0.021120	-0.420981
0.021200	-0.420981
0.021280	-0.417014
0.021360	-0.418997
0.021440	-0.418997
0.021520	-0.413047
0.021600	-0.418997
0.021680	-0.418997
0.021760	-0.415031
0.021840	-0.405113
0.021920	-0.381312
0.022000	-0.347594
0.022080	-0.305943
0.022160	-0.254374
0.022240	-0.212722
0.022320	-0.180987
0.022400	-0.159170
0.022480	-0.131402
0.022560	-0.093717
0.022640	-0.044132
0.022720	0.013388
0.022800	0.078840
0.022880	0.140326
0.022960	0.209746
0.023040	0.267265
0.023120	0.316850
0.023200	0.360485
0.023280	0.414038
0.023360	0.475524
0.023440	0.548910
0.023520	0.628247
0.023600	0.709567
0.023680	0.796837
0.023760	0.880141
0.023840	0.967411
0.023920	1.056670
0.024000	1.139970
0.024080	1.231210
0.024160	1.332360
0.024240	1.433510
0.024320	1.538640
0.024400	1.641770
0.024480	1.738960
0.024560	1.840110
0.024640	1.935320
0.024720	2.056310
0.024800	2.175310
0.024880	2.294320
0.024960	2.401420
0.025040	2.508530
0.025120	2.623560
0.025200	2.732650
0.025280	2.851660
0.025360	2.972650
0.025440	3.107520
0.025520	3.244370
0.025600	3.377260
0.025680	3.510150
0.025760	3.641060
0.025840	3.783860
0.025920	3.936590
0.026000	4.091290
0.026080	4.259880
0.026160	4.420540
0.026240	4.575250
0.026320	4.712100
0.026400	4.833090
0.026480	4.956060
0.026560	5.090930
0.026640	5.239690
0.026720	5.388450
0.026800	5.529270
0.026880	5.658190
0.026960	5.777200
0.027040	5.900170
0.027120	6.023140
0.027200	6.142150
0.027280	6.255200
0.027360	6.372220
0.027440	6.489240
0.027520	6.622130
0.027600	6.739150
0.027680	6.856180
0.027760	6.967250
0.027840	7.078320
0.027920	7.189390
0.028000	7.296490
0.028080	7.413520
0.028160	7.522600
0.028240	7.641610
0.028320	7.766560
0.028400	7.899450
0.028480	8.044240
0.028560	8.189030
0.028640	8.325890
0.028720	8.444890
0.028800	8.561910
0.028880	8.686870
0.028960	8.829680
0.029040	8.982400
0.029120	9.137100
0.029200	9.283880
0.029280	9.428670
0.029360	9.561560
0.029440	9.690480
0.029520	9.821380
0.029600	9.954270
0.029680	10.091100
0.029760	10.216100
0.029840	10.339100
0.029920	10.448100
0.030000	10.567100
0.030080	10.692100
0.030160	10.821000
0.030240	10.949900
0.030320	11.074900
0.030400	11.186000
0.030480	11.297000
0.030560	11.412100
0.030640	11.531100
0.030720	11.664000
0.030800	11.790900
0.030880	11.907900
0.030960	12.028900
0.031040	12.151900
0.031120	12.288800
0.031200	12.431600
0.031280	12.556500
0.031360	12.687400
0.031440	12.806400
0.031520	12.935300
0.031600	13.072200
0.031680	13.207100
0.031760	13.338000
0.031840	13.466900
0.031920	13.587900
0.032000	13.706900
0.032080	13.831900
0.032160	13.958800
0.032240	14.093700
0.032320	14.214700
0.032400	14.323700
0.032480	14.420900
0.032560	14.508200
0.032640	14.599400
0.032720	14.690700
0.032800	14.783900
0.032880	14.881100
0.032960	14.974300
0.033040	15.073500
0.033120	15.162700
0.033200	15.248000
0.033280	15.325400
0.033360	15.400700
0.033440	15.472100
0.033520	15.533600
0.033600	15.599100
0.033680	15.664500
0.033760	15.735900
0.033840	15.807300
0.033920	15.870800
0.034000	15.920400
0.034080	15.966000
0.034160	16.017599
0.034240	16.067200
0.034320	16.114799
0.034400	16.156401
0.034480	16.186199
0.034560	16.217899
0.034640	16.249599
0.034720	16.281401
0.034800	16.317101
0.034880	16.354799
0.034960	16.396400
0.035040	16.426201
0.035120	16.461901
0.035200	16.503500
0.035280	16.541201
0.035360	16.569000
0.035440	16.594801
0.035520	16.616600
0.035600	16.638399
0.035680	16.662201
0.035760	16.681999
0.035840	16.703800
0.035920	16.723700
0.036000	16.737600
0.036080	16.757401
0.036160	16.779200
0.036240	16.802999
0.036320	16.832800
0.036400	16.866501
0.036480	16.900200
0.036560	16.920000
0.036640	16.937901
0.036720	16.953800
0.036800	16.971600
0.036880	16.983500
0.036960	17.005301
0.037040	17.027100
0.037120	17.050900
0.037200	17.078699
0.037280	17.108500
0.037360	17.142200
0.037440	17.173901
0.037520	17.201700
0.037600	17.233400
0.037680	17.263201
0.037760	17.300900
0.037840	17.346500
0.037920	17.386101
0.038000	17.425800
0.038080	17.455601
0.038160	17.477400
0.038240	17.503201
0.038320	17.530899
0.038400	17.570601
0.038480	17.610300
0.038560	17.649900
0.038640	17.679701
0.038720	17.709400
0.038800	17.733200
0.038880	17.757000
0.038960	17.786800
0.039040	17.822500
0.039120	17.858200
0.039200	17.893900
0.039280	17.923599
0.039360	17.957399
0.039440	17.991100
0.039520	18.032700
0.039600	18.078400
0.039680	18.114100
0.039760	18.145800
0.039840	18.167601
0.039920	18.183500
0.040000	18.205299
0.040080	18.221201
0.040160	18.248899
0.040240	18.284599
0.040320	18.320299
0.040400	18.350100
0.040480	18.373899
0.040560	18.389700
0.040640	18.403601
0.040720	18.411600
0.040800	18.429399
0.040880	18.443300
0.040960	18.455200
0.041040	18.467100
0.041120	18.476999
0.041200	18.485001
0.041280	18.496901
0.041360	18.504801
0.041440	18.510700
0.041520	18.516701
0.041600	18.520700
0.041680	18.526600
0.041760	18.532600
0.041840	18.532600
0.041920	18.536501
0.042000	18.540501
0.042080	18.544500
0.042160	18.542500
0.042240	18.544500
0.042320	18.546400
0.042400	18.552401
0.042480	18.544500
0.042560	18.548401
0.042640	18.546400
0.042720	18.540501
0.042800	18.534500
0.042880	18.532600
0.042960	18.526600
0.043040	18.526600
0.043120	18.520700
0.043200	18.512699
0.043280	18.502800
0.043360	18.488899
0.043440	18.475000
0.043520	18.453199
0.043600	18.435400
0.043680	18.417500
0.043760	18.401600
0.043840	18.383801
0.043920	18.369900
0.044000	18.346100
0.044080	18.318300
0.044160	18.284599
0.044240	18.243000
0.044320	18.209299
0.044400	18.181499
0.044480	18.151699
0.044560	18.129900
0.044640	18.102200
0.044720	18.060499
0.044800	18.014900
0.044880	17.963301
0.044960	17.923599
0.045040	17.887899
0.045120	17.860201
0.045200	17.822500
0.045280	17.784800
0.045360	17.743200
0.045440	17.715401
0.045520	17.679701
0.045600	17.643999
0.045680	17.606300
0.045760	17.562700
0.045840	17.517000
0.045920	17.477400
0.046000	17.441700
0.046080	17.403999
0.046160	17.364300
0.046240	17.308800
0.046320	17.247299
0.046400	17.187799
0.046480	17.136200
0.046560	17.098499
0.046640	17.058901
0.046720	17.025200
0.046800	16.995399
0.046880	16.969601
0.046960	16.941900
0.047040	16.914101
0.047120	16.876400
0.047200	16.830799
0.047280	16.777201
0.047360	16.723700
0.047440	16.686001
0.047520	16.650299
0.047600	16.614599
0.047680	16.569000
0.047760	16.511499
0.047840	16.448000
0.047920	16.384501
0.048000	16.323000
0.048080	16.273399
0.048160	16.223900
0.048240	16.178200
0.048320	16.132601
0.048400	16.084999
0.048480	16.029499
0.048560	15.966000
0.048640	15.904500
0.048720	15.851000
0.048800	15.805400
0.048880	15.755800
0.048960	15.698200
0.049040	15.634800
0.049120	15.567300
0.049200	15.501900
0.049280	15.448300
0.049360	15.396800
0.049440	15.341200
0.049520	15.281700
0.049600	15.204400
0.049680	15.121100
0.049760	15.039800
0.049840	14.956400
0.049920	14.865200
0.050000	14.779900
0.050080	14.696600
0.050160	14.619300
0.050240	14.537900
0.050320	14.458600
0.050400	14.375300
0.050480	14.284100
0.050560	14.192800
0.050640	14.085700
0.050720	13.966700
0.050800	13.843700
0.050880	13.730700
0.050960	13.625600
0.051040	13.534300
0.051120	13.437200
0.051200	13.338000
0.051280	13.232900
0.051360	13.131700
0.051440	13.018700
0.051520	12.905600
0.051600	12.796500
0.051680	12.697300
0.051760	12.606100
0.051840	12.518800
0.051920	12.431600
0.052000	12.330400
0.052080	12.221300
0.052160	12.116200
0.052240	12.015000
0.052320	11.927800
0.052400	11.860300
0.052480	11.792900
0.052560	11.729400
0.052640	11.654100
0.052720	11.566800
0.052800	11.485500
0.052880	11.406100
0.052960	11.336700
0.053040	11.271300
0.053120	11.209800
0.053200	11.152200
0.053280	11.098700
0.053360	11.045100
0.053440	10.983700
0.053520	10.914200
0.053600	10.848800
0.053680	10.777400
0.053760	10.715900
0.053840	10.660400
0.053920	10.600900
0.054000	10.543300
0.054080	10.483800
0.054160	10.424300
0.054240	10.370800
0.054320	10.325200
0.054400	10.285500
0.054480	10.237900
0.054560	10.194300
0.054640	10.142700
0.054720	10.093100
0.054800	10.035600
0.054880	9.976090
0.054960	9.922540
0.055040	9.868980
0.055120	9.811470
0.055200	9.751960
0.055280	9.698410
0.055360	9.652790
0.055440	9.619070
0.055520	9.581390
0.055600	9.543700
0.055680	9.504040
0.055760	9.450480
0.055840	9.392960
0.055920	9.341400
0.056000	9.279910
0.056080	9.234290
0.056160	9.184710
0.056240	9.135120
0.056320	9.085540
0.056400	9.037930
0.056480	8.992310
0.056560	8.952650
0.056640	8.914960
0.056720	8.869340
0.056800	8.823720
0.056880	8.776120
0.056960	8.734470
0.057040	8.698770
0.057120	8.665050
0.057200	8.629350
0.057280	8.579760
0.057360	8.538110
0.057440	8.492490
0.057520	8.466710
0.057600	8.444890
0.057680	8.432990
0.057760	8.417120
0.057840	8.407210
0.057920	8.395310
0.058000	8.379440
0.058080	8.367540
0.058160	8.347700
0.058240	8.323900
0.058320	8.298120
0.058400	8.272330
0.058480	8.244570
0.058560	8.220770
0.058640	8.198950
0.058720	8.179110
0.058800	8.165230
0.058880	8.149360
0.058960	8.133500
0.059040	8.125560
0.059120	8.115650
0.059200	8.107710
0.059280	8.101760
0.059360	8.091840
0.059440	8.085890
0.059520	8.077960
0.059600	8.073990
0.059680	8.068040
0.059760	8.068040
0.059840	8.064080
0.059920	8.062090
0.060000	8.060110
0.060080	8.062090
0.060160	8.062090
0.060240	8.062090
0.060320	8.060110
0.060400	8.062090
0.060480	8.064080
0.060560	8.062090
0.060640	8.062090
0.060720	8.062090
0.060800	8.060110
0.060880	8.062090
0.060960	8.064080
0.061040	8.066060
0.061120	8.060110
0.061200	8.060110
0.061280	8.060110
0.061360	8.058130
0.061440	8.058130
0.061520	8.060110
0.061600	8.060110
0.061680	8.056140
0.061760	8.054160
0.061840	8.054160
0.061920	8.058130
0.062000	8.052180
0.062080	8.046230
0.062160	8.038290
0.062240	8.034330
0.062320	8.028370
0.062400	8.022420
0.062480	8.014490
0.062560	8.004570
0.062640	7.994660
0.062720	7.978790
0.062800	7.968870
0.062880	7.953000
0.062960	7.937140
0.063040	7.925240
0.063120	7.909370
0.063200	7.891520
0.063280	7.875650
0.063360	7.855820
0.063440	7.843920
0.063520	7.832020
0.063600	7.816150
0.063680	7.800280
0.063760	7.778460
0.063840	7.758630
0.063920	7.736810
0.064000	7.713010
0.064080	7.699130
0.064160	7.677310
0.064240	7.657480
0.064320	7.633670
0.064400	7.617810
0.064480	7.597970
0.064560	7.582110
0.064640	7.562270
0.064720	7.540450
0.064800	7.518640
0.064880	7.488890
0.064960	7.461120
0.065040	7.437320
0.065120	7.409550
0.065200	7.387730
0.065280	7.365910
0.065360	7.340130
0.065440	7.312360
0.065520	7.282610
0.065600	7.258810
0.065680	7.235010
0.065760	7.203270
0.065840	7.173520
0.065920	7.137820
0.066000	7.102120
0.066080	7.076330
0.066160	7.040630
0.066240	7.004930
0.066320	6.973200
0.066400	6.941460
0.066480	6.915680
0.066560	6.883940
0.066640	6.854190
0.066720	6.820470
0.066800	6.778820
0.066880	6.737170
0.066960	6.697500
0.067040	6.655850
0.067120	6.608250
0.067200	6.568580
0.067280	6.522960
0.067360	6.481310
0.067440	6.437670
0.067520	6.399990
0.067600	6.358340
0.067680	6.314700
0.067760	6.269080
0.067840	6.213550
0.067920	6.163960
0.068000	6.122310
0.068080	6.082640
0.068160	6.050910
0.068240	6.011240
0.068320	5.963640
0.068400	5.912070
0.068480	5.854550
0.068560	5.802980
0.068640	5.749430
0.068720	5.695880
0.068800	5.638360
0.068880	5.580840
0.068960	5.521330
0.069040	5.479680
0.069120	5.438030
0.069200	5.406300
0.069280	5.362660
0.069360	5.299190
0.069440	5.219860
0.069520	5.138540
0.069600	5.069120
0.069680	5.009610
0.069760	4.965980
0.069840	4.924330
0.069920	4.882680
0.070000	4.837060
0.070080	4.789460
0.070160	4.737890
0.070240	4.688300
0.070320	4.638720
0.070400	4.603010
0.070480	4.557390
0.070560	4.507810
0.070640	4.452270
0.070720	4.394760
0.070800	4.337240
0.070880	4.271780
0.070960	4.214260
0.071040	4.156750
0.071120	4.099230
0.071200	4.047660
0.071280	4.004020
0.071360	3.970300
0.071440	3.928650
0.071520	3.875100
0.071600	3.805680
0.071680	3.740230
0.071760	3.688660
0.071840	3.654940
0.071920	3.639070
0.072000	3.615270
0.072080	3.583540
0.072160	3.547840
0.072240	3.508170
0.072320	3.476430
0.072400	3.442720
0.072480	3.407010
0.072560	3.365360
0.072640	3.317760
0.072720	3.274120
0.072800	3.238420
0.072880	3.212640
0.072960	3.188840
0.073040	3.172970
0.073120	3.149170
0.073200	3.119420
0.073280	3.081730
0.073360	3.040080
0.073440	3.006360
0.073520	2.980580
0.073600	2.956780
0.073680	2.929010
0.073760	2.909180
0.073840	2.885380
0.073920	2.861570
0.074000	2.845710
0.074080	2.821910
0.074160	2.804060
0.074240	2.780250
0.074320	2.764390
0.074400	2.746540
0.074480	2.722740
0.074560	2.716780
0.074640	2.702900
0.074720	2.692980
0.074800	2.683070
0.074880	2.671170
0.074960	2.655300
0.075040	2.641410
0.075120	2.619600
0.075200	2.601750
0.075280	2.581910
0.075360	2.558110
0.075440	2.536290
0.075520	2.510510
0.075600	2.488690
0.075680	2.468860
0.075760	2.454970
0.075840	2.443070
0.075920	2.429190
0.076000	2.421260
0.076080	2.407370
0.076160	2.395470
0.076240	2.377620
0.076320	2.363740
0.076400	2.349850
0.076480	2.335970
0.076560	2.322080
0.076640	2.296300
0.076720	2.280430
0.076800	2.254650
0.076880	2.238780
0.076960	2.222910
0.077040	2.213000
0.077120	2.207050
0.077200	2.197130
0.077280	2.191180
0.077360	2.173330
0.077440	2.163410
0.077520	2.149530
0.077600	2.139610
0.077680	2.125730
0.077760	2.109860
0.077840	2.088040
0.077920	2.074160
0.078000	2.054320
0.078080	2.036470
0.078160	2.018620
0.078240	1.998790
0.078320	1.974990
0.078400	1.959120
0.078480	1.939290
0.078560	1.925400
0.078640	1.913500
0.078720	1.901600
0.078800	1.895650
0.078880	1.883750
0.078960	1.867880
0.079040	1.855980
0.079120	1.842100
0.079200	1.822260
0.079280	1.808380
0.079360	1.790530
0.079440	1.780610
0.079520	1.770700
0.079600	1.760780
0.079680	1.746890
0.079760	1.738960
0.079840	1.729040
0.079920	1.721110
0.080000	1.709210
0.080080	1.695330
0.080160	1.689380
0.080240	1.681440
0.080320	1.673510
0.080400	1.661610
0.080480	1.651690
0.080560	1.635820
0.080640	1.617970
0.080720	1.596150
0.080800	1.582270
0.080880	1.562440
0.080960	1.544590
0.081040	1.524750
0.081120	1.508880
0.081200	1.495000
0.081280	1.481120
0.081360	1.465250
0.081440	1.447400
0.081520	1.435500
0.081600	1.421610
0.081680	1.401780
0.081760	1.387900
0.081840	1.364090
0.081920	1.344260
0.082000	1.316490
0.082080	1.298640
0.082160	1.280790
0.082240	1.260960
0.082320	1.239140
0.082400	1.215340
0.082480	1.195500
0.082560	1.177650
0.082640	1.153850
0.082720	1.134020
0.082800	1.114180
0.082880	1.094350
0.082960	1.076500
0.083040	1.060630
0.083120	1.040800
0.083200	1.018980
0.083280	0.993195
0.083360	0.977328
0.083440	0.959477
0.083520	0.947577
0.083600	0.931709
0.083680	0.913859
0.083760	0.892041
0.083840	0.868240
0.083920	0.842456
0.084000	0.824605
0.084080	0.802787
0.084160	0.784937
0.084240	0.755185
0.084320	0.725434
0.084400	0.697666
0.084480	0.673865
0.084560	0.656014
0.084640	0.632214
0.084720	0.610396
0.084800	0.586595
0.084880	0.562794
0.084960	0.537010
0.085040	0.517175
0.085120	0.495358
0.085200	0.473540
0.085280	0.447756
0.085360	0.425938
0.085440	0.404121
0.085520	0.384286
0.085600	0.366436
0.085680	0.352552
0.085760	0.334701
0.085840	0.316850
0.085920	0.299000
0.086000	0.277182
0.086080	0.257348
0.086160	0.241480
0.086240	0.217679
0.086320	0.185945
0.086400	0.150243
0.086480	0.120492
0.086560	0.092724
0.086640	0.066940
0.086720	0.045122
0.086800	0.025288
0.086880	0.003470
0.086960	-0.020331
0.087040	-0.040165
0.087120	-0.063966
0.087200	-0.087767
0.087280	-0.115535
0.087360	-0.147269
0.087440	-0.173054
0.087520	-0.194871
0.087600	-0.216689
0.087680	-0.244457
0.087760	-0.272225
0.087840	-0.299992
0.087920	-0.333710
0.088000	-0.371395
0.088080	-0.403130
0.088160	-0.424948
0.088240	-0.440815
0.088320	-0.450732
0.088400	-0.458666
0.088480	-0.474533
0.088560	-0.484450
0.088640	-0.496351
0.088720	-0.508251
0.088800	-0.524118
0.088880	-0.536019
0.088960	-0.547919
0.089040	-0.569737
0.089120	-0.587588
0.089200	-0.605439
0.089280	-0.623289
0.089360	-0.637173
0.089440	-0.651057
0.089520	-0.666924
0.089600	-0.678825
0.089680	-0.692709
0.089760	-0.708576
0.089840	-0.722460
0.089920	-0.738327
0.090000	-0.748245
0.090080	-0.764112
0.090160	-0.770062
0.090240	-0.785929
0.090320	-0.793863
0.090400	-0.799813
0.090480	-0.811714
0.090560	-0.825598
0.090640	-0.841465
0.090720	-0.845432
0.090800	-0.855349
0.090880	-0.845432
0.090960	-0.855349
0.091040	-0.857332
0.091120	-0.861299
0.091200	-0.873200
0.091280	-0.877167
0.091360	-0.871216
0.091440	-0.877167
0.091520	-0.881133
0.091600	-0.885100
0.091680	-0.887084
0.091760	-0.891051
0.091840	-0.891051
0.091920	-0.889067
0.092000	-0.895017
0.092080	-0.895017
0.092160	-0.897001
0.092240	-0.900968
0.092320	-0.902951
0.092400	-0.904934
0.092480	-0.908901
0.092560	-0.908901
0.092640	-0.910885
0.092720	-0.912868
0.092800	-0.908901
0.092880	-0.912868
0.092960	-0.916835
0.093040	-0.918818
0.093120	-0.916835
0.093200	-0.916835
0.093280	-0.918818
0.093360	-0.916835
0.093440	-0.922785
0.093520	-0.920802
0.093600	-0.918818
0.093680	-0.920802
0.093760	-0.918818
0.093840	-0.920802
0.093920	-0.922785
0.094000	-0.920802
0.094080	-0.924769
0.094160	-0.920802
0.094240	-0.922785
0.094320	-0.920802
0.094400	-0.924769
0.094480	-0.918818
0.094560	-0.918818
0.094640	-0.922785
0.094720	-0.924769
0.094800	-0.918818
0.094880	-0.920802
0.094960	-0.924769
0.095040	-0.924769
0.095120	-0.924769
0.095200	-0.924769
0.095280	-0.924769
0.095360	-0.922785
0.095440	-0.926752
0.095520	-0.926752
0.095600	-0.926752
0.095680	-0.928735
0.095760	-0.926752
0.095840	-0.930719
0.095920	-0.926752
0.096000	-0.932702
0.096080	-0.932702
0.096160	-0.932702
0.096240	-0.936669
0.096320	-0.936669
0.096400	-0.936669
0.096480	-0.938653
0.096560	-0.942619
0.096640	-0.942619
0.096720	-0.942619
0.096800	-0.940636
0.096880	-0.942619
0.096960	-0.942619
0.097040	-0.950553
0.097120	-0.948570
0.097200	-0.954520
0.097280	-0.958487
0.097360	-0.960470
0.097440	-0.964437
0.097520	-0.964437
0.097600	-0.970387
0.097680	-0.970387
0.097760	-0.974354
0.097840	-0.974354
0.097920	-0.978321
0.098000	-0.982288
0.098080	-0.986255
0.098160	-0.988238
0.098240	-0.992205
0.098320	-0.994188
0.098400	-0.994188
0.098480	-1.000140
0.098560	-1.004110
0.098640	-1.006090
0.098720	-1.010060
0.098800	-1.012040
0.098880	-1.016010
0.098960	-1.021960
0.099040	-1.031870
0.099120	-1.035840
0.099200	-1.039810
0.099280	-1.045760
0.099360	-1.045760
0.099440	-1.051710
0.099520	-1.057660
0.099600	-1.061620
0.099680	-1.065590
0.099760	-1.073530
0.099840	-1.077490
0.099920	-1.081460
0.100000	-1.089390
0.100080	-1.095340
0.100160	-1.103280
0.100240	-1.109230
0.100320	-1.117160
0.100400	-1.127080
0.100480	-1.135010
0.100560	-1.138980
0.100640	-1.146910
0.100720	-1.154840
0.100800	-1.160800
0.100880	-1.170710
0.100960	-1.176660
0.101040	-1.182610
0.101120	-1.190550
0.101200	-1.198480
0.101280	-1.202450
0.101360	-1.212360
0.101440	-1.220300
0.101520	-1.226250
0.101600	-1.234180
0.101680	-1.242120
0.101760	-1.252030
0.101840	-1.259970
0.101920	-1.265920
0.102000	-1.275830
0.102080	-1.277820
0.102160	-1.281780
0.102240	-1.289720
0.102320	-1.295670
0.102400	-1.299630
0.102480	-1.305590
0.102560	-1.311530
0.102640	-1.313520
0.102720	-1.317490
0.102800	-1.323430
0.102880	-1.329390
0.102960	-1.331370
0.103040	-1.335340
0.103120	-1.337320
0.103200	-1.341290
0.103280	-1.345250
0.103360	-1.349220
0.103440	-1.355170
0.103520	-1.357150
0.103600	-1.359140
0.103680	-1.365090
0.103760	-1.363100
0.103840	-1.371040
0.103920	-1.369050
0.104000	-1.373020
0.104080	-1.375000
0.104160	-1.378970
0.104240	-1.380950
0.104320	-1.382940
0.104400	-1.384920
0.104480	-1.386910
0.104560	-1.390870
0.104640	-1.392860
0.104720	-1.390870
0.104800	-1.396820
0.104880	-1.398810
0.104960	-1.400790
0.105040	-1.398810
0.105120	-1.404760
0.105200	-1.404760
0.105280	-1.404760
0.105360	-1.406740
0.105440	-1.410710
0.105520	-1.408720
0.105600	-1.404760
0.105680	-1.412690
0.105760	-1.414670
0.105840	-1.412690
0.105920	-1.412690
0.106000	-1.412690
0.106080	-1.412690
0.106160	-1.412690
0.106240	-1.412690
0.106320	-1.414670
0.106400	-1.412690
0.106480	-1.410710
0.106560	-1.412690
0.106640	-1.408720
0.106720	-1.410710
0.106800	-1.408720
0.106880	-1.412690
0.106960	-1.412690
0.107040	-1.412690
0.107120	-1.412690
0.107200	-1.408720
0.107280	-1.412690
0.107360	-1.412690
0.107440	-1.410710
0.107520	-1.412690
0.107600	-1.408720
0.107680	-1.410710
0.107760	-1.412690
0.107840	-1.410710
0.107920	-1.410710
0.108000	-1.412690
0.108080	-1.412690
0.108160	-1.408720
0.108240	-1.408720
0.108320	-1.408720
0.108400	-1.408720
0.108480	-1.406740
0.108560	-1.404760
0.108640	-1.402770
0.108720	-1.396820
0.108800	-1.394840
0.108880	-1.394840
0.108960	-1.388890
0.109040	-1.386910
0.109120	-1.386910
0.109200	-1.382940
0.109280	-1.378970
0.109360	-1.378970
0.109440	-1.375000
0.109520	-1.371040
0.109600	-1.369050
0.109680	-1.365090
0.109760	-1.363100
0.109840	-1.359140
0.109920	-1.357150
0.110000	-1.357150
0.110080	-1.353190
0.110160	-1.347240
0.110240	-1.347240
0.110320	-1.341290
0.110400	-1.337320
0.110480	-1.333350
0.110560	-1.331370
0.110640	-1.325420
0.110720	-1.325420
0.110800	-1.317490
0.110880	-1.309550
0.110960	-1.309550
0.111040	-1.303600
0.111120	-1.299630
0.111200	-1.297650
0.111280	-1.291700
0.111360	-1.287730
0.111440	-1.281780
0.111520	-1.275830
0.111600	-1.269880
0.111680	-1.265920
0.111760	-1.257980
0.111840	-1.250050
0.111920	-1.242120
0.112000	-1.236170
0.112080	-1.224270
0.112160	-1.218310
0.112240	-1.210380
0.112320	-1.206410
0.112400	-1.196500
0.112480	-1.190550
0.112560	-1.188560
0.112640	-1.176660
0.112720	-1.168730
0.112800	-1.166750
0.112880	-1.158810
0.112960	-1.148900
0.113040	-1.140960
0.113120	-1.136990
0.113200	-1.127080
0.113280	-1.121130
0.113360	-1.111210
0.113440	-1.101290
0.113520	-1.095340
0.113600	-1.085430
0.113680	-1.087410
0.113760	-1.075510
0.113840	-1.075510
0.113920	-1.067580
0.114000	-1.065590
0.114080	-1.059640
0.114160	-1.053690
0.114240	-1.045760
0.114320	-1.039810
0.114400	-1.033860
0.114480	-1.027910
0.114560	-1.023940
0.114640	-1.016010
0.114720	-1.010060
0.114800	-1.004110
0.114880	-0.994188
0.114960	-0.990221
0.115040	-0.988238
0.115120	-0.980304
0.115200	-0.976337
0.115280	-0.970387
0.115360	-0.964437
0.115440	-0.958487
0.115520	-0.952536
0.115600	-0.948570
0.115680	-0.942619
0.115760	-0.938653
0.115840	-0.932702
0.115920	-0.924769
0.116000	-0.914852
0.116080	-0.910885
0.116160	-0.904934
0.116240	-0.897001
0.116320	-0.891051
0.116400	-0.883117
0.116480	-0.881133
0.116560	-0.877167
0.116640	-0.875183
0.116720	-0.871216
0.116800	-0.859316
0.116880	-0.859316
0.116960	-0.855349
0.117040	-0.847415
0.117120	-0.843449
0.117200	-0.841465
0.117280	-0.837498
0.117360	-0.835515
0.117440	-0.829565
0.117520	-0.819648
0.117600	-0.813697
0.117680	-0.807747
0.117760	-0.799813
0.117840	-0.793863
0.117920	-0.789896
0.118000	-0.783946
0.118080	-0.777996
0.118160	-0.772046
0.118240	-0.766095
0.118320	-0.762128
0.118400	-0.758162
0.118480	-0.750228
0.118560	-0.744278
0.118640	-0.738327
0.118720	-0.730394
0.118800	-0.724444
0.118880	-0.718493
0.118960	-0.714526
0.119040	-0.708576
0.119120	-0.704609
0.119200	-0.700643
0.119280	-0.694692
0.119360	-0.692709
0.119440	-0.686759
0.119520	-0.686759
0.119600	-0.680808
0.119680	-0.680808
0.119760	-0.672875
0.119840	-0.670891
0.119920	-0.668908
0.120000	-0.660974
0.120080	-0.658991
0.120160	-0.653041
0.120240	-0.651057
0.120320	-0.649074
0.120400	-0.643123
0.120480	-0.641140
0.120560	-0.637173
0.120640	-0.631223
0.120720	-0.629240
0.120800	-0.623289
0.120880	-0.619322
0.120960	-0.617339
0.121040	-0.613372
0.121120	-0.611389
0.121200	-0.609405
0.121280	-0.605439
0.121360	-0.601472
0.121440	-0.599488
0.121520	-0.593538
0.121600	-0.591555
0.121680	-0.587588
0.121760	-0.583621
0.121840	-0.577671
0.121920	-0.573704
0.122000	-0.571720
0.122080	-0.569737
0.122160	-0.565770
0.122240	-0.563787
0.122320	-0.555853
0.122400	-0.555853
0.122480	-0.549903
0.122560	-0.545936
0.122640	-0.545936
0.122720	-0.539986
0.122800	-0.539986
0.122880	-0.536019
0.122960	-0.532052
0.123040	-0.536019
0.123120	-0.528085
0.123200	-0.528085
0.123280	-0.524118
0.123360	-0.520152
0.123440	-0.520152
0.123520	-0.520152
0.123600	-0.516185
0.123680	-0.514201
0.123760	-0.514201
0.123840	-0.512218
0.123920	-0.508251
0.124000	-0.508251
0.124080	-0.506268
0.124160	-0.504284
0.124240	-0.504284
0.124320	-0.500318
0.124400	-0.502301
0.124480	-0.494367
0.124560	-0.490400
0.124640	-0.496351
0.124720	-0.490400
0.124800	-0.490400
0.124880	-0.490400
0.124960	-0.482467
0.125040	-0.478500
0.125120	-0.478500
0.125200	-0.478500
0.125280	-0.476516
0.125360	-0.474533
0.125440	-0.472550
0.125520	-0.472550
0.125600	-0.470566
0.125680	-0.470566
0.125760	-0.466599
0.125840	-0.464616
0.125920	-0.462632
0.126000	-0.460649
0.126080	-0.462632
0.126160	-0.458666
0.126240	-0.456682
0.126320	-0.458666
0.126400	-0.452715
0.126480	-0.452715
0.126560	-0.448749
0.126640	-0.450732
0.126720	-0.446765
0.126800	-0.444782
0.126880	-0.442798
0.126960	-0.442798
0.127040	-0.434865
0.127120	-0.436848
0.127200	-0.430898
0.127280	-0.428914
0.127360	-0.424948
0.127440	-0.420981
0.127520	-0.422964
0.127600	-0.417014
0.127680	-0.413047
0.127760	-0.415031
0.127840	-0.413047
0.127920	-0.409080
0.128000	-0.405113
0.128080	-0.403130
0.128160	-0.399163
0.128240	-0.393213
0.128320	-0.387263
0.128400	-0.383296
0.128480	-0.379329
0.128560	-0.371395
0.128640	-0.357511
0.128720	-0.349578
0.128800	-0.341644
0.128880	-0.331727
0.128960	-0.321810
0.129040	-0.315860
0.129120	-0.305943
0.129200	-0.298009
0.129280	-0.288092
0.129360	-0.278175
0.129440	-0.268258
0.129520	-0.266274
0.129600	-0.256357
0.129680	-0.252390
0.129760	-0.246440
0.129840	-0.242473
0.129920	-0.236523
0.130000	-0.230573
0.130080	-0.226606
0.130160	-0.222639
0.130240	-0.218672
0.130320	-0.214705
0.130400	-0.210739
0.130480	-0.202805
0.130560	-0.194871
0.130640	-0.190904
0.130720	-0.184954
0.130800	-0.179004
0.130880	-0.175037
0.130960	-0.173054
0.131040	-0.169087
0.131120	-0.163137
0.131200	-0.157186
0.131280	-0.157186
0.131360	-0.151236
0.131440	-0.149253
0.131520	-0.145286
0.131600	-0.141319
0.131680	-0.137352
0.131760	-0.129418
0.131840	-0.125452
0.131920	-0.121485
0.132000	-0.117518
0.132080	-0.111568
0.132160	-0.105618
0.132240	-0.105618
0.132320	-0.099667
0.132400	-0.097684
0.132480	-0.089750
0.132560	-0.081817
0.132640	-0.079833
0.132720	-0.075866
0.132800	-0.071900
0.132880	-0.067933
0.132960	-0.061982
0.133040	-0.063966
0.133120	-0.059999
0.133200	-0.052065
0.133280	-0.052065
0.133360	-0.050082
0.133440	-0.048099
0.133520	-0.046115
0.133600	-0.040165
0.133680	-0.034215
0.133760	-0.030248
0.133840	-0.032231
0.133920	-0.026281
0.134000	-0.024298
0.134080	-0.022314
0.134160	-0.020331
0.134240	-0.018347
0.134320	-0.014380
0.134400	-0.010413
0.134480	-0.008430
0.134560	-0.006447
0.134640	-0.000496
0.134720	0.003470
0.134800	0.001487
0.134880	0.007437
0.134960	0.007437
0.135040	0.011404
0.135120	0.013388
0.135200	0.017354
0.135280	0.021321
0.135360	0.023305
0.135440	0.025288
0.135520	0.027271
0.135600	0.031238
0.135680	0.035205
0.135760	0.039172
0.135840	0.041155
0.135920	0.045122
0.136000	0.049089
0.136080	0.047106
0.136160	0.053056
0.136240	0.055039
0.136320	0.053056
0.136400	0.059006
0.136480	0.060989
0.136560	0.062973
0.136640	0.066940
0.136720	0.066940
0.136800	0.072890
0.136880	0.074873
0.136960	0.076857
0.137040	0.080824
0.137120	0.080824
0.137200	0.084790
0.137280	0.086774
0.137360	0.092724
0.137440	0.090741
0.137520	0.092724
0.137600	0.094708
0.137680	0.100658
0.137760	0.102641
0.137840	0.104625
0.137920	0.110575
0.138000	0.110575
0.138080	0.114542
0.138160	0.116525
0.138240	0.120492
0.138320	0.120492
0.138400	0.126442
0.138480	0.126442
0.138560	0.130409
0.138640	0.134376
0.138720	0.134376
0.138800	0.142310
0.138880	0.142310
0.138960	0.146276
0.139040	0.152227
0.139120	0.156194
0.139200	0.158177
0.139280	0.160160
0.139360	0.164127
0.139440	0.166111
0.139520	0.172061
0.139600	0.174044
0.139680	0.178011
0.139760	0.181978
0.139840	0.185945
0.139920	0.191895
0.140000	0.191895
0.140080	0.197845
0.140160	0.203796
0.140240	0.203796
0.140320	0.209746
0.140400	0.211729
0.140480	0.213713
0.140560	0.215696
0.140640	0.223630
0.140720	0.223630
0.140800	0.233547
0.140880	0.233547
0.140960	0.233547
0.141040	0.231563
0.141120	0.237514
0.141200	0.241480
0.141280	0.249414
0.141360	0.247431
0.141440	0.247431
0.141520	0.249414
0.141600	0.251398
0.141680	0.249414
0.141760	0.251398
0.141840	0.253381
0.141920	0.255364
0.142000	0.257348
0.142080	0.257348
0.142160	0.257348
0.142240	0.259331
0.142320	0.261314
0.142400	0.261314
0.142480	0.265281
0.142560	0.265281
0.142640	0.263298
0.142720	0.267265
0.142800	0.265281
0.142880	0.267265
0.142960	0.269248
0.143040	0.269248
0.143120	0.269248
0.143200	0.271232
0.143280	0.275199
0.143360	0.269248
0.143440	0.271232
0.143520	0.275199
0.143600	0.277182
0.143680	0.277182
0.143760	0.279165
0.143840	0.281149
0.143920	0.279165
0.144000	0.279165
0.144080	0.275199
0.144160	0.281149
0.144240	0.281149
0.144320	0.285116
0.144400	0.283132
0.144480	0.285116
0.144560	0.283132
0.144640	0.287099
0.144720	0.285116
0.144800	0.287099
0.144880	0.289082
0.144960	0.289082
0.145040	0.291066
0.145120	0.291066
0.145200	0.291066
0.145280	0.291066
0.145360	0.293049
0.145440	0.293049
0.145520	0.291066
0.145600	0.297016
0.145680	0.293049
0.145760	0.297016
0.145840	0.293049
0.145920	0.295033
0.146000	0.297016
0.146080	0.297016
0.146160	0.297016
0.146240	0.299000
0.146320	0.300983
0.146400	0.299000
0.146480	0.302966
0.146560	0.299000
0.146640	0.302966
0.146720	0.300983
0.146800	0.302966
0.146880	0.304950
0.146960	0.306933
0.147040	0.304950
0.147120	0.304950
0.147200	0.306933
0.147280	0.306933
0.147360	0.308917
0.147440	0.310900
0.147520	0.310900
0.147600	0.312883
0.147680	0.312883
0.147760	0.314867
0.147840	0.312883
0.147920	0.316850
0.148000	0.316850
0.148080	0.316850
0.148160	0.316850
0.148240	0.316850
0.148320	0.318834
0.148400	0.318834
0.148480	0.324784
0.148560	0.324784
0.148640	0.320817
0.148720	0.324784
0.148800	0.320817
0.148880	0.324784
0.148960	0.322801
0.149040	0.324784
0.149120	0.324784
0.149200	0.324784
0.149280	0.326767
0.149360	0.324784
0.149440	0.328751
0.149520	0.328751
0.149600	0.328751
0.149680	0.330734
0.149760	0.332718
0.149840	0.330734
0.149920	0.328751
0.150000	0.332718
0.150080	0.328751
0.150160	0.332718
0.150240	0.330734
0.150320	0.332718
0.150400	0.334701
0.150480	0.332718
0.150560	0.332718
0.150640	0.332718
0.150720	0.332718
0.150800	0.334701
0.150880	0.334701
0.150960	0.336684
0.151040	0.340651
0.151120	0.338668
0.151200	0.340651
0.151280	0.340651
0.151360	0.340651
0.151440	0.342635
0.151520	0.342635
0.151600	0.338668
0.151680	0.338668
0.151760	0.340651
0.151840	0.340651
0.151920	0.338668
0.152000	0.340651
0.152080	0.342635
0.152160	0.344618
0.152240	0.342635
0.152320	0.342635
0.152400	0.342635
0.152480	0.342635
0.152560	0.346602
0.152640	0.344618
0.152720	0.344618
0.152800	0.344618
0.152880	0.342635
0.152960	0.344618
0.153040	0.342635
0.153120	0.344618
0.153200	0.342635
0.153280	0.346602
0.153360	0.346602
0.153440	0.346602
0.153520	0.346602
0.153600	0.344618
0.153680	0.342635
0.153760	0.342635
0.153840	0.344618
0.153920	0.346602
0.154000	0.346602
0.154080	0.346602
0.154160	0.348585
0.154240	0.348585
0.154320	0.348585
0.154400	0.350568
0.154480	0.348585
0.154560	0.348585
0.154640	0.348585
0.154720	0.346602
0.154800	0.342635
0.154880	0.346602
0.154960	0.348585
0.155040	0.346602
0.155120	0.346602
0.155200	0.344618
0.155280	0.348585
0.155360	0.346602
0.155440	0.344618
0.155520	0.348585
0.155600	0.346602
0.155680	0.346602
0.155760	0.346602
0.155840	0.346602
0.155920	0.350568
0.156000	0.348585
0.156080	0.346602
0.156160	0.348585
0.156240	0.348585
0.156320	0.348585
0.156400	0.344618
0.156480	0.348585
0.156560	0.344618
0.156640	0.346602
0.156720	0.348585
0.156800	0.348585
0.156880	0.346602
0.156960	0.350568
0.157040	0.348585
0.157120	0.348585
0.157200	0.346602
0.157280	0.348585
0.157360	0.348585
0.157440	0.346602
0.157520	0.346602
0.157600	0.344618
0.157680	0.352552
0.157760	0.350568
0.157840	0.346602
0.157920	0.344618
0.158000	0.346602
0.158080	0.346602
0.158160	0.348585
0.158240	0.346602
0.158320	0.350568
0.158400	0.348585
0.158480	0.350568
0.158560	0.346602
0.158640	0.348585
0.158720	0.348585
0.158800	0.344618
0.158880	0.348585
0.158960	0.346602
0.159040	0.348585
0.159120	0.348585
0.159200	0.350568
0.159280	0.348585
0.159360	0.350568
0.159440	0.350568
0.159520	0.348585
0.159600	0.350568
0.159680	0.350568
0.159760	0.350568
0.159840	0.350568
0.159920	0.350568
0.160000	0.350568
0.160080	0.354535
0.160160	0.352552
0.160240	0.356519
0.160320	0.352552
0.160400	0.352552
0.160480	0.352552
0.160560	0.354535
0.160640	0.350568
0.160720	0.354535
0.160800	0.352552
0.160880	0.354535
0.160960	0.352552
0.161040	0.350568
0.161120	0.348585
0.161200	0.352552
0.161280	0.354535
0.161360	0.350568
0.161440	0.352552
0.161520	0.354535
0.161600	0.354535
0.161680	0.352552
0.161760	0.350568
0.161840	0.356519
0.161920	0.354535
0.162000	0.352552
0.162080	0.354535
0.162160	0.348585
0.162240	0.352552
0.162320	0.352552
0.162400	0.354535
0.162480	0.354535
0.162560	0.352552
0.162640	0.356519
0.162720	0.354535
0.162800	0.352552
0.162880	0.356519
0.162960	0.352552
0.163040	0.354535
0.163120	0.352552
0.163200	0.352552
0.163280	0.356519
0.163360	0.354535
0.163440	0.354535
0.163520	0.352552
0.163600	0.354535
0.163680	0.352552
0.163760	0.354535
0.163840	0.354535
0.163920	0.352552
0.164000	0.354535
0.164080	0.350568
0.164160	0.350568
0.164240	0.350568
0.164320	0.352552
0.164400	0.350568
0.164480	0.350568
0.164560	0.348585
0.164640	0.350568
0.164720	0.350568
0.164800	0.348585
0.164880	0.350568
0.164960	0.342635
0.165040	0.346602
0.165120	0.346602
0.165200	0.342635
0.165280	0.346602
0.165360	0.342635
0.165440	0.344618
0.165520	0.340651
0.165600	0.344618
0.165680	0.342635
0.165760	0.342635
0.165840	0.342635
0.165920	0.342635
0.166000	0.340651
0.166080	0.342635
0.166160	0.342635
0.166240	0.344618
0.166320	0.342635
0.166400	0.340651
0.166480	0.340651
0.166560	0.340651
0.166640	0.342635
0.166720	0.338668
0.166800	0.338668
0.166880	0.338668
0.166960	0.338668
0.167040	0.336684
0.167120	0.340651
0.167200	0.342635
0.167280	0.342635
0.167360	0.338668
0.167440	0.338668
0.167520	0.342635
0.167600	0.342635
0.167680	0.340651
0.167760	0.342635
0.167840	0.340651
0.167920	0.342635
0.168000	0.342635
0.168080	0.340651
0.168160	0.338668
0.168240	0.340651
0.168320	0.342635
0.168400	0.340651
0.168480	0.342635
0.168560	0.342635
0.168640	0.338668
0.168720	0.336684
0.168800	0.340651
0.168880	0.338668
0.168960	0.340651
0.169040	0.342635
0.169120	0.342635
0.169200	0.338668
0.169280	0.338668
0.169360	0.340651
0.169440	0.342635
0.169520	0.340651
0.169600	0.336684
0.169680	0.338668
0.169760	0.338668
0.169840	0.336684
0.169920	0.332718
0.170000	0.336684
0.170080	0.338668
0.170160	0.336684
0.170240	0.330734
0.170320	0.332718
0.170400	0.332718
0.170480	0.330734
0.170560	0.326767
0.170640	0.326767
0.170720	0.328751
0.170800	0.324784
0.170880	0.326767
0.170960	0.322801
0.171040	0.320817
0.171120	0.322801
0.171200	0.322801
0.171280	0.320817
0.171360	0.316850
0.171440	0.316850
0.171520	0.316850
0.171600	0.314867
0.171680	0.310900
0.171760	0.304950
0.171840	0.302966
0.171920	0.302966
0.172000	0.302966
0.172080	0.302966
0.172160	0.300983
0.172240	0.295033
0.172320	0.295033
0.172400	0.291066
0.172480	0.293049
0.172560	0.291066
0.172640	0.287099
0.172720	0.287099
0.172800	0.287099
0.172880	0.283132
0.172960	0.281149
0.173040	0.279165
0.173120	0.281149
0.173200	0.277182
0.173280	0.275199
0.173360	0.271232
0.173440	0.267265
0.173520	0.267265
0.173600	0.267265
0.173680	0.263298
0.173760	0.261314
0.173840	0.259331
0.173920	0.257348
0.174000	0.255364
0.174080	0.253381
0.174160	0.253381
0.174240	0.247431
0.174320	0.247431
0.174400	0.241480
0.174480	0.241480
0.174560	0.239497
0.174640	0.227596
0.174720	0.233547
0.174800	0.237514
0.174880	0.227596
0.174960	0.227596
0.175040	0.221646
0.175120	0.217679
0.175200	0.217679
0.175280	0.211729
0.175360	0.207762
0.175440	0.207762
0.175520	0.197845
0.175600	0.195862
0.175680	0.195862
0.175760	0.191895
0.175840	0.183961
0.175920	0.183961
0.176000	0.179995
0.176080	0.176028
0.176160	0.172061
0.176240	0.172061
0.176320	0.168094
0.176400	0.164127
0.176480	0.158177
0.176560	0.156194
0.176640	0.154210
0.176720	0.150243
0.176800	0.148260
0.176880	0.142310
0.176960	0.140326
0.177040	0.136359
0.177120	0.130409
0.177200	0.130409
0.177280	0.126442
0.177360	0.124459
0.177440	0.122475
0.177520	0.118509
0.177600	0.118509
0.177680	0.116525
0.177760	0.110575
0.177840	0.110575
0.177920	0.108591
0.178000	0.106608
0.178080	0.100658
0.178160	0.102641
0.178240	0.100658
0.178320	0.096691
0.178400	0.094708
0.178480	0.094708
0.178560	0.090741
0.178640	0.088757
0.178720	0.086774
0.178800	0.084790
0.178880	0.082807
0.178960	0.080824
0.179040	0.080824
0.179120	0.076857
0.179200	0.074873
0.179280	0.072890
0.179360	0.074873
0.179440	0.074873
0.179520	0.070907
0.179600	0.066940
0.179680	0.066940
0.179760	0.062973
0.179840	0.060989
0.179920	0.059006
0.180000	0.057023
0.180080	0.057023
0.180160	0.055039
0.180240	0.049089
0.180320	0.049089
0.180400	0.043139
0.180480	0.039172
0.180560	0.041155
0.180640	0.041155
0.180720	0.037189
0.180800	0.035205
0.180880	0.033222
0.180960	0.031238
0.181040	0.029255
0.181120	0.027271
0.181200	0.025288
0.181280	0.023305
0.181360	0.023305
0.181440	0.021321
0.181520	0.015371
0.181600	0.015371
0.181680	0.011404
0.181760	0.011404
0.181840	0.011404
0.181920	0.007437
0.182000	0.005454
0.182080	0.003470
0.182160	-0.000496
0.182240	-0.004463
0.182320	-0.006447
0.182400	-0.004463
0.182480	-0.008430
0.182560	-0.010413
0.182640	-0.012397
0.182720	-0.014380
0.182800	-0.018347
0.182880	-0.016364
0.182960	-0.020331
0.183040	-0.022314
0.183120	-0.024298
0.183200	-0.030248
0.183280	-0.028264
0.183360	-0.030248
0.183440	-0.032231
0.183520	-0.032231
0.183600	-0.034215
0.183680	-0.038181
0.183760	-0.038181
0.183840	-0.042148
0.183920	-0.042148
0.184000	-0.044132
0.184080	-0.048099
0.184160	-0.048099
0.184240	-0.052065
0.184320	-0.056032
0.184400	-0.056032
0.184480	-0.058015
0.184560	-0.061982
0.184640	-0.065949
0.184720	-0.067933
0.184800	-0.069916
0.184880	-0.069916
0.184960	-0.071900
0.185040	-0.073883
0.185120	-0.077850
0.185200	-0.079833
0.185280	-0.083800
0.185360	-0.085783
0.185440	-0.085783
0.185520	-0.089750
0.185600	-0.089750
0.185680	-0.093717
0.185760	-0.091734
0.185840	-0.099667
0.185920	-0.099667
0.186000	-0.101651
0.186080	-0.105618
0.186160	-0.105618
0.186240	-0.105618
0.186320	-0.113551
0.186400	-0.111568
0.186480	-0.113551
0.186560	-0.115535
0.186640	-0.115535
0.186720	-0.117518
0.186800	-0.121485
0.186880	-0.121485
0.186960	-0.121485
0.187040	-0.123468
0.187120	-0.125452
0.187200	-0.125452
0.187280	-0.127435
0.187360	-0.133385
0.187440	-0.131402
0.187520	-0.133385
0.187600	-0.131402
0.187680	-0.139336
0.187760	-0.135369
0.187840	-0.137352
0.187920	-0.137352
0.188000	-0.141319
0.188080	-0.141319
0.188160	-0.143303
0.188240	-0.145286
0.188320	-0.145286
0.188400	-0.149253
0.188480	-0.149253
0.188560	-0.149253
0.188640	-0.153220
0.188720	-0.151236
0.188800	-0.151236
0.188880	-0.153220
0.188960	-0.151236
0.189040	-0.155203
0.189120	-0.155203
0.189200	-0.155203
0.189280	-0.157186
0.189360	-0.161153
0.189440	-0.161153
0.189520	-0.161153
0.189600	-0.159170
0.189680	-0.161153
0.189760	-0.165120
0.189840	-0.159170
0.189920	-0.163137
0.190000	-0.159170
0.190080	-0.161153
0.190160	-0.163137
0.190240	-0.165120
0.190320	-0.163137
0.190400	-0.163137
0.190480	-0.165120
0.190560	-0.163137
0.190640	-0.165120
0.190720	-0.163137
0.190800	-0.163137
0.190880	-0.167104
0.190960	-0.165120
0.191040	-0.165120
0.191120	-0.165120
0.191200	-0.167104
0.191280	-0.163137
0.191360	-0.163137
0.191440	-0.161153
0.191520	-0.167104
0.191600	-0.167104
0.191680	-0.165120
0.191760	-0.167104
0.191840	-0.167104
0.191920	-0.165120
0.192000	-0.167104
0.192080	-0.165120
0.192160	-0.163137
0.192240	-0.163137
0.192320	-0.167104
0.192400	-0.165120
0.192480	-0.165120
0.192560	-0.163137
0.192640	-0.173054
0.192720	-0.165120
0.192800	-0.159170
0.192880	-0.169087
0.192960	-0.167104
0.193040	-0.167104
0.193120	-0.167104
0.193200	-0.167104
0.193280	-0.165120
0.193360	-0.161153
0.193440	-0.167104
0.193520	-0.167104
0.193600	-0.167104
0.193680	-0.167104
0.193760	-0.165120
0.193840	-0.165120
0.193920	-0.167104
0.194000	-0.167104
0.194080	-0.165120
0.194160	-0.167104
0.194240	-0.167104
0.194320	-0.167104
0.194400	-0.165120
0.194480	-0.167104
0.194560	-0.165120
0.194640	-0.167104
0.194720	-0.167104
0.194800	-0.165120
0.194880	-0.165120
0.194960	-0.163137
0.195040	-0.167104
0.195120	-0.163137
0.195200	-0.169087
0.195280	-0.169087
0.195360	-0.165120
0.195440	-0.165120
0.195520	-0.165120
0.195600	-0.167104
0.195680	-0.163137
0.195760	-0.165120
0.195840	-0.165120
0.195920	-0.167104
0.196000	-0.165120
0.196080	-0.163137
0.196160	-0.165120
0.196240	-0.165120
0.196320	-0.165120
0.196400	-0.167104
0.196480	-0.169087
0.196560	-0.165120
0.196640	-0.165120
0.196720	-0.165120
0.196800	-0.165120
0.196880	-0.165120
0.196960	-0.163137
0.197040	-0.165120
0.197120	-0.167104
0.197200	-0.167104
0.197280	-0.165120
0.197360	-0.165120
0.197440	-0.163137
0.197520	-0.167104
0.197600	-0.163137
0.197680	-0.163137
0.197760	-0.163137
0.197840	-0.165120
0.197920	-0.161153
0.198000	-0.163137
0.198080	-0.159170
0.198160	-0.159170
0.198240	-0.153220
0.198320	-0.159170
0.198400	-0.155203
0.198480	-0.153220
0.198560	-0.151236
0.198640	-0.151236
0.198720	-0.151236
0.198800	-0.149253
0.198880	-0.147269
0.198960	-0.147269
0.199040	-0.147269
0.199120	-0.141319
0.199200	-0.143303
0.199280	-0.141319
0.199360	-0.137352
0.199440	-0.137352
0.199520	-0.135369
0.199600	-0.135369
0.199680	-0.133385
0.199760	-0.133385
0.199840	-0.129418
0.199920	-0.125452
0.200000	-0.121485
0.200080	-0.123468
0.200160	-0.119501
0.200240	-0.121485
0.200320	-0.115535
0.200400	-0.113551
0.200480	-0.115535
0.200560	-0.115535
0.200640	-0.111568
0.200720	-0.109584
0.200800	-0.105618
0.200880	-0.103634
0.200960	-0.101651
0.201040	-0.101651
0.201120	-0.101651
0.201200	-0.099667
0.201280	-0.099667
0.201360	-0.093717
0.201440	-0.093717
0.201520	-0.095701
0.201600	-0.091734
0.201680	-0.093717
0.201760	-0.087767
0.201840	-0.085783
0.201920	-0.083800
0.202000	-0.083800
0.202080	-0.077850
0.202160	-0.079833
0.202240	-0.075866
0.202320	-0.075866
0.202400	-0.067933
0.202480	-0.071900
0.202560	-0.063966
0.202640	-0.063966
0.202720	-0.061982
0.202800	-0.061982
0.202880	-0.058015
0.202960	-0.054049
0.203040	-0.052065
0.203120	-0.048099
0.203200	-0.052065
0.203280	-0.046115
0.203360	-0.044132
0.203440	-0.042148
0.203520	-0.042148
0.203600	-0.042148
0.203680	-0.038181
0.203760	-0.040165
0.203840	-0.038181
0.203920	-0.032231
0.204000	-0.034215
0.204080	-0.034215
0.204160	-0.030248
0.204240	-0.030248
0.204320	-0.032231
0.204400	-0.028264
0.204480	-0.024298
0.204560	-0.024298
0.204640	-0.022314
0.204720	-0.022314
0.204800	-0.020331
0.204880	-0.016364
0.204960	-0.016364
0.205040	-0.012397
0.205120	-0.012397
0.205200	-0.012397
0.205280	-0.006447
0.205360	-0.004463
0.205440	-0.000496
0.205520	-0.000496
0.205600	0.005454
0.205680	0.007437
0.205760	0.007437
0.205840	0.011404
0.205920	0.013388
0.206000	0.013388
0.206080	0.015371
0.206160	0.017354
0.206240	0.021321
0.206320	0.025288
0.206400	0.025288
0.206480	0.027271
0.206560	0.033222
0.206640	0.033222
0.206720	0.033222
0.206800	0.039172
0.206880	0.041155
0.206960	0.043139
0.207040	0.047106
0.207120	0.051072
0.207200	0.055039
0.207280	0.060989
0.207360	0.060989
0.207440	0.062973
0.207520	0.057023
0.207600	0.070907
0.207680	0.072890
0.207760	0.074873
0.207840	0.076857
0.207920	0.076857
0.208000	0.088757
0.208080	0.090741
0.208160	0.090741
0.208240	0.094708
0.208320	0.094708
0.208400	0.100658
0.208480	0.104625
0.208560	0.106608
0.208640	0.108591
0.208720	0.114542
0.208800	0.118509
0.208880	0.126442
0.208960	0.130409
0.209040	0.134376
0.209120	0.136359
0.209200	0.144293
0.209280	0.148260
0.209360	0.152227
0.209440	0.158177
0.209520	0.164127
0.209600	0.166111
0.209680	0.176028
0.209760	0.179995
0.209840	0.183961
0.209920	0.191895
0.210000	0.197845
0.210080	0.201812
0.210160	0.205779
0.210240	0.211729
0.210320	0.217679
0.210400	0.217679
0.210480	0.223630
0.210560	0.225613
0.210640	0.235530
0.210720	0.235530
0.210800	0.241480
0.210880	0.245447
0.210960	0.249414
0.211040	0.255364
0.211120	0.255364
0.211200	0.259331
0.211280	0.261314
0.211360	0.263298
0.211440	0.267265
0.211520	0.271232
0.211600	0.273215
0.211680	0.275199
0.211760	0.279165
0.211840	0.283132
0.211920	0.283132
0.212000	0.291066
0.212080	0.291066
0.212160	0.297016
0.212240	0.297016
0.212320	0.297016
0.212400	0.299000
0.212480	0.306933
0.212560	0.308917
0.212640	0.312883
0.212720	0.310900
0.212800	0.314867
0.212880	0.318834
0.212960	0.322801
0.213040	0.320817
0.213120	0.328751
0.213200	0.332718
0.213280	0.332718
0.213360	0.334701
0.213440	0.338668
0.213520	0.338668
0.213600	0.340651
0.213680	0.342635
0.213760	0.344618
0.213840	0.350568
0.213920	0.350568
0.214000	0.354535
0.214080	0.354535
0.214160	0.358502
0.214240	0.360485
0.214320	0.364452
0.214400	0.362469
0.214480	0.364452
0.214560	0.366436
0.214640	0.370403
0.214720	0.374369
0.214800	0.376353
0.214880	0.374369
0.214960	0.376353
0.215040	0.376353
0.215120	0.380320
0.215200	0.384286
0.215280	0.384286
0.215360	0.390237
0.215440	0.390237
0.215520	0.392220
0.215600	0.392220
0.215680	0.394204
0.215760	0.396187
0.215840	0.402137
0.215920	0.402137
0.216000	0.404121
0.216080	0.408087
0.216160	0.414038
0.216240	0.416021
0.216320	0.418005
0.216400	0.418005
0.216480	0.419988
0.216560	0.423955
0.216640	0.421971
0.216720	0.429905
0.216800	0.431888
0.216880	0.431888
0.216960	0.439822
0.217040	0.441806
0.217120	0.439822
0.217200	0.441806
0.217280	0.445772
0.217360	0.447756
0.217440	0.451723
0.217520	0.451723
0.217600	0.455689
0.217680	0.459656
0.217760	0.461640
0.217840	0.463623
0.217920	0.467590
0.218000	0.467590
0.218080	0.475524
0.218160	0.477507
0.218240	0.477507
0.218320	0.479490
0.218400	0.479490
0.218480	0.483457
0.218560	0.485441
0.218640	0.487424
0.218720	0.487424
0.218800	0.489408
0.218880	0.491391
0.218960	0.493374
0.219040	0.495358
0.219120	0.499325
0.219200	0.497341
0.219280	0.501308
0.219360	0.501308
0.219440	0.503291
0.219520	0.501308
0.219600	0.505275
0.219680	0.507258
0.219760	0.507258
0.219840	0.509242
0.219920	0.511225
0.220000	0.511225
0.220080	0.515192
0.220160	0.517175
0.220240	0.517175
0.220320	0.517175
0.220400	0.521142
0.220480	0.519159
0.220560	0.519159
0.220640	0.523126
0.220720	0.521142
0.220800	0.525109
0.220880	0.523126
0.220960	0.527092
0.221040	0.527092
0.221120	0.531059
0.221200	0.531059
0.221280	0.533043
0.221360	0.533043
0.221440	0.533043
0.221520	0.537010
0.221600	0.537010
0.221680	0.537010
0.221760	0.537010
0.221840	0.537010
0.221920	0.538993
0.222000	0.538993
0.222080	0.542960
0.222160	0.540976
0.222240	0.542960
0.222320	0.544943
0.222400	0.542960
0.222480	0.548910
0.222560	0.546927
0.222640	0.546927
0.222720	0.548910
0.222800	0.550893
0.222880	0.552877
0.222960	0.548910
0.223040	0.550893
0.223120	0.552877
0.223200	0.556844
0.223280	0.556844
0.223360	0.556844
0.223440	0.562794
0.223520	0.556844
0.223600	0.558827
0.223680	0.558827
0.223760	0.560811
0.223840	0.562794
0.223920	0.556844
0.224000	0.560811
0.224080	0.568744
0.224160	0.562794
0.224240	0.562794
0.224320	0.566761
0.224400	0.562794
0.224480	0.572711
0.224560	0.564777
0.224640	0.572711
0.224720	0.568744
0.224800	0.570728
0.224880	0.568744
0.224960	0.574694
0.225040	0.572711
0.225120	0.572711
0.225200	0.574694
0.225280	0.576678
0.225360	0.576678
0.225440	0.578661
0.225520	0.578661
0.225600	0.574694
0.225680	0.580645
0.225760	0.578661
0.225840	0.580645
0.225920	0.580645
0.226000	0.582628
0.226080	0.580645
0.226160	0.586595
0.226240	0.582628
0.226320	0.580645
0.226400	0.582628
0.226480	0.582628
0.226560	0.580645
0.226640	0.580645
0.226720	0.582628
0.226800	0.582628
0.226880	0.582628
0.226960	0.584612
0.227040	0.584612
0.227120	0.582628
0.227200	0.582628
0.227280	0.586595
0.227360	0.586595
0.227440	0.584612
0.227520	0.582628
0.227600	0.584612
0.227680	0.588578
0.227760	0.586595
0.227840	0.582628
0.227920	0.586595
0.228000	0.586595
0.228080	0.586595
0.228160	0.582628
0.228240	0.586595
0.228320	0.588578
0.228400	0.588578
0.228480	0.586595
0.228560	0.582628
0.228640	0.586595
0.228720	0.586595
0.228800	0.586595
0.228880	0.586595
0.228960	0.586595
0.229040	0.586595
0.229120	0.588578
0.229200	0.590562
0.229280	0.588578
0.229360	0.592545
0.229440	0.584612
0.229520	0.590562
0.229600	0.588578
0.229680	0.586595
0.229760	0.588578
0.229840	0.590562
0.229920	0.592545
0.230000	0.588578
0.230080	0.594529
0.230160	0.588578
0.230240	0.590562
0.230320	0.588578
0.230400	0.590562
0.230480	0.588578
0.230560	0.590562
0.230640	0.594529
0.230720	0.594529
0.230800	0.594529
0.230880	0.594529
0.230960	0.594529
0.231040	0.592545
0.231120	0.590562
0.231200	0.586595
0.231280	0.596512
0.231360	0.598495
0.231440	0.602462
0.231520	0.602462
0.231600	0.600479
0.231680	0.602462
0.231760	0.600479
0.231840	0.602462
0.231920	0.602462
0.232000	0.606429
0.232080	0.606429
0.232160	0.608412
0.232240	0.608412
0.232320	0.612379
0.232400	0.616346
0.232480	0.618330
0.232560	0.620313
0.232640	0.622296
0.232720	0.626263
0.232800	0.622296
0.232880	0.628247
0.232960	0.628247
0.233040	0.630230
0.233120	0.632214
0.233200	0.636180
0.233280	0.640147
0.233360	0.642131
0.233440	0.644114
0.233520	0.648081
0.233600	0.652048
0.233680	0.656014
0.233760	0.659981
0.233840	0.661965
0.233920	0.661965
0.234000	0.665932
0.234080	0.667915
0.234160	0.671882
0.234240	0.675849
0.234320	0.677832
0.234400	0.675849
0.234480	0.681799
0.234560	0.681799
0.234640	0.683782
0.234720	0.685766
0.234800	0.689733
0.234880	0.693699
0.234960	0.695683
0.235040	0.695683
0.235120	0.699650
0.235200	0.707583
0.235280	0.713534
0.235360	0.717500
0.235440	0.723451
0.235520	0.725434
0.235600	0.729401
0.235680	0.733368
0.235760	0.735351
0.235840	0.735351
0.235920	0.741301
0.236000	0.745268
0.236080	0.745268
0.236160	0.751218
0.236240	0.759152
0.236320	0.761136
0.236400	0.761136
0.236480	0.769069
0.236560	0.771053
0.236640	0.775020
0.236720	0.778986
0.236800	0.786920
0.236880	0.788903
0.236960	0.790887
0.237040	0.798820
0.237120	0.802787
0.237200	0.806754
0.237280	0.806754
0.237360	0.806754
0.237440	0.812704
0.237520	0.814688
0.237600	0.816671
0.237680	0.820638
0.237760	0.822622
0.237840	0.826588
0.237920	0.826588
0.238000	0.828572
0.238080	0.834522
0.238160	0.832539
0.238240	0.836505
0.238320	0.834522
0.238400	0.836505
0.238480	0.842456
0.238560	0.838489
0.238640	0.842456
0.238720	0.848406
0.238800	0.848406
0.238880	0.850389
0.238960	0.850389
0.239040	0.850389
0.239120	0.854356
0.239200	0.856340
0.239280	0.858323
0.239360	0.856340
0.239440	0.856340
0.239520	0.860306
0.239600	0.862290
0.239680	0.864273
0.239760	0.864273
0.239840	0.866257
0.239920	0.866257
0.240000	0.870224
0.240080	0.872207
0.240160	0.872207
0.240240	0.872207
0.240320	0.872207
0.240400	0.872207
0.240480	0.872207
0.240560	0.874190
0.240640	0.874190
0.240720	0.872207
0.240800	0.878157
0.240880	0.876174
0.240960	0.884107
0.241040	0.880141
0.241120	0.874190
0.241200	0.872207
0.241280	0.876174
0.241360	0.880141
0.241440	0.880141
0.241520	0.878157
0.241600	0.878157
0.241680	0.876174
0.241760	0.876174
0.241840	0.878157
0.241920	0.878157
0.242000	0.880141
0.242080	0.876174
0.242160	0.882124
0.242240	0.878157
0.242320	0.880141
0.242400	0.876174
0.242480	0.878157
0.242560	0.876174
0.242640	0.876174
0.242720	0.878157
0.242800	0.878157
0.242880	0.878157
0.242960	0.878157
0.243040	0.878157
0.243120	0.878157
0.243200	0.878157
0.243280	0.880141
0.243360	0.878157
0.243440	0.880141
0.243520	0.876174
0.243600	0.878157
0.243680	0.876174
0.243760	0.880141
0.243840	0.876174
0.243920	0.876174
0.244000	0.876174
0.244080	0.876174
0.244160	0.878157
0.244240	0.878157
0.244320	0.878157
0.244400	0.876174
0.244480	0.876174
0.244560	0.874190
0.244640	0.876174
0.244720	0.876174
0.244800	0.876174
0.244880	0.878157
0.244960	0.880141
0.245040	0.880141
0.245120	0.876174
0.245200	0.876174
0.245280	0.878157
0.245360	0.876174
0.245440	0.878157
0.245520	0.876174
0.245600	0.878157
0.245680	0.876174
0.245760	0.878157
0.245840	0.882124
0.245920	0.880141
0.246000	0.878157
0.246080	0.878157
0.246160	0.878157
0.246240	0.878157
0.246320	0.878157
0.246400	0.882124
0.246480	0.880141
0.246560	0.880141
0.246640	0.876174
0.246720	0.876174
0.246800	0.876174
0.246880	0.876174
0.246960	0.878157
0.247040	0.876174
0.247120	0.882124
0.247200	0.880141
0.247280	0.880141
0.247360	0.880141
0.247440	0.880141
0.247520	0.880141
0.247600	0.876174
0.247680	0.878157
0.247760	0.876174
0.247840	0.878157
0.247920	0.880141
0.248000	0.880141
0.248080	0.878157
0.248160	0.880141
0.248240	0.880141
0.248320	0.878157
0.248400	0.878157
0.248480	0.882124
0.248560	0.880141
0.248640	0.880141
0.248720	0.880141
0.248800	0.880141
0.248880	0.882124
0.248960	0.882124
0.249040	0.880141
0.249120	0.878157
0.249200	0.880141
0.249280	0.882124
0.249360	0.880141
0.249440	0.880141
0.249520	0.880141
0.249600	0.882124
0.249680	0.882124
0.249760	0.882124
0.249840	0.882124
0.249920	0.884107
0.250000	0.882124
0.250080	0.884107
0.250160	0.886091
0.250240	0.882124
0.250320	0.882124
0.250400	0.882124
0.250480	0.886091
0.250560	0.884107
0.250640	0.880141
0.250720	0.882124
0.250800	0.884107
0.250880	0.882124
0.250960	0.886091
0.251040	0.884107
0.251120	0.884107
0.251200	0.884107
0.251280	0.882124
0.251360	0.886091
0.251440	0.884107
0.251520	0.882124
0.251600	0.882124
0.251680	0.884107
0.251760	0.880141
0.251840	0.884107
0.251920	0.880141
0.252000	0.882124
0.252080	0.882124
0.252160	0.884107
0.252240	0.882124
0.252320	0.884107
0.252400	0.880141
0.252480	0.884107
0.252560	0.882124
0.252640	0.884107
0.252720	0.884107
0.252800	0.884107
0.252880	0.886091
0.252960	0.886091
0.253040	0.884107
0.253120	0.882124
0.253200	0.884107
0.253280	0.886091
0.253360	0.886091
0.253440	0.884107
0.253520	0.886091
0.253600	0.882124
0.253680	0.886091
0.253760	0.886091
0.253840	0.884107
0.253920	0.886091
0.254000	0.884107
0.254080	0.882124
0.254160	0.886091
0.254240	0.886091
0.254320	0.884107
0.254400	0.886091
0.254480	0.884107
0.254560	0.882124
0.254640	0.882124
0.254720	0.882124
0.254800	0.884107
0.254880	0.886091
0.254960	0.888074
0.255040	0.886091
0.255120	0.884107
0.255200	0.882124
0.255280	0.882124
0.255360	0.884107
0.255440	0.884107
0.255520	0.884107
0.255600	0.884107
0.255680	0.888074
0.255760	0.888074
0.255840	0.886091
0.255920	0.886091
0.256000	0.886091
0.256080	0.886091
0.256160	0.886091
0.256240	0.888074
0.256320	0.886091
0.256400	0.886091
0.256480	0.888074
0.256560	0.886091
0.256640	0.886091
0.256720	0.884107
0.256800	0.886091
0.256880	0.882124
0.256960	0.886091
0.257040	0.884107
0.257120	0.884107
0.257200	0.886091
0.257280	0.886091
0.257360	0.886091
0.257440	0.886091
0.257520	0.884107
0.257600	0.886091
0.257680	0.886091
0.257760	0.882124
0.257840	0.884107
0.257920	0.884107
0.258000	0.884107
0.258080	0.886091
0.258160	0.886091
0.258240	0.884107
0.258320	0.888074
0.258400	0.886091
0.258480	0.886091
0.258560	0.886091
0.258640	0.882124
0.258720	0.884107
0.258800	0.884107
0.258880	0.882124
0.258960	0.880141
0.259040	0.880141
0.259120	0.878157
0.259200	0.876174
0.259280	0.876174
0.259360	0.876174
0.259440	0.868240
0.259520	0.870224
0.259600	0.870224
0.259680	0.864273
0.259760	0.866257
0.259840	0.866257
0.259920	0.862290
0.260000	0.860306
0.260080	0.858323
0.260160	0.854356
0.260240	0.854356
0.260320	0.854356
0.260400	0.848406
0.260480	0.848406
0.260560	0.850389
0.260640	0.846422
0.260720	0.844439
0.260800	0.840472
0.260880	0.836505
0.260960	0.840472
0.261040	0.838489
0.261120	0.830555
0.261200	0.832539
0.261280	0.830555
0.261360	0.826588
0.261440	0.828572
0.261520	0.826588
0.261600	0.826588
0.261680	0.822622
0.261760	0.820638
0.261840	0.818655
0.261920	0.818655
0.262000	0.814688
0.262080	0.808738
0.262160	0.806754
0.262240	0.804771
0.262320	0.804771
0.262400	0.800804
0.262480	0.794854
0.262560	0.794854
0.262640	0.788903
0.262720	0.788903
0.262800	0.782953
0.262880	0.777003
0.262960	0.773036
0.263040	0.769069
0.263120	0.763119
0.263200	0.759152
0.263280	0.757169
0.263360	0.755185
0.263440	0.753202
0.263520	0.743285
0.263600	0.743285
0.263680	0.735351
0.263760	0.737335
0.263840	0.731384
0.263920	0.731384
0.264000	0.727418
0.264080	0.727418
0.264160	0.725434
0.264240	0.721467
0.264320	0.717500
0.264400	0.711550
0.264480	0.707583
0.264560	0.701633
0.264640	0.701633
0.264720	0.693699
0.264800	0.693699
0.264880	0.689733
0.264960	0.687749
0.265040	0.685766
0.265120	0.681799
0.265200	0.679816
0.265280	0.677832
0.265360	0.673865
0.265440	0.675849
0.265520	0.671882
0.265600	0.667915
0.265680	0.663948
0.265760	0.657998
0.265840	0.657998
0.265920	0.656014
0.266000	0.652048
0.266080	0.650064
0.266160	0.646097
0.266240	0.644114
0.266320	0.638164
0.266400	0.636180
0.266480	0.632214
0.266560	0.626263
0.266640	0.622296
0.266720	0.620313
0.266800	0.618330
0.266880	0.614363
0.266960	0.608412
0.267040	0.604446
0.267120	0.598495
0.267200	0.600479
0.267280	0.596512
0.267360	0.588578
0.267440	0.586595
0.267520	0.584612
0.267600	0.580645
0.267680	0.578661
0.267760	0.574694
0.267840	0.574694
0.267920	0.568744
0.268000	0.568744
0.268080	0.562794
0.268160	0.558827
0.268240	0.554860
0.268320	0.548910
0.268400	0.546927
0.268480	0.540976
0.268560	0.537010
0.268640	0.531059
0.268720	0.531059
0.268800	0.527092
0.268880	0.523126
0.268960	0.517175
0.269040	0.517175
0.269120	0.511225
0.269200	0.507258
0.269280	0.501308
0.269360	0.499325
0.269440	0.489408
0.269520	0.485441
0.269600	0.485441
0.269680	0.481474
0.269760	0.479490
0.269840	0.479490
0.269920	0.473540
0.270000	0.471557
0.270080	0.467590
0.270160	0.463623
0.270240	0.461640
0.270320	0.457673
0.270400	0.451723
0.270480	0.447756
0.270560	0.441806
0.270640	0.435855
0.270720	0.431888
0.270800	0.429905
0.270880	0.423955
0.270960	0.421971
0.271040	0.419988
0.271120	0.410071
0.271200	0.408087
0.271280	0.404121
0.271360	0.398170
0.271440	0.396187
0.271520	0.392220
0.271600	0.388253
0.271680	0.388253
0.271760	0.388253
0.271840	0.384286
0.271920	0.384286
0.272000	0.380320
0.272080	0.378336
0.272160	0.374369
0.272240	0.374369
0.272320	0.372386
0.272400	0.368419
0.272480	0.366436
0.272560	0.362469
0.272640	0.360485
0.272720	0.356519
0.272800	0.356519
0.272880	0.352552
0.272960	0.350568
0.273040	0.348585
0.273120	0.346602
0.273200	0.344618
0.273280	0.340651
0.273360	0.336684
0.273440	0.334701
0.273520	0.332718
0.273600	0.332718
0.273680	0.326767
0.273760	0.322801
0.273840	0.320817
0.273920	0.316850
0.274000	0.314867
0.274080	0.314867
0.274160	0.308917
0.274240	0.308917
0.274320	0.306933
0.274400	0.302966
0.274480	0.304950
0.274560	0.293049
0.274640	0.295033
0.274720	0.297016
0.274800	0.291066
0.274880	0.289082
0.274960	0.291066
0.275040	0.287099
0.275120	0.287099
0.275200	0.279165
0.275280	0.281149
0.275360	0.279165
0.275440	0.275199
0.275520	0.279165
0.275600	0.277182
0.275680	0.269248
0.275760	0.271232
0.275840	0.269248
0.275920	0.269248
0.276000	0.267265
0.276080	0.263298
0.276160	0.261314
0.276240	0.263298
0.276320	0.259331
0.276400	0.257348
0.276480	0.255364
0.276560	0.255364
0.276640	0.251398
0.276720	0.251398
0.276800	0.247431
0.276880	0.247431
0.276960	0.241480
0.277040	0.243464
0.277120	0.241480
0.277200	0.237514
0.277280	0.239497
0.277360	0.235530
0.277440	0.231563
0.277520	0.229580
0.277600	0.231563
0.277680	0.229580
0.277760	0.225613
0.277840	0.227596
0.277920	0.221646
0.278000	0.219663
0.278080	0.217679
0.278160	0.213713
0.278240	0.213713
0.278320	0.205779
0.278400	0.203796
0.278480	0.199829
0.278560	0.199829
0.278640	0.191895
0.278720	0.189912
0.278800	0.183961
0.278880	0.179995
0.278960	0.176028
0.279040	0.174044
0.279120	0.172061
0.279200	0.168094
0.279280	0.164127
0.279360	0.160160
0.279440	0.156194
0.279520	0.152227
0.279600	0.150243
0.279680	0.144293
0.279760	0.138343
0.279840	0.138343
0.279920	0.134376
0.280000	0.128426
0.280080	0.126442
0.280160	0.124459
0.280240	0.118509
0.280320	0.116525
0.280400	0.110575
0.280480	0.108591
0.280560	0.106608
0.280640	0.100658
0.280720	0.096691
0.280800	0.092724
0.280880	0.084790
0.280960	0.082807
0.281040	0.078840
0.281120	0.072890
0.281200	0.072890
0.281280	0.068923
0.281360	0.064956
0.281440	0.060989
0.281520	0.055039
0.281600	0.055039
0.281680	0.051072
0.281760	0.047106
0.281840	0.043139
0.281920	0.041155
0.282000	0.035205
0.282080	0.031238
0.282160	0.031238
0.282240	0.023305
0.282320	0.021321
0.282400	0.019338
0.282480	0.015371
0.282560	0.009421
0.282640	0.005454
0.282720	0.003470
0.282800	-0.006447
0.282880	-0.008430
0.282960	-0.008430
0.283040	-0.016364
0.283120	-0.016364
0.283200	-0.020331
0.283280	-0.020331
0.283360	-0.024298
0.283440	-0.028264
0.283520	-0.032231
0.283600	-0.038181
0.283680	-0.042148
0.283760	-0.048099
0.283840	-0.048099
0.283920	-0.056032
0.284000	-0.056032
0.284080	-0.063966
0.284160	-0.065949
0.284240	-0.067933
0.284320	-0.073883
0.284400	-0.075866
0.284480	-0.081817
0.284560	-0.087767
0.284640	-0.091734
0.284720	-0.095701
0.284800	-0.099667
0.284880	-0.101651
0.284960	-0.109584
0.285040	-0.111568
0.285120	-0.117518
0.285200	-0.123468
0.285280	-0.123468
0.285360	-0.127435
0.285440	-0.129418
0.285520	-0.135369
0.285600	-0.139336
0.285680	-0.145286
0.285760	-0.147269
0.285840	-0.149253
0.285920	-0.151236
0.286000	-0.157186
0.286080	-0.159170
0.286160	-0.161153
0.286240	-0.165120
0.286320	-0.171070
0.286400	-0.179004
0.286480	-0.177021
0.286560	-0.179004
0.286640	-0.186938
0.286720	-0.188921
0.286800	-0.190904
0.286880	-0.196855
0.286960	-0.196855
0.287040	-0.202805
0.287120	-0.200822
0.287200	-0.208755
0.287280	-0.210739
0.287360	-0.214705
0.287440	-0.216689
0.287520	-0.220656
0.287600	-0.222639
0.287680	-0.226606
0.287760	-0.228589
0.287840	-0.230573
0.287920	-0.232556
0.288000	-0.236523
0.288080	-0.236523
0.288160	-0.242473
0.288240	-0.244457
0.288320	-0.250407
0.288400	-0.254374
0.288480	-0.254374
0.288560	-0.256357
0.288640	-0.258341
0.288720	-0.260324
0.288800	-0.262307
0.288880	-0.262307
0.288960	-0.266274
0.289040	-0.272225
0.289120	-0.272225
0.289200	-0.278175
0.289280	-0.282142
0.289360	-0.288092
0.289440	-0.290075
0.289520	-0.294042
0.289600	-0.298009
0.289680	-0.301976
0.289760	-0.301976
0.289840	-0.311893
0.289920	-0.315860
0.290000	-0.317843
0.290080	-0.321810
0.290160	-0.323793
0.290240	-0.329744
0.290320	-0.333710
0.290400	-0.335694
0.290480	-0.339661
0.290560	-0.337677
0.290640	-0.341644
0.290720	-0.341644
0.290800	-0.355528
0.290880	-0.353545
0.290960	-0.357511
0.291040	-0.361478
0.291120	-0.353545
0.291200	-0.359495
0.291280	-0.359495
0.291360	-0.367429
0.291440	-0.369412
0.291520	-0.377346
0.291600	-0.377346
0.291680	-0.379329
0.291760	-0.381312
0.291840	-0.383296
0.291920	-0.385279
0.292000	-0.385279
0.292080	-0.389246
0.292160	-0.389246
0.292240	-0.391230
0.292320	-0.393213
0.292400	-0.393213
0.292480	-0.393213
0.292560	-0.397180
0.292640	-0.401147
0.292720	-0.401147
0.292800	-0.403130
0.292880	-0.403130
0.292960	-0.405113
0.293040	-0.405113
0.293120	-0.405113
0.293200	-0.409080
0.293280	-0.409080
0.293360	-0.409080
0.293440	-0.413047
0.293520	-0.413047
0.293600	-0.417014
0.293680	-0.415031
0.293760	-0.417014
0.293840	-0.417014
0.293920	-0.417014
0.294000	-0.418997
0.294080	-0.420981
0.294160	-0.420981
0.294240	-0.422964
0.294320	-0.424948
0.294400	-0.424948
0.294480	-0.428914
0.294560	-0.428914
0.294640	-0.428914
0.294720	-0.430898
0.294800	-0.430898
0.294880	-0.432881
0.294960	-0.432881
0.295040	-0.434865
0.295120	-0.434865
0.295200	-0.436848
0.295280	-0.436848
0.295360	-0.440815
0.295440	-0.442798
0.295520	-0.440815
0.295600	-0.444782
0.295680	-0.446765
0.295760	-0.450732
0.295840	-0.450732
0.295920	-0.450732
0.296000	-0.450732
0.296080	-0.452715
0.296160	-0.452715
0.296240	-0.454699
0.296320	-0.456682
0.296400	-0.458666
0.296480	-0.458666
0.296560	-0.458666
0.296640	-0.460649
0.296720	-0.460649
0.296800	-0.460649
0.296880	-0.462632
0.296960	-0.468583
0.297040	-0.466599
0.297120	-0.466599
0.297200	-0.468583
0.297280	-0.470566
0.297360	-0.472550
0.297440	-0.470566
0.297520	-0.472550
0.297600	-0.474533
0.297680	-0.476516
0.297760	-0.476516
0.297840	-0.478500
0.297920	-0.478500
0.298000	-0.476516
0.298080	-0.478500
0.298160	-0.482467
0.298240	-0.482467
0.298320	-0.482467
0.298400	-0.482467
0.298480	-0.486433
0.298560	-0.486433
0.298640	-0.486433
0.298720	-0.486433
0.298800	-0.488417
0.298880	-0.490400
0.298960	-0.492384
0.299040	-0.496351
0.299120	-0.494367
0.299200	-0.494367
0.299280	-0.496351
0.299360	-0.496351
0.299440	-0.498334
0.299520	-0.500318
0.299600	-0.502301
0.299680	-0.504284
0.299760	-0.504284
0.299840	-0.500318
0.299920	-0.508251
0.300000	-0.506268
0.300080	-0.510235
0.300160	-0.510235
0.300240	-0.514201
0.300320	-0.514201
0.300400	-0.512218
0.300480	-0.514201
0.300560	-0.514201
0.300640	-0.516185
0.300720	-0.518168
0.300800	-0.516185
0.300880	-0.518168
0.300960	-0.518168
0.301040	-0.522135
0.301120	-0.524118
0.301200	-0.522135
0.301280	-0.520152
0.301360	-0.526102
0.301440	-0.526102
0.301520	-0.528085
0.301600	-0.524118
0.301680	-0.528085
0.301760	-0.526102
0.301840	-0.526102
0.301920	-0.524118
0.302000	-0.528085
0.302080	-0.532052
0.302160	-0.534036
0.302240	-0.532052
0.302320	-0.536019
0.302400	-0.534036
0.302480	-0.536019
0.302560	-0.536019
0.302640	-0.538002
0.302720	-0.539986
0.302800	-0.541969
0.302880	-0.539986
0.302960	-0.543953
0.303040	-0.539986
0.303120	-0.541969
0.303200	-0.543953
0.303280	-0.545936
0.303360	-0.543953
0.303440	-0.545936
0.303520	-0.549903
0.303600	-0.549903
0.303680	-0.549903
0.303760	-0.549903
0.303840	-0.551886
0.303920	-0.553870
0.304000	-0.551886
0.304080	-0.555853
0.304160	-0.555853
0.304240	-0.559820
0.304320	-0.555853
0.304400	-0.555853
0.304480	-0.557837
0.304560	-0.559820
0.304640	-0.559820
0.304720	-0.563787
0.304800	-0.561803
0.304880	-0.565770
0.304960	-0.565770
0.305040	-0.563787
0.305120	-0.565770
0.305200	-0.565770
0.305280	-0.569737
0.305360	-0.571720
0.305440	-0.573704
0.305520	-0.571720
0.305600	-0.573704
0.305680	-0.577671
0.305760	-0.577671
0.305840	-0.577671
0.305920	-0.581638
0.306000	-0.581638
0.306080	-0.581638
0.306160	-0.585604
0.306240	-0.587588
0.306320	-0.587588
0.306400	-0.591555
0.306480	-0.593538
0.306560	-0.591555
0.306640	-0.591555
0.306720	-0.593538
0.306800	-0.593538
0.306880	-0.597505
0.306960	-0.597505
0.307040	-0.599488
0.307120	-0.601472
0.307200	-0.597505
0.307280	-0.599488
0.307360	-0.601472
0.307440	-0.601472
0.307520	-0.601472
0.307600	-0.603455
0.307680	-0.603455
0.307760	-0.607422
0.307840	-0.607422
0.307920	-0.609405
0.308000	-0.609405
0.308080	-0.611389
0.308160	-0.611389
0.308240	-0.611389
0.308320	-0.613372
0.308400	-0.613372
0.308480	-0.615356
0.308560	-0.613372
0.308640	-0.613372
0.308720	-0.617339
0.308800	-0.619322
0.308880	-0.621306
0.308960	-0.621306
0.309040	-0.617339
0.309120	-0.619322
0.309200	-0.625273
0.309280	-0.625273
0.309360	-0.625273
0.309440	-0.625273
0.309520	-0.623289
0.309600	-0.623289
0.309680	-0.625273
0.309760	-0.627256
0.309840	-0.631223
0.309920	-0.629240
0.310000	-0.629240
