-0.022440	0.786250
-0.022320	0.786250
-0.022200	0.786250
-0.022080	0.786250
-0.021960	0.786250
-0.021840	0.786250
-0.021720	0.786250
-0.021600	0.786250
-0.021480	0.786250
-0.021360	0.786250
-0.021240	0.786250
-0.021120	0.786250
-0.021000	0.786250
-0.020880	0.786250
-0.020760	0.786250
-0.020640	0.786250
-0.020520	0.786250
-0.020400	0.786250
-0.020280	0.786250
-0.020160	0.786250
-0.020040	0.786250
-0.019920	0.786250
-0.019800	0.786250
-0.019680	0.786250
-0.019560	0.786250
-0.019440	0.786250
-0.019320	0.786250
-0.019200	0.786250
-0.019080	0.786250
-0.018960	0.786250
-0.018840	0.786250
-0.018720	0.786250
-0.018600	0.786250
-0.018480	0.786250
-0.018360	0.786250
-0.018240	0.786250
-0.018120	0.786250
-0.018000	0.786250
-0.017880	0.786250
-0.017760	0.786250
-0.017640	-8.963500
-0.017520	0.786250
-0.017400	0.786250
-0.017280	0.786250
-0.017160	0.786250
-0.017040	0.786250
-0.016920	0.786250
-0.016800	0.786250
-0.016680	0.786250
-0.016560	0.786250
-0.016440	-8.963500
-0.016320	-8.963500
-0.016200	-8.963500
-0.016080	-8.963500
-0.015960	0.786250
-0.015840	0.786250
-0.015720	0.786250
-0.015600	0.786250
-0.015480	0.786250
-0.015360	0.786250
-0.015240	0.786250
-0.015120	0.786250
-0.015000	0.786250
-0.014880	0.786250
-0.014760	0.786250
-0.014640	-8.963500
-0.014520	-8.963500
-0.014400	-8.963500
-0.014280	0.786250
-0.014160	0.786250
-0.014040	0.786250
-0.013920	0.786250
-0.013800	0.786250
-0.013680	0.786250
-0.013560	0.786250
-0.013440	0.786250
-0.013320	0.786250
-0.013200	0.786250
-0.013080	-8.963500
-0.012960	0.786250
-0.012840	0.786250
-0.012720	0.786250
-0.012600	0.786250
-0.012480	0.786250
-0.012360	0.786250
-0.012240	0.786250
-0.012120	0.786250
-0.012000	0.786250
-0.011880	-8.963500
-0.011760	0.786250
-0.011640	0.786250
-0.011520	-8.963500
-0.011400	0.786250
-0.011280	0.786250
-0.011160	-8.963500
-0.011040	0.786250
-0.010920	-8.963500
-0.010800	0.786250
-0.010680	0.786250
-0.010560	-8.963500
-0.010440	-8.963500
-0.010320	0.786250
-0.010200	-8.963500
-0.010080	0.786250
-0.009960	-8.963500
-0.009840	-8.963500
-0.009720	0.786250
-0.009600	0.786250
-0.009480	0.786250
-0.009360	0.786250
-0.009240	0.786250
-0.009120	0.786250
-0.009000	0.786250
-0.008880	-8.963500
-0.008760	0.786250
-0.008640	0.786250
-0.008520	-8.963500
-0.008400	0.786250
-0.008280	0.786250
-0.008160	0.786250
-0.008040	0.786250
-0.007920	0.786250
-0.007800	-8.963500
-0.007680	-8.963500
-0.007560	-8.963500
-0.007440	-8.963500
-0.007320	0.786250
-0.007200	-8.963500
-0.007080	0.786250
-0.006960	-8.963500
-0.006840	-8.963500
-0.006720	0.786250
-0.006600	-8.963500
-0.006480	0.786250
-0.006360	0.786250
-0.006240	0.786250
-0.006120	0.786250
-0.006000	0.786250
-0.005880	-8.963500
-0.005760	-8.963500
-0.005640	-8.963500
-0.005520	0.786250
-0.005400	0.786250
-0.005280	-8.963500
-0.005160	-8.963500
-0.005040	-8.963500
-0.004920	0.786250
-0.004800	0.786250
-0.004680	-8.963500
-0.004560	0.786250
-0.004440	-8.963500
-0.004320	-18.712999
-0.004200	-28.462999
-0.004080	-28.462999
-0.003960	-8.963500
-0.003840	0.786250
-0.003720	0.786250
-0.003600	0.786250
-0.003480	0.786250
-0.003360	-8.963500
-0.003240	0.786250
-0.003120	0.786250
-0.003000	0.786250
-0.002880	-8.963500
-0.002760	-8.963500
-0.002640	-8.963500
-0.002520	-8.963500
-0.002400	-28.462999
-0.002280	-28.462999
-0.002160	-18.712999
-0.002040	-8.963500
-0.001920	0.786250
-0.001800	-8.963500
-0.001680	-8.963500
-0.001560	-8.963500
-0.001440	-8.963500
-0.001320	-8.963500
-0.001200	-8.963500
-0.001080	-8.963500
-0.000960	-8.963500
-0.000840	-8.963500
-0.000720	-8.963500
-0.000600	-8.963500
-0.000480	-8.963500
-0.000360	-8.963500
-0.000240	-8.963500
-0.000120	-8.963500
0.000000	-8.963500
0.000120	-8.963500
0.000240	-8.963500
0.000360	-8.963500
0.000480	-8.963500
0.000600	-8.963500
0.000720	-8.963500
0.000840	-8.963500
0.000960	-8.963500
0.001080	-8.963500
0.001200	-8.963500
0.001320	-8.963500
0.001440	-8.963500
0.001560	-8.963500
0.001680	-8.963500
0.001800	-8.963500
0.001920	-8.963500
0.002040	-8.963500
0.002160	-8.963500
0.002280	-8.963500
0.002400	-8.963500
0.002520	-8.963500
0.002640	-8.963500
0.002760	-8.963500
0.002880	-8.963500
0.003000	-8.963500
0.003120	-8.963500
0.003240	-8.963500
0.003360	-8.963500
0.003480	-8.963500
0.003600	-8.963500
0.003720	-8.963500
0.003840	-8.963500
0.003960	-8.963500
0.004080	-8.963500
0.004200	-8.963500
0.004320	-8.963500
0.004440	-8.963500
0.004560	-8.963500
0.004680	-8.963500
0.004800	-8.963500
0.004920	-8.963500
0.005040	-8.963500
0.005160	-8.963500
0.005280	-8.963500
0.005400	-8.963500
0.005520	-8.963500
0.005640	-8.963500
0.005760	-8.963500
0.005880	-8.963500
0.006000	-8.963500
0.006120	-8.963500
0.006240	-18.712999
0.006360	-8.963500
0.006480	-18.712999
0.006600	-18.712999
0.006720	-8.963500
0.006840	-8.963500
0.006960	-8.963500
0.007080	-8.963500
0.007200	-8.963500
0.007320	-8.963500
0.007440	-8.963500
0.007560	-8.963500
0.007680	-8.963500
0.007800	-8.963500
0.007920	-8.963500
0.008040	-8.963500
0.008160	-8.963500
0.008280	-8.963500
0.008400	-8.963500
0.008520	-8.963500
0.008640	-8.963500
0.008760	0.786250
0.008880	-8.963500
0.009000	-8.963500
0.009120	-8.963500
0.009240	-8.963500
0.009360	-8.963500
0.009480	-8.963500
0.009600	-8.963500
0.009720	-8.963500
0.009840	0.786250
0.009960	-8.963500
0.010080	-8.963500
0.010200	-8.963500
0.010320	-8.963500
0.010440	-8.963500
0.010560	-8.963500
0.010680	-8.963500
0.010800	-8.963500
0.010920	-8.963500
0.011040	-8.963500
0.011160	0.786250
0.011280	-8.963500
0.011400	-8.963500
0.011520	-8.963500
0.011640	-8.963500
0.011760	-8.963500
0.011880	-8.963500
0.012000	0.786250
0.012120	0.786250
0.012240	-8.963500
0.012360	-8.963500
0.012480	0.786250
0.012600	0.786250
0.012720	0.786250
0.012840	-8.963500
0.012960	-8.963500
0.013080	0.786250
0.013200	0.786250
0.013320	0.786250
0.013440	-8.963500
0.013560	0.786250
0.013680	0.786250
0.013800	0.786250
0.013920	0.786250
0.014040	-8.963500
0.014160	0.786250
0.014280	-8.963500
0.014400	0.786250
0.014520	-8.963500
0.014640	0.786250
0.014760	0.786250
0.014880	0.786250
0.015000	0.786250
0.015120	-8.963500
0.015240	-8.963500
0.015360	-8.963500
0.015480	-8.963500
0.015600	-8.963500
0.015720	-8.963500
0.015840	-8.963500
0.015960	-8.963500
0.016080	-8.963500
0.016200	-8.963500
0.016320	-8.963500
0.016440	-8.963500
0.016560	-8.963500
0.016680	-8.963500
0.016800	-8.963500
0.016920	-8.963500
0.017040	-8.963500
0.017160	-8.963500
0.017280	-8.963500
0.017400	0.786250
0.017520	-8.963500
0.017640	-8.963500
0.017760	-8.963500
0.017880	-8.963500
0.018000	-8.963500
0.018120	-8.963500
0.018240	-8.963500
0.018360	-8.963500
0.018480	-8.963500
0.018600	-8.963500
0.018720	-8.963500
0.018840	-8.963500
0.018960	0.786250
0.019080	-8.963500
0.019200	-8.963500
0.019320	-8.963500
0.019440	-8.963500
0.019560	-8.963500
0.019680	-8.963500
0.019800	-8.963500
0.019920	-8.963500
0.020040	-8.963500
0.020160	-8.963500
0.020280	0.786250
0.020400	-8.963500
0.020520	-8.963500
0.020640	-8.963500
0.020760	-8.963500
0.020880	-8.963500
0.021000	0.786250
0.021120	-8.963500
0.021240	-8.963500
0.021360	-8.963500
0.021480	-8.963500
0.021600	0.786250
0.021720	0.786250
0.021840	-8.963500
0.021960	-8.963500
0.022080	-8.963500
0.022200	-8.963500
0.022320	-8.963500
0.022440	-8.963500
0.022560	-8.963500
0.022680	-8.963500
0.022800	-8.963500
0.022920	-8.963500
0.023040	0.786250
0.023160	0.786250
0.023280	-8.963500
0.023400	0.786250
0.023520	0.786250
0.023640	0.786250
0.023760	0.786250
0.023880	0.786250
0.024000	-8.963500
0.024120	0.786250
0.024240	0.786250
0.024360	0.786250
0.024480	-8.963500
0.024600	-8.963500
0.024720	-8.963500
0.024840	-8.963500
0.024960	0.786250
0.025080	-8.963500
0.025200	-8.963500
0.025320	0.786250
0.025440	0.786250
0.025560	0.786250
0.025680	-8.963500
0.025800	-8.963500
0.025920	-8.963500
0.026040	0.786250
0.026160	-8.963500
0.026280	0.786250
0.026400	-8.963500
0.026520	0.786250
0.026640	0.786250
0.026760	0.786250
0.026880	0.786250
0.027000	-8.963500
0.027120	0.786250
0.027240	-8.963500
0.027360	-8.963500
0.027480	-8.963500
0.027600	-8.963500
0.027720	0.786250
0.027840	-8.963500
0.027960	-8.963500
0.028080	-8.963500
0.028200	0.786250
0.028320	-8.963500
0.028440	-8.963500
0.028560	-8.963500
0.028680	-8.963500
0.028800	-8.963500
0.028920	-8.963500
0.029040	-8.963500
0.029160	-8.963500
0.029280	-8.963500
0.029400	-8.963500
0.029520	-8.963500
0.029640	-8.963500
0.029760	-8.963500
0.029880	-8.963500
0.030000	0.786250
0.030120	-8.963500
0.030240	-8.963500
0.030360	-8.963500
0.030480	-8.963500
0.030600	0.786250
0.030720	0.786250
0.030840	-8.963500
0.030960	-8.963500
0.031080	-8.963500
0.031200	-8.963500
0.031320	-8.963500
0.031440	-8.963500
0.031560	-8.963500
0.031680	-8.963500
0.031800	-8.963500
0.031920	-8.963500
0.032040	0.786250
0.032160	-8.963500
0.032280	0.786250
0.032400	-8.963500
0.032520	-8.963500
0.032640	-8.963500
0.032760	-8.963500
0.032880	-8.963500
0.033000	-8.963500
0.033120	-8.963500
0.033240	-8.963500
0.033360	-8.963500
0.033480	-8.963500
0.033600	-8.963500
0.033720	-8.963500
0.033840	-8.963500
0.033960	-8.963500
0.034080	-8.963500
0.034200	-8.963500
0.034320	-8.963500
0.034440	-8.963500
0.034560	-8.963500
0.034680	-8.963500
0.034800	-8.963500
0.034920	-8.963500
0.035040	-8.963500
0.035160	-8.963500
0.035280	-8.963500
0.035400	-8.963500
0.035520	-8.963500
0.035640	-8.963500
0.035760	-8.963500
0.035880	-8.963500
0.036000	-8.963500
0.036120	-8.963500
0.036240	-8.963500
0.036360	-8.963500
0.036480	-8.963500
0.036600	-8.963500
0.036720	-8.963500
0.036840	0.786250
0.036960	0.786250
0.037080	0.786250
0.037200	-8.963500
0.037320	-8.963500
0.037440	0.786250
0.037560	-8.963500
0.037680	0.786250
0.037800	0.786250
0.037920	0.786250
0.038040	-8.963500
0.038160	0.786250
0.038280	0.786250
0.038400	0.786250
0.038520	0.786250
0.038640	0.786250
0.038760	0.786250
0.038880	-18.712999
0.039000	-18.712999
0.039120	-8.963500
0.039240	0.786250
0.039360	0.786250
0.039480	0.786250
0.039600	0.786250
0.039720	0.786250
0.039840	0.786250
0.039960	0.786250
0.040080	0.786250
0.040200	0.786250
0.040320	0.786250
0.040440	0.786250
0.040560	0.786250
0.040680	0.786250
0.040800	0.786250
0.040920	0.786250
0.041040	0.786250
0.041160	0.786250
0.041280	0.786250
0.041400	0.786250
0.041520	0.786250
0.041640	0.786250
0.041760	0.786250
0.041880	0.786250
0.042000	0.786250
0.042120	0.786250
0.042240	-8.963500
0.042360	0.786250
0.042480	0.786250
0.042600	0.786250
0.042720	-8.963500
0.042840	-8.963500
0.042960	-8.963500
0.043080	-8.963500
0.043200	-8.963500
0.043320	-8.963500
0.043440	-8.963500
0.043560	0.786250
0.043680	-8.963500
0.043800	-8.963500
0.043920	-8.963500
0.044040	-8.963500
0.044160	-8.963500
0.044280	-8.963500
0.044400	-8.963500
0.044520	-8.963500
0.044640	-8.963500
0.044760	-8.963500
0.044880	-8.963500
0.045000	-8.963500
0.045120	-8.963500
0.045240	-8.963500
0.045360	-8.963500
0.045480	-8.963500
0.045600	-8.963500
0.045720	-8.963500
0.045840	-8.963500
0.045960	-8.963500
0.046080	-8.963500
0.046200	-8.963500
0.046320	-8.963500
0.046440	-8.963500
0.046560	-8.963500
0.046680	-8.963500
0.046800	-8.963500
0.046920	-8.963500
0.047040	-8.963500
0.047160	-8.963500
0.047280	-8.963500
0.047400	-8.963500
0.047520	-8.963500
0.047640	-8.963500
0.047760	-8.963500
0.047880	0.786250
0.048000	0.786250
0.048120	-8.963500
0.048240	-8.963500
0.048360	-8.963500
0.048480	-8.963500
0.048600	0.786250
0.048720	0.786250
0.048840	0.786250
0.048960	0.786250
0.049080	0.786250
0.049200	-8.963500
0.049320	0.786250
0.049440	0.786250
0.049560	0.786250
0.049680	0.786250
0.049800	0.786250
0.049920	0.786250
0.050040	0.786250
0.050160	0.786250
0.050280	0.786250
0.050400	0.786250
0.050520	0.786250
0.050640	0.786250
0.050760	-8.963500
0.050880	0.786250
0.051000	0.786250
0.051120	0.786250
0.051240	0.786250
0.051360	0.786250
0.051480	0.786250
0.051600	0.786250
0.051720	0.786250
0.051840	0.786250
0.051960	0.786250
0.052080	0.786250
0.052200	0.786250
0.052320	0.786250
0.052440	-8.963500
0.052560	0.786250
0.052680	0.786250
0.052800	-8.963500
0.052920	0.786250
0.053040	0.786250
0.053160	0.786250
0.053280	-8.963500
0.053400	0.786250
0.053520	0.786250
0.053640	0.786250
0.053760	0.786250
0.053880	0.786250
0.054000	-8.963500
0.054120	-8.963500
0.054240	-8.963500
0.054360	-8.963500
0.054480	-8.963500
0.054600	0.786250
0.054720	0.786250
0.054840	-8.963500
0.054960	-8.963500
0.055080	-8.963500
0.055200	-8.963500
0.055320	-8.963500
0.055440	-8.963500
0.055560	-8.963500
0.055680	-8.963500
0.055800	-8.963500
0.055920	-8.963500
0.056040	-8.963500
0.056160	-8.963500
0.056280	-8.963500
0.056400	-8.963500
0.056520	-8.963500
0.056640	-8.963500
0.056760	-8.963500
0.056880	0.786250
0.057000	0.786250
0.057120	0.786250
0.057240	0.786250
0.057360	-8.963500
0.057480	-8.963500
0.057600	-8.963500
0.057720	-8.963500
0.057840	-8.963500
0.057960	-8.963500
0.058080	-8.963500
0.058200	-8.963500
0.058320	-8.963500
0.058440	0.786250
0.058560	0.786250
0.058680	0.786250
0.058800	-8.963500
0.058920	-8.963500
0.059040	-8.963500
0.059160	0.786250
0.059280	-8.963500
0.059400	0.786250
0.059520	0.786250
0.059640	0.786250
0.059760	-8.963500
0.059880	-8.963500
0.060000	-8.963500
0.060120	-8.963500
0.060240	0.786250
0.060360	-8.963500
0.060480	-8.963500
0.060600	0.786250
0.060720	0.786250
0.060840	-8.963500
0.060960	0.786250
0.061080	0.786250
0.061200	0.786250
0.061320	0.786250
0.061440	-8.963500
0.061560	0.786250
0.061680	-8.963500
0.061800	-8.963500
0.061920	0.786250
0.062040	-8.963500
0.062160	-8.963500
0.062280	-8.963500
0.062400	-8.963500
0.062520	0.786250
0.062640	-8.963500
0.062760	-8.963500
0.062880	0.786250
0.063000	-8.963500
0.063120	0.786250
0.063240	0.786250
0.063360	0.786250
0.063480	-8.963500
0.063600	0.786250
0.063720	0.786250
0.063840	-8.963500
0.063960	0.786250
0.064080	-8.963500
0.064200	-8.963500
0.064320	-8.963500
0.064440	-8.963500
0.064560	-8.963500
0.064680	-8.963500
0.064800	0.786250
0.064920	-8.963500
0.065040	-8.963500
0.065160	0.786250
0.065280	-8.963500
0.065400	-8.963500
0.065520	-8.963500
0.065640	-8.963500
0.065760	-8.963500
0.065880	-8.963500
0.066000	-8.963500
0.066120	0.786250
0.066240	-8.963500
0.066360	-8.963500
0.066480	-8.963500
0.066600	-8.963500
0.066720	-8.963500
0.066840	-8.963500
0.066960	0.786250
0.067080	0.786250
0.067200	-8.963500
0.067320	-8.963500
0.067440	-8.963500
0.067560	-8.963500
0.067680	-8.963500
0.067800	-8.963500
0.067920	-8.963500
0.068040	-8.963500
0.068160	0.786250
0.068280	0.786250
0.068400	0.786250
0.068520	-8.963500
0.068640	0.786250
0.068760	0.786250
0.068880	0.786250
0.069000	0.786250
0.069120	0.786250
0.069240	-8.963500
0.069360	-8.963500
0.069480	-8.963500
0.069600	-8.963500
0.069720	-8.963500
0.069840	-8.963500
0.069960	-8.963500
0.070080	-8.963500
0.070200	-8.963500
0.070320	-8.963500
0.070440	-8.963500
0.070560	-8.963500
0.070680	-8.963500
0.070800	-8.963500
0.070920	-8.963500
0.071040	-8.963500
0.071160	-8.963500
0.071280	-8.963500
0.071400	-8.963500
0.071520	-8.963500
0.071640	-18.712999
0.071760	-18.712999
0.071880	-18.712999
0.072000	-8.963500
0.072120	-8.963500
0.072240	-8.963500
0.072360	-8.963500
0.072480	-8.963500
0.072600	-8.963500
0.072720	-8.963500
0.072840	-8.963500
0.072960	-8.963500
0.073080	-8.963500
0.073200	-8.963500
0.073320	-8.963500
0.073440	-8.963500
0.073560	-18.712999
0.073680	-18.712999
0.073800	-8.963500
0.073920	-8.963500
0.074040	-8.963500
0.074160	-8.963500
0.074280	-8.963500
0.074400	-8.963500
0.074520	-8.963500
0.074640	-8.963500
0.074760	-8.963500
0.074880	-8.963500
0.075000	-8.963500
0.075120	-8.963500
0.075240	-8.963500
0.075360	-8.963500
0.075480	-8.963500
0.075600	-8.963500
0.075720	-8.963500
0.075840	-8.963500
0.075960	-8.963500
0.076080	-8.963500
0.076200	-8.963500
0.076320	-8.963500
0.076440	-18.712999
0.076560	-8.963500
0.076680	-8.963500
0.076800	-8.963500
0.076920	-8.963500
0.077040	-8.963500
0.077160	-18.712999
0.077280	-8.963500
0.077400	-8.963500
0.077520	-8.963500
0.077640	-18.712999
0.077760	-8.963500
0.077880	-18.712999
0.078000	-18.712999
0.078120	-18.712999
0.078240	-18.712999
0.078360	-18.712999
0.078480	-18.712999
0.078600	-18.712999
0.078720	-18.712999
0.078840	-18.712999
0.078960	-18.712999
0.079080	-18.712999
0.079200	-18.712999
0.079320	-18.712999
0.079440	-18.712999
0.079560	-18.712999
0.079680	-18.712999
0.079800	-18.712999
0.079920	-18.712999
0.080040	-18.712999
0.080160	-18.712999
0.080280	-18.712999
0.080400	-18.712999
0.080520	-18.712999
0.080640	-18.712999
0.080760	-18.712999
0.080880	-18.712999
0.081000	-18.712999
0.081120	-18.712999
0.081240	-18.712999
0.081360	-18.712999
0.081480	-28.462999
0.081600	-18.712999
0.081720	-28.462999
0.081840	-28.462999
0.081960	-18.712999
0.082080	-28.462999
0.082200	-28.462999
0.082320	-28.462999
0.082440	-28.462999
0.082560	-28.462999
0.082680	-28.462999
0.082800	-28.462999
0.082920	-28.462999
0.083040	-28.462999
0.083160	-28.462999
0.083280	-28.462999
0.083400	-28.462999
0.083520	-28.462999
0.083640	-28.462999
0.083760	-28.462999
0.083880	-28.462999
0.084000	-28.462999
0.084120	-28.462999
0.084240	-28.462999
0.084360	-28.462999
0.084480	-28.462999
0.084600	-28.462999
0.084720	-28.462999
0.084840	-28.462999
0.084960	-28.462999
0.085080	-28.462999
0.085200	-38.213001
0.085320	-28.462999
0.085440	-28.462999
0.085560	-28.462999
0.085680	-38.213001
0.085800	-38.213001
0.085920	-38.213001
0.086040	-28.462999
0.086160	-38.213001
0.086280	-38.213001
0.086400	-38.213001
0.086520	-38.213001
0.086640	-28.462999
0.086760	-38.213001
0.086880	-38.213001
0.087000	-38.213001
0.087120	-38.213001
0.087240	-38.213001
0.087360	-38.213001
0.087480	-38.213001
0.087600	-38.213001
0.087720	-28.462999
0.087840	-28.462999
0.087960	-38.213001
0.088080	-38.213001
0.088200	-38.213001
0.088320	-38.213001
0.088440	-38.213001
0.088560	-28.462999
0.088680	-38.213001
0.088800	-38.213001
0.088920	-38.213001
0.089040	-38.213001
0.089160	-38.213001
0.089280	-38.213001
0.089400	-38.213001
0.089520	-38.213001
0.089640	-38.213001
0.089760	-38.213001
0.089880	-38.213001
0.090000	-38.213001
0.090120	-38.213001
0.090240	-38.213001
0.090360	-38.213001
0.090480	-38.213001
0.090600	-38.213001
0.090720	-38.213001
0.090840	-38.213001
0.090960	-38.213001
0.091080	-28.462999
0.091200	-38.213001
0.091320	-28.462999
0.091440	-38.213001
0.091560	-38.213001
0.091680	-38.213001
0.091800	-38.213001
0.091920	-38.213001
0.092040	-28.462999
0.092160	-28.462999
0.092280	-28.462999
0.092400	-28.462999
0.092520	-28.462999
0.092640	-28.462999
0.092760	-28.462999
0.092880	-28.462999
0.093000	-28.462999
0.093120	-28.462999
0.093240	-18.712999
0.093360	-18.712999
0.093480	-18.712999
0.093600	-18.712999
0.093720	-28.462999
0.093840	-28.462999
0.093960	-18.712999
0.094080	-18.712999
0.094200	-18.712999
0.094320	-18.712999
0.094440	-18.712999
0.094560	-18.712999
0.094680	-18.712999
0.094800	-18.712999
0.094920	-18.712999
0.095040	-18.712999
0.095160	-18.712999
0.095280	-18.712999
0.095400	-18.712999
0.095520	-18.712999
0.095640	-18.712999
0.095760	-18.712999
0.095880	-18.712999
0.096000	-18.712999
0.096120	-18.712999
0.096240	-18.712999
0.096360	-18.712999
0.096480	-18.712999
0.096600	-18.712999
0.096720	-18.712999
0.096840	-18.712999
0.096960	-18.712999
0.097080	-18.712999
0.097200	-18.712999
0.097320	-18.712999
0.097440	-18.712999
0.097560	-18.712999
0.097680	-18.712999
0.097800	-18.712999
0.097920	-18.712999
0.098040	-18.712999
0.098160	-18.712999
0.098280	-18.712999
0.098400	-18.712999
0.098520	-18.712999
0.098640	-18.712999
0.098760	-18.712999
0.098880	-18.712999
0.099000	-18.712999
0.099120	-18.712999
0.099240	-18.712999
0.099360	-18.712999
0.099480	-18.712999
0.099600	-18.712999
0.099720	-18.712999
0.099840	-18.712999
0.099960	-18.712999
0.100080	-18.712999
0.100200	-18.712999
0.100320	-18.712999
0.100440	-18.712999
0.100560	-18.712999
0.100680	-18.712999
0.100800	-18.712999
0.100920	-18.712999
0.101040	-18.712999
0.101160	-18.712999
0.101280	-18.712999
0.101400	-18.712999
0.101520	-28.462999
0.101640	-28.462999
0.101760	-18.712999
0.101880	-18.712999
0.102000	-18.712999
0.102120	-18.712999
0.102240	-18.712999
0.102360	-18.712999
0.102480	-18.712999
0.102600	-18.712999
0.102720	-18.712999
0.102840	-18.712999
0.102960	-18.712999
0.103080	-18.712999
0.103200	-8.963500
0.103320	-18.712999
0.103440	-18.712999
0.103560	-18.712999
0.103680	-18.712999
0.103800	-18.712999
0.103920	-18.712999
0.104040	-18.712999
0.104160	-18.712999
0.104280	-18.712999
0.104400	-18.712999
0.104520	-18.712999
0.104640	-18.712999
0.104760	-28.462999
0.104880	-47.963001
0.105000	-47.963001
0.105120	-28.462999
0.105240	-8.963500
0.105360	-8.963500
0.105480	-8.963500
0.105600	-18.712999
0.105720	-18.712999
0.105840	-18.712999
0.105960	-18.712999
0.106080	-8.963500
0.106200	-18.712999
0.106320	-57.713001
0.106440	-86.961998
0.106560	-67.461998
0.106680	-28.462999
0.106800	0.786250
0.106920	-8.963500
0.107040	-18.712999
0.107160	-18.712999
0.107280	-18.712999
0.107400	-18.712999
0.107520	-18.712999
0.107640	-18.712999
0.107760	-18.712999
0.107880	-18.712999
0.108000	-28.462999
0.108120	-28.462999
0.108240	-18.712999
0.108360	-18.712999
0.108480	-28.462999
0.108600	-38.213001
0.108720	-28.462999
0.108840	-18.712999
0.108960	-18.712999
0.109080	-18.712999
0.109200	-18.712999
0.109320	-18.712999
0.109440	-18.712999
0.109560	-18.712999
0.109680	-18.712999
0.109800	-18.712999
0.109920	-18.712999
0.110040	-18.712999
0.110160	-38.213001
0.110280	-47.963001
0.110400	-38.213001
0.110520	-28.462999
0.110640	-18.712999
0.110760	-8.963500
0.110880	-8.963500
0.111000	-18.712999
0.111120	-18.712999
0.111240	-18.712999
0.111360	-18.712999
0.111480	-18.712999
0.111600	-18.712999
0.111720	-18.712999
0.111840	-18.712999
0.111960	-18.712999
0.112080	-8.963500
0.112200	-8.963500
0.112320	-8.963500
0.112440	-8.963500
0.112560	-8.963500
0.112680	-18.712999
0.112800	-18.712999
0.112920	-18.712999
0.113040	-8.963500
0.113160	-8.963500
0.113280	-18.712999
0.113400	-8.963500
0.113520	-8.963500
0.113640	-8.963500
0.113760	-8.963500
0.113880	-8.963500
0.114000	-8.963500
0.114120	-8.963500
0.114240	-8.963500
0.114360	-8.963500
0.114480	-8.963500
0.114600	-8.963500
0.114720	-8.963500
0.114840	-8.963500
0.114960	-8.963500
0.115080	-8.963500
0.115200	-8.963500
0.115320	-8.963500
0.115440	-8.963500
0.115560	-8.963500
0.115680	-8.963500
0.115800	0.786250
0.115920	0.786250
0.116040	0.786250
0.116160	0.786250
0.116280	0.786250
0.116400	0.786250
0.116520	0.786250
0.116640	0.786250
0.116760	0.786250
0.116880	0.786250
0.117000	0.786250
0.117120	0.786250
0.117240	0.786250
0.117360	10.536000
0.117480	0.786250
0.117600	10.536000
0.117720	10.536000
0.117840	10.536000
0.117960	10.536000
0.118080	10.536000
0.118200	10.536000
0.118320	10.536000
0.118440	10.536000
0.118560	10.536000
0.118680	10.536000
0.118800	10.536000
0.118920	10.536000
0.119040	10.536000
0.119160	20.285999
0.119280	10.536000
0.119400	10.536000
0.119520	20.285999
0.119640	20.285999
0.119760	10.536000
0.119880	20.285999
0.120000	20.285999
0.120120	20.285999
0.120240	30.035999
0.120360	30.035999
0.120480	30.035999
0.120600	30.035999
0.120720	30.035999
0.120840	30.035999
0.120960	30.035999
0.121080	30.035999
0.121200	30.035999
0.121320	30.035999
0.121440	30.035999
0.121560	30.035999
0.121680	30.035999
0.121800	30.035999
0.121920	30.035999
0.122040	30.035999
0.122160	30.035999
0.122280	30.035999
0.122400	30.035999
0.122520	30.035999
0.122640	30.035999
0.122760	30.035999
0.122880	30.035999
0.123000	30.035999
0.123120	30.035999
0.123240	30.035999
0.123360	30.035999
0.123480	30.035999
0.123600	30.035999
0.123720	30.035999
0.123840	30.035999
0.123960	30.035999
0.124080	39.785000
0.124200	39.785000
0.124320	39.785000
0.124440	39.785000
0.124560	30.035999
0.124680	39.785000
0.124800	39.785000
0.124920	39.785000
0.125040	39.785000
0.125160	30.035999
0.125280	30.035999
0.125400	30.035999
0.125520	30.035999
0.125640	30.035999
0.125760	30.035999
0.125880	30.035999
0.126000	30.035999
0.126120	30.035999
0.126240	30.035999
0.126360	30.035999
0.126480	30.035999
0.126600	30.035999
0.126720	30.035999
0.126840	30.035999
0.126960	30.035999
0.127080	30.035999
0.127200	30.035999
0.127320	30.035999
0.127440	30.035999
0.127560	30.035999
0.127680	30.035999
0.127800	30.035999
0.127920	30.035999
0.128040	30.035999
0.128160	30.035999
0.128280	30.035999
0.128400	30.035999
0.128520	20.285999
0.128640	30.035999
0.128760	30.035999
0.128880	30.035999
0.129000	30.035999
0.129120	30.035999
0.129240	30.035999
0.129360	20.285999
0.129480	30.035999
0.129600	20.285999
0.129720	20.285999
0.129840	30.035999
0.129960	20.285999
0.130080	30.035999
0.130200	30.035999
0.130320	30.035999
0.130440	30.035999
0.130560	30.035999
0.130680	30.035999
0.130800	30.035999
0.130920	20.285999
0.131040	20.285999
0.131160	20.285999
0.131280	20.285999
0.131400	20.285999
0.131520	20.285999
0.131640	20.285999
0.131760	20.285999
0.131880	20.285999
0.132000	20.285999
0.132120	20.285999
0.132240	20.285999
0.132360	20.285999
0.132480	30.035999
0.132600	30.035999
0.132720	20.285999
0.132840	30.035999
0.132960	30.035999
0.133080	30.035999
0.133200	30.035999
0.133320	30.035999
0.133440	30.035999
0.133560	30.035999
0.133680	30.035999
0.133800	30.035999
0.133920	30.035999
0.134040	30.035999
0.134160	30.035999
0.134280	30.035999
0.134400	30.035999
0.134520	30.035999
0.134640	30.035999
0.134760	30.035999
0.134880	30.035999
0.135000	30.035999
0.135120	30.035999
0.135240	39.785000
0.135360	30.035999
0.135480	39.785000
0.135600	30.035999
0.135720	30.035999
0.135840	30.035999
0.135960	30.035999
0.136080	30.035999
0.136200	30.035999
0.136320	30.035999
0.136440	20.285999
0.136560	0.786250
0.136680	-18.712999
0.136800	-47.963001
0.136920	-116.209999
0.137040	-174.710007
0.137160	-125.959999
0.137280	-116.209999
0.137400	-184.460007
0.137520	-252.710007
0.137640	-272.209991
0.137760	-272.209991
0.137880	-262.459991
0.138000	-213.710007
0.138120	-184.460007
0.138240	-184.460007
0.138360	-194.210007
0.138480	-194.210007
0.138600	-174.710007
0.138720	-164.960007
0.138840	-203.960007
0.138960	-233.210007
0.139080	-223.460007
0.139200	-203.960007
0.139320	-252.710007
0.139440	-281.959991
0.139560	-233.210007
0.139680	-184.460007
0.139800	-184.460007
0.139920	-184.460007
0.140040	-164.960007
0.140160	-135.710007
0.140280	-116.209999
0.140400	-106.459999
0.140520	-106.459999
0.140640	-106.459999
0.140760	-194.210007
0.140880	-252.710007
0.141000	-106.459999
0.141120	39.785000
0.141240	78.785004
0.141360	59.285000
0.141480	69.035004
0.141600	117.779999
0.141720	88.533997
0.141840	20.285999
0.141960	-18.712999
0.142080	-28.462999
0.142200	-57.713001
0.142320	-106.459999
0.142440	-155.210007
0.142560	-164.960007
0.142680	-116.209999
0.142800	-77.211998
0.142920	-77.211998
0.143040	-86.961998
0.143160	-96.711998
0.143280	-77.211998
0.143400	-47.963001
0.143520	-38.213001
0.143640	-38.213001
0.143760	-47.963001
0.143880	-47.963001
0.144000	-57.713001
0.144120	-67.461998
0.144240	-57.713001
0.144360	-47.963001
0.144480	-47.963001
0.144600	-47.963001
0.144720	-38.213001
0.144840	-28.462999
0.144960	-28.462999
0.145080	-38.213001
0.145200	-28.462999
0.145320	-18.712999
0.145440	-8.963500
0.145560	0.786250
0.145680	10.536000
0.145800	10.536000
0.145920	10.536000
0.146040	10.536000
0.146160	20.285999
0.146280	10.536000
0.146400	10.536000
0.146520	10.536000
0.146640	20.285999
0.146760	20.285999
0.146880	0.786250
0.147000	-18.712999
0.147120	-38.213001
0.147240	-47.963001
0.147360	-57.713001
0.147480	-67.461998
0.147600	-77.211998
0.147720	-67.461998
0.147840	-57.713001
0.147960	-57.713001
0.148080	-47.963001
0.148200	-47.963001
0.148320	-38.213001
0.148440	-28.462999
0.148560	-18.712999
0.148680	-8.963500
0.148800	0.786250
0.148920	-8.963500
0.149040	-18.712999
0.149160	-18.712999
0.149280	-8.963500
0.149400	0.786250
0.149520	0.786250
0.149640	0.786250
0.149760	0.786250
0.149880	10.536000
0.150000	10.536000
0.150120	20.285999
0.150240	30.035999
0.150360	30.035999
0.150480	30.035999
0.150600	39.785000
0.150720	49.535000
0.150840	49.535000
0.150960	59.285000
0.151080	59.285000
0.151200	69.035004
0.151320	78.785004
0.151440	88.533997
0.151560	88.533997
0.151680	98.283997
0.151800	117.779999
0.151920	117.779999
0.152040	127.529999
0.152160	137.279999
0.152280	137.279999
0.152400	147.029999
0.152520	147.029999
0.152640	156.779999
0.152760	147.029999
0.152880	156.779999
0.153000	147.029999
0.153120	147.029999
0.153240	147.029999
0.153360	137.279999
0.153480	137.279999
0.153600	147.029999
0.153720	147.029999
0.153840	147.029999
0.153960	147.029999
0.154080	137.279999
0.154200	147.029999
0.154320	147.029999
0.154440	147.029999
0.154560	147.029999
0.154680	147.029999
0.154800	147.029999
0.154920	147.029999
0.155040	147.029999
0.155160	147.029999
0.155280	137.279999
0.155400	137.279999
0.155520	137.279999
0.155640	127.529999
0.155760	127.529999
0.155880	117.779999
0.156000	117.779999
0.156120	108.029999
0.156240	108.029999
0.156360	98.283997
0.156480	98.283997
0.156600	108.029999
0.156720	108.029999
0.156840	108.029999
0.156960	108.029999
0.157080	108.029999
0.157200	108.029999
0.157320	108.029999
0.157440	108.029999
0.157560	108.029999
0.157680	108.029999
0.157800	108.029999
0.157920	108.029999
0.158040	98.283997
0.158160	98.283997
0.158280	98.283997
0.158400	98.283997
0.158520	98.283997
0.158640	98.283997
0.158760	98.283997
0.158880	98.283997
0.159000	98.283997
0.159120	88.533997
0.159240	78.785004
0.159360	78.785004
0.159480	78.785004
0.159600	98.283997
0.159720	108.029999
0.159840	117.779999
0.159960	98.283997
0.160080	88.533997
0.160200	88.533997
0.160320	88.533997
0.160440	98.283997
0.160560	98.283997
0.160680	108.029999
0.160800	108.029999
0.160920	108.029999
0.161040	108.029999
0.161160	108.029999
0.161280	108.029999
0.161400	108.029999
0.161520	108.029999
0.161640	108.029999
0.161760	98.283997
0.161880	98.283997
0.162000	98.283997
0.162120	108.029999
0.162240	108.029999
0.162360	117.779999
0.162480	127.529999
0.162600	137.279999
0.162720	156.779999
0.162840	176.279999
0.162960	186.029999
0.163080	186.029999
0.163200	186.029999
0.163320	176.279999
0.163440	186.029999
0.163560	186.029999
0.163680	186.029999
0.163800	186.029999
0.163920	176.279999
0.164040	166.529999
0.164160	166.529999
0.164280	166.529999
0.164400	156.779999
0.164520	156.779999
0.164640	156.779999
0.164760	156.779999
0.164880	156.779999
0.165000	156.779999
0.165120	147.029999
0.165240	147.029999
0.165360	147.029999
0.165480	147.029999
0.165600	147.029999
0.165720	156.779999
0.165840	156.779999
0.165960	166.529999
0.166080	166.529999
0.166200	166.529999
0.166320	166.529999
0.166440	166.529999
0.166560	166.529999
0.166680	176.279999
0.166800	176.279999
0.166920	176.279999
0.167040	176.279999
0.167160	176.279999
0.167280	176.279999
0.167400	176.279999
0.167520	166.529999
0.167640	166.529999
0.167760	166.529999
0.167880	166.529999
0.168000	156.779999
0.168120	156.779999
0.168240	156.779999
0.168360	156.779999
0.168480	156.779999
0.168600	156.779999
0.168720	166.529999
0.168840	166.529999
0.168960	156.779999
0.169080	166.529999
0.169200	166.529999
0.169320	166.529999
0.169440	166.529999
0.169560	176.279999
0.169680	176.279999
0.169800	176.279999
0.169920	176.279999
0.170040	176.279999
0.170160	176.279999
0.170280	176.279999
0.170400	176.279999
0.170520	176.279999
0.170640	176.279999
0.170760	176.279999
0.170880	176.279999
0.171000	176.279999
0.171120	176.279999
0.171240	176.279999
0.171360	176.279999
0.171480	176.279999
0.171600	176.279999
0.171720	176.279999
0.171840	166.529999
0.171960	166.529999
0.172080	166.529999
0.172200	166.529999
0.172320	166.529999
0.172440	166.529999
0.172560	156.779999
0.172680	166.529999
0.172800	176.279999
0.172920	176.279999
0.173040	166.529999
0.173160	166.529999
0.173280	176.279999
0.173400	176.279999
0.173520	176.279999
0.173640	176.279999
0.173760	176.279999
0.173880	156.779999
0.174000	156.779999
0.174120	156.779999
0.174240	147.029999
0.174360	137.279999
0.174480	137.279999
0.174600	137.279999
0.174720	127.529999
0.174840	117.779999
0.174960	117.779999
0.175080	117.779999
0.175200	117.779999
0.175320	108.029999
0.175440	108.029999
0.175560	108.029999
0.175680	108.029999
0.175800	108.029999
0.175920	108.029999
0.176040	108.029999
0.176160	108.029999
0.176280	108.029999
0.176400	98.283997
0.176520	98.283997
0.176640	98.283997
0.176760	88.533997
0.176880	88.533997
0.177000	88.533997
0.177120	88.533997
0.177240	88.533997
0.177360	78.785004
0.177480	78.785004
0.177600	78.785004
0.177720	78.785004
0.177840	78.785004
0.177960	78.785004
0.178080	78.785004
0.178200	78.785004
0.178320	78.785004
0.178440	78.785004
0.178560	98.283997
0.178680	108.029999
0.178800	98.283997
0.178920	88.533997
0.179040	78.785004
0.179160	78.785004
0.179280	88.533997
0.179400	98.283997
0.179520	98.283997
0.179640	88.533997
0.179760	78.785004
0.179880	59.285000
0.180000	59.285000
0.180120	59.285000
0.180240	69.035004
0.180360	78.785004
0.180480	88.533997
0.180600	78.785004
0.180720	78.785004
0.180840	78.785004
0.180960	78.785004
0.181080	69.035004
0.181200	78.785004
0.181320	69.035004
0.181440	59.285000
0.181560	49.535000
0.181680	49.535000
0.181800	59.285000
0.181920	69.035004
0.182040	69.035004
0.182160	59.285000
0.182280	69.035004
0.182400	59.285000
0.182520	78.785004
0.182640	117.779999
0.182760	127.529999
0.182880	69.035004
0.183000	30.035999
0.183120	88.533997
0.183240	166.529999
0.183360	176.279999
0.183480	127.529999
0.183600	88.533997
0.183720	98.283997
0.183840	98.283997
0.183960	78.785004
0.184080	88.533997
0.184200	98.283997
0.184320	88.533997
0.184440	49.535000
0.184560	30.035999
0.184680	30.035999
0.184800	30.035999
0.184920	69.035004
0.185040	98.283997
0.185160	117.779999
0.185280	98.283997
0.185400	59.285000
0.185520	20.285999
0.185640	39.785000
0.185760	98.283997
0.185880	127.529999
0.186000	117.779999
0.186120	117.779999
0.186240	98.283997
0.186360	88.533997
0.186480	108.029999
0.186600	127.529999
0.186720	117.779999
0.186840	98.283997
0.186960	69.035004
0.187080	88.533997
0.187200	108.029999
0.187320	108.029999
0.187440	88.533997
0.187560	78.785004
0.187680	59.285000
0.187800	59.285000
0.187920	49.535000
0.188040	49.535000
0.188160	59.285000
0.188280	49.535000
0.188400	49.535000
0.188520	49.535000
0.188640	59.285000
0.188760	78.785004
0.188880	88.533997
0.189000	98.283997
0.189120	98.283997
0.189240	88.533997
0.189360	78.785004
0.189480	78.785004
0.189600	69.035004
0.189720	69.035004
0.189840	59.285000
0.189960	59.285000
0.190080	59.285000
0.190200	69.035004
0.190320	78.785004
0.190440	78.785004
0.190560	78.785004
0.190680	78.785004
0.190800	69.035004
0.190920	69.035004
0.191040	69.035004
0.191160	69.035004
0.191280	78.785004
0.191400	78.785004
0.191520	69.035004
0.191640	59.285000
0.191760	59.285000
0.191880	59.285000
0.192000	49.535000
0.192120	49.535000
0.192240	49.535000
0.192360	49.535000
0.192480	39.785000
0.192600	39.785000
0.192720	39.785000
0.192840	49.535000
0.192960	49.535000
0.193080	49.535000
0.193200	39.785000
0.193320	39.785000
0.193440	49.535000
0.193560	39.785000
0.193680	30.035999
0.193800	20.285999
0.193920	20.285999
0.194040	30.035999
0.194160	30.035999
0.194280	30.035999
0.194400	30.035999
0.194520	30.035999
0.194640	30.035999
0.194760	30.035999
0.194880	30.035999
0.195000	20.285999
0.195120	10.536000
0.195240	0.786250
0.195360	0.786250
0.195480	0.786250
0.195600	10.536000
0.195720	10.536000
0.195840	-8.963500
0.195960	-8.963500
0.196080	10.536000
0.196200	20.285999
0.196320	20.285999
0.196440	10.536000
0.196560	10.536000
0.196680	10.536000
0.196800	10.536000
0.196920	0.786250
0.197040	0.786250
0.197160	0.786250
0.197280	0.786250
0.197400	0.786250
0.197520	0.786250
0.197640	0.786250
0.197760	0.786250
0.197880	0.786250
0.198000	0.786250
0.198120	0.786250
0.198240	0.786250
0.198360	0.786250
0.198480	0.786250
0.198600	0.786250
0.198720	0.786250
0.198840	0.786250
0.198960	0.786250
0.199080	0.786250
0.199200	0.786250
0.199320	0.786250
0.199440	-8.963500
0.199560	0.786250
0.199680	0.786250
0.199800	0.786250
0.199920	0.786250
0.200040	0.786250
0.200160	0.786250
0.200280	0.786250
0.200400	0.786250
0.200520	0.786250
0.200640	0.786250
0.200760	0.786250
0.200880	0.786250
0.201000	0.786250
0.201120	0.786250
0.201240	0.786250
0.201360	0.786250
0.201480	0.786250
0.201600	0.786250
0.201720	0.786250
0.201840	0.786250
0.201960	0.786250
0.202080	10.536000
0.202200	10.536000
0.202320	10.536000
0.202440	10.536000
0.202560	10.536000
0.202680	10.536000
0.202800	10.536000
0.202920	10.536000
0.203040	0.786250
0.203160	0.786250
0.203280	0.786250
0.203400	-8.963500
0.203520	-8.963500
0.203640	-8.963500
0.203760	0.786250
0.203880	0.786250
0.204000	0.786250
0.204120	-8.963500
0.204240	-8.963500
0.204360	-8.963500
0.204480	-8.963500
0.204600	-8.963500
0.204720	-8.963500
0.204840	-8.963500
0.204960	-8.963500
0.205080	-8.963500
0.205200	-8.963500
0.205320	-8.963500
0.205440	-8.963500
0.205560	-8.963500
0.205680	-8.963500
0.205800	-8.963500
0.205920	-8.963500
0.206040	-8.963500
0.206160	-8.963500
0.206280	-8.963500
0.206400	-18.712999
0.206520	-18.712999
0.206640	-18.712999
0.206760	-28.462999
0.206880	-18.712999
0.207000	-28.462999
0.207120	-28.462999
0.207240	-28.462999
0.207360	-28.462999
0.207480	-18.712999
0.207600	-18.712999
0.207720	-28.462999
0.207840	-47.963001
0.207960	-47.963001
0.208080	-38.213001
0.208200	-28.462999
0.208320	-28.462999
0.208440	-38.213001
0.208560	-47.963001
0.208680	-47.963001
0.208800	-47.963001
0.208920	-47.963001
0.209040	-47.963001
0.209160	-57.713001
0.209280	-57.713001
0.209400	-57.713001
0.209520	-57.713001
0.209640	-57.713001
0.209760	-67.461998
0.209880	-67.461998
0.210000	-67.461998
0.210120	-67.461998
0.210240	-67.461998
0.210360	-67.461998
0.210480	-67.461998
0.210600	-67.461998
0.210720	-77.211998
0.210840	-77.211998
0.210960	-77.211998
0.211080	-86.961998
0.211200	-86.961998
0.211320	-86.961998
0.211440	-86.961998
0.211560	-96.711998
0.211680	-96.711998
0.211800	-96.711998
0.211920	-96.711998
0.212040	-96.711998
0.212160	-96.711998
0.212280	-96.711998
0.212400	-106.459999
0.212520	-106.459999
0.212640	-106.459999
0.212760	-106.459999
0.212880	-116.209999
0.213000	-116.209999
0.213120	-116.209999
0.213240	-116.209999
0.213360	-116.209999
0.213480	-116.209999
0.213600	-116.209999
0.213720	-125.959999
0.213840	-125.959999
0.213960	-125.959999
0.214080	-125.959999
0.214200	-125.959999
0.214320	-125.959999
0.214440	-135.710007
0.214560	-135.710007
0.214680	-135.710007
0.214800	-135.710007
0.214920	-135.710007
0.215040	-135.710007
0.215160	-135.710007
0.215280	-145.460007
0.215400	-145.460007
0.215520	-145.460007
0.215640	-145.460007
0.215760	-155.210007
0.215880	-155.210007
0.216000	-155.210007
0.216120	-155.210007
0.216240	-155.210007
0.216360	-155.210007
0.216480	-164.960007
0.216600	-164.960007
0.216720	-164.960007
0.216840	-164.960007
0.216960	-174.710007
0.217080	-174.710007
0.217200	-174.710007
0.217320	-174.710007
0.217440	-174.710007
0.217560	-174.710007
0.217680	-184.460007
0.217800	-184.460007
0.217920	-184.460007
0.218040	-184.460007
0.218160	-184.460007
0.218280	-174.710007
0.218400	-184.460007
0.218520	-184.460007
0.218640	-184.460007
0.218760	-184.460007
0.218880	-184.460007
0.219000	-184.460007
0.219120	-184.460007
0.219240	-194.210007
0.219360	-194.210007
0.219480	-194.210007
0.219600	-194.210007
0.219720	-194.210007
0.219840	-194.210007
0.219960	-194.210007
0.220080	-194.210007
0.220200	-194.210007
0.220320	-194.210007
0.220440	-194.210007
0.220560	-203.960007
0.220680	-194.210007
0.220800	-194.210007
0.220920	-194.210007
0.221040	-203.960007
0.221160	-203.960007
0.221280	-194.210007
0.221400	-203.960007
0.221520	-203.960007
0.221640	-203.960007
0.221760	-203.960007
0.221880	-203.960007
0.222000	-203.960007
0.222120	-203.960007
0.222240	-203.960007
0.222360	-203.960007
0.222480	-203.960007
0.222600	-203.960007
0.222720	-203.960007
0.222840	-203.960007
0.222960	-203.960007
0.223080	-203.960007
0.223200	-203.960007
0.223320	-203.960007
0.223440	-203.960007
0.223560	-203.960007
0.223680	-203.960007
0.223800	-203.960007
0.223920	-203.960007
0.224040	-203.960007
0.224160	-203.960007
0.224280	-213.710007
0.224400	-203.960007
0.224520	-203.960007
0.224640	-213.710007
0.224760	-203.960007
0.224880	-203.960007
0.225000	-203.960007
0.225120	-203.960007
0.225240	-203.960007
0.225360	-203.960007
0.225480	-203.960007
0.225600	-203.960007
0.225720	-203.960007
0.225840	-203.960007
0.225960	-203.960007
0.226080	-203.960007
0.226200	-203.960007
0.226320	-203.960007
0.226440	-203.960007
0.226560	-203.960007
0.226680	-194.210007
0.226800	-194.210007
0.226920	-194.210007
0.227040	-194.210007
0.227160	-203.960007
0.227280	-203.960007
0.227400	-194.210007
0.227520	-194.210007
0.227640	-194.210007
0.227760	-194.210007
0.227880	-194.210007
0.228000	-194.210007
0.228120	-184.460007
0.228240	-194.210007
0.228360	-184.460007
0.228480	-184.460007
0.228600	-184.460007
0.228720	-184.460007
0.228840	-184.460007
0.228960	-194.210007
0.229080	-194.210007
0.229200	-184.460007
0.229320	-184.460007
0.229440	-194.210007
0.229560	-194.210007
0.229680	-184.460007
0.229800	-194.210007
0.229920	-194.210007
0.230040	-194.210007
0.230160	-194.210007
0.230280	-184.460007
0.230400	-194.210007
0.230520	-194.210007
0.230640	-184.460007
0.230760	-184.460007
0.230880	-184.460007
0.231000	-184.460007
0.231120	-184.460007
0.231240	-184.460007
0.231360	-184.460007
0.231480	-184.460007
0.231600	-184.460007
0.231720	-184.460007
0.231840	-184.460007
0.231960	-184.460007
0.232080	-184.460007
0.232200	-174.710007
0.232320	-174.710007
0.232440	-174.710007
0.232560	-174.710007
0.232680	-174.710007
0.232800	-174.710007
0.232920	-184.460007
0.233040	-174.710007
0.233160	-174.710007
0.233280	-174.710007
0.233400	-174.710007
0.233520	-174.710007
0.233640	-174.710007
0.233760	-174.710007
0.233880	-174.710007
0.234000	-174.710007
0.234120	-174.710007
0.234240	-174.710007
0.234360	-174.710007
0.234480	-164.960007
0.234600	-174.710007
0.234720	-174.710007
0.234840	-174.710007
0.234960	-164.960007
0.235080	-164.960007
0.235200	-164.960007
0.235320	-164.960007
0.235440	-164.960007
0.235560	-164.960007
0.235680	-164.960007
0.235800	-164.960007
0.235920	-164.960007
0.236040	-164.960007
0.236160	-155.210007
0.236280	-155.210007
0.236400	-155.210007
0.236520	-155.210007
0.236640	-155.210007
0.236760	-155.210007
0.236880	-155.210007
0.237000	-155.210007
0.237120	-155.210007
0.237240	-155.210007
0.237360	-145.460007
0.237480	-145.460007
0.237600	-145.460007
0.237720	-145.460007
0.237840	-145.460007
0.237960	-145.460007
0.238080	-145.460007
0.238200	-145.460007
0.238320	-145.460007
0.238440	-145.460007
0.238560	-145.460007
0.238680	-145.460007
0.238800	-145.460007
0.238920	-145.460007
0.239040	-145.460007
0.239160	-135.710007
0.239280	-135.710007
0.239400	-135.710007
0.239520	-135.710007
0.239640	-135.710007
0.239760	-125.959999
0.239880	-125.959999
0.240000	-125.959999
0.240120	-125.959999
0.240240	-125.959999
0.240360	-125.959999
0.240480	-125.959999
0.240600	-125.959999
0.240720	-125.959999
0.240840	-125.959999
0.240960	-125.959999
0.241080	-125.959999
0.241200	-125.959999
0.241320	-125.959999
0.241440	-125.959999
0.241560	-125.959999
0.241680	-125.959999
0.241800	-125.959999
0.241920	-125.959999
0.242040	-125.959999
0.242160	-125.959999
0.242280	-125.959999
0.242400	-125.959999
0.242520	-125.959999
0.242640	-125.959999
0.242760	-125.959999
0.242880	-125.959999
0.243000	-125.959999
0.243120	-125.959999
0.243240	-116.209999
0.243360	-116.209999
0.243480	-125.959999
0.243600	-125.959999
0.243720	-125.959999
0.243840	-125.959999
0.243960	-125.959999
0.244080	-125.959999
0.244200	-116.209999
0.244320	-116.209999
0.244440	-125.959999
0.244560	-116.209999
0.244680	-116.209999
0.244800	-125.959999
0.244920	-125.959999
0.245040	-125.959999
0.245160	-125.959999
0.245280	-125.959999
0.245400	-116.209999
0.245520	-116.209999
0.245640	-116.209999
0.245760	-116.209999
0.245880	-116.209999
0.246000	-116.209999
0.246120	-116.209999
0.246240	-116.209999
0.246360	-116.209999
0.246480	-116.209999
0.246600	-116.209999
0.246720	-116.209999
0.246840	-116.209999
0.246960	-116.209999
0.247080	-116.209999
0.247200	-116.209999
0.247320	-116.209999
0.247440	-116.209999
0.247560	-116.209999
0.247680	-116.209999
0.247800	-116.209999
0.247920	-116.209999
0.248040	-116.209999
0.248160	-116.209999
0.248280	-116.209999
0.248400	-106.459999
0.248520	-116.209999
0.248640	-116.209999
0.248760	-116.209999
0.248880	-116.209999
0.249000	-116.209999
0.249120	-116.209999
0.249240	-106.459999
0.249360	-106.459999
0.249480	-106.459999
0.249600	-106.459999
0.249720	-106.459999
0.249840	-106.459999
0.249960	-106.459999
0.250080	-106.459999
0.250200	-96.711998
0.250320	-106.459999
0.250440	-106.459999
0.250560	-96.711998
0.250680	-96.711998
0.250800	-106.459999
0.250920	-106.459999
0.251040	-96.711998
0.251160	-96.711998
0.251280	-96.711998
0.251400	-96.711998
0.251520	-96.711998
0.251640	-96.711998
0.251760	-96.711998
0.251880	-96.711998
0.252000	-96.711998
0.252120	-96.711998
0.252240	-96.711998
0.252360	-86.961998
0.252480	-86.961998
0.252600	-86.961998
0.252720	-86.961998
0.252840	-86.961998
0.252960	-86.961998
0.253080	-86.961998
0.253200	-86.961998
0.253320	-86.961998
0.253440	-86.961998
0.253560	-86.961998
0.253680	-86.961998
0.253800	-77.211998
0.253920	-86.961998
0.254040	-77.211998
0.254160	-77.211998
0.254280	-86.961998
0.254400	-77.211998
0.254520	-77.211998
0.254640	-77.211998
0.254760	-77.211998
0.254880	-77.211998
0.255000	-77.211998
0.255120	-77.211998
0.255240	-77.211998
0.255360	-77.211998
0.255480	-77.211998
0.255600	-77.211998
0.255720	-77.211998
0.255840	-77.211998
0.255960	-67.461998
0.256080	-77.211998
0.256200	-67.461998
0.256320	-67.461998
0.256440	-67.461998
0.256560	-67.461998
0.256680	-67.461998
0.256800	-67.461998
0.256920	-67.461998
0.257040	-67.461998
0.257160	-67.461998
0.257280	-67.461998
0.257400	-67.461998
0.257520	-67.461998
0.257640	-57.713001
0.257760	-67.461998
0.257880	-57.713001
0.258000	-57.713001
0.258120	-57.713001
0.258240	-57.713001
0.258360	-57.713001
0.258480	-57.713001
0.258600	-57.713001
0.258720	-57.713001
0.258840	-57.713001
0.258960	-57.713001
0.259080	-57.713001
0.259200	-57.713001
0.259320	-57.713001
0.259440	-57.713001
0.259560	-57.713001
0.259680	-57.713001
0.259800	-57.713001
0.259920	-57.713001
0.260040	-57.713001
0.260160	-57.713001
0.260280	-57.713001
0.260400	-57.713001
0.260520	-57.713001
0.260640	-57.713001
0.260760	-57.713001
0.260880	-47.963001
0.261000	-47.963001
0.261120	-47.963001
0.261240	-47.963001
0.261360	-47.963001
0.261480	-47.963001
0.261600	-47.963001
0.261720	-47.963001
0.261840	-47.963001
0.261960	-47.963001
0.262080	-47.963001
0.262200	-47.963001
0.262320	-47.963001
0.262440	-47.963001
0.262560	-47.963001
0.262680	-47.963001
0.262800	-47.963001
0.262920	-47.963001
0.263040	-47.963001
0.263160	-47.963001
0.263280	-47.963001
0.263400	-47.963001
0.263520	-47.963001
0.263640	-47.963001
0.263760	-47.963001
0.263880	-38.213001
0.264000	-47.963001
0.264120	-47.963001
0.264240	-47.963001
0.264360	-47.963001
0.264480	-47.963001
0.264600	-47.963001
0.264720	-47.963001
0.264840	-47.963001
0.264960	-38.213001
0.265080	-47.963001
0.265200	-47.963001
0.265320	-38.213001
0.265440	-38.213001
0.265560	-47.963001
0.265680	-47.963001
0.265800	-47.963001
0.265920	-38.213001
0.266040	-47.963001
0.266160	-38.213001
0.266280	-38.213001
0.266400	-47.963001
0.266520	-47.963001
0.266640	-38.213001
0.266760	-38.213001
0.266880	-47.963001
0.267000	-47.963001
0.267120	-57.713001
0.267240	-57.713001
0.267360	-47.963001
0.267480	-47.963001
0.267600	-47.963001
0.267720	-47.963001
0.267840	-47.963001
0.267960	-38.213001
0.268080	-38.213001
0.268200	-38.213001
0.268320	-38.213001
0.268440	-38.213001
0.268560	-38.213001
0.268680	-38.213001
0.268800	-38.213001
0.268920	-38.213001
0.269040	-38.213001
0.269160	-38.213001
0.269280	-38.213001
0.269400	-38.213001
0.269520	-38.213001
0.269640	-38.213001
0.269760	-38.213001
0.269880	-38.213001
0.270000	-38.213001
0.270120	-38.213001
0.270240	-38.213001
0.270360	-38.213001
0.270480	-38.213001
0.270600	-38.213001
0.270720	-28.462999
0.270840	-38.213001
0.270960	-38.213001
0.271080	-38.213001
0.271200	-38.213001
0.271320	-38.213001
0.271440	-38.213001
0.271560	-38.213001
0.271680	-28.462999
0.271800	-28.462999
0.271920	-28.462999
0.272040	-28.462999
0.272160	-28.462999
0.272280	-38.213001
0.272400	-38.213001
0.272520	-28.462999
0.272640	-28.462999
0.272760	-28.462999
0.272880	-28.462999
0.273000	-28.462999
0.273120	-28.462999
0.273240	-28.462999
0.273360	-28.462999
0.273480	-28.462999
0.273600	-28.462999
0.273720	-28.462999
0.273840	-28.462999
0.273960	-28.462999
0.274080	-28.462999
0.274200	-28.462999
0.274320	-28.462999
0.274440	-18.712999
0.274560	-18.712999
0.274680	-18.712999
0.274800	-18.712999
0.274920	-28.462999
0.275040	-28.462999
0.275160	-18.712999
0.275280	-28.462999
0.275400	-18.712999
0.275520	-18.712999
0.275640	-18.712999
0.275760	-18.712999
0.275880	-18.712999
0.276000	-28.462999
0.276120	-28.462999
0.276240	-18.712999
0.276360	-18.712999
0.276480	-18.712999
0.276600	-18.712999
0.276720	-18.712999
0.276840	-18.712999
0.276960	-18.712999
0.277080	-18.712999
0.277200	-18.712999
0.277320	-18.712999
0.277440	-18.712999
0.277560	-18.712999
0.277680	-18.712999
0.277800	-18.712999
0.277920	-18.712999
0.278040	-18.712999
0.278160	-18.712999
0.278280	-18.712999
0.278400	-18.712999
0.278520	-18.712999
0.278640	-18.712999
0.278760	-18.712999
0.278880	-18.712999
0.279000	-18.712999
0.279120	-18.712999
0.279240	-18.712999
0.279360	-28.462999
0.279480	-28.462999
0.279600	-18.712999
0.279720	-28.462999
0.279840	-18.712999
0.279960	-28.462999
0.280080	-18.712999
0.280200	-18.712999
0.280320	-28.462999
0.280440	-18.712999
0.280560	-28.462999
0.280680	-18.712999
0.280800	-28.462999
0.280920	-28.462999
0.281040	-28.462999
0.281160	-28.462999
0.281280	-28.462999
0.281400	-28.462999
0.281520	-28.462999
0.281640	-28.462999
0.281760	-28.462999
0.281880	-28.462999
0.282000	-28.462999
0.282120	-28.462999
0.282240	-28.462999
0.282360	-28.462999
0.282480	-28.462999
0.282600	-28.462999
0.282720	-28.462999
0.282840	-28.462999
0.282960	-28.462999
0.283080	-28.462999
0.283200	-28.462999
0.283320	-28.462999
0.283440	-28.462999
0.283560	-28.462999
0.283680	-28.462999
0.283800	-28.462999
0.283920	-28.462999
0.284040	-28.462999
0.284160	-28.462999
0.284280	-28.462999
0.284400	-28.462999
0.284520	-28.462999
0.284640	-28.462999
0.284760	-38.213001
0.284880	-38.213001
0.285000	-28.462999
0.285120	-28.462999
0.285240	-38.213001
0.285360	-38.213001
0.285480	-38.213001
0.285600	-28.462999
0.285720	-28.462999
0.285840	-28.462999
0.285960	-38.213001
0.286080	-38.213001
0.286200	-38.213001
0.286320	-38.213001
0.286440	-28.462999
0.286560	-38.213001
0.286680	-38.213001
0.286800	-38.213001
0.286920	-38.213001
0.287040	-28.462999
0.287160	-28.462999
0.287280	-38.213001
0.287400	-38.213001
0.287520	-38.213001
0.287640	-38.213001
0.287760	-38.213001
0.287880	-38.213001
0.288000	-38.213001
0.288120	-38.213001
0.288240	-38.213001
0.288360	-38.213001
0.288480	-38.213001
0.288600	-38.213001
0.288720	-38.213001
0.288840	-38.213001
0.288960	-38.213001
0.289080	-28.462999
0.289200	-38.213001
0.289320	-38.213001
0.289440	-38.213001
0.289560	-38.213001
0.289680	-38.213001
0.289800	-38.213001
0.289920	-38.213001
0.290040	-28.462999
0.290160	-38.213001
0.290280	-38.213001
0.290400	-38.213001
0.290520	-38.213001
0.290640	-38.213001
0.290760	-28.462999
0.290880	-38.213001
0.291000	-38.213001
0.291120	-38.213001
0.291240	-38.213001
0.291360	-38.213001
0.291480	-38.213001
0.291600	-38.213001
0.291720	-38.213001
0.291840	-38.213001
0.291960	-38.213001
0.292080	-38.213001
0.292200	-38.213001
0.292320	-38.213001
0.292440	-38.213001
0.292560	-28.462999
0.292680	-28.462999
0.292800	-38.213001
0.292920	-38.213001
0.293040	-38.213001
0.293160	-38.213001
0.293280	-38.213001
0.293400	-38.213001
0.293520	-28.462999
0.293640	-28.462999
0.293760	-28.462999
0.293880	-28.462999
0.294000	-38.213001
0.294120	-38.213001
0.294240	-38.213001
0.294360	-38.213001
0.294480	-38.213001
0.294600	-38.213001
0.294720	-28.462999
0.294840	-38.213001
0.294960	-38.213001
0.295080	-28.462999
0.295200	-38.213001
0.295320	-38.213001
0.295440	-38.213001
0.295560	-38.213001
0.295680	-38.213001
0.295800	-38.213001
0.295920	-38.213001
0.296040	-38.213001
0.296160	-38.213001
0.296280	-38.213001
0.296400	-38.213001
0.296520	-28.462999
0.296640	-38.213001
0.296760	-28.462999
0.296880	-28.462999
0.297000	-28.462999
0.297120	-28.462999
0.297240	-28.462999
0.297360	-28.462999
0.297480	-28.462999
0.297600	-28.462999
0.297720	-28.462999
0.297840	-28.462999
0.297960	-28.462999
0.298080	-28.462999
0.298200	-28.462999
0.298320	-28.462999
0.298440	-28.462999
0.298560	-28.462999
0.298680	-28.462999
0.298800	-28.462999
0.298920	-28.462999
0.299040	-28.462999
0.299160	-28.462999
0.299280	-38.213001
0.299400	-28.462999
0.299520	-28.462999
0.299640	-28.462999
0.299760	-28.462999
0.299880	-28.462999
0.300000	-28.462999
0.300120	-28.462999
0.300240	-28.462999
0.300360	-28.462999
0.300480	-28.462999
0.300600	-28.462999
0.300720	-28.462999
0.300840	-28.462999
0.300960	-28.462999
0.301080	-28.462999
0.301200	-28.462999
0.301320	-38.213001
0.301440	-28.462999
0.301560	-28.462999
0.301680	-28.462999
0.301800	-28.462999
0.301920	-28.462999
0.302040	-28.462999
0.302160	-28.462999
0.302280	-28.462999
0.302400	-28.462999
0.302520	-28.462999
0.302640	-28.462999
0.302760	-28.462999
0.302880	-28.462999
0.303000	-28.462999
0.303120	-28.462999
0.303240	-28.462999
0.303360	-28.462999
0.303480	-28.462999
0.303600	-28.462999
0.303720	-28.462999
0.303840	-28.462999
0.303960	-28.462999
0.304080	-28.462999
0.304200	-28.462999
0.304320	-28.462999
0.304440	-28.462999
0.304560	-28.462999
0.304680	-28.462999
0.304800	-28.462999
0.304920	-28.462999
0.305040	-28.462999
0.305160	-28.462999
0.305280	-28.462999
0.305400	-28.462999
0.305520	-28.462999
0.305640	-18.712999
0.305760	-28.462999
0.305880	-28.462999
0.306000	-28.462999
0.306120	-28.462999
0.306240	-28.462999
0.306360	-28.462999
0.306480	-18.712999
0.306600	-28.462999
0.306720	-18.712999
0.306840	-28.462999
0.306960	-18.712999
0.307080	-18.712999
0.307200	-28.462999
0.307320	-18.712999
0.307440	-28.462999
0.307560	-28.462999
0.307680	-18.712999
0.307800	-18.712999
0.307920	-18.712999
0.308040	-18.712999
0.308160	-28.462999
0.308280	-18.712999
0.308400	-28.462999
0.308520	-18.712999
0.308640	-18.712999
0.308760	-18.712999
0.308880	-18.712999
0.309000	-18.712999
0.309120	-18.712999
0.309240	-18.712999
0.309360	-18.712999
0.309480	-18.712999
0.309600	-18.712999
0.309720	-18.712999
0.309840	-8.963500
0.309960	-8.963500
0.310080	-8.963500
0.310200	-8.963500
0.310320	-8.963500
0.310440	-8.963500
0.310560	-8.963500
0.310680	-8.963500
0.310800	-8.963500
0.310920	-8.963500
0.311040	-8.963500
0.311160	-8.963500
0.311280	-8.963500
0.311400	-8.963500
0.311520	-8.963500
0.311640	-8.963500
0.311760	-8.963500
0.311880	-8.963500
0.312000	-8.963500
0.312120	-8.963500
0.312240	-8.963500
0.312360	-8.963500
0.312480	-8.963500
0.312600	-8.963500
0.312720	-8.963500
0.312840	-8.963500
0.312960	-8.963500
0.313080	0.786250
0.313200	0.786250
0.313320	0.786250
0.313440	0.786250
0.313560	-8.963500
0.313680	-8.963500
0.313800	-8.963500
0.313920	0.786250
0.314040	0.786250
0.314160	-8.963500
0.314280	-8.963500
0.314400	-8.963500
0.314520	-8.963500
0.314640	-8.963500
0.314760	-8.963500
0.314880	0.786250
0.315000	0.786250
0.315120	0.786250
0.315240	0.786250
0.315360	0.786250
0.315480	-8.963500
0.315600	-8.963500
0.315720	0.786250
0.315840	0.786250
0.315960	0.786250
0.316080	0.786250
0.316200	0.786250
0.316320	0.786250
0.316440	-8.963500
0.316560	-8.963500
0.316680	-8.963500
0.316800	0.786250
0.316920	0.786250
0.317040	0.786250
0.317160	0.786250
0.317280	-8.963500
0.317400	-8.963500
0.317520	-8.963500
0.317640	-8.963500
0.317760	-8.963500
0.317880	-8.963500
0.318000	-8.963500
0.318120	-8.963500
0.318240	-8.963500
0.318360	-8.963500
0.318480	-8.963500
0.318600	-8.963500
0.318720	-8.963500
0.318840	-8.963500
0.318960	-8.963500
0.319080	-8.963500
0.319200	-8.963500
0.319320	-8.963500
0.319440	-8.963500
0.319560	-8.963500
0.319680	-8.963500
0.319800	-8.963500
0.319920	-8.963500
0.320040	-8.963500
0.320160	-8.963500
0.320280	-8.963500
0.320400	-8.963500
0.320520	-8.963500
0.320640	-8.963500
0.320760	-8.963500
0.320880	-8.963500
0.321000	-8.963500
0.321120	-8.963500
0.321240	-8.963500
0.321360	-8.963500
0.321480	-8.963500
0.321600	-8.963500
0.321720	-8.963500
0.321840	-8.963500
0.321960	-8.963500
0.322080	-8.963500
0.322200	-8.963500
0.322320	-8.963500
0.322440	-8.963500
0.322560	-8.963500
0.322680	-8.963500
0.322800	-8.963500
0.322920	-8.963500
0.323040	-8.963500
0.323160	-8.963500
0.323280	-8.963500
0.323400	-8.963500
0.323520	-8.963500
0.323640	-8.963500
0.323760	-8.963500
0.323880	-8.963500
0.324000	-8.963500
0.324120	-8.963500
0.324240	0.786250
0.324360	-8.963500
0.324480	-8.963500
0.324600	-8.963500
0.324720	-8.963500
0.324840	-8.963500
0.324960	-8.963500
0.325080	-8.963500
0.325200	0.786250
0.325320	0.786250
0.325440	-8.963500
0.325560	-8.963500
0.325680	-8.963500
0.325800	-8.963500
0.325920	-8.963500
0.326040	-8.963500
0.326160	-8.963500
0.326280	-8.963500
0.326400	-8.963500
0.326520	-8.963500
0.326640	-8.963500
0.326760	-8.963500
0.326880	-8.963500
0.327000	-8.963500
0.327120	-8.963500
0.327240	-8.963500
0.327360	-8.963500
0.327480	-8.963500
0.327600	-8.963500
0.327720	-8.963500
0.327840	-8.963500
0.327960	-8.963500
0.328080	-8.963500
0.328200	-8.963500
0.328320	-8.963500
0.328440	-8.963500
0.328560	-8.963500
0.328680	-8.963500
0.328800	-8.963500
0.328920	-8.963500
0.329040	-8.963500
0.329160	-8.963500
0.329280	-8.963500
0.329400	-8.963500
0.329520	-8.963500
0.329640	-8.963500
0.329760	-8.963500
0.329880	-8.963500
0.330000	-8.963500
0.330120	0.786250
0.330240	-8.963500
0.330360	0.786250
0.330480	0.786250
0.330600	-8.963500
0.330720	0.786250
0.330840	-8.963500
0.330960	-8.963500
0.331080	-8.963500
0.331200	-8.963500
0.331320	-8.963500
0.331440	0.786250
0.331560	-8.963500
0.331680	-8.963500
0.331800	-8.963500
0.331920	-8.963500
0.332040	-8.963500
0.332160	-8.963500
0.332280	-8.963500
0.332400	-8.963500
0.332520	-8.963500
0.332640	-8.963500
0.332760	-8.963500
0.332880	0.786250
0.333000	-8.963500
0.333120	0.786250
0.333240	-8.963500
0.333360	0.786250
0.333480	-8.963500
0.333600	-8.963500
0.333720	0.786250
0.333840	0.786250
0.333960	0.786250
0.334080	-8.963500
0.334200	0.786250
0.334320	0.786250
0.334440	0.786250
0.334560	-8.963500
0.334680	-8.963500
0.334800	-8.963500
0.334920	0.786250
0.335040	0.786250
0.335160	0.786250
0.335280	0.786250
0.335400	0.786250
0.335520	0.786250
0.335640	0.786250
0.335760	-8.963500
0.335880	0.786250
0.336000	0.786250
0.336120	0.786250
0.336240	0.786250
0.336360	0.786250
0.336480	0.786250
0.336600	0.786250
0.336720	0.786250
0.336840	0.786250
0.336960	0.786250
0.337080	0.786250
0.337200	0.786250
0.337320	0.786250
0.337440	0.786250
0.337560	0.786250
0.337680	0.786250
0.337800	0.786250
0.337920	0.786250
0.338040	0.786250
0.338160	0.786250
0.338280	0.786250
0.338400	0.786250
0.338520	0.786250
0.338640	0.786250
0.338760	0.786250
0.338880	0.786250
0.339000	0.786250
0.339120	0.786250
0.339240	-8.963500
0.339360	-8.963500
0.339480	0.786250
0.339600	0.786250
0.339720	0.786250
0.339840	0.786250
0.339960	0.786250
0.340080	-8.963500
0.340200	-8.963500
0.340320	0.786250
0.340440	-8.963500
0.340560	-8.963500
0.340680	0.786250
0.340800	0.786250
0.340920	0.786250
0.341040	-8.963500
0.341160	0.786250
0.341280	0.786250
0.341400	0.786250
0.341520	-8.963500
0.341640	0.786250
0.341760	0.786250
0.341880	0.786250
0.342000	0.786250
0.342120	0.786250
0.342240	-8.963500
0.342360	0.786250
0.342480	0.786250
0.342600	0.786250
0.342720	0.786250
0.342840	0.786250
0.342960	0.786250
0.343080	-8.963500
0.343200	0.786250
0.343320	-8.963500
0.343440	-8.963500
0.343560	0.786250
0.343680	-8.963500
0.343800	0.786250
0.343920	0.786250
0.344040	0.786250
0.344160	-8.963500
0.344280	0.786250
0.344400	0.786250
0.344520	0.786250
0.344640	-8.963500
0.344760	0.786250
0.344880	-8.963500
0.345000	-8.963500
0.345120	-8.963500
0.345240	-8.963500
0.345360	-8.963500
0.345480	-8.963500
0.345600	0.786250
0.345720	-8.963500
0.345840	-8.963500
0.345960	-8.963500
0.346080	-8.963500
0.346200	-8.963500
0.346320	-8.963500
0.346440	-8.963500
0.346560	-8.963500
0.346680	-8.963500
0.346800	-8.963500
0.346920	-8.963500
0.347040	-8.963500
0.347160	-8.963500
0.347280	-8.963500
0.347400	-8.963500
0.347520	-8.963500
0.347640	-8.963500
0.347760	-8.963500
0.347880	-8.963500
0.348000	-8.963500
0.348120	-8.963500
0.348240	-8.963500
0.348360	-8.963500
0.348480	-8.963500
0.348600	-8.963500
0.348720	-8.963500
0.348840	-8.963500
0.348960	-8.963500
0.349080	-8.963500
0.349200	-8.963500
0.349320	-8.963500
0.349440	-18.712999
0.349560	-8.963500
0.349680	-8.963500
0.349800	-8.963500
0.349920	-8.963500
0.350040	-8.963500
0.350160	-8.963500
0.350280	-8.963500
0.350400	-18.712999
0.350520	-8.963500
0.350640	-18.712999
0.350760	-8.963500
0.350880	-8.963500
0.351000	-8.963500
0.351120	-8.963500
0.351240	-18.712999
0.351360	-18.712999
0.351480	-18.712999
0.351600	-18.712999
0.351720	-18.712999
0.351840	-18.712999
0.351960	-8.963500
0.352080	-8.963500
0.352200	-18.712999
0.352320	-18.712999
0.352440	-8.963500
0.352560	-18.712999
0.352680	-18.712999
0.352800	-8.963500
0.352920	-18.712999
0.353040	-18.712999
0.353160	-18.712999
0.353280	-18.712999
0.353400	-18.712999
0.353520	-18.712999
0.353640	-18.712999
0.353760	-18.712999
0.353880	-18.712999
0.354000	-18.712999
0.354120	-18.712999
0.354240	-18.712999
0.354360	-18.712999
0.354480	-18.712999
0.354600	-18.712999
0.354720	-18.712999
0.354840	-18.712999
0.354960	-18.712999
0.355080	-18.712999
0.355200	-18.712999
0.355320	-18.712999
0.355440	-18.712999
0.355560	-18.712999
0.355680	-18.712999
0.355800	-18.712999
0.355920	-18.712999
0.356040	-18.712999
0.356160	-18.712999
0.356280	-18.712999
0.356400	-18.712999
0.356520	-18.712999
0.356640	-18.712999
0.356760	-18.712999
0.356880	-18.712999
0.357000	-18.712999
0.357120	-18.712999
0.357240	-18.712999
0.357360	-18.712999
0.357480	-18.712999
0.357600	-18.712999
0.357720	-18.712999
0.357840	-18.712999
0.357960	-18.712999
0.358080	-18.712999
0.358200	-18.712999
0.358320	-18.712999
0.358440	-18.712999
0.358560	-18.712999
0.358680	-18.712999
0.358800	-18.712999
0.358920	-18.712999
0.359040	-18.712999
0.359160	-18.712999
0.359280	-18.712999
0.359400	-18.712999
0.359520	-18.712999
0.359640	-18.712999
0.359760	-18.712999
0.359880	-18.712999
0.360000	-18.712999
0.360120	-18.712999
0.360240	-18.712999
0.360360	-18.712999
0.360480	-18.712999
0.360600	-18.712999
0.360720	-18.712999
0.360840	-18.712999
0.360960	-18.712999
0.361080	-18.712999
0.361200	-18.712999
0.361320	-18.712999
0.361440	-18.712999
0.361560	-28.462999
0.361680	-18.712999
0.361800	-18.712999
0.361920	-18.712999
0.362040	-28.462999
0.362160	-28.462999
0.362280	-18.712999
0.362400	-28.462999
0.362520	-28.462999
0.362640	-18.712999
0.362760	-18.712999
0.362880	-18.712999
0.363000	-18.712999
0.363120	-28.462999
0.363240	-28.462999
0.363360	-28.462999
0.363480	-28.462999
0.363600	-28.462999
0.363720	-28.462999
0.363840	-28.462999
0.363960	-28.462999
0.364080	-28.462999
0.364200	-28.462999
0.364320	-28.462999
0.364440	-28.462999
0.364560	-28.462999
0.364680	-28.462999
0.364800	-28.462999
0.364920	-28.462999
0.365040	-28.462999
0.365160	-28.462999
0.365280	-28.462999
0.365400	-28.462999
0.365520	-28.462999
0.365640	-28.462999
0.365760	-28.462999
0.365880	-28.462999
0.366000	-28.462999
0.366120	-28.462999
0.366240	-28.462999
0.366360	-28.462999
0.366480	-28.462999
0.366600	-28.462999
0.366720	-28.462999
0.366840	-28.462999
0.366960	-28.462999
0.367080	-28.462999
0.367200	-28.462999
0.367320	-18.712999
0.367440	-28.462999
0.367560	-18.712999
0.367680	-28.462999
0.367800	-28.462999
0.367920	-28.462999
0.368040	-28.462999
0.368160	-28.462999
0.368280	-28.462999
0.368400	-28.462999
0.368520	-18.712999
0.368640	-28.462999
0.368760	-28.462999
0.368880	-28.462999
0.369000	-28.462999
0.369120	-28.462999
0.369240	-28.462999
0.369360	-28.462999
0.369480	-18.712999
0.369600	-18.712999
0.369720	-28.462999
0.369840	-28.462999
0.369960	-18.712999
0.370080	-28.462999
0.370200	-28.462999
0.370320	-28.462999
0.370440	-28.462999
0.370560	-28.462999
0.370680	-28.462999
0.370800	-28.462999
0.370920	-28.462999
0.371040	-28.462999
0.371160	-28.462999
0.371280	-28.462999
0.371400	-28.462999
0.371520	-28.462999
0.371640	-28.462999
0.371760	-18.712999
0.371880	-28.462999
0.372000	-28.462999
0.372120	-28.462999
0.372240	-28.462999
0.372360	-28.462999
0.372480	-28.462999
0.372600	-28.462999
0.372720	-28.462999
0.372840	-28.462999
0.372960	-28.462999
0.373080	-28.462999
0.373200	-28.462999
0.373320	-28.462999
0.373440	-28.462999
0.373560	-28.462999
0.373680	-28.462999
0.373800	-28.462999
0.373920	-28.462999
0.374040	-28.462999
0.374160	-28.462999
0.374280	-28.462999
0.374400	-28.462999
0.374520	-28.462999
0.374640	-28.462999
0.374760	-28.462999
0.374880	-28.462999
0.375000	-28.462999
0.375120	-28.462999
0.375240	-28.462999
0.375360	-28.462999
0.375480	-28.462999
0.375600	-28.462999
0.375720	-28.462999
0.375840	-28.462999
0.375960	-28.462999
0.376080	-28.462999
0.376200	-28.462999
0.376320	-28.462999
0.376440	-28.462999
0.376560	-28.462999
0.376680	-28.462999
0.376800	-28.462999
0.376920	-28.462999
0.377040	-28.462999
0.377160	-28.462999
0.377280	-28.462999
0.377400	-28.462999
0.377520	-28.462999
0.377640	-28.462999
0.377760	-28.462999
0.377880	-28.462999
0.378000	-28.462999
0.378120	-28.462999
0.378240	-38.213001
0.378360	-38.213001
0.378480	-38.213001
0.378600	-38.213001
0.378720	-38.213001
0.378840	-38.213001
0.378960	-38.213001
0.379080	-38.213001
0.379200	-38.213001
0.379320	-38.213001
0.379440	-38.213001
0.379560	-38.213001
0.379680	-38.213001
0.379800	-38.213001
0.379920	-38.213001
0.380040	-38.213001
0.380160	-38.213001
0.380280	-38.213001
0.380400	-38.213001
0.380520	-38.213001
0.380640	-38.213001
0.380760	-38.213001
0.380880	-38.213001
0.381000	-38.213001
0.381120	-47.963001
0.381240	-38.213001
0.381360	-38.213001
0.381480	-47.963001
0.381600	-47.963001
0.381720	-47.963001
0.381840	-47.963001
0.381960	-47.963001
0.382080	-47.963001
0.382200	-38.213001
0.382320	-47.963001
0.382440	-47.963001
0.382560	-47.963001
0.382680	-47.963001
0.382800	-47.963001
0.382920	-47.963001
0.383040	-47.963001
0.383160	-47.963001
0.383280	-47.963001
0.383400	-47.963001
0.383520	-47.963001
0.383640	-47.963001
0.383760	-47.963001
0.383880	-47.963001
0.384000	-47.963001
0.384120	-47.963001
0.384240	-47.963001
0.384360	-47.963001
0.384480	-47.963001
0.384600	-47.963001
0.384720	-47.963001
0.384840	-47.963001
0.384960	-47.963001
0.385080	-47.963001
0.385200	-47.963001
0.385320	-47.963001
0.385440	-47.963001
0.385560	-47.963001
0.385680	-47.963001
0.385800	-47.963001
0.385920	-47.963001
0.386040	-47.963001
0.386160	-47.963001
0.386280	-47.963001
0.386400	-47.963001
0.386520	-47.963001
0.386640	-47.963001
0.386760	-47.963001
0.386880	-47.963001
0.387000	-47.963001
0.387120	-47.963001
0.387240	-47.963001
0.387360	-47.963001
0.387480	-47.963001
0.387600	-47.963001
0.387720	-47.963001
0.387840	-57.713001
0.387960	-47.963001
0.388080	-57.713001
0.388200	-47.963001
0.388320	-57.713001
0.388440	-57.713001
0.388560	-57.713001
0.388680	-57.713001
0.388800	-57.713001
0.388920	-57.713001
0.389040	-57.713001
0.389160	-57.713001
0.389280	-57.713001
0.389400	-57.713001
0.389520	-57.713001
0.389640	-57.713001
0.389760	-57.713001
0.389880	-57.713001
0.390000	-57.713001
0.390120	-57.713001
0.390240	-57.713001
0.390360	-57.713001
0.390480	-57.713001
0.390600	-57.713001
0.390720	-57.713001
0.390840	-57.713001
0.390960	-57.713001
0.391080	-57.713001
0.391200	-57.713001
0.391320	-57.713001
0.391440	-57.713001
0.391560	-57.713001
0.391680	-57.713001
0.391800	-57.713001
0.391920	-57.713001
0.392040	-57.713001
0.392160	-57.713001
0.392280	-57.713001
0.392400	-57.713001
0.392520	-57.713001
0.392640	-57.713001
0.392760	-57.713001
0.392880	-57.713001
0.393000	-57.713001
0.393120	-57.713001
0.393240	-57.713001
0.393360	-57.713001
0.393480	-57.713001
0.393600	-57.713001
0.393720	-57.713001
0.393840	-57.713001
0.393960	-57.713001
0.394080	-57.713001
0.394200	-57.713001
0.394320	-57.713001
0.394440	-57.713001
0.394560	-57.713001
0.394680	-57.713001
0.394800	-57.713001
0.394920	-57.713001
0.395040	-57.713001
0.395160	-57.713001
0.395280	-57.713001
0.395400	-57.713001
0.395520	-57.713001
0.395640	-57.713001
0.395760	-57.713001
0.395880	-57.713001
0.396000	-57.713001
0.396120	-57.713001
0.396240	-57.713001
0.396360	-57.713001
0.396480	-57.713001
0.396600	-57.713001
0.396720	-57.713001
0.396840	-57.713001
0.396960	-57.713001
0.397080	-57.713001
0.397200	-57.713001
0.397320	-57.713001
0.397440	-57.713001
0.397560	-57.713001
0.397680	-57.713001
0.397800	-57.713001
0.397920	-57.713001
0.398040	-57.713001
0.398160	-57.713001
0.398280	-57.713001
0.398400	-57.713001
0.398520	-57.713001
0.398640	-57.713001
0.398760	-57.713001
0.398880	-57.713001
0.399000	-57.713001
0.399120	-67.461998
0.399240	-57.713001
0.399360	-57.713001
0.399480	-57.713001
0.399600	-57.713001
0.399720	-57.713001
0.399840	-57.713001
0.399960	-57.713001
0.400080	-57.713001
0.400200	-57.713001
0.400320	-67.461998
0.400440	-57.713001
0.400560	-57.713001
0.400680	-57.713001
0.400800	-57.713001
0.400920	-67.461998
0.401040	-67.461998
0.401160	-57.713001
0.401280	-57.713001
0.401400	-67.461998
0.401520	-57.713001
0.401640	-57.713001
0.401760	-67.461998
0.401880	-57.713001
0.402000	-57.713001
0.402120	-57.713001
0.402240	-67.461998
0.402360	-57.713001
0.402480	-57.713001
0.402600	-57.713001
0.402720	-57.713001
0.402840	-67.461998
0.402960	-67.461998
0.403080	-67.461998
0.403200	-57.713001
0.403320	-57.713001
0.403440	-67.461998
0.403560	-67.461998
0.403680	-67.461998
0.403800	-67.461998
0.403920	-67.461998
0.404040	-67.461998
0.404160	-67.461998
0.404280	-67.461998
0.404400	-67.461998
0.404520	-67.461998
0.404640	-67.461998
0.404760	-67.461998
0.404880	-67.461998
0.405000	-67.461998
0.405120	-67.461998
0.405240	-67.461998
0.405360	-67.461998
0.405480	-67.461998
0.405600	-67.461998
0.405720	-67.461998
0.405840	-67.461998
0.405960	-67.461998
0.406080	-67.461998
0.406200	-57.713001
0.406320	-67.461998
0.406440	-57.713001
0.406560	-67.461998
0.406680	-67.461998
0.406800	-67.461998
0.406920	-67.461998
0.407040	-67.461998
0.407160	-67.461998
0.407280	-67.461998
0.407400	-67.461998
0.407520	-67.461998
0.407640	-67.461998
0.407760	-67.461998
0.407880	-67.461998
0.408000	-67.461998
0.408120	-67.461998
0.408240	-67.461998
0.408360	-67.461998
0.408480	-67.461998
0.408600	-67.461998
0.408720	-67.461998
0.408840	-67.461998
0.408960	-67.461998
0.409080	-67.461998
0.409200	-67.461998
0.409320	-67.461998
0.409440	-67.461998
0.409560	-67.461998
0.409680	-67.461998
0.409800	-67.461998
0.409920	-67.461998
0.410040	-67.461998
0.410160	-67.461998
0.410280	-67.461998
0.410400	-67.461998
0.410520	-67.461998
0.410640	-67.461998
0.410760	-67.461998
0.410880	-67.461998
0.411000	-67.461998
0.411120	-67.461998
0.411240	-67.461998
0.411360	-67.461998
0.411480	-67.461998
0.411600	-67.461998
0.411720	-67.461998
0.411840	-67.461998
0.411960	-67.461998
0.412080	-67.461998
0.412200	-67.461998
0.412320	-67.461998
0.412440	-67.461998
0.412560	-67.461998
0.412680	-67.461998
0.412800	-67.461998
0.412920	-67.461998
0.413040	-67.461998
0.413160	-67.461998
0.413280	-67.461998
0.413400	-67.461998
0.413520	-67.461998
0.413640	-67.461998
0.413760	-67.461998
0.413880	-67.461998
0.414000	-67.461998
0.414120	-67.461998
0.414240	-67.461998
0.414360	-67.461998
0.414480	-67.461998
0.414600	-67.461998
0.414720	-67.461998
0.414840	-67.461998
0.414960	-67.461998
0.415080	-77.211998
0.415200	-67.461998
0.415320	-77.211998
0.415440	-67.461998
0.415560	-77.211998
0.415680	-77.211998
0.415800	-67.461998
0.415920	-77.211998
0.416040	-67.461998
0.416160	-77.211998
0.416280	-77.211998
0.416400	-77.211998
0.416520	-77.211998
0.416640	-77.211998
0.416760	-77.211998
0.416880	-106.459999
0.417000	-164.960007
0.417120	-164.960007
0.417240	-106.459999
0.417360	-67.461998
0.417480	-57.713001
0.417600	-67.461998
0.417720	-77.211998
0.417840	-77.211998
0.417960	-77.211998
0.418080	-77.211998
0.418200	-77.211998
0.418320	-77.211998
0.418440	-77.211998
0.418560	-77.211998
0.418680	-96.711998
0.418800	-223.460007
0.418920	-262.459991
0.419040	-174.710007
0.419160	-77.211998
0.419280	-47.963001
0.419400	-67.461998
0.419520	-77.211998
0.419640	-86.961998
0.419760	-77.211998
0.419880	-77.211998
0.420000	-77.211998
0.420120	-77.211998
0.420240	-77.211998
0.420360	-77.211998
0.420480	-77.211998
0.420600	-86.961998
0.420720	-86.961998
0.420840	-86.961998
0.420960	-77.211998
0.421080	-77.211998
0.421200	-77.211998
0.421320	-77.211998
0.421440	-77.211998
0.421560	-77.211998
0.421680	-77.211998
0.421800	-77.211998
0.421920	-77.211998
0.422040	-77.211998
0.422160	-77.211998
0.422280	-77.211998
0.422400	-77.211998
0.422520	-86.961998
0.422640	-77.211998
0.422760	-86.961998
0.422880	-86.961998
0.423000	-77.211998
0.423120	-86.961998
0.423240	-86.961998
0.423360	-86.961998
0.423480	-77.211998
0.423600	-77.211998
0.423720	-86.961998
0.423840	-86.961998
0.423960	-86.961998
0.424080	-86.961998
0.424200	-86.961998
0.424320	-86.961998
0.424440	-86.961998
0.424560	-86.961998
0.424680	-77.211998
0.424800	-77.211998
0.424920	-77.211998
0.425040	-86.961998
0.425160	-86.961998
0.425280	-86.961998
0.425400	-77.211998
0.425520	-77.211998
0.425640	-86.961998
0.425760	-86.961998
0.425880	-77.211998
0.426000	-77.211998
0.426120	-86.961998
0.426240	-96.711998
0.426360	-96.711998
0.426480	-86.961998
0.426600	-77.211998
0.426720	-77.211998
0.426840	-77.211998
0.426960	-77.211998
0.427080	-77.211998
0.427200	-77.211998
0.427320	-77.211998
