-0.022440	0.000000
-0.022320	0.000000
-0.022200	0.000000
-0.022080	0.000000
-0.021960	0.000000
-0.021840	19.875000
-0.021720	0.000000
-0.021600	0.000000
-0.021480	0.000000
-0.021360	0.000000
-0.021240	-9.937300
-0.021120	0.000000
-0.021000	0.000000
-0.020880	0.000000
-0.020760	0.000000
-0.020640	0.000000
-0.020520	0.000000
-0.020400	0.000000
-0.020280	0.000000
-0.020160	-9.937300
-0.020040	0.000000
-0.019920	-9.937300
-0.019800	9.937300
-0.019680	0.000000
-0.019560	0.000000
-0.019440	0.000000
-0.019320	0.000000
-0.019200	0.000000
-0.019080	0.000000
-0.018960	0.000000
-0.018840	0.000000
-0.018720	0.000000
-0.018600	0.000000
-0.018480	0.000000
-0.018360	0.000000
-0.018240	-9.937300
-0.018120	0.000000
-0.018000	0.000000
-0.017880	0.000000
-0.017760	0.000000
-0.017640	-9.937300
-0.017520	0.000000
-0.017400	0.000000
-0.017280	0.000000
-0.017160	0.000000
-0.017040	0.000000
-0.016920	0.000000
-0.016800	0.000000
-0.016680	0.000000
-0.016560	0.000000
-0.016440	9.937300
-0.016320	9.937300
-0.016200	9.937300
-0.016080	0.000000
-0.015960	0.000000
-0.015840	-9.937300
-0.015720	0.000000
-0.015600	0.000000
-0.015480	0.000000
-0.015360	0.000000
-0.015240	0.000000
-0.015120	0.000000
-0.015000	0.000000
-0.014880	0.000000
-0.014760	0.000000
-0.014640	-9.937300
-0.014520	0.000000
-0.014400	0.000000
-0.014280	0.000000
-0.014160	9.937300
-0.014040	0.000000
-0.013920	9.937300
-0.013800	0.000000
-0.013680	0.000000
-0.013560	0.000000
-0.013440	0.000000
-0.013320	0.000000
-0.013200	0.000000
-0.013080	0.000000
-0.012960	0.000000
-0.012840	0.000000
-0.012720	0.000000
-0.012600	29.812000
-0.012480	0.000000
-0.012360	9.937300
-0.012240	0.000000
-0.012120	0.000000
-0.012000	0.000000
-0.011880	9.937300
-0.011760	9.937300
-0.011640	0.000000
-0.011520	0.000000
-0.011400	0.000000
-0.011280	9.937300
-0.011160	0.000000
-0.011040	9.937300
-0.010920	9.937300
-0.010800	9.937300
-0.010680	9.937300
-0.010560	9.937300
-0.010440	0.000000
-0.010320	0.000000
-0.010200	9.937300
-0.010080	9.937300
-0.009960	19.875000
-0.009840	9.937300
-0.009720	9.937300
-0.009600	9.937300
-0.009480	9.937300
-0.009360	19.875000
-0.009240	9.937300
-0.009120	9.937300
-0.009000	19.875000
-0.008880	19.875000
-0.008760	19.875000
-0.008640	19.875000
-0.008520	19.875000
-0.008400	29.812000
-0.008280	19.875000
-0.008160	19.875000
-0.008040	19.875000
-0.007920	19.875000
-0.007800	29.812000
-0.007680	19.875000
-0.007560	19.875000
-0.007440	19.875000
-0.007320	19.875000
-0.007200	19.875000
-0.007080	19.875000
-0.006960	29.812000
-0.006840	19.875000
-0.006720	19.875000
-0.006600	19.875000
-0.006480	19.875000
-0.006360	19.875000
-0.006240	19.875000
-0.006120	19.875000
-0.006000	29.812000
-0.005880	19.875000
-0.005760	19.875000
-0.005640	19.875000
-0.005520	19.875000
-0.005400	9.937300
-0.005280	9.937300
-0.005160	29.812000
-0.005040	29.812000
-0.004920	19.875000
-0.004800	19.875000
-0.004680	19.875000
-0.004560	19.875000
-0.004440	19.875000
-0.004320	39.749001
-0.004200	9.937300
-0.004080	19.875000
-0.003960	9.937300
-0.003840	19.875000
-0.003720	9.937300
-0.003600	19.875000
-0.003480	19.875000
-0.003360	19.875000
-0.003240	9.937300
-0.003120	9.937300
-0.003000	19.875000
-0.002880	9.937300
-0.002760	9.937300
-0.002640	19.875000
-0.002520	29.812000
-0.002400	59.624001
-0.002280	59.624001
-0.002160	29.812000
-0.002040	19.875000
-0.001920	0.000000
-0.001800	9.937300
-0.001680	19.875000
-0.001560	9.937300
-0.001440	9.937300
-0.001320	9.937300
-0.001200	0.000000
-0.001080	19.875000
-0.000960	9.937300
-0.000840	9.937300
-0.000720	9.937300
-0.000600	9.937300
-0.000480	0.000000
-0.000360	19.875000
-0.000240	9.937300
-0.000120	19.875000
0.000000	9.937300
0.000120	9.937300
0.000240	9.937300
0.000360	9.937300
0.000480	9.937300
0.000600	19.875000
0.000720	9.937300
0.000840	9.937300
0.000960	19.875000
0.001080	9.937300
0.001200	9.937300
0.001320	9.937300
0.001440	9.937300
0.001560	9.937300
0.001680	9.937300
0.001800	-9.937300
0.001920	0.000000
0.002040	0.000000
0.002160	9.937300
0.002280	9.937300
0.002400	9.937300
0.002520	0.000000
0.002640	9.937300
0.002760	19.875000
0.002880	9.937300
0.003000	9.937300
0.003120	9.937300
0.003240	9.937300
0.003360	9.937300
0.003480	0.000000
0.003600	0.000000
0.003720	9.937300
0.003840	9.937300
0.003960	9.937300
0.004080	0.000000
0.004200	0.000000
0.004320	9.937300
0.004440	0.000000
0.004560	0.000000
0.004680	9.937300
0.004800	-9.937300
0.004920	0.000000
0.005040	9.937300
0.005160	9.937300
0.005280	19.875000
0.005400	0.000000
0.005520	0.000000
0.005640	9.937300
0.005760	19.875000
0.005880	9.937300
0.006000	9.937300
0.006120	19.875000
0.006240	9.937300
0.006360	0.000000
0.006480	-9.937300
0.006600	-9.937300
0.006720	0.000000
0.006840	0.000000
0.006960	0.000000
0.007080	0.000000
0.007200	9.937300
0.007320	0.000000
0.007440	0.000000
0.007560	0.000000
0.007680	9.937300
0.007800	0.000000
0.007920	0.000000
0.008040	0.000000
0.008160	0.000000
0.008280	0.000000
0.008400	0.000000
0.008520	0.000000
0.008640	0.000000
0.008760	0.000000
0.008880	0.000000
0.009000	0.000000
0.009120	9.937300
0.009240	9.937300
0.009360	0.000000
0.009480	0.000000
0.009600	9.937300
0.009720	9.937300
0.009840	0.000000
0.009960	0.000000
0.010080	0.000000
0.010200	0.000000
0.010320	0.000000
0.010440	0.000000
0.010560	0.000000
0.010680	9.937300
0.010800	0.000000
0.010920	9.937300
0.011040	0.000000
0.011160	9.937300
0.011280	9.937300
0.011400	0.000000
0.011520	0.000000
0.011640	9.937300
0.011760	9.937300
0.011880	9.937300
0.012000	9.937300
0.012120	9.937300
0.012240	9.937300
0.012360	9.937300
0.012480	9.937300
0.012600	29.812000
0.012720	9.937300
0.012840	39.749001
0.012960	9.937300
0.013080	9.937300
0.013200	19.875000
0.013320	9.937300
0.013440	19.875000
0.013560	9.937300
0.013680	19.875000
0.013800	9.937300
0.013920	9.937300
0.014040	19.875000
0.014160	19.875000
0.014280	9.937300
0.014400	19.875000
0.014520	19.875000
0.014640	19.875000
0.014760	29.812000
0.014880	19.875000
0.015000	19.875000
0.015120	19.875000
0.015240	19.875000
0.015360	29.812000
0.015480	29.812000
0.015600	19.875000
0.015720	19.875000
0.015840	19.875000
0.015960	19.875000
0.016080	19.875000
0.016200	19.875000
0.016320	19.875000
0.016440	19.875000
0.016560	19.875000
0.016680	19.875000
0.016800	19.875000
0.016920	19.875000
0.017040	19.875000
0.017160	19.875000
0.017280	19.875000
0.017400	19.875000
0.017520	19.875000
0.017640	19.875000
0.017760	19.875000
0.017880	19.875000
0.018000	9.937300
0.018120	9.937300
0.018240	9.937300
0.018360	19.875000
0.018480	19.875000
0.018600	9.937300
0.018720	19.875000
0.018840	19.875000
0.018960	19.875000
0.019080	19.875000
0.019200	9.937300
0.019320	19.875000
0.019440	9.937300
0.019560	19.875000
0.019680	19.875000
0.019800	19.875000
0.019920	39.749001
0.020040	9.937300
0.020160	9.937300
0.020280	9.937300
0.020400	9.937300
0.020520	19.875000
0.020640	9.937300
0.020760	9.937300
0.020880	19.875000
0.021000	9.937300
0.021120	9.937300
0.021240	9.937300
0.021360	9.937300
0.021480	9.937300
0.021600	0.000000
0.021720	9.937300
0.021840	9.937300
0.021960	9.937300
0.022080	9.937300
0.022200	0.000000
0.022320	19.875000
0.022440	9.937300
0.022560	9.937300
0.022680	9.937300
0.022800	-29.812000
0.022920	0.000000
0.023040	0.000000
0.023160	29.812000
0.023280	9.937300
0.023400	9.937300
0.023520	0.000000
0.023640	9.937300
0.023760	9.937300
0.023880	9.937300
0.024000	9.937300
0.024120	9.937300
0.024240	-9.937300
0.024360	0.000000
0.024480	9.937300
0.024600	0.000000
0.024720	0.000000
0.024840	9.937300
0.024960	9.937300
0.025080	0.000000
0.025200	0.000000
0.025320	0.000000
0.025440	0.000000
0.025560	0.000000
0.025680	9.937300
0.025800	9.937300
0.025920	0.000000
0.026040	9.937300
0.026160	0.000000
0.026280	0.000000
0.026400	0.000000
0.026520	0.000000
0.026640	0.000000
0.026760	0.000000
0.026880	0.000000
0.027000	0.000000
0.027120	0.000000
0.027240	-19.875000
0.027360	0.000000
0.027480	0.000000
0.027600	0.000000
0.027720	0.000000
0.027840	0.000000
0.027960	-9.937300
0.028080	-9.937300
0.028200	-9.937300
0.028320	0.000000
0.028440	-9.937300
0.028560	0.000000
0.028680	0.000000
0.028800	0.000000
0.028920	-9.937300
0.029040	-9.937300
0.029160	-9.937300
0.029280	-9.937300
0.029400	-9.937300
0.029520	-9.937300
0.029640	-9.937300
0.029760	-9.937300
0.029880	-9.937300
0.030000	-9.937300
0.030120	-9.937300
0.030240	-9.937300
0.030360	-9.937300
0.030480	-9.937300
0.030600	-9.937300
0.030720	-9.937300
0.030840	-9.937300
0.030960	-9.937300
0.031080	-9.937300
0.031200	0.000000
0.031320	0.000000
0.031440	-9.937300
0.031560	0.000000
0.031680	-9.937300
0.031800	-9.937300
0.031920	-19.875000
0.032040	-9.937300
0.032160	-9.937300
0.032280	-19.875000
0.032400	-9.937300
0.032520	-9.937300
0.032640	0.000000
0.032760	-9.937300
0.032880	-9.937300
0.033000	-9.937300
0.033120	-9.937300
0.033240	-9.937300
0.033360	0.000000
0.033480	0.000000
0.033600	0.000000
0.033720	0.000000
0.033840	0.000000
0.033960	0.000000
0.034080	0.000000
0.034200	0.000000
0.034320	0.000000
0.034440	0.000000
0.034560	0.000000
0.034680	0.000000
0.034800	0.000000
0.034920	9.937300
0.035040	0.000000
0.035160	0.000000
0.035280	0.000000
0.035400	0.000000
0.035520	0.000000
0.035640	9.937300
0.035760	0.000000
0.035880	0.000000
0.036000	9.937300
0.036120	9.937300
0.036240	0.000000
0.036360	0.000000
0.036480	9.937300
0.036600	9.937300
0.036720	0.000000
0.036840	9.937300
0.036960	9.937300
0.037080	9.937300
0.037200	9.937300
0.037320	0.000000
0.037440	9.937300
0.037560	9.937300
0.037680	9.937300
0.037800	9.937300
0.037920	0.000000
0.038040	19.875000
0.038160	9.937300
0.038280	9.937300
0.038400	0.000000
0.038520	0.000000
0.038640	0.000000
0.038760	0.000000
0.038880	19.875000
0.039000	0.000000
0.039120	-19.875000
0.039240	-9.937300
0.039360	0.000000
0.039480	9.937300
0.039600	9.937300
0.039720	0.000000
0.039840	9.937300
0.039960	0.000000
0.040080	0.000000
0.040200	0.000000
0.040320	0.000000
0.040440	9.937300
0.040560	-9.937300
0.040680	-9.937300
0.040800	0.000000
0.040920	0.000000
0.041040	-29.812000
0.041160	0.000000
0.041280	0.000000
0.041400	9.937300
0.041520	0.000000
0.041640	-9.937300
0.041760	9.937300
0.041880	0.000000
0.042000	0.000000
0.042120	-9.937300
0.042240	9.937300
0.042360	0.000000
0.042480	0.000000
0.042600	0.000000
0.042720	0.000000
0.042840	9.937300
0.042960	0.000000
0.043080	0.000000
0.043200	0.000000
0.043320	0.000000
0.043440	0.000000
0.043560	0.000000
0.043680	0.000000
0.043800	9.937300
0.043920	-9.937300
0.044040	9.937300
0.044160	0.000000
0.044280	0.000000
0.044400	0.000000
0.044520	0.000000
0.044640	0.000000
0.044760	0.000000
0.044880	0.000000
0.045000	0.000000
0.045120	0.000000
0.045240	-9.937300
0.045360	0.000000
0.045480	0.000000
0.045600	0.000000
0.045720	0.000000
0.045840	-9.937300
0.045960	0.000000
0.046080	0.000000
0.046200	0.000000
0.046320	-9.937300
0.046440	19.875000
0.046560	0.000000
0.046680	0.000000
0.046800	0.000000
0.046920	0.000000
0.047040	0.000000
0.047160	0.000000
0.047280	0.000000
0.047400	0.000000
0.047520	0.000000
0.047640	0.000000
0.047760	0.000000
0.047880	9.937300
0.048000	0.000000
0.048120	9.937300
0.048240	-9.937300
0.048360	0.000000
0.048480	0.000000
0.048600	19.875000
0.048720	-9.937300
0.048840	9.937300
0.048960	0.000000
0.049080	19.875000
0.049200	9.937300
0.049320	0.000000
0.049440	9.937300
0.049560	-9.937300
0.049680	0.000000
0.049800	0.000000
0.049920	0.000000
0.050040	9.937300
0.050160	9.937300
0.050280	0.000000
0.050400	0.000000
0.050520	0.000000
0.050640	9.937300
0.050760	9.937300
0.050880	19.875000
0.051000	29.812000
0.051120	0.000000
0.051240	9.937300
0.051360	0.000000
0.051480	9.937300
0.051600	9.937300
0.051720	0.000000
0.051840	9.937300
0.051960	9.937300
0.052080	9.937300
0.052200	9.937300
0.052320	0.000000
0.052440	0.000000
0.052560	9.937300
0.052680	0.000000
0.052800	9.937300
0.052920	0.000000
0.053040	9.937300
0.053160	9.937300
0.053280	9.937300
0.053400	19.875000
0.053520	9.937300
0.053640	0.000000
0.053760	9.937300
0.053880	9.937300
0.054000	19.875000
0.054120	0.000000
0.054240	19.875000
0.054360	9.937300
0.054480	9.937300
0.054600	0.000000
0.054720	9.937300
0.054840	9.937300
0.054960	9.937300
0.055080	0.000000
0.055200	9.937300
0.055320	9.937300
0.055440	9.937300
0.055560	9.937300
0.055680	9.937300
0.055800	9.937300
0.055920	9.937300
0.056040	19.875000
0.056160	9.937300
0.056280	9.937300
0.056400	9.937300
0.056520	0.000000
0.056640	9.937300
0.056760	9.937300
0.056880	9.937300
0.057000	0.000000
0.057120	0.000000
0.057240	0.000000
0.057360	0.000000
0.057480	0.000000
0.057600	0.000000
0.057720	0.000000
0.057840	0.000000
0.057960	0.000000
0.058080	0.000000
0.058200	0.000000
0.058320	0.000000
0.058440	0.000000
0.058560	19.875000
0.058680	0.000000
0.058800	9.937300
0.058920	0.000000
0.059040	0.000000
0.059160	0.000000
0.059280	19.875000
0.059400	0.000000
0.059520	9.937300
0.059640	0.000000
0.059760	19.875000
0.059880	19.875000
0.060000	29.812000
0.060120	29.812000
0.060240	19.875000
0.060360	29.812000
0.060480	29.812000
0.060600	39.749001
0.060720	39.749001
0.060840	39.749001
0.060960	39.749001
0.061080	49.686001
0.061200	39.749001
0.061320	59.624001
0.061440	69.560997
0.061560	69.560997
0.061680	49.686001
0.061800	69.560997
0.061920	69.560997
0.062040	69.560997
0.062160	89.434998
0.062280	89.434998
0.062400	89.434998
0.062520	89.434998
0.062640	99.373001
0.062760	109.309998
0.062880	119.250000
0.063000	129.179993
0.063120	129.179993
0.063240	129.179993
0.063360	139.119995
0.063480	149.059998
0.063600	149.059998
0.063720	159.000000
0.063840	159.000000
0.063960	168.929993
0.064080	168.929993
0.064200	178.869995
0.064320	159.000000
0.064440	159.000000
0.064560	159.000000
0.064680	168.929993
0.064800	149.059998
0.064920	168.929993
0.065040	178.869995
0.065160	168.929993
0.065280	168.929993
0.065400	168.929993
0.065520	178.869995
0.065640	159.000000
0.065760	159.000000
0.065880	168.929993
0.066000	159.000000
0.066120	159.000000
0.066240	159.000000
0.066360	168.929993
0.066480	168.929993
0.066600	149.059998
0.066720	159.000000
0.066840	178.869995
0.066960	168.929993
0.067080	178.869995
0.067200	159.000000
0.067320	168.929993
0.067440	178.869995
0.067560	188.809998
0.067680	168.929993
0.067800	178.869995
0.067920	168.929993
0.068040	178.869995
0.068160	188.809998
0.068280	188.809998
0.068400	198.750000
0.068520	188.809998
0.068640	198.750000
0.068760	208.679993
0.068880	198.750000
0.069000	198.750000
0.069120	208.679993
0.069240	208.679993
0.069360	208.679993
0.069480	208.679993
0.069600	198.750000
0.069720	208.679993
0.069840	218.619995
0.069960	228.559998
0.070080	228.559998
0.070200	218.619995
0.070320	218.619995
0.070440	218.619995
0.070560	228.559998
0.070680	228.559998
0.070800	228.559998
0.070920	228.559998
0.071040	228.559998
0.071160	238.490005
0.071280	228.559998
0.071400	228.559998
0.071520	238.490005
0.071640	238.490005
0.071760	248.429993
0.071880	238.490005
0.072000	238.490005
0.072120	238.490005
0.072240	248.429993
0.072360	258.369995
0.072480	248.429993
0.072600	248.429993
0.072720	248.429993
0.072840	248.429993
0.072960	248.429993
0.073080	248.429993
0.073200	248.429993
0.073320	248.429993
0.073440	268.309998
0.073560	268.309998
0.073680	268.309998
0.073800	258.369995
0.073920	258.369995
0.074040	268.309998
0.074160	268.309998
0.074280	268.309998
0.074400	258.369995
0.074520	258.369995
0.074640	258.369995
0.074760	258.369995
0.074880	268.309998
0.075000	258.369995
0.075120	258.369995
0.075240	268.309998
0.075360	268.309998
0.075480	258.369995
0.075600	258.369995
0.075720	258.369995
0.075840	258.369995
0.075960	258.369995
0.076080	258.369995
0.076200	258.369995
0.076320	268.309998
0.076440	248.429993
0.076560	248.429993
0.076680	248.429993
0.076800	248.429993
0.076920	248.429993
0.077040	248.429993
0.077160	228.559998
0.077280	238.490005
0.077400	248.429993
0.077520	258.369995
0.077640	238.490005
0.077760	228.559998
0.077880	238.490005
0.078000	228.559998
0.078120	228.559998
0.078240	238.490005
0.078360	228.559998
0.078480	228.559998
0.078600	218.619995
0.078720	228.559998
0.078840	228.559998
0.078960	218.619995
0.079080	218.619995
0.079200	208.679993
0.079320	208.679993
0.079440	218.619995
0.079560	208.679993
0.079680	208.679993
0.079800	218.619995
0.079920	208.679993
0.080040	228.559998
0.080160	218.619995
0.080280	208.679993
0.080400	208.679993
0.080520	198.750000
0.080640	198.750000
0.080760	198.750000
0.080880	198.750000
0.081000	188.809998
0.081120	188.809998
0.081240	168.929993
0.081360	188.809998
0.081480	188.809998
0.081600	188.809998
0.081720	188.809998
0.081840	178.869995
0.081960	178.869995
0.082080	178.869995
0.082200	178.869995
0.082320	159.000000
0.082440	178.869995
0.082560	168.929993
0.082680	159.000000
0.082800	159.000000
0.082920	149.059998
0.083040	159.000000
0.083160	149.059998
0.083280	149.059998
0.083400	149.059998
0.083520	149.059998
0.083640	139.119995
0.083760	129.179993
0.083880	129.179993
0.084000	129.179993
0.084120	129.179993
0.084240	119.250000
0.084360	119.250000
0.084480	119.250000
0.084600	109.309998
0.084720	109.309998
0.084840	109.309998
0.084960	99.373001
0.085080	79.498001
0.085200	99.373001
0.085320	89.434998
0.085440	89.434998
0.085560	79.498001
0.085680	79.498001
0.085800	69.560997
0.085920	69.560997
0.086040	79.498001
0.086160	69.560997
0.086280	69.560997
0.086400	49.686001
0.086520	49.686001
0.086640	49.686001
0.086760	39.749001
0.086880	39.749001
0.087000	29.812000
0.087120	29.812000
0.087240	29.812000
0.087360	29.812000
0.087480	29.812000
0.087600	19.875000
0.087720	19.875000
0.087840	19.875000
0.087960	19.875000
0.088080	9.937300
0.088200	9.937300
0.088320	0.000000
0.088440	0.000000
0.088560	0.000000
0.088680	0.000000
0.088800	0.000000
0.088920	0.000000
0.089040	0.000000
0.089160	0.000000
0.089280	-9.937300
0.089400	0.000000
0.089520	0.000000
0.089640	0.000000
0.089760	-9.937300
0.089880	0.000000
0.090000	-9.937300
0.090120	-9.937300
0.090240	-9.937300
0.090360	-9.937300
0.090480	-9.937300
0.090600	-9.937300
0.090720	0.000000
0.090840	0.000000
0.090960	-9.937300
0.091080	19.875000
0.091200	9.937300
0.091320	-9.937300
0.091440	-9.937300
0.091560	0.000000
0.091680	0.000000
0.091800	0.000000
0.091920	0.000000
0.092040	9.937300
0.092160	9.937300
0.092280	9.937300
0.092400	9.937300
0.092520	19.875000
0.092640	19.875000
0.092760	29.812000
0.092880	29.812000
0.093000	39.749001
0.093120	39.749001
0.093240	39.749001
0.093360	39.749001
0.093480	49.686001
0.093600	49.686001
0.093720	49.686001
0.093840	39.749001
0.093960	49.686001
0.094080	59.624001
0.094200	59.624001
0.094320	69.560997
0.094440	59.624001
0.094560	69.560997
0.094680	59.624001
0.094800	69.560997
0.094920	69.560997
0.095040	79.498001
0.095160	69.560997
0.095280	69.560997
0.095400	79.498001
0.095520	79.498001
0.095640	69.560997
0.095760	69.560997
0.095880	69.560997
0.096000	79.498001
0.096120	69.560997
0.096240	79.498001
0.096360	69.560997
0.096480	79.498001
0.096600	79.498001
0.096720	79.498001
0.096840	69.560997
0.096960	79.498001
0.097080	79.498001
0.097200	79.498001
0.097320	69.560997
0.097440	89.434998
0.097560	79.498001
0.097680	79.498001
0.097800	79.498001
0.097920	79.498001
0.098040	79.498001
0.098160	69.560997
0.098280	69.560997
0.098400	69.560997
0.098520	79.498001
0.098640	79.498001
0.098760	69.560997
0.098880	79.498001
0.099000	79.498001
0.099120	79.498001
0.099240	79.498001
0.099360	79.498001
0.099480	89.434998
0.099600	79.498001
0.099720	89.434998
0.099840	69.560997
0.099960	79.498001
0.100080	79.498001
0.100200	79.498001
0.100320	79.498001
0.100440	59.624001
0.100560	89.434998
0.100680	89.434998
0.100800	79.498001
0.100920	79.498001
0.101040	89.434998
0.101160	89.434998
0.101280	79.498001
0.101400	79.498001
0.101520	69.560997
0.101640	89.434998
0.101760	89.434998
0.101880	89.434998
0.102000	89.434998
0.102120	99.373001
0.102240	89.434998
0.102360	99.373001
0.102480	99.373001
0.102600	99.373001
0.102720	99.373001
0.102840	99.373001
0.102960	99.373001
0.103080	99.373001
0.103200	99.373001
0.103320	89.434998
0.103440	99.373001
0.103560	99.373001
0.103680	99.373001
0.103800	99.373001
0.103920	99.373001
0.104040	99.373001
0.104160	89.434998
0.104280	99.373001
0.104400	99.373001
0.104520	99.373001
0.104640	109.309998
0.104760	99.373001
0.104880	99.373001
0.105000	99.373001
0.105120	99.373001
0.105240	109.309998
0.105360	99.373001
0.105480	109.309998
0.105600	99.373001
0.105720	99.373001
0.105840	109.309998
0.105960	109.309998
0.106080	99.373001
0.106200	99.373001
0.106320	109.309998
0.106440	109.309998
0.106560	109.309998
0.106680	109.309998
0.106800	99.373001
0.106920	109.309998
0.107040	109.309998
0.107160	109.309998
0.107280	109.309998
0.107400	109.309998
0.107520	99.373001
0.107640	109.309998
0.107760	109.309998
0.107880	109.309998
0.108000	119.250000
0.108120	119.250000
0.108240	109.309998
0.108360	99.373001
0.108480	89.434998
0.108600	99.373001
0.108720	99.373001
0.108840	99.373001
0.108960	99.373001
0.109080	89.434998
0.109200	89.434998
0.109320	89.434998
0.109440	89.434998
0.109560	99.373001
0.109680	89.434998
0.109800	89.434998
0.109920	69.560997
0.110040	89.434998
0.110160	79.498001
0.110280	109.309998
0.110400	109.309998
0.110520	89.434998
0.110640	69.560997
0.110760	59.624001
0.110880	59.624001
0.111000	69.560997
0.111120	59.624001
0.111240	69.560997
0.111360	69.560997
0.111480	69.560997
0.111600	69.560997
0.111720	69.560997
0.111840	49.686001
0.111960	59.624001
0.112080	59.624001
0.112200	59.624001
0.112320	39.749001
0.112440	59.624001
0.112560	59.624001
0.112680	49.686001
0.112800	49.686001
0.112920	39.749001
0.113040	49.686001
0.113160	39.749001
0.113280	69.560997
0.113400	49.686001
0.113520	49.686001
0.113640	39.749001
0.113760	39.749001
0.113880	39.749001
0.114000	49.686001
0.114120	39.749001
0.114240	39.749001
0.114360	39.749001
0.114480	39.749001
0.114600	39.749001
0.114720	39.749001
0.114840	39.749001
0.114960	39.749001
0.115080	29.812000
0.115200	29.812000
0.115320	29.812000
0.115440	29.812000
0.115560	29.812000
0.115680	19.875000
0.115800	29.812000
0.115920	9.937300
0.116040	19.875000
0.116160	19.875000
0.116280	19.875000
0.116400	19.875000
0.116520	19.875000
0.116640	19.875000
0.116760	9.937300
0.116880	19.875000
0.117000	19.875000
0.117120	9.937300
0.117240	9.937300
0.117360	9.937300
0.117480	9.937300
0.117600	19.875000
0.117720	9.937300
0.117840	9.937300
0.117960	9.937300
0.118080	0.000000
0.118200	0.000000
0.118320	0.000000
0.118440	0.000000
0.118560	0.000000
0.118680	0.000000
0.118800	0.000000
0.118920	0.000000
0.119040	0.000000
0.119160	-9.937300
0.119280	-9.937300
0.119400	-9.937300
0.119520	-9.937300
0.119640	-19.875000
0.119760	-9.937300
0.119880	-19.875000
0.120000	-19.875000
0.120120	-19.875000
0.120240	-19.875000
0.120360	-9.937300
0.120480	-19.875000
0.120600	-19.875000
0.120720	-19.875000
0.120840	-19.875000
0.120960	-19.875000
0.121080	-29.812000
0.121200	-29.812000
0.121320	-29.812000
0.121440	-29.812000
0.121560	-29.812000
0.121680	-29.812000
0.121800	-29.812000
0.121920	-19.875000
0.122040	-9.937300
0.122160	-19.875000
0.122280	-29.812000
0.122400	-29.812000
0.122520	-29.812000
0.122640	-29.812000
0.122760	-29.812000
0.122880	-29.812000
0.123000	-29.812000
0.123120	-29.812000
0.123240	-29.812000
0.123360	-29.812000
0.123480	-29.812000
0.123600	-29.812000
0.123720	-29.812000
0.123840	-29.812000
0.123960	-29.812000
0.124080	-29.812000
0.124200	-29.812000
0.124320	-29.812000
0.124440	-29.812000
0.124560	-29.812000
0.124680	-29.812000
0.124800	-39.749001
0.124920	-29.812000
0.125040	-29.812000
0.125160	-39.749001
0.125280	-39.749001
0.125400	-39.749001
0.125520	-29.812000
0.125640	-39.749001
0.125760	-39.749001
0.125880	-39.749001
0.126000	-39.749001
0.126120	-39.749001
0.126240	-39.749001
0.126360	-39.749001
0.126480	-39.749001
0.126600	-29.812000
0.126720	-39.749001
0.126840	-49.686001
0.126960	-39.749001
0.127080	-39.749001
0.127200	-39.749001
0.127320	-39.749001
0.127440	-39.749001
0.127560	-39.749001
0.127680	-49.686001
0.127800	-49.686001
0.127920	-29.812000
0.128040	-39.749001
0.128160	-29.812000
0.128280	-49.686001
0.128400	-49.686001
0.128520	-49.686001
0.128640	-49.686001
0.128760	-49.686001
0.128880	-49.686001
0.129000	-49.686001
0.129120	-49.686001
0.129240	-49.686001
0.129360	-39.749001
0.129480	-59.624001
0.129600	-29.812000
0.129720	-49.686001
0.129840	-59.624001
0.129960	-49.686001
0.130080	-49.686001
0.130200	-49.686001
0.130320	-69.560997
0.130440	-49.686001
0.130560	-49.686001
0.130680	-49.686001
0.130800	-49.686001
0.130920	-39.749001
0.131040	-39.749001
0.131160	-39.749001
0.131280	-39.749001
0.131400	-39.749001
0.131520	-39.749001
0.131640	-39.749001
0.131760	-39.749001
0.131880	-49.686001
0.132000	-39.749001
0.132120	-49.686001
0.132240	-39.749001
0.132360	-39.749001
0.132480	-49.686001
0.132600	-49.686001
0.132720	-39.749001
0.132840	-49.686001
0.132960	-39.749001
0.133080	-39.749001
0.133200	-39.749001
0.133320	-39.749001
0.133440	-49.686001
0.133560	-39.749001
0.133680	-39.749001
0.133800	-29.812000
0.133920	-29.812000
0.134040	-39.749001
0.134160	-29.812000
0.134280	-29.812000
0.134400	-29.812000
0.134520	-19.875000
0.134640	-29.812000
0.134760	-29.812000
0.134880	-29.812000
0.135000	-29.812000
0.135120	-29.812000
0.135240	-29.812000
0.135360	-29.812000
0.135480	-29.812000
0.135600	-29.812000
0.135720	-19.875000
0.135840	-29.812000
0.135960	-19.875000
0.136080	-19.875000
0.136200	-19.875000
0.136320	-19.875000
0.136440	-9.937300
0.136560	-9.937300
0.136680	0.000000
0.136800	0.000000
0.136920	0.000000
0.137040	9.937300
0.137160	9.937300
0.137280	-19.875000
0.137400	-39.749001
0.137520	-39.749001
0.137640	-69.560997
0.137760	-99.373001
0.137880	-139.119995
0.138000	-178.869995
0.138120	-198.750000
0.138240	-278.239990
0.138360	-347.799988
0.138480	-437.239990
0.138600	-496.859985
0.138720	-665.799988
0.138840	-635.979980
0.138960	-884.419983
0.139080	-1083.199951
0.139200	-1490.599976
0.139320	-1361.400024
0.139440	-1490.599976
0.139560	-1659.500000
0.139680	-1699.300049
0.139800	-1848.300049
0.139920	-1957.599976
0.140040	-2245.800049
0.140160	-2663.199951
0.140280	-2931.500000
0.140400	-3110.399902
0.140520	-3299.199951
0.140640	-3468.100098
0.140760	-3647.000000
0.140880	-3796.000000
0.141000	-3875.500000
0.141120	-3855.699951
0.141240	-4034.500000
0.141360	-4084.199951
0.141480	-4163.700195
0.141600	-4243.200195
0.141720	-4332.600098
0.141840	-4412.100098
0.141960	-4481.700195
0.142080	-4511.500000
0.142200	-4481.700195
0.142320	-4412.100098
0.142440	-4322.700195
0.142560	-4203.500000
0.142680	-4054.399902
0.142800	-3875.500000
0.142920	-3666.800049
0.143040	-3507.899902
0.143160	-3378.699951
0.143280	-3319.000000
0.143400	-3279.300049
0.143520	-3179.899902
0.143640	-3110.399902
0.143760	-3011.000000
0.143880	-2911.600098
0.144000	-2822.199951
0.144120	-2683.100098
0.144240	-2553.899902
0.144360	-2484.300049
0.144480	-2444.600098
0.144600	-2375.000000
0.144720	-2265.699951
0.144840	-2116.600098
0.144960	-1977.500000
0.145080	-1878.099976
0.145200	-1818.500000
0.145320	-1778.800049
0.145440	-1729.099976
0.145560	-1649.599976
0.145680	-1540.300049
0.145800	-1431.000000
0.145920	-1321.699951
0.146040	-1222.300049
0.146160	-1142.800049
0.146280	-1053.300049
0.146400	-983.789978
0.146520	-904.289978
0.146640	-844.669983
0.146760	-804.919983
0.146880	-785.039978
0.147000	-775.109985
0.147120	-765.169983
0.147240	-755.229980
0.147360	-755.229980
0.147480	-755.229980
0.147600	-735.359985
0.147720	-705.549988
0.147840	-655.859985
0.147960	-645.919983
0.148080	-655.859985
0.148200	-655.859985
0.148320	-665.799988
0.148440	-685.669983
0.148560	-705.549988
0.148680	-735.359985
0.148800	-765.169983
0.148920	-765.169983
0.149040	-755.229980
0.149160	-735.359985
0.149280	-735.359985
0.149400	-745.289978
0.149520	-755.229980
0.149640	-755.229980
0.149760	-755.229980
0.149880	-785.039978
0.150000	-824.789978
0.150120	-864.539978
0.150240	-864.539978
0.150360	-844.669983
0.150480	-794.979980
0.150600	-765.169983
0.150720	-735.359985
0.150840	-715.479980
0.150960	-695.609985
0.151080	-675.729980
0.151200	-665.799988
0.151320	-645.919983
0.151440	-635.979980
0.151560	-626.049988
0.151680	-606.169983
0.151800	-576.359985
0.151920	-546.549988
0.152040	-516.739990
0.152160	-496.859985
0.152280	-467.049988
0.152400	-447.179993
0.152520	-417.359985
0.152640	-387.549988
0.152760	-357.739990
0.152880	-347.799988
0.153000	-327.929993
0.153120	-308.049988
0.153240	-298.119995
0.153360	-278.239990
0.153480	-258.369995
0.153600	-238.490005
0.153720	-218.619995
0.153840	-218.619995
0.153960	-198.750000
0.154080	-208.679993
0.154200	-188.809998
0.154320	-178.869995
0.154440	-168.929993
0.154560	-159.000000
0.154680	-149.059998
0.154800	-149.059998
0.154920	-129.179993
0.155040	-119.250000
0.155160	-109.309998
0.155280	-109.309998
0.155400	-99.373001
0.155520	-89.434998
0.155640	-69.560997
0.155760	-69.560997
0.155880	-79.498001
0.156000	-59.624001
0.156120	-49.686001
0.156240	-49.686001
0.156360	-49.686001
0.156480	-39.749001
0.156600	-49.686001
0.156720	-39.749001
0.156840	-49.686001
0.156960	-49.686001
0.157080	-9.937300
0.157200	-29.812000
0.157320	-29.812000
0.157440	-19.875000
0.157560	0.000000
0.157680	-19.875000
0.157800	0.000000
0.157920	-19.875000
0.158040	-19.875000
0.158160	-29.812000
0.158280	-29.812000
0.158400	-29.812000
0.158520	-29.812000
0.158640	-39.749001
0.158760	-39.749001
0.158880	-39.749001
0.159000	-39.749001
0.159120	-49.686001
0.159240	-49.686001
0.159360	-59.624001
0.159480	-59.624001
0.159600	-49.686001
0.159720	-49.686001
0.159840	-49.686001
0.159960	-49.686001
0.160080	-49.686001
0.160200	-49.686001
0.160320	-39.749001
0.160440	-29.812000
0.160560	-29.812000
0.160680	-19.875000
0.160800	-29.812000
0.160920	-29.812000
0.161040	-29.812000
0.161160	-29.812000
0.161280	-29.812000
0.161400	-29.812000
0.161520	-19.875000
0.161640	-9.937300
0.161760	0.000000
0.161880	0.000000
0.162000	-9.937300
0.162120	-29.812000
0.162240	-29.812000
0.162360	-19.875000
0.162480	-29.812000
0.162600	-29.812000
0.162720	-39.749001
0.162840	-39.749001
0.162960	-39.749001
0.163080	-39.749001
0.163200	-39.749001
0.163320	-39.749001
0.163440	-39.749001
0.163560	-39.749001
0.163680	-49.686001
0.163800	-39.749001
0.163920	-39.749001
0.164040	-39.749001
0.164160	-39.749001
0.164280	-49.686001
0.164400	-49.686001
0.164520	-49.686001
0.164640	-49.686001
0.164760	-49.686001
0.164880	-49.686001
0.165000	-49.686001
0.165120	-49.686001
0.165240	-49.686001
0.165360	-49.686001
0.165480	-39.749001
0.165600	-39.749001
0.165720	-39.749001
0.165840	-39.749001
0.165960	-39.749001
0.166080	-29.812000
0.166200	-39.749001
0.166320	-49.686001
0.166440	-49.686001
0.166560	-29.812000
0.166680	-39.749001
0.166800	-29.812000
0.166920	-19.875000
0.167040	-49.686001
0.167160	-49.686001
0.167280	-39.749001
0.167400	-29.812000
0.167520	-39.749001
0.167640	-29.812000
0.167760	-19.875000
0.167880	-29.812000
0.168000	-29.812000
0.168120	-29.812000
0.168240	-9.937300
0.168360	-9.937300
0.168480	-9.937300
0.168600	-9.937300
0.168720	-19.875000
0.168840	-9.937300
0.168960	-9.937300
0.169080	-9.937300
0.169200	-19.875000
0.169320	-19.875000
0.169440	-19.875000
0.169560	-19.875000
0.169680	0.000000
0.169800	-9.937300
0.169920	0.000000
0.170040	0.000000
0.170160	0.000000
0.170280	9.937300
0.170400	19.875000
0.170520	19.875000
0.170640	19.875000
0.170760	19.875000
0.170880	9.937300
0.171000	29.812000
0.171120	19.875000
0.171240	9.937300
0.171360	9.937300
0.171480	9.937300
0.171600	9.937300
0.171720	0.000000
0.171840	-9.937300
0.171960	0.000000
0.172080	19.875000
0.172200	19.875000
0.172320	19.875000
0.172440	29.812000
0.172560	29.812000
0.172680	19.875000
0.172800	19.875000
0.172920	19.875000
0.173040	19.875000
0.173160	29.812000
0.173280	29.812000
0.173400	29.812000
0.173520	29.812000
0.173640	19.875000
0.173760	19.875000
0.173880	19.875000
0.174000	19.875000
0.174120	0.000000
0.174240	0.000000
0.174360	-9.937300
0.174480	-9.937300
0.174600	-9.937300
0.174720	-29.812000
0.174840	-29.812000
0.174960	-29.812000
0.175080	-39.749001
0.175200	-39.749001
0.175320	-39.749001
0.175440	-39.749001
0.175560	-59.624001
0.175680	-39.749001
0.175800	-49.686001
0.175920	-49.686001
0.176040	-59.624001
0.176160	-69.560997
0.176280	-79.498001
0.176400	-79.498001
0.176520	-89.434998
0.176640	-89.434998
0.176760	-79.498001
0.176880	-89.434998
0.177000	-99.373001
0.177120	-99.373001
0.177240	-109.309998
0.177360	-109.309998
0.177480	-119.250000
0.177600	-129.179993
0.177720	-129.179993
0.177840	-129.179993
0.177960	-129.179993
0.178080	-129.179993
0.178200	-129.179993
0.178320	-139.119995
0.178440	-149.059998
0.178560	-149.059998
0.178680	-159.000000
0.178800	-168.929993
0.178920	-168.929993
0.179040	-178.869995
0.179160	-178.869995
0.179280	-188.809998
0.179400	-188.809998
0.179520	-198.750000
0.179640	-198.750000
0.179760	-208.679993
0.179880	-208.679993
0.180000	-208.679993
0.180120	-208.679993
0.180240	-218.619995
0.180360	-218.619995
0.180480	-218.619995
0.180600	-228.559998
0.180720	-238.490005
0.180840	-248.429993
0.180960	-248.429993
0.181080	-248.429993
0.181200	-248.429993
0.181320	-248.429993
0.181440	-258.369995
0.181560	-268.309998
0.181680	-268.309998
0.181800	-268.309998
0.181920	-268.309998
0.182040	-278.239990
0.182160	-288.179993
0.182280	-288.179993
0.182400	-288.179993
0.182520	-288.179993
0.182640	-278.239990
0.182760	-288.179993
0.182880	-278.239990
0.183000	-278.239990
0.183120	-278.239990
0.183240	-268.309998
0.183360	-258.369995
0.183480	-258.369995
0.183600	-258.369995
0.183720	-248.429993
0.183840	-228.559998
0.183960	-238.490005
0.184080	-258.369995
0.184200	-228.559998
0.184320	-228.559998
0.184440	-208.679993
0.184560	-218.619995
0.184680	-218.619995
0.184800	-198.750000
0.184920	-208.679993
0.185040	-208.679993
0.185160	-198.750000
0.185280	-208.679993
0.185400	-198.750000
0.185520	-198.750000
0.185640	-198.750000
0.185760	-198.750000
0.185880	-198.750000
0.186000	-198.750000
0.186120	-198.750000
0.186240	-198.750000
0.186360	-198.750000
0.186480	-198.750000
0.186600	-198.750000
0.186720	-198.750000
0.186840	-198.750000
0.186960	-198.750000
0.187080	-198.750000
0.187200	-198.750000
0.187320	-198.750000
0.187440	-188.809998
0.187560	-198.750000
0.187680	-188.809998
0.187800	-178.869995
0.187920	-188.809998
0.188040	-188.809998
0.188160	-188.809998
0.188280	-188.809998
0.188400	-188.809998
0.188520	-188.809998
0.188640	-198.750000
0.188760	-188.809998
0.188880	-188.809998
0.189000	-188.809998
0.189120	-188.809998
0.189240	-188.809998
0.189360	-188.809998
0.189480	-188.809998
0.189600	-188.809998
0.189720	-188.809998
0.189840	-198.750000
0.189960	-198.750000
0.190080	-208.679993
0.190200	-198.750000
0.190320	-198.750000
0.190440	-188.809998
0.190560	-188.809998
0.190680	-188.809998
0.190800	-188.809998
0.190920	-178.869995
0.191040	-168.929993
0.191160	-168.929993
0.191280	-168.929993
0.191400	-159.000000
0.191520	-159.000000
0.191640	-149.059998
0.191760	-149.059998
0.191880	-149.059998
0.192000	-139.119995
0.192120	-139.119995
0.192240	-139.119995
0.192360	-119.250000
0.192480	-119.250000
0.192600	-119.250000
0.192720	-119.250000
0.192840	-119.250000
0.192960	-119.250000
0.193080	-129.179993
0.193200	-129.179993
0.193320	-119.250000
0.193440	-99.373001
0.193560	-129.179993
0.193680	-129.179993
0.193800	-119.250000
0.193920	-119.250000
0.194040	-109.309998
0.194160	-119.250000
0.194280	-109.309998
0.194400	-109.309998
0.194520	-109.309998
0.194640	-109.309998
0.194760	-109.309998
0.194880	-109.309998
0.195000	-99.373001
0.195120	-99.373001
0.195240	-109.309998
0.195360	-99.373001
0.195480	-99.373001
0.195600	-99.373001
0.195720	-99.373001
0.195840	-79.498001
0.195960	-89.434998
0.196080	-89.434998
0.196200	-89.434998
0.196320	-89.434998
0.196440	-79.498001
0.196560	-79.498001
0.196680	-89.434998
0.196800	-79.498001
0.196920	-79.498001
0.197040	-79.498001
0.197160	-69.560997
0.197280	-69.560997
0.197400	-69.560997
0.197520	-69.560997
0.197640	-69.560997
0.197760	-59.624001
0.197880	-59.624001
0.198000	-59.624001
0.198120	-49.686001
0.198240	-59.624001
0.198360	-59.624001
0.198480	-59.624001
0.198600	-59.624001
0.198720	-59.624001
0.198840	-49.686001
0.198960	-59.624001
0.199080	-49.686001
0.199200	-49.686001
0.199320	-49.686001
0.199440	-59.624001
0.199560	-59.624001
0.199680	-49.686001
0.199800	-39.749001
0.199920	-49.686001
0.200040	-49.686001
0.200160	-39.749001
0.200280	-39.749001
0.200400	-39.749001
0.200520	-39.749001
0.200640	-39.749001
0.200760	-29.812000
0.200880	-39.749001
0.201000	-29.812000
0.201120	-29.812000
0.201240	-29.812000
0.201360	-39.749001
0.201480	-29.812000
0.201600	-29.812000
0.201720	-29.812000
0.201840	-19.875000
0.201960	-29.812000
0.202080	-29.812000
0.202200	-29.812000
0.202320	9.937300
0.202440	-19.875000
0.202560	-29.812000
0.202680	-29.812000
0.202800	0.000000
0.202920	-19.875000
0.203040	-29.812000
0.203160	-9.937300
0.203280	-9.937300
0.203400	0.000000
0.203520	0.000000
0.203640	-9.937300
0.203760	-9.937300
0.203880	-9.937300
0.204000	-9.937300
0.204120	-9.937300
0.204240	-9.937300
0.204360	-9.937300
0.204480	-9.937300
0.204600	-9.937300
0.204720	0.000000
0.204840	-9.937300
0.204960	-9.937300
0.205080	-9.937300
0.205200	-9.937300
0.205320	-9.937300
0.205440	9.937300
0.205560	0.000000
0.205680	-9.937300
0.205800	-9.937300
0.205920	-9.937300
0.206040	-9.937300
0.206160	0.000000
0.206280	-9.937300
0.206400	-9.937300
0.206520	-9.937300
0.206640	-9.937300
0.206760	-9.937300
0.206880	-9.937300
0.207000	-19.875000
0.207120	-19.875000
0.207240	-9.937300
0.207360	-19.875000
0.207480	-29.812000
0.207600	-29.812000
0.207720	-19.875000
0.207840	0.000000
0.207960	9.937300
0.208080	-9.937300
0.208200	-29.812000
0.208320	-39.749001
0.208440	-29.812000
0.208560	-19.875000
0.208680	-19.875000
0.208800	-29.812000
0.208920	-29.812000
0.209040	-29.812000
0.209160	-29.812000
0.209280	-19.875000
0.209400	-29.812000
0.209520	-29.812000
0.209640	-9.937300
0.209760	-29.812000
0.209880	-19.875000
0.210000	-29.812000
0.210120	-29.812000
0.210240	-29.812000
0.210360	-29.812000
0.210480	-29.812000
0.210600	-29.812000
0.210720	-29.812000
0.210840	-29.812000
0.210960	-29.812000
0.211080	-29.812000
0.211200	-39.749001
0.211320	-19.875000
0.211440	-29.812000
0.211560	-39.749001
0.211680	-39.749001
0.211800	-29.812000
0.211920	-39.749001
0.212040	-29.812000
0.212160	-39.749001
0.212280	-39.749001
0.212400	-39.749001
0.212520	-39.749001
0.212640	-39.749001
0.212760	-39.749001
0.212880	-39.749001
0.213000	-39.749001
0.213120	-39.749001
0.213240	-39.749001
0.213360	-39.749001
0.213480	-39.749001
0.213600	-39.749001
0.213720	-19.875000
0.213840	-39.749001
0.213960	-49.686001
0.214080	-39.749001
0.214200	-49.686001
0.214320	-49.686001
0.214440	-39.749001
0.214560	-39.749001
0.214680	-39.749001
0.214800	-49.686001
0.214920	-49.686001
0.215040	-49.686001
0.215160	-49.686001
0.215280	-39.749001
0.215400	-49.686001
0.215520	-49.686001
0.215640	-39.749001
0.215760	-49.686001
0.215880	-49.686001
0.216000	-49.686001
0.216120	-49.686001
0.216240	-49.686001
0.216360	-49.686001
0.216480	-49.686001
0.216600	-49.686001
0.216720	-49.686001
0.216840	-49.686001
0.216960	-39.749001
0.217080	-49.686001
0.217200	-59.624001
0.217320	-59.624001
0.217440	-59.624001
0.217560	-49.686001
0.217680	-49.686001
0.217800	-59.624001
0.217920	-49.686001
0.218040	-39.749001
0.218160	-59.624001
0.218280	-49.686001
0.218400	-49.686001
0.218520	-49.686001
0.218640	-49.686001
0.218760	-49.686001
0.218880	-59.624001
0.219000	-49.686001
0.219120	-49.686001
0.219240	-49.686001
0.219360	-39.749001
0.219480	-49.686001
0.219600	-49.686001
0.219720	-49.686001
0.219840	-49.686001
0.219960	-49.686001
0.220080	-39.749001
0.220200	-39.749001
0.220320	-49.686001
0.220440	-49.686001
0.220560	-49.686001
0.220680	-49.686001
0.220800	-79.498001
0.220920	-49.686001
0.221040	-49.686001
0.221160	-49.686001
0.221280	-49.686001
0.221400	-49.686001
0.221520	-49.686001
0.221640	-49.686001
0.221760	-49.686001
0.221880	-49.686001
0.222000	-49.686001
0.222120	-49.686001
0.222240	-39.749001
0.222360	-39.749001
0.222480	-49.686001
0.222600	-49.686001
0.222720	-49.686001
0.222840	-49.686001
0.222960	-49.686001
0.223080	-39.749001
0.223200	-39.749001
0.223320	-39.749001
0.223440	-39.749001
0.223560	-49.686001
0.223680	-49.686001
0.223800	-49.686001
0.223920	-39.749001
0.224040	-49.686001
0.224160	-49.686001
0.224280	-49.686001
0.224400	-49.686001
0.224520	-49.686001
0.224640	-49.686001
0.224760	-59.624001
0.224880	-49.686001
0.225000	-39.749001
0.225120	-49.686001
0.225240	-49.686001
0.225360	-49.686001
0.225480	-49.686001
0.225600	-49.686001
0.225720	-49.686001
0.225840	-59.624001
0.225960	-59.624001
0.226080	-49.686001
0.226200	-49.686001
0.226320	-49.686001
0.226440	-49.686001
0.226560	-49.686001
0.226680	-49.686001
0.226800	-49.686001
0.226920	-49.686001
0.227040	-49.686001
0.227160	-49.686001
0.227280	-49.686001
0.227400	-49.686001
0.227520	-49.686001
0.227640	-49.686001
0.227760	-49.686001
0.227880	-49.686001
0.228000	-49.686001
0.228120	-59.624001
0.228240	-49.686001
0.228360	-49.686001
0.228480	-69.560997
0.228600	-49.686001
0.228720	-49.686001
0.228840	-49.686001
0.228960	-59.624001
0.229080	-49.686001
0.229200	-49.686001
0.229320	-49.686001
0.229440	-59.624001
0.229560	-69.560997
0.229680	-39.749001
0.229800	-39.749001
0.229920	-49.686001
0.230040	-49.686001
0.230160	-49.686001
0.230280	-29.812000
0.230400	-49.686001
0.230520	-59.624001
0.230640	-49.686001
0.230760	-59.624001
0.230880	-59.624001
0.231000	-49.686001
0.231120	-49.686001
0.231240	-59.624001
0.231360	-59.624001
0.231480	-49.686001
0.231600	-59.624001
0.231720	-69.560997
0.231840	-49.686001
0.231960	-49.686001
0.232080	-59.624001
0.232200	-59.624001
0.232320	-59.624001
0.232440	-59.624001
0.232560	-59.624001
0.232680	-59.624001
0.232800	-59.624001
0.232920	-69.560997
0.233040	-59.624001
0.233160	-59.624001
0.233280	-59.624001
0.233400	-59.624001
0.233520	-59.624001
0.233640	-49.686001
0.233760	-49.686001
0.233880	-49.686001
0.234000	-39.749001
0.234120	-59.624001
0.234240	-49.686001
0.234360	-59.624001
0.234480	-39.749001
0.234600	-49.686001
0.234720	-49.686001
0.234840	-49.686001
0.234960	-39.749001
0.235080	-49.686001
0.235200	-49.686001
0.235320	-39.749001
0.235440	-49.686001
0.235560	-29.812000
0.235680	-49.686001
0.235800	-49.686001
0.235920	-49.686001
0.236040	-49.686001
0.236160	-49.686001
0.236280	-49.686001
0.236400	-49.686001
0.236520	-49.686001
0.236640	-49.686001
0.236760	-39.749001
0.236880	-49.686001
0.237000	-39.749001
0.237120	-49.686001
0.237240	-49.686001
0.237360	-49.686001
0.237480	-49.686001
0.237600	-39.749001
0.237720	-39.749001
0.237840	-49.686001
0.237960	-49.686001
0.238080	-49.686001
0.238200	-49.686001
0.238320	-49.686001
0.238440	-49.686001
0.238560	-29.812000
0.238680	-39.749001
0.238800	-39.749001
0.238920	-39.749001
0.239040	-29.812000
0.239160	-39.749001
0.239280	-39.749001
0.239400	-39.749001
0.239520	-49.686001
0.239640	-39.749001
0.239760	-39.749001
0.239880	-39.749001
0.240000	-29.812000
0.240120	-29.812000
0.240240	-29.812000
0.240360	-39.749001
0.240480	-29.812000
0.240600	-29.812000
0.240720	-29.812000
0.240840	-29.812000
0.240960	-39.749001
0.241080	-39.749001
0.241200	-29.812000
0.241320	-19.875000
0.241440	-29.812000
0.241560	-29.812000
0.241680	-19.875000
0.241800	-19.875000
0.241920	-29.812000
0.242040	-29.812000
0.242160	-19.875000
0.242280	-19.875000
0.242400	-19.875000
0.242520	-19.875000
0.242640	-9.937300
0.242760	-9.937300
0.242880	-9.937300
0.243000	-9.937300
0.243120	-9.937300
0.243240	0.000000
0.243360	0.000000
0.243480	-9.937300
0.243600	0.000000
0.243720	0.000000
0.243840	0.000000
0.243960	0.000000
0.244080	0.000000
0.244200	0.000000
0.244320	0.000000
0.244440	9.937300
0.244560	9.937300
0.244680	9.937300
0.244800	9.937300
0.244920	9.937300
0.245040	9.937300
0.245160	19.875000
0.245280	9.937300
0.245400	9.937300
0.245520	19.875000
0.245640	9.937300
0.245760	9.937300
0.245880	19.875000
0.246000	19.875000
0.246120	19.875000
0.246240	29.812000
0.246360	19.875000
0.246480	19.875000
0.246600	19.875000
0.246720	19.875000
0.246840	29.812000
0.246960	29.812000
0.247080	39.749001
0.247200	29.812000
0.247320	29.812000
0.247440	29.812000
0.247560	29.812000
0.247680	29.812000
0.247800	29.812000
0.247920	29.812000
0.248040	9.937300
0.248160	29.812000
0.248280	29.812000
0.248400	29.812000
0.248520	29.812000
0.248640	29.812000
0.248760	29.812000
0.248880	39.749001
0.249000	9.937300
0.249120	29.812000
0.249240	29.812000
0.249360	39.749001
0.249480	29.812000
0.249600	29.812000
0.249720	29.812000
0.249840	29.812000
0.249960	39.749001
0.250080	29.812000
0.250200	29.812000
0.250320	29.812000
0.250440	29.812000
0.250560	29.812000
0.250680	39.749001
0.250800	29.812000
0.250920	39.749001
0.251040	29.812000
0.251160	29.812000
0.251280	29.812000
0.251400	39.749001
0.251520	29.812000
0.251640	9.937300
0.251760	29.812000
0.251880	29.812000
0.252000	29.812000
0.252120	29.812000
0.252240	29.812000
0.252360	29.812000
0.252480	39.749001
0.252600	29.812000
0.252720	29.812000
0.252840	19.875000
0.252960	29.812000
0.253080	29.812000
0.253200	29.812000
0.253320	29.812000
0.253440	29.812000
0.253560	19.875000
0.253680	9.937300
0.253800	19.875000
0.253920	9.937300
0.254040	9.937300
0.254160	9.937300
0.254280	9.937300
0.254400	9.937300
0.254520	0.000000
0.254640	0.000000
0.254760	0.000000
0.254880	0.000000
0.255000	-9.937300
0.255120	0.000000
0.255240	-9.937300
0.255360	-9.937300
0.255480	-9.937300
0.255600	9.937300
0.255720	-9.937300
0.255840	-9.937300
0.255960	-9.937300
0.256080	-9.937300
0.256200	-9.937300
0.256320	-9.937300
0.256440	-9.937300
0.256560	-19.875000
0.256680	-19.875000
0.256800	-29.812000
0.256920	-19.875000
0.257040	-19.875000
0.257160	-19.875000
0.257280	-29.812000
0.257400	-29.812000
0.257520	-19.875000
0.257640	-29.812000
0.257760	-29.812000
0.257880	-29.812000
0.258000	-29.812000
0.258120	-29.812000
0.258240	-29.812000
0.258360	-29.812000
0.258480	-29.812000
0.258600	-29.812000
0.258720	-29.812000
0.258840	-29.812000
0.258960	-19.875000
0.259080	-9.937300
0.259200	-19.875000
0.259320	-19.875000
0.259440	-19.875000
0.259560	-19.875000
0.259680	-29.812000
0.259800	-29.812000
0.259920	-19.875000
0.260040	-29.812000
0.260160	-29.812000
0.260280	-39.749001
0.260400	-19.875000
0.260520	-19.875000
0.260640	-19.875000
0.260760	-19.875000
0.260880	-19.875000
0.261000	-19.875000
0.261120	-19.875000
0.261240	-9.937300
0.261360	-9.937300
0.261480	-19.875000
0.261600	-9.937300
0.261720	-9.937300
0.261840	-9.937300
0.261960	-9.937300
0.262080	-9.937300
0.262200	-9.937300
0.262320	-9.937300
0.262440	-9.937300
0.262560	-9.937300
0.262680	-9.937300
0.262800	-9.937300
0.262920	-9.937300
0.263040	0.000000
0.263160	0.000000
0.263280	0.000000
0.263400	0.000000
0.263520	0.000000
0.263640	-9.937300
0.263760	0.000000
0.263880	0.000000
0.264000	9.937300
0.264120	9.937300
0.264240	0.000000
0.264360	0.000000
0.264480	0.000000
0.264600	0.000000
0.264720	9.937300
0.264840	0.000000
0.264960	0.000000
0.265080	-9.937300
0.265200	9.937300
0.265320	0.000000
0.265440	0.000000
0.265560	9.937300
0.265680	0.000000
0.265800	9.937300
0.265920	-19.875000
0.266040	9.937300
0.266160	0.000000
0.266280	0.000000
0.266400	0.000000
0.266520	9.937300
0.266640	0.000000
0.266760	9.937300
0.266880	19.875000
0.267000	9.937300
0.267120	19.875000
0.267240	19.875000
0.267360	9.937300
0.267480	9.937300
0.267600	9.937300
0.267720	19.875000
0.267840	9.937300
0.267960	0.000000
0.268080	9.937300
0.268200	9.937300
0.268320	9.937300
0.268440	9.937300
0.268560	0.000000
0.268680	9.937300
0.268800	0.000000
0.268920	9.937300
0.269040	9.937300
0.269160	0.000000
0.269280	9.937300
0.269400	9.937300
0.269520	0.000000
0.269640	9.937300
0.269760	9.937300
0.269880	9.937300
0.270000	9.937300
0.270120	9.937300
0.270240	9.937300
0.270360	9.937300
0.270480	9.937300
0.270600	9.937300
0.270720	9.937300
0.270840	9.937300
0.270960	9.937300
0.271080	0.000000
0.271200	0.000000
0.271320	9.937300
0.271440	9.937300
0.271560	9.937300
0.271680	9.937300
0.271800	9.937300
0.271920	9.937300
0.272040	9.937300
0.272160	9.937300
0.272280	0.000000
0.272400	9.937300
0.272520	9.937300
0.272640	9.937300
0.272760	9.937300
0.272880	9.937300
0.273000	9.937300
0.273120	29.812000
0.273240	9.937300
0.273360	9.937300
0.273480	0.000000
0.273600	9.937300
0.273720	9.937300
0.273840	9.937300
0.273960	9.937300
0.274080	0.000000
0.274200	9.937300
0.274320	9.937300
0.274440	9.937300
0.274560	9.937300
0.274680	9.937300
0.274800	0.000000
0.274920	9.937300
0.275040	0.000000
0.275160	9.937300
0.275280	9.937300
0.275400	0.000000
0.275520	9.937300
0.275640	9.937300
0.275760	9.937300
0.275880	9.937300
0.276000	9.937300
0.276120	9.937300
0.276240	9.937300
0.276360	0.000000
0.276480	0.000000
0.276600	0.000000
0.276720	9.937300
0.276840	-9.937300
0.276960	0.000000
0.277080	9.937300
0.277200	0.000000
0.277320	9.937300
0.277440	9.937300
0.277560	9.937300
0.277680	9.937300
0.277800	9.937300
0.277920	-9.937300
0.278040	9.937300
0.278160	0.000000
0.278280	0.000000
0.278400	0.000000
0.278520	9.937300
0.278640	9.937300
0.278760	9.937300
0.278880	9.937300
0.279000	0.000000
0.279120	9.937300
0.279240	9.937300
0.279360	0.000000
0.279480	9.937300
0.279600	0.000000
0.279720	9.937300
0.279840	9.937300
0.279960	9.937300
0.280080	9.937300
0.280200	9.937300
0.280320	0.000000
0.280440	9.937300
0.280560	9.937300
0.280680	9.937300
0.280800	9.937300
0.280920	9.937300
0.281040	9.937300
0.281160	9.937300
0.281280	9.937300
0.281400	9.937300
0.281520	9.937300
0.281640	19.875000
0.281760	9.937300
0.281880	19.875000
0.282000	9.937300
0.282120	9.937300
0.282240	9.937300
0.282360	9.937300
0.282480	9.937300
0.282600	9.937300
0.282720	9.937300
0.282840	9.937300
0.282960	9.937300
0.283080	0.000000
0.283200	19.875000
0.283320	9.937300
0.283440	9.937300
0.283560	9.937300
0.283680	19.875000
0.283800	19.875000
0.283920	19.875000
0.284040	19.875000
0.284160	19.875000
0.284280	19.875000
0.284400	19.875000
0.284520	29.812000
0.284640	19.875000
0.284760	19.875000
0.284880	19.875000
0.285000	9.937300
0.285120	9.937300
0.285240	9.937300
0.285360	9.937300
0.285480	19.875000
0.285600	19.875000
0.285720	19.875000
0.285840	19.875000
0.285960	19.875000
0.286080	19.875000
0.286200	19.875000
0.286320	19.875000
0.286440	19.875000
0.286560	19.875000
0.286680	19.875000
0.286800	19.875000
0.286920	9.937300
0.287040	19.875000
0.287160	19.875000
0.287280	19.875000
0.287400	19.875000
0.287520	19.875000
0.287640	29.812000
0.287760	19.875000
0.287880	19.875000
0.288000	19.875000
0.288120	19.875000
0.288240	19.875000
0.288360	19.875000
0.288480	19.875000
0.288600	19.875000
0.288720	29.812000
0.288840	29.812000
0.288960	19.875000
0.289080	29.812000
0.289200	29.812000
0.289320	19.875000
0.289440	29.812000
0.289560	29.812000
0.289680	29.812000
0.289800	19.875000
0.289920	9.937300
0.290040	29.812000
0.290160	19.875000
0.290280	29.812000
0.290400	29.812000
0.290520	29.812000
0.290640	29.812000
0.290760	29.812000
0.290880	29.812000
0.291000	39.749001
0.291120	29.812000
0.291240	29.812000
0.291360	29.812000
0.291480	29.812000
0.291600	29.812000
0.291720	29.812000
0.291840	19.875000
0.291960	29.812000
0.292080	29.812000
0.292200	29.812000
0.292320	39.749001
0.292440	29.812000
0.292560	29.812000
0.292680	39.749001
0.292800	39.749001
0.292920	29.812000
0.293040	39.749001
0.293160	39.749001
0.293280	29.812000
0.293400	39.749001
0.293520	29.812000
0.293640	39.749001
0.293760	29.812000
0.293880	39.749001
0.294000	39.749001
0.294120	39.749001
0.294240	39.749001
0.294360	39.749001
0.294480	39.749001
0.294600	39.749001
0.294720	29.812000
0.294840	49.686001
0.294960	49.686001
0.295080	39.749001
0.295200	39.749001
0.295320	39.749001
0.295440	39.749001
0.295560	49.686001
0.295680	49.686001
0.295800	49.686001
0.295920	39.749001
0.296040	49.686001
0.296160	49.686001
0.296280	49.686001
0.296400	49.686001
0.296520	39.749001
0.296640	49.686001
0.296760	49.686001
0.296880	49.686001
0.297000	49.686001
0.297120	49.686001
0.297240	49.686001
0.297360	49.686001
0.297480	49.686001
0.297600	59.624001
0.297720	49.686001
0.297840	49.686001
0.297960	49.686001
0.298080	59.624001
0.298200	49.686001
0.298320	49.686001
0.298440	49.686001
0.298560	49.686001
0.298680	59.624001
0.298800	59.624001
0.298920	49.686001
0.299040	59.624001
0.299160	59.624001
0.299280	49.686001
0.299400	49.686001
0.299520	49.686001
0.299640	59.624001
0.299760	59.624001
0.299880	49.686001
0.300000	49.686001
0.300120	49.686001
0.300240	59.624001
0.300360	49.686001
0.300480	59.624001
0.300600	69.560997
0.300720	49.686001
0.300840	59.624001
0.300960	59.624001
0.301080	59.624001
0.301200	59.624001
0.301320	49.686001
0.301440	49.686001
0.301560	69.560997
0.301680	49.686001
0.301800	49.686001
0.301920	59.624001
0.302040	49.686001
0.302160	49.686001
0.302280	49.686001
0.302400	59.624001
0.302520	59.624001
0.302640	59.624001
0.302760	69.560997
0.302880	59.624001
0.303000	69.560997
0.303120	59.624001
0.303240	59.624001
0.303360	59.624001
0.303480	59.624001
0.303600	59.624001
0.303720	59.624001
0.303840	59.624001
0.303960	49.686001
0.304080	49.686001
0.304200	59.624001
0.304320	59.624001
0.304440	59.624001
0.304560	49.686001
0.304680	59.624001
0.304800	59.624001
0.304920	39.749001
0.305040	59.624001
0.305160	49.686001
0.305280	59.624001
0.305400	59.624001
0.305520	59.624001
0.305640	59.624001
0.305760	59.624001
0.305880	49.686001
0.306000	59.624001
0.306120	49.686001
0.306240	49.686001
0.306360	59.624001
0.306480	59.624001
0.306600	59.624001
0.306720	59.624001
0.306840	69.560997
0.306960	59.624001
0.307080	49.686001
0.307200	49.686001
0.307320	59.624001
0.307440	59.624001
0.307560	49.686001
0.307680	59.624001
0.307800	59.624001
0.307920	59.624001
0.308040	49.686001
0.308160	69.560997
0.308280	49.686001
0.308400	59.624001
0.308520	49.686001
0.308640	59.624001
0.308760	49.686001
0.308880	59.624001
0.309000	49.686001
0.309120	49.686001
0.309240	59.624001
0.309360	69.560997
0.309480	49.686001
0.309600	59.624001
0.309720	49.686001
0.309840	49.686001
0.309960	59.624001
0.310080	49.686001
0.310200	49.686001
0.310320	49.686001
0.310440	49.686001
0.310560	59.624001
0.310680	49.686001
0.310800	59.624001
0.310920	49.686001
0.311040	59.624001
0.311160	49.686001
0.311280	49.686001
0.311400	49.686001
0.311520	49.686001
0.311640	49.686001
0.311760	29.812000
0.311880	49.686001
0.312000	49.686001
0.312120	49.686001
0.312240	49.686001
0.312360	49.686001
0.312480	49.686001
0.312600	49.686001
0.312720	49.686001
0.312840	39.749001
0.312960	49.686001
0.313080	49.686001
0.313200	39.749001
0.313320	49.686001
0.313440	49.686001
0.313560	39.749001
0.313680	49.686001
0.313800	59.624001
0.313920	39.749001
0.314040	49.686001
0.314160	49.686001
0.314280	49.686001
0.314400	49.686001
0.314520	59.624001
0.314640	49.686001
0.314760	49.686001
0.314880	49.686001
0.315000	49.686001
0.315120	49.686001
0.315240	49.686001
0.315360	49.686001
0.315480	49.686001
0.315600	49.686001
0.315720	49.686001
0.315840	49.686001
0.315960	49.686001
0.316080	39.749001
0.316200	49.686001
0.316320	49.686001
0.316440	49.686001
0.316560	39.749001
0.316680	49.686001
0.316800	49.686001
0.316920	49.686001
0.317040	49.686001
0.317160	49.686001
0.317280	49.686001
0.317400	39.749001
0.317520	49.686001
0.317640	39.749001
0.317760	49.686001
0.317880	39.749001
0.318000	49.686001
0.318120	39.749001
0.318240	49.686001
0.318360	49.686001
0.318480	29.812000
0.318600	39.749001
0.318720	39.749001
0.318840	59.624001
0.318960	39.749001
0.319080	49.686001
0.319200	49.686001
0.319320	49.686001
0.319440	39.749001
0.319560	39.749001
0.319680	39.749001
0.319800	39.749001
0.319920	49.686001
0.320040	39.749001
0.320160	49.686001
0.320280	39.749001
0.320400	39.749001
0.320520	29.812000
0.320640	39.749001
0.320760	49.686001
0.320880	39.749001
0.321000	49.686001
0.321120	29.812000
0.321240	39.749001
0.321360	39.749001
0.321480	49.686001
0.321600	39.749001
0.321720	39.749001
0.321840	39.749001
0.321960	29.812000
0.322080	29.812000
0.322200	29.812000
0.322320	19.875000
0.322440	49.686001
0.322560	39.749001
0.322680	39.749001
0.322800	29.812000
0.322920	39.749001
0.323040	39.749001
0.323160	39.749001
0.323280	39.749001
0.323400	39.749001
0.323520	39.749001
0.323640	29.812000
0.323760	49.686001
0.323880	39.749001
0.324000	29.812000
0.324120	39.749001
0.324240	39.749001
0.324360	39.749001
0.324480	39.749001
0.324600	39.749001
0.324720	19.875000
0.324840	29.812000
0.324960	49.686001
0.325080	29.812000
0.325200	39.749001
0.325320	39.749001
0.325440	39.749001
0.325560	39.749001
0.325680	19.875000
0.325800	39.749001
0.325920	39.749001
0.326040	39.749001
0.326160	39.749001
0.326280	39.749001
0.326400	29.812000
0.326520	39.749001
0.326640	39.749001
0.326760	39.749001
0.326880	39.749001
0.327000	39.749001
0.327120	39.749001
0.327240	39.749001
0.327360	39.749001
0.327480	39.749001
0.327600	29.812000
0.327720	39.749001
0.327840	39.749001
0.327960	39.749001
0.328080	39.749001
0.328200	29.812000
0.328320	39.749001
0.328440	39.749001
0.328560	39.749001
0.328680	39.749001
0.328800	39.749001
0.328920	39.749001
0.329040	39.749001
0.329160	39.749001
0.329280	49.686001
0.329400	39.749001
0.329520	39.749001
0.329640	39.749001
0.329760	39.749001
0.329880	49.686001
0.330000	29.812000
0.330120	39.749001
0.330240	39.749001
0.330360	49.686001
0.330480	49.686001
0.330600	39.749001
0.330720	39.749001
0.330840	39.749001
0.330960	39.749001
0.331080	39.749001
0.331200	29.812000
0.331320	39.749001
0.331440	39.749001
0.331560	49.686001
0.331680	49.686001
0.331800	49.686001
0.331920	49.686001
0.332040	39.749001
0.332160	39.749001
0.332280	49.686001
0.332400	49.686001
0.332520	49.686001
0.332640	49.686001
0.332760	49.686001
0.332880	49.686001
0.333000	49.686001
0.333120	49.686001
0.333240	49.686001
0.333360	49.686001
0.333480	49.686001
0.333600	49.686001
0.333720	49.686001
0.333840	39.749001
0.333960	49.686001
0.334080	49.686001
0.334200	49.686001
0.334320	59.624001
0.334440	49.686001
0.334560	49.686001
0.334680	59.624001
0.334800	59.624001
0.334920	59.624001
0.335040	59.624001
0.335160	59.624001
0.335280	59.624001
0.335400	59.624001
0.335520	59.624001
0.335640	49.686001
0.335760	49.686001
0.335880	49.686001
0.336000	59.624001
0.336120	59.624001
0.336240	59.624001
0.336360	69.560997
0.336480	79.498001
0.336600	59.624001
0.336720	59.624001
0.336840	39.749001
0.336960	59.624001
0.337080	59.624001
0.337200	69.560997
0.337320	59.624001
0.337440	69.560997
0.337560	59.624001
0.337680	59.624001
0.337800	69.560997
0.337920	69.560997
0.338040	69.560997
0.338160	69.560997
0.338280	69.560997
0.338400	59.624001
0.338520	69.560997
0.338640	69.560997
0.338760	69.560997
0.338880	69.560997
0.339000	69.560997
0.339120	69.560997
0.339240	89.434998
0.339360	69.560997
0.339480	69.560997
0.339600	79.498001
0.339720	79.498001
0.339840	79.498001
0.339960	69.560997
0.340080	69.560997
0.340200	59.624001
0.340320	69.560997
0.340440	69.560997
0.340560	69.560997
0.340680	69.560997
0.340800	69.560997
0.340920	49.686001
0.341040	69.560997
0.341160	69.560997
0.341280	79.498001
0.341400	69.560997
0.341520	79.498001
0.341640	69.560997
0.341760	69.560997
0.341880	69.560997
0.342000	69.560997
0.342120	69.560997
0.342240	59.624001
0.342360	59.624001
0.342480	69.560997
0.342600	69.560997
0.342720	69.560997
0.342840	59.624001
0.342960	69.560997
0.343080	79.498001
0.343200	69.560997
0.343320	79.498001
0.343440	69.560997
0.343560	79.498001
0.343680	79.498001
0.343800	69.560997
0.343920	79.498001
0.344040	79.498001
0.344160	69.560997
0.344280	79.498001
0.344400	79.498001
0.344520	79.498001
0.344640	79.498001
0.344760	79.498001
0.344880	89.434998
0.345000	69.560997
0.345120	79.498001
0.345240	79.498001
0.345360	89.434998
0.345480	89.434998
0.345600	89.434998
0.345720	89.434998
0.345840	89.434998
0.345960	89.434998
0.346080	99.373001
0.346200	99.373001
0.346320	99.373001
0.346440	99.373001
0.346560	99.373001
0.346680	109.309998
0.346800	99.373001
0.346920	89.434998
0.347040	109.309998
0.347160	109.309998
0.347280	119.250000
0.347400	119.250000
0.347520	129.179993
0.347640	119.250000
0.347760	109.309998
0.347880	129.179993
0.348000	129.179993
0.348120	129.179993
0.348240	119.250000
0.348360	139.119995
0.348480	129.179993
0.348600	129.179993
0.348720	139.119995
0.348840	139.119995
0.348960	139.119995
0.349080	139.119995
0.349200	149.059998
0.349320	139.119995
0.349440	139.119995
0.349560	139.119995
0.349680	139.119995
0.349800	139.119995
0.349920	149.059998
0.350040	139.119995
0.350160	139.119995
0.350280	139.119995
0.350400	149.059998
0.350520	129.179993
0.350640	139.119995
0.350760	129.179993
0.350880	129.179993
0.351000	139.119995
0.351120	129.179993
0.351240	129.179993
0.351360	129.179993
0.351480	129.179993
0.351600	129.179993
0.351720	129.179993
0.351840	119.250000
0.351960	119.250000
0.352080	119.250000
0.352200	119.250000
0.352320	119.250000
0.352440	109.309998
0.352560	109.309998
0.352680	99.373001
0.352800	109.309998
0.352920	109.309998
0.353040	109.309998
0.353160	99.373001
0.353280	89.434998
0.353400	99.373001
0.353520	99.373001
0.353640	99.373001
0.353760	99.373001
0.353880	89.434998
0.354000	99.373001
0.354120	99.373001
0.354240	89.434998
0.354360	79.498001
0.354480	99.373001
0.354600	89.434998
0.354720	89.434998
0.354840	79.498001
0.354960	89.434998
0.355080	79.498001
0.355200	79.498001
0.355320	79.498001
0.355440	79.498001
0.355560	79.498001
0.355680	79.498001
0.355800	79.498001
0.355920	89.434998
0.356040	79.498001
0.356160	69.560997
0.356280	79.498001
0.356400	79.498001
0.356520	69.560997
0.356640	79.498001
0.356760	69.560997
0.356880	69.560997
0.357000	89.434998
0.357120	69.560997
0.357240	89.434998
0.357360	79.498001
0.357480	89.434998
0.357600	79.498001
0.357720	79.498001
0.357840	69.560997
0.357960	69.560997
0.358080	69.560997
0.358200	69.560997
0.358320	69.560997
0.358440	79.498001
0.358560	69.560997
0.358680	69.560997
0.358800	79.498001
0.358920	69.560997
0.359040	69.560997
0.359160	69.560997
0.359280	69.560997
0.359400	69.560997
0.359520	69.560997
0.359640	69.560997
0.359760	79.498001
0.359880	69.560997
0.360000	69.560997
0.360120	89.434998
0.360240	89.434998
0.360360	79.498001
0.360480	69.560997
0.360600	79.498001
0.360720	79.498001
0.360840	69.560997
0.360960	69.560997
0.361080	89.434998
0.361200	69.560997
0.361320	69.560997
0.361440	89.434998
0.361560	69.560997
0.361680	69.560997
0.361800	69.560997
0.361920	69.560997
0.362040	89.434998
0.362160	69.560997
0.362280	69.560997
0.362400	79.498001
0.362520	89.434998
0.362640	79.498001
0.362760	79.498001
0.362880	69.560997
0.363000	79.498001
0.363120	69.560997
0.363240	79.498001
0.363360	79.498001
0.363480	69.560997
0.363600	79.498001
0.363720	79.498001
0.363840	79.498001
0.363960	69.560997
0.364080	79.498001
0.364200	79.498001
0.364320	69.560997
0.364440	79.498001
0.364560	79.498001
0.364680	69.560997
0.364800	69.560997
0.364920	79.498001
0.365040	79.498001
0.365160	79.498001
0.365280	79.498001
0.365400	79.498001
0.365520	79.498001
0.365640	79.498001
0.365760	89.434998
0.365880	79.498001
0.366000	89.434998
0.366120	69.560997
0.366240	79.498001
0.366360	89.434998
0.366480	89.434998
0.366600	69.560997
0.366720	89.434998
0.366840	79.498001
0.366960	79.498001
0.367080	79.498001
0.367200	89.434998
0.367320	89.434998
0.367440	79.498001
0.367560	79.498001
0.367680	79.498001
0.367800	89.434998
0.367920	79.498001
0.368040	89.434998
0.368160	79.498001
0.368280	89.434998
0.368400	89.434998
0.368520	89.434998
0.368640	89.434998
0.368760	89.434998
0.368880	79.498001
0.369000	89.434998
0.369120	69.560997
0.369240	89.434998
0.369360	89.434998
0.369480	79.498001
0.369600	89.434998
0.369720	79.498001
0.369840	99.373001
0.369960	89.434998
0.370080	89.434998
0.370200	79.498001
0.370320	89.434998
0.370440	89.434998
0.370560	89.434998
0.370680	99.373001
0.370800	89.434998
0.370920	89.434998
0.371040	89.434998
0.371160	99.373001
0.371280	89.434998
0.371400	89.434998
0.371520	89.434998
0.371640	89.434998
0.371760	99.373001
0.371880	89.434998
0.372000	69.560997
0.372120	79.498001
0.372240	99.373001
0.372360	99.373001
0.372480	89.434998
0.372600	99.373001
0.372720	89.434998
0.372840	69.560997
0.372960	89.434998
0.373080	79.498001
0.373200	89.434998
0.373320	89.434998
0.373440	89.434998
0.373560	89.434998
0.373680	89.434998
0.373800	89.434998
0.373920	89.434998
0.374040	89.434998
0.374160	79.498001
0.374280	99.373001
0.374400	89.434998
0.374520	89.434998
0.374640	89.434998
0.374760	89.434998
0.374880	89.434998
0.375000	99.373001
0.375120	89.434998
0.375240	99.373001
0.375360	119.250000
0.375480	79.498001
0.375600	79.498001
0.375720	89.434998
0.375840	89.434998
0.375960	89.434998
0.376080	89.434998
0.376200	89.434998
0.376320	89.434998
0.376440	89.434998
0.376560	89.434998
0.376680	89.434998
0.376800	89.434998
0.376920	89.434998
0.377040	79.498001
0.377160	89.434998
0.377280	89.434998
0.377400	89.434998
0.377520	89.434998
0.377640	89.434998
0.377760	99.373001
0.377880	89.434998
0.378000	89.434998
0.378120	109.309998
0.378240	89.434998
0.378360	79.498001
0.378480	79.498001
0.378600	59.624001
0.378720	89.434998
0.378840	89.434998
0.378960	109.309998
0.379080	89.434998
0.379200	89.434998
0.379320	69.560997
0.379440	89.434998
0.379560	89.434998
0.379680	79.498001
0.379800	89.434998
0.379920	89.434998
0.380040	79.498001
0.380160	89.434998
0.380280	89.434998
0.380400	89.434998
0.380520	89.434998
0.380640	89.434998
0.380760	79.498001
0.380880	89.434998
0.381000	89.434998
0.381120	89.434998
0.381240	89.434998
0.381360	89.434998
0.381480	89.434998
0.381600	89.434998
0.381720	89.434998
0.381840	89.434998
0.381960	89.434998
0.382080	89.434998
0.382200	89.434998
0.382320	89.434998
0.382440	89.434998
0.382560	89.434998
0.382680	89.434998
0.382800	89.434998
0.382920	89.434998
0.383040	79.498001
0.383160	89.434998
0.383280	89.434998
0.383400	89.434998
0.383520	99.373001
0.383640	99.373001
0.383760	89.434998
0.383880	99.373001
0.384000	99.373001
0.384120	99.373001
0.384240	89.434998
0.384360	89.434998
0.384480	89.434998
0.384600	99.373001
0.384720	109.309998
0.384840	89.434998
0.384960	99.373001
0.385080	99.373001
0.385200	89.434998
0.385320	89.434998
0.385440	99.373001
0.385560	89.434998
0.385680	89.434998
0.385800	89.434998
0.385920	89.434998
0.386040	99.373001
0.386160	99.373001
0.386280	99.373001
0.386400	89.434998
0.386520	99.373001
0.386640	89.434998
0.386760	99.373001
0.386880	89.434998
0.387000	89.434998
0.387120	99.373001
0.387240	99.373001
0.387360	89.434998
0.387480	89.434998
0.387600	89.434998
0.387720	109.309998
0.387840	99.373001
0.387960	99.373001
0.388080	99.373001
0.388200	89.434998
0.388320	99.373001
0.388440	89.434998
0.388560	99.373001
0.388680	99.373001
0.388800	99.373001
0.388920	129.179993
0.389040	99.373001
0.389160	89.434998
0.389280	89.434998
0.389400	89.434998
0.389520	99.373001
0.389640	99.373001
0.389760	89.434998
0.389880	89.434998
0.390000	89.434998
0.390120	79.498001
0.390240	89.434998
0.390360	99.373001
0.390480	99.373001
0.390600	99.373001
0.390720	89.434998
0.390840	99.373001
0.390960	99.373001
0.391080	89.434998
0.391200	89.434998
0.391320	99.373001
0.391440	99.373001
0.391560	99.373001
0.391680	99.373001
0.391800	99.373001
0.391920	89.434998
0.392040	99.373001
0.392160	89.434998
0.392280	89.434998
0.392400	99.373001
0.392520	99.373001
0.392640	99.373001
0.392760	99.373001
0.392880	89.434998
0.393000	99.373001
0.393120	89.434998
0.393240	89.434998
0.393360	89.434998
0.393480	99.373001
0.393600	109.309998
0.393720	99.373001
0.393840	99.373001
0.393960	69.560997
0.394080	99.373001
0.394200	89.434998
0.394320	89.434998
0.394440	89.434998
0.394560	89.434998
0.394680	89.434998
0.394800	99.373001
0.394920	89.434998
0.395040	89.434998
0.395160	99.373001
0.395280	89.434998
0.395400	89.434998
0.395520	89.434998
0.395640	99.373001
0.395760	59.624001
0.395880	89.434998
0.396000	99.373001
0.396120	99.373001
0.396240	99.373001
0.396360	89.434998
0.396480	99.373001
0.396600	89.434998
0.396720	89.434998
0.396840	89.434998
0.396960	89.434998
0.397080	99.373001
0.397200	99.373001
0.397320	99.373001
0.397440	99.373001
0.397560	99.373001
0.397680	99.373001
0.397800	89.434998
0.397920	99.373001
0.398040	89.434998
0.398160	99.373001
0.398280	89.434998
0.398400	79.498001
0.398520	89.434998
0.398640	89.434998
0.398760	89.434998
0.398880	99.373001
0.399000	89.434998
0.399120	89.434998
0.399240	99.373001
0.399360	99.373001
0.399480	89.434998
0.399600	89.434998
0.399720	89.434998
0.399840	89.434998
0.399960	89.434998
0.400080	89.434998
0.400200	89.434998
0.400320	89.434998
0.400440	99.373001
0.400560	99.373001
0.400680	99.373001
0.400800	89.434998
0.400920	89.434998
0.401040	99.373001
0.401160	89.434998
0.401280	99.373001
0.401400	89.434998
0.401520	99.373001
0.401640	89.434998
0.401760	99.373001
0.401880	89.434998
0.402000	99.373001
0.402120	89.434998
0.402240	89.434998
0.402360	99.373001
0.402480	99.373001
0.402600	99.373001
0.402720	109.309998
0.402840	99.373001
0.402960	99.373001
0.403080	99.373001
0.403200	109.309998
0.403320	99.373001
0.403440	99.373001
0.403560	99.373001
0.403680	99.373001
0.403800	99.373001
0.403920	99.373001
0.404040	99.373001
0.404160	99.373001
0.404280	99.373001
0.404400	99.373001
0.404520	99.373001
0.404640	99.373001
0.404760	99.373001
0.404880	99.373001
0.405000	99.373001
0.405120	89.434998
0.405240	89.434998
0.405360	89.434998
0.405480	99.373001
0.405600	99.373001
0.405720	99.373001
0.405840	99.373001
0.405960	89.434998
0.406080	99.373001
0.406200	99.373001
0.406320	99.373001
0.406440	99.373001
0.406560	89.434998
0.406680	99.373001
0.406800	89.434998
0.406920	89.434998
0.407040	99.373001
0.407160	89.434998
0.407280	89.434998
0.407400	89.434998
0.407520	89.434998
0.407640	79.498001
0.407760	89.434998
0.407880	89.434998
0.408000	89.434998
0.408120	89.434998
0.408240	89.434998
0.408360	89.434998
0.408480	99.373001
0.408600	99.373001
0.408720	89.434998
0.408840	99.373001
0.408960	89.434998
0.409080	99.373001
0.409200	99.373001
0.409320	99.373001
0.409440	99.373001
0.409560	99.373001
0.409680	89.434998
0.409800	89.434998
0.409920	89.434998
0.410040	79.498001
0.410160	99.373001
0.410280	89.434998
0.410400	89.434998
0.410520	89.434998
0.410640	99.373001
0.410760	89.434998
0.410880	99.373001
0.411000	89.434998
0.411120	89.434998
0.411240	99.373001
0.411360	89.434998
0.411480	99.373001
0.411600	89.434998
0.411720	89.434998
0.411840	99.373001
0.411960	89.434998
0.412080	99.373001
0.412200	89.434998
0.412320	99.373001
0.412440	99.373001
0.412560	89.434998
0.412680	99.373001
0.412800	99.373001
0.412920	89.434998
0.413040	109.309998
0.413160	89.434998
0.413280	99.373001
0.413400	89.434998
0.413520	99.373001
0.413640	99.373001
0.413760	99.373001
0.413880	99.373001
0.414000	99.373001
0.414120	89.434998
0.414240	99.373001
0.414360	89.434998
0.414480	99.373001
0.414600	99.373001
0.414720	89.434998
0.414840	99.373001
0.414960	99.373001
0.415080	99.373001
0.415200	99.373001
0.415320	99.373001
0.415440	99.373001
0.415560	99.373001
0.415680	99.373001
0.415800	99.373001
0.415920	99.373001
0.416040	99.373001
0.416160	89.434998
0.416280	89.434998
0.416400	99.373001
0.416520	89.434998
0.416640	99.373001
0.416760	89.434998
0.416880	99.373001
0.417000	109.309998
0.417120	119.250000
0.417240	109.309998
0.417360	99.373001
0.417480	89.434998
0.417600	99.373001
0.417720	99.373001
0.417840	99.373001
0.417960	99.373001
0.418080	99.373001
0.418200	99.373001
0.418320	89.434998
0.418440	99.373001
0.418560	99.373001
0.418680	99.373001
0.418800	129.179993
0.418920	159.000000
0.419040	129.179993
0.419160	99.373001
0.419280	89.434998
0.419400	89.434998
0.419520	119.250000
0.419640	99.373001
0.419760	99.373001
0.419880	79.498001
0.420000	109.309998
0.420120	99.373001
0.420240	99.373001
0.420360	99.373001
0.420480	99.373001
0.420600	119.250000
0.420720	119.250000
0.420840	109.309998
0.420960	99.373001
0.421080	89.434998
0.421200	99.373001
0.421320	99.373001
0.421440	109.309998
0.421560	99.373001
0.421680	89.434998
0.421800	99.373001
0.421920	99.373001
0.422040	99.373001
0.422160	89.434998
0.422280	99.373001
0.422400	89.434998
0.422520	109.309998
0.422640	109.309998
0.422760	109.309998
0.422880	99.373001
0.423000	99.373001
0.423120	89.434998
0.423240	99.373001
0.423360	99.373001
0.423480	99.373001
0.423600	99.373001
0.423720	99.373001
0.423840	99.373001
0.423960	99.373001
0.424080	99.373001
0.424200	99.373001
0.424320	109.309998
0.424440	109.309998
0.424560	109.309998
0.424680	99.373001
0.424800	89.434998
0.424920	99.373001
0.425040	99.373001
0.425160	99.373001
0.425280	99.373001
0.425400	99.373001
0.425520	89.434998
0.425640	99.373001
0.425760	99.373001
0.425880	79.498001
0.426000	89.434998
0.426120	109.309998
0.426240	109.309998
0.426360	109.309998
0.426480	99.373001
0.426600	89.434998
0.426720	99.373001
0.426840	99.373001
0.426960	99.373001
0.427080	99.373001
0.427200	89.434998
0.427320	99.373001
