-0.022440	0.014418
-0.022320	0.014418
-0.022200	0.014418
-0.022080	0.014418
-0.021960	0.014418
-0.021840	0.014418
-0.021720	0.014418
-0.021600	0.014418
-0.021480	0.014418
-0.021360	0.014418
-0.021240	0.014418
-0.021120	0.014418
-0.021000	0.014418
-0.020880	0.014418
-0.020760	0.014418
-0.020640	0.014418
-0.020520	0.014418
-0.020400	0.014418
-0.020280	0.014418
-0.020160	0.014418
-0.020040	0.014418
-0.019920	0.014418
-0.019800	0.014418
-0.019680	0.014418
-0.019560	0.014418
-0.019440	0.014418
-0.019320	0.014418
-0.019200	0.014418
-0.019080	0.014418
-0.018960	0.014418
-0.018840	0.014418
-0.018720	0.014418
-0.018600	0.014418
-0.018480	0.014418
-0.018360	0.014418
-0.018240	0.014418
-0.018120	0.014418
-0.018000	0.014418
-0.017880	0.014418
-0.017760	0.014418
-0.017640	0.014418
-0.017520	-0.209060
-0.017400	0.014418
-0.017280	0.014418
-0.017160	0.014418
-0.017040	0.014418
-0.016920	0.014418
-0.016800	0.014418
-0.016680	0.014418
-0.016560	0.014418
-0.016440	0.014418
-0.016320	-0.209060
-0.016200	-0.209060
-0.016080	-0.209060
-0.015960	0.014418
-0.015840	0.014418
-0.015720	0.014418
-0.015600	0.014418
-0.015480	0.014418
-0.015360	0.014418
-0.015240	0.014418
-0.015120	0.014418
-0.015000	0.014418
-0.014880	0.014418
-0.014760	0.014418
-0.014640	0.014418
-0.014520	0.014418
-0.014400	0.014418
-0.014280	0.014418
-0.014160	0.014418
-0.014040	0.014418
-0.013920	0.014418
-0.013800	0.014418
-0.013680	0.014418
-0.013560	0.014418
-0.013440	0.014418
-0.013320	0.014418
-0.013200	0.014418
-0.013080	0.014418
-0.012960	0.014418
-0.012840	0.014418
-0.012720	0.014418
-0.012600	0.014418
-0.012480	0.014418
-0.012360	0.014418
-0.012240	0.014418
-0.012120	0.014418
-0.012000	0.014418
-0.011880	0.014418
-0.011760	0.014418
-0.011640	0.014418
-0.011520	0.014418
-0.011400	0.014418
-0.011280	0.014418
-0.011160	0.014418
-0.011040	-0.209060
-0.010920	0.014418
-0.010800	0.014418
-0.010680	0.014418
-0.010560	0.014418
-0.010440	0.014418
-0.010320	0.014418
-0.010200	0.014418
-0.010080	0.014418
-0.009960	0.014418
-0.009840	0.014418
-0.009720	0.014418
-0.009600	0.014418
-0.009480	0.014418
-0.009360	0.014418
-0.009240	0.014418
-0.009120	0.014418
-0.009000	0.014418
-0.008880	0.014418
-0.008760	0.014418
-0.008640	0.014418
-0.008520	0.014418
-0.008400	0.014418
-0.008280	0.014418
-0.008160	0.014418
-0.008040	-0.209060
-0.007920	0.014418
-0.007800	0.014418
-0.007680	0.014418
-0.007560	0.014418
-0.007440	-0.209060
-0.007320	0.014418
-0.007200	0.014418
-0.007080	0.014418
-0.006960	0.014418
-0.006840	0.014418
-0.006720	0.014418
-0.006600	0.014418
-0.006480	-0.209060
-0.006360	0.014418
-0.006240	-0.209060
-0.006120	-0.209060
-0.006000	-0.209060
-0.005880	0.014418
-0.005760	-0.209060
-0.005640	0.014418
-0.005520	-0.209060
-0.005400	-0.209060
-0.005280	-0.209060
-0.005160	-0.209060
-0.005040	-0.209060
-0.004920	0.014418
-0.004800	0.014418
-0.004680	0.014418
-0.004560	0.014418
-0.004440	0.014418
-0.004320	-0.209060
-0.004200	-0.432550
-0.004080	-0.656030
-0.003960	-0.432550
-0.003840	-0.209060
-0.003720	0.014418
-0.003600	0.014418
-0.003480	0.014418
-0.003360	0.014418
-0.003240	0.014418
-0.003120	0.014418
-0.003000	0.014418
-0.002880	0.014418
-0.002760	0.014418
-0.002640	0.014418
-0.002520	-0.209060
-0.002400	-1.326500
-0.002280	-2.443900
-0.002160	-1.773400
-0.002040	-0.432550
-0.001920	0.237900
-0.001800	0.237900
-0.001680	-0.209060
-0.001560	-0.209060
-0.001440	-0.209060
-0.001320	-0.209060
-0.001200	-0.209060
-0.001080	0.014418
-0.000960	0.014418
-0.000840	-0.209060
-0.000720	0.014418
-0.000600	-0.209060
-0.000480	-0.209060
-0.000360	0.014418
-0.000240	-0.209060
-0.000120	-0.209060
0.000000	-0.209060
0.000120	0.014418
0.000240	0.014418
0.000360	0.014418
0.000480	0.014418
0.000600	-0.209060
0.000720	-0.209060
0.000840	-0.209060
0.000960	0.014418
0.001080	0.014418
0.001200	-0.209060
0.001320	0.014418
0.001440	-0.209060
0.001560	-0.209060
0.001680	-0.209060
0.001800	-0.209060
0.001920	-0.209060
0.002040	-0.209060
0.002160	-0.209060
0.002280	-0.209060
0.002400	-0.209060
0.002520	-0.209060
0.002640	-0.209060
0.002760	-0.209060
0.002880	-0.209060
0.003000	-0.209060
0.003120	0.014418
0.003240	0.014418
0.003360	-0.209060
0.003480	-0.209060
0.003600	-0.209060
0.003720	-0.209060
0.003840	-0.209060
0.003960	0.014418
0.004080	0.014418
0.004200	-0.209060
0.004320	0.014418
0.004440	0.014418
0.004560	0.014418
0.004680	-0.209060
0.004800	0.014418
0.004920	0.014418
0.005040	0.014418
0.005160	-0.209060
0.005280	0.014418
0.005400	-0.209060
0.005520	-0.209060
0.005640	-0.209060
0.005760	-0.209060
0.005880	-0.209060
0.006000	-0.209060
0.006120	-0.209060
0.006240	-0.209060
0.006360	-0.209060
0.006480	-0.432550
0.006600	-0.879510
0.006720	-0.656030
0.006840	-0.209060
0.006960	0.014418
0.007080	0.014418
0.007200	0.014418
0.007320	0.014418
0.007440	0.014418
0.007560	0.014418
0.007680	-0.209060
0.007800	0.014418
0.007920	0.014418
0.008040	0.014418
0.008160	0.014418
0.008280	0.014418
0.008400	0.014418
0.008520	0.014418
0.008640	0.014418
0.008760	0.014418
0.008880	0.014418
0.009000	0.014418
0.009120	0.014418
0.009240	0.014418
0.009360	0.014418
0.009480	0.014418
0.009600	0.014418
0.009720	0.014418
0.009840	0.014418
0.009960	0.014418
0.010080	0.014418
0.010200	0.014418
0.010320	0.014418
0.010440	0.014418
0.010560	0.014418
0.010680	0.014418
0.010800	0.014418
0.010920	0.014418
0.011040	0.014418
0.011160	0.014418
0.011280	0.014418
0.011400	0.014418
0.011520	0.014418
0.011640	0.014418
0.011760	0.014418
0.011880	0.014418
0.012000	0.014418
0.012120	0.014418
0.012240	0.237900
0.012360	0.014418
0.012480	0.014418
0.012600	0.014418
0.012720	0.014418
0.012840	0.014418
0.012960	0.237900
0.013080	0.014418
0.013200	0.237900
0.013320	0.014418
0.013440	0.014418
0.013560	0.014418
0.013680	0.237900
0.013800	0.014418
0.013920	0.014418
0.014040	0.237900
0.014160	0.237900
0.014280	0.237900
0.014400	0.014418
0.014520	0.014418
0.014640	0.014418
0.014760	0.014418
0.014880	0.014418
0.015000	0.014418
0.015120	0.014418
0.015240	0.237900
0.015360	0.237900
0.015480	0.237900
0.015600	0.014418
0.015720	0.237900
0.015840	0.237900
0.015960	0.014418
0.016080	0.014418
0.016200	0.237900
0.016320	0.014418
0.016440	0.014418
0.016560	0.014418
0.016680	0.014418
0.016800	0.014418
0.016920	0.014418
0.017040	0.237900
0.017160	0.237900
0.017280	0.237900
0.017400	0.237900
0.017520	0.237900
0.017640	0.014418
0.017760	0.014418
0.017880	0.237900
0.018000	0.014418
0.018120	0.014418
0.018240	0.237900
0.018360	0.237900
0.018480	0.237900
0.018600	0.014418
0.018720	0.237900
0.018840	0.237900
0.018960	0.014418
0.019080	0.237900
0.019200	0.237900
0.019320	0.237900
0.019440	0.237900
0.019560	0.237900
0.019680	0.014418
0.019800	0.014418
0.019920	0.014418
0.020040	0.237900
0.020160	0.237900
0.020280	0.237900
0.020400	0.237900
0.020520	0.237900
0.020640	0.237900
0.020760	0.237900
0.020880	0.237900
0.021000	0.237900
0.021120	0.237900
0.021240	0.237900
0.021360	0.237900
0.021480	0.237900
0.021600	0.237900
0.021720	0.237900
0.021840	0.237900
0.021960	0.237900
0.022080	0.237900
0.022200	0.237900
0.022320	0.237900
0.022440	0.237900
0.022560	0.237900
0.022680	0.237900
0.022800	0.237900
0.022920	0.237900
0.023040	0.237900
0.023160	0.237900
0.023280	0.237900
0.023400	0.237900
0.023520	0.237900
0.023640	0.014418
0.023760	0.237900
0.023880	0.237900
0.024000	0.237900
0.024120	0.237900
0.024240	0.461380
0.024360	0.461380
0.024480	0.237900
0.024600	0.237900
0.024720	0.237900
0.024840	0.237900
0.024960	0.237900
0.025080	0.237900
0.025200	0.237900
0.025320	0.237900
0.025440	0.237900
0.025560	0.237900
0.025680	0.237900
0.025800	0.237900
0.025920	0.237900
0.026040	0.014418
0.026160	0.014418
0.026280	0.014418
0.026400	0.014418
0.026520	0.237900
0.026640	0.014418
0.026760	0.014418
0.026880	0.014418
0.027000	0.014418
0.027120	0.237900
0.027240	0.014418
0.027360	0.237900
0.027480	0.237900
0.027600	0.014418
0.027720	0.014418
0.027840	0.237900
0.027960	0.014418
0.028080	0.014418
0.028200	0.014418
0.028320	0.014418
0.028440	0.014418
0.028560	0.014418
0.028680	0.014418
0.028800	0.014418
0.028920	0.014418
0.029040	0.014418
0.029160	0.014418
0.029280	0.014418
0.029400	0.014418
0.029520	0.014418
0.029640	0.014418
0.029760	0.014418
0.029880	0.014418
0.030000	0.014418
0.030120	0.014418
0.030240	0.014418
0.030360	0.014418
0.030480	0.014418
0.030600	0.014418
0.030720	0.014418
0.030840	0.014418
0.030960	0.014418
0.031080	0.014418
0.031200	0.014418
0.031320	0.014418
0.031440	0.014418
0.031560	0.014418
0.031680	0.014418
0.031800	0.014418
0.031920	0.014418
0.032040	0.014418
0.032160	0.014418
0.032280	0.014418
0.032400	0.014418
0.032520	0.014418
0.032640	0.014418
0.032760	0.014418
0.032880	0.014418
0.033000	-0.209060
0.033120	-0.209060
0.033240	-0.209060
0.033360	0.014418
0.033480	-0.209060
0.033600	-0.209060
0.033720	-0.209060
0.033840	-0.209060
0.033960	-0.209060
0.034080	-0.209060
0.034200	-0.209060
0.034320	-0.209060
0.034440	-0.209060
0.034560	-0.209060
0.034680	-0.209060
0.034800	-0.209060
0.034920	-0.432550
0.035040	-0.209060
0.035160	-0.209060
0.035280	-0.209060
0.035400	-0.432550
0.035520	-0.209060
0.035640	-0.209060
0.035760	-0.432550
0.035880	-0.432550
0.036000	-0.432550
0.036120	-0.432550
0.036240	-0.432550
0.036360	-0.432550
0.036480	-0.432550
0.036600	-0.432550
0.036720	-0.432550
0.036840	-0.209060
0.036960	-0.209060
0.037080	-0.209060
0.037200	-0.209060
0.037320	-0.432550
0.037440	-0.432550
0.037560	-0.209060
0.037680	-0.209060
0.037800	-0.209060
0.037920	-0.209060
0.038040	-0.432550
0.038160	-0.432550
0.038280	-0.432550
0.038400	-0.432550
0.038520	-0.432550
0.038640	-0.209060
0.038760	-0.209060
0.038880	-0.656030
0.039000	-0.879510
0.039120	0.014418
0.039240	0.684860
0.039360	0.237900
0.039480	-0.209060
0.039600	-0.656030
0.039720	-0.432550
0.039840	-0.209060
0.039960	-0.209060
0.040080	-0.209060
0.040200	-0.432550
0.040320	-0.432550
0.040440	-0.432550
0.040560	-0.432550
0.040680	-0.432550
0.040800	-0.432550
0.040920	-0.432550
0.041040	-0.432550
0.041160	-0.432550
0.041280	-0.432550
0.041400	-0.432550
0.041520	-0.432550
0.041640	-0.432550
0.041760	-0.432550
0.041880	-0.432550
0.042000	-0.432550
0.042120	-0.432550
0.042240	-0.432550
0.042360	-0.432550
0.042480	-0.432550
0.042600	-0.432550
0.042720	-0.432550
0.042840	-0.432550
0.042960	-0.432550
0.043080	-0.432550
0.043200	-0.432550
0.043320	-0.432550
0.043440	-0.432550
0.043560	-0.432550
0.043680	-0.432550
0.043800	-0.432550
0.043920	-0.432550
0.044040	-0.432550
0.044160	-0.432550
0.044280	-0.432550
0.044400	-0.432550
0.044520	-0.432550
0.044640	-0.432550
0.044760	-0.432550
0.044880	-0.432550
0.045000	-0.432550
0.045120	-0.432550
0.045240	-0.432550
0.045360	-0.432550
0.045480	-0.432550
0.045600	-0.432550
0.045720	-0.432550
0.045840	-0.432550
0.045960	-0.432550
0.046080	-0.432550
0.046200	-0.432550
0.046320	-0.432550
0.046440	-0.432550
0.046560	-0.432550
0.046680	-0.432550
0.046800	-0.432550
0.046920	-0.432550
0.047040	-0.432550
0.047160	-0.432550
0.047280	-0.432550
0.047400	-0.432550
0.047520	-0.432550
0.047640	-0.432550
0.047760	-0.432550
0.047880	-0.432550
0.048000	-0.432550
0.048120	-0.432550
0.048240	-0.432550
0.048360	-0.432550
0.048480	-0.432550
0.048600	-0.432550
0.048720	-0.432550
0.048840	-0.432550
0.048960	-0.432550
0.049080	-0.432550
0.049200	-0.432550
0.049320	-0.432550
0.049440	-0.432550
0.049560	-0.432550
0.049680	-0.432550
0.049800	-0.432550
0.049920	-0.209060
0.050040	-0.209060
0.050160	-0.209060
0.050280	-0.209060
0.050400	-0.209060
0.050520	-0.209060
0.050640	-0.209060
0.050760	-0.432550
0.050880	-0.879510
0.051000	-0.656030
0.051120	-0.432550
0.051240	-0.209060
0.051360	-0.209060
0.051480	-0.209060
0.051600	-0.209060
0.051720	-0.209060
0.051840	-0.209060
0.051960	-0.209060
0.052080	-0.209060
0.052200	-0.432550
0.052320	-0.209060
0.052440	-0.209060
0.052560	-0.209060
0.052680	-0.209060
0.052800	-0.209060
0.052920	-0.209060
0.053040	-0.209060
0.053160	-0.209060
0.053280	-0.209060
0.053400	-0.209060
0.053520	-0.209060
0.053640	0.237900
0.053760	0.461380
0.053880	0.461380
0.054000	0.237900
0.054120	0.237900
0.054240	0.014418
0.054360	0.237900
0.054480	0.237900
0.054600	0.461380
0.054720	0.461380
0.054840	0.461380
0.054960	0.237900
0.055080	0.237900
0.055200	0.014418
0.055320	0.014418
0.055440	0.014418
0.055560	0.014418
0.055680	0.014418
0.055800	-0.209060
0.055920	0.014418
0.056040	0.014418
0.056160	0.014418
0.056280	-0.209060
0.056400	-0.209060
0.056520	-0.209060
0.056640	-0.209060
0.056760	-0.209060
0.056880	-0.209060
0.057000	0.014418
0.057120	0.014418
0.057240	-0.209060
0.057360	-0.209060
0.057480	0.014418
0.057600	0.014418
0.057720	0.014418
0.057840	0.014418
0.057960	0.014418
0.058080	0.014418
0.058200	0.014418
0.058320	0.014418
0.058440	0.014418
0.058560	0.014418
0.058680	0.014418
0.058800	0.014418
0.058920	0.237900
0.059040	0.014418
0.059160	0.014418
0.059280	0.237900
0.059400	0.461380
0.059520	0.461380
0.059640	0.461380
0.059760	0.237900
0.059880	0.237900
0.060000	0.237900
0.060120	0.014418
0.060240	0.237900
0.060360	0.237900
0.060480	0.237900
0.060600	0.237900
0.060720	0.237900
0.060840	0.237900
0.060960	0.237900
0.061080	0.014418
0.061200	0.014418
0.061320	0.237900
0.061440	0.237900
0.061560	0.237900
0.061680	0.237900
0.061800	0.237900
0.061920	0.014418
0.062040	0.237900
0.062160	0.237900
0.062280	0.237900
0.062400	0.461380
0.062520	0.461380
0.062640	0.461380
0.062760	0.237900
0.062880	0.237900
0.063000	0.237900
0.063120	0.237900
0.063240	0.237900
0.063360	0.237900
0.063480	0.237900
0.063600	0.237900
0.063720	0.237900
0.063840	0.237900
0.063960	0.237900
0.064080	0.237900
0.064200	0.237900
0.064320	0.237900
0.064440	0.237900
0.064560	0.237900
0.064680	0.237900
0.064800	0.237900
0.064920	0.461380
0.065040	0.461380
0.065160	0.237900
0.065280	0.237900
0.065400	0.237900
0.065520	0.237900
0.065640	0.461380
0.065760	0.461380
0.065880	0.461380
0.066000	0.461380
0.066120	0.237900
0.066240	0.237900
0.066360	0.237900
0.066480	0.014418
0.066600	0.237900
0.066720	0.237900
0.066840	0.237900
0.066960	0.237900
0.067080	0.461380
0.067200	0.461380
0.067320	0.237900
0.067440	0.237900
0.067560	0.237900
0.067680	0.237900
0.067800	0.237900
0.067920	0.237900
0.068040	0.237900
0.068160	0.461380
0.068280	0.461380
0.068400	0.237900
0.068520	0.237900
0.068640	0.237900
0.068760	0.237900
0.068880	0.237900
0.069000	0.461380
0.069120	0.461380
0.069240	0.461380
0.069360	0.461380
0.069480	0.461380
0.069600	0.461380
0.069720	0.461380
0.069840	0.461380
0.069960	0.461380
0.070080	0.237900
0.070200	0.461380
0.070320	0.461380
0.070440	0.461380
0.070560	0.237900
0.070680	0.237900
0.070800	0.237900
0.070920	0.461380
0.071040	0.461380
0.071160	0.461380
0.071280	0.461380
0.071400	0.461380
0.071520	0.684860
0.071640	0.461380
0.071760	0.014418
0.071880	-0.209060
0.072000	0.237900
0.072120	0.684860
0.072240	0.684860
0.072360	0.461380
0.072480	0.461380
0.072600	0.461380
0.072720	0.461380
0.072840	0.461380
0.072960	0.461380
0.073080	0.461380
0.073200	0.461380
0.073320	0.461380
0.073440	0.461380
0.073560	0.237900
0.073680	0.014418
0.073800	0.237900
0.073920	0.461380
0.074040	0.684860
0.074160	0.461380
0.074280	0.461380
0.074400	0.461380
0.074520	0.461380
0.074640	0.461380
0.074760	0.461380
0.074880	0.461380
0.075000	0.461380
0.075120	0.461380
0.075240	0.461380
0.075360	0.461380
0.075480	0.461380
0.075600	0.461380
0.075720	0.461380
0.075840	0.461380
0.075960	0.461380
0.076080	0.461380
0.076200	0.461380
0.076320	0.461380
0.076440	0.461380
0.076560	0.461380
0.076680	0.461380
0.076800	0.461380
0.076920	0.461380
0.077040	0.461380
0.077160	0.461380
0.077280	0.461380
0.077400	0.461380
0.077520	0.461380
0.077640	0.461380
0.077760	0.461380
0.077880	0.461380
0.078000	0.461380
0.078120	0.461380
0.078240	0.461380
0.078360	0.461380
0.078480	0.461380
0.078600	0.461380
0.078720	0.461380
0.078840	0.461380
0.078960	0.461380
0.079080	0.237900
0.079200	0.237900
0.079320	0.237900
0.079440	0.237900
0.079560	0.237900
0.079680	0.237900
0.079800	0.237900
0.079920	0.237900
0.080040	0.237900
0.080160	0.237900
0.080280	0.237900
0.080400	0.237900
0.080520	0.014418
0.080640	0.237900
0.080760	0.014418
0.080880	0.014418
0.081000	0.014418
0.081120	0.014418
0.081240	0.014418
0.081360	0.014418
0.081480	0.014418
0.081600	0.014418
0.081720	0.014418
0.081840	0.014418
0.081960	0.014418
0.082080	0.014418
0.082200	0.014418
0.082320	0.014418
0.082440	0.014418
0.082560	0.014418
0.082680	0.014418
0.082800	0.014418
0.082920	-0.209060
0.083040	-0.209060
0.083160	-0.209060
0.083280	-0.209060
0.083400	-0.209060
0.083520	-0.209060
0.083640	-0.209060
0.083760	-0.209060
0.083880	-0.209060
0.084000	-0.209060
0.084120	-0.209060
0.084240	-0.209060
0.084360	-0.209060
0.084480	-0.209060
0.084600	-0.209060
0.084720	-0.209060
0.084840	-0.209060
0.084960	-0.432550
0.085080	-0.432550
0.085200	-0.432550
0.085320	-0.432550
0.085440	-0.432550
0.085560	-0.432550
0.085680	-0.432550
0.085800	-0.432550
0.085920	-0.432550
0.086040	-0.432550
0.086160	-0.432550
0.086280	-0.432550
0.086400	-0.656030
0.086520	-0.656030
0.086640	-0.656030
0.086760	-0.656030
0.086880	-0.656030
0.087000	-0.656030
0.087120	-0.656030
0.087240	-0.656030
0.087360	-0.656030
0.087480	-0.656030
0.087600	-0.656030
0.087720	-0.656030
0.087840	-0.656030
0.087960	-0.879510
0.088080	-0.879510
0.088200	-0.656030
0.088320	-0.656030
0.088440	-0.656030
0.088560	-0.656030
0.088680	-0.879510
0.088800	-0.879510
0.088920	-0.879510
0.089040	-0.879510
0.089160	-0.879510
0.089280	-0.879510
0.089400	-0.879510
0.089520	-0.879510
0.089640	-0.879510
0.089760	-0.879510
0.089880	-0.879510
0.090000	-0.879510
0.090120	-1.103000
0.090240	-1.103000
0.090360	-1.103000
0.090480	-1.103000
0.090600	-1.103000
0.090720	-1.103000
0.090840	-1.103000
0.090960	-1.103000
0.091080	-1.103000
0.091200	-1.103000
0.091320	-1.103000
0.091440	-1.326500
0.091560	-1.326500
0.091680	-1.326500
0.091800	-1.103000
0.091920	-1.326500
0.092040	-1.326500
0.092160	-1.326500
0.092280	-1.550000
0.092400	-1.550000
0.092520	-1.550000
0.092640	-1.550000
0.092760	-1.550000
0.092880	-1.550000
0.093000	-1.550000
0.093120	-1.550000
0.093240	-1.326500
0.093360	-1.326500
0.093480	-1.326500
0.093600	-1.326500
0.093720	-1.550000
0.093840	-1.550000
0.093960	-1.550000
0.094080	-1.550000
0.094200	-1.550000
0.094320	-1.550000
0.094440	-1.550000
0.094560	-1.550000
0.094680	-1.550000
0.094800	-1.550000
0.094920	-1.550000
0.095040	-1.550000
0.095160	-1.550000
0.095280	-1.550000
0.095400	-1.550000
0.095520	-1.550000
0.095640	-1.550000
0.095760	-1.550000
0.095880	-1.550000
0.096000	-1.550000
0.096120	-1.550000
0.096240	-1.550000
0.096360	-1.550000
0.096480	-1.550000
0.096600	-1.550000
0.096720	-1.550000
0.096840	-1.550000
0.096960	-1.550000
0.097080	-1.550000
0.097200	-1.550000
0.097320	-1.550000
0.097440	-1.326500
0.097560	-1.550000
0.097680	-1.550000
0.097800	-1.326500
0.097920	-1.550000
0.098040	-1.550000
0.098160	-1.550000
0.098280	-1.550000
0.098400	-1.326500
0.098520	-1.326500
0.098640	-1.326500
0.098760	-1.550000
0.098880	-1.550000
0.099000	-1.326500
0.099120	-1.326500
0.099240	-1.326500
0.099360	-1.326500
0.099480	-1.326500
0.099600	-1.550000
0.099720	-1.326500
0.099840	-1.326500
0.099960	-1.103000
0.100080	-1.103000
0.100200	-1.103000
0.100320	-1.103000
0.100440	-1.103000
0.100560	-1.103000
0.100680	-1.103000
0.100800	-1.103000
0.100920	-1.550000
0.101040	-1.773400
0.101160	-1.326500
0.101280	-0.432550
0.101400	-0.209060
0.101520	-0.656030
0.101640	-1.103000
0.101760	-1.103000
0.101880	-0.879510
0.102000	-0.656030
0.102120	-0.656030
0.102240	-0.879510
0.102360	-1.103000
0.102480	-1.103000
0.102600	-1.103000
0.102720	-0.879510
0.102840	-0.879510
0.102960	-0.879510
0.103080	-0.879510
0.103200	-0.879510
0.103320	-0.656030
0.103440	-0.432550
0.103560	-0.656030
0.103680	-0.656030
0.103800	-0.656030
0.103920	-0.656030
0.104040	-0.656030
0.104160	-0.656030
0.104280	-0.656030
0.104400	-0.656030
0.104520	-0.879510
0.104640	-0.879510
0.104760	-0.879510
0.104880	-1.103000
0.105000	-1.773400
0.105120	-1.550000
0.105240	-1.103000
0.105360	-0.656030
0.105480	-0.656030
0.105600	-0.656030
0.105720	-0.879510
0.105840	-0.879510
0.105960	-0.879510
0.106080	-0.879510
0.106200	-0.879510
0.106320	-1.103000
0.106440	-2.443900
0.106560	-3.337800
0.106680	-2.220400
0.106800	-1.103000
0.106920	-0.432550
0.107040	-0.656030
0.107160	-0.879510
0.107280	-0.879510
0.107400	-0.656030
0.107520	-0.879510
0.107640	-0.879510
0.107760	-0.879510
0.107880	-0.879510
0.108000	-0.879510
0.108120	-1.326500
0.108240	-1.326500
0.108360	-1.103000
0.108480	-1.103000
0.108600	-1.550000
0.108720	-1.550000
0.108840	-1.103000
0.108960	-0.656030
0.109080	-0.656030
0.109200	-0.656030
0.109320	-0.656030
0.109440	-0.656030
0.109560	-0.656030
0.109680	-0.656030
0.109800	-0.656030
0.109920	-0.656030
0.110040	-0.656030
0.110160	-0.879510
0.110280	-1.773400
0.110400	-3.114300
0.110520	-2.443900
0.110640	-1.103000
0.110760	-0.209060
0.110880	0.461380
0.111000	0.237900
0.111120	0.014418
0.111240	-0.432550
0.111360	-0.432550
0.111480	-0.432550
0.111600	-0.432550
0.111720	-0.432550
0.111840	-0.432550
0.111960	-0.432550
0.112080	-0.432550
0.112200	-0.432550
0.112320	-0.432550
0.112440	-0.432550
0.112560	-0.432550
0.112680	-0.432550
0.112800	-0.432550
0.112920	-0.432550
0.113040	-0.209060
0.113160	-0.209060
0.113280	-0.209060
0.113400	-0.432550
0.113520	-0.209060
0.113640	-0.209060
0.113760	-0.209060
0.113880	-0.209060
0.114000	-0.209060
0.114120	-0.209060
0.114240	-0.209060
0.114360	-0.209060
0.114480	-0.209060
0.114600	-0.209060
0.114720	-0.209060
0.114840	-0.209060
0.114960	-0.209060
0.115080	-0.209060
0.115200	-0.209060
0.115320	-0.209060
0.115440	-0.209060
0.115560	-0.209060
0.115680	-0.209060
0.115800	0.014418
0.115920	0.014418
0.116040	0.014418
0.116160	0.014418
0.116280	0.014418
0.116400	0.014418
0.116520	0.014418
0.116640	0.014418
0.116760	0.014418
0.116880	0.014418
0.117000	0.014418
0.117120	0.014418
0.117240	0.014418
0.117360	0.014418
0.117480	0.237900
0.117600	0.014418
0.117720	0.014418
0.117840	0.237900
0.117960	0.237900
0.118080	0.237900
0.118200	0.237900
0.118320	0.237900
0.118440	0.461380
0.118560	0.461380
0.118680	0.461380
0.118800	0.461380
0.118920	0.461380
0.119040	0.461380
0.119160	0.461380
0.119280	0.461380
0.119400	0.461380
0.119520	0.461380
0.119640	0.461380
0.119760	0.461380
0.119880	0.461380
0.120000	0.461380
0.120120	0.684860
0.120240	0.684860
0.120360	0.908350
0.120480	1.131800
0.120600	1.131800
0.120720	1.131800
0.120840	1.131800
0.120960	1.131800
0.121080	1.131800
0.121200	1.131800
0.121320	0.908350
0.121440	0.908350
0.121560	0.908350
0.121680	0.908350
0.121800	0.908350
0.121920	0.908350
0.122040	0.908350
0.122160	0.908350
0.122280	0.908350
0.122400	1.131800
0.122520	1.131800
0.122640	1.355300
0.122760	1.355300
0.122880	1.355300
0.123000	1.355300
0.123120	1.355300
0.123240	1.355300
0.123360	1.355300
0.123480	1.355300
0.123600	1.355300
0.123720	1.355300
0.123840	1.355300
0.123960	1.355300
0.124080	1.355300
0.124200	1.578800
0.124320	1.578800
0.124440	1.355300
0.124560	1.355300
0.124680	1.355300
0.124800	1.355300
0.124920	1.355300
0.125040	1.355300
0.125160	1.355300
0.125280	1.355300
0.125400	1.355300
0.125520	1.355300
0.125640	1.355300
0.125760	1.355300
0.125880	1.131800
0.126000	1.355300
0.126120	1.355300
0.126240	1.355300
0.126360	1.355300
0.126480	1.355300
0.126600	1.355300
0.126720	1.578800
0.126840	1.355300
0.126960	1.578800
0.127080	1.578800
0.127200	1.578800
0.127320	1.578800
0.127440	1.578800
0.127560	1.578800
0.127680	1.578800
0.127800	1.355300
0.127920	1.355300
0.128040	1.355300
0.128160	1.355300
0.128280	1.355300
0.128400	1.355300
0.128520	1.355300
0.128640	1.355300
0.128760	1.131800
0.128880	1.131800
0.129000	1.131800
0.129120	1.131800
0.129240	1.131800
0.129360	1.131800
0.129480	1.131800
0.129600	1.131800
0.129720	1.131800
0.129840	1.131800
0.129960	1.131800
0.130080	0.908350
0.130200	0.908350
0.130320	0.908350
0.130440	0.908350
0.130560	0.908350
0.130680	1.131800
0.130800	0.908350
0.130920	0.908350
0.131040	0.684860
0.131160	0.684860
0.131280	0.684860
0.131400	0.684860
0.131520	0.684860
0.131640	0.684860
0.131760	0.684860
0.131880	0.684860
0.132000	0.684860
0.132120	0.684860
0.132240	0.684860
0.132360	0.684860
0.132480	0.684860
0.132600	0.684860
0.132720	0.684860
0.132840	0.684860
0.132960	0.684860
0.133080	0.684860
0.133200	0.684860
0.133320	0.461380
0.133440	0.461380
0.133560	0.461380
0.133680	0.461380
0.133800	0.461380
0.133920	0.461380
0.134040	0.237900
0.134160	0.014418
0.134280	0.237900
0.134400	0.237900
0.134520	0.237900
0.134640	0.237900
0.134760	0.237900
0.134880	0.237900
0.135000	0.237900
0.135120	0.014418
0.135240	0.014418
0.135360	-0.209060
0.135480	-0.209060
0.135600	0.014418
0.135720	0.237900
0.135840	0.461380
0.135960	0.461380
0.136080	0.684860
0.136200	0.461380
0.136320	0.461380
0.136440	0.237900
0.136560	0.237900
0.136680	0.237900
0.136800	0.461380
0.136920	0.237900
0.137040	0.014418
0.137160	-0.432550
0.137280	-0.432550
0.137400	-0.656030
0.137520	-0.879510
0.137640	-1.103000
0.137760	-0.879510
0.137880	-0.432550
0.138000	0.237900
0.138120	0.908350
0.138240	1.802300
0.138360	2.696200
0.138480	3.590100
0.138600	4.260600
0.138720	4.484100
0.138840	4.260600
0.138960	4.260600
0.139080	4.037100
0.139200	4.260600
0.139320	4.484100
0.139440	5.378000
0.139560	6.495400
0.139680	7.389300
0.139800	8.506700
0.139920	8.953700
0.140040	9.624100
0.140160	9.177200
0.140280	8.283200
0.140400	6.942400
0.140520	5.601500
0.140640	5.154500
0.140760	6.048400
0.140880	6.718900
0.141000	7.836300
0.141120	11.189000
0.141240	14.764000
0.141360	16.999001
0.141480	18.563000
0.141600	19.010000
0.141720	18.787001
0.141840	16.552000
0.141960	13.423000
0.142080	10.071000
0.142200	7.165800
0.142320	5.154500
0.142440	4.260600
0.142560	4.037100
0.142680	4.260600
0.142800	5.601500
0.142920	7.836300
0.143040	9.847600
0.143160	12.082000
0.143280	13.423000
0.143400	14.094000
0.143520	14.094000
0.143640	14.317000
0.143760	14.317000
0.143880	13.870000
0.144000	13.647000
0.144120	13.423000
0.144240	13.647000
0.144360	14.094000
0.144480	14.541000
0.144600	14.988000
0.144720	15.211000
0.144840	15.211000
0.144960	14.541000
0.145080	13.647000
0.145200	12.976000
0.145320	12.306000
0.145440	12.529000
0.145560	13.200000
0.145680	14.094000
0.145800	14.764000
0.145920	15.211000
0.146040	15.211000
0.146160	15.211000
0.146280	14.764000
0.146400	14.317000
0.146520	14.317000
0.146640	14.541000
0.146760	14.764000
0.146880	14.988000
0.147000	15.211000
0.147120	15.658000
0.147240	15.882000
0.147360	16.329000
0.147480	16.552000
0.147600	16.105000
0.147720	15.882000
0.147840	15.658000
0.147960	15.658000
0.148080	15.435000
0.148200	15.435000
0.148320	15.211000
0.148440	15.658000
0.148560	15.882000
0.148680	16.105000
0.148800	16.329000
0.148920	16.552000
0.149040	16.329000
0.149160	16.105000
0.149280	16.105000
0.149400	16.329000
0.149520	16.105000
0.149640	16.329000
0.149760	16.105000
0.149880	15.658000
0.150000	15.882000
0.150120	16.775999
0.150240	17.445999
0.150360	17.445999
0.150480	17.223000
0.150600	16.999001
0.150720	17.223000
0.150840	17.223000
0.150960	17.223000
0.151080	17.445999
0.151200	17.445999
0.151320	17.893000
0.151440	18.115999
0.151560	18.340000
0.151680	18.563000
0.151800	18.787001
0.151920	19.010000
0.152040	19.010000
0.152160	19.233999
0.152280	19.233999
0.152400	19.010000
0.152520	19.010000
0.152640	19.010000
0.152760	18.787001
0.152880	18.563000
0.153000	18.340000
0.153120	18.115999
0.153240	17.893000
0.153360	17.669001
0.153480	17.445999
0.153600	17.223000
0.153720	17.445999
0.153840	17.445999
0.153960	17.445999
0.154080	17.445999
0.154200	17.445999
0.154320	17.223000
0.154440	17.445999
0.154560	17.893000
0.154680	18.115999
0.154800	17.893000
0.154920	18.115999
0.155040	18.340000
0.155160	19.010000
0.155280	19.457001
0.155400	19.457001
0.155520	19.233999
0.155640	19.233999
0.155760	19.457001
0.155880	19.903999
0.156000	20.128000
0.156120	20.351000
0.156240	20.575001
0.156360	20.798000
0.156480	21.245001
0.156600	21.469000
0.156720	21.469000
0.156840	21.245001
0.156960	21.245001
0.157080	21.469000
0.157200	21.245001
0.157320	21.021999
0.157440	20.798000
0.157560	20.798000
0.157680	20.575001
0.157800	20.351000
0.157920	20.351000
0.158040	20.128000
0.158160	20.128000
0.158280	20.351000
0.158400	20.351000
0.158520	20.575001
0.158640	20.575001
0.158760	20.351000
0.158880	20.128000
0.159000	19.903999
0.159120	19.457001
0.159240	19.010000
0.159360	18.563000
0.159480	18.340000
0.159600	18.115999
0.159720	18.115999
0.159840	18.115999
0.159960	18.115999
0.160080	18.115999
0.160200	18.115999
0.160320	18.115999
0.160440	18.115999
0.160560	17.893000
0.160680	17.893000
0.160800	18.115999
0.160920	18.115999
0.161040	17.893000
0.161160	17.893000
0.161280	17.669001
0.161400	17.669001
0.161520	17.445999
0.161640	17.223000
0.161760	16.775999
0.161880	16.552000
0.162000	16.552000
0.162120	16.775999
0.162240	16.552000
0.162360	16.329000
0.162480	16.105000
0.162600	15.882000
0.162720	15.882000
0.162840	15.658000
0.162960	15.658000
0.163080	15.658000
0.163200	15.435000
0.163320	14.988000
0.163440	14.764000
0.163560	14.541000
0.163680	14.317000
0.163800	14.094000
0.163920	13.870000
0.164040	13.423000
0.164160	13.200000
0.164280	12.753000
0.164400	12.529000
0.164520	12.529000
0.164640	12.529000
0.164760	12.529000
0.164880	12.529000
0.165000	12.529000
0.165120	12.529000
0.165240	12.306000
0.165360	12.306000
0.165480	12.306000
0.165600	12.082000
0.165720	12.082000
0.165840	12.082000
0.165960	11.859000
0.166080	11.859000
0.166200	11.859000
0.166320	11.635000
0.166440	11.412000
0.166560	11.412000
0.166680	11.189000
0.166800	11.189000
0.166920	11.189000
0.167040	10.965000
0.167160	10.742000
0.167280	10.742000
0.167400	10.295000
0.167520	10.071000
0.167640	9.847600
0.167760	9.847600
0.167880	9.624100
0.168000	9.400700
0.168120	9.400700
0.168240	9.400700
0.168360	9.400700
0.168480	9.400700
0.168600	9.400700
0.168720	9.400700
0.168840	9.400700
0.168960	9.400700
0.169080	9.400700
0.169200	9.400700
0.169320	9.400700
0.169440	9.624100
0.169560	9.400700
0.169680	9.400700
0.169800	9.177200
0.169920	9.177200
0.170040	9.177200
0.170160	9.177200
0.170280	9.177200
0.170400	9.177200
0.170520	9.177200
0.170640	9.177200
0.170760	9.177200
0.170880	8.953700
0.171000	8.953700
0.171120	8.953700
0.171240	8.953700
0.171360	8.953700
0.171480	8.953700
0.171600	8.953700
0.171720	8.953700
0.171840	8.730200
0.171960	8.730200
0.172080	8.506700
0.172200	8.506700
0.172320	8.283200
0.172440	8.283200
0.172560	8.283200
0.172680	8.283200
0.172800	8.059800
0.172920	8.059800
0.173040	8.059800
0.173160	7.836300
0.173280	7.836300
0.173400	7.836300
0.173520	7.836300
0.173640	7.836300
0.173760	8.059800
0.173880	8.059800
0.174000	7.836300
0.174120	7.836300
0.174240	7.612800
0.174360	7.612800
0.174480	7.389300
0.174600	7.165800
0.174720	7.165800
0.174840	7.165800
0.174960	7.165800
0.175080	7.165800
0.175200	7.165800
0.175320	7.165800
0.175440	7.165800
0.175560	7.165800
0.175680	7.165800
0.175800	7.165800
0.175920	7.165800
0.176040	7.165800
0.176160	7.389300
0.176280	7.389300
0.176400	7.612800
0.176520	7.612800
0.176640	7.612800
0.176760	7.612800
0.176880	7.612800
0.177000	7.389300
0.177120	7.389300
0.177240	7.389300
0.177360	7.165800
0.177480	6.942400
0.177600	6.942400
0.177720	6.942400
0.177840	6.942400
0.177960	7.612800
0.178080	8.059800
0.178200	8.953700
0.178320	9.177200
0.178440	8.283200
0.178560	7.389300
0.178680	7.389300
0.178800	6.942400
0.178920	5.601500
0.179040	4.037100
0.179160	4.931000
0.179280	7.389300
0.179400	9.400700
0.179520	8.730200
0.179640	6.718900
0.179760	5.154500
0.179880	4.931000
0.180000	6.048400
0.180120	7.836300
0.180240	8.059800
0.180360	6.942400
0.180480	6.271900
0.180600	6.495400
0.180720	6.718900
0.180840	6.495400
0.180960	6.048400
0.181080	5.601500
0.181200	5.378000
0.181320	5.601500
0.181440	6.271900
0.181560	7.165800
0.181680	7.836300
0.181800	8.059800
0.181920	7.612800
0.182040	7.165800
0.182160	7.165800
0.182280	6.942400
0.182400	9.400700
0.182520	13.200000
0.182640	15.211000
0.182760	12.082000
0.182880	8.059800
0.183000	6.718900
0.183120	7.389300
0.183240	8.730200
0.183360	9.177200
0.183480	7.836300
0.183600	4.707500
0.183720	2.696200
0.183840	3.813600
0.183960	5.824900
0.184080	6.048400
0.184200	5.378000
0.184320	4.037100
0.184440	3.143200
0.184560	3.366600
0.184680	4.931000
0.184800	6.271900
0.184920	6.048400
0.185040	4.260600
0.185160	4.260600
0.185280	5.378000
0.185400	6.048400
0.185520	6.495400
0.185640	6.718900
0.185760	7.165800
0.185880	6.495400
0.186000	5.378000
0.186120	4.931000
0.186240	4.484100
0.186360	4.260600
0.186480	4.931000
0.186600	5.824900
0.186720	5.824900
0.186840	4.931000
0.186960	4.484100
0.187080	4.707500
0.187200	5.378000
0.187320	5.601500
0.187440	5.378000
0.187560	5.824900
0.187680	5.824900
0.187800	6.048400
0.187920	6.048400
0.188040	5.601500
0.188160	4.484100
0.188280	3.813600
0.188400	3.143200
0.188520	3.143200
0.188640	3.813600
0.188760	4.707500
0.188880	4.260600
0.189000	3.366600
0.189120	3.590100
0.189240	4.484100
0.189360	4.707500
0.189480	4.260600
0.189600	3.813600
0.189720	4.037100
0.189840	4.484100
0.189960	4.707500
0.190080	4.931000
0.190200	4.931000
0.190320	4.931000
0.190440	4.931000
0.190560	4.484100
0.190680	4.260600
0.190800	4.037100
0.190920	4.260600
0.191040	4.484100
0.191160	4.707500
0.191280	4.931000
0.191400	5.378000
0.191520	5.378000
0.191640	5.378000
0.191760	5.378000
0.191880	5.601500
0.192000	5.601500
0.192120	5.601500
0.192240	5.378000
0.192360	4.931000
0.192480	5.154500
0.192600	5.824900
0.192720	6.271900
0.192840	6.048400
0.192960	5.824900
0.193080	5.601500
0.193200	5.601500
0.193320	5.824900
0.193440	6.048400
0.193560	6.271900
0.193680	6.271900
0.193800	6.495400
0.193920	6.495400
0.194040	6.495400
0.194160	6.495400
0.194280	6.271900
0.194400	6.271900
0.194520	6.048400
0.194640	6.048400
0.194760	5.824900
0.194880	5.824900
0.195000	6.048400
0.195120	6.048400
0.195240	5.824900
0.195360	5.378000
0.195480	5.154500
0.195600	5.154500
0.195720	4.931000
0.195840	5.378000
0.195960	6.271900
0.196080	6.048400
0.196200	5.154500
0.196320	4.707500
0.196440	4.931000
0.196560	5.154500
0.196680	4.931000
0.196800	4.931000
0.196920	4.931000
0.197040	4.484100
0.197160	4.260600
0.197280	4.037100
0.197400	3.813600
0.197520	3.813600
0.197640	3.813600
0.197760	3.813600
0.197880	3.813600
0.198000	3.590100
0.198120	3.590100
0.198240	3.366600
0.198360	3.366600
0.198480	3.366600
0.198600	3.366600
0.198720	3.366600
0.198840	3.366600
0.198960	3.366600
0.199080	3.143200
0.199200	3.366600
0.199320	3.366600
0.199440	3.143200
0.199560	3.366600
0.199680	3.366600
0.199800	3.366600
0.199920	3.143200
0.200040	2.919700
0.200160	2.919700
0.200280	2.919700
0.200400	2.919700
0.200520	2.696200
0.200640	2.696200
0.200760	2.472700
0.200880	2.249200
0.201000	2.249200
0.201120	2.025800
0.201240	1.802300
0.201360	1.802300
0.201480	2.025800
0.201600	1.802300
0.201720	1.802300
0.201840	1.578800
0.201960	1.578800
0.202080	1.578800
0.202200	1.355300
0.202320	1.131800
0.202440	1.131800
0.202560	0.908350
0.202680	0.908350
0.202800	0.684860
0.202920	0.684860
0.203040	0.461380
0.203160	0.237900
0.203280	0.014418
0.203400	0.014418
0.203520	-0.209060
0.203640	-0.209060
0.203760	-0.209060
0.203880	0.014418
0.204000	0.014418
0.204120	-0.209060
0.204240	-0.209060
0.204360	0.014418
0.204480	0.014418
0.204600	-0.209060
0.204720	-0.432550
0.204840	-0.656030
0.204960	-0.656030
0.205080	-0.432550
0.205200	-0.432550
0.205320	-0.656030
0.205440	-0.879510
0.205560	-0.879510
0.205680	-1.103000
0.205800	-1.103000
0.205920	-1.550000
0.206040	-1.773400
0.206160	-2.220400
0.206280	-2.443900
0.206400	-2.443900
0.206520	-2.667400
0.206640	-2.667400
0.206760	-2.667400
0.206880	-2.443900
0.207000	-2.443900
0.207120	-2.443900
0.207240	-2.443900
0.207360	-2.220400
0.207480	-2.220400
0.207600	-1.996900
0.207720	-1.996900
0.207840	-2.443900
0.207960	-3.114300
0.208080	-3.114300
0.208200	-2.890800
0.208320	-2.443900
0.208440	-2.667400
0.208560	-2.667400
0.208680	-2.890800
0.208800	-2.890800
0.208920	-2.890800
0.209040	-2.890800
0.209160	-2.667400
0.209280	-2.890800
0.209400	-3.114300
0.209520	-3.114300
0.209640	-3.114300
0.209760	-3.114300
0.209880	-3.337800
0.210000	-3.337800
0.210120	-3.337800
0.210240	-3.114300
0.210360	-3.337800
0.210480	-3.561300
0.210600	-3.784800
0.210720	-3.784800
0.210840	-4.008300
0.210960	-4.008300
0.211080	-4.231700
0.211200	-4.455200
0.211320	-4.678700
0.211440	-4.455200
0.211560	-4.455200
0.211680	-4.231700
0.211800	-4.455200
0.211920	-4.455200
0.212040	-4.678700
0.212160	-4.678700
0.212280	-4.678700
0.212400	-4.678700
0.212520	-4.678700
0.212640	-4.902200
0.212760	-4.902200
0.212880	-5.125700
0.213000	-5.125700
0.213120	-5.125700
0.213240	-5.125700
0.213360	-5.125700
0.213480	-5.125700
0.213600	-5.125700
0.213720	-5.125700
0.213840	-5.349100
0.213960	-5.572600
0.214080	-5.572600
0.214200	-5.572600
0.214320	-5.796100
0.214440	-5.796100
0.214560	-6.019600
0.214680	-6.019600
0.214800	-6.019600
0.214920	-6.019600
0.215040	-6.019600
0.215160	-6.019600
0.215280	-6.019600
0.215400	-6.243100
0.215520	-6.466600
0.215640	-6.690000
0.215760	-6.690000
0.215880	-6.466600
0.216000	-6.466600
0.216120	-6.690000
0.216240	-6.690000
0.216360	-6.466600
0.216480	-6.466600
0.216600	-6.913500
0.216720	-6.913500
0.216840	-6.913500
0.216960	-6.690000
0.217080	-6.690000
0.217200	-6.690000
0.217320	-6.690000
0.217440	-6.913500
0.217560	-6.913500
0.217680	-7.137000
0.217800	-7.137000
0.217920	-7.137000
0.218040	-7.137000
0.218160	-7.137000
0.218280	-7.137000
0.218400	-7.360500
0.218520	-7.360500
0.218640	-7.360500
0.218760	-7.584000
0.218880	-7.360500
0.219000	-7.584000
0.219120	-7.584000
0.219240	-7.584000
0.219360	-7.807400
0.219480	-7.807400
0.219600	-7.807400
0.219720	-7.807400
0.219840	-7.807400
0.219960	-7.807400
0.220080	-7.807400
0.220200	-8.030900
0.220320	-8.030900
0.220440	-8.030900
0.220560	-8.030900
0.220680	-8.030900
0.220800	-8.030900
0.220920	-8.254400
0.221040	-8.254400
0.221160	-8.254400
0.221280	-8.254400
0.221400	-8.254400
0.221520	-8.254400
0.221640	-8.477900
0.221760	-8.477900
0.221880	-8.477900
0.222000	-8.701400
0.222120	-8.701400
0.222240	-8.701400
0.222360	-8.701400
0.222480	-8.701400
0.222600	-8.924900
0.222720	-8.924900
0.222840	-8.924900
0.222960	-8.924900
0.223080	-9.148300
0.223200	-9.148300
0.223320	-9.148300
0.223440	-8.924900
0.223560	-9.148300
0.223680	-9.148300
0.223800	-9.148300
0.223920	-9.148300
0.224040	-9.148300
0.224160	-9.148300
0.224280	-9.148300
0.224400	-9.148300
0.224520	-9.148300
0.224640	-9.371800
0.224760	-9.371800
0.224880	-9.371800
0.225000	-9.371800
0.225120	-9.371800
0.225240	-9.371800
0.225360	-9.371800
0.225480	-9.371800
0.225600	-9.595300
0.225720	-9.595300
0.225840	-9.595300
0.225960	-9.371800
0.226080	-9.371800
0.226200	-9.371800
0.226320	-9.371800
0.226440	-9.371800
0.226560	-9.595300
0.226680	-9.595300
0.226800	-9.595300
0.226920	-9.595300
0.227040	-9.595300
0.227160	-9.595300
0.227280	-9.371800
0.227400	-9.595300
0.227520	-9.818800
0.227640	-9.818800
0.227760	-9.595300
0.227880	-9.371800
0.228000	-9.595300
0.228120	-9.595300
0.228240	-9.595300
0.228360	-9.371800
0.228480	-9.371800
0.228600	-9.371800
0.228720	-9.371800
0.228840	-9.371800
0.228960	-9.371800
0.229080	-9.371800
0.229200	-9.595300
0.229320	-9.595300
0.229440	-9.595300
0.229560	-9.371800
0.229680	-9.595300
0.229800	-9.595300
0.229920	-9.595300
0.230040	-9.595300
0.230160	-9.595300
0.230280	-9.818800
0.230400	-9.818800
0.230520	-9.595300
0.230640	-9.818800
0.230760	-9.818800
0.230880	-9.818800
0.231000	-9.818800
0.231120	-9.818800
0.231240	-9.818800
0.231360	-9.818800
0.231480	-9.818800
0.231600	-9.818800
0.231720	-9.818800
0.231840	-9.818800
0.231960	-9.595300
0.232080	-9.595300
0.232200	-9.595300
0.232320	-10.042000
0.232440	-10.266000
0.232560	-10.266000
0.232680	-10.266000
0.232800	-10.042000
0.232920	-10.042000
0.233040	-9.818800
0.233160	-9.818800
0.233280	-9.818800
0.233400	-10.042000
0.233520	-10.042000
0.233640	-10.042000
0.233760	-10.266000
0.233880	-10.042000
0.234000	-10.042000
0.234120	-10.266000
0.234240	-10.266000
0.234360	-10.266000
0.234480	-10.266000
0.234600	-10.042000
0.234720	-10.266000
0.234840	-10.489000
0.234960	-10.713000
0.235080	-10.713000
0.235200	-10.489000
0.235320	-10.266000
0.235440	-10.266000
0.235560	-10.266000
0.235680	-10.266000
0.235800	-10.489000
0.235920	-10.489000
0.236040	-10.489000
0.236160	-10.489000
0.236280	-10.489000
0.236400	-10.489000
0.236520	-10.489000
0.236640	-10.489000
0.236760	-10.489000
0.236880	-10.489000
0.237000	-10.489000
0.237120	-10.713000
0.237240	-10.489000
0.237360	-10.489000
0.237480	-10.489000
0.237600	-10.713000
0.237720	-10.713000
0.237840	-10.713000
0.237960	-10.713000
0.238080	-10.489000
0.238200	-10.489000
0.238320	-10.713000
0.238440	-10.489000
0.238560	-10.489000
0.238680	-10.713000
0.238800	-10.713000
0.238920	-10.489000
0.239040	-10.489000
0.239160	-10.489000
0.239280	-10.489000
0.239400	-10.489000
0.239520	-10.489000
0.239640	-10.489000
0.239760	-10.489000
0.239880	-10.489000
0.240000	-10.489000
0.240120	-10.489000
0.240240	-10.266000
0.240360	-10.266000
0.240480	-10.266000
0.240600	-10.266000
0.240720	-10.266000
0.240840	-10.266000
0.240960	-10.266000
0.241080	-10.266000
0.241200	-10.266000
0.241320	-10.266000
0.241440	-10.266000
0.241560	-10.266000
0.241680	-10.266000
0.241800	-10.266000
0.241920	-10.042000
0.242040	-10.042000
0.242160	-10.042000
0.242280	-9.818800
0.242400	-9.818800
0.242520	-10.042000
0.242640	-10.042000
0.242760	-9.818800
0.242880	-10.042000
0.243000	-9.818800
0.243120	-9.818800
0.243240	-9.818800
0.243360	-9.818800
0.243480	-9.595300
0.243600	-9.595300
0.243720	-9.595300
0.243840	-9.595300
0.243960	-9.371800
0.244080	-9.371800
0.244200	-9.371800
0.244320	-9.371800
0.244440	-9.371800
0.244560	-9.148300
0.244680	-9.148300
0.244800	-9.148300
0.244920	-9.148300
0.245040	-9.148300
0.245160	-9.148300
0.245280	-8.924900
0.245400	-8.924900
0.245520	-8.924900
0.245640	-8.924900
0.245760	-8.924900
0.245880	-8.924900
0.246000	-8.701400
0.246120	-8.701400
0.246240	-8.701400
0.246360	-8.701400
0.246480	-8.701400
0.246600	-8.701400
0.246720	-8.477900
0.246840	-8.477900
0.246960	-8.477900
0.247080	-8.477900
0.247200	-8.477900
0.247320	-8.477900
0.247440	-8.254400
0.247560	-8.254400
0.247680	-8.254400
0.247800	-8.254400
0.247920	-8.254400
0.248040	-8.030900
0.248160	-8.254400
0.248280	-8.030900
0.248400	-8.030900
0.248520	-8.030900
0.248640	-8.030900
0.248760	-8.030900
0.248880	-8.030900
0.249000	-7.807400
0.249120	-7.807400
0.249240	-7.807400
0.249360	-7.807400
0.249480	-7.807400
0.249600	-7.807400
0.249720	-7.807400
0.249840	-7.807400
0.249960	-7.807400
0.250080	-7.584000
0.250200	-7.584000
0.250320	-7.584000
0.250440	-7.584000
0.250560	-7.584000
0.250680	-7.584000
0.250800	-7.360500
0.250920	-7.360500
0.251040	-7.360500
0.251160	-7.360500
0.251280	-7.584000
0.251400	-7.584000
0.251520	-7.360500
0.251640	-7.360500
0.251760	-7.360500
0.251880	-7.360500
0.252000	-7.360500
0.252120	-7.360500
0.252240	-7.360500
0.252360	-7.360500
0.252480	-7.137000
0.252600	-7.137000
0.252720	-7.137000
0.252840	-7.137000
0.252960	-7.137000
0.253080	-7.137000
0.253200	-7.137000
0.253320	-7.137000
0.253440	-7.137000
0.253560	-7.137000
0.253680	-7.137000
0.253800	-7.137000
0.253920	-7.137000
0.254040	-6.913500
0.254160	-7.137000
0.254280	-6.913500
0.254400	-6.913500
0.254520	-6.913500
0.254640	-6.913500
0.254760	-6.913500
0.254880	-6.913500
0.255000	-6.913500
0.255120	-6.913500
0.255240	-6.913500
0.255360	-6.913500
0.255480	-6.913500
0.255600	-6.913500
0.255720	-6.913500
0.255840	-6.690000
0.255960	-6.690000
0.256080	-6.690000
0.256200	-6.690000
0.256320	-6.690000
0.256440	-6.690000
0.256560	-6.690000
0.256680	-6.690000
0.256800	-6.690000
0.256920	-6.690000
0.257040	-6.690000
0.257160	-6.690000
0.257280	-6.466600
0.257400	-6.466600
0.257520	-6.466600
0.257640	-6.466600
0.257760	-6.466600
0.257880	-6.466600
0.258000	-6.466600
0.258120	-6.466600
0.258240	-6.466600
0.258360	-6.466600
0.258480	-6.466600
0.258600	-6.466600
0.258720	-6.466600
0.258840	-6.243100
0.258960	-6.243100
0.259080	-6.243100
0.259200	-6.243100
0.259320	-6.243100
0.259440	-6.243100
0.259560	-6.243100
0.259680	-6.243100
0.259800	-6.243100
0.259920	-6.243100
0.260040	-6.243100
0.260160	-6.019600
0.260280	-6.243100
0.260400	-6.019600
0.260520	-6.243100
0.260640	-6.019600
0.260760	-6.019600
0.260880	-6.019600
0.261000	-6.019600
0.261120	-6.019600
0.261240	-6.019600
0.261360	-6.019600
0.261480	-5.796100
0.261600	-6.019600
0.261720	-5.796100
0.261840	-5.796100
0.261960	-5.796100
0.262080	-5.796100
0.262200	-5.796100
0.262320	-5.796100
0.262440	-5.796100
0.262560	-5.796100
0.262680	-5.796100
0.262800	-5.572600
0.262920	-5.572600
0.263040	-5.572600
0.263160	-5.796100
0.263280	-5.572600
0.263400	-5.572600
0.263520	-5.572600
0.263640	-5.572600
0.263760	-5.572600
0.263880	-5.349100
0.264000	-5.349100
0.264120	-5.349100
0.264240	-5.349100
0.264360	-5.349100
0.264480	-5.349100
0.264600	-5.349100
0.264720	-5.349100
0.264840	-5.349100
0.264960	-5.349100
0.265080	-5.125700
0.265200	-5.125700
0.265320	-5.125700
0.265440	-5.125700
0.265560	-5.125700
0.265680	-5.125700
0.265800	-5.125700
0.265920	-5.125700
0.266040	-5.125700
0.266160	-5.125700
0.266280	-4.902200
0.266400	-4.902200
0.266520	-4.902200
0.266640	-4.902200
0.266760	-4.902200
0.266880	-4.902200
0.267000	-4.902200
0.267120	-5.125700
0.267240	-5.349100
0.267360	-5.125700
0.267480	-4.902200
0.267600	-5.125700
0.267720	-4.902200
0.267840	-4.902200
0.267960	-4.678700
0.268080	-4.678700
0.268200	-4.678700
0.268320	-4.678700
0.268440	-4.678700
0.268560	-4.678700
0.268680	-4.678700
0.268800	-4.455200
0.268920	-4.455200
0.269040	-4.455200
0.269160	-4.455200
0.269280	-4.455200
0.269400	-4.455200
0.269520	-4.455200
0.269640	-4.455200
0.269760	-4.231700
0.269880	-4.231700
0.270000	-4.231700
0.270120	-4.231700
0.270240	-4.231700
0.270360	-4.231700
0.270480	-4.231700
0.270600	-4.231700
0.270720	-4.231700
0.270840	-4.231700
0.270960	-4.231700
0.271080	-4.231700
0.271200	-4.231700
0.271320	-4.231700
0.271440	-4.231700
0.271560	-4.231700
0.271680	-4.008300
0.271800	-4.231700
0.271920	-4.008300
0.272040	-4.008300
0.272160	-4.008300
0.272280	-4.231700
0.272400	-4.455200
0.272520	-4.231700
0.272640	-3.784800
0.272760	-3.784800
0.272880	-3.784800
0.273000	-4.008300
0.273120	-4.008300
0.273240	-3.784800
0.273360	-3.784800
0.273480	-3.784800
0.273600	-4.008300
0.273720	-4.008300
0.273840	-4.008300
0.273960	-4.008300
0.274080	-4.008300
0.274200	-4.008300
0.274320	-4.008300
0.274440	-4.008300
0.274560	-3.784800
0.274680	-3.784800
0.274800	-3.784800
0.274920	-3.784800
0.275040	-3.784800
0.275160	-3.784800
0.275280	-3.784800
0.275400	-3.784800
0.275520	-3.784800
0.275640	-3.784800
0.275760	-3.784800
0.275880	-3.784800
0.276000	-3.561300
0.276120	-3.784800
0.276240	-3.561300
0.276360	-3.561300
0.276480	-3.561300
0.276600	-3.561300
0.276720	-3.561300
0.276840	-3.561300
0.276960	-3.561300
0.277080	-3.561300
0.277200	-3.561300
0.277320	-3.561300
0.277440	-3.337800
0.277560	-3.337800
0.277680	-3.337800
0.277800	-3.337800
0.277920	-3.337800
0.278040	-3.337800
0.278160	-3.337800
0.278280	-3.337800
0.278400	-3.337800
0.278520	-3.337800
0.278640	-3.337800
0.278760	-3.337800
0.278880	-3.337800
0.279000	-3.337800
0.279120	-3.114300
0.279240	-3.114300
0.279360	-3.114300
0.279480	-3.114300
0.279600	-3.114300
0.279720	-3.114300
0.279840	-3.114300
0.279960	-3.114300
0.280080	-3.114300
0.280200	-3.114300
0.280320	-3.114300
0.280440	-3.114300
0.280560	-3.114300
0.280680	-3.114300
0.280800	-3.114300
0.280920	-3.114300
0.281040	-3.114300
0.281160	-2.890800
0.281280	-2.890800
0.281400	-2.890800
0.281520	-2.890800
0.281640	-3.114300
0.281760	-2.890800
0.281880	-2.890800
0.282000	-2.890800
0.282120	-2.890800
0.282240	-2.890800
0.282360	-2.890800
0.282480	-2.890800
0.282600	-2.667400
0.282720	-2.667400
0.282840	-2.667400
0.282960	-2.667400
0.283080	-2.667400
0.283200	-2.667400
0.283320	-2.667400
0.283440	-2.667400
0.283560	-2.667400
0.283680	-2.667400
0.283800	-2.667400
0.283920	-2.667400
0.284040	-2.443900
0.284160	-2.443900
0.284280	-2.443900
0.284400	-2.443900
0.284520	-2.443900
0.284640	-2.443900
0.284760	-2.443900
0.284880	-2.443900
0.285000	-2.443900
0.285120	-2.443900
0.285240	-2.220400
0.285360	-1.550000
0.285480	-1.326500
0.285600	-1.550000
0.285720	-1.996900
0.285840	-2.443900
0.285960	-2.667400
0.286080	-2.667400
0.286200	-2.443900
0.286320	-2.220400
0.286440	-2.443900
0.286560	-2.667400
0.286680	-3.114300
0.286800	-3.337800
0.286920	-3.114300
0.287040	-2.220400
0.287160	-1.550000
0.287280	-1.326500
0.287400	-1.550000
0.287520	-1.550000
0.287640	-1.996900
0.287760	-1.996900
0.287880	-2.220400
0.288000	-2.220400
0.288120	-2.220400
0.288240	-2.220400
0.288360	-1.996900
0.288480	-1.996900
0.288600	-1.996900
0.288720	-1.996900
0.288840	-1.773400
0.288960	-1.773400
0.289080	-1.773400
0.289200	-1.996900
0.289320	-1.996900
0.289440	-1.996900
0.289560	-1.996900
0.289680	-1.996900
0.289800	-1.996900
0.289920	-1.996900
0.290040	-2.220400
0.290160	-2.220400
0.290280	-1.996900
0.290400	-1.773400
0.290520	-1.773400
0.290640	-1.773400
0.290760	-1.773400
0.290880	-1.773400
0.291000	-1.773400
0.291120	-1.773400
0.291240	-1.773400
0.291360	-1.773400
0.291480	-1.773400
0.291600	-1.773400
0.291720	-1.773400
0.291840	-1.773400
0.291960	-1.773400
0.292080	-1.773400
0.292200	-1.773400
0.292320	-1.773400
0.292440	-1.773400
0.292560	-1.773400
0.292680	-1.550000
0.292800	-1.773400
0.292920	-1.773400
0.293040	-1.550000
0.293160	-1.550000
0.293280	-1.550000
0.293400	-1.550000
0.293520	-1.550000
0.293640	-1.550000
0.293760	-1.550000
0.293880	-1.550000
0.294000	-1.550000
0.294120	-1.550000
0.294240	-1.550000
0.294360	-1.550000
0.294480	-1.550000
0.294600	-1.550000
0.294720	-1.550000
0.294840	-1.550000
0.294960	-1.550000
0.295080	-1.550000
0.295200	-1.550000
0.295320	-1.550000
0.295440	-1.550000
0.295560	-1.550000
0.295680	-1.550000
0.295800	-1.550000
0.295920	-1.550000
0.296040	-1.550000
0.296160	-1.550000
0.296280	-1.550000
0.296400	-1.550000
0.296520	-1.326500
0.296640	-1.326500
0.296760	-1.550000
0.296880	-1.550000
0.297000	-1.326500
0.297120	-1.550000
0.297240	-1.326500
0.297360	-1.326500
0.297480	-1.326500
0.297600	-1.326500
0.297720	-1.326500
0.297840	-1.326500
0.297960	-1.326500
0.298080	-1.326500
0.298200	-1.326500
0.298320	-1.326500
0.298440	-1.326500
0.298560	-1.326500
0.298680	-1.326500
0.298800	-1.326500
0.298920	-1.326500
0.299040	-1.326500
0.299160	-1.326500
0.299280	-1.326500
0.299400	-1.326500
0.299520	-1.326500
0.299640	-1.326500
0.299760	-1.326500
0.299880	-1.326500
0.300000	-1.326500
0.300120	-1.326500
0.300240	-1.326500
0.300360	-1.103000
0.300480	-1.326500
0.300600	-1.103000
0.300720	-1.103000
0.300840	-1.103000
0.300960	-1.103000
0.301080	-1.103000
0.301200	-1.103000
0.301320	-1.103000
0.301440	-1.103000
0.301560	-1.103000
0.301680	-1.103000
0.301800	-1.103000
0.301920	-1.103000
0.302040	-1.103000
0.302160	-1.103000
0.302280	-1.103000
0.302400	-1.103000
0.302520	-1.103000
0.302640	-1.103000
0.302760	-1.103000
0.302880	-1.103000
0.303000	-1.103000
0.303120	-1.103000
0.303240	-1.103000
0.303360	-1.103000
0.303480	-1.103000
0.303600	-1.103000
0.303720	-0.879510
0.303840	-1.103000
0.303960	-1.103000
0.304080	-1.103000
0.304200	-1.103000
0.304320	-1.103000
0.304440	-1.103000
0.304560	-1.103000
0.304680	-0.879510
0.304800	-0.879510
0.304920	-0.879510
0.305040	-0.879510
0.305160	-0.879510
0.305280	-0.879510
0.305400	-0.879510
0.305520	-0.879510
0.305640	-0.879510
0.305760	-0.879510
0.305880	-0.879510
0.306000	-0.879510
0.306120	-0.879510
0.306240	-0.879510
0.306360	-0.656030
0.306480	-0.879510
0.306600	-0.879510
0.306720	-0.879510
0.306840	-0.656030
0.306960	-0.656030
0.307080	-0.656030
0.307200	-0.656030
0.307320	-0.656030
0.307440	-0.656030
0.307560	-0.656030
0.307680	-0.656030
0.307800	-0.656030
0.307920	-0.656030
0.308040	-0.656030
0.308160	-0.656030
0.308280	-0.656030
0.308400	-0.656030
0.308520	-0.656030
0.308640	-0.656030
0.308760	-0.432550
0.308880	-0.656030
0.309000	-0.432550
0.309120	-0.656030
0.309240	-0.656030
0.309360	-0.656030
0.309480	-0.656030
0.309600	-0.656030
0.309720	-0.656030
0.309840	-0.432550
0.309960	-0.432550
0.310080	-0.209060
0.310200	-0.209060
0.310320	-0.209060
0.310440	0.014418
0.310560	0.014418
0.310680	0.014418
0.310800	0.014418
0.310920	0.014418
0.311040	0.014418
0.311160	0.014418
0.311280	0.014418
0.311400	-0.209060
0.311520	-0.209060
0.311640	-0.209060
0.311760	-0.209060
0.311880	-0.209060
0.312000	-0.209060
0.312120	-0.209060
0.312240	-0.209060
0.312360	-0.209060
0.312480	-0.656030
0.312600	-1.103000
0.312720	-0.879510
0.312840	-0.432550
0.312960	0.014418
0.313080	0.237900
0.313200	0.014418
0.313320	-0.432550
0.313440	-0.209060
0.313560	0.014418
0.313680	0.461380
0.313800	0.461380
0.313920	0.461380
0.314040	0.461380
0.314160	0.684860
0.314280	0.684860
0.314400	0.237900
0.314520	0.014418
0.314640	0.014418
0.314760	0.237900
0.314880	0.237900
0.315000	0.237900
0.315120	0.237900
0.315240	0.237900
0.315360	0.014418
0.315480	0.014418
0.315600	0.014418
0.315720	0.237900
0.315840	0.461380
0.315960	0.461380
0.316080	0.461380
0.316200	0.461380
0.316320	0.237900
0.316440	0.237900
0.316560	0.237900
0.316680	0.461380
0.316800	0.461380
0.316920	0.461380
0.317040	0.461380
0.317160	0.684860
0.317280	0.461380
0.317400	0.461380
0.317520	0.684860
0.317640	0.461380
0.317760	0.461380
0.317880	0.461380
0.318000	0.461380
0.318120	0.461380
0.318240	0.461380
0.318360	0.461380
0.318480	0.684860
0.318600	0.684860
0.318720	0.684860
0.318840	0.684860
0.318960	0.684860
0.319080	0.684860
0.319200	0.684860
0.319320	0.908350
0.319440	0.908350
0.319560	0.908350
0.319680	0.908350
0.319800	0.908350
0.319920	0.908350
0.320040	0.908350
0.320160	0.908350
0.320280	0.908350
0.320400	0.908350
0.320520	0.908350
0.320640	0.908350
0.320760	0.908350
0.320880	0.908350
0.321000	0.908350
0.321120	0.908350
0.321240	1.131800
0.321360	1.131800
0.321480	1.131800
0.321600	1.131800
0.321720	1.131800
0.321840	1.131800
0.321960	1.131800
0.322080	1.131800
0.322200	1.131800
0.322320	1.131800
0.322440	1.131800
0.322560	1.131800
0.322680	1.355300
0.322800	1.355300
0.322920	1.355300
0.323040	1.131800
0.323160	1.355300
0.323280	1.355300
0.323400	1.355300
0.323520	1.355300
0.323640	1.355300
0.323760	1.355300
0.323880	1.355300
0.324000	1.578800
0.324120	1.578800
0.324240	1.355300
0.324360	1.355300
0.324480	1.355300
0.324600	1.131800
0.324720	1.131800
0.324840	1.355300
0.324960	1.355300
0.325080	1.355300
0.325200	1.578800
0.325320	1.578800
0.325440	1.578800
0.325560	1.578800
0.325680	1.355300
0.325800	1.578800
0.325920	1.578800
0.326040	1.578800
0.326160	1.578800
0.326280	1.578800
0.326400	1.578800
0.326520	1.578800
0.326640	1.578800
0.326760	1.578800
0.326880	1.578800
0.327000	1.578800
0.327120	1.578800
0.327240	1.578800
0.327360	1.578800
0.327480	1.578800
0.327600	1.802300
0.327720	1.578800
0.327840	1.578800
0.327960	1.802300
0.328080	1.802300
0.328200	1.802300
0.328320	1.802300
0.328440	1.802300
0.328560	1.802300
0.328680	1.802300
0.328800	1.578800
0.328920	1.578800
0.329040	1.802300
0.329160	1.802300
0.329280	1.578800
0.329400	1.578800
0.329520	1.578800
0.329640	1.802300
0.329760	1.578800
0.329880	1.578800
0.330000	1.578800
0.330120	1.578800
0.330240	1.578800
0.330360	1.578800
0.330480	1.578800
0.330600	1.578800
0.330720	1.578800
0.330840	1.578800
0.330960	1.578800
0.331080	1.578800
0.331200	1.578800
0.331320	1.578800
0.331440	1.578800
0.331560	1.578800
0.331680	1.802300
0.331800	1.578800
0.331920	1.578800
0.332040	1.578800
0.332160	1.578800
0.332280	1.578800
0.332400	1.578800
0.332520	1.578800
0.332640	1.578800
0.332760	1.578800
0.332880	1.578800
0.333000	1.578800
0.333120	1.578800
0.333240	1.578800
0.333360	1.578800
0.333480	1.578800
0.333600	1.578800
0.333720	1.578800
0.333840	1.578800
0.333960	1.578800
0.334080	1.578800
0.334200	1.578800
0.334320	1.578800
0.334440	1.578800
0.334560	1.578800
0.334680	1.578800
0.334800	1.578800
0.334920	1.578800
0.335040	1.578800
0.335160	1.578800
0.335280	1.578800
0.335400	1.578800
0.335520	1.578800
0.335640	1.578800
0.335760	1.355300
0.335880	1.578800
0.336000	1.578800
0.336120	1.578800
0.336240	1.578800
0.336360	1.578800
0.336480	1.355300
0.336600	1.355300
0.336720	1.578800
0.336840	1.578800
0.336960	1.578800
0.337080	1.578800
0.337200	1.578800
0.337320	1.578800
0.337440	1.578800
0.337560	1.355300
0.337680	1.578800
0.337800	1.355300
0.337920	1.355300
0.338040	1.355300
0.338160	1.578800
0.338280	1.578800
0.338400	1.355300
0.338520	1.355300
0.338640	1.355300
0.338760	1.355300
0.338880	1.355300
0.339000	1.355300
0.339120	1.578800
0.339240	1.355300
0.339360	1.355300
0.339480	1.355300
0.339600	1.578800
0.339720	1.355300
0.339840	1.355300
0.339960	1.355300
0.340080	1.578800
0.340200	1.578800
0.340320	1.578800
0.340440	1.355300
0.340560	1.355300
0.340680	1.355300
0.340800	1.355300
0.340920	1.355300
0.341040	1.355300
0.341160	1.355300
0.341280	1.355300
0.341400	1.355300
0.341520	1.355300
0.341640	1.355300
0.341760	1.355300
0.341880	1.355300
0.342000	1.355300
0.342120	1.355300
0.342240	1.355300
0.342360	1.355300
0.342480	1.131800
0.342600	1.131800
0.342720	1.131800
0.342840	1.131800
0.342960	1.131800
0.343080	1.131800
0.343200	1.131800
0.343320	1.131800
0.343440	1.131800
0.343560	1.131800
0.343680	1.131800
0.343800	1.131800
0.343920	1.131800
0.344040	1.131800
0.344160	1.131800
0.344280	1.131800
0.344400	1.131800
0.344520	1.131800
0.344640	1.131800
0.344760	1.131800
0.344880	1.131800
0.345000	1.131800
0.345120	1.131800
0.345240	0.908350
0.345360	1.131800
0.345480	1.131800
0.345600	1.131800
0.345720	1.131800
0.345840	1.131800
0.345960	0.908350
0.346080	0.908350
0.346200	1.131800
0.346320	0.908350
0.346440	1.131800
0.346560	0.908350
0.346680	0.908350
0.346800	0.908350
0.346920	0.908350
0.347040	0.908350
0.347160	0.908350
0.347280	0.908350
0.347400	0.908350
0.347520	0.908350
0.347640	0.908350
0.347760	0.908350
0.347880	0.908350
0.348000	0.908350
0.348120	0.908350
0.348240	0.908350
0.348360	0.908350
0.348480	0.908350
0.348600	0.908350
0.348720	0.908350
0.348840	0.908350
0.348960	0.908350
0.349080	0.908350
0.349200	0.908350
0.349320	0.908350
0.349440	0.908350
0.349560	0.908350
0.349680	0.908350
0.349800	0.908350
0.349920	0.684860
0.350040	0.684860
0.350160	0.684860
0.350280	0.684860
0.350400	0.684860
0.350520	0.684860
0.350640	0.684860
0.350760	0.684860
0.350880	0.684860
0.351000	0.684860
0.351120	0.684860
0.351240	0.684860
0.351360	0.684860
0.351480	0.684860
0.351600	0.461380
0.351720	0.237900
0.351840	0.461380
0.351960	0.684860
0.352080	0.461380
0.352200	0.461380
0.352320	0.461380
0.352440	0.461380
0.352560	0.461380
0.352680	0.461380
0.352800	0.461380
0.352920	0.461380
0.353040	0.461380
0.353160	0.461380
0.353280	0.461380
0.353400	0.461380
0.353520	0.461380
0.353640	0.461380
0.353760	0.461380
0.353880	0.461380
0.354000	0.461380
0.354120	0.461380
0.354240	0.237900
0.354360	0.461380
0.354480	0.237900
0.354600	0.237900
0.354720	0.237900
0.354840	0.237900
0.354960	0.237900
0.355080	0.237900
0.355200	0.237900
0.355320	0.237900
0.355440	0.014418
0.355560	0.014418
0.355680	0.237900
0.355800	0.237900
0.355920	0.237900
0.356040	0.237900
0.356160	0.237900
0.356280	0.237900
0.356400	0.014418
0.356520	0.014418
0.356640	0.014418
0.356760	0.014418
0.356880	0.014418
0.357000	0.014418
0.357120	0.014418
0.357240	0.014418
0.357360	0.014418
0.357480	0.014418
0.357600	0.014418
0.357720	0.014418
0.357840	-0.209060
0.357960	0.014418
0.358080	-0.209060
0.358200	-0.209060
0.358320	-0.209060
0.358440	-0.209060
0.358560	-0.209060
0.358680	-0.209060
0.358800	-0.209060
0.358920	-0.209060
0.359040	-0.209060
0.359160	-0.209060
0.359280	-0.209060
0.359400	-0.209060
0.359520	-0.209060
0.359640	-0.209060
0.359760	-0.432550
0.359880	-0.209060
0.360000	-0.209060
0.360120	-0.209060
0.360240	-0.209060
0.360360	-0.209060
0.360480	-0.209060
0.360600	-0.432550
0.360720	-0.432550
0.360840	-0.209060
0.360960	-0.432550
0.361080	-0.209060
0.361200	-0.432550
0.361320	-0.432550
0.361440	-0.432550
0.361560	-0.432550
0.361680	-0.432550
0.361800	-0.432550
0.361920	-0.432550
0.362040	-0.432550
0.362160	-0.432550
0.362280	-0.432550
0.362400	-0.432550
0.362520	-0.656030
0.362640	-0.656030
0.362760	-0.432550
0.362880	-0.432550
0.363000	-0.432550
0.363120	-0.432550
0.363240	-0.656030
0.363360	-0.432550
0.363480	-0.432550
0.363600	-0.432550
0.363720	-0.432550
0.363840	-0.432550
0.363960	-0.432550
0.364080	-0.432550
0.364200	-0.432550
0.364320	-0.432550
0.364440	-0.432550
0.364560	-0.432550
0.364680	-0.432550
0.364800	-0.432550
0.364920	-0.432550
0.365040	-0.432550
0.365160	-0.432550
0.365280	-0.432550
0.365400	-0.656030
0.365520	-0.656030
0.365640	-0.656030
0.365760	-0.432550
0.365880	-0.432550
0.366000	-0.432550
0.366120	-0.432550
0.366240	-0.432550
0.366360	-0.432550
0.366480	-0.432550
0.366600	-0.656030
0.366720	-0.656030
0.366840	-0.656030
0.366960	-0.656030
0.367080	-0.656030
0.367200	-0.656030
0.367320	-0.432550
0.367440	-0.432550
0.367560	-0.432550
0.367680	-0.432550
0.367800	-0.432550
0.367920	-0.432550
0.368040	-0.432550
0.368160	-0.432550
0.368280	-0.432550
0.368400	-0.656030
0.368520	-0.656030
0.368640	-0.656030
0.368760	-0.432550
0.368880	-0.656030
0.369000	-0.656030
0.369120	-0.656030
0.369240	-0.656030
0.369360	-0.656030
0.369480	-0.656030
0.369600	-0.656030
0.369720	-0.656030
0.369840	-0.879510
0.369960	-0.656030
0.370080	-0.656030
0.370200	-0.432550
0.370320	-0.209060
0.370440	-0.432550
0.370560	-0.656030
0.370680	-0.879510
0.370800	-0.656030
0.370920	-0.656030
0.371040	-0.879510
0.371160	-0.656030
0.371280	-0.656030
0.371400	-0.656030
0.371520	-0.656030
0.371640	-0.656030
0.371760	-0.656030
0.371880	-0.656030
0.372000	-0.656030
0.372120	-0.656030
0.372240	-0.656030
0.372360	-0.656030
0.372480	-0.656030
0.372600	-0.656030
0.372720	-0.656030
0.372840	-0.656030
0.372960	-0.656030
0.373080	-0.656030
0.373200	-0.656030
0.373320	-0.656030
0.373440	-0.656030
0.373560	-0.656030
0.373680	-0.656030
0.373800	-0.656030
0.373920	-0.656030
0.374040	-0.656030
0.374160	-0.656030
0.374280	-0.656030
0.374400	-0.656030
0.374520	-0.656030
0.374640	-0.656030
0.374760	-0.656030
0.374880	-0.656030
0.375000	-0.656030
0.375120	-0.432550
0.375240	-0.656030
0.375360	-0.656030
0.375480	-0.656030
0.375600	-0.656030
0.375720	-0.432550
0.375840	-0.656030
0.375960	-0.656030
0.376080	-0.656030
0.376200	-0.656030
0.376320	-0.656030
0.376440	-0.656030
0.376560	-0.432550
0.376680	-0.656030
0.376800	-0.656030
0.376920	-0.656030
0.377040	-0.656030
0.377160	-0.656030
0.377280	-0.656030
0.377400	-0.432550
0.377520	-0.432550
0.377640	-0.432550
0.377760	-0.432550
0.377880	-0.432550
0.378000	-0.432550
0.378120	-0.432550
0.378240	-0.656030
0.378360	-0.656030
0.378480	-0.656030
0.378600	-0.656030
0.378720	-0.656030
0.378840	-0.432550
0.378960	-0.656030
0.379080	-0.656030
0.379200	-0.656030
0.379320	-0.656030
0.379440	-0.432550
0.379560	-0.656030
0.379680	-0.432550
0.379800	-0.656030
0.379920	-0.656030
0.380040	-0.656030
0.380160	-0.656030
0.380280	-0.656030
0.380400	-0.656030
0.380520	-0.656030
0.380640	-0.432550
0.380760	-0.656030
0.380880	-0.656030
0.381000	-0.656030
0.381120	-0.656030
0.381240	-0.656030
0.381360	-0.656030
0.381480	-0.656030
0.381600	-0.656030
0.381720	-0.656030
0.381840	-0.656030
0.381960	-0.656030
0.382080	-0.656030
0.382200	-0.656030
0.382320	-0.656030
0.382440	-0.656030
0.382560	-0.656030
0.382680	-0.656030
0.382800	-0.656030
0.382920	-0.656030
0.383040	-0.656030
0.383160	-0.656030
0.383280	-0.656030
0.383400	-0.656030
0.383520	-0.656030
0.383640	-0.656030
0.383760	-0.656030
0.383880	-0.656030
0.384000	-0.656030
0.384120	-0.656030
0.384240	-0.656030
0.384360	-0.656030
0.384480	-0.656030
0.384600	-0.656030
0.384720	-0.656030
0.384840	-0.656030
0.384960	-0.656030
0.385080	-0.656030
0.385200	-0.656030
0.385320	-0.656030
0.385440	-0.656030
0.385560	-0.656030
0.385680	-0.656030
0.385800	-0.656030
0.385920	-0.656030
0.386040	-0.656030
0.386160	-0.656030
0.386280	-0.656030
0.386400	-0.656030
0.386520	-0.656030
0.386640	-0.656030
0.386760	-0.656030
0.386880	-0.656030
0.387000	-0.656030
0.387120	-0.656030
0.387240	-0.656030
0.387360	-0.656030
0.387480	-0.656030
0.387600	-0.656030
0.387720	-0.656030
0.387840	-0.656030
0.387960	-0.656030
0.388080	-0.656030
0.388200	-0.656030
0.388320	-0.656030
0.388440	-0.656030
0.388560	-0.656030
0.388680	-0.656030
0.388800	-0.656030
0.388920	-0.656030
0.389040	-0.656030
0.389160	-0.656030
0.389280	-0.656030
0.389400	-0.656030
0.389520	-0.656030
0.389640	-0.879510
0.389760	-0.879510
0.389880	-0.879510
0.390000	-0.879510
0.390120	-0.879510
0.390240	-0.879510
0.390360	-0.879510
0.390480	-0.879510
0.390600	-0.879510
0.390720	-0.879510
0.390840	-0.879510
0.390960	-0.879510
0.391080	-0.879510
0.391200	-0.879510
0.391320	-0.879510
0.391440	-0.879510
0.391560	-0.879510
0.391680	-0.879510
0.391800	-1.103000
0.391920	-1.103000
0.392040	-1.103000
0.392160	-1.103000
0.392280	-1.103000
0.392400	-1.103000
0.392520	-1.103000
0.392640	-1.103000
0.392760	-1.103000
0.392880	-1.103000
0.393000	-1.103000
0.393120	-1.103000
0.393240	-1.103000
0.393360	-1.103000
0.393480	-1.103000
0.393600	-1.103000
0.393720	-1.326500
0.393840	-1.326500
0.393960	-1.326500
0.394080	-1.326500
0.394200	-1.326500
0.394320	-1.326500
0.394440	-1.326500
0.394560	-1.326500
0.394680	-1.326500
0.394800	-1.326500
0.394920	-1.326500
0.395040	-1.326500
0.395160	-1.326500
0.395280	-1.326500
0.395400	-1.326500
0.395520	-1.326500
0.395640	-1.326500
0.395760	-1.550000
0.395880	-1.550000
0.396000	-1.550000
0.396120	-1.550000
0.396240	-1.550000
0.396360	-1.550000
0.396480	-1.550000
0.396600	-1.550000
0.396720	-1.550000
0.396840	-1.550000
0.396960	-1.550000
0.397080	-1.550000
0.397200	-1.773400
0.397320	-1.773400
0.397440	-1.773400
0.397560	-1.773400
0.397680	-1.773400
0.397800	-1.773400
0.397920	-1.773400
0.398040	-1.773400
0.398160	-1.773400
0.398280	-1.996900
0.398400	-1.773400
0.398520	-1.996900
0.398640	-1.996900
0.398760	-1.996900
0.398880	-1.996900
0.399000	-1.996900
0.399120	-1.996900
0.399240	-1.996900
0.399360	-1.996900
0.399480	-1.996900
0.399600	-1.996900
0.399720	-2.220400
0.399840	-2.220400
0.399960	-2.220400
0.400080	-2.220400
0.400200	-2.220400
0.400320	-2.220400
0.400440	-2.220400
0.400560	-2.220400
0.400680	-2.220400
0.400800	-2.220400
0.400920	-2.443900
0.401040	-2.443900
0.401160	-2.443900
0.401280	-2.443900
0.401400	-2.443900
0.401520	-2.443900
0.401640	-2.443900
0.401760	-2.443900
0.401880	-2.443900
0.402000	-2.443900
0.402120	-2.443900
0.402240	-2.667400
0.402360	-2.667400
0.402480	-2.667400
0.402600	-2.667400
0.402720	-2.667400
0.402840	-2.667400
0.402960	-2.667400
0.403080	-2.667400
0.403200	-2.667400
0.403320	-2.667400
0.403440	-2.667400
0.403560	-2.890800
0.403680	-2.890800
0.403800	-2.890800
0.403920	-2.890800
0.404040	-2.890800
0.404160	-2.890800
0.404280	-2.890800
0.404400	-2.890800
0.404520	-2.890800
0.404640	-3.114300
0.404760	-3.114300
0.404880	-3.114300
0.405000	-3.114300
0.405120	-3.114300
0.405240	-3.114300
0.405360	-3.114300
0.405480	-3.114300
0.405600	-3.114300
0.405720	-3.114300
0.405840	-3.114300
0.405960	-3.337800
0.406080	-3.114300
0.406200	-3.114300
0.406320	-3.114300
0.406440	-3.337800
0.406560	-3.337800
0.406680	-3.337800
0.406800	-3.337800
0.406920	-3.337800
0.407040	-3.337800
0.407160	-3.337800
0.407280	-3.337800
0.407400	-3.337800
0.407520	-3.337800
0.407640	-3.337800
0.407760	-3.337800
0.407880	-3.561300
0.408000	-3.561300
0.408120	-3.561300
0.408240	-3.561300
0.408360	-3.561300
0.408480	-3.561300
0.408600	-3.561300
0.408720	-3.561300
0.408840	-3.561300
0.408960	-3.561300
0.409080	-3.784800
0.409200	-3.784800
0.409320	-3.784800
0.409440	-3.784800
0.409560	-3.784800
0.409680	-3.784800
0.409800	-3.784800
0.409920	-3.784800
0.410040	-3.784800
0.410160	-4.008300
0.410280	-3.784800
0.410400	-4.008300
0.410520	-4.008300
0.410640	-4.008300
0.410760	-4.008300
0.410880	-4.008300
0.411000	-4.008300
0.411120	-4.008300
0.411240	-4.008300
0.411360	-4.008300
0.411480	-4.008300
0.411600	-4.008300
0.411720	-4.008300
0.411840	-4.008300
0.411960	-4.231700
0.412080	-4.231700
0.412200	-4.231700
0.412320	-4.231700
0.412440	-4.231700
0.412560	-4.231700
0.412680	-4.231700
0.412800	-4.231700
0.412920	-4.231700
0.413040	-4.231700
0.413160	-4.231700
0.413280	-4.231700
0.413400	-4.231700
0.413520	-4.231700
0.413640	-4.231700
0.413760	-4.455200
0.413880	-4.231700
0.414000	-4.455200
0.414120	-4.455200
0.414240	-4.455200
0.414360	-4.455200
0.414480	-4.455200
0.414600	-4.455200
0.414720	-4.455200
0.414840	-4.455200
0.414960	-4.455200
0.415080	-4.455200
0.415200	-4.455200
0.415320	-4.455200
0.415440	-4.455200
0.415560	-4.455200
0.415680	-4.455200
0.415800	-4.455200
0.415920	-4.455200
0.416040	-4.678700
0.416160	-4.678700
0.416280	-4.678700
0.416400	-4.678700
0.416520	-4.678700
0.416640	-4.678700
0.416760	-4.678700
0.416880	-4.678700
0.417000	-5.349100
0.417120	-6.243100
0.417240	-5.796100
0.417360	-4.902200
0.417480	-4.455200
0.417600	-4.455200
0.417720	-4.678700
0.417840	-4.678700
0.417960	-4.678700
0.418080	-4.678700
0.418200	-4.678700
0.418320	-4.678700
0.418440	-4.678700
0.418560	-4.678700
0.418680	-4.902200
0.418800	-5.349100
0.418920	-6.913500
0.419040	-7.137000
0.419160	-5.572600
0.419280	-4.455200
0.419400	-4.231700
0.419520	-4.678700
0.419640	-4.902200
0.419760	-4.678700
0.419880	-4.678700
0.420000	-4.678700
0.420120	-4.678700
0.420240	-4.678700
0.420360	-4.678700
0.420480	-4.678700
0.420600	-4.902200
0.420720	-5.125700
0.420840	-5.125700
0.420960	-4.902200
0.421080	-4.678700
0.421200	-4.678700
0.421320	-4.678700
0.421440	-4.678700
0.421560	-4.678700
0.421680	-4.678700
0.421800	-4.678700
0.421920	-4.678700
0.422040	-4.678700
0.422160	-4.678700
0.422280	-4.678700
0.422400	-4.678700
0.422520	-4.902200
0.422640	-5.125700
0.422760	-4.902200
0.422880	-4.678700
0.423000	-4.678700
0.423120	-4.678700
0.423240	-4.678700
0.423360	-4.678700
0.423480	-4.678700
0.423600	-4.678700
0.423720	-4.678700
0.423840	-4.678700
0.423960	-4.678700
0.424080	-4.678700
0.424200	-4.678700
0.424320	-5.125700
0.424440	-5.349100
0.424560	-5.349100
0.424680	-4.902200
0.424800	-4.678700
0.424920	-4.455200
0.425040	-4.678700
0.425160	-4.678700
0.425280	-4.678700
0.425400	-4.678700
0.425520	-4.678700
0.425640	-4.678700
0.425760	-4.678700
0.425880	-4.678700
0.426000	-4.678700
0.426120	-4.902200
0.426240	-5.349100
0.426360	-5.796100
0.426480	-5.349100
0.426600	-4.902200
0.426720	-4.678700
0.426840	-4.678700
0.426960	-4.678700
0.427080	-4.678700
0.427200	-4.678700
0.427320	-4.678700
