-0.022440	-0.976760
-0.022320	-0.749950
-0.022200	-0.523140
-0.022080	-0.182910
-0.021960	0.043900
-0.021840	0.157310
-0.021720	0.157310
-0.021600	0.157310
-0.021480	0.157310
-0.021360	-0.182910
-0.021240	-0.523140
-0.021120	-0.636540
-0.021000	-0.749950
-0.020880	-0.863360
-0.020760	-0.863360
-0.020640	-0.976760
-0.020520	-0.863360
-0.020400	-0.636540
-0.020280	-0.182910
-0.020160	0.157310
-0.020040	0.270710
-0.019920	0.270710
-0.019800	0.384120
-0.019680	0.837750
-0.019560	1.178000
-0.019440	0.951160
-0.019320	0.724340
-0.019200	0.951160
-0.019080	1.178000
-0.018960	1.291400
-0.018840	1.064600
-0.018720	0.610940
-0.018600	0.270710
-0.018480	0.043900
-0.018360	-0.182910
-0.018240	-0.523140
-0.018120	-0.976760
-0.018000	-1.090200
-0.017880	-0.976760
-0.017760	-0.636540
-0.017640	-0.296320
-0.017520	-0.069507
-0.017400	0.384120
-0.017280	0.610940
-0.017160	0.837750
-0.017040	0.837750
-0.016920	0.837750
-0.016800	0.724340
-0.016680	0.384120
-0.016560	0.157310
-0.016440	0.157310
-0.016320	0.157310
-0.016200	-0.182910
-0.016080	-0.409730
-0.015960	-0.296320
-0.015840	-0.182910
-0.015720	-0.069507
-0.015600	-0.069507
-0.015480	-0.182910
-0.015360	-0.409730
-0.015240	-0.296320
-0.015120	-0.182910
-0.015000	-0.182910
-0.014880	-0.182910
-0.014760	-0.069507
-0.014640	0.270710
-0.014520	0.724340
-0.014400	0.724340
-0.014280	0.724340
-0.014160	0.724340
-0.014040	0.837750
-0.013920	0.837750
-0.013800	0.724340
-0.013680	0.497530
-0.013560	0.384120
-0.013440	0.270710
-0.013320	-0.069507
-0.013200	-0.409730
-0.013080	-0.409730
-0.012960	-0.409730
-0.012840	-0.409730
-0.012720	-0.523140
-0.012600	-0.409730
-0.012480	-0.182910
-0.012360	0.043900
-0.012240	0.157310
-0.012120	0.157310
-0.012000	0.043900
-0.011880	0.270710
-0.011760	0.497530
-0.011640	0.497530
-0.011520	0.497530
-0.011400	0.497530
-0.011280	0.497530
-0.011160	0.610940
-0.011040	0.384120
-0.010920	0.270710
-0.010800	0.043900
-0.010680	-0.069507
-0.010560	-0.296320
-0.010440	-0.409730
-0.010320	-0.523140
-0.010200	-0.409730
-0.010080	-0.296320
-0.009960	-0.069507
-0.009840	0.157310
-0.009720	0.270710
-0.009600	0.270710
-0.009480	0.497530
-0.009360	0.497530
-0.009240	0.384120
-0.009120	0.157310
-0.009000	-0.069507
-0.008880	-0.069507
-0.008760	-0.069507
-0.008640	0.043900
-0.008520	-0.069507
-0.008400	-0.182910
-0.008280	-0.182910
-0.008160	-0.182910
-0.008040	-0.182910
-0.007920	-0.069507
-0.007800	-0.069507
-0.007680	-0.182910
-0.007560	-0.296320
-0.007440	-0.409730
-0.007320	-0.409730
-0.007200	-0.409730
-0.007080	-0.409730
-0.006960	-0.409730
-0.006840	-0.296320
-0.006720	-0.182910
-0.006600	-0.182910
-0.006480	-0.182910
-0.006360	-0.182910
-0.006240	-0.296320
-0.006120	-0.296320
-0.006000	-0.296320
-0.005880	-0.296320
-0.005760	-0.296320
-0.005640	-0.409730
-0.005520	-0.409730
-0.005400	-0.296320
-0.005280	-0.296320
-0.005160	-0.296320
-0.005040	-0.296320
-0.004920	-0.296320
-0.004800	-0.296320
-0.004680	-0.409730
-0.004560	-0.409730
-0.004440	-0.409730
-0.004320	-0.409730
-0.004200	-0.409730
-0.004080	-0.182910
-0.003960	-0.069507
-0.003840	-0.069507
-0.003720	-0.069507
-0.003600	0.043900
-0.003480	0.157310
-0.003360	0.384120
-0.003240	0.384120
-0.003120	0.497530
-0.003000	0.384120
-0.002880	0.157310
-0.002760	0.043900
-0.002640	0.157310
-0.002520	0.270710
-0.002400	0.384120
-0.002280	0.384120
-0.002160	0.384120
-0.002040	0.384120
-0.001920	0.610940
-0.001800	0.610940
-0.001680	0.497530
-0.001560	0.497530
-0.001440	0.497530
-0.001320	0.610940
-0.001200	0.497530
-0.001080	0.270710
-0.000960	-0.069507
-0.000840	-0.182910
-0.000720	-0.069507
-0.000600	0.043900
-0.000480	0.270710
-0.000360	0.384120
-0.000240	0.384120
-0.000120	0.384120
0.000000	0.497530
0.000120	0.610940
0.000240	0.610940
0.000360	0.610940
0.000480	0.384120
0.000600	0.270710
0.000720	0.270710
0.000840	0.270710
0.000960	0.270710
0.001080	0.157310
0.001200	0.043900
0.001320	0.043900
0.001440	0.043900
0.001560	0.157310
0.001680	0.043900
0.001800	0.043900
0.001920	-0.182910
0.002040	-0.409730
0.002160	-0.296320
0.002280	-0.182910
0.002400	-0.069507
0.002520	-0.069507
0.002640	-0.069507
0.002760	-0.069507
0.002880	-0.182910
0.003000	-0.182910
0.003120	-0.182910
0.003240	-0.296320
0.003360	-0.409730
0.003480	-0.636540
0.003600	-0.749950
0.003720	-0.749950
0.003840	-0.863360
0.003960	-0.863360
0.004080	-0.976760
0.004200	-0.749950
0.004320	-0.636540
0.004440	-0.523140
0.004560	-0.523140
0.004680	-0.409730
0.004800	-0.069507
0.004920	0.497530
0.005040	0.724340
0.005160	0.837750
0.005280	0.951160
0.005400	0.837750
0.005520	0.837750
0.005640	0.610940
0.005760	0.270710
0.005880	-0.182910
0.006000	-0.409730
0.006120	-0.523140
0.006240	-0.749950
0.006360	-0.863360
0.006480	-0.863360
0.006600	-0.636540
0.006720	-0.409730
0.006840	-0.296320
0.006960	-0.069507
0.007080	0.157310
0.007200	0.384120
0.007320	0.724340
0.007440	1.178000
0.007560	1.404800
0.007680	1.404800
0.007800	1.631600
0.007920	1.858400
0.008040	1.745000
0.008160	1.291400
0.008280	1.064600
0.008400	0.951160
0.008520	0.610940
0.008640	0.157310
0.008760	-0.182910
0.008880	-0.636540
0.009000	-0.749950
0.009120	-0.749950
0.009240	-0.749950
0.009360	-0.976760
0.009480	-0.863360
0.009600	-0.749950
0.009720	-0.636540
0.009840	-0.409730
0.009960	-0.069507
0.010080	0.270710
0.010200	0.270710
0.010320	0.157310
0.010440	0.157310
0.010560	0.270710
0.010680	0.270710
0.010800	0.157310
0.010920	-0.069507
0.011040	-0.182910
0.011160	-0.182910
0.011280	-0.069507
0.011400	0.043900
0.011520	0.270710
0.011640	0.270710
0.011760	0.610940
0.011880	0.837750
0.012000	0.951160
0.012120	1.064600
0.012240	1.291400
0.012360	1.404800
0.012480	1.404800
0.012600	1.291400
0.012720	1.064600
0.012840	1.064600
0.012960	0.951160
0.013080	0.724340
0.013200	0.497530
0.013320	0.497530
0.013440	0.384120
0.013560	0.043900
0.013680	-0.296320
0.013800	-0.523140
0.013920	-0.636540
0.014040	-0.296320
0.014160	0.157310
0.014280	0.157310
0.014400	0.043900
0.014520	0.270710
0.014640	0.610940
0.014760	0.951160
0.014880	1.291400
0.015000	1.518200
0.015120	1.178000
0.015240	0.951160
0.015360	0.837750
0.015480	0.837750
0.015600	0.724340
0.015720	0.497530
0.015840	0.270710
0.015960	-0.296320
0.016080	-0.636540
0.016200	-0.749950
0.016320	-0.749950
0.016440	-0.863360
0.016560	-1.203600
0.016680	-0.863360
0.016800	0.043900
0.016920	0.610940
0.017040	0.497530
0.017160	0.043900
0.017280	-0.182910
0.017400	0.384120
0.017520	0.724340
0.017640	0.724340
0.017760	0.270710
0.017880	-0.182910
0.018000	-0.182910
0.018120	0.157310
0.018240	-0.069507
0.018360	-0.296320
0.018480	-0.523140
0.018600	-0.749950
0.018720	-0.863360
0.018840	-0.409730
0.018960	-0.182910
0.019080	-0.182910
0.019200	0.043900
0.019320	0.270710
0.019440	0.270710
0.019560	0.270710
0.019680	0.497530
0.019800	0.724340
0.019920	0.497530
0.020040	0.270710
0.020160	-0.182910
0.020280	-0.409730
0.020400	-0.523140
0.020520	-0.636540
0.020640	-0.749950
0.020760	-0.749950
0.020880	-0.863360
0.021000	-0.636540
0.021120	-0.182910
0.021240	-0.069507
0.021360	-0.409730
0.021480	-0.523140
0.021600	-0.296320
0.021720	-0.523140
0.021840	-0.749950
0.021960	-0.976760
0.022080	-1.090200
0.022200	-1.203600
0.022320	-0.976760
0.022440	-0.636540
0.022560	-0.523140
0.022680	-0.523140
0.022800	-0.409730
0.022920	0.043900
0.023040	0.270710
0.023160	0.270710
0.023280	-0.182910
0.023400	-0.523140
0.023520	-0.636540
0.023640	-0.409730
0.023760	-0.182910
0.023880	-0.296320
0.024000	-0.749950
0.024120	-0.976760
0.024240	-0.749950
0.024360	-0.523140
0.024480	-0.636540
0.024600	-0.636540
0.024720	-0.636540
0.024840	-0.409730
0.024960	0.043900
0.025080	0.157310
0.025200	-0.409730
0.025320	-0.523140
0.025440	0.384120
0.025560	0.837750
0.025680	0.497530
0.025800	-0.296320
0.025920	-0.636540
0.026040	-0.069507
0.026160	0.610940
0.026280	0.724340
0.026400	0.270710
0.026520	-0.296320
0.026640	-0.182910
0.026760	0.157310
0.026880	0.270710
0.027000	0.043900
0.027120	-0.182910
0.027240	-0.523140
0.027360	-0.409730
0.027480	-0.069507
0.027600	-0.409730
0.027720	-1.090200
0.027840	-1.543800
0.027960	-1.543800
0.028080	-1.203600
0.028200	-0.976760
0.028320	-1.090200
0.028440	-1.090200
0.028560	-0.749950
0.028680	-0.182910
0.028800	0.270710
0.028920	0.724340
0.029040	0.951160
0.029160	0.837750
0.029280	0.610940
0.029400	0.724340
0.029520	0.837750
0.029640	0.724340
0.029760	0.497530
0.029880	0.384120
0.030000	0.043900
0.030120	-0.409730
0.030240	-0.523140
0.030360	-0.636540
0.030480	-0.749950
0.030600	-0.863360
0.030720	-1.090200
0.030840	-1.317000
0.030960	-1.090200
0.031080	-0.863360
0.031200	-0.863360
0.031320	-0.863360
0.031440	-0.523140
0.031560	0.043900
0.031680	0.384120
0.031800	0.270710
0.031920	-0.069507
0.032040	-0.296320
0.032160	-0.296320
0.032280	-0.069507
0.032400	-0.182910
0.032520	-0.636540
0.032640	-1.090200
0.032760	-1.430400
0.032880	-1.430400
0.033000	-1.090200
0.033120	-0.523140
0.033240	-0.069507
0.033360	0.157310
0.033480	0.270710
0.033600	0.951160
0.033720	1.745000
0.033840	2.198600
0.033960	1.971800
0.034080	1.518200
0.034200	1.291400
0.034320	1.178000
0.034440	0.951160
0.034560	0.724340
0.034680	0.270710
0.034800	-0.182910
0.034920	-0.636540
0.035040	-0.863360
0.035160	-0.976760
0.035280	-1.203600
0.035400	-1.203600
0.035520	-0.749950
0.035640	-0.409730
0.035760	-0.069507
0.035880	0.043900
0.036000	0.157310
0.036120	0.270710
0.036240	0.497530
0.036360	0.610940
0.036480	0.384120
0.036600	0.270710
0.036720	0.497530
0.036840	0.837750
0.036960	0.837750
0.037080	0.384120
0.037200	0.384120
0.037320	0.610940
0.037440	0.837750
0.037560	0.837750
0.037680	0.837750
0.037800	0.837750
0.037920	0.610940
0.038040	0.497530
0.038160	0.610940
0.038280	0.724340
0.038400	0.497530
0.038520	0.384120
0.038640	0.497530
0.038760	0.724340
0.038880	0.724340
0.039000	0.724340
0.039120	0.724340
0.039240	0.724340
0.039360	0.610940
0.039480	0.270710
0.039600	-0.069507
0.039720	-0.296320
0.039840	-0.523140
0.039960	-0.749950
0.040080	-0.863360
0.040200	-0.976760
0.040320	-0.976760
0.040440	-0.863360
0.040560	-0.976760
0.040680	-0.976760
0.040800	-1.090200
0.040920	-1.090200
0.041040	-0.749950
0.041160	-0.409730
0.041280	-0.069507
0.041400	0.157310
0.041520	0.157310
0.041640	0.270710
0.041760	0.270710
0.041880	0.384120
0.042000	0.384120
0.042120	0.157310
0.042240	-0.296320
0.042360	-0.636540
0.042480	-0.863360
0.042600	-1.203600
0.042720	-1.317000
0.042840	-1.203600
0.042960	-1.203600
0.043080	-1.203600
0.043200	-1.430400
0.043320	-1.657200
0.043440	-1.430400
0.043560	-0.976760
0.043680	-0.523140
0.043800	-0.409730
0.043920	-0.409730
0.044040	-0.523140
0.044160	-0.296320
0.044280	-0.296320
0.044400	-0.296320
0.044520	-0.523140
0.044640	-0.523140
0.044760	-0.523140
0.044880	-0.863360
0.045000	-1.090200
0.045120	-1.203600
0.045240	-1.317000
0.045360	-1.317000
0.045480	-1.317000
0.045600	-1.430400
0.045720	-1.543800
0.045840	-1.543800
0.045960	-1.543800
0.046080	-1.543800
0.046200	-1.543800
0.046320	-1.657200
0.046440	-1.543800
0.046560	-1.203600
0.046680	-0.863360
0.046800	-0.636540
0.046920	-0.749950
0.047040	-0.863360
0.047160	-0.863360
0.047280	-0.863360
0.047400	-0.863360
0.047520	-0.976760
0.047640	-0.976760
0.047760	-1.090200
0.047880	-1.317000
0.048000	-1.657200
0.048120	-1.657200
0.048240	-1.770600
0.048360	-1.770600
0.048480	-1.543800
0.048600	-1.543800
0.048720	-1.430400
0.048840	-1.317000
0.048960	-0.976760
0.049080	-0.182910
0.049200	0.043900
0.049320	-0.069507
0.049440	-0.409730
0.049560	-0.409730
0.049680	-0.069507
0.049800	0.157310
0.049920	0.157310
0.050040	-0.069507
0.050160	-0.069507
0.050280	0.043900
0.050400	-0.069507
0.050520	-0.296320
0.050640	-0.523140
0.050760	-0.409730
0.050880	-0.296320
0.051000	-0.069507
0.051120	-0.182910
0.051240	-0.409730
0.051360	-0.409730
0.051480	-0.523140
0.051600	-0.636540
0.051720	-0.749950
0.051840	-0.749950
0.051960	-0.636540
0.052080	-0.636540
0.052200	-0.636540
0.052320	-0.749950
0.052440	-0.976760
0.052560	-0.976760
0.052680	-1.090200
0.052800	-1.090200
0.052920	-0.863360
0.053040	-0.636540
0.053160	-0.523140
0.053280	-0.409730
0.053400	-0.523140
0.053520	-0.523140
0.053640	-0.409730
0.053760	-0.296320
0.053880	-0.182910
0.054000	-0.069507
0.054120	-0.069507
0.054240	-0.296320
0.054360	-0.523140
0.054480	-0.863360
0.054600	-1.090200
0.054720	-1.317000
0.054840	-1.430400
0.054960	-1.543800
0.055080	-1.884000
0.055200	-1.997400
0.055320	-1.997400
0.055440	-1.997400
0.055560	-1.884000
0.055680	-1.770600
0.055800	-1.657200
0.055920	-1.543800
0.056040	-1.430400
0.056160	-1.203600
0.056280	-1.203600
0.056400	-0.976760
0.056520	-0.976760
0.056640	-0.749950
0.056760	-0.523140
0.056880	-0.409730
0.057000	-0.409730
0.057120	-0.182910
0.057240	-0.069507
0.057360	-0.069507
0.057480	-0.182910
0.057600	-0.182910
0.057720	-0.182910
0.057840	-0.409730
0.057960	-0.636540
0.058080	-0.863360
0.058200	-1.090200
0.058320	-1.203600
0.058440	-1.430400
0.058560	-1.317000
0.058680	-1.090200
0.058800	-1.090200
0.058920	-1.090200
0.059040	-1.090200
0.059160	-0.863360
0.059280	-0.749950
0.059400	-0.636540
0.059520	-0.296320
0.059640	0.157310
0.059760	0.157310
0.059880	-0.182910
0.060000	-0.296320
0.060120	-0.409730
0.060240	-0.409730
0.060360	-0.409730
0.060480	-0.409730
0.060600	-0.636540
0.060720	-0.749950
0.060840	-0.636540
0.060960	-0.636540
0.061080	-0.523140
0.061200	-0.523140
0.061320	-0.296320
0.061440	-0.069507
0.061560	0.157310
0.061680	0.497530
0.061800	0.724340
0.061920	0.724340
0.062040	0.384120
0.062160	0.043900
0.062280	-0.182910
0.062400	-0.182910
0.062520	-0.182910
0.062640	-0.296320
0.062760	-0.296320
0.062880	-0.182910
0.063000	-0.182910
0.063120	-0.296320
0.063240	-0.409730
0.063360	-0.409730
0.063480	-0.069507
0.063600	0.157310
0.063720	0.157310
0.063840	-0.069507
0.063960	-0.069507
0.064080	0.043900
0.064200	0.384120
0.064320	0.610940
0.064440	0.497530
0.064560	0.497530
0.064680	0.724340
0.064800	0.724340
0.064920	0.497530
0.065040	0.270710
0.065160	0.157310
0.065280	0.043900
0.065400	0.043900
0.065520	-0.069507
0.065640	-0.182910
0.065760	-0.409730
0.065880	-0.409730
0.066000	-0.296320
0.066120	-0.409730
0.066240	-0.523140
0.066360	-0.409730
0.066480	-0.409730
0.066600	-0.182910
0.066720	-0.069507
0.066840	0.043900
0.066960	-0.069507
0.067080	-0.296320
0.067200	-0.296320
0.067320	-0.296320
0.067440	-0.523140
0.067560	-0.636540
0.067680	-0.749950
0.067800	-0.863360
0.067920	-0.976760
0.068040	-1.203600
0.068160	-1.430400
0.068280	-1.430400
0.068400	-1.317000
0.068520	-1.430400
0.068640	-1.430400
0.068760	-1.430400
0.068880	-1.430400
0.069000	-1.203600
0.069120	-0.976760
0.069240	-0.863360
0.069360	-0.749950
0.069480	-0.636540
0.069600	-0.409730
0.069720	-0.069507
0.069840	-0.069507
0.069960	-0.182910
0.070080	-0.409730
0.070200	-0.523140
0.070320	-0.409730
0.070440	-0.409730
0.070560	-0.636540
0.070680	-0.976760
0.070800	-0.976760
0.070920	-0.976760
0.071040	-0.863360
0.071160	-0.976760
0.071280	-0.976760
0.071400	-0.863360
0.071520	-0.863360
0.071640	-0.749950
0.071760	-0.636540
0.071880	-0.296320
0.072000	0.043900
0.072120	0.043900
0.072240	0.157310
0.072360	0.270710
0.072480	0.157310
0.072600	-0.069507
0.072720	-0.182910
0.072840	-0.409730
0.072960	-0.636540
0.073080	-0.636540
0.073200	-0.523140
0.073320	-0.409730
0.073440	-0.182910
0.073560	-0.182910
0.073680	-0.069507
0.073800	0.043900
0.073920	-0.069507
0.074040	-0.182910
0.074160	-0.409730
0.074280	-0.523140
0.074400	-0.749950
0.074520	-0.863360
0.074640	-0.863360
0.074760	-0.976760
0.074880	-0.976760
0.075000	-1.090200
0.075120	-1.090200
0.075240	-0.976760
0.075360	-0.749950
0.075480	-0.636540
0.075600	-0.636540
0.075720	-0.636540
0.075840	-0.523140
0.075960	-0.409730
0.076080	-0.409730
0.076200	-0.409730
0.076320	-0.182910
0.076440	-0.182910
0.076560	-0.296320
0.076680	-0.182910
0.076800	-0.182910
0.076920	-0.069507
0.077040	-0.069507
0.077160	-0.182910
0.077280	-0.182910
0.077400	-0.069507
0.077520	0.043900
0.077640	0.157310
0.077760	0.157310
0.077880	0.043900
0.078000	0.043900
0.078120	0.043900
0.078240	0.157310
0.078360	-0.069507
0.078480	-0.182910
0.078600	-0.069507
0.078720	0.043900
0.078840	0.157310
0.078960	0.270710
0.079080	0.157310
0.079200	0.157310
0.079320	0.270710
0.079440	0.610940
0.079560	0.837750
0.079680	0.837750
0.079800	0.724340
0.079920	0.724340
0.080040	0.724340
0.080160	0.724340
0.080280	0.610940
0.080400	0.384120
0.080520	0.157310
0.080640	-0.069507
0.080760	-0.069507
0.080880	-0.069507
0.081000	0.043900
0.081120	0.157310
0.081240	0.270710
0.081360	0.384120
0.081480	0.497530
0.081600	0.724340
0.081720	0.837750
0.081840	1.064600
0.081960	1.064600
0.082080	1.064600
0.082200	0.951160
0.082320	0.724340
0.082440	0.497530
0.082560	0.384120
0.082680	0.270710
0.082800	0.043900
0.082920	-0.069507
0.083040	-0.069507
0.083160	-0.182910
0.083280	-0.182910
0.083400	-0.182910
0.083520	-0.409730
0.083640	-0.409730
0.083760	-0.182910
0.083880	0.157310
0.084000	0.270710
0.084120	0.270710
0.084240	0.497530
0.084360	0.837750
0.084480	1.064600
0.084600	0.951160
0.084720	0.837750
0.084840	0.837750
0.084960	1.064600
0.085080	1.064600
0.085200	1.064600
0.085320	0.951160
0.085440	0.951160
0.085560	0.951160
0.085680	1.064600
0.085800	0.951160
0.085920	0.837750
0.086040	0.610940
0.086160	0.043900
0.086280	-0.069507
0.086400	-0.296320
0.086520	-0.409730
0.086640	-0.182910
0.086760	-0.182910
0.086880	-0.409730
0.087000	-0.409730
0.087120	-0.296320
0.087240	0.043900
0.087360	0.384120
0.087480	0.724340
0.087600	0.724340
0.087720	0.724340
0.087840	0.724340
0.087960	0.610940
0.088080	0.384120
0.088200	0.157310
0.088320	-0.182910
0.088440	-0.182910
0.088560	-0.182910
0.088680	-0.636540
0.088800	-0.863360
0.088920	-0.863360
0.089040	-0.636540
0.089160	-0.409730
0.089280	-0.409730
0.089400	-0.409730
0.089520	-0.182910
0.089640	0.270710
0.089760	0.497530
0.089880	0.043900
0.090000	-0.182910
0.090120	0.157310
0.090240	0.610940
0.090360	0.270710
0.090480	-0.409730
0.090600	-0.523140
0.090720	-0.296320
0.090840	-0.296320
0.090960	-0.523140
0.091080	-0.636540
0.091200	-0.636540
0.091320	-0.523140
0.091440	-0.296320
0.091560	-0.182910
0.091680	-0.296320
0.091800	-0.182910
0.091920	0.043900
0.092040	0.043900
0.092160	-0.069507
0.092280	-0.182910
0.092400	-0.409730
0.092520	-0.749950
0.092640	-0.863360
0.092760	-0.863360
0.092880	-0.636540
0.093000	-0.636540
0.093120	-0.749950
0.093240	-0.636540
0.093360	-0.523140
0.093480	-0.523140
0.093600	-0.523140
0.093720	-0.409730
0.093840	-0.523140
0.093960	-0.636540
0.094080	-0.863360
0.094200	-0.976760
0.094320	-1.090200
0.094440	-0.863360
0.094560	-0.749950
0.094680	-0.863360
0.094800	-0.749950
0.094920	-0.636540
0.095040	-0.976760
0.095160	-1.090200
0.095280	-0.976760
0.095400	-0.863360
0.095520	-0.749950
0.095640	-0.863360
0.095760	-1.090200
0.095880	-0.976760
0.096000	-0.749950
0.096120	-0.409730
0.096240	-0.069507
0.096360	0.157310
0.096480	0.270710
0.096600	0.384120
0.096720	0.157310
0.096840	-0.069507
0.096960	-0.069507
0.097080	0.043900
0.097200	0.157310
0.097320	0.157310
0.097440	0.157310
0.097560	0.270710
0.097680	0.270710
0.097800	0.157310
0.097920	0.043900
0.098040	0.157310
0.098160	0.270710
0.098280	0.497530
0.098400	0.384120
0.098520	0.384120
0.098640	0.270710
0.098760	0.043900
0.098880	-0.182910
0.099000	-0.182910
0.099120	-0.182910
0.099240	-0.182910
0.099360	-0.069507
0.099480	0.157310
0.099600	0.157310
0.099720	0.270710
0.099840	0.157310
0.099960	0.157310
0.100080	0.157310
0.100200	0.270710
0.100320	0.157310
0.100440	0.270710
0.100560	0.384120
0.100680	0.384120
0.100800	0.157310
0.100920	-0.069507
0.101040	0.157310
0.101160	0.384120
0.101280	0.384120
0.101400	0.270710
0.101520	0.384120
0.101640	0.497530
0.101760	0.610940
0.101880	0.610940
0.102000	0.724340
0.102120	0.724340
0.102240	0.837750
0.102360	0.837750
0.102480	0.724340
0.102600	0.610940
0.102720	0.497530
0.102840	0.384120
0.102960	0.270710
0.103080	0.270710
0.103200	0.270710
0.103320	0.270710
0.103440	0.270710
0.103560	0.270710
0.103680	0.270710
0.103800	0.270710
0.103920	0.270710
0.104040	0.497530
0.104160	0.724340
0.104280	0.837750
0.104400	0.837750
0.104520	0.724340
0.104640	0.497530
0.104760	0.610940
0.104880	0.724340
0.105000	0.724340
0.105120	0.610940
0.105240	0.610940
0.105360	0.724340
0.105480	0.724340
0.105600	0.951160
0.105720	1.064600
0.105840	1.064600
0.105960	1.064600
0.106080	1.178000
0.106200	1.291400
0.106320	1.178000
0.106440	1.178000
0.106560	0.951160
0.106680	0.951160
0.106800	0.837750
0.106920	0.724340
0.107040	0.724340
0.107160	0.497530
0.107280	0.497530
0.107400	0.610940
0.107520	0.724340
0.107640	0.724340
0.107760	0.724340
0.107880	0.610940
0.108000	0.724340
0.108120	0.724340
0.108240	0.724340
0.108360	0.837750
0.108480	1.178000
0.108600	1.631600
0.108720	1.745000
0.108840	1.745000
0.108960	1.518200
0.109080	1.404800
0.109200	1.404800
0.109320	1.291400
0.109440	1.064600
0.109560	0.837750
0.109680	0.724340
0.109800	0.724340
0.109920	0.724340
0.110040	0.837750
0.110160	1.178000
0.110280	1.404800
0.110400	1.291400
0.110520	1.064600
0.110640	0.951160
0.110760	1.064600
0.110880	1.178000
0.111000	1.064600
0.111120	1.064600
0.111240	1.064600
0.111360	1.064600
0.111480	1.064600
0.111600	1.064600
0.111720	0.951160
0.111840	0.837750
0.111960	0.724340
0.112080	0.837750
0.112200	1.178000
0.112320	1.291400
0.112440	1.291400
0.112560	1.291400
0.112680	1.178000
0.112800	1.291400
0.112920	1.291400
0.113040	1.178000
0.113160	1.064600
0.113280	0.724340
0.113400	0.724340
0.113520	0.724340
0.113640	0.610940
0.113760	0.384120
0.113880	0.043900
0.114000	-0.069507
0.114120	-0.182910
0.114240	-0.182910
0.114360	-0.069507
0.114480	0.043900
0.114600	0.270710
0.114720	0.384120
0.114840	0.384120
0.114960	0.497530
0.115080	0.610940
0.115200	0.724340
0.115320	0.724340
0.115440	0.724340
0.115560	0.610940
0.115680	0.497530
0.115800	0.610940
0.115920	0.610940
0.116040	0.610940
0.116160	0.837750
0.116280	1.064600
0.116400	1.178000
0.116520	0.610940
0.116640	0.043900
0.116760	0.270710
0.116880	0.724340
0.117000	0.610940
0.117120	0.384120
0.117240	0.497530
0.117360	0.837750
0.117480	0.951160
0.117600	0.951160
0.117720	1.291400
0.117840	1.291400
0.117960	0.951160
0.118080	0.837750
0.118200	0.837750
0.118320	0.610940
0.118440	0.043900
0.118560	0.497530
0.118680	0.724340
0.118800	0.384120
0.118920	-0.182910
0.119040	0.270710
0.119160	0.724340
0.119280	0.724340
0.119400	0.384120
0.119520	0.610940
0.119640	1.064600
0.119760	0.951160
0.119880	0.497530
0.120000	0.837750
0.120120	1.178000
0.120240	0.610940
0.120360	0.384120
0.120480	0.724340
0.120600	1.064600
0.120720	0.724340
0.120840	0.157310
0.120960	0.043900
0.121080	0.384120
0.121200	0.497530
0.121320	0.157310
0.121440	0.043900
0.121560	0.384120
0.121680	0.497530
0.121800	0.043900
0.121920	0.043900
0.122040	0.384120
0.122160	0.384120
0.122280	-0.069507
0.122400	-0.182910
0.122520	0.384120
0.122640	0.270710
0.122760	0.043900
0.122880	0.157310
0.123000	0.270710
0.123120	0.384120
0.123240	0.384120
0.123360	0.157310
0.123480	0.384120
0.123600	0.610940
0.123720	0.497530
0.123840	0.270710
0.123960	0.497530
0.124080	0.724340
0.124200	-0.069507
0.124320	-0.636540
0.124440	0.043900
0.124560	0.610940
0.124680	-0.182910
0.124800	-0.863360
0.124920	-0.523140
0.125040	0.043900
0.125160	-0.182910
0.125280	-0.069507
0.125400	0.610940
0.125520	0.724340
0.125640	0.270710
0.125760	0.384120
0.125880	0.724340
0.126000	0.497530
0.126120	0.157310
0.126240	0.384120
0.126360	0.497530
0.126480	0.043900
0.126600	-0.409730
0.126720	0.157310
0.126840	0.384120
0.126960	-0.069507
0.127080	-0.409730
0.127200	-0.069507
0.127320	0.724340
0.127440	0.497530
0.127560	0.157310
0.127680	0.270710
0.127800	0.384120
0.127920	0.610940
0.128040	0.951160
0.128160	1.291400
0.128280	1.064600
0.128400	0.724340
0.128520	0.610940
0.128640	0.270710
0.128760	0.157310
0.128880	0.384120
0.129000	0.043900
0.129120	-0.069507
0.129240	0.043900
0.129360	0.270710
0.129480	-0.182910
0.129600	-0.182910
0.129720	0.610940
0.129840	1.064600
0.129960	0.610940
0.130080	0.384120
0.130200	1.064600
0.130320	1.404800
0.130440	1.178000
0.130560	0.497530
0.130680	0.497530
0.130800	1.291400
0.130920	1.064600
0.131040	0.157310
0.131160	0.270710
0.131280	0.951160
0.131400	0.724340
0.131520	0.157310
0.131640	0.724340
0.131760	1.178000
0.131880	0.724340
0.132000	0.270710
0.132120	0.270710
0.132240	0.610940
0.132360	0.497530
0.132480	0.384120
0.132600	0.610940
0.132720	0.724340
0.132840	0.951160
0.132960	0.724340
0.133080	0.384120
0.133200	0.610940
0.133320	0.724340
0.133440	0.497530
0.133560	0.497530
0.133680	0.724340
0.133800	0.837750
0.133920	0.610940
0.134040	0.610940
0.134160	0.837750
0.134280	0.837750
0.134400	0.610940
0.134520	0.724340
0.134640	0.837750
0.134760	0.837750
0.134880	0.837750
0.135000	0.724340
0.135120	0.610940
0.135240	0.724340
0.135360	0.610940
0.135480	0.497530
0.135600	0.610940
0.135720	0.837750
0.135840	0.497530
0.135960	0.384120
0.136080	0.951160
0.136200	0.951160
0.136320	0.610940
0.136440	0.724340
0.136560	0.724340
0.136680	0.837750
0.136800	0.610940
0.136920	0.384120
0.137040	0.270710
0.137160	0.384120
0.137280	0.384120
0.137400	0.270710
0.137520	0.270710
0.137640	0.497530
0.137760	0.270710
0.137880	0.157310
0.138000	0.497530
0.138120	0.724340
0.138240	0.724340
0.138360	0.497530
0.138480	0.497530
0.138600	0.497530
0.138720	0.384120
0.138840	0.497530
0.138960	1.064600
0.139080	0.951160
0.139200	0.270710
0.139320	1.064600
0.139440	1.178000
0.139560	1.858400
0.139680	1.064600
0.139800	0.951160
0.139920	1.291400
0.140040	0.837750
0.140160	0.724340
0.140280	0.724340
0.140400	0.497530
0.140520	0.270710
0.140640	0.497530
0.140760	0.610940
0.140880	0.837750
0.141000	0.837750
0.141120	0.610940
0.141240	0.497530
0.141360	0.497530
0.141480	1.404800
0.141600	1.518200
0.141720	1.178000
0.141840	0.497530
0.141960	0.497530
0.142080	1.404800
0.142200	1.518200
0.142320	1.178000
0.142440	0.724340
0.142560	0.610940
0.142680	0.951160
0.142800	0.610940
0.142920	-0.182910
0.143040	-0.409730
0.143160	0.724340
0.143280	2.198600
0.143400	1.858400
0.143520	0.384120
0.143640	-0.523140
0.143760	-0.182910
0.143880	0.384120
0.144000	0.610940
0.144120	0.724340
0.144240	1.064600
0.144360	1.404800
0.144480	1.178000
0.144600	0.951160
0.144720	1.291400
0.144840	1.064600
0.144960	-0.409730
0.145080	-1.317000
0.145200	-0.182910
0.145320	1.971800
0.145440	2.425500
0.145560	1.404800
0.145680	0.951160
0.145800	1.178000
0.145920	1.518200
0.146040	2.425500
0.146160	2.652300
0.146280	2.652300
0.146400	3.219300
0.146520	4.013200
0.146640	3.672900
0.146760	1.518200
0.146880	0.270710
0.147000	1.178000
0.147120	2.198600
0.147240	1.404800
0.147360	0.043900
0.147480	-0.296320
0.147600	0.270710
0.147720	0.837750
0.147840	0.724340
0.147960	-0.182910
0.148080	-1.430400
0.148200	-1.657200
0.148320	-0.523140
0.148440	0.724340
0.148560	0.951160
0.148680	0.043900
0.148800	-1.090200
0.148920	-1.430400
0.149040	-1.430400
0.149160	-1.090200
0.149280	-0.069507
0.149400	0.724340
0.149520	0.270710
0.149640	-0.296320
0.149760	-0.863360
0.149880	-1.203600
0.150000	-0.523140
0.150120	0.270710
0.150240	-0.523140
0.150360	-2.677900
0.150480	-2.110800
0.150600	0.497530
0.150720	1.858400
0.150840	0.384120
0.150960	-1.543800
0.151080	-2.110800
0.151200	-1.543800
0.151320	-1.090200
0.151440	-0.749950
0.151560	-0.296320
0.151680	0.610940
0.151800	1.631600
0.151920	3.219300
0.152040	3.219300
0.152160	1.178000
0.152280	-0.409730
0.152400	-0.296320
0.152520	0.043900
0.152640	0.497530
0.152760	0.951160
0.152880	0.610940
0.153000	0.384120
0.153120	0.951160
0.153240	0.724340
0.153360	-0.296320
0.153480	-0.182910
0.153600	0.837750
0.153720	0.157310
0.153840	-1.317000
0.153960	-0.749950
0.154080	0.837750
0.154200	1.291400
0.154320	1.404800
0.154440	1.291400
0.154560	0.157310
0.154680	-1.090200
0.154800	-1.090200
0.154920	0.270710
0.155040	1.291400
0.155160	0.951160
0.155280	0.043900
0.155400	-0.636540
0.155520	-1.203600
0.155640	-0.863360
0.155760	-0.749950
0.155880	-0.182910
0.156000	1.178000
0.156120	1.518200
0.156240	0.384120
0.156360	-0.296320
0.156480	0.157310
0.156600	0.384120
0.156720	-0.296320
0.156840	-1.203600
0.156960	-0.976760
0.157080	-0.409730
0.157200	-1.430400
0.157320	-2.224200
0.157440	-1.090200
0.157560	0.157310
0.157680	1.064600
0.157800	1.291400
0.157920	0.724340
0.158040	0.724340
0.158160	0.497530
0.158280	0.724340
0.158400	1.745000
0.158520	1.291400
0.158640	0.043900
0.158760	-0.182910
0.158880	0.497530
0.159000	-0.182910
0.159120	-1.884000
0.159240	-1.657200
0.159360	-0.296320
0.159480	0.157310
0.159600	-0.409730
0.159720	-1.317000
0.159840	-1.657200
0.159960	-1.430400
0.160080	-0.863360
0.160200	0.043900
0.160320	0.384120
0.160440	0.384120
0.160560	0.384120
0.160680	1.178000
0.160800	1.858400
0.160920	1.745000
0.161040	1.291400
0.161160	0.837750
0.161280	0.270710
0.161400	0.497530
0.161520	1.291400
0.161640	1.404800
0.161760	1.064600
0.161880	0.384120
0.162000	-0.182910
0.162120	0.270710
0.162240	-0.182910
0.162360	-1.543800
0.162480	-2.110800
0.162600	-0.636540
0.162720	1.404800
0.162840	1.971800
0.162960	1.518200
0.163080	1.971800
0.163200	2.312000
0.163320	1.518200
0.163440	1.404800
0.163560	2.879100
0.163680	3.446100
0.163800	2.312000
0.163920	1.518200
0.164040	0.497530
0.164160	-0.409730
0.164280	-1.203600
0.164400	-1.543800
0.164520	-1.090200
0.164640	-1.203600
0.164760	-1.657200
0.164880	-1.317000
0.165000	-0.749950
0.165120	-0.409730
0.165240	0.270710
0.165360	1.064600
0.165480	1.518200
0.165600	2.085200
0.165720	2.312000
0.165840	1.064600
0.165960	0.157310
0.166080	0.497530
0.166200	0.837750
0.166320	0.043900
0.166440	-1.430400
0.166560	-2.564500
0.166680	-3.131500
0.166800	-3.585100
0.166920	-3.471700
0.167040	-1.884000
0.167160	-0.749950
0.167280	-0.749950
0.167400	-0.523140
0.167520	0.157310
0.167640	0.497530
0.167760	0.497530
0.167880	1.064600
0.168000	1.518200
0.168120	1.858400
0.168240	2.425500
0.168360	3.332700
0.168480	2.992500
0.168600	2.198600
0.168720	1.745000
0.168840	1.064600
0.168960	0.384120
0.169080	0.270710
0.169200	0.270710
0.169320	0.384120
0.169440	0.043900
0.169560	-0.749950
0.169680	-0.636540
0.169800	0.610940
0.169920	0.610940
0.170040	-0.296320
0.170160	-0.523140
0.170280	-0.069507
0.170400	0.724340
0.170520	1.064600
0.170640	0.837750
0.170760	0.837750
0.170880	1.291400
0.171000	1.404800
0.171120	0.497530
0.171240	-0.749950
0.171360	-0.976760
0.171480	-0.523140
0.171600	-0.523140
0.171720	-0.409730
0.171840	0.270710
0.171960	0.270710
0.172080	0.043900
0.172200	0.270710
0.172320	0.837750
0.172440	1.178000
0.172560	1.291400
0.172680	1.291400
0.172800	0.837750
0.172920	0.724340
0.173040	1.178000
0.173160	1.291400
0.173280	0.610940
0.173400	-0.069507
0.173520	0.270710
0.173640	1.291400
0.173760	1.518200
0.173880	0.610940
0.174000	-0.523140
0.174120	-1.317000
0.174240	-1.543800
0.174360	-1.203600
0.174480	-0.976760
0.174600	-1.203600
0.174720	-1.543800
0.174840	-1.430400
0.174960	-1.203600
0.175080	-0.863360
0.175200	-0.409730
0.175320	0.043900
0.175440	0.497530
0.175560	1.064600
0.175680	1.404800
0.175800	1.631600
0.175920	1.971800
0.176040	2.198600
0.176160	2.085200
0.176280	1.404800
0.176400	0.497530
0.176520	-0.182910
0.176640	-0.296320
0.176760	-0.069507
0.176880	-0.409730
0.177000	-0.976760
0.177120	-0.976760
0.177240	-0.863360
0.177360	-0.523140
0.177480	0.270710
0.177600	0.724340
0.177720	0.951160
0.177840	1.404800
0.177960	2.085200
0.178080	2.312000
0.178200	1.858400
0.178320	1.178000
0.178440	0.837750
0.178560	1.064600
0.178680	1.291400
0.178800	0.951160
0.178920	0.610940
0.179040	0.610940
0.179160	0.951160
0.179280	1.291400
0.179400	1.404800
0.179520	1.404800
0.179640	1.404800
0.179760	1.178000
0.179880	0.610940
0.180000	0.157310
0.180120	0.043900
0.180240	0.157310
0.180360	0.043900
0.180480	0.157310
0.180600	0.157310
0.180720	0.043900
0.180840	0.384120
0.180960	1.291400
0.181080	1.631600
0.181200	1.291400
0.181320	0.837750
0.181440	1.064600
0.181560	1.518200
0.181680	1.404800
0.181800	0.837750
0.181920	0.270710
0.182040	-0.296320
0.182160	-0.069507
0.182280	0.270710
0.182400	0.270710
0.182520	-0.409730
0.182640	-0.976760
0.182760	-1.090200
0.182880	-1.090200
0.183000	-0.636540
0.183120	-0.296320
0.183240	-0.409730
0.183360	-0.636540
0.183480	-0.523140
0.183600	-0.182910
0.183720	0.497530
0.183840	0.837750
0.183960	0.497530
0.184080	-0.182910
0.184200	-0.409730
0.184320	0.043900
0.184440	0.610940
0.184560	0.497530
0.184680	-0.069507
0.184800	-0.523140
0.184920	-0.409730
0.185040	0.270710
0.185160	0.951160
0.185280	1.404800
0.185400	1.745000
0.185520	1.858400
0.185640	1.971800
0.185760	2.312000
0.185880	2.538900
0.186000	1.858400
0.186120	1.291400
0.186240	0.724340
0.186360	0.384120
0.186480	0.157310
0.186600	0.270710
0.186720	0.610940
0.186840	0.951160
0.186960	0.497530
0.187080	0.270710
0.187200	0.497530
0.187320	1.064600
0.187440	1.291400
0.187560	1.064600
0.187680	0.837750
0.187800	0.724340
0.187920	0.837750
0.188040	1.064600
0.188160	1.064600
0.188280	0.951160
0.188400	0.951160
0.188520	1.064600
0.188640	1.178000
0.188760	1.064600
0.188880	0.837750
0.189000	0.610940
0.189120	0.270710
0.189240	0.043900
0.189360	-0.069507
0.189480	-0.409730
0.189600	-0.976760
0.189720	-1.203600
0.189840	-0.976760
0.189960	-0.523140
0.190080	-0.069507
0.190200	0.497530
0.190320	0.610940
0.190440	0.384120
0.190560	0.270710
0.190680	0.724340
0.190800	1.064600
0.190920	1.064600
0.191040	0.837750
0.191160	0.724340
0.191280	0.610940
0.191400	0.497530
0.191520	0.497530
0.191640	0.610940
0.191760	0.610940
0.191880	0.724340
0.192000	0.837750
0.192120	0.724340
0.192240	0.610940
0.192360	0.951160
0.192480	1.518200
0.192600	1.858400
0.192720	1.971800
0.192840	1.858400
0.192960	1.631600
0.193080	1.404800
0.193200	1.291400
0.193320	1.178000
0.193440	1.064600
0.193560	0.837750
0.193680	0.837750
0.193800	0.724340
0.193920	0.384120
0.194040	0.043900
0.194160	0.043900
0.194280	0.270710
0.194400	0.497530
0.194520	0.837750
0.194640	1.064600
0.194760	1.178000
0.194880	1.064600
0.195000	0.951160
0.195120	0.837750
0.195240	0.724340
0.195360	0.724340
0.195480	0.837750
0.195600	0.837750
0.195720	0.951160
0.195840	0.837750
0.195960	0.610940
0.196080	0.497530
0.196200	0.724340
0.196320	1.064600
0.196440	1.064600
0.196560	0.837750
0.196680	0.724340
0.196800	0.497530
0.196920	0.043900
0.197040	-0.182910
0.197160	-0.069507
0.197280	0.157310
0.197400	0.043900
0.197520	0.384120
0.197640	0.610940
0.197760	0.724340
0.197880	1.178000
0.198000	1.291400
0.198120	0.837750
0.198240	0.270710
0.198360	0.043900
0.198480	0.270710
0.198600	0.497530
0.198720	0.157310
0.198840	-0.069507
0.198960	0.384120
0.199080	1.064600
0.199200	1.291400
0.199320	1.064600
0.199440	1.064600
0.199560	1.178000
0.199680	1.291400
0.199800	1.404800
0.199920	1.745000
0.200040	1.971800
0.200160	2.085200
0.200280	2.198600
0.200400	2.198600
0.200520	2.425500
0.200640	2.425500
0.200760	2.085200
0.200880	1.745000
0.201000	1.631600
0.201120	1.631600
0.201240	1.518200
0.201360	1.291400
0.201480	1.064600
0.201600	0.724340
0.201720	0.384120
0.201840	0.384120
0.201960	0.497530
0.202080	0.384120
0.202200	0.043900
0.202320	-0.523140
0.202440	-0.863360
0.202560	-0.749950
0.202680	-0.296320
0.202800	0.384120
0.202920	0.724340
0.203040	0.837750
0.203160	1.064600
0.203280	1.291400
0.203400	1.631600
0.203520	1.404800
0.203640	1.064600
0.203760	0.724340
0.203880	0.497530
0.204000	0.270710
0.204120	0.270710
0.204240	0.270710
0.204360	-0.069507
0.204480	-0.296320
0.204600	-0.182910
0.204720	-0.182910
0.204840	-0.409730
0.204960	-0.409730
0.205080	-0.409730
0.205200	-0.523140
0.205320	-0.409730
0.205440	0.610940
0.205560	1.631600
0.205680	1.518200
0.205800	0.610940
0.205920	0.157310
0.206040	0.270710
0.206160	0.497530
0.206280	0.270710
0.206400	-0.182910
0.206520	-0.863360
0.206640	-0.523140
0.206760	0.497530
0.206880	0.837750
0.207000	0.610940
0.207120	0.610940
0.207240	0.837750
0.207360	1.064600
0.207480	1.291400
0.207600	1.631600
0.207720	1.404800
0.207840	0.951160
0.207960	0.724340
0.208080	0.384120
0.208200	0.043900
0.208320	0.157310
0.208440	0.497530
0.208560	0.497530
0.208680	0.384120
0.208800	0.384120
0.208920	0.497530
0.209040	0.610940
0.209160	0.724340
0.209280	0.724340
0.209400	0.384120
0.209520	-0.296320
0.209640	-0.409730
0.209760	-0.182910
0.209880	0.157310
0.210000	0.043900
0.210120	-0.182910
0.210240	-0.296320
0.210360	0.043900
0.210480	0.724340
0.210600	1.064600
0.210720	0.837750
0.210840	0.384120
0.210960	0.724340
0.211080	1.631600
0.211200	1.518200
0.211320	0.497530
0.211440	-0.409730
0.211560	-0.523140
0.211680	-0.069507
0.211800	0.610940
0.211920	0.837750
0.212040	0.270710
0.212160	0.384120
0.212280	0.951160
0.212400	1.178000
0.212520	0.837750
0.212640	0.724340
0.212760	0.497530
0.212880	0.157310
0.213000	-0.182910
0.213120	-0.296320
0.213240	-0.409730
0.213360	-0.523140
0.213480	-0.749950
0.213600	-0.749950
0.213720	-0.636540
0.213840	-0.296320
0.213960	-0.069507
0.214080	0.043900
0.214200	-0.182910
0.214320	-0.069507
0.214440	0.497530
0.214560	0.951160
0.214680	0.951160
0.214800	0.837750
0.214920	0.951160
0.215040	1.064600
0.215160	0.610940
0.215280	0.270710
0.215400	0.043900
0.215520	-0.069507
0.215640	-0.069507
0.215760	-0.182910
0.215880	-0.523140
0.216000	-0.523140
0.216120	-0.069507
0.216240	0.384120
0.216360	0.270710
0.216480	0.270710
0.216600	0.837750
0.216720	1.404800
0.216840	1.631600
0.216960	1.404800
0.217080	0.951160
0.217200	0.497530
0.217320	0.270710
0.217440	0.043900
0.217560	-0.069507
0.217680	-0.296320
0.217800	-0.523140
0.217920	-0.636540
0.218040	-0.523140
0.218160	-0.182910
0.218280	0.270710
0.218400	0.610940
0.218520	0.610940
0.218640	0.724340
0.218760	0.724340
0.218880	0.837750
0.219000	1.064600
0.219120	1.064600
0.219240	1.178000
0.219360	1.291400
0.219480	1.404800
0.219600	1.404800
0.219720	1.291400
0.219840	0.951160
0.219960	0.724340
0.220080	0.384120
0.220200	0.384120
0.220320	0.384120
0.220440	0.384120
0.220560	0.270710
0.220680	-0.069507
0.220800	-0.182910
0.220920	-0.182910
0.221040	-0.069507
0.221160	0.157310
0.221280	0.270710
0.221400	0.384120
0.221520	0.384120
0.221640	0.384120
0.221760	0.497530
0.221880	0.610940
0.222000	0.497530
0.222120	0.497530
0.222240	0.610940
0.222360	0.837750
0.222480	0.951160
0.222600	0.951160
0.222720	0.837750
0.222840	0.724340
0.222960	0.724340
0.223080	0.724340
0.223200	0.724340
0.223320	0.610940
0.223440	0.157310
0.223560	0.270710
0.223680	0.384120
0.223800	0.270710
0.223920	-0.069507
0.224040	-0.296320
0.224160	-0.182910
0.224280	-0.182910
0.224400	-0.296320
0.224520	-0.523140
0.224640	-0.749950
0.224760	-0.749950
0.224880	-0.523140
0.225000	-0.069507
0.225120	0.384120
0.225240	0.610940
0.225360	0.837750
0.225480	1.178000
0.225600	1.064600
0.225720	0.951160
0.225840	0.610940
0.225960	0.384120
0.226080	0.157310
0.226200	-0.069507
0.226320	-0.296320
0.226440	-0.409730
0.226560	-0.409730
0.226680	-0.296320
0.226800	-0.296320
0.226920	-0.182910
0.227040	0.157310
0.227160	0.610940
0.227280	0.724340
0.227400	0.724340
0.227520	0.610940
0.227640	0.724340
0.227760	1.064600
0.227880	1.291400
0.228000	1.291400
0.228120	1.064600
0.228240	0.724340
0.228360	0.497530
0.228480	0.157310
0.228600	-0.069507
0.228720	-0.296320
0.228840	-0.182910
0.228960	-0.182910
0.229080	-0.409730
0.229200	-0.523140
0.229320	-0.296320
0.229440	0.043900
0.229560	0.043900
0.229680	0.157310
0.229800	0.497530
0.229920	0.837750
0.230040	1.291400
0.230160	1.518200
0.230280	1.631600
0.230400	1.404800
0.230520	1.291400
0.230640	1.291400
0.230760	1.291400
0.230880	1.291400
0.231000	1.064600
0.231120	0.724340
0.231240	0.270710
0.231360	0.043900
0.231480	0.270710
0.231600	0.384120
0.231720	0.384120
0.231840	0.270710
0.231960	0.270710
0.232080	0.384120
0.232200	0.724340
0.232320	0.951160
0.232440	1.064600
0.232560	0.951160
0.232680	1.064600
0.232800	1.291400
0.232920	1.404800
0.233040	1.291400
0.233160	0.951160
0.233280	0.610940
0.233400	0.497530
0.233520	0.497530
0.233640	0.384120
0.233760	0.270710
0.233880	0.043900
0.234000	-0.069507
0.234120	-0.069507
0.234240	-0.069507
0.234360	0.157310
0.234480	0.384120
0.234600	0.384120
0.234720	0.384120
0.234840	0.610940
0.234960	0.837750
0.235080	0.837750
0.235200	0.724340
0.235320	0.610940
0.235440	0.497530
0.235560	0.497530
0.235680	0.610940
0.235800	0.951160
0.235920	0.951160
0.236040	0.724340
0.236160	0.384120
0.236280	0.384120
0.236400	0.497530
0.236520	0.497530
0.236640	0.384120
0.236760	0.157310
0.236880	0.157310
0.237000	0.384120
0.237120	0.497530
0.237240	0.610940
0.237360	0.497530
0.237480	0.497530
0.237600	0.497530
0.237720	0.497530
0.237840	0.384120
0.237960	0.270710
0.238080	0.270710
0.238200	0.384120
0.238320	0.610940
0.238440	0.610940
0.238560	0.724340
0.238680	0.951160
0.238800	1.178000
0.238920	1.064600
0.239040	0.951160
0.239160	1.178000
0.239280	1.178000
0.239400	0.951160
0.239520	0.951160
0.239640	1.064600
0.239760	0.837750
0.239880	0.610940
0.240000	0.270710
0.240120	0.270710
0.240240	0.270710
0.240360	0.043900
0.240480	-0.069507
0.240600	-0.069507
0.240720	-0.069507
0.240840	0.043900
0.240960	-0.069507
0.241080	-0.069507
0.241200	0.157310
0.241320	0.497530
0.241440	0.724340
0.241560	0.724340
0.241680	0.837750
0.241800	0.951160
0.241920	1.064600
0.242040	1.064600
0.242160	0.951160
0.242280	0.837750
0.242400	0.724340
0.242520	0.610940
0.242640	0.610940
0.242760	0.610940
0.242880	0.497530
0.243000	0.270710
0.243120	0.270710
0.243240	0.384120
0.243360	0.384120
0.243480	0.497530
0.243600	0.724340
0.243720	0.951160
0.243840	0.951160
0.243960	0.951160
0.244080	1.064600
0.244200	1.291400
0.244320	1.404800
0.244440	1.178000
0.244560	1.064600
0.244680	1.064600
0.244800	1.178000
0.244920	1.178000
0.245040	1.064600
0.245160	0.837750
0.245280	0.724340
0.245400	0.497530
0.245520	0.384120
0.245640	0.270710
0.245760	0.157310
0.245880	0.043900
0.246000	-0.069507
0.246120	-0.069507
0.246240	0.157310
0.246360	0.270710
0.246480	0.497530
0.246600	0.497530
0.246720	0.610940
0.246840	0.837750
0.246960	1.178000
0.247080	1.518200
0.247200	1.631600
0.247320	1.631600
0.247440	1.518200
0.247560	1.518200
0.247680	1.404800
0.247800	1.291400
0.247920	1.064600
0.248040	0.837750
0.248160	0.497530
0.248280	0.270710
0.248400	0.157310
0.248520	0.157310
0.248640	0.043900
0.248760	0.270710
0.248880	0.270710
0.249000	0.497530
0.249120	0.724340
0.249240	0.724340
0.249360	0.837750
0.249480	0.837750
0.249600	0.724340
0.249720	0.837750
0.249840	0.951160
0.249960	0.837750
0.250080	0.724340
0.250200	0.724340
0.250320	0.837750
0.250440	0.837750
0.250560	0.837750
0.250680	0.724340
0.250800	0.610940
0.250920	0.610940
0.251040	0.610940
0.251160	0.497530
0.251280	0.497530
0.251400	0.497530
0.251520	0.497530
0.251640	0.497530
0.251760	0.497530
0.251880	0.724340
0.252000	0.837750
0.252120	0.610940
0.252240	0.384120
0.252360	0.384120
0.252480	0.497530
0.252600	0.610940
0.252720	0.610940
0.252840	0.497530
0.252960	0.497530
0.253080	0.724340
0.253200	0.951160
0.253320	0.951160
0.253440	0.951160
0.253560	0.837750
0.253680	0.837750
0.253800	0.837750
0.253920	0.837750
0.254040	0.724340
0.254160	0.610940
0.254280	0.497530
0.254400	0.610940
0.254520	0.837750
0.254640	0.837750
0.254760	0.837750
0.254880	0.951160
0.255000	0.951160
0.255120	0.951160
0.255240	0.837750
0.255360	0.724340
0.255480	0.610940
0.255600	0.724340
0.255720	0.724340
0.255840	0.724340
0.255960	0.724340
0.256080	0.724340
0.256200	0.610940
0.256320	0.497530
0.256440	0.384120
0.256560	0.384120
0.256680	0.270710
0.256800	0.157310
0.256920	0.157310
0.257040	0.157310
0.257160	0.157310
0.257280	0.157310
0.257400	0.270710
0.257520	0.384120
0.257640	0.497530
0.257760	0.497530
0.257880	0.724340
0.258000	0.837750
0.258120	0.837750
0.258240	0.951160
0.258360	0.951160
0.258480	0.837750
0.258600	0.724340
0.258720	0.724340
0.258840	0.724340
0.258960	0.610940
0.259080	0.497530
0.259200	0.384120
0.259320	0.384120
0.259440	0.384120
0.259560	0.497530
0.259680	0.724340
0.259800	0.837750
0.259920	0.837750
0.260040	0.724340
0.260160	0.384120
0.260280	0.270710
0.260400	0.270710
0.260520	0.384120
0.260640	0.270710
0.260760	0.270710
0.260880	0.497530
0.261000	0.724340
0.261120	0.951160
0.261240	1.064600
0.261360	1.178000
0.261480	1.064600
0.261600	1.064600
0.261720	1.064600
0.261840	1.064600
0.261960	0.837750
0.262080	0.610940
0.262200	0.610940
0.262320	0.497530
0.262440	0.497530
0.262560	0.497530
0.262680	0.497530
0.262800	0.497530
0.262920	0.384120
0.263040	0.384120
0.263160	0.497530
0.263280	0.610940
0.263400	0.724340
0.263520	0.724340
0.263640	0.837750
0.263760	0.837750
0.263880	0.951160
0.264000	1.064600
0.264120	1.064600
0.264240	1.064600
0.264360	1.064600
0.264480	0.837750
0.264600	0.837750
0.264720	0.951160
0.264840	0.724340
0.264960	0.497530
0.265080	0.384120
0.265200	0.497530
0.265320	0.724340
0.265440	0.724340
0.265560	0.610940
0.265680	0.497530
0.265800	0.610940
0.265920	0.724340
0.266040	0.837750
0.266160	0.837750
0.266280	0.837750
0.266400	0.837750
0.266520	0.837750
0.266640	0.837750
0.266760	0.837750
0.266880	0.724340
0.267000	0.724340
0.267120	0.610940
0.267240	0.610940
0.267360	0.610940
0.267480	0.610940
0.267600	0.610940
0.267720	0.497530
0.267840	0.384120
0.267960	0.384120
0.268080	0.384120
0.268200	0.384120
0.268320	0.157310
0.268440	0.157310
0.268560	0.270710
0.268680	0.384120
0.268800	0.497530
0.268920	0.610940
0.269040	0.724340
0.269160	0.724340
0.269280	0.837750
0.269400	1.064600
0.269520	1.178000
0.269640	1.064600
0.269760	0.837750
0.269880	0.724340
0.270000	0.610940
0.270120	0.497530
0.270240	0.497530
0.270360	0.497530
0.270480	0.497530
0.270600	0.497530
0.270720	0.497530
0.270840	0.610940
0.270960	0.610940
0.271080	0.724340
0.271200	0.610940
0.271320	0.610940
0.271440	0.724340
0.271560	0.724340
0.271680	0.610940
0.271800	0.497530
0.271920	0.384120
0.272040	0.497530
0.272160	0.610940
0.272280	0.610940
0.272400	0.497530
0.272520	0.610940
0.272640	0.610940
0.272760	0.610940
0.272880	0.724340
0.273000	0.724340
0.273120	0.724340
0.273240	0.610940
0.273360	0.610940
0.273480	0.497530
0.273600	0.610940
0.273720	0.610940
0.273840	0.497530
0.273960	0.610940
0.274080	0.724340
0.274200	0.724340
0.274320	0.610940
0.274440	0.497530
0.274560	0.497530
0.274680	0.384120
0.274800	0.270710
0.274920	0.270710
0.275040	0.270710
0.275160	0.384120
0.275280	0.384120
0.275400	0.384120
0.275520	0.384120
0.275640	0.384120
0.275760	0.497530
0.275880	0.610940
0.276000	0.610940
0.276120	0.497530
0.276240	0.497530
0.276360	0.497530
0.276480	0.497530
0.276600	0.610940
0.276720	0.610940
0.276840	0.610940
0.276960	0.724340
0.277080	0.837750
0.277200	0.951160
0.277320	0.951160
0.277440	0.951160
0.277560	0.951160
0.277680	0.951160
0.277800	0.951160
0.277920	0.951160
0.278040	0.837750
0.278160	0.837750
0.278280	0.724340
0.278400	0.724340
0.278520	0.610940
0.278640	0.610940
0.278760	0.724340
0.278880	0.724340
0.279000	0.724340
0.279120	0.610940
0.279240	0.610940
0.279360	0.724340
0.279480	0.724340
0.279600	0.724340
0.279720	0.724340
0.279840	0.724340
0.279960	0.837750
0.280080	0.951160
0.280200	0.837750
0.280320	0.724340
0.280440	0.724340
0.280560	0.724340
0.280680	0.724340
0.280800	0.724340
0.280920	0.610940
0.281040	0.724340
0.281160	0.724340
0.281280	0.724340
0.281400	0.724340
0.281520	0.837750
0.281640	0.724340
0.281760	0.837750
0.281880	0.837750
0.282000	0.724340
0.282120	0.837750
0.282240	0.724340
0.282360	0.724340
0.282480	0.724340
0.282600	0.610940
0.282720	0.497530
0.282840	0.497530
0.282960	0.497530
0.283080	0.497530
0.283200	0.610940
0.283320	0.610940
0.283440	0.610940
0.283560	0.610940
0.283680	0.610940
0.283800	0.610940
0.283920	0.610940
0.284040	0.497530
0.284160	0.610940
0.284280	0.610940
0.284400	0.497530
0.284520	0.497530
0.284640	0.497530
0.284760	0.610940
0.284880	0.724340
0.285000	0.837750
0.285120	0.837750
0.285240	0.724340
0.285360	0.610940
0.285480	0.724340
0.285600	0.724340
0.285720	0.610940
0.285840	0.497530
0.285960	0.497530
0.286080	0.610940
0.286200	0.724340
0.286320	0.724340
0.286440	0.724340
0.286560	0.724340
0.286680	0.724340
0.286800	0.610940
0.286920	0.610940
0.287040	0.724340
0.287160	0.724340
0.287280	0.610940
0.287400	0.610940
0.287520	0.610940
0.287640	0.610940
0.287760	0.610940
0.287880	0.724340
0.288000	0.610940
0.288120	0.497530
0.288240	0.610940
0.288360	0.724340
0.288480	0.724340
0.288600	0.724340
0.288720	0.724340
0.288840	0.951160
0.288960	0.837750
0.289080	0.724340
0.289200	0.724340
0.289320	0.724340
0.289440	0.610940
0.289560	0.610940
0.289680	0.610940
0.289800	0.497530
0.289920	0.384120
0.290040	0.497530
0.290160	0.497530
0.290280	0.497530
0.290400	0.497530
0.290520	0.724340
0.290640	0.837750
0.290760	0.837750
0.290880	0.837750
0.291000	0.951160
0.291120	0.951160
0.291240	0.837750
0.291360	0.837750
0.291480	0.951160
0.291600	0.837750
0.291720	0.724340
0.291840	0.610940
0.291960	0.610940
0.292080	0.497530
0.292200	0.497530
0.292320	0.497530
0.292440	0.610940
0.292560	0.610940
0.292680	0.724340
0.292800	0.837750
0.292920	0.951160
0.293040	0.951160
0.293160	1.064600
0.293280	1.178000
0.293400	1.064600
0.293520	0.951160
0.293640	0.951160
0.293760	0.837750
0.293880	0.837750
0.294000	0.724340
0.294120	0.724340
0.294240	0.724340
0.294360	0.724340
0.294480	0.724340
0.294600	0.724340
0.294720	0.724340
0.294840	0.610940
0.294960	0.610940
0.295080	0.610940
0.295200	0.610940
0.295320	0.610940
0.295440	0.724340
0.295560	0.724340
0.295680	0.724340
0.295800	0.724340
0.295920	0.837750
0.296040	0.724340
0.296160	0.724340
0.296280	0.610940
0.296400	0.610940
0.296520	0.610940
0.296640	0.497530
0.296760	0.497530
0.296880	0.610940
0.297000	0.610940
0.297120	0.497530
0.297240	0.497530
0.297360	0.497530
0.297480	0.497530
0.297600	0.497530
0.297720	0.610940
0.297840	0.610940
0.297960	0.497530
0.298080	0.497530
0.298200	0.497530
0.298320	0.497530
0.298440	0.497530
0.298560	0.497530
0.298680	0.610940
0.298800	0.724340
0.298920	0.724340
0.299040	0.610940
0.299160	0.610940
0.299280	0.610940
0.299400	0.610940
0.299520	0.610940
0.299640	0.610940
0.299760	0.610940
0.299880	0.497530
0.300000	0.497530
0.300120	0.497530
0.300240	0.497530
0.300360	0.497530
0.300480	0.610940
0.300600	0.610940
0.300720	0.610940
0.300840	0.610940
0.300960	0.724340
0.301080	0.837750
0.301200	0.837750
0.301320	0.837750
0.301440	0.837750
0.301560	0.837750
0.301680	0.951160
0.301800	0.837750
0.301920	0.837750
0.302040	0.724340
0.302160	0.724340
0.302280	0.724340
0.302400	0.724340
0.302520	0.610940
0.302640	0.610940
0.302760	0.610940
0.302880	0.610940
0.303000	0.610940
0.303120	0.724340
0.303240	0.610940
0.303360	0.724340
0.303480	0.837750
0.303600	0.837750
0.303720	0.837750
0.303840	0.951160
0.303960	0.837750
0.304080	0.837750
0.304200	0.837750
0.304320	0.724340
0.304440	0.724340
0.304560	0.724340
0.304680	0.724340
0.304800	0.724340
0.304920	0.724340
0.305040	0.724340
0.305160	0.724340
0.305280	0.724340
0.305400	0.610940
0.305520	0.610940
0.305640	0.610940
0.305760	0.610940
0.305880	0.610940
0.306000	0.724340
0.306120	0.724340
0.306240	0.724340
0.306360	0.724340
0.306480	0.724340
0.306600	0.837750
0.306720	0.837750
0.306840	0.837750
0.306960	0.837750
0.307080	0.837750
0.307200	0.724340
0.307320	0.724340
0.307440	0.724340
0.307560	0.724340
0.307680	0.610940
0.307800	0.610940
0.307920	0.610940
0.308040	0.610940
0.308160	0.610940
0.308280	0.610940
0.308400	0.610940
0.308520	0.724340
0.308640	0.724340
0.308760	0.724340
0.308880	0.724340
0.309000	0.724340
0.309120	0.724340
0.309240	0.724340
0.309360	0.724340
0.309480	0.724340
0.309600	0.724340
0.309720	0.610940
0.309840	0.610940
0.309960	0.610940
0.310080	0.610940
0.310200	0.610940
0.310320	0.610940
0.310440	0.610940
0.310560	0.610940
0.310680	0.610940
0.310800	0.610940
0.310920	0.724340
0.311040	0.724340
0.311160	0.724340
0.311280	0.724340
0.311400	0.724340
0.311520	0.724340
0.311640	0.724340
0.311760	0.724340
0.311880	0.724340
0.312000	0.724340
0.312120	0.724340
0.312240	0.724340
0.312360	0.724340
0.312480	0.724340
0.312600	0.610940
0.312720	0.610940
0.312840	0.610940
0.312960	0.610940
0.313080	0.610940
0.313200	0.610940
0.313320	0.610940
0.313440	0.724340
0.313560	0.610940
0.313680	0.724340
0.313800	0.724340
0.313920	0.724340
0.314040	0.724340
0.314160	0.724340
0.314280	0.724340
0.314400	0.724340
0.314520	0.724340
0.314640	0.724340
0.314760	0.724340
0.314880	0.610940
0.315000	0.610940
0.315120	0.610940
0.315240	0.610940
0.315360	0.610940
0.315480	0.497530
0.315600	0.497530
0.315720	0.497530
0.315840	0.610940
0.315960	0.610940
0.316080	0.610940
0.316200	0.610940
0.316320	0.610940
0.316440	0.610940
0.316560	0.724340
0.316680	0.724340
0.316800	0.837750
0.316920	0.837750
0.317040	0.837750
0.317160	0.724340
0.317280	0.724340
0.317400	0.724340
0.317520	0.610940
0.317640	0.610940
0.317760	0.610940
0.317880	0.610940
0.318000	0.610940
0.318120	0.497530
0.318240	0.497530
0.318360	0.497530
0.318480	0.497530
0.318600	0.497530
0.318720	0.497530
0.318840	0.610940
0.318960	0.610940
0.319080	0.610940
0.319200	0.610940
0.319320	0.610940
0.319440	0.724340
0.319560	0.724340
0.319680	0.724340
0.319800	0.724340
0.319920	0.610940
0.320040	0.724340
0.320160	0.724340
0.320280	0.724340
0.320400	0.724340
0.320520	0.610940
0.320640	0.610940
0.320760	0.610940
0.320880	0.497530
0.321000	0.497530
0.321120	0.497530
0.321240	0.497530
0.321360	0.497530
0.321480	0.497530
0.321600	0.497530
0.321720	0.497530
0.321840	0.610940
0.321960	0.497530
0.322080	0.497530
0.322200	0.497530
0.322320	0.497530
0.322440	0.497530
0.322560	0.384120
0.322680	0.384120
0.322800	0.384120
0.322920	0.497530
0.323040	0.497530
0.323160	0.497530
0.323280	0.497530
0.323400	0.497530
0.323520	0.610940
0.323640	0.610940
0.323760	0.610940
0.323880	0.610940
0.324000	0.610940
0.324120	0.724340
0.324240	0.610940
0.324360	0.610940
0.324480	0.610940
0.324600	0.610940
0.324720	0.497530
0.324840	0.497530
0.324960	0.497530
0.325080	0.610940
0.325200	0.610940
0.325320	0.610940
0.325440	0.497530
0.325560	0.497530
0.325680	0.497530
0.325800	0.497530
0.325920	0.497530
0.326040	0.497530
0.326160	0.497530
0.326280	0.497530
0.326400	0.610940
0.326520	0.610940
0.326640	0.610940
0.326760	0.610940
0.326880	0.610940
0.327000	0.497530
0.327120	0.497530
0.327240	0.497530
0.327360	0.497530
0.327480	0.384120
0.327600	0.384120
0.327720	0.270710
0.327840	0.384120
0.327960	0.384120
0.328080	0.497530
0.328200	0.497530
0.328320	0.497530
0.328440	0.497530
0.328560	0.497530
0.328680	0.610940
0.328800	0.610940
0.328920	0.610940
0.329040	0.610940
0.329160	0.610940
0.329280	0.724340
0.329400	0.610940
0.329520	0.610940
0.329640	0.610940
0.329760	0.610940
0.329880	0.610940
0.330000	0.610940
0.330120	0.497530
0.330240	0.497530
0.330360	0.384120
0.330480	0.384120
0.330600	0.384120
0.330720	0.384120
0.330840	0.384120
0.330960	0.384120
0.331080	0.384120
0.331200	0.384120
0.331320	0.384120
0.331440	0.384120
0.331560	0.384120
0.331680	0.497530
0.331800	0.497530
0.331920	0.497530
0.332040	0.497530
0.332160	0.497530
0.332280	0.497530
0.332400	0.497530
0.332520	0.497530
0.332640	0.497530
0.332760	0.497530
0.332880	0.497530
0.333000	0.497530
0.333120	0.497530
0.333240	0.497530
0.333360	0.497530
0.333480	0.497530
0.333600	0.497530
0.333720	0.384120
0.333840	0.384120
0.333960	0.384120
0.334080	0.384120
0.334200	0.384120
0.334320	0.384120
0.334440	0.384120
0.334560	0.384120
0.334680	0.384120
0.334800	0.497530
0.334920	0.497530
0.335040	0.497530
0.335160	0.497530
0.335280	0.497530
0.335400	0.497530
0.335520	0.497530
0.335640	0.497530
0.335760	0.497530
0.335880	0.497530
0.336000	0.497530
0.336120	0.384120
0.336240	0.497530
0.336360	0.497530
0.336480	0.497530
0.336600	0.497530
0.336720	0.497530
0.336840	0.610940
0.336960	0.610940
0.337080	0.610940
0.337200	0.610940
0.337320	0.497530
0.337440	0.610940
0.337560	0.610940
0.337680	0.724340
0.337800	0.610940
0.337920	0.610940
0.338040	0.610940
0.338160	0.610940
0.338280	0.610940
0.338400	0.610940
0.338520	0.610940
0.338640	0.497530
0.338760	0.497530
0.338880	0.610940
0.339000	0.610940
0.339120	0.497530
0.339240	0.497530
0.339360	0.384120
0.339480	0.384120
0.339600	0.497530
0.339720	0.497530
0.339840	0.497530
0.339960	0.497530
0.340080	0.497530
0.340200	0.497530
0.340320	0.497530
0.340440	0.497530
0.340560	0.497530
0.340680	0.497530
0.340800	0.497530
0.340920	0.497530
0.341040	0.497530
0.341160	0.497530
0.341280	0.497530
0.341400	0.610940
0.341520	0.610940
0.341640	0.610940
0.341760	0.610940
0.341880	0.610940
0.342000	0.497530
0.342120	0.610940
0.342240	0.610940
0.342360	0.497530
0.342480	0.497530
0.342600	0.497530
0.342720	0.384120
0.342840	0.270710
0.342960	0.270710
0.343080	0.270710
0.343200	0.384120
0.343320	0.270710
0.343440	0.270710
0.343560	0.384120
0.343680	0.384120
0.343800	0.497530
0.343920	0.497530
0.344040	0.497530
0.344160	0.610940
0.344280	0.497530
0.344400	0.610940
0.344520	0.610940
0.344640	0.610940
0.344760	0.610940
0.344880	0.610940
0.345000	0.610940
0.345120	0.497530
0.345240	0.497530
0.345360	0.497530
0.345480	0.497530
0.345600	0.497530
0.345720	0.497530
0.345840	0.497530
0.345960	0.497530
0.346080	0.384120
0.346200	0.384120
0.346320	0.384120
0.346440	0.497530
0.346560	0.610940
0.346680	0.610940
0.346800	0.610940
0.346920	0.610940
0.347040	0.610940
0.347160	0.610940
0.347280	0.610940
0.347400	0.610940
0.347520	0.610940
0.347640	0.610940
0.347760	0.497530
0.347880	0.610940
0.348000	0.610940
0.348120	0.497530
0.348240	0.610940
0.348360	0.497530
0.348480	0.497530
0.348600	0.497530
0.348720	0.497530
0.348840	0.497530
0.348960	0.497530
0.349080	0.497530
0.349200	0.497530
0.349320	0.497530
0.349440	0.610940
0.349560	0.497530
0.349680	0.497530
0.349800	0.497530
0.349920	0.497530
0.350040	0.497530
0.350160	0.384120
0.350280	0.497530
0.350400	0.384120
0.350520	0.384120
0.350640	0.384120
0.350760	0.384120
0.350880	0.384120
0.351000	0.497530
0.351120	0.497530
0.351240	0.497530
0.351360	0.497530
0.351480	0.497530
0.351600	0.497530
0.351720	0.497530
0.351840	0.497530
0.351960	0.497530
0.352080	0.497530
0.352200	0.610940
0.352320	0.497530
0.352440	0.497530
0.352560	0.497530
0.352680	0.610940
0.352800	0.497530
0.352920	0.497530
0.353040	0.384120
0.353160	0.497530
0.353280	0.384120
0.353400	0.384120
0.353520	0.384120
0.353640	0.384120
0.353760	0.384120
0.353880	0.384120
0.354000	0.384120
0.354120	0.270710
0.354240	0.270710
0.354360	0.270710
0.354480	0.384120
0.354600	0.384120
0.354720	0.384120
0.354840	0.384120
0.354960	0.384120
0.355080	0.384120
0.355200	0.384120
0.355320	0.384120
0.355440	0.384120
0.355560	0.384120
0.355680	0.384120
0.355800	0.384120
0.355920	0.497530
0.356040	0.497530
0.356160	0.497530
0.356280	0.384120
0.356400	0.384120
0.356520	0.384120
0.356640	0.384120
0.356760	0.270710
0.356880	0.270710
0.357000	0.270710
0.357120	0.270710
0.357240	0.270710
0.357360	0.270710
0.357480	0.270710
0.357600	0.270710
0.357720	0.270710
0.357840	0.270710
0.357960	0.384120
0.358080	0.384120
0.358200	0.384120
0.358320	0.384120
0.358440	0.384120
0.358560	0.384120
0.358680	0.384120
0.358800	0.384120
0.358920	0.270710
0.359040	0.270710
0.359160	0.270710
0.359280	0.270710
0.359400	0.270710
0.359520	0.270710
0.359640	0.157310
0.359760	0.270710
0.359880	0.270710
0.360000	0.270710
0.360120	0.384120
0.360240	0.384120
0.360360	0.384120
0.360480	0.384120
0.360600	0.384120
0.360720	0.384120
0.360840	0.384120
0.360960	0.384120
0.361080	0.384120
0.361200	0.384120
0.361320	0.384120
0.361440	0.384120
0.361560	0.384120
0.361680	0.270710
0.361800	0.270710
0.361920	0.384120
0.362040	0.384120
0.362160	0.384120
0.362280	0.270710
0.362400	0.384120
0.362520	0.384120
0.362640	0.384120
0.362760	0.384120
0.362880	0.384120
0.363000	0.384120
0.363120	0.384120
0.363240	0.497530
0.363360	0.384120
0.363480	0.384120
0.363600	0.384120
0.363720	0.384120
0.363840	0.384120
0.363960	0.384120
0.364080	0.384120
0.364200	0.384120
0.364320	0.270710
0.364440	0.270710
0.364560	0.270710
0.364680	0.270710
0.364800	0.157310
0.364920	0.270710
0.365040	0.157310
0.365160	0.270710
0.365280	0.270710
0.365400	0.270710
0.365520	0.270710
0.365640	0.270710
0.365760	0.384120
0.365880	0.384120
0.366000	0.384120
0.366120	0.384120
0.366240	0.384120
0.366360	0.384120
0.366480	0.384120
0.366600	0.384120
0.366720	0.384120
0.366840	0.384120
0.366960	0.384120
0.367080	0.384120
0.367200	0.384120
0.367320	0.384120
0.367440	0.270710
0.367560	0.270710
0.367680	0.270710
0.367800	0.270710
0.367920	0.270710
0.368040	0.270710
0.368160	0.270710
0.368280	0.270710
0.368400	0.270710
0.368520	0.384120
0.368640	0.384120
0.368760	0.270710
0.368880	0.270710
0.369000	0.270710
0.369120	0.270710
0.369240	0.270710
0.369360	0.270710
0.369480	0.384120
0.369600	0.384120
0.369720	0.384120
0.369840	0.384120
0.369960	0.384120
0.370080	0.384120
0.370200	0.384120
0.370320	0.384120
0.370440	0.384120
0.370560	0.270710
0.370680	0.270710
0.370800	0.270710
0.370920	0.270710
0.371040	0.270710
0.371160	0.270710
0.371280	0.384120
0.371400	0.384120
0.371520	0.270710
0.371640	0.384120
0.371760	0.384120
0.371880	0.270710
0.372000	0.384120
0.372120	0.384120
0.372240	0.384120
0.372360	0.384120
0.372480	0.384120
0.372600	0.384120
0.372720	0.384120
0.372840	0.384120
0.372960	0.270710
0.373080	0.270710
0.373200	0.384120
0.373320	0.384120
0.373440	0.384120
0.373560	0.384120
0.373680	0.270710
0.373800	0.270710
0.373920	0.270710
0.374040	0.270710
0.374160	0.270710
0.374280	0.270710
0.374400	0.270710
0.374520	0.270710
0.374640	0.270710
0.374760	0.384120
0.374880	0.384120
0.375000	0.384120
0.375120	0.384120
0.375240	0.384120
0.375360	0.384120
0.375480	0.384120
0.375600	0.384120
0.375720	0.384120
0.375840	0.384120
0.375960	0.384120
0.376080	0.384120
0.376200	0.384120
0.376320	0.270710
0.376440	0.384120
0.376560	0.384120
0.376680	0.384120
0.376800	0.497530
0.376920	0.384120
0.377040	0.384120
0.377160	0.384120
0.377280	0.384120
0.377400	0.497530
0.377520	0.497530
0.377640	0.497530
0.377760	0.497530
0.377880	0.497530
0.378000	0.497530
0.378120	0.497530
0.378240	0.384120
0.378360	0.384120
0.378480	0.384120
0.378600	0.497530
0.378720	0.384120
0.378840	0.384120
0.378960	0.384120
0.379080	0.384120
0.379200	0.384120
0.379320	0.384120
0.379440	0.384120
0.379560	0.384120
0.379680	0.384120
0.379800	0.270710
0.379920	0.270710
0.380040	0.270710
0.380160	0.384120
0.380280	0.384120
0.380400	0.270710
0.380520	0.157310
0.380640	0.157310
0.380760	0.270710
0.380880	0.270710
0.381000	0.270710
0.381120	0.270710
0.381240	0.270710
0.381360	0.270710
0.381480	0.270710
0.381600	0.270710
0.381720	0.270710
0.381840	0.270710
0.381960	0.270710
0.382080	0.384120
0.382200	0.384120
0.382320	0.270710
0.382440	0.270710
0.382560	0.157310
0.382680	0.270710
0.382800	0.270710
0.382920	0.157310
0.383040	0.157310
0.383160	0.157310
0.383280	0.157310
0.383400	0.157310
0.383520	0.157310
0.383640	0.157310
0.383760	0.157310
0.383880	0.157310
0.384000	0.270710
0.384120	0.270710
0.384240	0.270710
0.384360	0.270710
0.384480	0.157310
0.384600	0.270710
0.384720	0.270710
0.384840	0.157310
0.384960	0.157310
0.385080	0.157310
0.385200	0.157310
0.385320	0.157310
0.385440	0.157310
0.385560	0.157310
0.385680	0.157310
0.385800	0.270710
0.385920	0.270710
0.386040	0.270710
0.386160	0.270710
0.386280	0.384120
0.386400	0.270710
0.386520	0.384120
0.386640	0.384120
0.386760	0.270710
0.386880	0.270710
0.387000	0.270710
0.387120	0.270710
0.387240	0.270710
0.387360	0.270710
0.387480	0.270710
0.387600	0.157310
0.387720	0.270710
0.387840	0.157310
0.387960	0.270710
0.388080	0.157310
0.388200	0.270710
0.388320	0.270710
0.388440	0.270710
0.388560	0.270710
0.388680	0.157310
0.388800	0.270710
0.388920	0.157310
0.389040	0.270710
0.389160	0.270710
0.389280	0.270710
0.389400	0.270710
0.389520	0.270710
0.389640	0.270710
0.389760	0.270710
0.389880	0.157310
0.390000	0.270710
0.390120	0.270710
0.390240	0.270710
0.390360	0.157310
0.390480	0.157310
0.390600	0.157310
0.390720	0.270710
0.390840	0.270710
0.390960	0.270710
0.391080	0.157310
0.391200	0.157310
0.391320	0.270710
0.391440	0.157310
0.391560	0.270710
0.391680	0.270710
0.391800	0.270710
0.391920	0.157310
0.392040	0.157310
0.392160	0.157310
0.392280	0.157310
0.392400	0.157310
0.392520	0.270710
0.392640	0.270710
0.392760	0.270710
0.392880	0.270710
0.393000	0.270710
0.393120	0.270710
0.393240	0.270710
0.393360	0.270710
0.393480	0.270710
0.393600	0.384120
0.393720	0.270710
0.393840	0.270710
0.393960	0.270710
0.394080	0.270710
0.394200	0.270710
0.394320	0.270710
0.394440	0.270710
0.394560	0.157310
0.394680	0.157310
0.394800	0.157310
0.394920	0.157310
0.395040	0.157310
0.395160	0.157310
0.395280	0.157310
0.395400	0.157310
0.395520	0.157310
0.395640	0.157310
0.395760	0.270710
0.395880	0.157310
0.396000	0.157310
0.396120	0.157310
0.396240	0.270710
0.396360	0.157310
0.396480	0.157310
0.396600	0.270710
0.396720	0.270710
0.396840	0.270710
0.396960	0.270710
0.397080	0.157310
0.397200	0.270710
0.397320	0.157310
0.397440	0.157310
0.397560	0.270710
0.397680	0.157310
0.397800	0.157310
0.397920	0.157310
0.398040	0.270710
0.398160	0.270710
0.398280	0.270710
0.398400	0.270710
0.398520	0.270710
0.398640	0.270710
0.398760	0.270710
0.398880	0.270710
0.399000	0.384120
0.399120	0.384120
0.399240	0.384120
0.399360	0.384120
0.399480	0.384120
0.399600	0.270710
0.399720	0.270710
0.399840	0.157310
0.399960	0.043900
0.400080	0.157310
0.400200	0.270710
0.400320	0.384120
0.400440	0.384120
0.400560	0.270710
0.400680	0.270710
0.400800	0.384120
0.400920	0.384120
0.401040	0.270710
0.401160	0.157310
0.401280	0.157310
0.401400	0.157310
0.401520	0.270710
0.401640	0.270710
0.401760	0.270710
0.401880	0.270710
0.402000	0.384120
0.402120	0.497530
0.402240	0.384120
0.402360	0.270710
0.402480	0.157310
0.402600	0.270710
0.402720	0.384120
0.402840	0.384120
0.402960	0.270710
0.403080	0.270710
0.403200	0.384120
0.403320	0.270710
0.403440	0.270710
0.403560	0.270710
0.403680	0.270710
0.403800	0.157310
0.403920	0.157310
0.404040	0.270710
0.404160	0.270710
0.404280	0.270710
0.404400	0.270710
0.404520	0.270710
0.404640	0.270710
0.404760	0.384120
0.404880	0.270710
0.405000	0.384120
0.405120	0.610940
0.405240	0.384120
0.405360	0.043900
0.405480	0.043900
0.405600	0.270710
0.405720	0.270710
0.405840	0.043900
0.405960	0.157310
0.406080	0.270710
0.406200	0.270710
0.406320	0.384120
0.406440	0.497530
0.406560	0.497530
0.406680	0.384120
0.406800	0.497530
0.406920	0.610940
0.407040	0.724340
0.407160	0.497530
0.407280	0.270710
0.407400	0.270710
0.407520	0.157310
0.407640	0.270710
0.407760	0.270710
0.407880	0.384120
0.408000	0.384120
0.408120	0.497530
0.408240	0.497530
0.408360	0.384120
0.408480	0.384120
0.408600	0.384120
0.408720	0.384120
0.408840	0.384120
0.408960	0.497530
0.409080	0.384120
0.409200	0.384120
0.409320	0.270710
0.409440	0.384120
0.409560	0.270710
0.409680	0.157310
0.409800	0.270710
0.409920	0.384120
0.410040	0.270710
0.410160	0.270710
0.410280	0.270710
0.410400	0.270710
0.410520	0.384120
0.410640	0.384120
0.410760	0.384120
0.410880	0.270710
0.411000	0.270710
0.411120	0.270710
0.411240	0.384120
0.411360	0.157310
0.411480	0.157310
0.411600	0.270710
0.411720	0.384120
0.411840	0.270710
0.411960	0.270710
0.412080	0.270710
0.412200	0.157310
0.412320	0.270710
0.412440	0.384120
0.412560	0.384120
0.412680	0.384120
0.412800	0.270710
0.412920	0.384120
0.413040	0.497530
0.413160	0.497530
0.413280	0.384120
0.413400	0.384120
0.413520	0.384120
0.413640	0.157310
0.413760	0.157310
0.413880	0.384120
0.414000	0.497530
0.414120	0.384120
0.414240	0.157310
0.414360	0.270710
0.414480	0.610940
0.414600	0.610940
0.414720	0.384120
0.414840	0.270710
0.414960	0.157310
0.415080	0.270710
0.415200	0.270710
0.415320	0.157310
0.415440	0.157310
0.415560	0.157310
0.415680	0.270710
0.415800	0.384120
0.415920	0.384120
0.416040	0.497530
0.416160	0.610940
0.416280	0.610940
0.416400	0.497530
0.416520	0.270710
0.416640	0.157310
0.416760	0.270710
0.416880	0.270710
0.417000	0.270710
0.417120	0.270710
0.417240	0.270710
0.417360	0.384120
0.417480	0.270710
0.417600	0.270710
0.417720	0.384120
0.417840	0.497530
0.417960	0.497530
0.418080	0.384120
0.418200	0.270710
0.418320	0.270710
0.418440	0.384120
0.418560	0.384120
0.418680	0.384120
0.418800	0.384120
0.418920	0.384120
0.419040	0.384120
0.419160	0.384120
0.419280	0.497530
0.419400	0.610940
0.419520	0.497530
0.419640	0.497530
0.419760	0.384120
0.419880	0.384120
0.420000	0.384120
0.420120	0.270710
0.420240	0.157310
0.420360	0.157310
0.420480	0.270710
0.420600	0.384120
0.420720	0.497530
0.420840	0.497530
0.420960	0.384120
0.421080	0.270710
0.421200	0.384120
0.421320	0.384120
0.421440	0.384120
0.421560	0.270710
0.421680	0.270710
0.421800	0.157310
0.421920	0.043900
0.422040	0.157310
0.422160	0.270710
0.422280	0.270710
0.422400	0.270710
0.422520	0.157310
0.422640	0.270710
0.422760	0.384120
0.422880	0.384120
0.423000	0.384120
0.423120	0.384120
0.423240	0.384120
0.423360	0.270710
0.423480	0.270710
0.423600	0.270710
0.423720	0.270710
0.423840	0.384120
0.423960	0.384120
0.424080	0.384120
0.424200	0.270710
0.424320	0.270710
0.424440	0.157310
0.424560	0.157310
0.424680	0.157310
0.424800	0.270710
0.424920	0.384120
0.425040	0.384120
0.425160	0.384120
0.425280	0.384120
0.425400	0.384120
0.425520	0.384120
0.425640	0.497530
0.425760	0.384120
0.425880	0.270710
0.426000	0.157310
0.426120	0.270710
0.426240	0.270710
0.426360	0.384120
0.426480	0.384120
0.426600	0.384120
0.426720	0.384120
0.426840	0.384120
0.426960	0.384120
0.427080	0.497530
0.427200	0.497530
0.427320	0.497530
