-0.022440	0.169360
-0.022320	0.169360
-0.022200	0.169360
-0.022080	0.169360
-0.021960	0.169360
-0.021840	-20.832001
-0.021720	0.169360
-0.021600	0.169360
-0.021480	0.169360
-0.021360	0.169360
-0.021240	0.169360
-0.021120	0.169360
-0.021000	0.169360
-0.020880	0.169360
-0.020760	0.169360
-0.020640	0.169360
-0.020520	0.169360
-0.020400	0.169360
-0.020280	0.169360
-0.020160	0.169360
-0.020040	0.169360
-0.019920	0.169360
-0.019800	-10.331000
-0.019680	0.169360
-0.019560	0.169360
-0.019440	0.169360
-0.019320	0.169360
-0.019200	0.169360
-0.019080	0.169360
-0.018960	0.169360
-0.018840	0.169360
-0.018720	0.169360
-0.018600	0.169360
-0.018480	0.169360
-0.018360	0.169360
-0.018240	0.169360
-0.018120	0.169360
-0.018000	0.169360
-0.017880	0.169360
-0.017760	0.169360
-0.017640	10.670000
-0.017520	0.169360
-0.017400	0.169360
-0.017280	0.169360
-0.017160	0.169360
-0.017040	10.670000
-0.016920	-10.331000
-0.016800	0.169360
-0.016680	0.169360
-0.016560	0.169360
-0.016440	0.169360
-0.016320	-10.331000
-0.016200	0.169360
-0.016080	0.169360
-0.015960	10.670000
-0.015840	10.670000
-0.015720	0.169360
-0.015600	0.169360
-0.015480	0.169360
-0.015360	0.169360
-0.015240	0.169360
-0.015120	0.169360
-0.015000	0.169360
-0.014880	0.169360
-0.014760	0.169360
-0.014640	10.670000
-0.014520	0.169360
-0.014400	0.169360
-0.014280	0.169360
-0.014160	-10.331000
-0.014040	0.169360
-0.013920	-10.331000
-0.013800	0.169360
-0.013680	10.670000
-0.013560	0.169360
-0.013440	0.169360
-0.013320	0.169360
-0.013200	0.169360
-0.013080	0.169360
-0.012960	0.169360
-0.012840	0.169360
-0.012720	0.169360
-0.012600	-10.331000
-0.012480	0.169360
-0.012360	0.169360
-0.012240	0.169360
-0.012120	0.169360
-0.012000	0.169360
-0.011880	0.169360
-0.011760	0.169360
-0.011640	0.169360
-0.011520	0.169360
-0.011400	0.169360
-0.011280	0.169360
-0.011160	0.169360
-0.011040	-10.331000
-0.010920	0.169360
-0.010800	-10.331000
-0.010680	0.169360
-0.010560	0.169360
-0.010440	10.670000
-0.010320	10.670000
-0.010200	0.169360
-0.010080	0.169360
-0.009960	0.169360
-0.009840	-10.331000
-0.009720	0.169360
-0.009600	0.169360
-0.009480	0.169360
-0.009360	0.169360
-0.009240	0.169360
-0.009120	0.169360
-0.009000	0.169360
-0.008880	-10.331000
-0.008760	-10.331000
-0.008640	-10.331000
-0.008520	-10.331000
-0.008400	-10.331000
-0.008280	-10.331000
-0.008160	-10.331000
-0.008040	-10.331000
-0.007920	-10.331000
-0.007800	-10.331000
-0.007680	-10.331000
-0.007560	0.169360
-0.007440	-10.331000
-0.007320	0.169360
-0.007200	-10.331000
-0.007080	-10.331000
-0.006960	-10.331000
-0.006840	-10.331000
-0.006720	-10.331000
-0.006600	-10.331000
-0.006480	-10.331000
-0.006360	-10.331000
-0.006240	-10.331000
-0.006120	-10.331000
-0.006000	-10.331000
-0.005880	-10.331000
-0.005760	-10.331000
-0.005640	-10.331000
-0.005520	-10.331000
-0.005400	0.169360
-0.005280	10.670000
-0.005160	-20.832001
-0.005040	-20.832001
-0.004920	-20.832001
-0.004800	-10.331000
-0.004680	-10.331000
-0.004560	-10.331000
-0.004440	-10.331000
-0.004320	-20.832001
-0.004200	0.169360
-0.004080	-10.331000
-0.003960	-10.331000
-0.003840	-10.331000
-0.003720	-10.331000
-0.003600	-10.331000
-0.003480	-10.331000
-0.003360	-10.331000
-0.003240	-10.331000
-0.003120	-10.331000
-0.003000	-10.331000
-0.002880	-10.331000
-0.002760	-10.331000
-0.002640	0.169360
-0.002520	-10.331000
-0.002400	-41.833000
-0.002280	-41.833000
-0.002160	-20.832001
-0.002040	-10.331000
-0.001920	10.670000
-0.001800	-10.331000
-0.001680	-10.331000
-0.001560	0.169360
-0.001440	-10.331000
-0.001320	0.169360
-0.001200	10.670000
-0.001080	-10.331000
-0.000960	0.169360
-0.000840	0.169360
-0.000720	0.169360
-0.000600	0.169360
-0.000480	0.169360
-0.000360	-10.331000
-0.000240	-10.331000
-0.000120	-10.331000
0.000000	-10.331000
0.000120	0.169360
0.000240	0.169360
0.000360	-10.331000
0.000480	0.169360
0.000600	-10.331000
0.000720	0.169360
0.000840	-10.331000
0.000960	-10.331000
0.001080	0.169360
0.001200	0.169360
0.001320	0.169360
0.001440	0.169360
0.001560	0.169360
0.001680	0.169360
0.001800	21.170000
0.001920	10.670000
0.002040	0.169360
0.002160	-10.331000
0.002280	0.169360
0.002400	-10.331000
0.002520	0.169360
0.002640	0.169360
0.002760	0.169360
0.002880	0.169360
0.003000	0.169360
0.003120	0.169360
0.003240	0.169360
0.003360	0.169360
0.003480	0.169360
0.003600	10.670000
0.003720	0.169360
0.003840	0.169360
0.003960	0.169360
0.004080	10.670000
0.004200	10.670000
0.004320	0.169360
0.004440	0.169360
0.004560	10.670000
0.004680	0.169360
0.004800	10.670000
0.004920	0.169360
0.005040	-10.331000
0.005160	-10.331000
0.005280	-10.331000
0.005400	10.670000
0.005520	0.169360
0.005640	0.169360
0.005760	-20.832001
0.005880	-10.331000
0.006000	0.169360
0.006120	-20.832001
0.006240	-10.331000
0.006360	0.169360
0.006480	10.670000
0.006600	10.670000
0.006720	0.169360
0.006840	0.169360
0.006960	0.169360
0.007080	0.169360
0.007200	0.169360
0.007320	0.169360
0.007440	10.670000
0.007560	0.169360
0.007680	0.169360
0.007800	0.169360
0.007920	10.670000
0.008040	10.670000
0.008160	0.169360
0.008280	10.670000
0.008400	0.169360
0.008520	0.169360
0.008640	0.169360
0.008760	0.169360
0.008880	0.169360
0.009000	0.169360
0.009120	0.169360
0.009240	0.169360
0.009360	0.169360
0.009480	0.169360
0.009600	0.169360
0.009720	0.169360
0.009840	0.169360
0.009960	0.169360
0.010080	0.169360
0.010200	0.169360
0.010320	0.169360
0.010440	0.169360
0.010560	0.169360
0.010680	-10.331000
0.010800	0.169360
0.010920	-10.331000
0.011040	0.169360
0.011160	0.169360
0.011280	0.169360
0.011400	0.169360
0.011520	0.169360
0.011640	0.169360
0.011760	-10.331000
0.011880	-10.331000
0.012000	0.169360
0.012120	-10.331000
0.012240	0.169360
0.012360	-10.331000
0.012480	-10.331000
0.012600	-20.832001
0.012720	-10.331000
0.012840	-31.332001
0.012960	-10.331000
0.013080	-10.331000
0.013200	-10.331000
0.013320	0.169360
0.013440	-10.331000
0.013560	-10.331000
0.013680	-20.832001
0.013800	0.169360
0.013920	0.169360
0.014040	-20.832001
0.014160	-20.832001
0.014280	-10.331000
0.014400	-10.331000
0.014520	-20.832001
0.014640	-10.331000
0.014760	-20.832001
0.014880	-20.832001
0.015000	-20.832001
0.015120	-10.331000
0.015240	-20.832001
0.015360	-20.832001
0.015480	-20.832001
0.015600	-10.331000
0.015720	-20.832001
0.015840	-20.832001
0.015960	-20.832001
0.016080	-20.832001
0.016200	-10.331000
0.016320	-20.832001
0.016440	-10.331000
0.016560	-20.832001
0.016680	-20.832001
0.016800	-20.832001
0.016920	-20.832001
0.017040	-20.832001
0.017160	-20.832001
0.017280	-10.331000
0.017400	-20.832001
0.017520	-20.832001
0.017640	-20.832001
0.017760	-20.832001
0.017880	-20.832001
0.018000	-10.331000
0.018120	-10.331000
0.018240	-10.331000
0.018360	-20.832001
0.018480	-20.832001
0.018600	-10.331000
0.018720	-20.832001
0.018840	-20.832001
0.018960	-20.832001
0.019080	-20.832001
0.019200	-20.832001
0.019320	-20.832001
0.019440	-10.331000
0.019560	-20.832001
0.019680	-20.832001
0.019800	-20.832001
0.019920	-41.833000
0.020040	-20.832001
0.020160	-20.832001
0.020280	-20.832001
0.020400	-20.832001
0.020520	-20.832001
0.020640	-20.832001
0.020760	-10.331000
0.020880	-20.832001
0.021000	-10.331000
0.021120	-10.331000
0.021240	-10.331000
0.021360	-10.331000
0.021480	-20.832001
0.021600	-10.331000
0.021720	-10.331000
0.021840	-10.331000
0.021960	-10.331000
0.022080	-10.331000
0.022200	-10.331000
0.022320	-10.331000
0.022440	-10.331000
0.022560	-10.331000
0.022680	-10.331000
0.022800	21.170000
0.022920	0.169360
0.023040	-10.331000
0.023160	-20.832001
0.023280	-10.331000
0.023400	-10.331000
0.023520	0.169360
0.023640	-10.331000
0.023760	-10.331000
0.023880	-10.331000
0.024000	-20.832001
0.024120	0.169360
0.024240	0.169360
0.024360	-10.331000
0.024480	-10.331000
0.024600	-10.331000
0.024720	-10.331000
0.024840	-10.331000
0.024960	-10.331000
0.025080	-10.331000
0.025200	-10.331000
0.025320	0.169360
0.025440	-10.331000
0.025560	0.169360
0.025680	-10.331000
0.025800	0.169360
0.025920	10.670000
0.026040	0.169360
0.026160	0.169360
0.026280	0.169360
0.026400	0.169360
0.026520	-10.331000
0.026640	0.169360
0.026760	0.169360
0.026880	0.169360
0.027000	0.169360
0.027120	0.169360
0.027240	21.170000
0.027360	0.169360
0.027480	0.169360
0.027600	0.169360
0.027720	0.169360
0.027840	0.169360
0.027960	10.670000
0.028080	0.169360
0.028200	0.169360
0.028320	0.169360
0.028440	0.169360
0.028560	0.169360
0.028680	0.169360
0.028800	-10.331000
0.028920	0.169360
0.029040	0.169360
0.029160	0.169360
0.029280	0.169360
0.029400	0.169360
0.029520	0.169360
0.029640	10.670000
0.029760	10.670000
0.029880	10.670000
0.030000	10.670000
0.030120	10.670000
0.030240	10.670000
0.030360	10.670000
0.030480	10.670000
0.030600	0.169360
0.030720	10.670000
0.030840	10.670000
0.030960	10.670000
0.031080	10.670000
0.031200	0.169360
0.031320	-10.331000
0.031440	0.169360
0.031560	0.169360
0.031680	0.169360
0.031800	0.169360
0.031920	10.670000
0.032040	0.169360
0.032160	10.670000
0.032280	21.170000
0.032400	0.169360
0.032520	0.169360
0.032640	-10.331000
0.032760	0.169360
0.032880	10.670000
0.033000	10.670000
0.033120	0.169360
0.033240	0.169360
0.033360	0.169360
0.033480	0.169360
0.033600	0.169360
0.033720	0.169360
0.033840	0.169360
0.033960	0.169360
0.034080	0.169360
0.034200	0.169360
0.034320	0.169360
0.034440	0.169360
0.034560	0.169360
0.034680	-10.331000
0.034800	-10.331000
0.034920	-10.331000
0.035040	-10.331000
0.035160	0.169360
0.035280	-10.331000
0.035400	-10.331000
0.035520	0.169360
0.035640	-10.331000
0.035760	-10.331000
0.035880	-10.331000
0.036000	-10.331000
0.036120	-20.832001
0.036240	0.169360
0.036360	-10.331000
0.036480	-10.331000
0.036600	-10.331000
0.036720	0.169360
0.036840	-10.331000
0.036960	-10.331000
0.037080	-20.832001
0.037200	-20.832001
0.037320	-10.331000
0.037440	-10.331000
0.037560	-10.331000
0.037680	-20.832001
0.037800	-20.832001
0.037920	-10.331000
0.038040	-20.832001
0.038160	-20.832001
0.038280	-10.331000
0.038400	-10.331000
0.038520	-10.331000
0.038640	-10.331000
0.038760	-10.331000
0.038880	-20.832001
0.039000	-10.331000
0.039120	0.169360
0.039240	0.169360
0.039360	-10.331000
0.039480	-10.331000
0.039600	-20.832001
0.039720	-10.331000
0.039840	-20.832001
0.039960	-10.331000
0.040080	-10.331000
0.040200	-10.331000
0.040320	0.169360
0.040440	-10.331000
0.040560	0.169360
0.040680	0.169360
0.040800	-10.331000
0.040920	-10.331000
0.041040	10.670000
0.041160	-10.331000
0.041280	0.169360
0.041400	-20.832001
0.041520	0.169360
0.041640	0.169360
0.041760	-10.331000
0.041880	-10.331000
0.042000	0.169360
0.042120	0.169360
0.042240	-20.832001
0.042360	0.169360
0.042480	0.169360
0.042600	0.169360
0.042720	0.169360
0.042840	-10.331000
0.042960	-10.331000
0.043080	0.169360
0.043200	-10.331000
0.043320	0.169360
0.043440	0.169360
0.043560	0.169360
0.043680	0.169360
0.043800	-10.331000
0.043920	0.169360
0.044040	-10.331000
0.044160	-10.331000
0.044280	-10.331000
0.044400	0.169360
0.044520	0.169360
0.044640	-10.331000
0.044760	0.169360
0.044880	0.169360
0.045000	0.169360
0.045120	-10.331000
0.045240	0.169360
0.045360	0.169360
0.045480	0.169360
0.045600	-10.331000
0.045720	0.169360
0.045840	0.169360
0.045960	-10.331000
0.046080	0.169360
0.046200	0.169360
0.046320	10.670000
0.046440	-31.332001
0.046560	0.169360
0.046680	0.169360
0.046800	-10.331000
0.046920	-10.331000
0.047040	-10.331000
0.047160	-10.331000
0.047280	-10.331000
0.047400	-10.331000
0.047520	-10.331000
0.047640	-10.331000
0.047760	-10.331000
0.047880	-10.331000
0.048000	0.169360
0.048120	-20.832001
0.048240	0.169360
0.048360	0.169360
0.048480	0.169360
0.048600	-20.832001
0.048720	10.670000
0.048840	-10.331000
0.048960	-10.331000
0.049080	-20.832001
0.049200	-10.331000
0.049320	-10.331000
0.049440	-10.331000
0.049560	10.670000
0.049680	0.169360
0.049800	-10.331000
0.049920	0.169360
0.050040	-10.331000
0.050160	-10.331000
0.050280	0.169360
0.050400	0.169360
0.050520	-10.331000
0.050640	-10.331000
0.050760	-20.832001
0.050880	-20.832001
0.051000	-20.832001
0.051120	-10.331000
0.051240	-20.832001
0.051360	-10.331000
0.051480	-10.331000
0.051600	-10.331000
0.051720	-10.331000
0.051840	-10.331000
0.051960	-10.331000
0.052080	-10.331000
0.052200	-10.331000
0.052320	-10.331000
0.052440	0.169360
0.052560	-10.331000
0.052680	-10.331000
0.052800	-10.331000
0.052920	-10.331000
0.053040	-10.331000
0.053160	-10.331000
0.053280	-20.832001
0.053400	-20.832001
0.053520	-10.331000
0.053640	-10.331000
0.053760	-10.331000
0.053880	-10.331000
0.054000	-31.332001
0.054120	-10.331000
0.054240	-20.832001
0.054360	-20.832001
0.054480	-10.331000
0.054600	0.169360
0.054720	-10.331000
0.054840	-10.331000
0.054960	-10.331000
0.055080	-10.331000
0.055200	-10.331000
0.055320	-20.832001
0.055440	-20.832001
0.055560	-20.832001
0.055680	-10.331000
0.055800	-10.331000
0.055920	-10.331000
0.056040	-20.832001
0.056160	-20.832001
0.056280	-20.832001
0.056400	-20.832001
0.056520	-10.331000
0.056640	-20.832001
0.056760	-20.832001
0.056880	-20.832001
0.057000	-20.832001
0.057120	-10.331000
0.057240	0.169360
0.057360	-20.832001
0.057480	-10.331000
0.057600	-10.331000
0.057720	-10.331000
0.057840	-10.331000
0.057960	-10.331000
0.058080	-20.832001
0.058200	-10.331000
0.058320	-10.331000
0.058440	-10.331000
0.058560	-20.832001
0.058680	-10.331000
0.058800	-10.331000
0.058920	-10.331000
0.059040	-10.331000
0.059160	-20.832001
0.059280	-20.832001
0.059400	-10.331000
0.059520	0.169360
0.059640	0.169360
0.059760	-20.832001
0.059880	-20.832001
0.060000	-20.832001
0.060120	-20.832001
0.060240	0.169360
0.060360	-10.331000
0.060480	-10.331000
0.060600	-10.331000
0.060720	-10.331000
0.060840	-10.331000
0.060960	0.169360
0.061080	-10.331000
0.061200	0.169360
0.061320	0.169360
0.061440	0.169360
0.061560	0.169360
0.061680	10.670000
0.061800	10.670000
0.061920	10.670000
0.062040	0.169360
0.062160	0.169360
0.062280	0.169360
0.062400	0.169360
0.062520	10.670000
0.062640	10.670000
0.062760	10.670000
0.062880	0.169360
0.063000	10.670000
0.063120	10.670000
0.063240	21.170000
0.063360	10.670000
0.063480	10.670000
0.063600	10.670000
0.063720	10.670000
0.063840	10.670000
0.063960	10.670000
0.064080	10.670000
0.064200	10.670000
0.064320	10.670000
0.064440	10.670000
0.064560	21.170000
0.064680	0.169360
0.064800	10.670000
0.064920	0.169360
0.065040	0.169360
0.065160	10.670000
0.065280	0.169360
0.065400	10.670000
0.065520	0.169360
0.065640	10.670000
0.065760	10.670000
0.065880	0.169360
0.066000	21.170000
0.066120	0.169360
0.066240	0.169360
0.066360	0.169360
0.066480	10.670000
0.066600	21.170000
0.066720	10.670000
0.066840	0.169360
0.066960	10.670000
0.067080	0.169360
0.067200	21.170000
0.067320	10.670000
0.067440	0.169360
0.067560	-10.331000
0.067680	21.170000
0.067800	0.169360
0.067920	21.170000
0.068040	10.670000
0.068160	10.670000
0.068280	10.670000
0.068400	0.169360
0.068520	21.170000
0.068640	10.670000
0.068760	10.670000
0.068880	10.670000
0.069000	21.170000
0.069120	21.170000
0.069240	31.671000
0.069360	21.170000
0.069480	31.671000
0.069600	21.170000
0.069720	31.671000
0.069840	21.170000
0.069960	10.670000
0.070080	21.170000
0.070200	21.170000
0.070320	21.170000
0.070440	21.170000
0.070560	21.170000
0.070680	21.170000
0.070800	21.170000
0.070920	21.170000
0.071040	21.170000
0.071160	21.170000
0.071280	21.170000
0.071400	21.170000
0.071520	21.170000
0.071640	21.170000
0.071760	21.170000
0.071880	31.671000
0.072000	21.170000
0.072120	21.170000
0.072240	21.170000
0.072360	10.670000
0.072480	21.170000
0.072600	21.170000
0.072720	21.170000
0.072840	21.170000
0.072960	21.170000
0.073080	21.170000
0.073200	21.170000
0.073320	31.671000
0.073440	10.670000
0.073560	10.670000
0.073680	10.670000
0.073800	10.670000
0.073920	10.670000
0.074040	0.169360
0.074160	0.169360
0.074280	10.670000
0.074400	21.170000
0.074520	10.670000
0.074640	10.670000
0.074760	10.670000
0.074880	10.670000
0.075000	10.670000
0.075120	10.670000
0.075240	0.169360
0.075360	10.670000
0.075480	10.670000
0.075600	10.670000
0.075720	10.670000
0.075840	10.670000
0.075960	10.670000
0.076080	10.670000
0.076200	10.670000
0.076320	0.169360
0.076440	10.670000
0.076560	10.670000
0.076680	0.169360
0.076800	10.670000
0.076920	10.670000
0.077040	10.670000
0.077160	21.170000
0.077280	10.670000
0.077400	0.169360
0.077520	-10.331000
0.077640	10.670000
0.077760	10.670000
0.077880	0.169360
0.078000	10.670000
0.078120	10.670000
0.078240	0.169360
0.078360	10.670000
0.078480	10.670000
0.078600	10.670000
0.078720	0.169360
0.078840	0.169360
0.078960	0.169360
0.079080	0.169360
0.079200	0.169360
0.079320	0.169360
0.079440	0.169360
0.079560	0.169360
0.079680	0.169360
0.079800	-10.331000
0.079920	0.169360
0.080040	-20.832001
0.080160	-10.331000
0.080280	0.169360
0.080400	0.169360
0.080520	0.169360
0.080640	0.169360
0.080760	0.169360
0.080880	0.169360
0.081000	0.169360
0.081120	0.169360
0.081240	21.170000
0.081360	0.169360
0.081480	0.169360
0.081600	0.169360
0.081720	0.169360
0.081840	0.169360
0.081960	0.169360
0.082080	0.169360
0.082200	0.169360
0.082320	10.670000
0.082440	0.169360
0.082560	0.169360
0.082680	0.169360
0.082800	0.169360
0.082920	10.670000
0.083040	0.169360
0.083160	0.169360
0.083280	0.169360
0.083400	0.169360
0.083520	0.169360
0.083640	0.169360
0.083760	0.169360
0.083880	0.169360
0.084000	0.169360
0.084120	-10.331000
0.084240	-10.331000
0.084360	-10.331000
0.084480	-10.331000
0.084600	0.169360
0.084720	-10.331000
0.084840	-10.331000
0.084960	-10.331000
0.085080	0.169360
0.085200	-10.331000
0.085320	-20.832001
0.085440	-10.331000
0.085560	-10.331000
0.085680	-10.331000
0.085800	-10.331000
0.085920	-20.832001
0.086040	-31.332001
0.086160	-20.832001
0.086280	-31.332001
0.086400	-10.331000
0.086520	-10.331000
0.086640	-10.331000
0.086760	-10.331000
0.086880	-20.832001
0.087000	-10.331000
0.087120	-10.331000
0.087240	-20.832001
0.087360	-20.832001
0.087480	-20.832001
0.087600	-10.331000
0.087720	-10.331000
0.087840	-10.331000
0.087960	-20.832001
0.088080	-20.832001
0.088200	-10.331000
0.088320	-10.331000
0.088440	-10.331000
0.088560	-10.331000
0.088680	-10.331000
0.088800	-10.331000
0.088920	-10.331000
0.089040	-20.832001
0.089160	-20.832001
0.089280	-10.331000
0.089400	-20.832001
0.089520	-20.832001
0.089640	-20.832001
0.089760	-10.331000
0.089880	-20.832001
0.090000	-10.331000
0.090120	-10.331000
0.090240	-10.331000
0.090360	-10.331000
0.090480	-10.331000
0.090600	-20.832001
0.090720	-20.832001
0.090840	-20.832001
0.090960	-10.331000
0.091080	-41.833000
0.091200	-31.332001
0.091320	0.169360
0.091440	0.169360
0.091560	-10.331000
0.091680	-10.331000
0.091800	-10.331000
0.091920	-10.331000
0.092040	-10.331000
0.092160	-10.331000
0.092280	-10.331000
0.092400	-10.331000
0.092520	-20.832001
0.092640	-10.331000
0.092760	-20.832001
0.092880	-20.832001
0.093000	-20.832001
0.093120	-20.832001
0.093240	-20.832001
0.093360	-20.832001
0.093480	-20.832001
0.093600	-20.832001
0.093720	-20.832001
0.093840	-10.331000
0.093960	-20.832001
0.094080	-20.832001
0.094200	-20.832001
0.094320	-31.332001
0.094440	-20.832001
0.094560	-20.832001
0.094680	-10.331000
0.094800	-20.832001
0.094920	-10.331000
0.095040	-31.332001
0.095160	-10.331000
0.095280	-10.331000
0.095400	-20.832001
0.095520	-20.832001
0.095640	-10.331000
0.095760	0.169360
0.095880	0.169360
0.096000	-10.331000
0.096120	0.169360
0.096240	0.169360
0.096360	0.169360
0.096480	-10.331000
0.096600	0.169360
0.096720	0.169360
0.096840	0.169360
0.096960	-10.331000
0.097080	0.169360
0.097200	0.169360
0.097320	10.670000
0.097440	-10.331000
0.097560	0.169360
0.097680	0.169360
0.097800	0.169360
0.097920	0.169360
0.098040	10.670000
0.098160	10.670000
0.098280	10.670000
0.098400	10.670000
0.098520	10.670000
0.098640	10.670000
0.098760	21.170000
0.098880	10.670000
0.099000	10.670000
0.099120	10.670000
0.099240	10.670000
0.099360	10.670000
0.099480	10.670000
0.099600	10.670000
0.099720	21.170000
0.099840	31.671000
0.099960	21.170000
0.100080	21.170000
0.100200	21.170000
0.100320	31.671000
0.100440	42.171001
0.100560	31.671000
0.100680	21.170000
0.100800	31.671000
0.100920	31.671000
0.101040	31.671000
0.101160	31.671000
0.101280	42.171001
0.101400	42.171001
0.101520	52.672001
0.101640	42.171001
0.101760	31.671000
0.101880	42.171001
0.102000	42.171001
0.102120	31.671000
0.102240	42.171001
0.102360	42.171001
0.102480	42.171001
0.102600	31.671000
0.102720	42.171001
0.102840	42.171001
0.102960	42.171001
0.103080	42.171001
0.103200	42.171001
0.103320	63.172001
0.103440	42.171001
0.103560	42.171001
0.103680	42.171001
0.103800	52.672001
0.103920	42.171001
0.104040	42.171001
0.104160	63.172001
0.104280	52.672001
0.104400	52.672001
0.104520	52.672001
0.104640	52.672001
0.104760	63.172001
0.104880	63.172001
0.105000	63.172001
0.105120	63.172001
0.105240	52.672001
0.105360	63.172001
0.105480	63.172001
0.105600	63.172001
0.105720	63.172001
0.105840	52.672001
0.105960	63.172001
0.106080	63.172001
0.106200	63.172001
0.106320	63.172001
0.106440	52.672001
0.106560	63.172001
0.106680	63.172001
0.106800	73.672997
0.106920	63.172001
0.107040	63.172001
0.107160	63.172001
0.107280	63.172001
0.107400	63.172001
0.107520	73.672997
0.107640	73.672997
0.107760	73.672997
0.107880	63.172001
0.108000	63.172001
0.108120	52.672001
0.108240	63.172001
0.108360	73.672997
0.108480	73.672997
0.108600	73.672997
0.108720	73.672997
0.108840	63.172001
0.108960	73.672997
0.109080	73.672997
0.109200	73.672997
0.109320	73.672997
0.109440	73.672997
0.109560	73.672997
0.109680	63.172001
0.109800	73.672997
0.109920	84.172997
0.110040	73.672997
0.110160	73.672997
0.110280	52.672001
0.110400	42.171001
0.110520	63.172001
0.110640	73.672997
0.110760	84.172997
0.110880	84.172997
0.111000	73.672997
0.111120	73.672997
0.111240	63.172001
0.111360	63.172001
0.111480	63.172001
0.111600	52.672001
0.111720	52.672001
0.111840	84.172997
0.111960	63.172001
0.112080	63.172001
0.112200	52.672001
0.112320	73.672997
0.112440	52.672001
0.112560	42.171001
0.112680	52.672001
0.112800	52.672001
0.112920	52.672001
0.113040	52.672001
0.113160	63.172001
0.113280	21.170000
0.113400	52.672001
0.113520	42.171001
0.113640	52.672001
0.113760	42.171001
0.113880	42.171001
0.114000	42.171001
0.114120	52.672001
0.114240	42.171001
0.114360	42.171001
0.114480	31.671000
0.114600	42.171001
0.114720	42.171001
0.114840	42.171001
0.114960	42.171001
0.115080	42.171001
0.115200	42.171001
0.115320	42.171001
0.115440	31.671000
0.115560	31.671000
0.115680	52.672001
0.115800	31.671000
0.115920	52.672001
0.116040	31.671000
0.116160	31.671000
0.116280	31.671000
0.116400	31.671000
0.116520	31.671000
0.116640	31.671000
0.116760	31.671000
0.116880	31.671000
0.117000	21.170000
0.117120	21.170000
0.117240	31.671000
0.117360	21.170000
0.117480	31.671000
0.117600	21.170000
0.117720	21.170000
0.117840	21.170000
0.117960	21.170000
0.118080	31.671000
0.118200	31.671000
0.118320	21.170000
0.118440	21.170000
0.118560	21.170000
0.118680	21.170000
0.118800	21.170000
0.118920	21.170000
0.119040	21.170000
0.119160	31.671000
0.119280	21.170000
0.119400	21.170000
0.119520	21.170000
0.119640	21.170000
0.119760	21.170000
0.119880	21.170000
0.120000	21.170000
0.120120	21.170000
0.120240	21.170000
0.120360	10.670000
0.120480	10.670000
0.120600	10.670000
0.120720	21.170000
0.120840	21.170000
0.120960	10.670000
0.121080	21.170000
0.121200	21.170000
0.121320	21.170000
0.121440	10.670000
0.121560	10.670000
0.121680	10.670000
0.121800	10.670000
0.121920	0.169360
0.122040	0.169360
0.122160	0.169360
0.122280	10.670000
0.122400	10.670000
0.122520	21.170000
0.122640	10.670000
0.122760	10.670000
0.122880	10.670000
0.123000	21.170000
0.123120	10.670000
0.123240	10.670000
0.123360	10.670000
0.123480	10.670000
0.123600	10.670000
0.123720	10.670000
0.123840	10.670000
0.123960	10.670000
0.124080	10.670000
0.124200	10.670000
0.124320	10.670000
0.124440	10.670000
0.124560	10.670000
0.124680	10.670000
0.124800	10.670000
0.124920	10.670000
0.125040	10.670000
0.125160	10.670000
0.125280	10.670000
0.125400	10.670000
0.125520	10.670000
0.125640	10.670000
0.125760	10.670000
0.125880	10.670000
0.126000	10.670000
0.126120	10.670000
0.126240	10.670000
0.126360	10.670000
0.126480	10.670000
0.126600	0.169360
0.126720	10.670000
0.126840	10.670000
0.126960	10.670000
0.127080	10.670000
0.127200	10.670000
0.127320	10.670000
0.127440	10.670000
0.127560	10.670000
0.127680	10.670000
0.127800	10.670000
0.127920	0.169360
0.128040	10.670000
0.128160	0.169360
0.128280	10.670000
0.128400	10.670000
0.128520	21.170000
0.128640	10.670000
0.128760	0.169360
0.128880	10.670000
0.129000	10.670000
0.129120	10.670000
0.129240	21.170000
0.129360	0.169360
0.129480	21.170000
0.129600	0.169360
0.129720	10.670000
0.129840	21.170000
0.129960	10.670000
0.130080	10.670000
0.130200	10.670000
0.130320	31.671000
0.130440	10.670000
0.130560	10.670000
0.130680	10.670000
0.130800	0.169360
0.130920	0.169360
0.131040	0.169360
0.131160	0.169360
0.131280	0.169360
0.131400	0.169360
0.131520	0.169360
0.131640	0.169360
0.131760	0.169360
0.131880	0.169360
0.132000	0.169360
0.132120	0.169360
0.132240	0.169360
0.132360	0.169360
0.132480	0.169360
0.132600	10.670000
0.132720	0.169360
0.132840	0.169360
0.132960	0.169360
0.133080	0.169360
0.133200	0.169360
0.133320	0.169360
0.133440	0.169360
0.133560	0.169360
0.133680	0.169360
0.133800	-20.832001
0.133920	-10.331000
0.134040	0.169360
0.134160	-10.331000
0.134280	-10.331000
0.134400	0.169360
0.134520	-20.832001
0.134640	0.169360
0.134760	-10.331000
0.134880	-10.331000
0.135000	-10.331000
0.135120	0.169360
0.135240	-10.331000
0.135360	-10.331000
0.135480	-10.331000
0.135600	-10.331000
0.135720	-10.331000
0.135840	0.169360
0.135960	-10.331000
0.136080	-10.331000
0.136200	-10.331000
0.136320	-10.331000
0.136440	-10.331000
0.136560	-20.832001
0.136680	-10.331000
0.136800	-20.832001
0.136920	-20.832001
0.137040	-20.832001
0.137160	-31.332001
0.137280	-20.832001
0.137400	-20.832001
0.137520	-41.833000
0.137640	-41.833000
0.137760	-62.833000
0.137880	-73.334000
0.138000	-83.834000
0.138120	-94.334999
0.138240	-104.839996
0.138360	-125.839996
0.138480	-104.839996
0.138600	-178.339996
0.138720	-136.339996
0.138840	-388.350006
0.138960	-304.339996
0.139080	-346.350006
0.139200	-209.839996
0.139320	-650.859985
0.139440	-566.859985
0.139560	-409.350006
0.139680	-545.849976
0.139800	-524.849976
0.139920	-493.350006
0.140040	-493.350006
0.140160	-472.350006
0.140280	-419.850006
0.140400	-409.350006
0.140520	-388.350006
0.140640	-356.850006
0.140760	-262.339996
0.140880	-230.839996
0.141000	-356.850006
0.141120	-608.859985
0.141240	-629.859985
0.141360	-661.359985
0.141480	-640.359985
0.141600	-629.859985
0.141720	-640.359985
0.141840	-650.859985
0.141960	-671.859985
0.142080	-671.859985
0.142200	-640.359985
0.142320	-598.359985
0.142440	-556.359985
0.142560	-524.849976
0.142680	-503.850006
0.142800	-440.850006
0.142920	-409.350006
0.143040	-377.850006
0.143160	-367.350006
0.143280	-356.850006
0.143400	-367.350006
0.143520	-377.850006
0.143640	-325.350006
0.143760	-251.839996
0.143880	-188.839996
0.144000	-146.839996
0.144120	-115.339996
0.144240	-83.834000
0.144360	-52.333000
0.144480	-20.832001
0.144600	0.169360
0.144720	10.670000
0.144840	31.671000
0.144960	42.171001
0.145080	42.171001
0.145200	42.171001
0.145320	42.171001
0.145440	73.672997
0.145560	94.674004
0.145680	105.169998
0.145800	126.169998
0.145920	115.669998
0.146040	115.669998
0.146160	105.169998
0.146280	115.669998
0.146400	168.179993
0.146520	199.679993
0.146640	199.679993
0.146760	178.679993
0.146880	168.179993
0.147000	168.179993
0.147120	168.179993
0.147240	178.679993
0.147360	157.679993
0.147480	126.169998
0.147600	115.669998
0.147720	126.169998
0.147840	126.169998
0.147960	147.179993
0.148080	157.679993
0.148200	157.679993
0.148320	157.679993
0.148440	157.679993
0.148560	147.179993
0.148680	157.679993
0.148800	157.679993
0.148920	147.179993
0.149040	147.179993
0.149160	136.679993
0.149280	136.679993
0.149400	126.169998
0.149520	126.169998
0.149640	84.172997
0.149760	31.671000
0.149880	10.670000
0.150000	21.170000
0.150120	10.670000
0.150240	10.670000
0.150360	31.671000
0.150480	31.671000
0.150600	63.172001
0.150720	94.674004
0.150840	115.669998
0.150960	115.669998
0.151080	105.169998
0.151200	84.172997
0.151320	63.172001
0.151440	42.171001
0.151560	21.170000
0.151680	0.169360
0.151800	0.169360
0.151920	-10.331000
0.152040	-20.832001
0.152160	-20.832001
0.152280	-10.331000
0.152400	-10.331000
0.152520	-10.331000
0.152640	0.169360
0.152760	-10.331000
0.152880	-20.832001
0.153000	-20.832001
0.153120	-41.833000
0.153240	-41.833000
0.153360	-52.333000
0.153480	-52.333000
0.153600	-52.333000
0.153720	-41.833000
0.153840	-41.833000
0.153960	-52.333000
0.154080	-31.332001
0.154200	-52.333000
0.154320	-62.833000
0.154440	-62.833000
0.154560	-73.334000
0.154680	-73.334000
0.154800	-52.333000
0.154920	-62.833000
0.155040	-62.833000
0.155160	-83.834000
0.155280	-83.834000
0.155400	-83.834000
0.155520	-83.834000
0.155640	-83.834000
0.155760	-83.834000
0.155880	-73.334000
0.156000	-83.834000
0.156120	-94.334999
0.156240	-104.839996
0.156360	-104.839996
0.156480	-104.839996
0.156600	-94.334999
0.156720	-104.839996
0.156840	-94.334999
0.156960	-94.334999
0.157080	-115.339996
0.157200	-94.334999
0.157320	-94.334999
0.157440	-94.334999
0.157560	-104.839996
0.157680	-94.334999
0.157800	-125.839996
0.157920	-104.839996
0.158040	-115.339996
0.158160	-104.839996
0.158280	-115.339996
0.158400	-115.339996
0.158520	-125.839996
0.158640	-115.339996
0.158760	-115.339996
0.158880	-125.839996
0.159000	-115.339996
0.159120	-115.339996
0.159240	-104.839996
0.159360	-94.334999
0.159480	-94.334999
0.159600	-94.334999
0.159720	-94.334999
0.159840	-94.334999
0.159960	-83.834000
0.160080	-83.834000
0.160200	-94.334999
0.160320	-94.334999
0.160440	-104.839996
0.160560	-94.334999
0.160680	-104.839996
0.160800	-104.839996
0.160920	-104.839996
0.161040	-94.334999
0.161160	-94.334999
0.161280	-94.334999
0.161400	-83.834000
0.161520	-83.834000
0.161640	-94.334999
0.161760	-104.839996
0.161880	-104.839996
0.162000	-104.839996
0.162120	-83.834000
0.162240	-83.834000
0.162360	-83.834000
0.162480	-83.834000
0.162600	-73.334000
0.162720	-73.334000
0.162840	-73.334000
0.162960	-62.833000
0.163080	-41.833000
0.163200	-20.832001
0.163320	-10.331000
0.163440	-20.832001
0.163560	-20.832001
0.163680	0.169360
0.163800	-20.832001
0.163920	-41.833000
0.164040	-73.334000
0.164160	-73.334000
0.164280	-73.334000
0.164400	-62.833000
0.164520	-52.333000
0.164640	-41.833000
0.164760	-31.332001
0.164880	-20.832001
0.165000	-31.332001
0.165120	-31.332001
0.165240	-31.332001
0.165360	-31.332001
0.165480	-31.332001
0.165600	-31.332001
0.165720	-31.332001
0.165840	-41.833000
0.165960	-41.833000
0.166080	-41.833000
0.166200	-41.833000
0.166320	-31.332001
0.166440	-31.332001
0.166560	-41.833000
0.166680	-20.832001
0.166800	-31.332001
0.166920	-41.833000
0.167040	-10.331000
0.167160	0.169360
0.167280	0.169360
0.167400	-10.331000
0.167520	10.670000
0.167640	21.170000
0.167760	10.670000
0.167880	31.671000
0.168000	31.671000
0.168120	31.671000
0.168240	21.170000
0.168360	21.170000
0.168480	10.670000
0.168600	10.670000
0.168720	10.670000
0.168840	0.169360
0.168960	0.169360
0.169080	0.169360
0.169200	0.169360
0.169320	0.169360
0.169440	0.169360
0.169560	10.670000
0.169680	0.169360
0.169800	10.670000
0.169920	10.670000
0.170040	21.170000
0.170160	21.170000
0.170280	21.170000
0.170400	21.170000
0.170520	31.671000
0.170640	31.671000
0.170760	31.671000
0.170880	31.671000
0.171000	21.170000
0.171120	31.671000
0.171240	31.671000
0.171360	21.170000
0.171480	21.170000
0.171600	21.170000
0.171720	21.170000
0.171840	21.170000
0.171960	31.671000
0.172080	21.170000
0.172200	31.671000
0.172320	31.671000
0.172440	31.671000
0.172560	31.671000
0.172680	31.671000
0.172800	42.171001
0.172920	31.671000
0.173040	31.671000
0.173160	31.671000
0.173280	31.671000
0.173400	31.671000
0.173520	31.671000
0.173640	31.671000
0.173760	21.170000
0.173880	21.170000
0.174000	21.170000
0.174120	31.671000
0.174240	21.170000
0.174360	31.671000
0.174480	31.671000
0.174600	21.170000
0.174720	31.671000
0.174840	31.671000
0.174960	31.671000
0.175080	42.171001
0.175200	42.171001
0.175320	31.671000
0.175440	42.171001
0.175560	73.672997
0.175680	42.171001
0.175800	52.672001
0.175920	42.171001
0.176040	42.171001
0.176160	31.671000
0.176280	21.170000
0.176400	21.170000
0.176520	21.170000
0.176640	21.170000
0.176760	10.670000
0.176880	21.170000
0.177000	31.671000
0.177120	31.671000
0.177240	42.171001
0.177360	52.672001
0.177480	52.672001
0.177600	42.171001
0.177720	31.671000
0.177840	31.671000
0.177960	31.671000
0.178080	21.170000
0.178200	21.170000
0.178320	10.670000
0.178440	10.670000
0.178560	0.169360
0.178680	0.169360
0.178800	-10.331000
0.178920	0.169360
0.179040	-20.832001
0.179160	-20.832001
0.179280	-31.332001
0.179400	-31.332001
0.179520	-31.332001
0.179640	-31.332001
0.179760	-41.833000
0.179880	-41.833000
0.180000	-41.833000
0.180120	-52.333000
0.180240	-52.333000
0.180360	-52.333000
0.180480	-52.333000
0.180600	-52.333000
0.180720	-41.833000
0.180840	-52.333000
0.180960	-52.333000
0.181080	-52.333000
0.181200	-52.333000
0.181320	-52.333000
0.181440	-52.333000
0.181560	-52.333000
0.181680	-41.833000
0.181800	-52.333000
0.181920	-41.833000
0.182040	-41.833000
0.182160	-31.332001
0.182280	-31.332001
0.182400	-31.332001
0.182520	-41.833000
0.182640	-31.332001
0.182760	-31.332001
0.182880	-20.832001
0.183000	-20.832001
0.183120	-20.832001
0.183240	-20.832001
0.183360	-20.832001
0.183480	-20.832001
0.183600	0.169360
0.183720	-10.331000
0.183840	-20.832001
0.183960	-10.331000
0.184080	21.170000
0.184200	-10.331000
0.184320	0.169360
0.184440	-20.832001
0.184560	-20.832001
0.184680	0.169360
0.184800	-10.331000
0.184920	0.169360
0.185040	0.169360
0.185160	0.169360
0.185280	0.169360
0.185400	0.169360
0.185520	-10.331000
0.185640	-10.331000
0.185760	-10.331000
0.185880	-10.331000
0.186000	-20.832001
0.186120	-20.832001
0.186240	-20.832001
0.186360	-10.331000
0.186480	-20.832001
0.186600	-20.832001
0.186720	-20.832001
0.186840	-20.832001
0.186960	-20.832001
0.187080	-31.332001
0.187200	-31.332001
0.187320	-31.332001
0.187440	-41.833000
0.187560	-41.833000
0.187680	-41.833000
0.187800	-41.833000
0.187920	-31.332001
0.188040	-31.332001
0.188160	-31.332001
0.188280	-20.832001
0.188400	-20.832001
0.188520	-20.832001
0.188640	-20.832001
0.188760	-20.832001
0.188880	-10.331000
0.189000	-10.331000
0.189120	-10.331000
0.189240	-10.331000
0.189360	-10.331000
0.189480	0.169360
0.189600	0.169360
0.189720	0.169360
0.189840	0.169360
0.189960	0.169360
0.190080	21.170000
0.190200	0.169360
0.190320	0.169360
0.190440	0.169360
0.190560	0.169360
0.190680	10.670000
0.190800	10.670000
0.190920	10.670000
0.191040	10.670000
0.191160	10.670000
0.191280	21.170000
0.191400	21.170000
0.191520	21.170000
0.191640	0.169360
0.191760	10.670000
0.191880	31.671000
0.192000	31.671000
0.192120	31.671000
0.192240	42.171001
0.192360	42.171001
0.192480	42.171001
0.192600	42.171001
0.192720	42.171001
0.192840	52.672001
0.192960	52.672001
0.193080	52.672001
0.193200	63.172001
0.193320	42.171001
0.193440	21.170000
0.193560	63.172001
0.193680	63.172001
0.193800	63.172001
0.193920	52.672001
0.194040	52.672001
0.194160	52.672001
0.194280	52.672001
0.194400	63.172001
0.194520	63.172001
0.194640	73.672997
0.194760	63.172001
0.194880	73.672997
0.195000	63.172001
0.195120	73.672997
0.195240	84.172997
0.195360	73.672997
0.195480	73.672997
0.195600	73.672997
0.195720	73.672997
0.195840	52.672001
0.195960	73.672997
0.196080	63.172001
0.196200	73.672997
0.196320	73.672997
0.196440	73.672997
0.196560	73.672997
0.196680	84.172997
0.196800	63.172001
0.196920	73.672997
0.197040	73.672997
0.197160	73.672997
0.197280	73.672997
0.197400	73.672997
0.197520	73.672997
0.197640	73.672997
0.197760	63.172001
0.197880	73.672997
0.198000	73.672997
0.198120	73.672997
0.198240	73.672997
0.198360	73.672997
0.198480	73.672997
0.198600	73.672997
0.198720	73.672997
0.198840	63.172001
0.198960	73.672997
0.199080	63.172001
0.199200	63.172001
0.199320	63.172001
0.199440	84.172997
0.199560	73.672997
0.199680	63.172001
0.199800	63.172001
0.199920	63.172001
0.200040	63.172001
0.200160	63.172001
0.200280	52.672001
0.200400	52.672001
0.200520	52.672001
0.200640	52.672001
0.200760	52.672001
0.200880	52.672001
0.201000	52.672001
0.201120	52.672001
0.201240	52.672001
0.201360	52.672001
0.201480	52.672001
0.201600	52.672001
0.201720	52.672001
0.201840	52.672001
0.201960	52.672001
0.202080	52.672001
0.202200	52.672001
0.202320	10.670000
0.202440	52.672001
0.202560	52.672001
0.202680	63.172001
0.202800	42.171001
0.202920	42.171001
0.203040	63.172001
0.203160	42.171001
0.203280	31.671000
0.203400	31.671000
0.203520	31.671000
0.203640	31.671000
0.203760	31.671000
0.203880	42.171001
0.204000	42.171001
0.204120	42.171001
0.204240	42.171001
0.204360	42.171001
0.204480	42.171001
0.204600	31.671000
0.204720	31.671000
0.204840	31.671000
0.204960	42.171001
0.205080	31.671000
0.205200	42.171001
0.205320	42.171001
0.205440	21.170000
0.205560	31.671000
0.205680	42.171001
0.205800	31.671000
0.205920	42.171001
0.206040	31.671000
0.206160	21.170000
0.206280	31.671000
0.206400	31.671000
0.206520	31.671000
0.206640	31.671000
0.206760	31.671000
0.206880	31.671000
0.207000	31.671000
0.207120	31.671000
0.207240	31.671000
0.207360	42.171001
0.207480	31.671000
0.207600	42.171001
0.207720	31.671000
0.207840	10.670000
0.207960	0.169360
0.208080	21.170000
0.208200	42.171001
0.208320	42.171001
0.208440	31.671000
0.208560	21.170000
0.208680	21.170000
0.208800	21.170000
0.208920	21.170000
0.209040	21.170000
0.209160	31.671000
0.209280	21.170000
0.209400	21.170000
0.209520	21.170000
0.209640	10.670000
0.209760	10.670000
0.209880	10.670000
0.210000	10.670000
0.210120	10.670000
0.210240	10.670000
0.210360	21.170000
0.210480	10.670000
0.210600	10.670000
0.210720	10.670000
0.210840	0.169360
0.210960	10.670000
0.211080	10.670000
0.211200	10.670000
0.211320	0.169360
0.211440	0.169360
0.211560	10.670000
0.211680	10.670000
0.211800	0.169360
0.211920	0.169360
0.212040	0.169360
0.212160	0.169360
0.212280	0.169360
0.212400	0.169360
0.212520	0.169360
0.212640	0.169360
0.212760	0.169360
0.212880	0.169360
0.213000	0.169360
0.213120	0.169360
0.213240	0.169360
0.213360	0.169360
0.213480	0.169360
0.213600	0.169360
0.213720	-20.832001
0.213840	0.169360
0.213960	0.169360
0.214080	0.169360
0.214200	0.169360
0.214320	0.169360
0.214440	-10.331000
0.214560	-10.331000
0.214680	-10.331000
0.214800	0.169360
0.214920	-10.331000
0.215040	-10.331000
0.215160	-10.331000
0.215280	-10.331000
0.215400	-10.331000
0.215520	-10.331000
0.215640	-10.331000
0.215760	-10.331000
0.215880	-10.331000
0.216000	0.169360
0.216120	-20.832001
0.216240	-10.331000
0.216360	-10.331000
0.216480	-10.331000
0.216600	-10.331000
0.216720	-10.331000
0.216840	-20.832001
0.216960	-20.832001
0.217080	-10.331000
0.217200	-10.331000
0.217320	-10.331000
0.217440	-10.331000
0.217560	-10.331000
0.217680	-20.832001
0.217800	-10.331000
0.217920	-20.832001
0.218040	-20.832001
0.218160	-10.331000
0.218280	-20.832001
0.218400	-20.832001
0.218520	-20.832001
0.218640	-20.832001
0.218760	-10.331000
0.218880	-10.331000
0.219000	-20.832001
0.219120	-20.832001
0.219240	-20.832001
0.219360	-20.832001
0.219480	-10.331000
0.219600	-20.832001
0.219720	-20.832001
0.219840	-20.832001
0.219960	-10.331000
0.220080	-20.832001
0.220200	-31.332001
0.220320	-10.331000
0.220440	-10.331000
0.220560	-10.331000
0.220680	-20.832001
0.220800	10.670000
0.220920	-20.832001
0.221040	-10.331000
0.221160	-10.331000
0.221280	-10.331000
0.221400	-20.832001
0.221520	-10.331000
0.221640	-10.331000
0.221760	-10.331000
0.221880	-20.832001
0.222000	-10.331000
0.222120	-10.331000
0.222240	-20.832001
0.222360	-20.832001
0.222480	-10.331000
0.222600	-10.331000
0.222720	-10.331000
0.222840	-10.331000
0.222960	-10.331000
0.223080	-10.331000
0.223200	-10.331000
0.223320	-10.331000
0.223440	-20.832001
0.223560	-10.331000
0.223680	-10.331000
0.223800	-10.331000
0.223920	-20.832001
0.224040	-10.331000
0.224160	-10.331000
0.224280	-10.331000
0.224400	-10.331000
0.224520	-10.331000
0.224640	-10.331000
0.224760	0.169360
0.224880	0.169360
0.225000	-10.331000
0.225120	-10.331000
0.225240	-10.331000
0.225360	-10.331000
0.225480	0.169360
0.225600	-10.331000
0.225720	-10.331000
0.225840	0.169360
0.225960	0.169360
0.226080	-10.331000
0.226200	0.169360
0.226320	-10.331000
0.226440	-10.331000
0.226560	-10.331000
0.226680	0.169360
0.226800	-10.331000
0.226920	0.169360
0.227040	-10.331000
0.227160	0.169360
0.227280	-10.331000
0.227400	-10.331000
0.227520	-10.331000
0.227640	0.169360
0.227760	0.169360
0.227880	0.169360
0.228000	0.169360
0.228120	0.169360
0.228240	0.169360
0.228360	-10.331000
0.228480	10.670000
0.228600	-10.331000
0.228720	0.169360
0.228840	-10.331000
0.228960	0.169360
0.229080	0.169360
0.229200	-10.331000
0.229320	-10.331000
0.229440	0.169360
0.229560	10.670000
0.229680	-10.331000
0.229800	-10.331000
0.229920	0.169360
0.230040	0.169360
0.230160	0.169360
0.230280	-20.832001
0.230400	0.169360
0.230520	10.670000
0.230640	0.169360
0.230760	10.670000
0.230880	0.169360
0.231000	0.169360
0.231120	0.169360
0.231240	0.169360
0.231360	10.670000
0.231480	0.169360
0.231600	0.169360
0.231720	21.170000
0.231840	0.169360
0.231960	0.169360
0.232080	10.670000
0.232200	0.169360
0.232320	0.169360
0.232440	10.670000
0.232560	10.670000
0.232680	10.670000
0.232800	10.670000
0.232920	21.170000
0.233040	10.670000
0.233160	10.670000
0.233280	10.670000
0.233400	10.670000
0.233520	21.170000
0.233640	10.670000
0.233760	10.670000
0.233880	10.670000
0.234000	10.670000
0.234120	21.170000
0.234240	21.170000
0.234360	21.170000
0.234480	10.670000
0.234600	21.170000
0.234720	10.670000
0.234840	10.670000
0.234960	10.670000
0.235080	21.170000
0.235200	10.670000
0.235320	10.670000
0.235440	10.670000
0.235560	0.169360
0.235680	21.170000
0.235800	21.170000
0.235920	21.170000
0.236040	21.170000
0.236160	31.671000
0.236280	21.170000
0.236400	21.170000
0.236520	21.170000
0.236640	21.170000
0.236760	21.170000
0.236880	21.170000
0.237000	10.670000
0.237120	21.170000
0.237240	31.671000
0.237360	31.671000
0.237480	21.170000
0.237600	21.170000
0.237720	10.670000
0.237840	31.671000
0.237960	31.671000
0.238080	31.671000
0.238200	31.671000
0.238320	31.671000
0.238440	31.671000
0.238560	21.170000
0.238680	31.671000
0.238800	31.671000
0.238920	31.671000
0.239040	21.170000
0.239160	31.671000
0.239280	42.171001
0.239400	31.671000
0.239520	42.171001
0.239640	42.171001
0.239760	31.671000
0.239880	31.671000
0.240000	31.671000
0.240120	31.671000
0.240240	31.671000
0.240360	42.171001
0.240480	42.171001
0.240600	31.671000
0.240720	42.171001
0.240840	42.171001
0.240960	52.672001
0.241080	42.171001
0.241200	42.171001
0.241320	31.671000
0.241440	42.171001
0.241560	42.171001
0.241680	31.671000
0.241800	31.671000
0.241920	42.171001
0.242040	42.171001
0.242160	42.171001
0.242280	42.171001
0.242400	31.671000
0.242520	42.171001
0.242640	31.671000
0.242760	42.171001
0.242880	42.171001
0.243000	42.171001
0.243120	42.171001
0.243240	42.171001
0.243360	42.171001
0.243480	52.672001
0.243600	52.672001
0.243720	42.171001
0.243840	52.672001
0.243960	52.672001
0.244080	42.171001
0.244200	52.672001
0.244320	52.672001
0.244440	52.672001
0.244560	42.171001
0.244680	42.171001
0.244800	52.672001
0.244920	52.672001
0.245040	52.672001
0.245160	42.171001
0.245280	52.672001
0.245400	63.172001
0.245520	42.171001
0.245640	63.172001
0.245760	52.672001
0.245880	52.672001
0.246000	63.172001
0.246120	52.672001
0.246240	52.672001
0.246360	52.672001
0.246480	52.672001
0.246600	52.672001
0.246720	52.672001
0.246840	52.672001
0.246960	63.172001
0.247080	52.672001
0.247200	63.172001
0.247320	52.672001
0.247440	63.172001
0.247560	63.172001
0.247680	63.172001
0.247800	52.672001
0.247920	63.172001
0.248040	84.172997
0.248160	63.172001
0.248280	63.172001
0.248400	63.172001
0.248520	63.172001
0.248640	63.172001
0.248760	63.172001
0.248880	63.172001
0.249000	84.172997
0.249120	63.172001
0.249240	73.672997
0.249360	63.172001
0.249480	73.672997
0.249600	63.172001
0.249720	73.672997
0.249840	73.672997
0.249960	73.672997
0.250080	73.672997
0.250200	73.672997
0.250320	73.672997
0.250440	73.672997
0.250560	73.672997
0.250680	63.172001
0.250800	63.172001
0.250920	63.172001
0.251040	84.172997
0.251160	63.172001
0.251280	73.672997
0.251400	73.672997
0.251520	73.672997
0.251640	94.674004
0.251760	73.672997
0.251880	63.172001
0.252000	63.172001
0.252120	73.672997
0.252240	73.672997
0.252360	73.672997
0.252480	63.172001
0.252600	73.672997
0.252720	73.672997
0.252840	73.672997
0.252960	52.672001
0.253080	42.171001
0.253200	42.171001
0.253320	52.672001
0.253440	42.171001
0.253560	63.172001
0.253680	52.672001
0.253800	52.672001
0.253920	52.672001
0.254040	52.672001
0.254160	52.672001
0.254280	42.171001
0.254400	42.171001
0.254520	42.171001
0.254640	42.171001
0.254760	42.171001
0.254880	42.171001
0.255000	42.171001
0.255120	42.171001
0.255240	42.171001
0.255360	42.171001
0.255480	42.171001
0.255600	21.170000
0.255720	31.671000
0.255840	31.671000
0.255960	31.671000
0.256080	31.671000
0.256200	31.671000
0.256320	21.170000
0.256440	21.170000
0.256560	42.171001
0.256680	42.171001
0.256800	42.171001
0.256920	31.671000
0.257040	21.170000
0.257160	21.170000
0.257280	21.170000
0.257400	21.170000
0.257520	21.170000
0.257640	21.170000
0.257760	21.170000
0.257880	21.170000
0.258000	10.670000
0.258120	21.170000
0.258240	10.670000
0.258360	21.170000
0.258480	21.170000
0.258600	21.170000
0.258720	31.671000
0.258840	31.671000
0.258960	21.170000
0.259080	10.670000
0.259200	21.170000
0.259320	21.170000
0.259440	10.670000
0.259560	31.671000
0.259680	42.171001
0.259800	31.671000
0.259920	31.671000
0.260040	42.171001
0.260160	42.171001
0.260280	52.672001
0.260400	42.171001
0.260520	42.171001
0.260640	42.171001
0.260760	42.171001
0.260880	42.171001
0.261000	52.672001
0.261120	42.171001
0.261240	42.171001
0.261360	42.171001
0.261480	52.672001
0.261600	42.171001
0.261720	52.672001
0.261840	42.171001
0.261960	52.672001
0.262080	52.672001
0.262200	52.672001
0.262320	52.672001
0.262440	52.672001
0.262560	52.672001
0.262680	52.672001
0.262800	52.672001
0.262920	52.672001
0.263040	52.672001
0.263160	52.672001
0.263280	52.672001
0.263400	52.672001
0.263520	52.672001
0.263640	63.172001
0.263760	52.672001
0.263880	52.672001
0.264000	42.171001
0.264120	42.171001
0.264240	52.672001
0.264360	52.672001
0.264480	52.672001
0.264600	52.672001
0.264720	42.171001
0.264840	52.672001
0.264960	42.171001
0.265080	52.672001
0.265200	42.171001
0.265320	42.171001
0.265440	52.672001
0.265560	42.171001
0.265680	52.672001
0.265800	42.171001
0.265920	73.672997
0.266040	42.171001
0.266160	52.672001
0.266280	52.672001
0.266400	52.672001
0.266520	42.171001
0.266640	52.672001
0.266760	42.171001
0.266880	31.671000
0.267000	42.171001
0.267120	31.671000
0.267240	42.171001
0.267360	42.171001
0.267480	42.171001
0.267600	42.171001
0.267720	42.171001
0.267840	42.171001
0.267960	52.672001
0.268080	42.171001
0.268200	42.171001
0.268320	42.171001
0.268440	42.171001
0.268560	42.171001
0.268680	42.171001
0.268800	42.171001
0.268920	42.171001
0.269040	42.171001
0.269160	42.171001
0.269280	31.671000
0.269400	31.671000
0.269520	42.171001
0.269640	42.171001
0.269760	42.171001
0.269880	42.171001
0.270000	31.671000
0.270120	31.671000
0.270240	31.671000
0.270360	31.671000
0.270480	31.671000
0.270600	31.671000
0.270720	31.671000
0.270840	31.671000
0.270960	31.671000
0.271080	31.671000
0.271200	42.171001
0.271320	42.171001
0.271440	31.671000
0.271560	31.671000
0.271680	31.671000
0.271800	31.671000
0.271920	31.671000
0.272040	31.671000
0.272160	31.671000
0.272280	42.171001
0.272400	31.671000
0.272520	31.671000
0.272640	21.170000
0.272760	31.671000
0.272880	31.671000
0.273000	21.170000
0.273120	0.169360
0.273240	31.671000
0.273360	21.170000
0.273480	31.671000
0.273600	31.671000
0.273720	31.671000
0.273840	21.170000
0.273960	31.671000
0.274080	31.671000
0.274200	31.671000
0.274320	21.170000
0.274440	21.170000
0.274560	31.671000
0.274680	21.170000
0.274800	31.671000
0.274920	21.170000
0.275040	31.671000
0.275160	21.170000
0.275280	21.170000
0.275400	31.671000
0.275520	31.671000
0.275640	21.170000
0.275760	31.671000
0.275880	21.170000
0.276000	21.170000
0.276120	21.170000
0.276240	21.170000
0.276360	21.170000
0.276480	31.671000
0.276600	31.671000
0.276720	21.170000
0.276840	42.171001
0.276960	31.671000
0.277080	21.170000
0.277200	21.170000
0.277320	21.170000
0.277440	21.170000
0.277560	21.170000
0.277680	21.170000
0.277800	21.170000
0.277920	42.171001
0.278040	21.170000
0.278160	21.170000
0.278280	21.170000
0.278400	31.671000
0.278520	21.170000
0.278640	21.170000
0.278760	21.170000
0.278880	21.170000
0.279000	21.170000
0.279120	10.670000
0.279240	21.170000
0.279360	21.170000
0.279480	21.170000
0.279600	21.170000
0.279720	10.670000
0.279840	21.170000
0.279960	21.170000
0.280080	10.670000
0.280200	10.670000
0.280320	21.170000
0.280440	10.670000
0.280560	10.670000
0.280680	10.670000
0.280800	10.670000
0.280920	10.670000
0.281040	10.670000
0.281160	10.670000
0.281280	10.670000
0.281400	10.670000
0.281520	10.670000
0.281640	0.169360
0.281760	10.670000
0.281880	-10.331000
0.282000	10.670000
0.282120	10.670000
0.282240	10.670000
0.282360	0.169360
0.282480	0.169360
0.282600	0.169360
0.282720	10.670000
0.282840	10.670000
0.282960	10.670000
0.283080	21.170000
0.283200	10.670000
0.283320	10.670000
0.283440	0.169360
0.283560	0.169360
0.283680	0.169360
0.283800	0.169360
0.283920	0.169360
0.284040	0.169360
0.284160	0.169360
0.284280	0.169360
0.284400	0.169360
0.284520	-20.832001
0.284640	0.169360
0.284760	0.169360
0.284880	0.169360
0.285000	0.169360
0.285120	0.169360
0.285240	10.670000
0.285360	0.169360
0.285480	0.169360
0.285600	0.169360
0.285720	0.169360
0.285840	0.169360
0.285960	0.169360
0.286080	0.169360
0.286200	0.169360
0.286320	0.169360
0.286440	0.169360
0.286560	0.169360
0.286680	0.169360
0.286800	0.169360
0.286920	0.169360
0.287040	-10.331000
0.287160	0.169360
0.287280	0.169360
0.287400	0.169360
0.287520	0.169360
0.287640	0.169360
0.287760	0.169360
0.287880	0.169360
0.288000	0.169360
0.288120	0.169360
0.288240	0.169360
0.288360	0.169360
0.288480	0.169360
0.288600	0.169360
0.288720	0.169360
0.288840	0.169360
0.288960	0.169360
0.289080	0.169360
0.289200	0.169360
0.289320	0.169360
0.289440	0.169360
0.289560	0.169360
0.289680	0.169360
0.289800	10.670000
0.289920	21.170000
0.290040	0.169360
0.290160	10.670000
0.290280	0.169360
0.290400	0.169360
0.290520	10.670000
0.290640	10.670000
0.290760	0.169360
0.290880	10.670000
0.291000	0.169360
0.291120	10.670000
0.291240	0.169360
0.291360	21.170000
0.291480	10.670000
0.291600	10.670000
0.291720	10.670000
0.291840	10.670000
0.291960	10.670000
0.292080	10.670000
0.292200	10.670000
0.292320	10.670000
0.292440	10.670000
0.292560	10.670000
0.292680	10.670000
0.292800	10.670000
0.292920	10.670000
0.293040	10.670000
0.293160	10.670000
0.293280	21.170000
0.293400	10.670000
0.293520	10.670000
0.293640	10.670000
0.293760	21.170000
0.293880	10.670000
0.294000	10.670000
0.294120	10.670000
0.294240	10.670000
0.294360	10.670000
0.294480	10.670000
0.294600	10.670000
0.294720	21.170000
0.294840	0.169360
0.294960	10.670000
0.295080	10.670000
0.295200	21.170000
0.295320	10.670000
0.295440	10.670000
0.295560	10.670000
0.295680	10.670000
0.295800	10.670000
0.295920	21.170000
0.296040	10.670000
0.296160	10.670000
0.296280	0.169360
0.296400	10.670000
0.296520	10.670000
0.296640	10.670000
0.296760	10.670000
0.296880	10.670000
0.297000	10.670000
0.297120	10.670000
0.297240	10.670000
0.297360	10.670000
0.297480	10.670000
0.297600	0.169360
0.297720	0.169360
0.297840	10.670000
0.297960	10.670000
0.298080	0.169360
0.298200	10.670000
0.298320	10.670000
0.298440	10.670000
0.298560	10.670000
0.298680	10.670000
0.298800	0.169360
0.298920	0.169360
0.299040	10.670000
0.299160	0.169360
0.299280	10.670000
0.299400	10.670000
0.299520	0.169360
0.299640	0.169360
0.299760	0.169360
0.299880	10.670000
0.300000	10.670000
0.300120	10.670000
0.300240	10.670000
0.300360	10.670000
0.300480	10.670000
0.300600	0.169360
0.300720	10.670000
0.300840	0.169360
0.300960	0.169360
0.301080	0.169360
0.301200	0.169360
0.301320	10.670000
0.301440	10.670000
0.301560	0.169360
0.301680	10.670000
0.301800	10.670000
0.301920	0.169360
0.302040	10.670000
0.302160	10.670000
0.302280	10.670000
0.302400	0.169360
0.302520	0.169360
0.302640	0.169360
0.302760	0.169360
0.302880	10.670000
0.303000	0.169360
0.303120	0.169360
0.303240	0.169360
0.303360	0.169360
0.303480	0.169360
0.303600	0.169360
0.303720	0.169360
0.303840	0.169360
0.303960	10.670000
0.304080	10.670000
0.304200	0.169360
0.304320	0.169360
0.304440	0.169360
0.304560	10.670000
0.304680	10.670000
0.304800	0.169360
0.304920	21.170000
0.305040	0.169360
0.305160	10.670000
0.305280	0.169360
0.305400	0.169360
0.305520	0.169360
0.305640	0.169360
0.305760	0.169360
0.305880	10.670000
0.306000	0.169360
0.306120	10.670000
0.306240	10.670000
0.306360	0.169360
0.306480	0.169360
0.306600	0.169360
0.306720	0.169360
0.306840	0.169360
0.306960	0.169360
0.307080	10.670000
0.307200	10.670000
0.307320	0.169360
0.307440	0.169360
0.307560	10.670000
0.307680	0.169360
0.307800	0.169360
0.307920	0.169360
0.308040	10.670000
0.308160	-20.832001
0.308280	0.169360
0.308400	0.169360
0.308520	10.670000
0.308640	0.169360
0.308760	0.169360
0.308880	0.169360
0.309000	0.169360
0.309120	0.169360
0.309240	0.169360
0.309360	-20.832001
0.309480	0.169360
0.309600	0.169360
0.309720	0.169360
0.309840	0.169360
0.309960	-10.331000
0.310080	0.169360
0.310200	0.169360
0.310320	0.169360
0.310440	0.169360
0.310560	0.169360
0.310680	0.169360
0.310800	-10.331000
0.310920	0.169360
0.311040	-10.331000
0.311160	0.169360
0.311280	10.670000
0.311400	0.169360
0.311520	0.169360
0.311640	0.169360
0.311760	10.670000
0.311880	0.169360
0.312000	0.169360
0.312120	0.169360
0.312240	0.169360
0.312360	0.169360
0.312480	0.169360
0.312600	0.169360
0.312720	0.169360
0.312840	10.670000
0.312960	0.169360
0.313080	0.169360
0.313200	0.169360
0.313320	0.169360
0.313440	0.169360
0.313560	0.169360
0.313680	0.169360
0.313800	-10.331000
0.313920	10.670000
0.314040	-10.331000
0.314160	-10.331000
0.314280	-10.331000
0.314400	-10.331000
0.314520	-10.331000
0.314640	-10.331000
0.314760	-10.331000
0.314880	-10.331000
0.315000	-10.331000
0.315120	-10.331000
0.315240	-10.331000
0.315360	-10.331000
0.315480	-10.331000
0.315600	-10.331000
0.315720	-10.331000
0.315840	-10.331000
0.315960	-10.331000
0.316080	-10.331000
0.316200	-10.331000
0.316320	-10.331000
0.316440	-10.331000
0.316560	0.169360
0.316680	-10.331000
0.316800	-10.331000
0.316920	-10.331000
0.317040	-10.331000
0.317160	-10.331000
0.317280	-10.331000
0.317400	0.169360
0.317520	-10.331000
0.317640	-10.331000
0.317760	-10.331000
0.317880	-10.331000
0.318000	-10.331000
0.318120	-10.331000
0.318240	-20.832001
0.318360	-10.331000
0.318480	0.169360
0.318600	0.169360
0.318720	-10.331000
0.318840	-20.832001
0.318960	-10.331000
0.319080	-20.832001
0.319200	-20.832001
0.319320	-10.331000
0.319440	-10.331000
0.319560	-10.331000
0.319680	-10.331000
0.319800	-10.331000
0.319920	-20.832001
0.320040	0.169360
0.320160	-20.832001
0.320280	-10.331000
0.320400	-10.331000
0.320520	-10.331000
0.320640	-10.331000
0.320760	-20.832001
0.320880	-10.331000
0.321000	-20.832001
0.321120	-10.331000
0.321240	-10.331000
0.321360	-10.331000
0.321480	-20.832001
0.321600	-10.331000
0.321720	-10.331000
0.321840	-10.331000
0.321960	0.169360
0.322080	-10.331000
0.322200	0.169360
0.322320	0.169360
0.322440	-20.832001
0.322560	-10.331000
0.322680	-10.331000
0.322800	-10.331000
0.322920	-10.331000
0.323040	-10.331000
0.323160	-20.832001
0.323280	-20.832001
0.323400	-10.331000
0.323520	-20.832001
0.323640	-10.331000
0.323760	-20.832001
0.323880	-20.832001
0.324000	-10.331000
0.324120	-10.331000
0.324240	-10.331000
0.324360	-10.331000
0.324480	-20.832001
0.324600	-20.832001
0.324720	0.169360
0.324840	-10.331000
0.324960	-31.332001
0.325080	-10.331000
0.325200	-20.832001
0.325320	-20.832001
0.325440	-20.832001
0.325560	-10.331000
0.325680	10.670000
0.325800	-10.331000
0.325920	-10.331000
0.326040	-20.832001
0.326160	-10.331000
0.326280	-10.331000
0.326400	0.169360
0.326520	-10.331000
0.326640	-10.331000
0.326760	-20.832001
0.326880	-10.331000
0.327000	-10.331000
0.327120	-20.832001
0.327240	-10.331000
0.327360	-20.832001
0.327480	-20.832001
0.327600	-10.331000
0.327720	-20.832001
0.327840	-20.832001
0.327960	-20.832001
0.328080	-20.832001
0.328200	-10.331000
0.328320	-20.832001
0.328440	-10.331000
0.328560	-20.832001
0.328680	-20.832001
0.328800	-20.832001
0.328920	-20.832001
0.329040	-20.832001
0.329160	-20.832001
0.329280	-20.832001
0.329400	-10.331000
0.329520	-20.832001
0.329640	-20.832001
0.329760	-20.832001
0.329880	-20.832001
0.330000	-10.331000
0.330120	-20.832001
0.330240	-10.331000
0.330360	-20.832001
0.330480	-20.832001
0.330600	-10.331000
0.330720	-20.832001
0.330840	-20.832001
0.330960	-20.832001
0.331080	-20.832001
0.331200	-10.331000
0.331320	-20.832001
0.331440	-20.832001
0.331560	-20.832001
0.331680	-20.832001
0.331800	-20.832001
0.331920	-20.832001
0.332040	-20.832001
0.332160	-10.331000
0.332280	-20.832001
0.332400	-20.832001
0.332520	-20.832001
0.332640	-20.832001
0.332760	-20.832001
0.332880	-20.832001
0.333000	-10.331000
0.333120	-20.832001
0.333240	-20.832001
0.333360	-20.832001
0.333480	-20.832001
0.333600	-20.832001
0.333720	-20.832001
0.333840	-10.331000
0.333960	-20.832001
0.334080	-20.832001
0.334200	-10.331000
0.334320	-20.832001
0.334440	-10.331000
0.334560	-10.331000
0.334680	-20.832001
0.334800	-20.832001
0.334920	-20.832001
0.335040	-20.832001
0.335160	-20.832001
0.335280	-20.832001
0.335400	-20.832001
0.335520	-20.832001
0.335640	-10.331000
0.335760	-20.832001
0.335880	-10.331000
0.336000	-20.832001
0.336120	-20.832001
0.336240	-20.832001
0.336360	-31.332001
0.336480	-41.833000
0.336600	-20.832001
0.336720	-20.832001
0.336840	0.169360
0.336960	-20.832001
0.337080	-20.832001
0.337200	-20.832001
0.337320	-20.832001
0.337440	-20.832001
0.337560	-20.832001
0.337680	-20.832001
0.337800	-20.832001
0.337920	-20.832001
0.338040	-20.832001
0.338160	-20.832001
0.338280	-20.832001
0.338400	-20.832001
0.338520	-20.832001
0.338640	-20.832001
0.338760	-20.832001
0.338880	-20.832001
0.339000	-10.331000
0.339120	-20.832001
0.339240	-41.833000
0.339360	-20.832001
0.339480	-31.332001
0.339600	-20.832001
0.339720	-31.332001
0.339840	-20.832001
0.339960	-20.832001
0.340080	-20.832001
0.340200	-10.331000
0.340320	-20.832001
0.340440	-20.832001
0.340560	-20.832001
0.340680	-20.832001
0.340800	-20.832001
0.340920	0.169360
0.341040	-20.832001
0.341160	-10.331000
0.341280	-20.832001
0.341400	-20.832001
0.341520	-31.332001
0.341640	-20.832001
0.341760	-20.832001
0.341880	-20.832001
0.342000	-20.832001
0.342120	-20.832001
0.342240	0.169360
0.342360	-10.331000
0.342480	-20.832001
0.342600	-20.832001
0.342720	-20.832001
0.342840	-10.331000
0.342960	-20.832001
0.343080	-20.832001
0.343200	-10.331000
0.343320	-31.332001
0.343440	-20.832001
0.343560	-20.832001
0.343680	-20.832001
0.343800	-20.832001
0.343920	-20.832001
0.344040	-20.832001
0.344160	-20.832001
0.344280	-20.832001
0.344400	-31.332001
0.344520	-20.832001
0.344640	-20.832001
0.344760	-20.832001
0.344880	-31.332001
0.345000	-10.331000
0.345120	-20.832001
0.345240	-20.832001
0.345360	-20.832001
0.345480	-31.332001
0.345600	-20.832001
0.345720	-31.332001
0.345840	-31.332001
0.345960	-20.832001
0.346080	-31.332001
0.346200	-31.332001
0.346320	-31.332001
0.346440	-31.332001
0.346560	-31.332001
0.346680	-31.332001
0.346800	-31.332001
0.346920	-10.331000
0.347040	-31.332001
0.347160	-31.332001
0.347280	-41.833000
0.347400	-41.833000
0.347520	-41.833000
0.347640	-41.833000
0.347760	-31.332001
0.347880	-41.833000
0.348000	-41.833000
0.348120	-41.833000
0.348240	-31.332001
0.348360	-52.333000
0.348480	-41.833000
0.348600	-41.833000
0.348720	-41.833000
0.348840	-41.833000
0.348960	-41.833000
0.349080	-41.833000
0.349200	-41.833000
0.349320	-41.833000
0.349440	-41.833000
0.349560	-41.833000
0.349680	-41.833000
0.349800	-31.332001
0.349920	-41.833000
0.350040	-41.833000
0.350160	-41.833000
0.350280	-41.833000
0.350400	-41.833000
0.350520	-31.332001
0.350640	-31.332001
0.350760	-31.332001
0.350880	-31.332001
0.351000	-41.833000
0.351120	-20.832001
0.351240	-20.832001
0.351360	-20.832001
0.351480	-20.832001
0.351600	-20.832001
0.351720	-20.832001
0.351840	-20.832001
0.351960	-20.832001
0.352080	-20.832001
0.352200	-20.832001
0.352320	-20.832001
0.352440	-10.331000
0.352560	-10.331000
0.352680	-10.331000
0.352800	-10.331000
0.352920	-10.331000
0.353040	-10.331000
0.353160	0.169360
0.353280	10.670000
0.353400	0.169360
0.353520	0.169360
0.353640	0.169360
0.353760	0.169360
0.353880	0.169360
0.354000	0.169360
0.354120	0.169360
0.354240	0.169360
0.354360	10.670000
0.354480	0.169360
0.354600	10.670000
0.354720	10.670000
0.354840	10.670000
0.354960	10.670000
0.355080	10.670000
0.355200	10.670000
0.355320	10.670000
0.355440	10.670000
0.355560	10.670000
0.355680	10.670000
0.355800	21.170000
0.355920	10.670000
0.356040	21.170000
0.356160	21.170000
0.356280	21.170000
0.356400	10.670000
0.356520	21.170000
0.356640	21.170000
0.356760	31.671000
0.356880	21.170000
0.357000	10.670000
0.357120	21.170000
0.357240	21.170000
0.357360	21.170000
0.357480	0.169360
0.357600	21.170000
0.357720	21.170000
0.357840	31.671000
0.357960	31.671000
0.358080	31.671000
0.358200	31.671000
0.358320	31.671000
0.358440	21.170000
0.358560	31.671000
0.358680	31.671000
0.358800	31.671000
0.358920	31.671000
0.359040	31.671000
0.359160	31.671000
0.359280	31.671000
0.359400	31.671000
0.359520	31.671000
0.359640	31.671000
0.359760	31.671000
0.359880	31.671000
0.360000	31.671000
0.360120	21.170000
0.360240	21.170000
0.360360	31.671000
0.360480	42.171001
0.360600	21.170000
0.360720	31.671000
0.360840	31.671000
0.360960	42.171001
0.361080	21.170000
0.361200	31.671000
0.361320	42.171001
0.361440	21.170000
0.361560	42.171001
0.361680	31.671000
0.361800	42.171001
0.361920	31.671000
0.362040	21.170000
0.362160	31.671000
0.362280	42.171001
0.362400	21.170000
0.362520	21.170000
0.362640	21.170000
0.362760	31.671000
0.362880	31.671000
0.363000	21.170000
0.363120	31.671000
0.363240	21.170000
0.363360	21.170000
0.363480	31.671000
0.363600	21.170000
0.363720	21.170000
0.363840	21.170000
0.363960	21.170000
0.364080	21.170000
0.364200	21.170000
0.364320	42.171001
0.364440	21.170000
0.364560	21.170000
0.364680	21.170000
0.364800	21.170000
0.364920	21.170000
0.365040	21.170000
0.365160	21.170000
0.365280	21.170000
0.365400	10.670000
0.365520	21.170000
0.365640	21.170000
0.365760	10.670000
0.365880	10.670000
0.366000	10.670000
0.366120	31.671000
0.366240	21.170000
0.366360	0.169360
0.366480	0.169360
0.366600	21.170000
0.366720	10.670000
0.366840	21.170000
0.366960	21.170000
0.367080	21.170000
0.367200	10.670000
0.367320	10.670000
0.367440	10.670000
0.367560	10.670000
0.367680	10.670000
0.367800	10.670000
0.367920	10.670000
0.368040	10.670000
0.368160	10.670000
0.368280	10.670000
0.368400	10.670000
0.368520	10.670000
0.368640	10.670000
0.368760	10.670000
0.368880	10.670000
0.369000	10.670000
0.369120	21.170000
0.369240	10.670000
0.369360	0.169360
0.369480	21.170000
0.369600	10.670000
0.369720	10.670000
0.369840	0.169360
0.369960	10.670000
0.370080	10.670000
0.370200	10.670000
0.370320	10.670000
0.370440	10.670000
0.370560	0.169360
0.370680	0.169360
0.370800	10.670000
0.370920	10.670000
0.371040	10.670000
0.371160	0.169360
0.371280	10.670000
0.371400	10.670000
0.371520	10.670000
0.371640	10.670000
0.371760	0.169360
0.371880	10.670000
0.372000	21.170000
0.372120	10.670000
0.372240	0.169360
0.372360	0.169360
0.372480	0.169360
0.372600	0.169360
0.372720	10.670000
0.372840	21.170000
0.372960	0.169360
0.373080	21.170000
0.373200	0.169360
0.373320	10.670000
0.373440	10.670000
0.373560	0.169360
0.373680	10.670000
0.373800	10.670000
0.373920	10.670000
0.374040	10.670000
0.374160	21.170000
0.374280	0.169360
0.374400	0.169360
0.374520	0.169360
0.374640	10.670000
0.374760	10.670000
0.374880	10.670000
0.375000	0.169360
0.375120	10.670000
0.375240	0.169360
0.375360	-20.832001
0.375480	10.670000
0.375600	10.670000
0.375720	10.670000
0.375840	10.670000
0.375960	10.670000
0.376080	10.670000
0.376200	10.670000
0.376320	10.670000
0.376440	10.670000
0.376560	10.670000
0.376680	10.670000
0.376800	10.670000
0.376920	10.670000
0.377040	0.169360
0.377160	10.670000
0.377280	10.670000
0.377400	10.670000
0.377520	10.670000
0.377640	10.670000
0.377760	10.670000
0.377880	10.670000
0.378000	10.670000
0.378120	0.169360
0.378240	10.670000
0.378360	10.670000
0.378480	10.670000
0.378600	42.171001
0.378720	10.670000
0.378840	10.670000
0.378960	0.169360
0.379080	10.670000
0.379200	10.670000
0.379320	21.170000
0.379440	10.670000
0.379560	10.670000
0.379680	21.170000
0.379800	10.670000
0.379920	10.670000
0.380040	21.170000
0.380160	10.670000
0.380280	10.670000
0.380400	10.670000
0.380520	21.170000
0.380640	10.670000
0.380760	21.170000
0.380880	10.670000
0.381000	10.670000
0.381120	10.670000
0.381240	10.670000
0.381360	10.670000
0.381480	21.170000
0.381600	10.670000
0.381720	10.670000
0.381840	21.170000
0.381960	10.670000
0.382080	10.670000
0.382200	10.670000
0.382320	21.170000
0.382440	21.170000
0.382560	21.170000
0.382680	21.170000
0.382800	21.170000
0.382920	21.170000
0.383040	21.170000
0.383160	21.170000
0.383280	21.170000
0.383400	21.170000
0.383520	10.670000
0.383640	10.670000
0.383760	21.170000
0.383880	0.169360
0.384000	10.670000
0.384120	10.670000
0.384240	31.671000
0.384360	21.170000
0.384480	21.170000
0.384600	21.170000
0.384720	0.169360
0.384840	21.170000
0.384960	10.670000
0.385080	21.170000
0.385200	21.170000
0.385320	21.170000
0.385440	21.170000
0.385560	31.671000
0.385680	21.170000
0.385800	21.170000
0.385920	21.170000
0.386040	21.170000
0.386160	21.170000
0.386280	21.170000
0.386400	31.671000
0.386520	21.170000
0.386640	21.170000
0.386760	21.170000
0.386880	21.170000
0.387000	21.170000
0.387120	21.170000
0.387240	21.170000
0.387360	31.671000
0.387480	31.671000
0.387600	21.170000
0.387720	0.169360
0.387840	21.170000
0.387960	21.170000
0.388080	31.671000
0.388200	31.671000
0.388320	21.170000
0.388440	31.671000
0.388560	21.170000
0.388680	21.170000
0.388800	21.170000
0.388920	-10.331000
0.389040	21.170000
0.389160	31.671000
0.389280	31.671000
0.389400	21.170000
0.389520	21.170000
0.389640	21.170000
0.389760	21.170000
0.389880	21.170000
0.390000	31.671000
0.390120	42.171001
0.390240	21.170000
0.390360	21.170000
0.390480	21.170000
0.390600	21.170000
0.390720	21.170000
0.390840	21.170000
0.390960	21.170000
0.391080	31.671000
0.391200	31.671000
0.391320	31.671000
0.391440	21.170000
0.391560	31.671000
0.391680	21.170000
0.391800	31.671000
0.391920	31.671000
0.392040	21.170000
0.392160	21.170000
0.392280	31.671000
0.392400	21.170000
0.392520	21.170000
0.392640	10.670000
0.392760	21.170000
0.392880	21.170000
0.393000	21.170000
0.393120	21.170000
0.393240	21.170000
0.393360	31.671000
0.393480	21.170000
0.393600	10.670000
0.393720	21.170000
0.393840	21.170000
0.393960	52.672001
0.394080	21.170000
0.394200	31.671000
0.394320	21.170000
0.394440	31.671000
0.394560	31.671000
0.394680	21.170000
0.394800	21.170000
0.394920	21.170000
0.395040	31.671000
0.395160	21.170000
0.395280	31.671000
0.395400	31.671000
0.395520	31.671000
0.395640	21.170000
0.395760	63.172001
0.395880	31.671000
0.396000	21.170000
0.396120	10.670000
0.396240	21.170000
0.396360	31.671000
0.396480	31.671000
0.396600	31.671000
0.396720	31.671000
0.396840	31.671000
0.396960	31.671000
0.397080	21.170000
0.397200	21.170000
0.397320	31.671000
0.397440	21.170000
0.397560	31.671000
0.397680	31.671000
0.397800	31.671000
0.397920	21.170000
0.398040	31.671000
0.398160	31.671000
0.398280	31.671000
0.398400	42.171001
0.398520	31.671000
0.398640	31.671000
0.398760	31.671000
0.398880	21.170000
0.399000	31.671000
0.399120	31.671000
0.399240	31.671000
0.399360	31.671000
0.399480	21.170000
0.399600	31.671000
0.399720	31.671000
0.399840	31.671000
0.399960	31.671000
0.400080	31.671000
0.400200	31.671000
0.400320	31.671000
0.400440	31.671000
0.400560	21.170000
0.400680	31.671000
0.400800	31.671000
0.400920	31.671000
0.401040	21.170000
0.401160	31.671000
0.401280	21.170000
0.401400	31.671000
0.401520	31.671000
0.401640	31.671000
0.401760	31.671000
0.401880	31.671000
0.402000	31.671000
0.402120	31.671000
0.402240	42.171001
0.402360	31.671000
0.402480	31.671000
0.402600	31.671000
0.402720	21.170000
0.402840	31.671000
0.402960	31.671000
0.403080	31.671000
0.403200	21.170000
0.403320	31.671000
0.403440	31.671000
0.403560	31.671000
0.403680	31.671000
0.403800	31.671000
0.403920	31.671000
0.404040	21.170000
0.404160	31.671000
0.404280	31.671000
0.404400	31.671000
0.404520	31.671000
0.404640	31.671000
0.404760	31.671000
0.404880	31.671000
0.405000	31.671000
0.405120	31.671000
0.405240	31.671000
0.405360	31.671000
0.405480	31.671000
0.405600	31.671000
0.405720	31.671000
0.405840	31.671000
0.405960	42.171001
0.406080	31.671000
0.406200	31.671000
0.406320	31.671000
0.406440	31.671000
0.406560	31.671000
0.406680	31.671000
0.406800	31.671000
0.406920	42.171001
0.407040	31.671000
0.407160	31.671000
0.407280	31.671000
0.407400	31.671000
0.407520	31.671000
0.407640	52.672001
0.407760	42.171001
0.407880	31.671000
0.408000	31.671000
0.408120	31.671000
0.408240	42.171001
0.408360	42.171001
0.408480	31.671000
0.408600	31.671000
0.408720	31.671000
0.408840	31.671000
0.408960	42.171001
0.409080	31.671000
0.409200	31.671000
0.409320	31.671000
0.409440	31.671000
0.409560	31.671000
0.409680	31.671000
0.409800	31.671000
0.409920	31.671000
0.410040	52.672001
0.410160	42.171001
0.410280	42.171001
0.410400	42.171001
0.410520	31.671000
0.410640	31.671000
0.410760	31.671000
0.410880	31.671000
0.411000	42.171001
0.411120	42.171001
0.411240	31.671000
0.411360	31.671000
0.411480	31.671000
0.411600	31.671000
0.411720	42.171001
0.411840	31.671000
0.411960	42.171001
0.412080	31.671000
0.412200	42.171001
0.412320	31.671000
0.412440	31.671000
0.412560	42.171001
0.412680	31.671000
0.412800	42.171001
0.412920	42.171001
0.413040	31.671000
0.413160	42.171001
0.413280	31.671000
0.413400	42.171001
0.413520	31.671000
0.413640	21.170000
0.413760	31.671000
0.413880	31.671000
0.414000	31.671000
0.414120	42.171001
0.414240	31.671000
0.414360	42.171001
0.414480	42.171001
0.414600	31.671000
0.414720	42.171001
0.414840	31.671000
0.414960	31.671000
0.415080	31.671000
0.415200	31.671000
0.415320	42.171001
0.415440	42.171001
0.415560	42.171001
0.415680	31.671000
0.415800	42.171001
0.415920	42.171001
0.416040	42.171001
0.416160	52.672001
0.416280	42.171001
0.416400	31.671000
0.416520	42.171001
0.416640	42.171001
0.416760	42.171001
0.416880	31.671000
0.417000	21.170000
0.417120	21.170000
0.417240	31.671000
0.417360	42.171001
0.417480	42.171001
0.417600	42.171001
0.417720	42.171001
0.417840	42.171001
0.417960	42.171001
0.418080	42.171001
0.418200	31.671000
0.418320	42.171001
0.418440	31.671000
0.418560	42.171001
0.418680	31.671000
0.418800	10.670000
0.418920	-10.331000
0.419040	10.670000
0.419160	42.171001
0.419280	42.171001
0.419400	42.171001
0.419520	21.170000
0.419640	31.671000
0.419760	42.171001
0.419880	42.171001
0.420000	21.170000
0.420120	31.671000
0.420240	31.671000
0.420360	42.171001
0.420480	42.171001
0.420600	10.670000
0.420720	31.671000
0.420840	31.671000
0.420960	42.171001
0.421080	42.171001
0.421200	42.171001
0.421320	42.171001
0.421440	21.170000
0.421560	42.171001
0.421680	42.171001
0.421800	42.171001
0.421920	42.171001
0.422040	42.171001
0.422160	42.171001
0.422280	42.171001
0.422400	52.672001
0.422520	31.671000
0.422640	31.671000
0.422760	31.671000
0.422880	42.171001
0.423000	42.171001
0.423120	42.171001
0.423240	42.171001
0.423360	42.171001
0.423480	31.671000
0.423600	42.171001
0.423720	42.171001
0.423840	31.671000
0.423960	42.171001
0.424080	42.171001
0.424200	42.171001
0.424320	31.671000
0.424440	31.671000
0.424560	42.171001
0.424680	31.671000
0.424800	42.171001
0.424920	31.671000
0.425040	42.171001
0.425160	42.171001
0.425280	42.171001
0.425400	42.171001
0.425520	42.171001
0.425640	42.171001
0.425760	42.171001
0.425880	73.672997
0.426000	42.171001
0.426120	31.671000
0.426240	31.671000
0.426360	31.671000
0.426480	42.171001
0.426600	52.672001
0.426720	42.171001
0.426840	42.171001
0.426960	42.171001
0.427080	42.171001
0.427200	42.171001
0.427320	42.171001
