-0.009375	-169.455048
-0.008750	-135.564026
-0.008125	-135.564026
-0.007500	33.891006
-0.006875	203.346054
-0.006250	271.128052
-0.005625	406.692108
-0.005000	610.029236
-0.004375	542.238342
-0.003750	135.564026
-0.003125	-203.346054
-0.002500	-169.455048
-0.001875	101.673027
-0.001250	338.910095
-0.000625	237.237061
0.000000	-169.455048
0.000625	-372.801086
0.001250	-237.237061
0.001875	33.891006
0.002500	271.128052
0.003125	440.583099
0.003750	508.387360
0.004375	372.801086
0.005000	372.801086
0.005625	508.387360
0.006250	576.133789
0.006875	372.801086
0.007500	-33.891006
0.008125	-237.237061
0.008750	67.782013
0.009375	508.387360
0.010000	610.029236
0.010625	338.910095
0.011250	67.782013
0.011875	101.673027
0.012500	372.801086
0.013125	610.029236
0.013750	643.924683
0.014375	338.910095
0.015000	0.000000
0.015625	-33.891006
0.016250	338.910095
0.016875	677.820190
0.017500	508.387360
0.018125	33.891006
0.018750	-169.455048
0.019375	-406.692108
0.020000	-610.029236
0.020625	-1186.207642
0.021250	-2474.056885
0.021875	-4066.921143
0.022500	-5863.202148
0.023125	-8134.020020
0.023750	-10404.392578
0.024375	-12166.778320
0.025000	-13759.687500
0.025625	-15623.936523
0.026250	-17759.083984
0.026875	-19351.992188
0.027500	-19758.560547
0.028125	-19283.935547
0.028750	-19250.128906
0.029375	-19859.980469
0.030000	-20504.082031
0.030625	-20571.695312
0.031250	-20571.695312
0.031875	-20334.605469
0.032500	-19419.605469
0.033125	-17487.742188
0.033750	-14912.220703
0.034375	-12912.300781
0.035000	-11692.598633
0.035625	-10845.211914
0.036250	-10336.780273
0.036875	-10133.496094
0.037500	-9862.155273
0.038125	-9455.586914
0.038750	-8980.961914
0.039375	-8472.974609
0.040000	-7625.588379
0.040625	-6845.814453
0.041250	-6405.440430
0.041875	-5930.815430
0.042500	-5558.054199
0.043125	-5388.577148
0.043750	-5795.589355
0.044375	-6066.486328
0.045000	-6100.292480
0.045625	-6269.770020
0.046250	-6405.440430
0.046875	-6473.053223
0.047500	-6710.588379
0.048125	-7388.053223
0.048750	-8032.155273
0.049375	-8506.781250
0.050000	-8506.781250
0.050625	-8404.916992
0.051250	-8134.020020
0.051875	-7557.530273
0.052500	-6913.872559
0.053125	-6812.008301
0.053750	-7083.349609
0.054375	-7320.439941
0.055000	-7591.781250
0.055625	-7625.588379
0.056250	-7422.304199
0.056875	-6812.008301
0.057500	-6134.099121
0.058125	-5422.383301
0.058750	-5151.486328
0.059375	-5219.099609
0.060000	-4982.009277
0.060625	-4643.055176
0.061250	-4507.383789
0.061875	-4100.816406
0.062500	-3524.682617
0.063125	-3253.563477
0.063750	-3084.086182
0.064375	-2948.548828
0.065000	-3117.981689
0.065625	-3253.563477
0.066250	-2982.399658
0.066875	-2643.489990
0.067500	-2507.952393
0.068125	-2169.042236
0.068750	-1728.445923
0.069375	-1491.222168
0.070000	-1491.222168
0.070625	-1321.744995
0.071250	-779.506531
0.071875	-372.801086
0.072500	-677.820190
0.073125	-1321.744995
0.073750	-1220.058472
0.074375	-542.238342
0.075000	-203.346054
0.075625	-406.692108
0.076250	-474.491913
0.076875	-237.237061
0.077500	-33.891006
0.078125	0.000000
0.078750	-169.455048
0.079375	-372.801086
0.080000	-203.346054
0.080625	169.455048
0.081250	542.238342
0.081875	643.924683
0.082500	372.801086
0.083125	-101.673027
0.083750	-203.346054
0.084375	-101.673027
0.085000	-169.455048
0.085625	-542.238342
0.086250	-711.715637
0.086875	-508.387360
0.087500	-271.128052
0.088125	-135.564026
0.088750	33.891006
0.089375	-33.891006
0.090000	-169.455048
0.090625	33.891006
0.091250	542.238342
0.091875	813.401978
0.092500	542.238342
0.093125	-101.673027
0.093750	-576.133789
0.094375	-643.924683
0.095000	-372.801086
0.095625	-135.564026
0.096250	-33.891006
0.096875	-237.237061
0.097500	-508.387360
0.098125	-406.692108
0.098750	101.673027
0.099375	474.491913
0.100000	271.128052
0.100625	-203.346054
0.101250	-237.237061
0.101875	169.455048
0.102500	372.801086
0.103125	372.801086
0.103750	305.019073
0.104375	101.673027
0.105000	-169.455048
0.105625	-271.128052
0.106250	-135.564026
0.106875	67.782013
0.107500	-33.891006
0.108125	-305.019073
0.108750	-305.019073
0.109375	33.891006
0.110000	338.910095
0.110625	372.801086
0.111250	372.801086
0.111875	305.019073
0.112500	135.564026
0.113125	-169.455048
0.113750	-271.128052
0.114375	-169.455048
0.115000	-271.128052
0.115625	-508.387360
0.116250	-440.583099
0.116875	-33.891006
0.117500	271.128052
0.118125	169.455048
0.118750	-101.673027
0.119375	-33.891006
0.120000	271.128052
0.120625	440.583099
0.121250	440.583099
0.121875	0.000000
0.122500	-440.583099
0.123125	-542.238342
0.123750	-305.019073
0.124375	-169.455048
0.125000	-169.455048
0.125625	-372.801086
0.126250	-643.924683
0.126875	-542.238342
0.127500	-33.891006
0.128125	305.019073
0.128750	305.019073
0.129375	169.455048
0.130000	101.673027
0.130625	203.346054
0.131250	440.583099
0.131875	440.583099
0.132500	33.891006
0.133125	-237.237061
0.133750	-305.019073
0.134375	-271.128052
0.135000	-33.891006
0.135625	305.019073
0.136250	271.128052
0.136875	0.000000
0.137500	101.673027
0.138125	338.910095
0.138750	372.801086
0.139375	440.583099
0.140000	440.583099
0.140625	169.455048
0.141250	67.782013
0.141875	372.801086
0.142500	576.133789
0.143125	440.583099
0.143750	305.019073
0.144375	169.455048
0.145000	135.564026
0.145625	169.455048
0.146250	305.019073
0.146875	338.910095
0.147500	237.237061
0.148125	101.673027
0.148750	67.782013
0.149375	338.910095
0.150000	610.029236
0.150625	406.692108
0.151250	-101.673027
0.151875	-101.673027
0.152500	271.128052
0.153125	372.801086
0.153750	135.564026
0.154375	-33.891006
0.155000	-33.891006
0.155625	-33.891006
0.156250	67.782013
0.156875	372.801086
0.157500	576.133789
0.158125	440.583099
0.158750	33.891006
0.159375	-33.891006
0.160000	271.128052
0.160625	440.583099
0.161250	372.801086
0.161875	101.673027
0.162500	-305.019073
0.163125	-474.491913
0.163750	-169.455048
0.164375	101.673027
0.165000	0.000000
0.165625	-169.455048
0.166250	-101.673027
0.166875	-33.891006
0.167500	237.237061
0.168125	576.133789
0.168750	643.924683
0.169375	271.128052
0.170000	-169.455048
0.170625	-237.237061
0.171250	-169.455048
0.171875	-33.891006
0.172500	-203.346054
0.173125	-474.491913
0.173750	-406.692108
0.174375	-169.455048
0.175000	-101.673027
0.175625	-67.782013
0.176250	-135.564026
0.176875	-406.692108
0.177500	-508.387360
0.178125	-203.346054
0.178750	169.455048
0.179375	271.128052
0.180000	33.891006
0.180625	-203.346054
0.181250	-305.019073
0.181875	-271.128052
0.182500	-305.019073
0.183125	-305.019073
0.183750	-305.019073
0.184375	-406.692108
0.185000	-406.692108
0.185625	0.000000
0.186250	440.583099
0.186875	440.583099
0.187500	271.128052
0.188125	372.801086
0.188750	542.238342
0.189375	508.387360
0.190000	305.019073
0.190625	169.455048
0.191250	-33.891006
0.191875	-237.237061
0.192500	-305.019073
0.193125	-169.455048
0.193750	203.346054
0.194375	474.491913
0.195000	237.237061
0.195625	169.455048
0.196250	847.297424
0.196875	1423.431274
0.197500	1186.207642
0.198125	610.029236
0.198750	237.237061
0.199375	67.782013
0.200000	33.891006
0.200625	203.346054
0.201250	508.387360
0.201875	508.387360
0.202500	237.237061
0.203125	67.782013
0.203750	372.801086
0.204375	711.715637
0.205000	677.820190
0.205625	406.692108
0.206250	271.128052
0.206875	338.910095
0.207500	576.133789
0.208125	847.297424
0.208750	881.148376
0.209375	508.387360
0.210000	101.673027
0.210625	-169.455048
0.211250	-169.455048
0.211875	0.000000
0.212500	135.564026
0.213125	-101.673027
0.213750	-271.128052
0.214375	0.000000
0.215000	406.692108
0.215625	610.029236
0.216250	440.583099
0.216875	101.673027
0.217500	33.891006
0.218125	271.128052
0.218750	271.128052
0.219375	33.891006
0.220000	-271.128052
0.220625	-576.133789
0.221250	-576.133789
0.221875	-440.583099
0.222500	-169.455048
0.223125	67.782013
0.223750	-33.891006
0.224375	-338.910095
0.225000	-372.801086
0.225625	0.000000
0.226250	372.801086
0.226875	305.019073
0.227500	-101.673027
0.228125	-237.237061
0.228750	-135.564026
0.229375	33.891006
0.230000	-33.891006
0.230625	-169.455048
0.231250	-440.583099
0.231875	-711.715637
0.232500	-576.133789
0.233125	-101.673027
0.233750	203.346054
0.234375	33.891006
0.235000	-169.455048
0.235625	-305.019073
0.236250	-169.455048
0.236875	237.237061
0.237500	372.801086
0.238125	-135.564026
0.238750	-643.924683
0.239375	-711.715637
0.240000	-474.491913
0.240625	-305.019073
0.241250	-169.455048
0.241875	-135.564026
0.242500	-305.019073
0.243125	-440.583099
0.243750	-169.455048
0.244375	271.128052
0.245000	271.128052
0.245625	-135.564026
0.246250	-372.801086
0.246875	-271.128052
0.247500	135.564026
0.248125	338.910095
0.248750	101.673027
0.249375	-237.237061
0.250000	-372.801086
0.250625	-338.910095
0.251250	-271.128052
0.251875	-101.673027
0.252500	33.891006
0.253125	-101.673027
0.253750	-169.455048
0.254375	271.128052
0.255000	711.715637
0.255625	610.029236
0.256250	237.237061
0.256875	-135.564026
0.257500	-271.128052
0.258125	0.000000
0.258750	508.387360
0.259375	542.238342
0.260000	33.891006
0.260625	-271.128052
0.261250	-67.782013
0.261875	440.583099
0.262500	677.820190
0.263125	542.238342
0.263750	271.128052
0.264375	0.000000
0.265000	-33.891006
0.265625	237.237061
0.266250	508.387360
0.266875	508.387360
0.267500	169.455048
0.268125	-101.673027
0.268750	67.782013
0.269375	406.692108
0.270000	474.491913
0.270625	271.128052
0.271250	33.891006
0.271875	-135.564026
0.272500	-305.019073
0.273125	-169.455048
0.273750	237.237061
0.274375	271.128052
0.275000	-135.564026
0.275625	-203.346054
0.276250	33.891006
0.276875	372.801086
0.277500	576.133789
0.278125	338.910095
0.278750	-237.237061
0.279375	-576.133789
0.280000	-440.583099
0.280625	-203.346054
0.281250	-203.346054
0.281875	-440.583099
0.282500	-610.029236
0.283125	-508.387360
0.283750	-101.673027
0.284375	169.455048
0.285000	101.673027
0.285625	-135.564026
0.286250	-169.455048
0.286875	0.000000
0.287500	305.019073
0.288125	406.692108
0.288750	271.128052
0.289375	-101.673027
0.290000	-203.346054
0.290625	-135.564026
0.291250	0.000000
0.291875	0.000000
0.292500	-33.891006
0.293125	-169.455048
0.293750	-237.237061
0.294375	-101.673027
0.295000	237.237061
0.295625	372.801086
0.296250	237.237061
0.296875	-67.782013
0.297500	-169.455048
0.298125	-101.673027
0.298750	237.237061
0.299375	372.801086
0.300000	0.000000
0.300625	-508.387360
0.301250	-440.583099
0.301875	237.237061
0.302500	372.801086
0.303125	67.782013
0.303750	-305.019073
0.304375	-305.019073
0.305000	0.000000
0.305625	305.019073
0.306250	372.801086
0.306875	271.128052
0.307500	-101.673027
0.308125	-237.237061
0.308750	-101.673027
0.309375	305.019073
0.310000	372.801086
0.310625	-101.673027
0.311250	-440.583099
0.311875	-305.019073
0.312500	0.000000
0.313125	203.346054
0.313750	203.346054
0.314375	135.564026
0.315000	271.128052
0.315625	440.583099
0.316250	372.801086
0.316875	305.019073
0.317500	169.455048
0.318125	-169.455048
0.318750	-440.583099
0.319375	-406.692108
0.320000	-169.455048
0.320625	33.891006
0.321250	0.000000
0.321875	-271.128052
0.322500	-406.692108
0.323125	67.782013
0.323750	677.820190
0.324375	677.820190
0.325000	271.128052
0.325625	-101.673027
0.326250	-237.237061
0.326875	-169.455048
0.327500	33.891006
0.328125	33.891006
0.328750	-203.346054
0.329375	-271.128052
0.330000	-101.673027
0.330625	101.673027
0.331250	271.128052
0.331875	203.346054
0.332500	-169.455048
0.333125	-372.801086
0.333750	-169.455048
0.334375	271.128052
0.335000	474.491913
0.335625	271.128052
0.336250	-101.673027
0.336875	-372.801086
0.337500	-338.910095
0.338125	-203.346054
0.338750	-169.455048
0.339375	-169.455048
0.340000	-305.019073
0.340625	-576.133789
0.341250	-440.583099
0.341875	203.346054
0.342500	779.506531
0.343125	711.715637
0.343750	406.692108
0.344375	372.801086
0.345000	271.128052
0.345625	135.564026
0.346250	67.782013
0.346875	-169.455048
0.347500	-508.387360
0.348125	-474.491913
0.348750	0.000000
0.349375	440.583099
0.350000	305.019073
0.350625	0.000000
0.351250	67.782013
0.351875	338.910095
0.352500	542.238342
0.353125	576.133789
0.353750	440.583099
0.354375	237.237061
0.355000	237.237061
0.355625	372.801086
0.356250	372.801086
0.356875	305.019073
0.357500	33.891006
0.358125	-372.801086
0.358750	-440.583099
0.359375	-169.455048
0.360000	169.455048
0.360625	203.346054
0.361250	271.128052
0.361875	101.673027
0.362500	-169.455048
0.363125	-101.673027
0.363750	372.801086
0.364375	542.238342
0.365000	169.455048
0.365625	-271.128052
0.366250	-372.801086
0.366875	-169.455048
0.367500	0.000000
0.368125	33.891006
0.368750	-203.346054
0.369375	-440.583099
0.370000	-305.019073
0.370625	169.455048
0.371250	406.692108
0.371875	203.346054
0.372500	-135.564026
0.373125	-169.455048
0.373750	135.564026
0.374375	372.801086
0.375000	305.019073
0.375625	-33.891006
0.376250	-440.583099
0.376875	-643.924683
0.377500	-576.133789
0.378125	-440.583099
0.378750	-372.801086
0.379375	-372.801086
0.380000	-305.019073
0.380625	0.000000
0.381250	406.692108
0.381875	508.387360
0.382500	406.692108
0.383125	372.801086
0.383750	237.237061
0.384375	33.891006
0.385000	33.891006
0.385625	203.346054
0.386250	135.564026
0.386875	-271.128052
0.387500	-542.238342
0.388125	-237.237061
0.388750	305.019073
0.389375	508.387360
0.390000	169.455048
0.390625	-203.346054
0.391250	-237.237061
0.391875	169.455048
0.392500	677.820190
0.393125	813.401978
0.393750	610.029236
0.394375	237.237061
0.395000	-33.891006
0.395625	-67.782013
0.396250	135.564026
0.396875	101.673027
0.397500	-305.019073
0.398125	-711.715637
0.398750	-542.238342
0.399375	-169.455048
0.400000	67.782013
0.400625	135.564026
0.401250	101.673027
0.401875	67.782013
0.402500	101.673027
0.403125	305.019073
0.403750	372.801086
0.404375	271.128052
0.405000	-169.455048
0.405625	-711.715637
0.406250	-881.148376
0.406875	-372.801086
0.407500	0.000000
0.408125	33.891006
0.408750	0.000000
0.409375	-33.891006
0.410000	135.564026
0.410625	542.238342
0.411250	677.820190
0.411875	271.128052
0.412500	-338.910095
0.413125	-508.387360
0.413750	-271.128052
0.414375	-101.673027
0.415000	-33.891006
0.415625	-135.564026
0.416250	-338.910095
0.416875	-440.583099
0.417500	-203.346054
0.418125	0.000000
0.418750	-33.891006
0.419375	-169.455048
0.420000	-305.019073
0.420625	-169.455048
0.421250	169.455048
0.421875	508.387360
0.422500	372.801086
0.423125	101.673027
0.423750	-33.891006
0.424375	-135.564026
0.425000	-169.455048
0.425625	-203.346054
0.426250	-372.801086
0.426875	-542.238342
0.427500	-474.491913
0.428125	-169.455048
0.428750	237.237061
0.429375	372.801086
0.430000	237.237061
0.430625	-135.564026
0.431250	-169.455048
0.431875	169.455048
0.432500	406.692108
0.433125	305.019073
0.433750	-101.673027
0.434375	-406.692108
0.435000	-474.491913
0.435625	-271.128052
0.436250	67.782013
0.436875	135.564026
0.437500	0.000000
0.438125	-203.346054
0.438750	-169.455048
0.439375	305.019073
0.440000	711.715637
0.440625	643.924683
0.441250	372.801086
0.441875	271.128052
0.442500	169.455048
0.443125	135.564026
0.443750	305.019073
0.444375	372.801086
0.445000	101.673027
0.445625	-33.891006
0.446250	101.673027
0.446875	576.133789
0.447500	847.297424
0.448125	711.715637
0.448750	440.583099
0.449375	372.801086
0.450000	372.801086
0.450625	508.387360
0.451250	711.715637
0.451875	542.238342
0.452500	135.564026
0.453125	101.673027
0.453750	305.019073
0.454375	508.387360
0.455000	372.801086
0.455625	203.346054
0.456250	203.346054
0.456875	338.910095
0.457500	508.387360
0.458125	576.133789
0.458750	406.692108
0.459375	67.782013
0.460000	-169.455048
0.460625	-67.782013
0.461250	440.583099
0.461875	745.611084
0.462500	508.387360
0.463125	33.891006
0.463750	-169.455048
0.464375	-135.564026
0.465000	-33.891006
0.465625	0.000000
0.466250	-33.891006
0.466875	-203.346054
0.467500	-305.019073
0.468125	67.782013
0.468750	576.133789
0.469375	643.924683
0.470000	372.801086
0.470625	67.782013
0.471250	-237.237061
0.471875	-305.019073
0.472500	-169.455048
0.473125	-33.891006
0.473750	-169.455048
0.474375	-440.583099
0.475000	-440.583099
0.475625	-169.455048
0.476250	101.673027
