-0.009375	-93.830811
-0.008750	-140.741760
-0.008125	-46.915405
-0.007500	46.915405
-0.006875	187.657166
-0.006250	281.487976
-0.005625	281.487976
-0.005000	187.657166
-0.004375	46.915405
-0.003750	-93.830811
-0.003125	-140.741760
-0.002500	-187.657166
-0.001875	-234.572571
-0.001250	-234.572571
-0.000625	-234.572571
0.000000	-234.572571
0.000625	-234.572571
0.001250	-187.657166
0.001875	-140.741760
0.002500	93.830811
0.003125	93.830811
0.003750	93.830811
0.004375	140.741760
0.005000	46.915405
0.005625	-140.741760
0.006250	-328.398956
0.006875	-422.229736
0.007500	-469.154053
0.008125	-1313.604614
0.008750	-3237.104980
0.009375	-5207.534180
0.010000	-6521.094238
0.010625	-7318.661133
0.011250	-7412.518555
0.011875	-6896.524414
0.012500	-5489.106934
0.013125	-3940.813965
0.013750	-3283.989502
0.014375	-3706.214600
0.015000	-3987.742432
0.015625	-3612.401611
0.016250	-2861.763916
0.016875	-3002.505859
0.017500	-4456.674316
0.018125	-6661.658203
0.018750	-7975.663086
0.019375	-8022.369629
0.020000	-8116.227051
0.020625	-8350.648438
0.021250	-8772.784180
0.021875	-9617.502930
0.022500	-9899.074219
0.023125	-9054.357422
0.023750	-9289.223633
0.024375	-10790.499023
0.025000	-11775.334961
0.025625	-12056.907227
0.026250	-12807.767578
0.026875	-14215.184570
0.027500	-14215.184570
0.028125	-13182.752930
0.028750	-13417.618164
0.029375	-13745.897461
0.030000	-12526.195312
0.030625	-11681.477539
0.031250	-11963.049805
0.031875	-11165.484375
0.032500	-9992.932617
0.033125	-9664.208984
0.033750	-8397.799805
0.034375	-7459.224609
0.035000	-7928.512207
0.035625	-7787.948242
0.036250	-7037.088379
0.036875	-7553.082031
0.037500	-8726.078125
0.038125	-8726.078125
0.038750	-7553.082031
0.039375	-7224.803223
0.040000	-8397.799805
0.040625	-9476.493164
0.041250	-9101.507812
0.041875	-7459.224609
0.042500	-6051.807129
0.043125	-5911.243164
0.043750	-6896.524414
0.044375	-8069.075684
0.045000	-8866.642578
0.045625	-9242.072266
0.046250	-9383.080078
0.046875	-9523.644531
0.047500	-9617.502930
0.048125	-9758.065430
0.048750	-9945.780273
0.049375	-10180.203125
0.050000	-10274.059570
0.050625	-10274.059570
0.051250	-10180.203125
0.051875	-10227.353516
0.052500	-10321.210938
0.053125	-10461.774414
0.053750	-10367.917969
0.054375	-9758.065430
0.055000	-8913.792969
0.055625	-8397.799805
0.056250	-8632.220703
0.056875	-9148.214844
0.057500	-9148.214844
0.058125	-8538.363281
0.058750	-7646.939453
0.059375	-6427.236816
0.060000	-5160.382812
0.060625	-4175.368652
0.061250	-3893.885254
0.061875	-4269.226074
0.062500	-4785.397949
0.063125	-4738.246582
0.063750	-4175.368652
0.064375	-3424.730957
0.065000	-2674.137939
0.065625	-2017.313477
0.066250	-1454.346436
0.066875	-1125.934082
0.067500	-1032.121094
0.068125	-1125.934082
0.068750	-1219.791626
0.069375	-1172.862915
0.070000	-1032.121094
0.070625	-844.450562
0.071250	-703.708801
0.071875	-656.780029
0.072500	-703.708801
0.073125	-797.566345
0.073750	-891.379333
0.074375	-750.637573
0.075000	-422.229736
0.075625	-140.741760
0.076250	93.830811
0.076875	46.915405
0.077500	-140.741760
0.078125	-140.741760
0.078750	-140.741760
0.079375	-140.741760
0.080000	-46.915405
0.080625	46.915405
0.081250	140.741760
0.081875	234.572571
0.082500	140.741760
0.083125	93.830811
0.083750	93.830811
0.084375	46.915405
0.085000	-46.915405
0.085625	-140.741760
0.086250	-234.572571
0.086875	-140.741760
0.087500	-140.741760
0.088125	-140.741760
0.088750	-46.915405
0.089375	140.741760
0.090000	281.487976
0.090625	375.314331
0.091250	422.229736
0.091875	422.229736
0.092500	281.487976
0.093125	140.741760
0.093750	0.000000
0.094375	-140.741760
0.095000	-187.657166
0.095625	-140.741760
0.096250	-93.830811
0.096875	46.915405
0.097500	140.741760
0.098125	234.572571
0.098750	234.572571
0.099375	140.741760
0.100000	93.830811
0.100625	46.915405
0.101250	-140.741760
0.101875	-46.915405
0.102500	-46.915405
0.103125	-140.741760
0.103750	-140.741760
0.104375	-140.741760
0.105000	-140.741760
0.105625	-140.741760
0.106250	-281.487976
0.106875	-422.229736
0.107500	-422.229736
0.108125	-281.487976
0.108750	-140.741760
0.109375	-140.741760
0.110000	-140.741760
0.110625	-140.741760
0.111250	-140.741760
0.111875	-93.830811
0.112500	-140.741760
0.113125	-281.487976
0.113750	-422.229736
0.114375	-469.154053
0.115000	-469.154053
0.115625	-375.314331
0.116250	-281.487976
0.116875	-140.741760
0.117500	-140.741760
0.118125	-46.915405
0.118750	-46.915405
0.119375	-140.741760
0.120000	-46.915405
0.120625	-46.915405
0.121250	-46.915405
0.121875	-140.741760
0.122500	-140.741760
0.123125	-281.487976
0.123750	-328.398956
0.124375	-281.487976
0.125000	-187.657166
0.125625	-187.657166
0.126250	-187.657166
0.126875	-234.572571
0.127500	-140.741760
0.128125	-140.741760
0.128750	46.915405
0.129375	140.741760
0.130000	140.741760
0.130625	93.830811
0.131250	46.915405
0.131875	-140.741760
0.132500	-187.657166
0.133125	-281.487976
0.133750	-281.487976
0.134375	-187.657166
0.135000	-140.741760
0.135625	46.915405
0.136250	46.915405
0.136875	46.915405
0.137500	46.915405
0.138125	93.830811
0.138750	187.657166
0.139375	281.487976
0.140000	281.487976
0.140625	234.572571
0.141250	187.657166
0.141875	140.741760
0.142500	187.657166
0.143125	281.487976
0.143750	234.572571
0.144375	140.741760
0.145000	46.915405
0.145625	46.915405
0.146250	93.830811
0.146875	140.741760
0.147500	46.915405
0.148125	-46.915405
0.148750	-46.915405
0.149375	-46.915405
0.150000	-140.741760
0.150625	-46.915405
0.151250	-93.830811
0.151875	-140.741760
0.152500	-140.741760
0.153125	-234.572571
0.153750	-328.398956
0.154375	-328.398956
0.155000	-234.572571
0.155625	-187.657166
0.156250	-140.741760
0.156875	-140.741760
0.157500	-140.741760
0.158125	-46.915405
0.158750	0.000000
0.159375	46.915405
0.160000	-46.915405
0.160625	-140.741760
0.161250	-234.572571
0.161875	-328.398956
0.162500	-422.229736
0.163125	-328.398956
0.163750	-234.572571
0.164375	-234.572571
0.165000	-234.572571
0.165625	-187.657166
0.166250	-140.741760
0.166875	-140.741760
0.167500	-140.741760
0.168125	-140.741760
0.168750	-93.830811
0.169375	-93.830811
0.170000	-140.741760
0.170625	-328.398956
0.171250	-422.229736
0.171875	-375.314331
0.172500	-281.487976
0.173125	-140.741760
0.173750	-140.741760
0.174375	-140.741760
0.175000	-187.657166
0.175625	-281.487976
0.176250	-281.487976
0.176875	-234.572571
0.177500	-140.741760
0.178125	0.000000
0.178750	93.830811
0.179375	234.572571
0.180000	187.657166
0.180625	93.830811
0.181250	46.915405
0.181875	46.915405
0.182500	-140.741760
0.183125	-140.741760
0.183750	-140.741760
0.184375	-140.741760
0.185000	-46.915405
0.185625	93.830811
0.186250	140.741760
0.186875	140.741760
0.187500	93.830811
0.188125	140.741760
0.188750	234.572571
0.189375	234.572571
0.190000	187.657166
0.190625	46.915405
0.191250	-140.741760
0.191875	-140.741760
0.192500	-187.657166
0.193125	-140.741760
0.193750	-140.741760
0.194375	-46.915405
0.195000	0.000000
0.195625	46.915405
0.196250	93.830811
0.196875	140.741760
0.197500	187.657166
0.198125	140.741760
0.198750	46.915405
0.199375	-140.741760
0.200000	-140.741760
0.200625	46.915405
0.201250	-46.915405
0.201875	-187.657166
0.202500	-234.572571
0.203125	-140.741760
0.203750	-46.915405
0.204375	-140.741760
0.205000	-140.741760
0.205625	-140.741760
0.206250	-140.741760
0.206875	-46.915405
0.207500	93.830811
0.208125	93.830811
0.208750	46.915405
0.209375	-140.741760
0.210000	-187.657166
0.210625	-187.657166
0.211250	-187.657166
0.211875	-281.487976
0.212500	-375.314331
0.213125	-328.398956
0.213750	-234.572571
0.214375	-140.741760
0.215000	-140.741760
0.215625	46.915405
0.216250	93.830811
0.216875	93.830811
0.217500	93.830811
0.218125	46.915405
0.218750	-140.741760
0.219375	-140.741760
0.220000	-234.572571
0.220625	-328.398956
0.221250	-328.398956
0.221875	-328.398956
0.222500	-281.487976
0.223125	-187.657166
0.223750	-140.741760
0.224375	-140.741760
0.225000	-140.741760
0.225625	-140.741760
0.226250	-140.741760
0.226875	-46.915405
0.227500	-46.915405
0.228125	46.915405
0.228750	-140.741760
0.229375	-140.741760
0.230000	-234.572571
0.230625	-328.398956
0.231250	-422.229736
0.231875	-422.229736
0.232500	-469.154053
0.233125	-328.398956
0.233750	-234.572571
0.234375	-140.741760
0.235000	46.915405
0.235625	93.830811
0.236250	187.657166
0.236875	234.572571
0.237500	187.657166
0.238125	46.915405
0.238750	-93.830811
0.239375	-140.741760
0.240000	-140.741760
0.240625	-140.741760
0.241250	-46.915405
0.241875	46.915405
0.242500	46.915405
0.243125	0.000000
0.243750	-46.915405
0.244375	46.915405
0.245000	140.741760
0.245625	93.830811
0.246250	93.830811
0.246875	46.915405
0.247500	140.741760
0.248125	140.741760
0.248750	93.830811
0.249375	-46.915405
0.250000	-140.741760
0.250625	-281.487976
0.251250	-281.487976
0.251875	-187.657166
0.252500	-93.830811
0.253125	46.915405
0.253750	187.657166
0.254375	328.398956
0.255000	375.314331
0.255625	422.229736
0.256250	375.314331
0.256875	281.487976
0.257500	140.741760
0.258125	46.915405
0.258750	-46.915405
0.259375	-140.741760
0.260000	46.915405
0.260625	46.915405
0.261250	46.915405
0.261875	46.915405
0.262500	46.915405
0.263125	0.000000
0.263750	46.915405
0.264375	140.741760
0.265000	93.830811
0.265625	-46.915405
0.266250	-140.741760
0.266875	-46.915405
0.267500	0.000000
0.268125	-140.741760
0.268750	-234.572571
0.269375	-281.487976
0.270000	-328.398956
0.270625	-328.398956
0.271250	-422.229736
0.271875	-422.229736
0.272500	-422.229736
0.273125	-422.229736
0.273750	-375.314331
0.274375	-281.487976
0.275000	-187.657166
0.275625	-140.741760
0.276250	0.000000
0.276875	93.830811
0.277500	93.830811
0.278125	-93.830811
0.278750	-140.741760
0.279375	-281.487976
0.280000	-328.398956
0.280625	-328.398956
0.281250	-328.398956
0.281875	-328.398956
0.282500	-234.572571
0.283125	-140.741760
0.283750	-140.741760
0.284375	0.000000
0.285000	-46.915405
0.285625	-93.830811
0.286250	-140.741760
0.286875	-140.741760
0.287500	-234.572571
0.288125	-234.572571
0.288750	-140.741760
0.289375	-140.741760
0.290000	-281.487976
0.290625	-422.229736
0.291250	-328.398956
0.291875	-234.572571
0.292500	-140.741760
0.293125	-234.572571
0.293750	-234.572571
0.294375	-140.741760
0.295000	-46.915405
0.295625	46.915405
0.296250	46.915405
0.296875	46.915405
0.297500	-46.915405
0.298125	-93.830811
0.298750	-140.741760
0.299375	-140.741760
0.300000	-140.741760
0.300625	-46.915405
0.301250	93.830811
0.301875	46.915405
0.302500	46.915405
0.303125	0.000000
0.303750	93.830811
0.304375	234.572571
0.305000	328.398956
0.305625	234.572571
0.306250	234.572571
0.306875	234.572571
0.307500	281.487976
0.308125	234.572571
0.308750	46.915405
0.309375	-140.741760
0.310000	-93.830811
0.310625	-140.741760
0.311250	-140.741760
0.311875	-140.741760
0.312500	-140.741760
0.313125	-93.830811
0.313750	-46.915405
0.314375	46.915405
0.315000	93.830811
0.315625	140.741760
0.316250	187.657166
0.316875	93.830811
0.317500	-140.741760
0.318125	-281.487976
0.318750	-422.229736
0.319375	-469.154053
0.320000	-469.154053
0.320625	-422.229736
0.321250	-328.398956
0.321875	-281.487976
0.322500	-140.741760
0.323125	-46.915405
0.323750	0.000000
0.324375	-46.915405
0.325000	-46.915405
0.325625	-93.830811
0.326250	-140.741760
0.326875	-140.741760
0.327500	-234.572571
0.328125	-234.572571
0.328750	-234.572571
0.329375	-140.741760
0.330000	-140.741760
0.330625	-140.741760
0.331250	-140.741760
0.331875	-140.741760
0.332500	-140.741760
0.333125	-140.741760
0.333750	-140.741760
0.334375	-140.741760
0.335000	-140.741760
0.335625	-140.741760
0.336250	-140.741760
0.336875	-140.741760
0.337500	-140.741760
0.338125	-234.572571
0.338750	-328.398956
0.339375	-422.229736
0.340000	-469.154053
0.340625	-422.229736
0.341250	-234.572571
0.341875	-140.741760
