-0.009375	-33.447075
-0.008750	-66.892372
-0.008125	0.000000
-0.007500	66.892372
-0.006875	0.000000
-0.006250	33.447075
-0.005625	100.343010
-0.005000	-66.892372
-0.004375	-267.578369
-0.003750	-167.235382
-0.003125	200.681564
-0.002500	367.916931
-0.001875	133.789185
-0.001250	-66.892372
-0.000625	66.892372
0.000000	200.681564
0.000625	33.447075
0.001250	-66.892372
0.001875	100.343010
0.002500	200.681564
0.003125	0.000000
0.003750	-167.235382
0.004375	-66.892372
0.005000	0.000000
0.005625	-66.892372
0.006250	-33.447075
0.006875	234.127747
0.007500	468.264374
0.008125	267.578369
0.008750	-66.892372
0.009375	-66.892372
0.010000	133.789185
0.010625	234.127747
0.011250	66.892372
0.011875	66.892372
0.012500	133.789185
0.013125	66.892372
0.013750	-200.681564
0.014375	-200.681564
0.015000	133.789185
0.015625	200.681564
0.016250	66.892372
0.016875	-66.892372
0.017500	-66.892372
0.018125	0.000000
0.018750	0.000000
0.019375	-66.892372
0.020000	-100.343010
0.020625	-133.789185
0.021250	-33.447075
0.021875	-133.789185
0.022500	-100.343010
0.023125	100.343010
0.023750	66.892372
0.024375	-33.447075
0.025000	-100.343010
0.025625	-66.892372
0.026250	234.127747
0.026875	334.470764
0.027500	167.235382
0.028125	-66.892372
0.028750	-301.024567
0.029375	-367.916931
0.030000	-602.066956
0.030625	-836.176880
0.031250	-936.528748
0.031875	-668.923767
0.032500	-468.264374
0.033125	-602.066956
0.033750	-802.726257
0.034375	-936.528748
0.035000	-769.275635
0.035625	-668.923767
0.036250	-602.066956
0.036875	-468.264374
0.037500	-468.264374
0.038125	-602.066956
0.038750	-702.374329
0.039375	-735.824951
0.040000	-702.374329
0.040625	-434.813751
0.041250	-334.470764
0.041875	-301.024567
0.042500	-200.681564
0.043125	33.447075
0.043750	200.681564
0.044375	133.789185
0.045000	0.000000
0.045625	-66.892372
0.046250	0.000000
0.046875	200.681564
0.047500	334.470764
0.048125	301.024567
0.048750	0.000000
0.049375	-167.235382
0.050000	-200.681564
0.050625	-200.681564
0.051250	-200.681564
0.051875	-267.578369
0.052500	-167.235382
0.053125	-200.681564
0.053750	-234.127747
0.054375	-267.578369
0.055000	-367.916931
0.055625	-401.367584
0.056250	-367.916931
0.056875	-468.264374
0.057500	-434.813751
0.058125	-501.715027
0.058750	-468.264374
0.059375	-468.264374
0.060000	-401.367584
0.060625	-468.264374
0.061250	-602.066956
0.061875	-535.165649
0.062500	-434.813751
0.063125	-468.264374
0.063750	-568.616333
0.064375	-434.813751
0.065000	-334.470764
0.065625	-401.367584
0.066250	-367.916931
0.066875	-200.681564
0.067500	-66.892372
0.068125	-234.127747
0.068750	-367.916931
0.069375	-200.681564
0.070000	-167.235382
0.070625	-200.681564
0.071250	-301.024567
0.071875	-133.789185
0.072500	133.789185
0.073125	100.343010
0.073750	-66.892372
0.074375	-66.892372
0.075000	33.447075
0.075625	200.681564
0.076250	100.343010
0.076875	-133.789185
0.077500	-66.892372
0.078125	200.681564
0.078750	133.789185
0.079375	33.447075
0.080000	-33.447075
0.080625	-200.681564
0.081250	-234.127747
0.081875	66.892372
0.082500	100.343010
0.083125	-100.343010
0.083750	-167.235382
0.084375	-66.892372
0.085000	33.447075
0.085625	133.789185
0.086250	301.024567
0.086875	200.681564
0.087500	-100.343010
0.088125	-200.681564
0.088750	0.000000
0.089375	167.235382
0.090000	0.000000
0.090625	-133.789185
0.091250	-200.681564
0.091875	-267.578369
0.092500	-267.578369
0.093125	-66.892372
0.093750	234.127747
0.094375	200.681564
0.095000	-66.892372
0.095625	-66.892372
0.096250	100.343010
0.096875	100.343010
0.097500	-66.892372
0.098125	-100.343010
0.098750	66.892372
0.099375	66.892372
0.100000	-66.892372
0.100625	-66.892372
0.101250	33.447075
0.101875	-33.447075
0.102500	-133.789185
0.103125	-33.447075
0.103750	267.578369
0.104375	367.916931
0.105000	66.892372
0.105625	-200.681564
0.106250	-66.892372
0.106875	367.916931
0.107500	367.916931
0.108125	133.789185
0.108750	66.892372
0.109375	66.892372
0.110000	-100.343010
0.110625	-234.127747
0.111250	-66.892372
0.111875	367.916931
0.112500	367.916931
0.113125	0.000000
0.113750	-100.343010
0.114375	100.343010
0.115000	367.916931
0.115625	267.578369
0.116250	66.892372
0.116875	-33.447075
0.117500	0.000000
0.118125	-66.892372
0.118750	-100.343010
0.119375	0.000000
0.120000	66.892372
0.120625	0.000000
0.121250	-66.892372
0.121875	-66.892372
0.122500	100.343010
0.123125	0.000000
0.123750	-133.789185
0.124375	-33.447075
0.125000	267.578369
0.125625	367.916931
0.126250	133.789185
0.126875	-66.892372
0.127500	-66.892372
0.128125	-33.447075
0.128750	-33.447075
0.129375	0.000000
0.130000	133.789185
0.130625	100.343010
0.131250	-167.235382
0.131875	-267.578369
0.132500	0.000000
0.133125	434.813751
0.133750	367.916931
0.134375	-33.447075
0.135000	-167.235382
0.135625	-66.892372
0.136250	-66.892372
0.136875	-66.892372
0.137500	0.000000
0.138125	200.681564
0.138750	133.789185
0.139375	-200.681564
0.140000	-301.024567
0.140625	-66.892372
0.141250	133.789185
0.141875	0.000000
0.142500	-66.892372
0.143125	33.447075
0.143750	167.235382
0.144375	0.000000
0.145000	-167.235382
0.145625	-66.892372
0.146250	100.343010
0.146875	100.343010
0.147500	66.892372
0.148125	66.892372
0.148750	66.892372
0.149375	-133.789185
0.150000	-167.235382
0.150625	33.447075
0.151250	334.470764
0.151875	234.127747
0.152500	-33.447075
0.153125	-100.343010
0.153750	0.000000
0.154375	100.343010
0.155000	66.892372
0.155625	167.235382
0.156250	301.024567
0.156875	133.789185
0.157500	-200.681564
0.158125	-334.470764
0.158750	-66.892372
0.159375	200.681564
0.160000	100.343010
0.160625	-100.343010
0.161250	-33.447075
0.161875	200.681564
0.162500	200.681564
0.163125	0.000000
0.163750	100.343010
0.164375	267.578369
0.165000	200.681564
0.165625	66.892372
0.166250	0.000000
0.166875	66.892372
0.167500	33.447075
0.168125	-66.892372
0.168750	-33.447075
0.169375	267.578369
0.170000	267.578369
0.170625	-66.892372
0.171250	-234.127747
0.171875	-66.892372
0.172500	167.235382
0.173125	200.681564
0.173750	100.343010
0.174375	100.343010
0.175000	33.447075
0.175625	-66.892372
0.176250	-133.789185
0.176875	100.343010
0.177500	334.470764
0.178125	167.235382
0.178750	-133.789185
0.179375	-167.235382
0.180000	0.000000
0.180625	66.892372
0.181250	0.000000
0.181875	100.343010
0.182500	267.578369
0.183125	133.789185
0.183750	-66.892372
0.184375	-66.892372
0.185000	66.892372
0.185625	133.789185
0.186250	33.447075
0.186875	-33.447075
0.187500	100.343010
0.188125	66.892372
0.188750	-200.681564
0.189375	-301.024567
0.190000	0.000000
0.190625	267.578369
0.191250	200.681564
0.191875	0.000000
0.192500	0.000000
0.193125	0.000000
0.193750	-33.447075
0.194375	0.000000
0.195000	200.681564
0.195625	267.578369
0.196250	33.447075
0.196875	-301.024567
0.197500	-334.470764
0.198125	-66.892372
0.198750	133.789185
0.199375	100.343010
0.200000	0.000000
0.200625	66.892372
0.201250	-33.447075
0.201875	-133.789185
0.202500	-100.343010
0.203125	100.343010
0.203750	200.681564
0.204375	66.892372
0.205000	-66.892372
0.205625	33.447075
0.206250	100.343010
0.206875	-66.892372
0.207500	-267.578369
0.208125	-100.343010
0.208750	133.789185
0.209375	167.235382
0.210000	-66.892372
0.210625	-133.789185
0.211250	-66.892372
0.211875	66.892372
0.212500	66.892372
0.213125	200.681564
0.213750	334.470764
0.214375	167.235382
0.215000	-200.681564
0.215625	-301.024567
0.216250	-66.892372
0.216875	200.681564
0.217500	66.892372
0.218125	-133.789185
0.218750	-167.235382
0.219375	-66.892372
0.220000	-66.892372
0.220625	-66.892372
0.221250	133.789185
0.221875	234.127747
0.222500	33.447075
0.223125	-167.235382
0.223750	-66.892372
0.224375	100.343010
0.225000	33.447075
0.225625	-133.789185
0.226250	-66.892372
0.226875	200.681564
0.227500	133.789185
0.228125	-200.681564
0.228750	-167.235382
0.229375	66.892372
0.230000	200.681564
0.230625	234.127747
0.231250	267.578369
0.231875	234.127747
0.232500	-33.447075
0.233125	-234.127747
0.233750	-100.343010
0.234375	234.127747
0.235000	267.578369
0.235625	-66.892372
0.236250	-334.470764
0.236875	-200.681564
0.237500	0.000000
0.238125	66.892372
0.238750	100.343010
0.239375	200.681564
0.240000	133.789185
0.240625	-133.789185
0.241250	-267.578369
0.241875	-66.892372
0.242500	234.127747
0.243125	200.681564
0.243750	-100.343010
0.244375	-66.892372
0.245000	66.892372
0.245625	33.447075
0.246250	-200.681564
0.246875	-267.578369
0.247500	-66.892372
0.248125	133.789185
0.248750	0.000000
0.249375	-66.892372
0.250000	0.000000
0.250625	100.343010
0.251250	0.000000
0.251875	66.892372
0.252500	234.127747
0.253125	234.127747
0.253750	-66.892372
0.254375	-334.470764
0.255000	-301.024567
0.255625	-33.447075
0.256250	100.343010
0.256875	66.892372
0.257500	100.343010
0.258125	133.789185
0.258750	0.000000
0.259375	-100.343010
0.260000	66.892372
0.260625	267.578369
0.261250	200.681564
0.261875	-66.892372
0.262500	-167.235382
0.263125	0.000000
0.263750	133.789185
0.264375	0.000000
0.265000	-66.892372
0.265625	0.000000
0.266250	66.892372
0.266875	-33.447075
0.267500	-66.892372
0.268125	0.000000
0.268750	66.892372
0.269375	0.000000
0.270000	-33.447075
0.270625	100.343010
0.271250	267.578369
0.271875	100.343010
0.272500	-133.789185
0.273125	-66.892372
0.273750	200.681564
0.274375	334.470764
0.275000	66.892372
0.275625	-66.892372
0.276250	-66.892372
0.276875	-66.892372
0.277500	-133.789185
0.278125	66.892372
0.278750	367.916931
0.279375	334.470764
0.280000	0.000000
0.280625	-100.343010
0.281250	66.892372
0.281875	301.024567
0.282500	200.681564
0.283125	33.447075
0.283750	100.343010
0.284375	133.789185
0.285000	-66.892372
0.285625	-234.127747
0.286250	-66.892372
0.286875	167.235382
0.287500	133.789185
0.288125	0.000000
0.288750	100.343010
0.289375	200.681564
0.290000	66.892372
0.290625	-100.343010
0.291250	-33.447075
0.291875	301.024567
0.292500	367.916931
0.293125	66.892372
0.293750	-167.235382
0.294375	-133.789185
0.295000	-66.892372
0.295625	0.000000
0.296250	100.343010
0.296875	200.681564
0.297500	66.892372
0.298125	-167.235382
0.298750	-200.681564
0.299375	66.892372
0.300000	401.367584
0.300625	334.470764
0.301250	66.892372
0.301875	-66.892372
0.302500	-66.892372
0.303125	-66.892372
0.303750	-33.447075
0.304375	200.681564
0.305000	234.127747
0.305625	-66.892372
0.306250	-267.578369
0.306875	-100.343010
0.307500	200.681564
0.308125	167.235382
0.308750	-66.892372
0.309375	-66.892372
0.310000	234.127747
0.310625	367.916931
0.311250	66.892372
0.311875	-100.343010
0.312500	0.000000
0.313125	133.789185
0.313750	0.000000
0.314375	-66.892372
0.315000	66.892372
0.315625	133.789185
0.316250	-66.892372
0.316875	-234.127747
0.317500	0.000000
0.318125	434.813751
0.318750	434.813751
0.319375	100.343010
0.320000	-66.892372
0.320625	-33.447075
0.321250	0.000000
0.321875	0.000000
0.322500	66.892372
0.323125	133.789185
0.323750	0.000000
0.324375	-200.681564
0.325000	-167.235382
0.325625	66.892372
0.326250	200.681564
0.326875	100.343010
0.327500	0.000000
0.328125	100.343010
0.328750	100.343010
0.329375	-66.892372
0.330000	-66.892372
0.330625	66.892372
0.331250	167.235382
0.331875	0.000000
0.332500	-100.343010
0.333125	-66.892372
0.333750	-33.447075
0.334375	-167.235382
0.335000	-234.127747
0.335625	0.000000
0.336250	301.024567
0.336875	200.681564
0.337500	-133.789185
0.338125	-200.681564
0.338750	0.000000
0.339375	200.681564
0.340000	200.681564
0.340625	100.343010
0.341250	66.892372
0.341875	-100.343010
0.342500	-301.024567
0.343125	-234.127747
0.343750	66.892372
0.344375	200.681564
0.345000	0.000000
0.345625	-133.789185
0.346250	-66.892372
0.346875	133.789185
0.347500	167.235382
0.348125	100.343010
0.348750	66.892372
0.349375	167.235382
0.350000	66.892372
0.350625	-133.789185
0.351250	-66.892372
0.351875	66.892372
0.352500	66.892372
0.353125	-66.892372
0.353750	0.000000
0.354375	167.235382
0.355000	100.343010
0.355625	-133.789185
0.356250	-100.343010
0.356875	167.235382
0.357500	401.367584
0.358125	301.024567
0.358750	133.789185
0.359375	100.343010
0.360000	0.000000
0.360625	-66.892372
0.361250	-66.892372
0.361875	200.681564
0.362500	267.578369
0.363125	0.000000
0.363750	-200.681564
0.364375	-66.892372
0.365000	200.681564
0.365625	200.681564
0.366250	0.000000
0.366875	66.892372
0.367500	200.681564
0.368125	100.343010
0.368750	-66.892372
0.369375	-100.343010
0.370000	66.892372
0.370625	100.343010
0.371250	-66.892372
0.371875	-133.789185
0.372500	0.000000
0.373125	33.447075
0.373750	-133.789185
0.374375	-234.127747
0.375000	-66.892372
0.375625	200.681564
0.376250	133.789185
0.376875	-66.892372
0.377500	-66.892372
0.378125	0.000000
0.378750	66.892372
0.379375	133.789185
0.380000	234.127747
0.380625	234.127747
0.381250	-66.892372
0.381875	-334.470764
0.382500	-267.578369
0.383125	66.892372
0.383750	200.681564
0.384375	66.892372
0.385000	-100.343010
0.385625	-66.892372
0.386250	-66.892372
0.386875	-66.892372
0.387500	-66.892372
0.388125	100.343010
0.388750	167.235382
0.389375	-33.447075
0.390000	-167.235382
0.390625	-100.343010
0.391250	0.000000
0.391875	-66.892372
0.392500	-167.235382
0.393125	-66.892372
0.393750	100.343010
0.394375	0.000000
0.395000	-200.681564
0.395625	-267.578369
0.396250	-66.892372
0.396875	167.235382
0.397500	167.235382
0.398125	200.681564
0.398750	200.681564
0.399375	33.447075
0.400000	-200.681564
0.400625	-200.681564
0.401250	66.892372
0.401875	301.024567
0.402500	100.343010
