-0.020000	-0.080272
-0.019900	-0.207688
-0.019800	-0.335104
-0.019700	-0.122744
-0.019600	-0.250160
-0.019500	-0.037800
-0.019400	0.004672
-0.019300	-0.080272
-0.019200	-0.080272
-0.019100	-0.080272
-0.019000	-0.250160
-0.018900	0.047144
-0.018800	-0.080272
-0.018700	0.047144
-0.018600	-0.292632
-0.018500	-0.037800
-0.018400	-0.122744
-0.018300	-0.165216
-0.018200	0.089616
-0.018100	-0.080272
-0.018000	-0.080272
-0.017900	-0.165216
-0.017800	-0.037800
-0.017700	-0.080272
-0.017600	0.047144
-0.017500	-0.250160
-0.017400	-0.165216
-0.017300	0.004672
-0.017200	-0.165216
-0.017100	0.089616
-0.017000	0.132088
-0.016900	0.217032
-0.016800	-0.037800
-0.016700	0.047144
-0.016600	0.004672
-0.016500	0.089616
-0.016400	-0.250160
-0.016300	-0.165216
-0.016200	0.004672
-0.016100	-0.080272
-0.016000	0.047144
-0.015900	0.004672
-0.015800	0.047144
-0.015700	-0.122744
-0.015600	0.004672
-0.015500	0.174560
-0.015400	-0.037800
-0.015300	-0.122744
-0.015200	-0.037800
-0.015100	-0.037800
-0.015000	-0.165216
-0.014900	-0.080272
-0.014800	-0.037800
-0.014700	-0.122744
-0.014600	-0.080272
-0.014500	-0.080272
-0.014400	0.089616
-0.014300	0.089616
-0.014200	0.047144
-0.014100	-0.207688
-0.014000	0.047144
-0.013900	-0.122744
-0.013800	-0.037800
-0.013700	-0.165216
-0.013600	0.047144
-0.013500	0.004672
-0.013400	-0.037800
-0.013300	-0.037800
-0.013200	0.132088
-0.013100	0.132088
-0.013000	0.089616
-0.012900	-0.037800
-0.012800	-0.037800
-0.012700	-0.037800
-0.012600	-0.037800
-0.012500	-0.037800
-0.012400	0.047144
-0.012300	0.089616
-0.012200	-0.207688
-0.012100	0.004672
-0.012000	-0.165216
-0.011900	0.047144
-0.011800	-0.037800
-0.011700	0.004672
-0.011600	0.047144
-0.011500	-0.037800
-0.011400	0.004672
-0.011300	0.004672
-0.011200	0.004672
-0.011100	0.132088
-0.011000	-0.122744
-0.010900	-0.080272
-0.010800	0.089616
-0.010700	0.004672
-0.010600	0.174560
-0.010500	0.004672
-0.010400	-0.080272
-0.010300	0.004672
-0.010200	-0.037800
-0.010100	0.047144
-0.010000	0.047144
-0.009900	-0.165216
-0.009800	-0.037800
-0.009700	0.047144
-0.009600	0.132088
-0.009500	0.089616
-0.009400	0.047144
-0.009300	0.004672
-0.009200	0.047144
-0.009100	0.174560
-0.009000	0.132088
-0.008900	0.132088
-0.008800	0.004672
-0.008700	0.174560
-0.008600	-0.037800
-0.008500	0.004672
-0.008400	0.089616
-0.008300	0.174560
-0.008200	0.174560
-0.008100	0.047144
-0.008000	-0.080272
-0.007900	0.174560
-0.007800	0.047144
-0.007700	0.174560
-0.007600	-0.292632
-0.007500	0.089616
-0.007400	0.047144
-0.007300	0.132088
-0.007200	-0.165216
-0.007100	-0.080272
-0.007000	0.004672
-0.006900	0.132088
-0.006800	0.089616
-0.006700	0.132088
-0.006600	0.132088
-0.006500	-0.037800
-0.006400	0.132088
-0.006300	0.089616
-0.006200	0.047144
-0.006100	0.132088
-0.006000	0.089616
-0.005900	0.004672
-0.005800	-0.080272
-0.005700	0.004672
-0.005600	-0.037800
-0.005500	0.174560
-0.005400	0.047144
-0.005300	0.004672
-0.005200	0.047144
-0.005100	0.217032
-0.005000	-0.037800
-0.004900	0.089616
-0.004800	-0.037800
-0.004700	-0.037800
-0.004600	0.132088
-0.004500	-0.037800
-0.004400	0.004672
-0.004300	0.004672
-0.004200	0.004672
-0.004100	0.089616
-0.004000	0.004672
-0.003900	-0.080272
-0.003800	0.217032
-0.003700	0.132088
-0.003600	0.047144
-0.003500	-0.080272
-0.003400	0.132088
-0.003300	0.089616
-0.003200	-0.080272
-0.003100	0.089616
-0.003000	0.004672
-0.002900	0.004672
-0.002800	0.089616
-0.002700	-0.122744
-0.002600	0.174560
-0.002500	0.004672
-0.002400	0.089616
-0.002300	0.047144
-0.002200	0.004672
-0.002100	0.004672
-0.002000	0.004672
-0.001900	-0.080272
-0.001800	-0.037800
-0.001700	0.089616
-0.001600	0.174560
-0.001500	-0.207688
-0.001400	0.047144
-0.001300	0.089616
-0.001200	0.004672
-0.001100	0.004672
-0.001000	-0.165216
-0.000900	0.132088
-0.000800	0.004672
-0.000700	0.004672
-0.000600	0.047144
-0.000500	0.089616
-0.000400	0.174560
-0.000300	-0.037800
-0.000200	0.047144
-0.000100	0.047144
0.000000	-0.080272
0.000100	0.089616
0.000200	0.089616
0.000300	0.217032
0.000400	0.217032
0.000500	-0.080272
0.000600	0.004672
0.000700	0.301976
0.000800	0.089616
0.000900	0.089616
0.001000	0.174560
0.001100	0.047144
0.001200	0.047144
0.001300	0.217032
0.001400	-0.037800
0.001500	-0.037800
0.001600	-0.080272
0.001700	0.047144
0.001800	0.132088
0.001900	0.004672
0.002000	0.047144
0.002100	0.217032
0.002200	0.217032
0.002300	0.132088
0.002400	0.089616
0.002500	0.089616
0.002600	0.132088
0.002700	0.174560
0.002800	0.174560
0.002900	0.132088
0.003000	0.132088
0.003100	0.047144
0.003200	-0.037800
0.003300	0.004672
0.003400	-0.037800
0.003500	0.089616
0.003600	0.132088
0.003700	0.217032
0.003800	0.047144
0.003900	0.047144
0.004000	0.089616
0.004100	0.217032
0.004200	0.386920
0.004300	0.301976
0.004400	0.259504
0.004500	0.047144
0.004600	0.132088
0.004700	0.132088
0.004800	-0.080272
0.004900	0.004672
0.005000	0.217032
0.005100	0.386920
0.005200	0.429392
0.005300	0.217032
0.005400	0.047144
0.005500	0.132088
0.005600	-0.122744
0.005700	0.047144
0.005800	0.174560
0.005900	0.132088
0.006000	0.132088
0.006100	-0.080272
0.006200	0.132088
0.006300	0.301976
0.006400	0.132088
0.006500	0.174560
0.006600	0.217032
0.006700	0.047144
0.006800	-0.080272
0.006900	0.217032
0.007000	0.344448
0.007100	0.174560
0.007200	-0.250160
0.007300	-0.165216
0.007400	0.174560
0.007500	0.514336
0.007600	0.344448
0.007700	-0.080272
0.007800	-0.165216
0.007900	-0.122744
0.008000	0.047144
0.008100	0.429392
0.008200	0.089616
0.008300	0.174560
0.008400	-0.122744
0.008500	-0.037800
0.008600	-0.165216
0.008700	0.089616
0.008800	0.217032
0.008900	0.344448
0.009000	0.556808
0.009100	0.854112
0.009200	0.259504
0.009300	-0.377576
0.009400	-0.250160
0.009500	0.132088
0.009600	0.471864
0.009700	0.004672
0.009800	-0.887240
0.009900	-0.887240
0.010000	-0.122744
0.010100	0.259504
0.010200	0.471864
0.010300	0.174560
0.010400	0.429392
0.010500	1.746020
0.010600	2.468050
0.010700	2.468050
0.010800	1.873440
0.010900	1.703550
0.011000	1.746020
0.011100	1.363780
0.011200	1.533660
0.011300	2.043330
0.011400	3.784680
0.011500	5.101310
0.011600	5.526030
0.011700	5.526030
0.011800	6.757720
0.011900	9.263570
0.012000	10.537700
0.012100	10.537700
0.012200	11.726900
0.012300	13.978000
0.012400	16.186501
0.012500	18.182699
0.012600	18.267599
0.012700	13.893000
0.012800	7.649630
0.012900	7.352330
0.013000	17.630600
0.013100	32.665600
0.013200	37.295101
0.013300	24.511000
0.013400	7.012550
0.013500	3.742210
0.013600	17.418200
0.013700	27.951200
0.013800	20.688499
0.013900	3.997040
0.014000	-3.265670
0.014100	5.271200
0.014200	18.947201
0.014300	22.769699
0.014400	12.788700
0.014500	-4.157580
0.014600	-16.559401
0.014700	-12.609500
0.014800	6.290530
0.014900	25.785200
0.015000	33.939800
0.015100	28.206100
0.015200	16.229000
0.015300	12.321600
0.015400	22.514799
0.015500	35.766102
0.015600	38.144501
0.015700	27.569000
0.015800	15.167200
0.015900	13.893000
0.016000	22.769699
0.016100	32.623199
0.016200	30.202299
0.016300	14.997300
0.016400	2.383100
0.016500	5.526030
0.016600	18.522499
0.016700	27.993700
0.016800	29.480200
0.016900	26.125000
0.017000	13.808100
0.017100	-4.157580
0.017200	-6.918260
0.017300	20.900900
0.017400	67.407700
0.017500	86.137901
0.017600	41.627201
0.017700	-25.563499
0.017800	-35.374500
0.017900	11.047400
0.018000	35.766102
0.018100	9.900650
0.018200	-17.706200
0.018300	-4.794660
0.018400	27.866301
0.018500	35.766102
0.018600	15.931700
0.018700	4.888950
0.018800	13.680700
0.018900	17.842899
0.019000	8.541540
0.019100	8.966260
0.019200	28.885599
0.019300	44.430401
0.019400	33.939800
0.019500	6.460420
0.019600	-13.543900
0.019700	-10.570900
0.019800	11.429600
0.019900	28.291000
0.020000	26.082500
0.020100	13.001100
0.020200	-0.844768
0.020300	-8.489730
0.020400	-2.925900
0.020500	9.985590
0.020600	17.205799
0.020700	14.105400
0.020800	6.417940
0.020900	6.120640
0.021000	11.854400
0.021100	16.653700
0.021200	17.205799
0.021300	14.742500
0.021400	10.495300
0.021500	3.147600
0.021600	-0.165216
0.021700	7.819520
0.021800	15.337100
0.021900	8.286710
0.022000	-5.346800
0.022100	-6.451070
0.022200	4.888950
0.022300	12.364000
0.022400	5.950750
0.022500	-4.837140
0.022600	-4.412420
0.022700	5.271200
0.022800	11.599500
0.022900	8.541540
0.023000	3.062660
0.023100	4.209400
0.023200	11.684500
0.023300	18.777300
0.023400	18.692400
0.023500	11.981800
0.023600	3.912100
0.023700	0.854112
0.023800	2.213220
0.023900	4.336820
0.024000	5.398620
0.024100	5.143780
0.024200	2.722880
0.024300	-1.609260
0.024400	-3.053310
0.024500	2.977710
0.024600	9.008740
0.024700	5.908280
0.024800	-2.033980
0.024900	-1.184540
0.025000	11.387200
0.025100	21.792801
0.025200	16.313900
0.025300	2.807820
0.025400	-0.122744
0.025500	9.900650
0.025600	17.120899
0.025700	13.468300
0.025800	8.626490
0.025900	9.390980
0.026000	11.896800
0.026100	9.475930
0.026200	6.078170
0.026300	7.649630
0.026400	11.174800
0.026500	9.858180
0.026600	7.012550
0.026700	9.773230
0.026800	16.568800
0.026900	18.862200
0.027000	13.978000
0.027100	6.715250
0.027200	3.954570
0.027300	7.989410
0.027400	14.445200
0.027500	17.503099
0.027600	14.912300
0.027700	9.688290
0.027800	7.352330
0.027900	10.155500
0.028000	12.321600
0.028100	8.796380
0.028200	6.375470
0.028300	12.618900
0.028400	20.433701
0.028500	19.117100
0.028600	9.900650
0.028700	5.271200
0.028800	9.475930
0.028900	14.530100
0.029000	14.020400
0.029100	12.873700
0.029200	15.039800
0.029300	14.954800
0.029400	9.688290
0.029500	6.375470
0.029600	10.537700
0.029700	15.379500
0.029800	13.298400
0.029900	7.607160
0.030000	6.502890
0.030100	10.198000
0.030200	12.194100
0.030300	10.113000
0.030400	6.757720
0.030500	6.163110
0.030600	7.139970
0.030700	10.325400
0.030800	13.043600
0.030900	9.900650
0.031000	6.630300
0.031100	7.861990
0.031200	12.279100
0.031300	14.912300
0.031400	11.472100
0.031500	7.649630
0.031600	7.904460
0.031700	10.070500
0.031800	10.070500
0.031900	8.201770
0.032000	8.286710
0.032100	10.835000
0.032200	11.344700
0.032300	6.970080
0.032400	4.336820
0.032500	6.842660
0.032600	9.348510
0.032700	8.541540
0.032800	7.224910
0.032900	8.329180
0.033000	10.792600
0.033100	9.985590
0.033200	6.587830
0.033300	6.290530
0.033400	9.348510
0.033500	11.981800
0.033600	9.730760
0.033700	5.526030
0.033800	5.143780
0.033900	9.518400
0.034000	13.128500
0.034100	10.920000
0.034200	5.865810
0.034300	4.209400
0.034400	8.499070
0.034500	13.128500
0.034600	12.321600
0.034700	7.564690
0.034800	5.865810
0.034900	9.730760
0.035000	14.190300
0.035100	13.001100
0.035200	8.753900
0.035300	9.051210
0.035400	13.765600
0.035500	14.062900
0.035600	8.881320
0.035700	6.248060
0.035800	10.155500
0.035900	15.124700
0.036000	13.043600
0.036100	6.502890
0.036200	5.441090
0.036300	9.390980
0.036400	11.557100
0.036500	9.348510
0.036600	6.417940
0.036700	7.904460
0.036800	11.089900
0.036900	11.472100
0.037000	8.796380
0.037100	7.989410
0.037200	10.155500
0.037300	12.746300
0.037400	13.553200
0.037500	12.194100
0.037600	11.047400
0.037700	11.939300
0.037800	12.576400
0.037900	12.279100
0.038000	11.642000
0.038100	12.491400
0.038200	14.020400
0.038300	14.232800
0.038400	13.001100
0.038500	13.086000
0.038600	14.784900
0.038700	14.232800
0.038800	11.387200
0.038900	9.900650
0.039000	13.850500
0.039100	19.202000
0.039200	17.205799
0.039300	9.815700
0.039400	6.757720
0.039500	10.495300
0.039600	16.229000
0.039700	18.310101
0.039800	15.039800
0.039900	11.387200
0.040000	12.024200
0.040100	14.275300
0.040200	14.827400
0.040300	13.213500
0.040400	10.962400
0.040500	11.726900
0.040600	14.615000
0.040700	14.445200
0.040800	11.259800
0.040900	9.773230
0.041000	12.406500
0.041100	15.209600
0.041200	14.275300
0.041300	11.047400
0.041400	10.707600
0.041500	14.232800
0.041600	15.761800
0.041700	12.151700
0.041800	9.943120
0.041900	13.001100
0.042000	16.993500
0.042100	16.059099
0.042200	11.387200
0.042300	9.008740
0.042400	11.981800
0.042500	14.615000
0.042600	13.086000
0.042700	10.622700
0.042800	11.089900
0.042900	13.893000
0.043000	15.039800
0.043100	12.703800
0.043200	10.495300
0.043300	11.684500
0.043400	14.530100
0.043500	14.530100
0.043600	11.726900
0.043700	9.688290
0.043800	11.174800
0.043900	13.935500
0.044000	12.873700
0.044100	9.093680
0.044200	8.881320
0.044300	13.086000
0.044400	15.591900
0.044500	12.958600
0.044600	8.159300
0.044700	7.522220
0.044800	11.514600
0.044900	13.893000
0.045000	10.665100
0.045100	6.715250
0.045200	7.734580
0.045300	11.981800
0.045400	12.746300
0.045500	9.815700
0.045600	8.074350
0.045700	9.518400
0.045800	10.750100
0.045900	9.221100
0.046000	7.309860
0.046100	7.861990
0.046200	10.707600
0.046300	11.089900
0.046400	7.946940
0.046500	5.865810
0.046600	6.672780
0.046700	9.221100
0.046800	10.367800
0.046900	8.329180
0.047000	5.780860
0.047100	6.163110
0.047200	8.499070
0.047300	9.008740
0.047400	7.394800
0.047500	5.993220
0.047600	6.375470
0.047700	8.244240
0.047800	8.031880
0.047900	6.078170
0.048000	5.058840
0.048100	6.800190
0.048200	7.224910
0.048300	4.804010
0.048400	3.444900
0.048500	5.186260
0.048600	7.904460
0.048700	6.885140
0.048800	3.784680
0.048900	2.170740
0.049000	4.294340
0.049100	6.587830
0.049200	7.182440
0.049300	5.610980
0.049400	3.827150
0.049500	3.444900
0.049600	3.317490
0.049700	3.275020
0.049800	3.444900
0.049900	3.869620
0.050000	4.549180
0.050100	4.973900
0.050200	4.634120
0.050300	4.549180
0.050400	5.143780
0.050500	5.313670
0.050600	3.742210
0.050700	2.935240
0.050800	5.993220
0.050900	6.715250
0.051000	1.406250
0.051100	-0.887240
0.051200	2.128270
0.051300	5.526030
0.051400	5.398620
0.051500	2.637940
0.051600	0.556808
0.051700	2.170740
0.051800	6.502890
0.051900	8.626490
0.052000	5.950750
0.052100	0.811640
0.052200	-0.420048
0.052300	4.294340
0.052400	8.456600
0.052500	6.800190
0.052600	3.657260
0.052700	2.850300
0.052800	4.336820
0.052900	4.888950
0.053000	3.529850
0.053100	4.209400
0.053200	7.904460
0.053300	9.051210
0.053400	6.417940
0.053500	3.147600
0.053600	3.062660
0.053700	5.695920
0.053800	7.182440
0.053900	4.506700
0.054000	1.024000
0.054100	1.024000
0.054200	3.997040
0.054300	5.653450
0.054400	4.209400
0.054500	2.892770
0.054600	4.421760
0.054700	6.290530
0.054800	5.271200
0.054900	2.255690
0.055000	1.746020
0.055100	5.016370
0.055200	7.946940
0.055300	6.545360
0.055400	3.147600
0.055500	2.468050
0.055600	5.143780
0.055700	7.097500
0.055800	5.780860
0.055900	3.232540
0.056000	3.062660
0.056100	5.313670
0.056200	7.055020
0.056300	6.120640
0.056400	4.719060
0.056500	4.973900
0.056600	6.120640
0.056700	6.460420
0.056800	5.356140
0.056900	4.464230
0.057000	4.931420
0.057100	6.205580
0.057200	5.993220
0.057300	4.846480
0.057400	4.506700
0.057500	5.738390
0.057600	6.800190
0.057700	5.271200
0.057800	3.614790
0.057900	4.676590
0.058000	7.224910
0.058100	7.564690
0.058200	5.950750
0.058300	5.101310
0.058400	6.885140
0.058500	7.734580
0.058600	5.823340
0.058700	3.954570
0.058800	4.336820
0.058900	6.800190
0.059000	7.777050
0.059100	5.483560
0.059200	3.869620
0.059300	6.120640
0.059400	7.394800
0.059500	7.055020
0.059600	6.120640
0.059700	5.356140
0.059800	5.950750
0.059900	6.885140
0.060000	6.842660
0.060100	5.526030
0.060200	4.166930
0.060300	4.379290
0.060400	5.780860
0.060500	6.035700
0.060600	5.610980
0.060700	5.695920
0.060800	7.012550
0.060900	7.055020
0.061000	4.846480
0.061100	3.742210
0.061200	4.719060
0.061300	6.163110
0.061400	6.715250
0.061500	6.502890
0.061600	4.591650
0.061700	4.464230
0.061800	5.653450
0.061900	5.738390
0.062000	4.336820
0.062100	4.251870
0.062200	5.610980
0.062300	5.908280
0.062400	4.421760
0.062500	3.359960
0.062600	3.997040
0.062700	5.526030
0.062800	5.313670
0.062900	3.317490
0.063000	2.850300
0.063100	4.931420
0.063200	5.950750
0.063300	5.356140
0.063400	3.572320
0.063500	2.298160
0.063600	3.402430
0.063700	4.591650
0.063800	4.634120
0.063900	3.657260
0.064000	3.699740
0.064100	4.846480
0.064200	5.356140
0.064300	3.827150
0.064400	2.340630
0.064500	3.657260
0.064600	5.143780
0.064700	4.888950
0.064800	2.552990
0.064900	1.108940
0.065000	1.788500
0.065100	4.039510
0.065200	5.271200
0.065300	3.444900
0.065400	3.020180
0.065500	4.464230
0.065600	5.101310
0.065700	3.572320
0.065800	2.085800
0.065900	1.958380
0.066000	2.170740
0.066100	2.085800
0.066200	2.637940
0.066300	4.761540
0.066400	6.205580
0.066500	5.610980
0.066600	2.255690
0.066700	0.514336
0.066800	1.915910
0.066900	5.101310
0.067000	5.865810
0.067100	2.425580
0.067200	-0.207688
0.067300	1.193890
0.067400	5.780860
0.067500	8.159300
0.067600	5.526030
0.067700	0.854112
0.067800	-0.420048
0.067900	2.595460
0.068000	5.441090
0.068100	4.973900
0.068200	3.105130
0.068300	2.255690
0.068400	3.402430
0.068500	4.166930
0.068600	4.294340
0.068700	4.464230
0.068800	4.634120
0.068900	3.402430
0.069000	1.108940
0.069100	0.301976
0.069200	2.128270
0.069300	3.784680
0.069400	3.827150
0.069500	2.595460
0.069600	2.255690
0.069700	2.935240
0.069800	3.402430
0.069900	2.552990
0.070000	1.915910
0.070100	2.128270
0.070200	3.190070
0.070300	3.487380
0.070400	2.637940
0.070500	1.873440
0.070600	2.340630
0.070700	3.020180
0.070800	2.765350
0.070900	1.661080
0.071000	1.236360
0.071100	2.298160
0.071200	3.614790
0.071300	3.359960
0.071400	1.746020
0.071500	1.406250
0.071600	2.892770
0.071700	4.081980
0.071800	2.935240
0.071900	1.448720
0.072000	1.448720
0.072100	3.444900
0.072200	4.421760
0.072300	3.105130
0.072400	2.000860
0.072500	2.425580
0.072600	3.657260
0.072700	3.529850
0.072800	2.637940
0.072900	2.255690
0.073000	3.402430
0.073100	4.039510
0.073200	3.062660
0.073300	1.873440
0.073400	2.340630
0.073500	3.359960
0.073600	3.444900
0.073700	2.552990
0.073800	2.170740
0.073900	3.402430
0.074000	4.591650
0.074100	4.166930
0.074200	2.213220
0.074300	1.193890
0.074400	2.680410
0.074500	4.081980
0.074600	4.549180
0.074700	3.062660
0.074800	1.576140
0.074900	2.255690
0.075000	3.657260
0.075100	3.827150
0.075200	2.807820
0.075300	2.255690
0.075400	3.487380
0.075500	4.719060
0.075600	3.954570
0.075700	1.746020
0.075800	0.726696
0.075900	1.703550
0.076000	3.529850
0.076100	3.997040
0.076200	2.892770
0.076300	2.298160
0.076400	3.657260
0.076500	5.016370
0.076600	5.101310
0.076700	2.637940
0.076800	-0.717352
0.076900	-0.887240
0.077000	2.637940
0.077100	6.460420
0.077200	6.842660
0.077300	3.275020
0.077400	-0.335104
0.077500	-0.589936
0.077600	2.170740
0.077700	5.441090
0.077800	5.526030
0.077900	1.746020
0.078000	-1.736680
0.078100	-0.335104
0.078200	5.695920
0.078300	9.433460
0.078400	6.163110
0.078500	-0.504992
0.078600	-2.373760
0.078700	1.873440
0.078800	5.568500
0.078900	4.973900
0.079000	1.873440
0.079100	-0.207688
0.079200	0.344448
0.079300	2.043330
0.079400	3.954570
0.079500	5.526030
0.079600	5.483560
0.079700	3.402430
0.079800	0.854112
0.079900	-0.165216
0.080000	1.193890
0.080100	3.529850
0.080200	4.124460
0.080300	3.147600
0.080400	2.043330
0.080500	1.830970
0.080600	2.085800
0.080700	2.425580
0.080800	2.255690
0.080900	2.085800
0.081000	2.510520
0.081100	2.807820
0.081200	2.850300
0.081300	1.661080
0.081400	0.132088
0.081500	0.174560
0.081600	2.425580
0.081700	2.977710
0.081800	1.830970
0.081900	1.278830
0.082000	0.896584
0.082100	1.363780
0.082200	2.043330
0.082300	2.255690
0.082400	2.425580
0.082500	2.552990
0.082600	2.255690
0.082700	1.873440
0.082800	1.576140
0.082900	2.085800
0.083000	2.170740
0.083100	2.000860
0.083200	2.213220
0.083300	2.680410
0.083400	2.977710
0.083500	2.595460
0.083600	1.873440
0.083700	2.807820
0.083800	4.166930
0.083900	3.827150
0.084000	1.873440
0.084100	1.491190
0.084200	3.572320
0.084300	4.931420
0.084400	3.614790
0.084500	1.533660
0.084600	0.981528
0.084700	2.170740
0.084800	3.657260
0.084900	4.209400
0.085000	2.977710
0.085100	1.491190
0.085200	0.556808
0.085300	1.576140
0.085400	3.317490
0.085500	4.081980
0.085600	3.487380
0.085700	3.232540
0.085800	3.572320
0.085900	4.081980
0.086000	3.742210
0.086100	3.614790
0.086200	3.742210
0.086300	3.827150
0.086400	3.232540
0.086500	2.340630
0.086600	2.000860
0.086700	2.255690
0.086800	1.873440
0.086900	1.321300
0.087000	1.448720
0.087100	2.000860
0.087200	2.637940
0.087300	2.807820
0.087400	1.788500
0.087500	0.896584
0.087600	1.278830
0.087700	2.637940
0.087800	3.529850
0.087900	2.637940
0.088000	1.576140
0.088100	1.151420
0.088200	1.363780
0.088300	1.958380
0.088400	2.043330
0.088500	1.788500
0.088600	1.448720
0.088700	1.746020
0.088800	2.043330
0.088900	2.213220
0.089000	1.236360
0.089100	-0.759824
0.089200	-1.694210
0.089300	-0.080272
0.089400	1.873440
0.089500	1.618610
0.089600	0.132088
0.089700	-0.080272
0.089800	1.236360
0.089900	1.533660
0.090000	-0.335104
0.090100	-1.906570
0.090200	-0.802296
0.090300	1.448720
0.090400	1.703550
0.090500	0.004672
0.090600	-1.481850
0.090700	-0.717352
0.090800	0.726696
0.090900	0.981528
0.091000	-1.269490
0.091100	-3.095780
0.091200	-2.203870
0.091300	0.174560
0.091400	1.193890
0.091500	0.599280
0.091600	-1.099600
0.091700	-1.779150
0.091800	-0.972184
0.091900	0.089616
0.092000	0.514336
0.092100	-0.844768
0.092200	-3.053310
0.092300	-2.968370
0.092400	-0.717352
0.092500	1.278830
0.092600	2.255690
0.092700	3.742210
0.092800	4.804010
0.092900	5.058840
0.093000	3.572320
0.093100	-0.122744
0.093200	-3.138260
0.093300	-3.562980
0.093400	-2.076460
0.093500	-1.311960
0.093600	-2.373760
0.093700	-4.157580
0.093800	-3.393090
0.093900	0.514336
0.094000	4.039510
0.094100	2.085800
0.094200	-3.987700
0.094300	-7.895120
0.094400	-5.346800
0.094500	0.301976
0.094600	2.850300
0.094700	-0.420048
0.094800	-5.261860
0.094900	-7.300510
0.095000	-4.582300
0.095100	-0.632408
0.095200	1.448720
0.095300	-0.292632
0.095400	-3.393090
0.095500	-3.562980
0.095600	-0.717352
0.095700	1.108940
0.095800	-0.844768
0.095900	-4.030170
0.096000	-4.752190
0.096100	-2.246340
0.096200	0.047144
0.096300	0.896584
0.096400	0.004672
0.096500	-1.439380
0.096600	-3.138260
0.096700	-4.497360
0.096800	-5.389270
0.096900	-5.134440
0.097000	-4.030170
0.097100	-4.115110
0.097200	-4.709720
0.097300	-3.690390
0.097400	-1.142070
0.097500	-1.142070
0.097600	-4.964550
0.097700	-7.385460
0.097800	-3.732860
0.097900	2.637940
0.098000	3.444900
0.098100	-1.566790
0.098200	-5.729050
0.098300	-6.281180
0.098400	-4.837140
0.098500	-3.987700
0.098600	-3.478030
0.098700	-3.987700
0.098800	-5.176910
0.098900	-5.559160
0.099000	-4.327470
0.099100	-2.925900
0.099200	-3.053310
0.099300	-3.902750
0.099400	-3.605450
0.099500	-2.628590
0.099600	-2.458700
0.099700	-3.095780
0.099800	-3.860280
0.099900	-4.030170
0.100000	-3.987700
0.100100	-5.049500
0.100200	-5.601630
0.100300	-5.431740
0.100400	-4.667250
0.100500	-4.454890
0.100600	-5.176910
0.100700	-6.026350
0.100800	-5.431740
0.100900	-3.690390
0.101000	-3.902750
0.101100	-6.111300
0.101200	-6.536020
0.101300	-4.412420
0.101400	-2.458700
0.101500	-2.968370
0.101600	-3.393090
0.101700	-2.458700
0.101800	-2.883420
0.101900	-6.238710
0.102000	-7.937590
0.102100	-4.922080
0.102200	-2.118930
0.102300	-3.902750
0.102400	-7.173100
0.102500	-7.258040
0.102600	-5.431740
0.102700	-4.837140
0.102800	-5.813990
0.102900	-6.323660
0.103000	-5.941410
0.103100	-4.369940
0.103200	-2.883420
0.103300	-3.265670
0.103400	-5.304330
0.103500	-7.045680
0.103600	-6.026350
0.103700	-2.968370
0.103800	-1.609260
0.103900	-3.605450
0.104000	-6.918260
0.104100	-8.319840
0.104200	-5.898940
0.104300	-3.902750
0.104400	-4.412420
0.104500	-6.323660
0.104600	-7.470400
0.104700	-7.385460
0.104800	-6.790850
0.104900	-5.644100
0.105000	-4.412420
0.105100	-4.200060
0.105200	-5.091970
0.105300	-6.281180
0.105400	-7.088150
0.105500	-7.130620
0.105600	-5.601630
0.105700	-4.879610
0.105800	-5.898940
0.105900	-8.065010
0.106000	-9.339170
0.106100	-7.937590
0.106200	-4.922080
0.106300	-3.690390
0.106400	-4.837140
0.106500	-5.601630
0.106600	-5.601630
0.106700	-4.582300
0.106800	-3.732860
0.106900	-3.647920
0.107000	-3.945220
0.107100	-4.709720
0.107200	-5.983880
0.107300	-6.663430
0.107400	-5.559160
0.107500	-4.497360
0.107600	-3.860280
0.107700	-4.837140
0.107800	-6.578490
0.107900	-6.451070
0.108000	-3.987700
0.108100	-2.161400
0.108200	-2.883420
0.108300	-4.964550
0.108400	-6.408600
0.108500	-5.007020
0.108600	-2.076460
0.108700	-0.377576
0.108800	-0.802296
0.108900	-3.180730
0.109000	-6.366130
0.109100	-7.045680
0.109200	-4.157580
0.109300	-1.099600
0.109400	-1.269490
0.109500	-4.922080
0.109600	-7.470400
0.109700	-5.813990
0.109800	-1.991510
0.109900	-1.142070
0.110000	-3.223200
0.110100	-5.304330
0.110200	-5.431740
0.110300	-4.454890
0.110400	-3.478030
0.110500	-1.736680
0.110600	-0.165216
0.110700	-0.335104
0.110800	-2.501180
0.110900	-5.007020
0.111000	-6.196240
0.111100	-5.007020
0.111200	-2.288820
0.111300	-0.504992
0.111400	-2.246340
0.111500	-5.431740
0.111600	-5.729050
0.111700	-1.439380
0.111800	2.043330
0.111900	0.217032
0.112000	-4.624780
0.112100	-6.748380
0.112200	-4.157580
0.112300	0.684224
0.112400	3.020180
0.112500	1.406250
0.112600	-2.033980
0.112700	-3.308140
0.112800	-1.524320
0.112900	0.386920
0.113000	-0.207688
0.113100	-2.076460
0.113200	-1.991510
0.113300	-0.292632
0.113400	0.429392
0.113500	0.089616
0.113600	-0.717352
0.113700	-0.547464
0.113800	-0.080272
0.113900	-0.122744
0.114000	0.004672
0.114100	0.386920
0.114200	0.684224
0.114300	0.811640
0.114400	0.471864
0.114500	0.684224
0.114600	1.788500
0.114700	2.298160
0.114800	1.193890
0.114900	0.004672
0.115000	0.896584
0.115100	2.468050
0.115200	2.722880
0.115300	1.406250
0.115400	0.641752
0.115500	1.448720
0.115600	2.935240
0.115700	2.510520
0.115800	2.000860
0.115900	2.085800
0.116000	2.595460
0.116100	2.383100
0.116200	2.085800
0.116300	2.765350
0.116400	3.827150
0.116500	4.336820
0.116600	3.742210
0.116700	2.510520
0.116800	2.213220
0.116900	2.765350
0.117000	3.614790
0.117100	4.209400
0.117200	3.742210
0.117300	2.552990
0.117400	2.722880
0.117500	3.699740
0.117600	3.912100
0.117700	2.807820
0.117800	2.085800
0.117900	2.977710
0.118000	3.954570
0.118100	3.359960
0.118200	2.298160
0.118300	2.552990
0.118400	3.784680
0.118500	3.912100
0.118600	2.510520
0.118700	1.830970
0.118800	2.425580
0.118900	3.020180
0.119000	2.807820
0.119100	1.915910
0.119200	2.170740
0.119300	2.807820
0.119400	3.275020
0.119500	2.765350
0.119600	2.085800
0.119700	2.425580
0.119800	3.105130
0.119900	2.765350
0.120000	1.788500
0.120100	1.193890
0.120200	1.193890
0.120300	2.340630
0.120400	2.977710
0.120500	2.425580
0.120600	1.406250
0.120700	0.854112
0.120800	1.576140
0.120900	2.170740
0.121000	1.661080
0.121100	0.599280
0.121200	0.811640
0.121300	1.703550
0.121400	1.830970
0.121500	1.278830
0.121600	1.788500
0.121700	2.383100
0.121800	1.193890
0.121900	-0.122744
0.122000	0.556808
0.122100	2.383100
0.122200	2.722880
0.122300	0.939056
0.122400	-0.292632
0.122500	0.726696
0.122600	2.043330
0.122700	1.278830
0.122800	-0.335104
0.122900	-0.929712
0.123000	0.174560
0.123100	1.236360
0.123200	1.108940
0.123300	0.514336
0.123400	0.386920
0.123500	0.514336
0.123600	0.514336
0.123700	0.301976
0.123800	0.386920
0.123900	0.599280
0.124000	0.174560
0.124100	-0.122744
0.124200	-0.547464
0.124300	-0.335104
0.124400	0.429392
0.124500	0.811640
0.124600	0.556808
0.124700	-0.589936
0.124800	-1.354430
0.124900	-0.802296
0.125000	0.217032
0.125100	0.301976
0.125200	-0.632408
0.125300	-1.396900
0.125400	-1.014660
0.125500	-0.080272
0.125600	0.259504
0.125700	-0.207688
0.125800	-0.335104
0.125900	-0.165216
0.126000	0.047144
0.126100	-0.165216
0.126200	-0.080272
0.126300	0.684224
0.126400	1.491190
0.126500	0.854112
0.126600	-0.462520
0.126700	-0.844768
0.126800	0.089616
0.126900	0.811640
0.127000	0.641752
0.127100	0.089616
0.127200	-0.420048
0.127300	-0.589936
0.127400	-0.080272
0.127500	0.004672
0.127600	-0.122744
0.127700	-0.250160
0.127800	-0.165216
0.127900	0.174560
0.128000	0.471864
0.128100	0.047144
0.128200	-0.250160
0.128300	-0.335104
0.128400	-0.504992
0.128500	-0.632408
0.128600	-0.972184
0.128700	-0.080272
0.128800	0.769168
0.128900	0.641752
0.129000	-0.632408
0.129100	-1.566790
0.129200	-0.929712
0.129300	-0.122744
0.129400	0.089616
0.129500	0.132088
0.129600	0.429392
0.129700	1.321300
0.129800	1.278830
0.129900	0.259504
0.130000	-0.165216
0.130100	0.004672
0.130200	-0.207688
0.130300	-1.227020
0.130400	-2.246340
0.130500	-1.524320
0.130600	0.259504
0.130700	1.321300
0.130800	0.769168
0.130900	-0.674880
0.131000	-1.949040
0.131100	-1.736680
0.131200	-0.122744
0.131300	0.939056
0.131400	0.641752
0.131500	-0.844768
0.131600	-1.014660
0.131700	0.514336
0.131800	2.000860
0.131900	1.066470
0.132000	-0.802296
0.132100	-1.439380
0.132200	-0.844768
0.132300	-0.504992
0.132400	-0.420048
0.132500	-0.037800
0.132600	0.174560
0.132700	-0.250160
0.132800	-0.972184
0.132900	-0.844768
0.133000	-0.037800
0.133100	-0.037800
0.133200	-0.335104
0.133300	-0.887240
0.133400	-0.632408
0.133500	-0.080272
0.133600	-0.037800
0.133700	-0.335104
0.133800	-0.080272
0.133900	0.471864
0.134000	0.344448
0.134100	-0.759824
0.134200	-0.972184
0.134300	-0.887240
0.134400	-0.080272
0.134500	-0.080272
0.134600	-0.759824
0.134700	-1.184540
0.134800	-0.802296
0.134900	-0.335104
0.135000	-0.335104
0.135100	-0.589936
0.135200	-1.014660
0.135300	-0.462520
0.135400	-0.207688
0.135500	-0.462520
0.135600	-0.929712
0.135700	-0.972184
0.135800	-0.589936
0.135900	-0.165216
0.136000	-0.292632
0.136100	-1.057130
0.136200	-0.717352
0.136300	0.047144
0.136400	0.004672
0.136500	-0.844768
0.136600	-1.609260
0.136700	-0.972184
0.136800	0.089616
0.136900	-0.037800
0.137000	-1.354430
0.137100	-1.609260
0.137200	-0.547464
0.137300	0.301976
0.137400	-0.420048
0.137500	-1.524320
0.137600	-1.269490
0.137700	-0.420048
0.137800	-0.122744
0.137900	-0.292632
0.138000	-0.759824
0.138100	-0.547464
0.138200	-0.335104
0.138300	-0.589936
0.138400	-0.589936
0.138500	-0.420048
0.138600	-0.420048
0.138700	-0.377576
0.138800	-0.844768
0.138900	-0.717352
0.139000	-0.589936
0.139100	-0.335104
0.139200	-0.589936
0.139300	-0.674880
0.139400	-0.887240
0.139500	-0.632408
0.139600	-0.122744
0.139700	-0.632408
0.139800	-1.354430
0.139900	-1.396900
0.140000	-0.462520
0.140100	0.301976
0.140200	-0.250160
0.140300	-1.524320
0.140400	-1.694210
0.140500	-0.335104
0.140600	0.896584
0.140700	0.217032
0.140800	-0.844768
0.140900	-1.269490
0.141000	-0.717352
0.141100	-0.080272
0.141200	-0.632408
0.141300	-0.759824
0.141400	-0.674880
0.141500	-0.377576
0.141600	-0.802296
0.141700	-1.311960
0.141800	-1.269490
0.141900	-0.377576
0.142000	0.174560
0.142100	-0.377576
0.142200	-1.439380
0.142300	-1.864100
0.142400	-1.227020
0.142500	0.132088
0.142600	0.132088
0.142700	-0.674880
0.142800	-1.057130
0.142900	-0.929712
0.143000	-0.250160
0.143100	0.386920
0.143200	0.004672
0.143300	-0.504992
0.143400	-0.929712
0.143500	-1.311960
0.143600	-1.354430
0.143700	-0.674880
0.143800	0.047144
0.143900	-0.462520
0.144000	-1.396900
0.144100	-1.906570
0.144200	-0.802296
0.144300	0.514336
0.144400	0.174560
0.144500	-0.887240
0.144600	-1.949040
0.144700	-1.439380
0.144800	-0.165216
0.144900	0.132088
0.145000	-0.717352
0.145100	-1.524320
0.145200	-1.227020
0.145300	-0.589936
0.145400	-0.589936
0.145500	-0.547464
0.145600	-0.504992
0.145700	-0.802296
0.145800	-0.632408
0.145900	-0.504992
0.146000	-0.759824
0.146100	-0.802296
0.146200	-0.504992
0.146300	-0.844768
0.146400	-1.184540
0.146500	-0.844768
0.146600	-0.207688
0.146700	-0.165216
0.146800	-0.759824
0.146900	-1.269490
0.147000	-1.184540
0.147100	-0.250160
0.147200	0.047144
0.147300	-0.462520
0.147400	-0.674880
0.147500	-0.377576
0.147600	0.301976
0.147700	-0.122744
0.147800	-1.184540
0.147900	-1.354430
0.148000	-0.929712
0.148100	-0.165216
0.148200	-0.292632
0.148300	-1.184540
0.148400	-1.099600
0.148500	-0.504992
0.148600	-0.122744
0.148700	-0.632408
0.148800	-1.142070
0.148900	-1.099600
0.149000	-0.844768
0.149100	-0.504992
0.149200	-0.759824
0.149300	-1.184540
0.149400	-1.014660
0.149500	-0.674880
0.149600	-0.335104
0.149700	-0.972184
0.149800	-0.929712
0.149900	-0.844768
0.150000	-0.122744
0.150100	-0.250160
0.150200	-0.547464
0.150300	-0.929712
0.150400	-0.759824
0.150500	-0.037800
0.150600	-0.504992
0.150700	-0.717352
0.150800	-0.504992
0.150900	0.301976
0.151000	0.344448
0.151100	-0.547464
0.151200	-1.651740
0.151300	-1.651740
0.151400	-0.674880
0.151500	0.132088
0.151600	-0.377576
0.151700	-1.014660
0.151800	-0.759824
0.151900	-0.335104
0.152000	-0.250160
0.152100	-0.674880
0.152200	-0.420048
0.152300	0.089616
0.152400	-0.547464
0.152500	-1.311960
0.152600	-1.184540
0.152700	0.089616
0.152800	0.939056
0.152900	-0.250160
0.153000	-1.609260
0.153100	-1.864100
0.153200	-0.632408
0.153300	0.301976
0.153400	-0.250160
0.153500	-1.439380
0.153600	-1.694210
0.153700	-0.717352
0.153800	0.217032
0.153900	0.386920
0.154000	-0.037800
0.154100	-0.377576
0.154200	-0.335104
0.154300	-0.589936
0.154400	-0.929712
0.154500	-0.377576
0.154600	0.259504
0.154700	0.217032
0.154800	-0.335104
0.154900	-0.844768
0.155000	-0.335104
0.155100	0.471864
0.155200	0.174560
0.155300	-0.589936
0.155400	-0.972184
0.155500	-0.717352
0.155600	-0.122744
0.155700	0.386920
0.155800	-0.037800
0.155900	-0.207688
0.156000	-0.420048
0.156100	-0.504992
0.156200	-0.292632
0.156300	-0.080272
0.156400	0.132088
0.156500	-0.165216
0.156600	-0.589936
0.156700	-0.632408
0.156800	-0.377576
0.156900	0.174560
0.157000	-0.165216
0.157100	-0.674880
0.157200	-1.057130
0.157300	-0.844768
0.157400	-0.165216
0.157500	-0.080272
0.157600	-0.122744
0.157700	-0.589936
0.157800	-0.589936
0.157900	-0.080272
0.158000	0.047144
0.158100	-0.844768
0.158200	-0.844768
0.158300	-0.420048
0.158400	0.217032
0.158500	0.344448
0.158600	-0.377576
0.158700	-0.844768
0.158800	-0.292632
0.158900	0.684224
0.159000	0.726696
0.159100	-0.037800
0.159200	-0.589936
0.159300	-0.420048
0.159400	0.301976
0.159500	0.047144
0.159600	-0.547464
0.159700	-0.547464
0.159800	0.217032
0.159900	0.514336
0.160000	0.047144
0.160100	-0.504992
0.160200	-0.080272
0.160300	0.726696
0.160400	0.769168
0.160500	-0.037800
0.160600	-0.292632
0.160700	-0.080272
0.160800	0.514336
0.160900	0.514336
0.161000	-0.207688
0.161100	-0.420048
0.161200	-0.504992
0.161300	-0.504992
0.161400	-0.844768
0.161500	-0.844768
0.161600	-0.165216
0.161700	-0.037800
0.161800	-0.420048
0.161900	-1.057130
0.162000	-1.311960
0.162100	-0.207688
0.162200	0.939056
0.162300	0.896584
0.162400	0.259504
0.162500	-0.037800
0.162600	-0.037800
0.162700	0.471864
0.162800	0.811640
0.162900	0.386920
0.163000	0.301976
0.163100	0.217032
0.163200	0.301976
0.163300	0.217032
0.163400	0.344448
0.163500	0.556808
0.163600	0.599280
0.163700	0.301976
0.163800	-0.207688
0.163900	-0.037800
0.164000	0.344448
0.164100	0.556808
0.164200	0.259504
0.164300	-0.080272
0.164400	-0.080272
0.164500	0.047144
0.164600	0.217032
0.164700	-0.165216
0.164800	-0.165216
0.164900	0.004672
0.165000	0.174560
0.165100	0.217032
0.165200	-0.122744
0.165300	-0.420048
0.165400	-0.122744
0.165500	0.259504
0.165600	0.514336
0.165700	0.344448
0.165800	-0.037800
0.165900	0.217032
0.166000	0.811640
0.166100	0.641752
0.166200	0.344448
0.166300	0.174560
0.166400	0.217032
0.166500	0.344448
0.166600	-0.207688
0.166700	-0.122744
0.166800	0.514336
0.166900	1.066470
0.167000	0.641752
0.167100	-0.165216
0.167200	-0.462520
0.167300	-0.250160
0.167400	0.854112
0.167500	0.811640
0.167600	0.471864
0.167700	-0.080272
0.167800	0.132088
0.167900	0.684224
0.168000	0.684224
0.168100	0.854112
0.168200	0.514336
0.168300	0.386920
0.168400	0.471864
0.168500	0.429392
0.168600	0.769168
0.168700	0.599280
0.168800	0.684224
0.168900	0.556808
0.169000	0.726696
0.169100	0.599280
0.169200	0.726696
0.169300	0.896584
0.169400	0.726696
0.169500	0.429392
0.169600	0.599280
0.169700	0.981528
0.169800	0.939056
0.169900	0.896584
0.170000	0.344448
0.170100	0.429392
0.170200	0.726696
0.170300	0.811640
0.170400	0.684224
0.170500	0.514336
0.170600	0.684224
0.170700	1.108940
0.170800	0.471864
0.170900	0.344448
0.171000	0.726696
0.171100	0.811640
0.171200	0.981528
0.171300	0.684224
0.171400	0.514336
0.171500	0.896584
0.171600	1.236360
0.171700	1.363780
0.171800	0.811640
0.171900	0.684224
0.172000	0.896584
0.172100	1.066470
0.172200	0.981528
0.172300	0.811640
0.172400	0.811640
0.172500	0.981528
0.172600	0.854112
0.172700	0.641752
0.172800	0.641752
0.172900	0.981528
0.173000	1.193890
0.173100	0.896584
0.173200	0.684224
0.173300	0.514336
0.173400	0.811640
0.173500	1.236360
0.173600	1.321300
0.173700	0.939056
0.173800	0.344448
0.173900	0.344448
0.174000	0.939056
0.174100	1.363780
0.174200	1.661080
0.174300	1.278830
0.174400	1.193890
0.174500	0.726696
0.174600	0.514336
0.174700	0.896584
0.174800	1.576140
0.174900	1.661080
0.175000	1.024000
0.175100	0.471864
0.175200	0.641752
0.175300	1.363780
0.175400	1.873440
0.175500	1.491190
0.175600	0.556808
0.175700	0.514336
0.175800	0.981528
0.175900	1.788500
0.176000	1.703550
0.176100	1.024000
0.176200	0.599280
0.176300	0.769168
0.176400	1.278830
0.176500	1.406250
0.176600	1.363780
0.176700	0.981528
0.176800	0.981528
0.176900	0.896584
0.177000	0.811640
0.177100	0.981528
0.177200	1.278830
0.177300	1.108940
0.177400	0.684224
0.177500	0.811640
0.177600	1.406250
0.177700	1.618610
0.177800	1.151420
0.177900	0.684224
0.178000	0.769168
0.178100	1.321300
0.178200	1.321300
0.178300	1.066470
0.178400	1.151420
0.178500	1.448720
0.178600	1.915910
0.178700	1.661080
0.178800	0.641752
0.178900	0.471864
0.179000	1.108940
0.179100	1.618610
0.179200	1.193890
0.179300	0.769168
0.179400	0.684224
0.179500	1.066470
0.179600	1.491190
0.179700	1.703550
0.179800	1.151420
0.179900	0.556808
0.180000	0.471864
0.180100	1.108940
0.180200	1.533660
0.180300	1.533660
0.180400	1.448720
0.180500	1.193890
0.180600	1.108940
0.180700	1.108940
0.180800	1.278830
0.180900	1.533660
0.181000	1.363780
0.181100	1.066470
0.181200	0.769168
0.181300	1.151420
0.181400	1.788500
0.181500	2.128270
0.181600	1.406250
0.181700	0.726696
0.181800	0.811640
0.181900	1.363780
0.182000	1.576140
0.182100	1.533660
0.182200	1.363780
0.182300	1.406250
0.182400	1.321300
0.182500	1.024000
0.182600	1.108940
0.182700	1.321300
0.182800	1.363780
0.182900	1.151420
0.183000	0.726696
0.183100	0.684224
0.183200	1.024000
0.183300	1.108940
0.183400	1.406250
0.183500	0.981528
0.183600	0.641752
0.183700	0.726696
0.183800	1.066470
0.183900	1.363780
0.184000	1.151420
0.184100	0.769168
0.184200	1.066470
0.184300	1.108940
0.184400	0.811640
0.184500	0.514336
0.184600	0.854112
0.184700	1.661080
0.184800	1.788500
0.184900	0.939056
0.185000	0.344448
0.185100	0.471864
0.185200	1.406250
0.185300	1.788500
0.185400	0.854112
0.185500	0.471864
0.185600	0.726696
0.185700	1.533660
0.185800	1.915910
0.185900	1.193890
0.186000	0.599280
0.186100	0.854112
0.186200	1.321300
0.186300	1.108940
0.186400	0.471864
0.186500	0.471864
0.186600	1.151420
0.186700	1.618610
0.186800	1.108940
0.186900	0.217032
0.187000	0.259504
0.187100	0.854112
0.187200	1.533660
0.187300	0.854112
0.187400	0.386920
0.187500	0.301976
0.187600	0.939056
0.187700	1.363780
0.187800	0.684224
0.187900	0.132088
0.188000	0.641752
0.188100	1.193890
0.188200	1.193890
0.188300	0.301976
0.188400	0.259504
0.188500	0.641752
0.188600	1.066470
0.188700	0.769168
0.188800	0.514336
0.188900	0.514336
0.189000	0.896584
0.189100	0.896584
0.189200	0.599280
0.189300	0.471864
0.189400	0.769168
0.189500	1.108940
0.189600	0.726696
0.189700	0.344448
0.189800	0.344448
0.189900	0.769168
0.190000	1.151420
0.190100	0.641752
0.190200	0.174560
0.190300	0.301976
0.190400	0.641752
0.190500	1.108940
0.190600	0.811640
0.190700	0.089616
0.190800	-0.165216
0.190900	0.429392
0.191000	1.193890
0.191100	1.236360
0.191200	0.429392
0.191300	-0.165216
0.191400	0.174560
0.191500	0.599280
0.191600	0.556808
0.191700	0.089616
0.191800	0.174560
0.191900	0.259504
0.192000	0.217032
0.192100	0.047144
0.192200	0.429392
0.192300	0.514336
0.192400	0.556808
0.192500	0.259504
0.192600	-0.122744
0.192700	0.004672
0.192800	0.259504
0.192900	0.301976
0.193000	0.514336
0.193100	0.471864
0.193200	0.514336
0.193300	0.429392
0.193400	-0.080272
0.193500	-0.589936
0.193600	-0.080272
0.193700	0.769168
0.193800	0.726696
0.193900	0.089616
0.194000	-0.037800
0.194100	0.344448
0.194200	0.641752
0.194300	0.769168
0.194400	0.344448
0.194500	-0.250160
0.194600	-0.165216
0.194700	0.429392
0.194800	0.769168
0.194900	0.429392
0.195000	-0.037800
0.195100	0.047144
0.195200	0.259504
0.195300	0.344448
0.195400	-0.165216
0.195500	-0.122744
0.195600	-0.122744
0.195700	-0.250160
0.195800	-0.462520
0.195900	-0.335104
0.196000	0.132088
0.196100	0.386920
0.196200	0.089616
0.196300	-0.377576
0.196400	-0.674880
0.196500	-0.462520
0.196600	0.004672
0.196700	0.132088
0.196800	-0.165216
0.196900	-0.250160
0.197000	-0.165216
0.197100	0.132088
0.197200	0.047144
0.197300	0.089616
0.197400	-0.207688
0.197500	-0.547464
0.197600	-0.547464
0.197700	-0.080272
0.197800	0.174560
0.197900	-0.037800
0.198000	-0.292632
0.198100	-0.420048
0.198200	-0.122744
0.198300	-0.165216
0.198400	-0.462520
0.198500	-0.632408
0.198600	-0.547464
0.198700	0.089616
0.198800	-0.080272
0.198900	-0.504992
0.199000	-0.929712
0.199100	-0.674880
0.199200	-0.335104
0.199300	-0.250160
0.199400	-0.759824
0.199500	-0.887240
0.199600	-0.462520
0.199700	0.004672
0.199800	0.004672
0.199900	-0.589936
0.200000	-0.887240
0.200100	-0.632408
0.200200	-0.377576
0.200300	-0.547464
0.200400	-0.972184
0.200500	-0.717352
0.200600	-0.292632
0.200700	-0.037800
0.200800	-0.462520
0.200900	-1.014660
0.201000	-1.099600
0.201100	-0.632408
0.201200	-0.292632
0.201300	-0.420048
0.201400	-1.014660
0.201500	-0.929712
0.201600	-0.462520
0.201700	-0.080272
0.201800	-0.335104
0.201900	-0.972184
0.202000	-1.227020
0.202100	-0.929712
0.202200	-0.632408
0.202300	-0.759824
0.202400	-0.632408
0.202500	-0.674880
0.202600	-0.547464
0.202700	-0.335104
0.202800	-0.717352
0.202900	-0.929712
0.203000	-0.759824
0.203100	-0.504992
0.203200	-0.674880
0.203300	-1.269490
0.203400	-0.972184
0.203500	-0.674880
0.203600	-0.207688
0.203700	-0.377576
0.203800	-0.972184
0.203900	-1.396900
0.204000	-1.184540
0.204100	-0.462520
0.204200	-0.547464
0.204300	-0.972184
0.204400	-1.099600
0.204500	-1.099600
0.204600	-0.844768
0.204700	-0.504992
0.204800	-0.844768
0.204900	-0.929712
0.205000	-1.354430
0.205100	-1.057130
0.205200	-1.099600
0.205300	-1.099600
0.205400	-0.887240
0.205500	-0.547464
0.205600	-0.717352
0.205700	-1.227020
0.205800	-1.439380
0.205900	-1.481850
0.206000	-1.269490
0.206100	-1.269490
0.206200	-1.142070
0.206300	-1.184540
0.206400	-1.651740
0.206500	-1.609260
0.206600	-1.311960
0.206700	-1.014660
0.206800	-0.929712
0.206900	-1.566790
0.207000	-2.076460
0.207100	-2.246340
0.207200	-1.439380
0.207300	-0.420048
0.207400	-0.674880
0.207500	-1.864100
0.207600	-2.543650
0.207700	-1.906570
0.207800	-1.057130
0.207900	-0.887240
0.208000	-1.694210
0.208100	-2.543650
0.208200	-2.416230
0.208300	-1.566790
0.208400	-1.099600
0.208500	-1.439380
0.208600	-2.331290
0.208700	-2.671060
0.208800	-2.373760
0.208900	-1.991510
0.209000	-1.991510
0.209100	-2.033980
0.209200	-2.118930
0.209300	-2.203870
0.209400	-2.501180
0.209500	-2.586120
0.209600	-2.543650
0.209700	-2.161400
0.209800	-1.991510
0.209900	-2.756010
0.210000	-3.095780
0.210100	-2.756010
0.210200	-2.288820
0.210300	-2.246340
0.210400	-2.840950
0.210500	-3.053310
0.210600	-2.883420
0.210700	-2.458700
0.210800	-2.671060
0.210900	-2.798480
0.211000	-3.265670
0.211100	-2.968370
0.211200	-2.798480
0.211300	-2.840950
0.211400	-3.308140
0.211500	-3.308140
0.211600	-3.095780
0.211700	-2.840950
0.211800	-2.798480
0.211900	-3.053310
0.212000	-3.308140
0.212100	-3.308140
0.212200	-3.053310
0.212300	-2.798480
0.212400	-3.095780
0.212500	-3.520500
0.212600	-3.690390
0.212700	-3.435560
0.212800	-3.053310
0.212900	-3.010840
0.213000	-3.265670
0.213100	-3.987700
0.213200	-3.987700
0.213300	-3.562980
0.213400	-2.925900
0.213500	-3.053310
0.213600	-3.520500
0.213700	-4.115110
0.213800	-4.072640
0.213900	-3.562980
0.214000	-3.265670
0.214100	-3.478030
0.214200	-4.369940
0.214300	-4.837140
0.214400	-4.242530
0.214500	-3.647920
0.214600	-3.478030
0.214700	-2.416230
0.214800	0.386920
0.214900	2.383100
0.215000	0.004672
0.215100	-7.767700
0.215200	-16.007299
0.215300	-16.474501
0.215400	-7.003210
0.215500	2.722880
0.215600	2.255690
0.215700	-5.729050
0.215800	-7.470400
0.215900	-0.420048
0.216000	4.846480
0.216100	0.854112
0.216200	-8.404780
0.216300	-14.520800
0.216400	-11.462800
0.216500	-1.524320
0.216600	7.564690
0.216700	7.437270
0.216800	-3.350620
0.216900	-13.246600
0.217000	-12.439600
0.217100	-4.879610
0.217200	-1.609260
0.217300	-3.562980
0.217400	-4.964550
0.217500	-4.242530
0.217600	-3.987700
0.217700	-3.987700
0.217800	-3.180730
0.217900	-2.373760
0.218000	-3.010840
0.218100	-4.327470
0.218200	-4.497360
0.218300	-3.223200
0.218400	-1.991510
0.218500	-2.076460
0.218600	-3.308140
0.218700	-4.837140
0.218800	-5.134440
0.218900	-4.285000
0.219000	-3.562980
0.219100	-4.497360
0.219200	-5.601630
0.219300	-5.346800
0.219400	-4.285000
0.219500	-3.647920
0.219600	-3.350620
0.219700	-3.223200
0.219800	-3.605450
0.219900	-4.327470
0.220000	-4.285000
0.220100	-2.118930
0.220200	-1.142070
0.220300	-2.543650
0.220400	-4.582300
0.220500	-4.157580
0.220600	-1.779150
0.220700	-1.142070
0.220800	-2.713540
0.220900	-4.285000
0.221000	-4.030170
0.221100	-2.883420
0.221200	-2.628590
0.221300	-3.350620
0.221400	-3.647920
0.221500	-3.308140
0.221600	-2.543650
0.221700	-2.373760
0.221800	-3.095780
0.221900	-3.860280
0.222000	-3.732860
0.222100	-2.331290
0.222200	-1.779150
0.222300	-2.288820
0.222400	-2.798480
0.222500	-2.203870
0.222600	-1.354430
0.222700	-1.949040
0.222800	-3.138260
0.222900	-3.435560
0.223000	-2.203870
0.223100	-1.439380
0.223200	-2.118930
0.223300	-2.628590
0.223400	-2.288820
0.223500	-2.288820
0.223600	-3.095780
0.223700	-3.605450
0.223800	-2.373760
0.223900	-0.887240
0.224000	-1.014660
0.224100	-2.373760
0.224200	-2.798480
0.224300	-1.864100
0.224400	-1.014660
0.224500	-1.439380
0.224600	-2.458700
0.224700	-2.883420
0.224800	-1.779150
0.224900	-0.759824
0.225000	-0.207688
0.225100	-0.972184
0.225200	-2.331290
0.225300	-2.713540
0.225400	-1.609260
0.225500	-0.887240
0.225600	-1.057130
0.225700	-2.118930
0.225800	-1.736680
0.225900	-0.632408
0.226000	-0.504992
0.226100	-1.566790
0.226200	-2.203870
0.226300	-1.057130
0.226400	-0.250160
0.226500	-1.099600
0.226600	-1.736680
0.226700	-1.057130
0.226800	-0.165216
0.226900	-0.122744
0.227000	-1.439380
0.227100	-1.949040
0.227200	-1.014660
0.227300	-0.250160
0.227400	-0.844768
0.227500	-1.651740
0.227600	-1.099600
0.227700	-0.207688
0.227800	0.089616
0.227900	-0.547464
0.228000	-0.844768
0.228100	-0.632408
0.228200	-0.462520
0.228300	-0.844768
0.228400	-0.844768
0.228500	-0.844768
0.228600	-0.377576
0.228700	-0.377576
0.228800	-0.292632
0.228900	-0.589936
0.229000	-0.802296
0.229100	-0.632408
0.229200	-0.377576
0.229300	-0.250160
0.229400	-0.462520
0.229500	-0.080272
0.229600	0.132088
0.229700	0.089616
0.229800	-0.420048
0.229900	-0.504992
0.230000	0.259504
0.230100	0.726696
0.230200	0.174560
0.230300	-0.335104
0.230400	-0.207688
0.230500	0.514336
0.230600	0.599280
0.230700	-0.335104
0.230800	-0.802296
0.230900	-0.122744
0.231000	0.089616
0.231100	-0.292632
0.231200	-0.674880
0.231300	-0.377576
0.231400	-0.037800
0.231500	0.047144
0.231600	-0.589936
0.231700	-0.717352
0.231800	-0.122744
0.231900	0.556808
0.232000	0.641752
0.232100	0.217032
0.232200	-0.165216
0.232300	0.132088
0.232400	0.386920
0.232500	0.301976
0.232600	-0.037800
0.232700	-0.335104
0.232800	-0.080272
0.232900	0.514336
0.233000	0.301976
0.233100	-0.462520
0.233200	-0.547464
0.233300	0.089616
0.233400	0.684224
0.233500	-0.122744
0.233600	-0.632408
0.233700	-0.207688
0.233800	0.684224
0.233900	0.769168
0.234000	0.174560
0.234100	-0.759824
0.234200	-0.420048
0.234300	0.769168
0.234400	1.108940
0.234500	0.386920
0.234600	-0.547464
0.234700	-0.207688
0.234800	0.344448
0.234900	0.684224
0.235000	0.089616
0.235100	-0.547464
0.235200	-0.335104
0.235300	-0.037800
0.235400	0.344448
0.235500	0.174560
0.235600	-0.080272
0.235700	0.047144
0.235800	0.301976
0.235900	0.047144
0.236000	-0.250160
0.236100	-0.037800
0.236200	0.174560
0.236300	0.344448
0.236400	-0.165216
0.236500	-0.377576
0.236600	-0.122744
0.236700	0.301976
0.236800	0.089616
0.236900	-0.292632
0.237000	-0.292632
0.237100	0.599280
0.237200	0.684224
0.237300	-0.420048
0.237400	-0.674880
0.237500	-0.165216
0.237600	0.556808
0.237700	0.769168
0.237800	-0.165216
0.237900	-0.589936
0.238000	-0.122744
0.238100	0.556808
0.238200	0.386920
0.238300	-0.335104
0.238400	-0.759824
0.238500	-0.165216
0.238600	0.217032
0.238700	0.174560
0.238800	0.004672
0.238900	0.089616
0.239000	0.089616
0.239100	-0.037800
0.239200	-0.165216
0.239300	-0.504992
0.239400	0.004672
0.239500	0.599280
0.239600	0.471864
0.239700	-0.335104
0.239800	-0.674880
0.239900	-0.080272
0.240000	0.684224
0.240100	0.386920
0.240200	-0.504992
0.240300	-0.929712
0.240400	-0.547464
0.240500	0.174560
0.240600	0.429392
0.240700	-0.037800
0.240800	-0.250160
0.240900	-0.037800
0.241000	0.132088
0.241100	-0.165216
0.241200	-0.292632
0.241300	-0.547464
0.241400	0.089616
0.241500	0.259504
0.241600	0.386920
0.241700	0.217032
0.241800	0.004672
0.241900	-0.504992
0.242000	-0.504992
0.242100	0.047144
0.242200	0.217032
0.242300	0.174560
0.242400	-0.165216
0.242500	-0.292632
0.242600	-0.165216
0.242700	0.047144
0.242800	0.004672
0.242900	-0.335104
0.243000	-0.972184
0.243100	-1.014660
0.243200	-0.292632
0.243300	0.471864
0.243400	0.259504
0.243500	-0.547464
0.243600	-1.184540
0.243700	-0.759824
0.243800	0.259504
0.243900	0.344448
0.244000	0.004672
0.244100	-0.632408
0.244200	-0.802296
0.244300	-0.589936
0.244400	-0.420048
0.244500	-0.292632
0.244600	0.004672
0.244700	-0.037800
0.244800	-0.674880
0.244900	-0.759824
0.245000	-0.632408
0.245100	-0.037800
0.245200	-0.122744
0.245300	-0.717352
0.245400	-0.844768
0.245500	-0.462520
0.245600	-0.122744
0.245700	-0.377576
0.245800	-0.674880
0.245900	-0.802296
0.246000	-0.165216
0.246100	0.047144
0.246200	-0.250160
0.246300	-0.759824
0.246400	-1.184540
0.246500	-0.377576
0.246600	-0.165216
0.246700	-0.377576
0.246800	-1.014660
0.246900	-0.929712
0.247000	-0.504992
0.247100	-0.250160
0.247200	-0.589936
0.247300	-0.929712
0.247400	-1.014660
0.247500	-0.802296
0.247600	-0.717352
0.247700	-0.589936
0.247800	-0.420048
0.247900	-0.420048
0.248000	-0.420048
0.248100	-0.802296
0.248200	-0.929712
0.248300	-1.057130
0.248400	-0.887240
0.248500	-0.972184
0.248600	-1.354430
0.248700	-1.481850
0.248800	-1.269490
0.248900	-0.929712
0.249000	-0.547464
0.249100	-0.335104
0.249200	-0.589936
0.249300	-0.887240
0.249400	-1.227020
0.249500	-1.227020
0.249600	-0.802296
0.249700	-0.504992
0.249800	-0.292632
0.249900	-0.759824
0.250000	-1.269490
0.250100	-1.142070
0.250200	-0.335104
0.250300	-0.420048
0.250400	-1.099600
0.250500	-2.076460
0.250600	-2.288820
0.250700	-1.694210
0.250800	-1.057130
0.250900	-0.420048
0.251000	-0.292632
0.251100	-0.802296
0.251200	-1.142070
0.251300	-0.972184
0.251400	-1.142070
0.251500	-1.566790
0.251600	-2.288820
0.251700	-2.288820
0.251800	-1.396900
0.251900	-0.632408
0.252000	-0.504992
0.252100	-0.802296
0.252200	-1.269490
0.252300	-1.396900
0.252400	-1.439380
0.252500	-1.354430
0.252600	-0.972184
0.252700	-0.674880
0.252800	-1.184540
0.252900	-1.821620
0.253000	-1.694210
0.253100	-1.269490
0.253200	-1.142070
0.253300	-1.354430
0.253400	-1.269490
0.253500	-1.057130
0.253600	-1.057130
0.253700	-1.269490
0.253800	-1.651740
0.253900	-1.694210
0.254000	-1.269490
0.254100	-1.099600
0.254200	-1.014660
0.254300	-1.311960
0.254400	-1.524320
0.254500	-1.354430
0.254600	-1.566790
0.254700	-1.779150
0.254800	-1.566790
0.254900	-1.014660
0.255000	-0.717352
0.255100	-0.929712
0.255200	-1.269490
0.255300	-1.609260
0.255400	-1.864100
0.255500	-1.481850
0.255600	-1.311960
0.255700	-1.439380
0.255800	-1.779150
0.255900	-1.524320
0.256000	-1.184540
0.256100	-1.142070
0.256200	-1.184540
0.256300	-1.311960
0.256400	-1.269490
0.256500	-1.524320
0.256600	-1.906570
0.256700	-2.118930
0.256800	-1.566790
0.256900	-1.524320
0.257000	-1.736680
0.257100	-2.288820
0.257200	-2.373760
0.257300	-1.651740
0.257400	-1.099600
0.257500	-1.821620
0.257600	-2.628590
0.257700	-2.033980
0.257800	-1.694210
0.257900	-1.099600
0.258000	-1.269490
0.258100	-1.991510
0.258200	-2.288820
0.258300	-1.651740
0.258400	-1.142070
0.258500	-1.227020
0.258600	-1.821620
0.258700	-2.118930
0.258800	-2.076460
0.258900	-1.396900
0.259000	-1.184540
0.259100	-1.481850
0.259200	-1.949040
0.259300	-2.118930
0.259400	-2.161400
0.259500	-1.991510
0.259600	-1.779150
0.259700	-1.779150
0.259800	-1.779150
0.259900	-1.949040
0.260000	-2.203870
0.260100	-1.864100
0.260200	-1.311960
0.260300	-0.844768
0.260400	-1.609260
0.260500	-2.076460
0.260600	-2.331290
0.260700	-1.906570
0.260800	-1.694210
0.260900	-1.227020
0.261000	-1.481850
0.261100	-2.118930
0.261200	-2.458700
0.261300	-2.288820
0.261400	-1.481850
0.261500	-1.099600
0.261600	-1.566790
0.261700	-2.203870
0.261800	-2.458700
0.261900	-2.076460
0.262000	-1.609260
0.262100	-1.651740
0.262200	-2.076460
0.262300	-2.458700
0.262400	-2.373760
0.262500	-1.779150
0.262600	-1.396900
0.262700	-1.949040
0.262800	-2.501180
0.262900	-2.458700
0.263000	-1.906570
0.263100	-1.481850
0.263200	-1.736680
0.263300	-2.628590
0.263400	-2.713540
0.263500	-2.118930
0.263600	-1.609260
0.263700	-1.609260
0.263800	-2.033980
0.263900	-2.076460
0.264000	-1.779150
0.264100	-2.118930
0.264200	-1.864100
0.264300	-1.651740
0.264400	-1.821620
0.264500	-2.033980
0.264600	-2.586120
0.264700	-2.628590
0.264800	-1.991510
0.264900	-1.609260
0.265000	-1.821620
0.265100	-2.288820
0.265200	-2.756010
0.265300	-2.331290
0.265400	-1.354430
0.265500	-1.481850
0.265600	-1.821620
0.265700	-2.628590
0.265800	-2.713540
0.265900	-2.203870
0.266000	-1.481850
0.266100	-1.779150
0.266200	-2.203870
0.266300	-2.543650
0.266400	-2.288820
0.266500	-2.033980
0.266600	-1.821620
0.266700	-1.779150
0.266800	-1.736680
0.266900	-1.651740
0.267000	-2.076460
0.267100	-2.076460
0.267200	-1.821620
0.267300	-1.566790
0.267400	-1.694210
0.267500	-2.076460
0.267600	-2.203870
0.267700	-1.991510
0.267800	-1.736680
0.267900	-1.736680
0.268000	-1.949040
0.268100	-1.864100
0.268200	-1.949040
0.268300	-2.246340
0.268400	-2.373760
0.268500	-1.991510
0.268600	-1.991510
0.268700	-1.991510
0.268800	-2.331290
0.268900	-2.161400
0.269000	-2.288820
0.269100	-2.161400
0.269200	-1.991510
0.269300	-1.991510
0.269400	-2.203870
0.269500	-2.161400
0.269600	-2.288820
0.269700	-2.118930
0.269800	-1.651740
0.269900	-1.396900
0.270000	-1.566790
0.270100	-2.076460
0.270200	-2.501180
0.270300	-1.991510
0.270400	-1.396900
0.270500	-0.759824
0.270600	-1.396900
0.270700	-2.076460
0.270800	-2.203870
0.270900	-1.991510
0.271000	-1.396900
0.271100	-1.524320
0.271200	-1.694210
0.271300	-1.651740
0.271400	-1.651740
0.271500	-1.609260
0.271600	-1.439380
0.271700	-1.227020
0.271800	-1.439380
0.271900	-1.821620
0.272000	-1.524320
0.272100	-1.651740
0.272200	-1.227020
0.272300	-1.057130
0.272400	-1.481850
0.272500	-1.694210
0.272600	-2.033980
0.272700	-1.694210
0.272800	-1.354430
0.272900	-1.142070
0.273000	-1.396900
0.273100	-1.736680
0.273200	-1.864100
0.273300	-1.821620
0.273400	-1.609260
0.273500	-1.311960
0.273600	-1.651740
0.273700	-1.694210
0.273800	-1.524320
0.273900	-1.354430
0.274000	-1.524320
0.274100	-1.481850
0.274200	-1.396900
0.274300	-1.439380
0.274400	-1.609260
0.274500	-1.566790
0.274600	-1.609260
0.274700	-1.099600
0.274800	-1.099600
0.274900	-1.269490
0.275000	-1.354430
0.275100	-1.651740
0.275200	-1.142070
0.275300	-1.057130
0.275400	-1.142070
0.275500	-1.439380
0.275600	-1.396900
0.275700	-1.227020
0.275800	-0.929712
0.275900	-1.057130
0.276000	-0.844768
0.276100	-1.014660
0.276200	-0.929712
0.276300	-0.972184
0.276400	-0.887240
0.276500	-1.099600
0.276600	-0.887240
0.276700	-0.887240
0.276800	-1.184540
0.276900	-1.142070
0.277000	-1.227020
0.277100	-0.972184
0.277200	-0.929712
0.277300	-1.057130
0.277400	-1.227020
0.277500	-1.311960
0.277600	-1.099600
0.277700	-1.099600
0.277800	-1.184540
0.277900	-1.184540
0.278000	-1.311960
0.278100	-1.014660
0.278200	-0.929712
0.278300	-1.227020
0.278400	-1.227020
0.278500	-0.972184
0.278600	-0.802296
0.278700	-0.844768
0.278800	-1.142070
0.278900	-1.099600
0.279000	-1.142070
0.279100	-0.802296
0.279200	-0.674880
0.279300	-0.929712
0.279400	-0.759824
0.279500	-0.802296
0.279600	-1.014660
0.279700	-0.844768
0.279800	-0.887240
0.279900	-0.632408
0.280000	-0.844768
0.280100	-1.057130
0.280200	-1.227020
0.280300	-0.802296
0.280400	-0.462520
0.280500	-0.335104
0.280600	-0.547464
0.280700	-1.014660
0.280800	-0.929712
0.280900	-0.632408
0.281000	-0.844768
0.281100	-0.717352
0.281200	-0.632408
0.281300	-0.674880
0.281400	-0.802296
0.281500	-0.589936
0.281600	-0.844768
0.281700	-0.504992
0.281800	-0.250160
0.281900	-0.292632
0.282000	-0.844768
0.282100	-0.844768
0.282200	-0.717352
0.282300	-0.250160
0.282400	-0.377576
0.282500	-0.504992
0.282600	-0.632408
0.282700	-0.802296
0.282800	-0.250160
0.282900	-0.462520
0.283000	-0.844768
0.283100	-0.759824
0.283200	-0.504992
0.283300	-0.335104
0.283400	-0.504992
0.283500	-0.759824
0.283600	-0.674880
0.283700	-0.335104
0.283800	-0.632408
0.283900	-0.589936
0.284000	-0.674880
0.284100	-0.589936
0.284200	-0.250160
0.284300	-0.420048
0.284400	-0.420048
0.284500	-0.504992
0.284600	-0.292632
0.284700	-0.292632
0.284800	-0.292632
0.284900	-0.420048
0.285000	-0.207688
0.285100	-0.335104
0.285200	-0.335104
0.285300	-0.504992
0.285400	-0.335104
0.285500	-0.080272
0.285600	0.004672
0.285700	-0.165216
0.285800	-0.335104
0.285900	-0.250160
0.286000	-0.250160
0.286100	-0.250160
0.286200	-0.335104
0.286300	-0.335104
0.286400	-0.462520
0.286500	-0.462520
0.286600	-0.292632
0.286700	-0.037800
0.286800	-0.122744
0.286900	-0.462520
0.287000	-0.589936
0.287100	-0.547464
0.287200	-0.292632
0.287300	-0.080272
0.287400	-0.080272
0.287500	-0.420048
0.287600	-0.547464
0.287700	-0.462520
0.287800	-0.504992
0.287900	-0.292632
0.288000	0.004672
0.288100	-0.250160
0.288200	-0.420048
0.288300	-0.292632
0.288400	-0.335104
0.288500	0.004672
0.288600	0.047144
0.288700	-0.250160
0.288800	-0.547464
0.288900	-0.250160
0.289000	-0.122744
0.289100	0.047144
0.289200	0.089616
0.289300	-0.080272
0.289400	-0.420048
0.289500	-0.462520
0.289600	-0.504992
0.289700	-0.037800
0.289800	-0.037800
0.289900	-0.037800
0.290000	-0.207688
0.290100	-0.335104
0.290200	-0.292632
0.290300	0.004672
0.290400	0.174560
0.290500	-0.122744
0.290600	-0.420048
0.290700	-0.165216
0.290800	0.174560
0.290900	0.089616
0.291000	0.004672
0.291100	-0.165216
0.291200	-0.292632
0.291300	-0.122744
0.291400	0.047144
0.291500	-0.122744
0.291600	-0.037800
0.291700	-0.080272
0.291800	-0.080272
0.291900	-0.292632
0.292000	-0.122744
0.292100	0.004672
0.292200	-0.037800
0.292300	-0.292632
0.292400	-0.292632
0.292500	-0.122744
0.292600	-0.080272
0.292700	-0.122744
0.292800	-0.377576
0.292900	-0.335104
0.293000	-0.122744
0.293100	0.089616
0.293200	0.217032
0.293300	-0.165216
0.293400	-0.207688
0.293500	-0.250160
0.293600	-0.037800
0.293700	0.259504
0.293800	-0.122744
0.293900	-0.207688
0.294000	-0.037800
0.294100	-0.037800
0.294200	0.004672
0.294300	-0.080272
0.294400	-0.037800
0.294500	0.047144
0.294600	0.047144
0.294700	-0.165216
0.294800	-0.292632
0.294900	-0.037800
0.295000	0.174560
0.295100	0.004672
0.295200	-0.377576
0.295300	-0.462520
0.295400	-0.335104
0.295500	0.132088
0.295600	0.174560
0.295700	-0.292632
0.295800	-0.632408
0.295900	-0.420048
0.296000	-0.122744
0.296100	-0.207688
0.296200	-0.080272
0.296300	-0.250160
0.296400	0.004672
0.296500	-0.207688
0.296600	-0.250160
0.296700	-0.420048
0.296800	-0.504992
0.296900	-0.165216
0.297000	-0.122744
0.297100	-0.207688
0.297200	-0.207688
0.297300	0.047144
0.297400	-0.207688
0.297500	-0.504992
0.297600	-0.335104
0.297700	-0.207688
0.297800	-0.165216
0.297900	0.004672
0.298000	-0.335104
0.298100	-0.504992
0.298200	-0.250160
0.298300	0.047144
0.298400	-0.165216
0.298500	-0.589936
0.298600	-0.547464
0.298700	-0.122744
0.298800	0.174560
0.298900	-0.165216
0.299000	-0.504992
0.299100	-0.335104
0.299200	-0.207688
0.299300	0.047144
0.299400	-0.250160
0.299500	-0.462520
0.299600	0.047144
0.299700	0.089616
0.299800	0.047144
0.299900	-0.420048
