-0.020000	-0.043703
-0.019900	-0.023376
-0.019800	0.098586
-0.019700	0.037605
-0.019600	-0.104684
-0.019500	-0.165665
-0.019400	0.017278
-0.019300	-0.084357
-0.019200	-0.064030
-0.019100	0.017278
-0.019000	0.078259
-0.018900	0.057932
-0.018800	-0.206319
-0.018700	-0.043703
-0.018600	-0.003049
-0.018500	0.118913
-0.018400	-0.104684
-0.018300	-0.003049
-0.018200	0.057932
-0.018100	-0.043703
-0.018000	-0.043703
-0.017900	0.017278
-0.017800	0.017278
-0.017700	-0.023376
-0.017600	-0.023376
-0.017500	-0.145338
-0.017400	-0.023376
-0.017300	-0.023376
-0.017200	-0.064030
-0.017100	-0.125011
-0.017000	0.057932
-0.016900	0.017278
-0.016800	-0.064030
-0.016700	-0.145338
-0.016600	-0.003049
-0.016500	0.159567
-0.016400	0.017278
-0.016300	-0.145338
-0.016200	-0.145338
-0.016100	0.098586
-0.016000	-0.023376
-0.015900	-0.023376
-0.015800	-0.104684
-0.015700	-0.064030
-0.015600	-0.023376
-0.015500	-0.003049
-0.015400	0.078259
-0.015300	-0.104684
-0.015200	-0.064030
-0.015100	0.139240
-0.015000	-0.043703
-0.014900	-0.185992
-0.014800	-0.125011
-0.014700	0.098586
-0.014600	-0.003049
-0.014500	0.078259
-0.014400	0.017278
-0.014300	-0.043703
-0.014200	-0.104684
-0.014100	-0.043703
-0.014000	-0.023376
-0.013900	0.037605
-0.013800	0.017278
-0.013700	0.017278
-0.013600	-0.226646
-0.013500	-0.185992
-0.013400	0.037605
-0.013300	-0.003049
-0.013200	-0.023376
-0.013100	-0.043703
-0.013000	0.017278
-0.012900	-0.023376
-0.012800	-0.003049
-0.012700	-0.043703
-0.012600	-0.064030
-0.012500	-0.023376
-0.012400	0.017278
-0.012300	0.057932
-0.012200	-0.043703
-0.012100	-0.145338
-0.012000	-0.125011
-0.011900	0.037605
-0.011800	-0.125011
-0.011700	-0.043703
-0.011600	0.057932
-0.011500	0.057932
-0.011400	-0.023376
-0.011300	-0.145338
-0.011200	0.017278
-0.011100	0.139240
-0.011000	-0.064030
-0.010900	-0.145338
-0.010800	-0.023376
-0.010700	-0.003049
-0.010600	-0.043703
-0.010500	-0.064030
-0.010400	-0.003049
-0.010300	0.017278
-0.010200	-0.023376
-0.010100	-0.064030
-0.010000	-0.043703
-0.009900	0.098586
-0.009800	0.240875
-0.009700	0.017278
-0.009600	-0.185992
-0.009500	-0.084357
-0.009400	0.037605
-0.009300	0.017278
-0.009200	-0.003049
-0.009100	-0.043703
-0.009000	-0.064030
-0.008900	-0.043703
-0.008800	0.098586
-0.008700	0.037605
-0.008600	-0.043703
-0.008500	0.017278
-0.008400	0.017278
-0.008300	-0.104684
-0.008200	-0.023376
-0.008100	0.159567
-0.008000	0.078259
-0.007900	-0.064030
-0.007800	-0.104684
-0.007700	0.017278
-0.007600	0.017278
-0.007500	0.098586
-0.007400	-0.064030
-0.007300	-0.084357
-0.007200	-0.003049
-0.007100	0.017278
-0.007000	0.057932
-0.006900	-0.125011
-0.006800	-0.104684
-0.006700	0.057932
-0.006600	0.159567
-0.006500	-0.043703
-0.006400	0.017278
-0.006300	0.200221
-0.006200	0.017278
-0.006100	-0.206319
-0.006000	-0.064030
-0.005900	-0.003049
-0.005800	0.037605
-0.005700	-0.023376
-0.005600	-0.003049
-0.005500	-0.145338
-0.005400	-0.064030
-0.005300	-0.064030
-0.005200	0.057932
-0.005100	-0.023376
-0.005000	0.261202
-0.004900	0.037605
-0.004800	-0.145338
-0.004700	-0.003049
-0.004600	0.098586
-0.004500	-0.023376
-0.004400	-0.064030
-0.004300	0.078259
-0.004200	0.098586
-0.004100	0.078259
-0.004000	-0.084357
-0.003900	0.037605
-0.003800	0.037605
-0.003700	-0.043703
-0.003600	0.017278
-0.003500	-0.043703
-0.003400	0.118913
-0.003300	-0.003049
-0.003200	0.098586
-0.003100	-0.023376
-0.003000	0.017278
-0.002900	0.017278
-0.002800	0.017278
-0.002700	-0.003049
-0.002600	0.057932
-0.002500	-0.023376
-0.002400	0.118913
-0.002300	0.037605
-0.002200	-0.145338
-0.002100	-0.023376
-0.002000	0.078259
-0.001900	-0.185992
-0.001800	-0.104684
-0.001700	0.118913
-0.001600	-0.003049
-0.001500	-0.185992
-0.001400	0.017278
-0.001300	0.098586
-0.001200	-0.104684
-0.001100	-0.125011
-0.001000	0.139240
-0.000900	0.261202
-0.000800	-0.043703
-0.000700	-0.084357
-0.000600	0.078259
-0.000500	0.362837
-0.000400	0.098586
-0.000300	-0.125011
-0.000200	-0.145338
-0.000100	0.139240
0.000000	0.220548
0.000100	-0.023376
0.000200	-0.348608
0.000300	-0.185992
0.000400	-0.084357
0.000500	-0.409589
0.000600	-0.714494
0.000700	-0.572205
0.000800	-0.734821
0.000900	-1.243000
0.001000	-1.446270
0.001100	-1.303980
0.001200	-1.527570
0.001300	-1.893460
0.001400	-2.117060
0.001500	-2.137380
0.001600	-2.300000
0.001700	-2.482940
0.001800	-2.340650
0.001900	-2.503270
0.002000	-2.726870
0.002100	-2.686210
0.002200	-2.300000
0.002300	-1.730840
0.002400	-1.425940
0.002500	-0.999072
0.002600	-0.531551
0.002700	-0.389262
0.002800	0.057932
0.002900	0.647415
0.003000	0.850685
0.003100	0.647415
0.003200	0.810031
0.003300	1.602780
0.003400	2.293900
0.003500	2.253250
0.003600	1.684090
0.003700	1.623110
0.003800	2.110960
0.003900	1.684090
0.004000	0.931993
0.004100	0.871012
0.004200	0.992974
0.004300	0.667742
0.004400	0.017278
0.004500	-1.243000
0.004600	1.135260
0.004700	-0.694167
0.004800	-1.507250
0.004900	-0.653513
0.005000	-1.568230
0.005100	-1.486920
0.005200	-2.665890
0.005300	-2.035750
0.005400	-0.734821
0.005500	-1.547900
0.005600	-4.292050
0.005700	-3.763540
0.005800	-2.096730
0.005900	-4.759570
0.006000	-6.446710
0.006100	-0.999072
0.006200	-0.246973
0.006300	-5.145780
0.006400	-7.198810
0.006500	-5.653960
0.006600	-10.674700
0.006700	-12.544800
0.006800	-5.877550
0.006900	-8.072870
0.007000	-17.707899
0.007100	-15.004400
0.007200	-8.540390
0.007300	-9.780340
0.007400	-9.333140
0.007500	-6.710960
0.007600	-6.914230
0.007700	-9.292490
0.007800	-7.259790
0.007900	0.789704
0.008000	-1.121030
0.008100	-10.430800
0.008200	-12.057000
0.008300	-4.190410
0.008400	-2.076400
0.008500	-6.426380
0.008600	0.708396
0.008700	8.005790
0.008800	0.037605
0.008900	-2.096730
0.009000	2.110960
0.009100	2.924040
0.009200	6.786170
0.009300	1.074280
0.009400	-7.036190
0.009500	3.676140
0.009600	8.554620
0.009700	-4.922180
0.009800	-7.767960
0.009900	2.029650
0.010000	3.635480
0.010100	-13.906700
0.010200	-23.297800
0.010300	-10.390100
0.010400	-3.153730
0.010500	-4.657930
0.010600	5.647860
0.010700	2.741100
0.010800	-15.512600
0.010900	-8.398100
0.011000	6.582900
0.011100	10.343400
0.011200	5.688510
0.011300	-5.410030
0.011400	-7.381750
0.011500	-3.661910
0.011600	-1.974770
0.011700	4.753470
0.011800	3.472870
0.011900	-4.861200
0.012000	3.777770
0.012100	13.290800
0.012200	-1.100710
0.012300	-17.809500
0.012400	-4.576620
0.012500	16.116301
0.012600	3.493190
0.012700	-14.150600
0.012800	-2.665890
0.012900	8.920500
0.013000	-4.210740
0.013100	-9.597390
0.013200	-0.165665
0.013300	11.949200
0.013400	2.598810
0.013500	-22.545700
0.013600	-16.285000
0.013700	2.171940
0.013800	-7.889920
0.013900	-11.467500
0.014000	0.362837
0.014100	-3.214710
0.014200	-2.300000
0.014300	10.689000
0.014400	5.139680
0.014500	-12.158600
0.014600	-6.528020
0.014700	13.107900
0.014800	8.148080
0.014900	-6.507690
0.015000	2.822400
0.015100	12.904600
0.015200	4.123330
0.015300	-0.592532
0.015400	4.611180
0.015500	-0.043703
0.015600	-5.877550
0.015700	1.948340
0.015800	1.501150
0.015900	-12.829400
0.016000	-7.930580
0.016100	5.810470
0.016200	-2.096730
0.016300	-13.500200
0.016400	-0.145338
0.016500	8.513960
0.016600	-11.447100
0.016700	-17.118401
0.016800	9.916530
0.016900	10.160500
0.017000	-14.292900
0.017100	-10.918600
0.017200	1.338530
0.017300	-4.495320
0.017400	-5.145780
0.017500	5.322620
0.017600	0.057932
0.017700	-16.346001
0.017800	-11.711400
0.017900	0.220548
0.018000	-7.849270
0.018100	-15.797100
0.018200	1.460490
0.018300	22.458300
0.018400	11.583300
0.018500	-16.528900
0.018600	-18.541300
0.018700	3.513520
0.018800	18.657101
0.018900	8.107420
0.019000	-12.849700
0.019100	-7.585020
0.019200	3.127310
0.019300	-6.507690
0.019400	-6.243440
0.019500	8.127750
0.019600	6.318650
0.019700	-9.089220
0.019800	-8.194830
0.019900	6.440610
0.020000	3.371230
0.020100	-9.434780
0.020200	-2.726870
0.020300	10.099500
0.020400	3.635480
0.020500	-10.918600
0.020600	-2.401640
0.020700	12.640300
0.020800	5.790150
0.020900	-5.105130
0.021000	-6.101150
0.021100	-2.157710
0.021200	-0.104684
0.021300	2.517500
0.021400	4.082680
0.021500	2.110960
0.021600	4.875430
0.021700	2.741100
0.021800	-4.109100
0.021900	-0.389262
0.022000	0.647415
0.022100	-3.336680
0.022200	-1.690190
0.022300	1.867030
0.022400	3.289920
0.022500	-4.129430
0.022600	-6.182460
0.022700	5.647860
0.022800	5.810470
0.022900	-4.353030
0.023000	-3.357000
0.023100	5.546220
0.023200	8.371670
0.023300	3.920060
0.023400	0.139240
0.023500	3.818430
0.023600	7.009770
0.023700	1.318210
0.023800	-4.535970
0.023900	-2.625230
0.024000	-2.726870
0.024100	-9.190850
0.024200	-11.386200
0.024300	-5.145780
0.024400	4.184310
0.024500	0.952320
0.024600	-12.524500
0.024700	-13.235900
0.024800	0.240875
0.024900	13.412800
0.025000	10.953200
0.025100	-1.751170
0.025200	-9.231510
0.025300	0.017278
0.025400	16.136600
0.025500	13.494100
0.025600	-6.101150
0.025700	-11.833400
0.025800	-2.726870
0.025900	10.241800
0.026000	12.538700
0.026100	2.883380
0.026200	-2.645560
0.026300	6.196690
0.026400	15.547100
0.026500	10.831200
0.026600	-0.206319
0.026700	0.281529
0.026800	3.574500
0.026900	-3.722890
0.027000	-3.966810
0.027100	9.306720
0.027200	15.323500
0.027300	0.098586
0.027400	-15.471900
0.027500	-9.678700
0.027600	7.944810
0.027700	9.022140
0.027800	-8.601370
0.027900	-7.625670
0.028000	0.444145
0.028100	-9.312820
0.028200	-1.507250
0.028300	18.189600
0.028400	-4.414010
0.028500	-24.395399
0.028600	2.151610
0.028700	12.640300
0.028800	-7.036190
0.028900	-10.939000
0.029000	-0.328281
0.029100	5.932430
0.029200	6.847150
0.029300	-0.267300
0.029400	-9.048560
0.029500	-1.873130
0.029600	6.298320
0.029700	-4.535970
0.029800	-10.207200
0.029900	8.412330
0.030000	15.303200
0.030100	-6.609320
0.030200	-16.142700
0.030300	6.460940
0.030400	14.286800
0.030500	-4.312370
0.030600	-6.629650
0.030700	7.152060
0.030800	1.297880
0.030900	-11.935000
0.031000	3.574500
0.031100	18.087999
0.031200	-2.686210
0.031300	-14.638500
0.031400	0.749050
0.031500	6.582900
0.031600	3.330580
0.031700	-1.730840
0.031800	-8.011890
0.031900	-8.438750
0.032000	-0.023376
0.032100	12.254100
0.032200	9.205080
0.032300	-8.418430
0.032400	-6.365400
0.032500	11.867900
0.032600	6.664210
0.032700	-5.897880
0.032800	3.310250
0.032900	0.342510
0.033000	-5.775920
0.033100	8.839200
0.033200	8.839200
0.033300	-8.824970
0.033400	-0.714494
0.033500	11.339400
0.033600	-4.515640
0.033700	-6.568670
0.033800	10.628000
0.033900	2.517500
0.034000	-13.540800
0.034100	-1.364960
0.034200	16.177200
0.034300	2.009320
0.034400	-13.601800
0.034500	0.484799
0.034600	11.461400
0.034700	-0.348608
0.034800	-10.979600
0.034900	-0.389262
0.035000	9.550640
0.035100	2.639460
0.035200	-3.722890
0.035300	-3.763540
0.035400	-3.377330
0.035500	-0.572205
0.035600	1.155590
0.035700	-4.109100
0.035800	-8.154180
0.035900	-2.848830
0.036000	3.757450
0.036100	-0.633186
0.036200	-4.901860
0.036300	0.017278
0.036400	3.777770
0.036500	-1.060050
0.036600	0.464472
0.036700	6.074720
0.036800	-4.210740
0.036900	-13.520500
0.037000	5.546220
0.037100	18.209900
0.037200	-2.117060
0.037300	-17.362301
0.037400	-4.292050
0.037500	9.428680
0.037600	5.993420
0.037700	-2.462620
0.037800	-7.625670
0.037900	-8.845290
0.038000	-3.133410
0.038100	3.920060
0.038200	2.822400
0.038300	-4.007470
0.038400	-5.531990
0.038500	1.277550
0.038600	7.274020
0.038700	2.497170
0.038800	-4.881530
0.038900	-0.612859
0.039000	4.977070
0.039100	-0.104684
0.039200	-6.975210
0.039300	-1.974770
0.039400	7.335000
0.039500	2.985020
0.039600	-5.349050
0.039700	-0.185992
0.039800	6.582900
0.039900	-0.897437
0.040000	-6.893900
0.040100	0.423818
0.040200	6.948790
0.040300	2.232920
0.040400	-4.312370
0.040500	1.094610
0.040600	7.863500
0.040700	3.106980
0.040800	-1.425940
0.040900	2.720770
0.041000	4.529870
0.041100	1.541800
0.041200	1.745070
0.041300	2.497170
0.041400	-1.344630
0.041500	-2.239020
0.041600	2.944370
0.041700	5.891780
0.041800	4.651830
0.041900	1.155590
0.042000	-1.507250
0.042100	1.094610
0.042200	4.977070
0.042300	3.432210
0.042400	-0.734821
0.042500	0.057932
0.042600	5.241320
0.042700	6.176360
0.042800	1.257220
0.042900	-0.368935
0.043000	4.082680
0.043100	4.570530
0.043200	0.992974
0.043300	1.541800
0.043400	4.204640
0.043500	4.692490
0.043600	1.297880
0.043700	-0.490897
0.043800	2.964690
0.043900	3.818430
0.044000	1.907690
0.044100	4.651830
0.044200	6.582900
0.044300	2.354880
0.044400	1.643440
0.044500	4.489220
0.044600	1.663760
0.044700	-1.507250
0.044800	1.887360
0.044900	2.395540
0.045000	-1.060050
0.045100	-2.015420
0.045200	-0.043703
0.045300	0.342510
0.045400	-0.003049
0.045500	1.114940
0.045600	0.728723
0.045700	-0.348608
0.045800	0.789704
0.045900	3.086650
0.046000	1.846710
0.046100	-3.743220
0.046200	-5.349050
0.046300	1.541800
0.046400	5.322620
0.046500	-2.726870
0.046600	-7.422400
0.046700	-1.405610
0.046800	4.611180
0.046900	3.371230
0.047000	-1.934110
0.047100	-2.686210
0.047200	0.871012
0.047300	0.992974
0.047400	-1.039730
0.047500	-0.246973
0.047600	1.440170
0.047700	-0.003049
0.047800	-0.755148
0.047900	0.220548
0.048000	-0.856783
0.048100	-0.978745
0.048200	1.562130
0.048300	-0.999072
0.048400	-5.166110
0.048500	-0.328281
0.048600	6.277990
0.048700	3.046000
0.048800	-4.170080
0.048900	-3.885510
0.049000	1.135260
0.049100	1.745070
0.049200	0.159567
0.049300	0.525453
0.049400	0.688069
0.049500	-1.852810
0.049600	-2.096730
0.049700	0.830358
0.049800	1.826380
0.049900	-0.307954
0.050000	-2.096730
0.050100	-0.470570
0.050200	1.765400
0.050300	0.586434
0.050400	-1.039730
0.050500	-0.003049
0.050600	0.647415
0.050700	0.505126
0.050800	0.667742
0.050900	0.810031
0.051000	1.114940
0.051100	2.476850
0.051200	2.639460
0.051300	0.708396
0.051400	-0.531551
0.051500	1.013300
0.051600	2.720770
0.051700	2.903710
0.051800	3.066330
0.051900	1.887360
0.052000	0.403491
0.052100	2.131290
0.052200	4.001370
0.052300	1.501150
0.052400	0.139240
0.052500	2.070300
0.052600	3.330580
0.052700	2.558150
0.052800	2.232920
0.052900	2.883380
0.053000	1.928020
0.053100	0.911666
0.053200	3.310250
0.053300	5.322620
0.053400	2.578480
0.053500	0.647415
0.053600	3.025670
0.053700	4.855100
0.053800	4.001370
0.053900	2.659790
0.054000	2.537830
0.054100	3.615160
0.054200	3.330580
0.054300	2.131290
0.054400	4.326600
0.054500	5.586880
0.054600	1.724750
0.054700	0.078259
0.054800	3.391560
0.054900	4.895760
0.055000	2.212590
0.055100	1.948340
0.055200	4.468890
0.055300	4.367260
0.055400	2.253250
0.055500	2.802080
0.055600	4.265620
0.055700	4.103000
0.055800	4.184310
0.055900	4.611180
0.056000	4.082680
0.056100	3.310250
0.056200	2.314230
0.056300	1.907690
0.056400	3.289920
0.056500	5.220990
0.056600	4.489220
0.056700	2.029650
0.056800	1.480820
0.056900	3.391560
0.057000	5.017720
0.057100	4.001370
0.057200	2.273570
0.057300	1.968670
0.057400	3.005350
0.057500	3.554180
0.057600	1.663760
0.057700	0.830358
0.057800	2.293900
0.057900	2.273570
0.058000	1.277550
0.058100	2.761420
0.058200	3.757450
0.058300	1.684090
0.058400	0.830358
0.058500	2.090630
0.058600	2.761420
0.058700	2.578480
0.058800	2.415860
0.058900	2.009320
0.059000	1.236900
0.059100	1.440170
0.059200	3.594830
0.059300	3.289920
0.059400	-0.775475
0.059500	-2.218690
0.059600	1.114940
0.059700	3.046000
0.059800	0.952320
0.059900	-0.653513
0.060000	0.586434
0.060100	1.806050
0.060200	0.505126
0.060300	-0.023376
0.060400	1.989000
0.060500	2.517500
0.060600	1.114940
0.060700	0.240875
0.060800	-0.206319
0.060900	-0.165665
0.061000	1.724750
0.061100	3.249270
0.061200	2.192270
0.061300	-0.267300
0.061400	-1.243000
0.061500	0.057932
0.061600	1.114940
0.061700	0.240875
0.061800	-0.978745
0.061900	-0.653513
0.062000	0.688069
0.062100	1.114940
0.062200	0.118913
0.062300	-1.283650
0.062400	-0.531551
0.062500	1.318210
0.062600	0.423818
0.062700	-0.978745
0.062800	0.261202
0.062900	1.419840
0.063000	0.037605
0.063100	-0.877110
0.063200	-0.511224
0.063300	-0.551878
0.063400	-1.385290
0.063500	-1.243000
0.063600	-0.246973
0.063700	-0.958418
0.063800	-1.405610
0.063900	-0.714494
0.064000	-0.653513
0.064100	-0.978745
0.064200	-0.511224
0.064300	0.708396
0.064400	1.358860
0.064500	-0.145338
0.064600	-1.690190
0.064700	-0.368935
0.064800	2.212590
0.064900	1.846710
0.065000	-0.348608
0.065100	-1.385290
0.065200	-0.287627
0.065300	0.342510
0.065400	-0.694167
0.065500	-0.877110
0.065600	0.078259
0.065700	-0.511224
0.065800	-1.852810
0.065900	-1.141360
0.066000	-0.816129
0.066100	-2.320330
0.066200	-1.547900
0.066300	0.118913
0.066400	0.017278
0.066500	-1.324300
0.066600	-1.730840
0.066700	-1.222670
0.066800	-0.653513
0.066900	-0.307954
0.067000	-0.714494
0.067100	-0.734821
0.067200	0.037605
0.067300	0.627088
0.067400	-0.734821
0.067500	-1.771500
0.067600	-1.161690
0.067700	-0.450243
0.067800	-0.734821
0.067900	-1.100710
0.068000	-1.649540
0.068100	-2.056080
0.068200	-1.527570
0.068300	-1.629210
0.068400	-2.686210
0.068500	-2.117060
0.068600	-0.551878
0.068700	-0.084357
0.068800	-0.653513
0.068900	-0.795802
0.069000	0.139240
0.069100	1.358860
0.069200	1.277550
0.069300	-0.572205
0.069400	-1.019400
0.069500	0.647415
0.069600	0.830358
0.069700	-0.246973
0.069800	0.017278
0.069900	0.403491
0.070000	0.057932
0.070100	-0.125011
0.070200	-0.328281
0.070300	-1.182020
0.070400	-1.344630
0.070500	-0.165665
0.070600	0.545780
0.070700	-0.409589
0.070800	-1.324300
0.070900	-0.328281
0.071000	1.216570
0.071100	0.505126
0.071200	-0.999072
0.071300	-0.125011
0.071400	1.521480
0.071500	1.236900
0.071600	0.098586
0.071700	0.403491
0.071800	0.708396
0.071900	0.972647
0.072000	1.013300
0.072100	0.159567
0.072200	-0.612859
0.072300	0.383164
0.072400	1.399510
0.072500	0.992974
0.072600	-0.145338
0.072700	-0.816129
0.072800	-0.307954
0.072900	1.013300
0.073000	1.358860
0.073100	0.037605
0.073200	-1.121030
0.073300	-0.206319
0.073400	0.688069
0.073500	-0.145338
0.073600	-0.775475
0.073700	-0.490897
0.073800	-0.673840
0.073900	-1.019400
0.074000	-0.450243
0.074100	0.301856
0.074200	-0.511224
0.074300	-1.080380
0.074400	0.057932
0.074500	0.525453
0.074600	-0.409589
0.074700	-0.775475
0.074800	-0.470570
0.074900	-0.551878
0.075000	-0.307954
0.075100	0.301856
0.075200	-0.206319
0.075300	-0.856783
0.075400	-1.182020
0.075500	-0.775475
0.075600	0.098586
0.075700	0.057932
0.075800	-0.856783
0.075900	-0.775475
0.076000	-0.145338
0.076100	-0.206319
0.076200	-0.267300
0.076300	0.098586
0.076400	0.586434
0.076500	0.159567
0.076600	-0.694167
0.076700	-1.100710
0.076800	-0.978745
0.076900	-0.490897
0.077000	-0.409589
0.077100	-1.263320
0.077200	-2.218690
0.077300	-1.751170
0.077400	-0.673840
0.077500	-0.999072
0.077600	-1.771500
0.077700	-1.344630
0.077800	-0.368935
0.077900	-0.755148
0.078000	-2.076400
0.078100	-2.381310
0.078200	-1.568230
0.078300	-1.303980
0.078400	-1.669860
0.078500	-1.486920
0.078600	-1.100710
0.078700	-1.873130
0.078800	-2.300000
0.078900	-1.913790
0.079000	-1.527570
0.079100	-1.344630
0.079200	-0.795802
0.079300	-1.263320
0.079400	-2.300000
0.079500	-1.446270
0.079600	0.423818
0.079700	0.667742
0.079800	-0.958418
0.079900	-1.771500
0.080000	-1.060050
0.080100	-0.206319
0.080200	0.220548
0.080300	-0.409589
0.080400	-1.019400
0.080500	-0.206319
0.080600	0.505126
0.080700	0.159567
0.080800	-0.490897
0.080900	-0.389262
0.081000	-0.165665
0.081100	-0.206319
0.081200	-0.551878
0.081300	0.017278
0.081400	0.505126
0.081500	-0.694167
0.081600	-1.771500
0.081700	-0.226646
0.081800	1.216570
0.081900	-0.185992
0.082000	-1.222670
0.082100	-0.328281
0.082200	-0.104684
0.082300	-0.084357
0.082400	-0.145338
0.082500	-1.283650
0.082600	-1.649540
0.082700	-0.470570
0.082800	0.383164
0.082900	-0.104684
0.083000	-1.080380
0.083100	-1.324300
0.083200	-1.324300
0.083300	-1.222670
0.083400	0.017278
0.083500	-0.145338
0.083600	-1.121030
0.083700	-0.633186
0.083800	0.078259
0.083900	-0.531551
0.084000	-0.653513
0.084100	-0.409589
0.084200	-0.734821
0.084300	-1.324300
0.084400	-1.283650
0.084500	-1.141360
0.084600	-0.206319
0.084700	1.175920
0.084800	-0.226646
0.084900	-2.076400
0.085000	-0.592532
0.085100	1.684090
0.085200	0.586434
0.085300	-1.771500
0.085400	-0.897437
0.085500	0.647415
0.085600	0.139240
0.085700	-0.938091
0.085800	-0.795802
0.085900	-0.206319
0.086000	-0.450243
0.086100	-1.507250
0.086200	-1.771500
0.086300	-1.243000
0.086400	-1.283650
0.086500	-1.161690
0.086600	-1.100710
0.086700	-1.547900
0.086800	-2.056080
0.086900	-1.812150
0.087000	-1.486920
0.087100	-1.324300
0.087200	-0.389262
0.087300	-0.023376
0.087400	-1.283650
0.087500	-1.751170
0.087600	0.647415
0.087700	2.009320
0.087800	0.078259
0.087900	-1.425940
0.088000	-0.917764
0.088100	0.057932
0.088200	0.891339
0.088300	1.297880
0.088400	0.200221
0.088500	-1.588560
0.088600	-1.771500
0.088700	-0.023376
0.088800	1.114940
0.088900	-0.226646
0.089000	-1.791830
0.089100	-1.547900
0.089200	-0.145338
0.089300	0.383164
0.089400	-0.612859
0.089500	-0.429916
0.089600	0.972647
0.089700	0.566107
0.089800	-0.551878
0.089900	-0.978745
0.090000	-0.531551
0.090100	-1.791830
0.090200	-2.970790
0.090300	0.017278
0.090400	4.163990
0.090500	2.293900
0.090600	-1.629210
0.090700	-1.547900
0.090800	-0.978745
0.090900	-0.612859
0.091000	0.627088
0.091100	1.379190
0.091200	0.301856
0.091300	-0.450243
0.091400	0.423818
0.091500	0.769377
0.091600	-0.185992
0.091700	-0.795802
0.091800	1.277550
0.091900	3.432210
0.092000	1.399510
0.092100	-0.836456
0.092200	0.098586
0.092300	2.131290
0.092400	1.175920
0.092500	-0.165665
0.092600	-0.287627
0.092700	0.220548
0.092800	-0.307954
0.092900	-0.877110
0.093000	4.712820
0.093100	4.895760
0.093200	-1.629210
0.093300	-0.938091
0.093400	4.001370
0.093500	1.501150
0.093600	-2.523600
0.093700	0.810031
0.093800	2.456520
0.093900	-0.917764
0.094000	-0.307954
0.094100	4.570530
0.094200	4.428240
0.094300	-1.039730
0.094400	-1.324300
0.094500	1.684090
0.094600	1.135260
0.094700	-1.771500
0.094800	-2.604910
0.094900	-0.755148
0.095000	-2.706540
0.095100	-5.186430
0.095200	-1.913790
0.095300	-0.328281
0.095400	-0.775475
0.095500	-0.633186
0.095600	-0.673840
0.095700	2.273570
0.095800	3.574500
0.095900	0.444145
0.096000	-0.104684
0.096100	0.261202
0.096200	-1.629210
0.096300	-0.287627
0.096400	2.456520
0.096500	0.810031
0.096600	-1.466590
0.096700	-1.121030
0.096800	0.037605
0.096900	-0.084357
0.097000	-0.003049
0.097100	-0.003049
0.097200	-1.832480
0.097300	-3.092750
0.097400	-3.194390
0.097500	0.118913
0.097600	1.602780
0.097700	-1.547900
0.097800	-2.096730
0.097900	-3.214710
0.098000	-4.373350
0.098100	-0.043703
0.098200	3.350910
0.098300	-0.795802
0.098400	-4.596950
0.098500	-1.527570
0.098600	0.383164
0.098700	-2.584580
0.098800	-2.137380
0.098900	1.745070
0.099000	0.810031
0.099100	-1.446270
0.099200	1.114940
0.099300	1.663760
0.099400	2.680120
0.099500	1.358860
0.099600	-2.523600
0.099700	-0.226646
0.099800	1.643440
0.099900	0.830358
0.100000	1.785730
0.100100	1.277550
0.100200	-0.511224
0.100300	-1.507250
0.100400	-0.612859
0.100500	3.452540
0.100600	3.716790
0.100700	-1.222670
0.100800	-1.995090
0.100900	2.375210
0.101000	1.989000
0.101100	-2.279670
0.101200	-0.084357
0.101300	3.859080
0.101400	0.891339
0.101500	-0.673840
0.101600	3.025670
0.101700	4.285950
0.101800	1.724750
0.101900	0.139240
0.102000	2.293900
0.102100	2.253250
0.102200	0.647415
0.102300	1.663760
0.102400	0.505126
0.102500	-0.897437
0.102600	1.297880
0.102700	3.289920
0.102800	2.944370
0.102900	1.887360
0.103000	1.216570
0.103100	1.135260
0.103200	0.200221
0.103300	0.423818
0.103400	1.480820
0.103500	0.261202
0.103600	-0.755148
0.103700	-0.470570
0.103800	0.992974
0.103900	0.871012
0.104000	-1.039730
0.104100	-1.913790
0.104200	-2.300000
0.104300	-1.202340
0.104400	-0.470570
0.104500	-0.978745
0.104600	-2.950460
0.104700	-3.133410
0.104800	-1.873130
0.104900	-1.588560
0.105000	0.057932
0.105100	0.505126
0.105200	-0.084357
0.105300	-0.673840
0.105400	-1.141360
0.105500	-1.588560
0.105600	-1.222670
0.105700	0.240875
0.105800	1.114940
0.105900	0.423818
0.106000	-0.836456
0.106100	-0.714494
0.106200	-0.612859
0.106300	-0.125011
0.106400	0.850685
0.106500	0.566107
0.106600	-1.466590
0.106700	-1.466590
0.106800	1.094610
0.106900	1.968670
0.107000	-0.185992
0.107100	-1.771500
0.107200	-0.592532
0.107300	0.322183
0.107400	0.118913
0.107500	1.257220
0.107600	3.208620
0.107700	2.070300
0.107800	-0.897437
0.107900	-0.877110
0.108000	1.135260
0.108100	3.025670
0.108200	3.167960
0.108300	1.846710
0.108400	0.627088
0.108500	-0.145338
0.108600	0.708396
0.108700	1.643440
0.108800	0.789704
0.108900	-0.531551
0.109000	-1.283650
0.109100	-1.466590
0.109200	0.179894
0.109300	0.037605
0.109400	-3.072430
0.109500	-3.499290
0.109600	-0.734821
0.109700	0.952320
0.109800	-1.263320
0.109900	-3.133410
0.110000	0.017278
0.110100	2.131290
0.110200	-0.287627
0.110300	-1.060050
0.110400	0.688069
0.110500	0.606761
0.110600	-0.653513
0.110700	-0.531551
0.110800	-0.003049
0.110900	-0.307954
0.111000	-0.185992
0.111100	0.322183
0.111200	1.379190
0.111300	-0.023376
0.111400	-2.137380
0.111500	-0.673840
0.111600	1.074280
0.111700	1.074280
0.111800	1.114940
0.111900	0.931993
0.112000	0.057932
0.112100	-0.368935
0.112200	0.566107
0.112300	1.318210
0.112400	1.257220
0.112500	1.297880
0.112600	0.830358
0.112700	0.240875
0.112800	0.810031
0.112900	1.074280
0.113000	0.464472
0.113100	-0.165665
0.113200	-0.328281
0.113300	0.159567
0.113400	0.647415
0.113500	0.078259
0.113600	-0.714494
0.113700	0.301856
0.113800	0.952320
0.113900	-0.003049
0.114000	-0.470570
0.114100	-0.043703
0.114200	-0.612859
0.114300	-0.816129
0.114400	0.017278
0.114500	0.444145
0.114600	-0.877110
0.114700	-2.869160
0.114800	-2.076400
0.114900	1.094610
0.115000	0.931993
0.115100	-1.507250
0.115200	-1.934110
0.115300	-1.161690
0.115400	-1.121030
0.115500	-0.897437
0.115600	-0.246973
0.115700	-0.531551
0.115800	-0.877110
0.115900	-0.694167
0.116000	-0.287627
0.116100	0.098586
0.116200	0.037605
0.116300	-0.206319
0.116400	0.139240
0.116500	-0.084357
0.116600	-0.958418
0.116700	-0.714494
0.116800	-0.429916
0.116900	-0.673840
0.117000	-0.389262
0.117100	0.139240
0.117200	-0.511224
0.117300	-1.182020
0.117400	-0.694167
0.117500	-0.673840
0.117600	-1.161690
0.117700	-0.470570
0.117800	0.566107
0.117900	0.017278
0.118000	-0.938091
0.118100	-1.182020
0.118200	-0.348608
0.118300	-0.145338
0.118400	-1.161690
0.118500	-0.877110
0.118600	0.281529
0.118700	0.383164
0.118800	-0.470570
0.118900	-0.511224
0.119000	-0.389262
0.119100	-0.511224
0.119200	0.220548
0.119300	0.240875
0.119400	-0.877110
0.119500	-0.836456
0.119600	0.322183
0.119700	0.525453
0.119800	-0.267300
0.119900	-0.877110
0.120000	-0.592532
0.120100	0.200221
0.120200	-0.145338
0.120300	-1.161690
0.120400	-0.856783
0.120500	-0.185992
0.120600	-0.145338
0.120700	-0.389262
0.120800	-0.206319
0.120900	-0.104684
0.121000	-0.572205
0.121100	-0.999072
0.121200	-0.917764
0.121300	-0.551878
0.121400	-0.185992
0.121500	-0.368935
0.121600	-1.019400
0.121700	-1.527570
0.121800	-1.121030
0.121900	-0.064030
0.122000	0.342510
0.122100	-0.348608
0.122200	-1.527570
0.122300	-1.486920
0.122400	-0.043703
0.122500	0.871012
0.122600	0.261202
0.122700	-0.836456
0.122800	-1.141360
0.122900	-1.182020
0.123000	-1.060050
0.123100	-0.348608
0.123200	0.118913
0.123300	-0.368935
0.123400	-0.775475
0.123500	-0.612859
0.123600	-0.307954
0.123700	0.403491
0.123800	0.464472
0.123900	-0.023376
0.124000	-0.043703
0.124100	0.728723
0.124200	0.931993
0.124300	0.728723
0.124400	0.484799
0.124500	0.220548
0.124600	0.606761
0.124700	1.236900
0.124800	1.379190
0.124900	0.647415
0.125000	-0.043703
0.125100	-0.389262
0.125200	-0.511224
0.125300	-0.104684
0.125400	0.159567
0.125500	-0.064030
0.125600	0.017278
0.125700	0.525453
0.125800	0.606761
0.125900	-0.145338
0.126000	-0.206319
0.126100	0.159567
0.126200	0.505126
0.126300	0.647415
0.126400	0.078259
0.126500	-0.104684
0.126600	0.078259
0.126700	-0.145338
0.126800	-0.287627
0.126900	-0.125011
0.127000	0.078259
0.127100	0.322183
0.127200	0.566107
0.127300	-0.023376
0.127400	-0.653513
0.127500	-0.165665
0.127600	0.667742
0.127700	0.464472
0.127800	-0.267300
0.127900	0.220548
0.128000	1.216570
0.128100	1.236900
0.128200	0.586434
0.128300	0.423818
0.128400	0.261202
0.128500	0.240875
0.128600	0.525453
0.128700	0.952320
0.128800	1.236900
0.128900	0.952320
0.129000	0.362837
0.129100	-0.023376
0.129200	-0.023376
0.129300	0.301856
0.129400	0.749050
0.129500	0.362837
0.129600	-0.348608
0.129700	-0.125011
0.129800	0.281529
0.129900	0.220548
0.130000	0.281529
0.130100	0.281529
0.130200	-0.125011
0.130300	-0.104684
0.130400	0.464472
0.130500	1.013300
0.130600	0.708396
0.130700	0.281529
0.130800	0.545780
0.130900	0.789704
0.131000	0.566107
0.131100	0.362837
0.131200	0.362837
0.131300	-0.003049
0.131400	-0.246973
0.131500	0.301856
0.131600	0.850685
0.131700	0.240875
0.131800	-0.755148
0.131900	-0.531551
0.132000	0.464472
0.132100	0.464472
0.132200	-0.125011
0.132300	-0.267300
0.132400	0.098586
0.132500	-0.023376
0.132600	-0.104684
0.132700	0.464472
0.132800	0.871012
0.132900	0.423818
0.133000	-0.368935
0.133100	-0.084357
0.133200	0.362837
0.133300	0.118913
0.133400	-0.592532
0.133500	-0.551878
0.133600	0.037605
0.133700	0.139240
0.133800	-0.490897
0.133900	-0.450243
0.134000	0.139240
0.134100	0.017278
0.134200	-0.755148
0.134300	-0.836456
0.134400	-0.328281
0.134500	0.037605
0.134600	-0.470570
0.134700	-1.060050
0.134800	-0.490897
0.134900	0.220548
0.135000	-0.409589
0.135100	-0.836456
0.135200	-0.226646
0.135300	-0.023376
0.135400	-0.490897
0.135500	-0.572205
0.135600	-0.145338
0.135700	0.139240
0.135800	-0.145338
0.135900	-0.206319
0.136000	-0.125011
0.136100	-0.226646
0.136200	-0.368935
0.136300	-0.287627
0.136400	0.078259
0.136500	-0.023376
0.136600	-0.531551
0.136700	-0.836456
0.136800	-0.531551
0.136900	0.118913
0.137000	0.586434
0.137100	-0.023376
0.137200	-0.714494
0.137300	-0.389262
0.137400	0.200221
0.137500	0.301856
0.137600	-0.023376
0.137700	-0.165665
0.137800	-0.246973
0.137900	-0.267300
0.138000	0.118913
0.138100	0.037605
0.138200	-0.185992
0.138300	-0.470570
0.138400	-0.572205
0.138500	-0.511224
0.138600	0.057932
0.138700	0.179894
0.138800	-0.490897
0.138900	-0.917764
0.139000	-0.511224
0.139100	0.281529
0.139200	0.769377
0.139300	0.423818
0.139400	-0.043703
0.139500	-0.307954
0.139600	-0.511224
0.139700	0.078259
0.139800	0.118913
0.139900	-0.328281
0.140000	-0.673840
0.140100	-0.511224
0.140200	0.281529
0.140300	0.566107
0.140400	0.118913
0.140500	-0.368935
0.140600	-0.185992
0.140700	-0.084357
0.140800	-0.084357
0.140900	0.118913
0.141000	0.139240
0.141100	-0.023376
0.141200	0.159567
0.141300	0.078259
0.141400	-0.165665
0.141500	-0.064030
0.141600	0.220548
0.141700	0.301856
0.141800	-0.043703
0.141900	-0.226646
0.142000	-0.145338
0.142100	0.098586
0.142200	0.220548
0.142300	0.037605
0.142400	-0.307954
0.142500	-0.084357
0.142600	0.118913
0.142700	0.220548
0.142800	-0.023376
0.142900	0.078259
0.143000	0.139240
0.143100	0.098586
0.143200	-0.043703
0.143300	-0.084357
0.143400	0.200221
0.143500	0.403491
0.143600	0.220548
0.143700	-0.287627
0.143800	-0.185992
0.143900	0.139240
0.144000	0.281529
0.144100	-0.287627
0.144200	-0.572205
0.144300	-0.267300
0.144400	-0.328281
0.144500	-0.348608
0.144600	-0.287627
0.144700	0.017278
0.144800	-0.267300
0.144900	-0.490897
0.145000	0.098586
0.145100	0.566107
0.145200	0.240875
0.145300	-0.612859
0.145400	-0.511224
0.145500	0.098586
0.145600	0.200221
0.145700	-0.206319
0.145800	-0.125011
0.145900	0.200221
0.146000	-0.003049
0.146100	-0.633186
0.146200	-0.572205
0.146300	-0.003049
0.146400	0.017278
0.146500	-0.592532
0.146600	-0.897437
0.146700	-0.612859
0.146800	0.037605
0.146900	0.240875
0.147000	0.037605
0.147100	-0.409589
0.147200	-0.612859
0.147300	-0.064030
0.147400	0.647415
0.147500	0.403491
0.147600	-0.185992
0.147700	-0.287627
0.147800	-0.389262
0.147900	-0.023376
0.148000	0.118913
0.148100	0.240875
0.148200	0.179894
0.148300	0.057932
0.148400	-0.307954
0.148500	-0.145338
0.148600	0.362837
0.148700	0.545780
0.148800	0.017278
0.148900	-0.633186
0.149000	-0.125011
0.149100	0.667742
0.149200	0.342510
0.149300	-0.450243
0.149400	-0.125011
0.149500	0.545780
0.149600	0.139240
0.149700	-0.084357
0.149800	0.017278
0.149900	-0.145338
0.150000	-0.104684
0.150100	0.200221
0.150200	0.383164
0.150300	0.342510
0.150400	0.362837
0.150500	0.261202
0.150600	0.098586
0.150700	0.037605
0.150800	-0.064030
0.150900	0.240875
0.151000	0.240875
0.151100	-0.145338
0.151200	-0.145338
0.151300	0.464472
0.151400	0.261202
0.151500	-0.226646
0.151600	0.118913
0.151700	0.627088
0.151800	0.301856
0.151900	-0.104684
0.152000	0.098586
0.152100	0.769377
0.152200	0.322183
0.152300	-0.125011
0.152400	-0.165665
0.152500	-0.003049
0.152600	0.159567
0.152700	0.586434
0.152800	0.586434
0.152900	0.139240
0.153000	0.200221
0.153100	0.647415
0.153200	0.505126
0.153300	0.118913
0.153400	0.403491
0.153500	1.074280
0.153600	1.053950
0.153700	0.362837
0.153800	-0.104684
0.153900	0.688069
0.154000	1.155590
0.154100	0.728723
0.154200	0.261202
0.154300	0.708396
0.154400	0.647415
0.154500	0.749050
0.154600	0.992974
0.154700	0.688069
0.154800	0.037605
0.154900	0.362837
0.155000	0.830358
0.155100	0.566107
0.155200	0.322183
0.155300	0.342510
0.155400	0.322183
0.155500	0.423818
0.155600	0.830358
0.155700	0.972647
0.155800	0.505126
0.155900	0.179894
0.156000	0.362837
0.156100	0.627088
0.156200	0.301856
0.156300	-0.064030
0.156400	0.240875
0.156500	0.342510
0.156600	0.403491
0.156700	0.688069
0.156800	0.647415
0.156900	0.281529
0.157000	0.159567
0.157100	0.281529
0.157200	0.342510
0.157300	0.383164
0.157400	0.322183
0.157500	0.200221
0.157600	0.261202
0.157700	0.159567
0.157800	0.240875
0.157900	0.688069
0.158000	0.769377
0.158100	0.403491
0.158200	0.403491
0.158300	0.281529
0.158400	0.383164
0.158500	0.301856
0.158600	0.301856
0.158700	0.281529
0.158800	0.505126
0.158900	0.810031
0.159000	0.810031
0.159100	0.240875
0.159200	0.464472
0.159300	1.074280
0.159400	0.871012
0.159500	0.301856
0.159600	0.240875
0.159700	0.301856
0.159800	0.586434
0.159900	1.094610
0.160000	1.094610
0.160100	0.545780
0.160200	0.281529
0.160300	0.606761
0.160400	0.891339
0.160500	0.586434
0.160600	0.098586
0.160700	0.098586
0.160800	0.444145
0.160900	0.688069
0.161000	0.688069
0.161100	0.525453
0.161200	0.464472
0.161300	0.688069
0.161400	1.013300
0.161500	0.931993
0.161600	0.810031
0.161700	0.200221
0.161800	0.057932
0.161900	0.301856
0.162000	0.383164
0.162100	0.525453
0.162200	0.586434
0.162300	0.281529
0.162400	0.281529
0.162500	0.566107
0.162600	0.789704
0.162700	0.525453
0.162800	-0.003049
0.162900	-0.023376
0.163000	0.078259
0.163100	0.423818
0.163200	0.586434
0.163300	0.423818
0.163400	0.159567
0.163500	0.342510
0.163600	0.728723
0.163700	0.606761
0.163800	0.098586
0.163900	-0.003049
0.164000	0.322183
0.164100	0.017278
0.164200	-0.185992
0.164300	0.261202
0.164400	0.220548
0.164500	0.200221
0.164600	0.525453
0.164700	0.423818
0.164800	-0.043703
0.164900	0.179894
0.165000	0.505126
0.165100	0.301856
0.165200	0.078259
0.165300	0.139240
0.165400	0.383164
0.165500	0.647415
0.165600	0.484799
0.165700	0.281529
0.165800	0.342510
0.165900	0.647415
0.166000	0.505126
0.166100	0.444145
0.166200	0.037605
0.166300	-0.267300
0.166400	0.078259
0.166500	0.383164
0.166600	0.139240
0.166700	0.240875
0.166800	0.383164
0.166900	0.139240
0.167000	0.342510
0.167100	0.525453
0.167200	0.281529
0.167300	0.017278
0.167400	0.159567
0.167500	0.118913
0.167600	0.057932
0.167700	0.037605
0.167800	0.139240
0.167900	0.545780
0.168000	0.627088
0.168100	0.322183
0.168200	0.220548
0.168300	0.098586
0.168400	0.078259
0.168500	-0.064030
0.168600	-0.409589
0.168700	-0.389262
0.168800	0.098586
0.168900	0.464472
0.169000	0.261202
0.169100	0.118913
0.169200	0.261202
0.169300	0.505126
0.169400	0.403491
0.169500	0.301856
0.169600	0.240875
0.169700	-0.023376
0.169800	0.139240
0.169900	0.749050
0.170000	0.850685
0.170100	0.423818
0.170200	0.383164
0.170300	0.728723
0.170400	0.749050
0.170500	0.484799
0.170600	0.240875
0.170700	0.220548
0.170800	0.220548
0.170900	0.098586
0.171000	0.301856
0.171100	0.505126
0.171200	0.362837
0.171300	0.423818
0.171400	0.749050
0.171500	0.505126
0.171600	-0.084357
0.171700	0.118913
0.171800	0.423818
0.171900	0.505126
0.172000	0.423818
0.172100	0.606761
0.172200	0.606761
0.172300	0.566107
0.172400	0.627088
0.172500	0.586434
0.172600	0.444145
0.172700	0.179894
0.172800	0.261202
0.172900	0.484799
0.173000	0.403491
0.173100	0.159567
0.173200	0.586434
0.173300	0.952320
0.173400	0.749050
0.173500	0.444145
0.173600	0.647415
0.173700	0.850685
0.173800	0.810031
0.173900	0.810031
0.174000	0.708396
0.174100	0.525453
0.174200	0.545780
0.174300	0.423818
0.174400	0.301856
0.174500	0.322183
0.174600	0.749050
0.174700	1.033630
0.174800	0.911666
0.174900	0.545780
0.175000	0.261202
0.175100	0.057932
0.175200	0.362837
0.175300	0.525453
0.175400	0.606761
0.175500	0.484799
0.175600	0.708396
0.175700	1.033630
0.175800	0.911666
0.175900	0.505126
0.176000	0.383164
0.176100	0.484799
0.176200	0.220548
0.176300	-0.145338
0.176400	0.118913
0.176500	0.931993
0.176600	1.094610
0.176700	0.322183
0.176800	0.322183
0.176900	0.688069
0.177000	0.525453
0.177100	0.342510
0.177200	0.505126
0.177300	0.647415
0.177400	0.261202
0.177500	0.017278
0.177600	0.484799
0.177700	1.013300
0.177800	0.992974
0.177900	0.464472
0.178000	0.525453
0.178100	0.728723
0.178200	0.525453
0.178300	0.342510
0.178400	0.362837
0.178500	0.362837
0.178600	0.281529
0.178700	0.281529
0.178800	0.688069
0.178900	1.033630
0.179000	0.322183
0.179100	-0.125011
0.179200	0.444145
0.179300	0.667742
0.179400	0.261202
0.179500	0.159567
0.179600	0.545780
0.179700	0.403491
0.179800	-0.064030
0.179900	0.301856
0.180000	0.566107
0.180100	0.342510
0.180200	0.240875
0.180300	0.688069
0.180400	0.769377
0.180500	0.139240
0.180600	0.118913
0.180700	0.525453
0.180800	0.566107
0.180900	-0.043703
0.181000	-0.003049
0.181100	0.830358
0.181200	0.871012
0.181300	0.525453
0.181400	0.484799
0.181500	0.688069
0.181600	0.606761
0.181700	0.220548
0.181800	0.200221
0.181900	0.423818
0.182000	0.647415
0.182100	0.667742
0.182200	0.444145
0.182300	0.525453
0.182400	0.789704
0.182500	0.749050
0.182600	0.301856
0.182700	0.200221
0.182800	0.566107
0.182900	0.484799
0.183000	0.200221
0.183100	0.525453
0.183200	0.749050
0.183300	0.525453
0.183400	0.261202
0.183500	0.423818
0.183600	0.708396
0.183700	0.749050
0.183800	0.627088
0.183900	0.383164
0.184000	0.301856
0.184100	0.220548
0.184200	0.444145
0.184300	0.627088
0.184400	0.891339
0.184500	0.606761
0.184600	0.484799
0.184700	0.891339
0.184800	0.810031
0.184900	0.484799
0.185000	0.322183
0.185100	0.444145
0.185200	0.484799
0.185300	0.586434
0.185400	0.830358
0.185500	0.627088
0.185600	0.505126
0.185700	0.769377
0.185800	0.952320
0.185900	1.053950
0.186000	0.810031
0.186100	0.505126
0.186200	0.505126
0.186300	0.952320
0.186400	1.053950
0.186500	0.688069
0.186600	0.403491
0.186700	0.667742
0.186800	1.013300
0.186900	0.972647
0.187000	0.789704
0.187100	0.810031
0.187200	0.891339
0.187300	0.708396
0.187400	0.220548
0.187500	0.342510
0.187600	0.992974
0.187700	0.911666
0.187800	0.403491
0.187900	0.586434
0.188000	0.911666
0.188100	0.728723
0.188200	0.647415
0.188300	0.728723
0.188400	0.383164
0.188500	0.301856
0.188600	0.505126
0.188700	0.566107
0.188800	0.525453
0.188900	0.566107
0.189000	0.871012
0.189100	0.911666
0.189200	0.708396
0.189300	0.992974
0.189400	1.236900
0.189500	0.545780
0.189600	-0.084357
0.189700	0.179894
0.189800	0.708396
0.189900	0.484799
0.190000	0.281529
0.190100	0.688069
0.190200	0.769377
0.190300	0.444145
0.190400	0.505126
0.190500	0.667742
0.190600	0.220548
0.190700	-0.368935
0.190800	0.220548
0.190900	0.667742
0.191000	0.220548
0.191100	0.200221
0.191200	1.155590
0.191300	1.013300
0.191400	0.383164
0.191500	0.322183
0.191600	0.261202
0.191700	-0.185992
0.191800	0.362837
0.191900	0.688069
0.192000	0.017278
0.192100	-0.064030
0.192200	0.789704
0.192300	0.749050
0.192400	0.322183
0.192500	0.484799
0.192600	0.545780
0.192700	0.057932
0.192800	-0.185992
0.192900	0.078259
0.193000	0.383164
0.193100	0.017278
0.193200	-0.023376
0.193300	0.769377
0.193400	0.931993
0.193500	0.017278
0.193600	0.200221
0.193700	0.647415
0.193800	0.322183
0.193900	0.057932
0.194000	0.159567
0.194100	0.159567
0.194200	-0.267300
0.194300	-0.206319
0.194400	0.728723
0.194500	0.810031
0.194600	-0.064030
0.194700	-0.084357
0.194800	0.342510
0.194900	-0.104684
0.195000	-0.287627
0.195100	0.484799
0.195200	0.545780
0.195300	-0.246973
0.195400	-0.064030
0.195500	0.403491
0.195600	-0.185992
0.195700	-0.064030
0.195800	0.403491
0.195900	0.159567
0.196000	-0.267300
0.196100	0.118913
0.196200	0.810031
0.196300	0.728723
0.196400	-0.287627
0.196500	-1.019400
0.196600	-0.348608
0.196700	0.525453
0.196800	0.322183
0.196900	-0.125011
0.197000	-0.246973
0.197100	-0.165665
0.197200	0.261202
0.197300	0.484799
0.197400	-0.064030
0.197500	-0.694167
0.197600	-0.409589
0.197700	0.118913
0.197800	0.220548
0.197900	-0.185992
0.198000	-0.125011
0.198100	-0.104684
0.198200	-0.470570
0.198300	-0.145338
0.198400	0.423818
0.198500	-0.104684
0.198600	-0.999072
0.198700	-0.307954
0.198800	0.566107
0.198900	0.301856
0.199000	-0.429916
0.199100	-0.450243
0.199200	-0.287627
0.199300	-0.450243
0.199400	-0.429916
0.199500	0.078259
0.199600	0.220548
0.199700	-0.206319
0.199800	-0.226646
0.199900	0.342510
0.200000	0.017278
0.200100	-0.572205
0.200200	-0.490897
0.200300	0.057932
0.200400	-0.084357
0.200500	-0.409589
0.200600	-0.145338
0.200700	0.078259
0.200800	-0.064030
0.200900	-0.287627
0.201000	-0.389262
0.201100	-0.125011
0.201200	-0.185992
0.201300	-0.673840
0.201400	-0.572205
0.201500	0.220548
0.201600	-0.003049
0.201700	-0.429916
0.201800	0.057932
0.201900	0.606761
0.202000	-0.348608
0.202100	-0.938091
0.202200	-0.267300
0.202300	-0.125011
0.202400	-0.999072
0.202500	-0.856783
0.202600	0.667742
0.202700	0.627088
0.202800	-0.795802
0.202900	-1.080380
0.203000	-0.043703
0.203100	0.444145
0.203200	-0.206319
0.203300	-0.978745
0.203400	-1.100710
0.203500	-0.531551
0.203600	0.139240
0.203700	0.627088
0.203800	0.342510
0.203900	-0.470570
0.204000	-1.019400
0.204100	-0.389262
0.204200	0.240875
0.204300	0.301856
0.204400	-0.633186
0.204500	-0.958418
0.204600	-0.470570
0.204700	-0.165665
0.204800	-0.064030
0.204900	0.261202
0.205000	0.220548
0.205100	-0.307954
0.205200	-0.816129
0.205300	-0.409589
0.205400	-0.064030
0.205500	-0.043703
0.205600	-0.246973
0.205700	-0.673840
0.205800	-0.551878
0.205900	0.240875
0.206000	0.423818
0.206100	-0.165665
0.206200	-0.389262
0.206300	-0.307954
0.206400	-0.592532
0.206500	-0.633186
0.206600	-0.307954
0.206700	-0.125011
0.206800	-0.145338
0.206900	0.200221
0.207000	0.179894
0.207100	-0.246973
0.207200	-0.633186
0.207300	-0.368935
0.207400	-0.043703
0.207500	-0.389262
0.207600	-0.694167
0.207700	-0.185992
0.207800	0.281529
0.207900	0.342510
0.208000	0.017278
0.208100	-0.714494
0.208200	-1.222670
0.208300	-0.368935
0.208400	0.464472
0.208500	-0.206319
0.208600	-0.836456
0.208700	-0.389262
0.208800	-0.003049
0.208900	-0.185992
0.209000	-0.328281
0.209100	0.098586
0.209200	-0.470570
0.209300	-1.202340
0.209400	-0.592532
0.209500	0.098586
0.209600	-0.551878
0.209700	-0.999072
0.209800	-0.206319
0.209900	0.606761
0.210000	0.057932
0.210100	-0.897437
0.210200	-0.877110
0.210300	-0.287627
0.210400	0.220548
0.210500	-0.023376
0.210600	-0.673840
0.210700	-0.816129
0.210800	-0.307954
0.210900	0.301856
0.211000	0.220548
0.211100	-0.185992
0.211200	-0.409589
0.211300	-0.409589
0.211400	-0.368935
0.211500	-0.328281
0.211600	-0.307954
0.211700	-0.084357
0.211800	-0.206319
0.211900	-0.653513
0.212000	-0.755148
0.212100	0.078259
0.212200	0.606761
0.212300	0.159567
0.212400	-0.653513
0.212500	-0.775475
0.212600	-0.470570
0.212700	-0.125011
0.212800	0.220548
0.212900	0.078259
0.213000	-0.714494
0.213100	-0.877110
0.213200	-0.104684
0.213300	0.647415
0.213400	0.200221
0.213500	-1.019400
0.213600	-1.080380
0.213700	0.017278
0.213800	0.423818
0.213900	-0.389262
0.214000	-0.958418
0.214100	-0.734821
0.214200	-0.531551
0.214300	-0.206319
0.214400	0.200221
0.214500	-0.267300
0.214600	-1.080380
0.214700	-1.121030
0.214800	-0.226646
0.214900	-0.084357
0.215000	-0.755148
0.215100	-0.795802
0.215200	-0.368935
0.215300	-0.633186
0.215400	-0.694167
0.215500	-0.084357
0.215600	0.057932
0.215700	-0.206319
0.215800	-0.409589
0.215900	-0.145338
0.216000	-0.145338
0.216100	-0.511224
0.216200	-0.836456
0.216300	-0.429916
0.216400	0.261202
0.216500	0.200221
0.216600	-0.734821
0.216700	-1.202340
0.216800	0.078259
0.216900	1.602780
0.217000	0.891339
0.217100	-0.795802
0.217200	-0.633186
0.217300	0.423818
0.217400	0.322183
0.217500	-0.877110
0.217600	-1.161690
0.217700	-0.633186
0.217800	-0.551878
0.217900	-0.734821
0.218000	-0.064030
0.218100	0.566107
0.218200	-0.003049
0.218300	-0.917764
0.218400	-0.612859
0.218500	0.301856
0.218600	-0.348608
0.218700	-1.649540
0.218800	-1.405610
0.218900	0.017278
0.219000	0.525453
0.219100	0.098586
0.219200	-0.531551
0.219300	-0.694167
0.219400	-0.673840
0.219500	-0.572205
0.219600	-0.064030
0.219700	-0.104684
0.219800	-0.877110
0.219900	-0.938091
0.220000	-0.003049
0.220100	0.810031
0.220200	0.220548
0.220300	-0.633186
0.220400	-0.795802
0.220500	-0.226646
0.220600	-0.246973
0.220700	-1.121030
0.220800	-1.161690
0.220900	-0.125011
0.221000	0.281529
0.221100	-0.694167
0.221200	-1.141360
0.221300	-0.653513
0.221400	-0.389262
0.221500	-0.267300
0.221600	-0.267300
0.221700	-0.470570
0.221800	-0.572205
0.221900	-0.328281
0.222000	-0.287627
0.222100	-0.287627
0.222200	0.179894
0.222300	0.017278
0.222400	-0.978745
0.222500	-0.755148
0.222600	0.261202
0.222700	-0.043703
0.222800	-0.836456
0.222900	-0.389262
0.223000	0.281529
0.223100	0.200221
0.223200	-0.389262
0.223300	-0.877110
0.223400	-0.043703
0.223500	0.667742
0.223600	0.078259
0.223700	-0.714494
0.223800	-0.531551
0.223900	-0.226646
0.224000	-0.185992
0.224100	-0.226646
0.224200	-0.003049
0.224300	-0.165665
0.224400	-0.572205
0.224500	-0.917764
0.224600	-0.653513
0.224700	0.078259
0.224800	0.017278
0.224900	-0.938091
0.225000	-0.877110
0.225100	0.200221
0.225200	0.525453
0.225300	-0.409589
0.225400	-0.877110
0.225500	-0.368935
0.225600	-0.104684
0.225700	-0.409589
0.225800	-0.511224
0.225900	-0.125011
0.226000	0.057932
0.226100	-0.043703
0.226200	-0.226646
0.226300	-0.653513
0.226400	-0.755148
0.226500	-0.470570
0.226600	-0.226646
0.226700	-0.206319
0.226800	-0.348608
0.226900	-0.307954
0.227000	-0.084357
0.227100	-0.023376
0.227200	-0.267300
0.227300	-0.246973
0.227400	-0.267300
0.227500	-0.490897
0.227600	-0.206319
0.227700	0.078259
0.227800	-0.084357
0.227900	0.037605
0.228000	-0.064030
0.228100	-0.531551
0.228200	-0.429916
0.228300	-0.084357
0.228400	-0.267300
0.228500	-0.429916
0.228600	-0.246973
0.228700	-0.389262
0.228800	-0.633186
0.228900	-0.389262
0.229000	0.078259
0.229100	0.281529
0.229200	-0.450243
0.229300	-0.836456
0.229400	-0.125011
0.229500	0.362837
0.229600	0.017278
0.229700	-0.409589
0.229800	-0.490897
0.229900	-0.368935
0.230000	-0.104684
0.230100	-0.125011
0.230200	-0.246973
0.230300	-0.104684
0.230400	-0.368935
0.230500	-0.775475
0.230600	0.057932
0.230700	0.484799
0.230800	-0.064030
0.230900	-0.490897
0.231000	-0.450243
0.231100	-0.450243
0.231200	0.220548
0.231300	0.586434
0.231400	-0.206319
0.231500	-0.775475
0.231600	-0.287627
0.231700	0.017278
0.231800	-0.023376
0.231900	-0.003049
0.232000	-0.145338
0.232100	-0.328281
0.232200	-0.307954
0.232300	-0.267300
0.232400	0.037605
0.232500	0.220548
0.232600	-0.185992
0.232700	-0.755148
0.232800	-0.612859
0.232900	0.078259
0.233000	0.179894
0.233100	0.037605
0.233200	0.057932
0.233300	-0.206319
0.233400	-0.429916
0.233500	-0.246973
0.233600	0.078259
0.233700	-0.125011
0.233800	-0.328281
0.233900	-0.084357
0.234000	0.017278
0.234100	-0.226646
0.234200	-0.165665
0.234300	-0.064030
0.234400	-0.348608
0.234500	-0.064030
0.234600	0.057932
0.234700	-0.328281
0.234800	-0.104684
0.234900	0.423818
0.235000	-0.125011
0.235100	0.078259
0.235200	0.525453
0.235300	0.078259
0.235400	-0.572205
0.235500	-0.490897
0.235600	-0.246973
0.235700	0.139240
0.235800	0.220548
0.235900	-0.064030
0.236000	-0.104684
0.236100	0.362837
0.236200	0.200221
0.236300	-0.043703
0.236400	-0.023376
0.236500	-0.307954
0.236600	-0.551878
0.236700	-0.043703
0.236800	0.200221
0.236900	0.200221
0.237000	0.281529
0.237100	0.240875
0.237200	-0.084357
0.237300	-0.226646
0.237400	0.078259
0.237500	0.667742
0.237600	0.586434
0.237700	-0.003049
0.237800	-0.429916
0.237900	-0.206319
0.238000	0.606761
0.238100	0.749050
0.238200	-0.125011
0.238300	0.017278
0.238400	0.444145
0.238500	0.139240
0.238600	-0.064030
0.238700	0.505126
0.238800	0.871012
0.238900	0.220548
0.239000	-0.450243
0.239100	-0.023376
0.239200	0.525453
0.239300	0.566107
0.239400	-0.125011
0.239500	-0.246973
0.239600	0.139240
0.239700	0.342510
0.239800	0.118913
0.239900	0.403491
0.240000	0.444145
0.240100	-0.023376
0.240200	-0.145338
0.240300	-0.084357
0.240400	0.078259
0.240500	0.586434
0.240600	0.423818
0.240700	-0.145338
0.240800	-0.470570
0.240900	-0.104684
0.241000	0.444145
0.241100	0.728723
0.241200	0.484799
0.241300	-0.043703
0.241400	0.057932
0.241500	0.586434
0.241600	0.647415
0.241700	0.383164
0.241800	0.383164
0.241900	0.078259
0.242000	-0.185992
0.242100	0.139240
0.242200	0.810031
0.242300	0.810031
0.242400	-0.165665
0.242500	-0.389262
0.242600	0.159567
0.242700	0.545780
0.242800	0.301856
0.242900	0.261202
0.243000	0.322183
0.243100	0.281529
0.243200	0.566107
0.243300	0.362837
0.243400	-0.023376
0.243500	0.017278
0.243600	0.098586
0.243700	0.159567
0.243800	0.301856
0.243900	0.200221
0.244000	0.322183
0.244100	0.464472
0.244200	0.403491
0.244300	0.261202
0.244400	0.281529
0.244500	0.159567
0.244600	-0.125011
0.244700	0.037605
0.244800	0.627088
0.244900	0.586434
0.245000	-0.165665
0.245100	-0.023376
0.245200	0.850685
0.245300	0.667742
0.245400	0.118913
0.245500	0.362837
0.245600	0.708396
0.245700	0.098586
0.245800	-0.023376
0.245900	0.301856
0.246000	0.261202
0.246100	0.037605
0.246200	0.057932
0.246300	0.606761
0.246400	0.789704
0.246500	0.037605
0.246600	-0.023376
0.246700	0.667742
0.246800	0.667742
0.246900	0.057932
0.247000	-0.145338
0.247100	0.444145
0.247200	0.728723
0.247300	0.362837
0.247400	-0.003049
0.247500	-0.003049
0.247600	0.240875
0.247700	0.423818
0.247800	0.545780
0.247900	0.362837
0.248000	0.383164
0.248100	0.179894
0.248200	0.281529
0.248300	0.586434
0.248400	0.484799
0.248500	0.098586
0.248600	0.383164
0.248700	0.627088
0.248800	0.281529
0.248900	0.240875
0.249000	0.444145
0.249100	0.545780
0.249200	0.383164
0.249300	0.200221
0.249400	0.464472
0.249500	0.566107
0.249600	-0.145338
0.249700	-0.348608
0.249800	0.871012
0.249900	1.460490
0.250000	0.505126
0.250100	-0.125011
0.250200	0.383164
0.250300	0.871012
0.250400	0.545780
0.250500	0.017278
0.250600	0.139240
0.250700	0.281529
0.250800	0.037605
0.250900	0.220548
0.251000	0.911666
0.251100	0.911666
0.251200	0.403491
0.251300	0.098586
0.251400	0.545780
0.251500	1.013300
0.251600	0.566107
0.251700	0.078259
0.251800	0.403491
0.251900	0.667742
0.252000	0.606761
0.252100	0.667742
0.252200	1.033630
0.252300	0.992974
0.252400	0.688069
0.252500	0.525453
0.252600	0.545780
0.252700	0.566107
0.252800	0.545780
0.252900	0.423818
0.253000	0.505126
0.253100	0.505126
0.253200	0.423818
0.253300	0.566107
0.253400	0.850685
0.253500	0.586434
0.253600	0.423818
0.253700	0.484799
0.253800	0.240875
0.253900	0.078259
0.254000	0.464472
0.254100	0.911666
0.254200	0.444145
0.254300	-0.043703
0.254400	0.322183
0.254500	0.810031
0.254600	0.891339
0.254700	0.484799
0.254800	0.586434
0.254900	0.992974
0.255000	0.545780
0.255100	0.037605
0.255200	0.606761
0.255300	1.277550
0.255400	0.728723
0.255500	-0.104684
0.255600	-0.064030
0.255700	0.362837
0.255800	0.992974
0.255900	0.972647
0.256000	0.484799
0.256100	0.261202
0.256200	0.606761
0.256300	0.871012
0.256400	0.667742
0.256500	0.322183
0.256600	0.505126
0.256700	0.566107
0.256800	0.281529
0.256900	0.118913
0.257000	0.952320
0.257100	1.480820
0.257200	0.952320
0.257300	0.078259
0.257400	0.179894
0.257500	0.728723
0.257600	0.505126
0.257700	-0.003049
0.257800	0.078259
0.257900	0.728723
0.258000	0.769377
0.258100	0.383164
0.258200	0.627088
0.258300	0.972647
0.258400	0.708396
0.258500	0.362837
0.258600	0.362837
0.258700	0.342510
0.258800	0.281529
0.258900	0.647415
0.259000	0.972647
0.259100	0.667742
0.259200	0.159567
0.259300	0.078259
0.259400	0.708396
0.259500	1.033630
0.259600	1.033630
0.259700	0.810031
0.259800	0.261202
0.259900	0.017278
0.260000	0.342510
0.260100	0.627088
0.260200	0.627088
0.260300	0.728723
0.260400	0.606761
0.260500	0.403491
0.260600	0.850685
0.260700	1.094610
0.260800	0.464472
0.260900	0.281529
0.261000	0.281529
0.261100	0.362837
0.261200	0.342510
0.261300	0.545780
0.261400	0.850685
0.261500	0.647415
0.261600	0.159567
0.261700	0.078259
0.261800	0.525453
0.261900	1.074280
0.262000	0.810031
0.262100	0.444145
0.262200	0.220548
0.262300	0.383164
0.262400	0.505126
0.262500	0.647415
0.262600	0.606761
0.262700	0.057932
0.262800	0.118913
0.262900	1.013300
0.263000	1.318210
0.263100	0.566107
0.263200	0.118913
0.263300	0.322183
0.263400	0.444145
0.263500	0.200221
0.263600	0.383164
0.263700	0.484799
0.263800	0.383164
0.263900	0.322183
0.264000	0.545780
0.264100	0.627088
0.264200	0.647415
0.264300	0.891339
0.264400	0.667742
0.264500	0.017278
0.264600	0.159567
0.264700	0.749050
0.264800	0.728723
0.264900	0.362837
0.265000	0.261202
0.265100	0.667742
0.265200	0.810031
0.265300	0.444145
0.265400	0.708396
0.265500	0.992974
0.265600	0.566107
0.265700	-0.064030
0.265800	-0.145338
0.265900	0.444145
0.266000	0.749050
0.266100	0.566107
0.266200	0.240875
0.266300	0.139240
0.266400	0.362837
0.266500	0.688069
0.266600	0.708396
0.266700	0.342510
0.266800	0.281529
0.266900	0.444145
0.267000	0.464472
0.267100	0.240875
0.267200	0.159567
0.267300	0.464472
0.267400	0.627088
0.267500	0.362837
0.267600	0.078259
0.267700	0.383164
0.267800	0.586434
0.267900	0.322183
0.268000	0.098586
0.268100	0.362837
0.268200	0.871012
0.268300	0.383164
0.268400	-0.104684
0.268500	0.139240
0.268600	0.505126
0.268700	0.606761
0.268800	0.301856
0.268900	0.057932
0.269000	0.423818
0.269100	0.891339
0.269200	0.769377
0.269300	0.037605
0.269400	-0.104684
0.269500	0.362837
0.269600	0.525453
0.269700	0.139240
0.269800	-0.267300
0.269900	-0.165665
0.270000	0.383164
0.270100	1.013300
0.270200	0.728723
0.270300	-0.206319
0.270400	-0.267300
0.270500	0.261202
0.270600	0.261202
0.270700	0.118913
0.270800	0.240875
0.270900	0.342510
0.271000	0.200221
0.271100	0.240875
0.271200	0.240875
0.271300	0.627088
0.271400	0.708396
0.271500	0.159567
0.271600	-0.206319
0.271700	0.017278
0.271800	0.464472
0.271900	0.261202
0.272000	-0.064030
0.272100	-0.125011
0.272200	0.159567
0.272300	0.525453
0.272400	0.505126
0.272500	0.139240
0.272600	0.017278
0.272700	0.159567
0.272800	0.220548
0.272900	0.261202
0.273000	0.057932
0.273100	0.037605
0.273200	0.261202
0.273300	0.423818
0.273400	0.281529
0.273500	0.220548
0.273600	0.179894
0.273700	0.342510
0.273800	0.261202
0.273900	-0.043703
0.274000	0.220548
0.274100	0.525453
0.274200	0.200221
0.274300	-0.084357
0.274400	-0.003049
0.274500	-0.084357
0.274600	-0.145338
0.274700	0.078259
0.274800	0.118913
0.274900	0.220548
0.275000	0.200221
0.275100	0.444145
0.275200	0.139240
0.275300	-0.409589
0.275400	-0.328281
0.275500	0.789704
0.275600	0.952320
0.275700	0.017278
0.275800	-0.795802
0.275900	-0.307954
0.276000	0.606761
0.276100	0.525453
0.276200	-0.145338
0.276300	-0.145338
0.276400	0.322183
0.276500	0.342510
0.276600	-0.104684
0.276700	0.057932
0.276800	0.403491
0.276900	0.301856
0.277000	-0.185992
0.277100	-0.003049
0.277200	0.423818
0.277300	0.322183
0.277400	-0.064030
0.277500	-0.023376
0.277600	0.444145
0.277700	0.383164
0.277800	-0.165665
0.277900	-0.125011
0.278000	0.342510
0.278100	0.464472
0.278200	0.220548
0.278300	-0.003049
0.278400	-0.003049
0.278500	-0.023376
0.278600	-0.185992
0.278700	-0.023376
0.278800	0.281529
0.278900	0.220548
0.279000	0.240875
0.279100	0.281529
0.279200	-0.003049
0.279300	-0.003049
0.279400	0.362837
0.279500	0.261202
0.279600	0.057932
0.279700	0.240875
0.279800	0.423818
0.279900	0.220548
0.280000	-0.226646
0.280100	0.118913
0.280200	0.403491
0.280300	0.362837
0.280400	0.301856
0.280500	0.220548
0.280600	0.139240
0.280700	0.078259
0.280800	0.037605
0.280900	0.383164
0.281000	0.667742
0.281100	0.037605
0.281200	-0.409589
0.281300	-0.084357
0.281400	0.322183
0.281500	0.505126
0.281600	0.444145
0.281700	0.240875
0.281800	0.037605
0.281900	0.098586
0.282000	0.179894
0.282100	0.118913
0.282200	0.261202
0.282300	0.301856
0.282400	0.057932
0.282500	-0.023376
0.282600	0.220548
0.282700	0.464472
0.282800	0.179894
0.282900	-0.003049
0.283000	0.118913
0.283100	0.423818
0.283200	0.444145
0.283300	0.261202
0.283400	0.118913
0.283500	0.261202
0.283600	0.220548
0.283700	0.200221
0.283800	0.484799
0.283900	0.403491
0.284000	0.118913
0.284100	-0.043703
0.284200	0.220548
0.284300	0.444145
0.284400	0.342510
0.284500	0.464472
0.284600	0.261202
0.284700	0.017278
0.284800	0.118913
0.284900	0.444145
0.285000	0.403491
0.285100	0.159567
0.285200	0.139240
0.285300	0.220548
0.285400	-0.185992
0.285500	-0.185992
0.285600	0.362837
0.285700	0.566107
0.285800	0.383164
0.285900	0.200221
0.286000	0.220548
0.286100	0.118913
0.286200	-0.084357
0.286300	0.139240
0.286400	0.444145
0.286500	0.383164
0.286600	-0.064030
0.286700	-0.206319
0.286800	0.098586
0.286900	0.525453
0.287000	0.566107
0.287100	0.200221
0.287200	0.078259
0.287300	0.118913
0.287400	0.342510
0.287500	0.505126
0.287600	0.423818
0.287700	-0.003049
0.287800	0.017278
0.287900	0.403491
0.288000	0.484799
0.288100	0.261202
0.288200	0.179894
0.288300	0.159567
0.288400	0.220548
0.288500	0.423818
0.288600	0.444145
0.288700	0.139240
0.288800	-0.206319
0.288900	0.159567
0.289000	0.688069
0.289100	0.586434
0.289200	-0.023376
0.289300	-0.165665
0.289400	0.078259
0.289500	0.423818
0.289600	0.566107
0.289700	0.118913
0.289800	0.057932
0.289900	0.667742
0.290000	0.749050
0.290100	-0.023376
0.290200	-0.389262
0.290300	0.159567
0.290400	0.667742
0.290500	0.525453
0.290600	0.362837
0.290700	0.078259
0.290800	-0.165665
0.290900	0.037605
0.291000	0.627088
0.291100	0.749050
0.291200	0.423818
0.291300	-0.023376
0.291400	0.037605
0.291500	0.342510
0.291600	0.586434
0.291700	0.545780
0.291800	0.362837
0.291900	0.159567
0.292000	0.301856
0.292100	0.423818
0.292200	0.017278
0.292300	0.322183
0.292400	0.464472
0.292500	0.057932
0.292600	0.220548
0.292700	0.728723
0.292800	0.423818
0.292900	-0.145338
0.293000	0.301856
0.293100	0.667742
0.293200	0.444145
0.293300	0.179894
0.293400	0.220548
0.293500	0.057932
0.293600	0.261202
0.293700	0.566107
0.293800	0.627088
0.293900	0.200221
0.294000	0.037605
0.294100	0.464472
0.294200	0.464472
0.294300	0.444145
0.294400	0.464472
0.294500	0.322183
0.294600	0.037605
0.294700	0.261202
0.294800	0.606761
0.294900	0.444145
0.295000	-0.125011
0.295100	0.078259
0.295200	0.708396
0.295300	0.789704
0.295400	0.261202
0.295500	-0.165665
0.295600	0.261202
0.295700	0.606761
0.295800	0.484799
0.295900	0.159567
0.296000	0.037605
0.296100	0.281529
0.296200	0.322183
0.296300	-0.023376
0.296400	-0.003049
0.296500	0.586434
0.296600	0.484799
0.296700	-0.023376
0.296800	-0.064030
0.296900	0.383164
0.297000	0.403491
0.297100	0.281529
0.297200	0.220548
0.297300	0.098586
0.297400	0.139240
0.297500	0.444145
0.297600	0.444145
0.297700	0.078259
0.297800	0.017278
0.297900	0.342510
0.298000	0.505126
0.298100	-0.064030
0.298200	-0.145338
0.298300	0.484799
0.298400	0.688069
0.298500	0.200221
0.298600	-0.145338
0.298700	0.037605
0.298800	0.301856
0.298900	0.301856
0.299000	-0.023376
0.299100	-0.348608
0.299200	0.037605
0.299300	0.545780
0.299400	0.281529
0.299500	0.017278
0.299600	0.057932
0.299700	0.342510
0.299800	0.159567
0.299900	0.139240
