-0.020000	-0.001241
-0.019900	0.007282
-0.019800	-0.004082
-0.019700	-0.009764
-0.019600	-0.012605
-0.019500	-0.004082
-0.019400	-0.006923
-0.019300	0.007282
-0.019200	-0.004082
-0.019100	-0.001241
-0.019000	-0.004082
-0.018900	-0.006923
-0.018800	-0.012605
-0.018700	-0.009764
-0.018600	-0.012605
-0.018500	-0.004082
-0.018400	-0.004082
-0.018300	-0.015446
-0.018200	-0.004082
-0.018100	-0.004082
-0.018000	0.012964
-0.017900	0.004441
-0.017800	-0.004082
-0.017700	0.007282
-0.017600	0.007282
-0.017500	0.001600
-0.017400	0.004441
-0.017300	0.004441
-0.017200	-0.004082
-0.017100	-0.006923
-0.017000	0.001600
-0.016900	-0.009764
-0.016800	-0.004082
-0.016700	0.001600
-0.016600	-0.001241
-0.016500	-0.015446
-0.016400	-0.009764
-0.016300	-0.004082
-0.016200	-0.004082
-0.016100	0.001600
-0.016000	-0.001241
-0.015900	0.012964
-0.015800	-0.006923
-0.015700	-0.006923
-0.015600	-0.001241
-0.015500	0.001600
-0.015400	-0.004082
-0.015300	-0.004082
-0.015200	-0.006923
-0.015100	-0.004082
-0.015000	0.001600
-0.014900	-0.004082
-0.014800	-0.004082
-0.014700	0.001600
-0.014600	0.004441
-0.014500	-0.006923
-0.014400	0.007282
-0.014300	0.007282
-0.014200	0.001600
-0.014100	-0.001241
-0.014000	-0.001241
-0.013900	-0.001241
-0.013800	-0.004082
-0.013700	-0.004082
-0.013600	0.004441
-0.013500	-0.004082
-0.013400	0.001600
-0.013300	0.012964
-0.013200	-0.001241
-0.013100	-0.004082
-0.013000	-0.006923
-0.012900	0.001600
-0.012800	-0.004082
-0.012700	0.001600
-0.012600	0.007282
-0.012500	0.001600
-0.012400	0.004441
-0.012300	-0.004082
-0.012200	0.007282
-0.012100	0.001600
-0.012000	0.004441
-0.011900	-0.001241
-0.011800	0.007282
-0.011700	0.012964
-0.011600	0.001600
-0.011500	0.004441
-0.011400	0.004441
-0.011300	0.004441
-0.011200	0.007282
-0.011100	0.007282
-0.011000	0.004441
-0.010900	0.001600
-0.010800	-0.001241
-0.010700	0.001600
-0.010600	0.010123
-0.010500	-0.006923
-0.010400	-0.004082
-0.010300	0.004441
-0.010200	0.004441
-0.010100	0.004441
-0.010000	0.007282
-0.009900	0.004441
-0.009800	-0.012605
-0.009700	-0.001241
-0.009600	0.007282
-0.009500	0.007282
-0.009400	-0.001241
-0.009300	-0.004082
-0.009200	-0.001241
-0.009100	-0.001241
-0.009000	0.007282
-0.008900	0.004441
-0.008800	0.007282
-0.008700	-0.004082
-0.008600	-0.004082
-0.008500	-0.009764
-0.008400	0.001600
-0.008300	0.010123
-0.008200	0.001600
-0.008100	0.007282
-0.008000	0.010123
-0.007900	0.004441
-0.007800	-0.001241
-0.007700	-0.009764
-0.007600	0.007282
-0.007500	0.001600
-0.007400	0.007282
-0.007300	0.004441
-0.007200	0.007282
-0.007100	0.001600
-0.007000	-0.001241
-0.006900	-0.004082
-0.006800	0.004441
-0.006700	0.004441
-0.006600	-0.001241
-0.006500	0.007282
-0.006400	-0.009764
-0.006300	0.001600
-0.006200	0.001600
-0.006100	-0.001241
-0.006000	-0.006923
-0.005900	-0.001241
-0.005800	0.004441
-0.005700	-0.001241
-0.005600	-0.006923
-0.005500	-0.015446
-0.005400	-0.006923
-0.005300	-0.006923
-0.005200	-0.006923
-0.005100	0.004441
-0.005000	-0.018287
-0.004900	-0.009764
-0.004800	0.001600
-0.004700	-0.012605
-0.004600	-0.012605
-0.004500	-0.001241
-0.004400	0.001600
-0.004300	0.010123
-0.004200	0.001600
-0.004100	0.001600
-0.004000	0.010123
-0.003900	-0.004082
-0.003800	0.001600
-0.003700	-0.006923
-0.003600	-0.001241
-0.003500	-0.004082
-0.003400	-0.001241
-0.003300	0.010123
-0.003200	-0.009764
-0.003100	-0.006923
-0.003000	-0.012605
-0.002900	-0.009764
-0.002800	-0.018287
-0.002700	-0.001241
-0.002600	-0.006923
-0.002500	-0.001241
-0.002400	-0.004082
-0.002300	-0.006923
-0.002200	-0.006923
-0.002100	-0.001241
-0.002000	-0.006923
-0.001900	-0.004082
-0.001800	-0.004082
-0.001700	-0.015446
-0.001600	0.007282
-0.001500	0.001600
-0.001400	0.004441
-0.001300	-0.006923
-0.001200	0.007282
-0.001100	-0.009764
-0.001000	-0.004082
-0.000900	0.001600
-0.000800	-0.004082
-0.000700	0.004441
-0.000600	-0.001241
-0.000500	0.001600
-0.000400	0.001600
-0.000300	0.001600
-0.000200	0.010123
-0.000100	-0.004082
0.000000	0.007282
0.000100	0.004441
0.000200	0.001600
0.000300	-0.004082
0.000400	0.018646
0.000500	0.007282
0.000600	-0.004082
0.000700	0.001600
0.000800	-0.001241
0.000900	0.007282
0.001000	0.004441
0.001100	-0.001241
0.001200	0.001600
0.001300	-0.009764
0.001400	0.004441
0.001500	0.007282
0.001600	0.010123
0.001700	0.004441
0.001800	-0.004082
0.001900	0.001600
0.002000	0.004441
0.002100	0.001600
0.002200	0.001600
0.002300	-0.001241
0.002400	-0.012605
0.002500	0.007282
0.002600	0.007282
0.002700	0.001600
0.002800	0.001600
0.002900	-0.012605
0.003000	-0.001241
0.003100	0.001600
0.003200	-0.004082
0.003300	0.001600
0.003400	0.010123
0.003500	0.001600
0.003600	0.007282
0.003700	-0.004082
0.003800	-0.004082
0.003900	-0.006923
0.004000	-0.009764
0.004100	-0.015446
0.004200	0.001600
0.004300	-0.001241
0.004400	0.004441
0.004500	-0.001241
0.004600	-0.004082
0.004700	0.007282
0.004800	-0.004082
0.004900	-0.004082
0.005000	0.004441
0.005100	0.001600
0.005200	-0.001241
0.005300	-0.001241
0.005400	0.010123
0.005500	-0.004082
0.005600	-0.001241
0.005700	0.001600
0.005800	0.001600
0.005900	-0.001241
0.006000	0.004441
0.006100	0.010123
0.006200	0.001600
0.006300	0.001600
0.006400	-0.001241
0.006500	0.001600
0.006600	0.004441
0.006700	0.004441
0.006800	0.004441
0.006900	0.012964
0.007000	0.012964
0.007100	0.012964
0.007200	0.007282
0.007300	0.012964
0.007400	0.004441
0.007500	0.012964
0.007600	0.012964
0.007700	0.010123
0.007800	0.001600
0.007900	0.010123
0.008000	0.001600
0.008100	0.001600
0.008200	0.010123
0.008300	0.010123
0.008400	0.015805
0.008500	0.024328
0.008600	0.015805
0.008700	0.010123
0.008800	0.001600
0.008900	0.012964
0.009000	-0.001241
0.009100	0.007282
0.009200	-0.001241
0.009300	0.007282
0.009400	0.010123
0.009500	0.004441
0.009600	0.004441
0.009700	-0.001241
0.009800	-0.004082
0.009900	-0.004082
0.010000	0.007282
0.010100	0.010123
0.010200	0.001600
0.010300	0.001600
0.010400	0.001600
0.010500	0.010123
0.010600	0.001600
0.010700	0.012964
0.010800	0.004441
0.010900	-0.004082
0.011000	0.001600
0.011100	0.012964
0.011200	0.007282
0.011300	-0.004082
0.011400	0.015805
0.011500	0.007282
0.011600	0.004441
0.011700	0.007282
0.011800	0.004441
0.011900	0.001600
0.012000	-0.001241
0.012100	-0.004082
0.012200	0.001600
0.012300	-0.001241
0.012400	-0.004082
0.012500	-0.006923
0.012600	0.004441
0.012700	0.004441
0.012800	0.004441
0.012900	0.012964
0.013000	-0.001241
0.013100	-0.006923
0.013200	0.001600
0.013300	0.004441
0.013400	-0.006923
0.013500	-0.001241
0.013600	0.001600
0.013700	-0.006923
0.013800	0.001600
0.013900	0.001600
0.014000	0.007282
0.014100	0.001600
0.014200	0.001600
0.014300	-0.006923
0.014400	0.012964
0.014500	-0.001241
0.014600	0.001600
0.014700	0.004441
0.014800	-0.001241
0.014900	-0.004082
0.015000	0.007282
0.015100	0.001600
0.015200	0.001600
0.015300	0.012964
0.015400	0.007282
0.015500	0.015805
0.015600	-0.001241
0.015700	-0.001241
0.015800	-0.004082
0.015900	0.004441
0.016000	0.021487
0.016100	0.012964
0.016200	0.010123
0.016300	0.012964
0.016400	0.018646
0.016500	0.015805
0.016600	0.001600
0.016700	0.010123
0.016800	0.012964
0.016900	0.024328
0.017000	0.001600
0.017100	-0.006923
0.017200	-0.001241
0.017300	0.007282
0.017400	0.010123
0.017500	0.027169
0.017600	0.021487
0.017700	0.027169
0.017800	0.024328
0.017900	0.012964
0.018000	0.007282
0.018100	0.018646
0.018200	0.018646
0.018300	0.012964
0.018400	-0.004082
0.018500	0.004441
0.018600	0.012964
0.018700	0.015805
0.018800	0.004441
0.018900	0.007282
0.019000	0.024328
0.019100	0.007282
0.019200	0.010123
0.019300	0.010123
0.019400	0.018646
0.019500	0.004441
0.019600	0.010123
0.019700	0.010123
0.019800	0.010123
0.019900	0.010123
0.020000	0.004441
0.020100	-0.001241
0.020200	-0.009764
0.020300	0.007282
0.020400	-0.001241
0.020500	0.001600
0.020600	-0.015446
0.020700	-0.004082
0.020800	0.001600
0.020900	-0.004082
0.021000	-0.001241
0.021100	0.018646
0.021200	0.012964
0.021300	0.004441
0.021400	0.004441
0.021500	0.004441
0.021600	0.001600
0.021700	0.012964
0.021800	0.001600
0.021900	-0.004082
0.022000	-0.004082
0.022100	-0.009764
0.022200	-0.009764
0.022300	-0.006923
0.022400	-0.018287
0.022500	-0.026810
0.022600	-0.046697
0.022700	-0.058061
0.022800	-0.066584
0.022900	-0.069425
0.023000	-0.077948
0.023100	-0.106358
0.023200	-0.109199
0.023300	-0.117722
0.023400	-0.143291
0.023500	-0.154655
0.023600	-0.180224
0.023700	-0.188747
0.023800	-0.208634
0.023900	-0.217157
0.024000	-0.222839
0.024100	-0.239885
0.024200	-0.248408
0.024300	-0.259772
0.024400	-0.256931
0.024500	-0.271136
0.024600	-0.273977
0.024700	-0.288182
0.024800	-0.276818
0.024900	-0.282500
0.025000	-0.262613
0.025100	-0.256931
0.025200	-0.262613
0.025300	-0.273977
0.025400	-0.262613
0.025500	-0.248408
0.025600	-0.231362
0.025700	-0.228521
0.025800	-0.217157
0.025900	-0.197270
0.026000	-0.194429
0.026100	-0.188747
0.026200	-0.166019
0.026300	-0.151814
0.026400	-0.148973
0.026500	-0.131927
0.026600	-0.126245
0.026700	-0.109199
0.026800	-0.100676
0.026900	-0.094994
0.027000	-0.094994
0.027100	-0.092153
0.027200	-0.092153
0.027300	-0.083630
0.027400	-0.083630
0.027500	-0.083630
0.027600	-0.083630
0.027700	-0.083630
0.027800	-0.086471
0.027900	-0.080789
0.028000	-0.089312
0.028100	-0.077948
0.028200	-0.083630
0.028300	-0.080789
0.028400	-0.077948
0.028500	-0.066584
0.028600	-0.060902
0.028700	-0.055220
0.028800	-0.052379
0.028900	-0.060902
0.029000	-0.052379
0.029100	-0.049538
0.029200	-0.038174
0.029300	-0.018287
0.029400	-0.035333
0.029500	-0.026810
0.029600	-0.015446
0.029700	-0.015446
0.029800	-0.012605
0.029900	-0.009764
0.030000	0.010123
0.030100	0.001600
0.030200	0.012964
0.030300	-0.001241
0.030400	-0.004082
0.030500	0.010123
0.030600	0.001600
0.030700	-0.001241
0.030800	-0.001241
0.030900	0.007282
0.031000	0.001600
0.031100	0.010123
0.031200	0.012964
0.031300	0.012964
0.031400	0.012964
0.031500	0.012964
0.031600	0.010123
0.031700	0.010123
0.031800	0.004441
0.031900	0.012964
0.032000	0.004441
0.032100	-0.004082
0.032200	-0.004082
0.032300	0.015805
0.032400	0.012964
0.032500	0.001600
0.032600	0.001600
0.032700	0.007282
0.032800	-0.001241
0.032900	0.010123
0.033000	0.001600
0.033100	0.012964
0.033200	-0.001241
0.033300	-0.001241
0.033400	0.001600
0.033500	-0.009764
0.033600	0.001600
0.033700	-0.001241
0.033800	0.007282
0.033900	-0.001241
0.034000	-0.004082
0.034100	0.001600
0.034200	0.010123
0.034300	-0.001241
0.034400	-0.004082
0.034500	-0.001241
0.034600	-0.006923
0.034700	-0.009764
0.034800	-0.006923
0.034900	-0.012605
0.035000	-0.009764
0.035100	-0.015446
0.035200	-0.009764
0.035300	-0.001241
0.035400	0.007282
0.035500	0.007282
0.035600	0.030010
0.035700	0.049897
0.035800	0.092512
0.035900	0.140809
0.036000	0.146491
0.036100	0.200470
0.036200	0.243085
0.036300	0.288541
0.036400	0.362407
0.036500	0.450478
0.036600	0.535708
0.036700	0.626620
0.036800	0.714691
0.036900	0.853900
0.037000	1.018680
0.037100	1.183460
0.037200	1.353920
0.037300	1.515850
0.037400	1.669270
0.037500	1.831200
0.037600	2.015870
0.037700	2.209060
0.037800	2.390880
0.037900	2.589750
0.038000	2.799990
0.038100	3.018740
0.038200	3.234660
0.038300	3.478980
0.038400	3.726150
0.038500	3.976160
0.038600	4.226170
0.038700	4.464810
0.038800	4.720500
0.038900	5.024490
0.039000	5.265970
0.039100	5.521660
0.039200	5.817130
0.039300	6.087020
0.039400	6.365440
0.039500	6.641020
0.039600	6.905230
0.039700	7.192170
0.039800	7.447860
0.039900	7.714920
0.040000	8.018900
0.040100	8.291640
0.040200	8.553010
0.040300	8.859840
0.040400	9.175190
0.040500	9.453610
0.040600	9.717820
0.040700	10.050200
0.040800	10.351400
0.040900	10.626900
0.041000	10.950800
0.041100	11.249100
0.041200	11.547400
0.041300	11.859900
0.041400	12.146900
0.041500	12.431000
0.041600	12.740600
0.041700	13.061700
0.041800	13.342900
0.041900	13.635600
0.042000	13.945200
0.042100	14.240700
0.042200	14.502100
0.042300	14.797500
0.042400	15.073100
0.042500	15.348700
0.042600	15.632800
0.042700	15.885600
0.042800	16.141300
0.042900	16.385599
0.043000	16.621401
0.043100	16.854401
0.043200	17.081699
0.043300	17.311800
0.043400	17.524900
0.043500	17.678301
0.043600	17.851601
0.043700	18.067499
0.043800	18.306200
0.043900	18.513599
0.044000	18.658400
0.044100	18.794800
0.044200	18.968100
0.044300	19.172701
0.044400	19.360201
0.044500	19.598801
0.044600	19.828899
0.044700	20.042000
0.044800	20.257900
0.044900	20.465300
0.045000	20.661400
0.045100	20.891500
0.045200	21.118799
0.045300	21.357401
0.045400	21.581800
0.045500	21.812000
0.045600	22.027901
0.045700	22.221100
0.045800	22.380199
0.045900	22.573299
0.046000	22.806299
0.046100	23.053499
0.046200	23.277901
0.046300	23.442699
0.046400	23.630199
0.046500	23.843300
0.046600	24.081900
0.046700	24.300699
0.046800	24.482500
0.046900	24.701300
0.047000	24.934200
0.047100	25.110399
0.047200	25.300699
0.047300	25.505301
0.047400	25.661501
0.047500	25.809200
0.047600	25.974001
0.047700	26.167200
0.047800	26.334801
0.047900	26.499599
0.048000	26.655899
0.048100	26.809299
0.048200	26.934299
0.048300	27.073500
0.048400	27.249599
0.048500	27.440001
0.048600	27.579201
0.048700	27.738300
0.048800	27.937201
0.048900	28.087700
0.049000	28.184299
0.049100	28.326401
0.049200	28.536600
0.049300	28.712700
0.049400	28.840599
0.049500	28.979799
0.049600	29.133200
0.049700	29.292299
0.049800	29.431499
0.049900	29.548000
0.050000	29.678699
0.050100	29.817900
0.050200	29.945700
0.050300	30.101999
0.050400	30.269600
0.050500	30.391800
0.050600	30.459999
0.050700	30.531000
0.050800	30.644600
0.050900	30.775299
0.051000	30.906000
0.051100	31.028200
0.051200	31.104900
0.051300	31.184401
0.051400	31.249800
0.051500	31.303699
0.051600	31.408899
0.051700	31.528200
0.051800	31.616199
0.051900	31.695801
0.052000	31.786699
0.052100	31.911699
0.052200	31.988400
0.052300	32.028198
0.052400	32.082199
0.052500	32.164600
0.052600	32.221401
0.052700	32.283901
0.052800	32.360600
0.052900	32.423100
0.053000	32.511200
0.053100	32.602100
0.053200	32.653198
0.053300	32.675900
0.053400	32.707199
0.053500	32.769699
0.053600	32.834999
0.053700	32.886200
0.053800	32.886200
0.053900	32.911701
0.054000	32.934502
0.054100	32.951500
0.054200	32.962898
0.054300	32.977100
0.054400	32.982800
0.054500	32.999802
0.054600	33.005501
0.054700	33.025398
0.054800	33.022499
0.054900	33.022499
0.055000	33.022499
0.055100	33.028198
0.055200	33.036701
0.055300	33.031101
0.055400	33.045300
0.055500	33.025398
0.055600	33.014000
0.055700	33.025398
0.055800	33.033901
0.055900	33.036701
0.056000	33.025398
0.056100	33.014000
0.056200	33.019699
0.056300	33.016899
0.056400	33.002701
0.056500	32.988499
0.056600	32.974201
0.056700	32.957199
0.056800	32.914600
0.056900	32.863400
0.057000	32.800900
0.057100	32.721401
0.057200	32.633301
0.057300	32.602100
0.057400	32.548100
0.057500	32.443001
0.057600	32.334999
0.057700	32.244099
0.057800	32.164600
0.057900	32.096401
0.058000	32.008301
0.058100	31.917400
0.058200	31.803801
0.058300	31.678801
0.058400	31.582199
0.058500	31.485600
0.058600	31.351999
0.058700	31.255400
0.058800	31.150299
0.058900	31.082100
0.059000	30.974199
0.059100	30.834999
0.059200	30.667400
0.059300	30.562201
0.059400	30.499701
0.059500	30.414499
0.059600	30.306499
0.059700	30.190100
0.059800	30.031000
0.059900	29.911600
0.060000	29.795200
0.060100	29.692900
0.060200	29.596300
0.060300	29.485500
0.060400	29.368999
0.060500	29.258200
0.060600	29.147400
0.060700	29.013901
0.060800	28.911600
0.060900	28.798000
0.061000	28.690001
0.061100	28.576401
0.061200	28.451401
0.061300	28.295099
0.061400	28.178600
0.061500	28.104799
0.061600	28.028099
0.061700	27.925800
0.061800	27.820700
0.061900	27.687099
0.062000	27.562099
0.062100	27.488300
0.062200	27.420099
0.062300	27.317801
0.062400	27.190001
0.062500	27.062099
0.062600	26.948500
0.062700	26.886000
0.062800	26.843399
0.062900	26.769501
0.063000	26.667200
0.063100	26.559299
0.063200	26.485399
0.063300	26.394501
0.063400	26.297899
0.063500	26.207001
0.063600	26.118900
0.063700	26.033701
0.063800	25.931400
0.063900	25.823400
0.064000	25.746700
0.064100	25.655800
0.064200	25.570601
0.064300	25.474001
0.064400	25.329100
0.064500	25.207001
0.064600	25.110399
0.064700	24.993900
0.064800	24.885900
0.064900	24.780800
0.065000	24.667200
0.065100	24.479700
0.065200	24.323400
0.065300	24.206900
0.065400	24.062000
0.065500	23.902901
0.065600	23.783600
0.065700	23.621700
0.065800	23.462601
0.065900	23.323400
0.066000	23.204000
0.066100	23.042101
0.066200	22.900101
0.066300	22.715401
0.066400	22.556299
0.066500	22.425600
0.066600	22.272200
0.066700	22.115900
0.066800	21.993799
0.066900	21.871599
0.067000	21.701200
0.067100	21.496599
0.067200	21.329000
0.067300	21.186899
0.067400	21.036400
0.067500	20.868700
0.067600	20.686899
0.067700	20.527800
0.067800	20.385799
0.067900	20.243700
0.068000	20.078899
0.068100	19.891399
0.068200	19.732300
0.068300	19.587500
0.068400	19.397100
0.068500	19.229500
0.068600	19.090300
0.068700	18.968100
0.068800	18.828899
0.068900	18.718100
0.069000	18.610201
0.069100	18.482300
0.069200	18.357300
0.069300	18.192499
0.069400	18.027700
0.069500	17.865801
0.069600	17.735100
0.069700	17.601601
0.069800	17.485100
0.069900	17.368601
0.070000	17.218100
0.070100	17.070299
0.070200	16.928301
0.070300	16.769199
0.070400	16.615801
0.070500	16.513500
0.070600	16.408400
0.070700	16.252100
0.070800	16.121401
0.070900	16.019199
0.071000	15.911200
0.071100	15.780500
0.071200	15.669700
0.071300	15.536200
0.071400	15.405500
0.071500	15.269100
0.071600	15.175400
0.071700	15.053200
0.071800	14.882800
0.071900	14.772000
0.072000	14.712300
0.072100	14.590100
0.072200	14.405500
0.072300	14.286100
0.072400	14.206600
0.072500	14.095800
0.072600	13.948100
0.072700	13.786100
0.072800	13.655400
0.072900	13.536100
0.073000	13.408300
0.073100	13.286100
0.073200	13.198000
0.073300	13.115700
0.073400	13.056000
0.073500	12.999200
0.073600	12.933800
0.073700	12.806000
0.073800	12.681000
0.073900	12.595800
0.074000	12.570200
0.074100	12.510500
0.074200	12.453700
0.074300	12.419600
0.074400	12.385500
0.074500	12.328700
0.074600	12.271900
0.074700	12.212200
0.074800	12.166800
0.074900	12.124100
0.075000	12.112800
0.075100	12.073000
0.075200	12.013300
0.075300	11.956500
0.075400	11.894000
0.075500	11.851400
0.075600	11.786100
0.075700	11.734900
0.075800	11.700800
0.075900	11.661100
0.076000	11.612800
0.076100	11.564500
0.076200	11.527500
0.076300	11.487800
0.076400	11.436600
0.076500	11.399700
0.076600	11.334300
0.076700	11.226400
0.076800	11.129800
0.076900	11.075800
0.077000	11.027500
0.077100	10.990600
0.077200	10.945100
0.077300	10.862700
0.077400	10.746300
0.077500	10.669600
0.077600	10.609900
0.077700	10.541700
0.077800	10.419500
0.077900	10.303100
0.078000	10.234900
0.078100	10.158200
0.078200	10.087200
0.078300	10.024600
0.078400	9.922370
0.078500	9.777480
0.078600	9.609860
0.078700	9.479180
0.078800	9.393950
0.078900	9.322920
0.079000	9.223490
0.079100	9.118370
0.079200	9.004730
0.079300	8.828590
0.079400	8.658130
0.079500	8.564370
0.079600	8.450730
0.079700	8.314370
0.079800	8.163790
0.079900	8.067200
0.080000	7.956400
0.080100	7.820030
0.080200	7.663780
0.080300	7.527410
0.080400	7.402410
0.080500	7.305810
0.080600	7.195010
0.080700	7.061490
0.080800	6.927960
0.080900	6.808640
0.081000	6.706360
0.081100	6.621130
0.081200	6.498970
0.081300	6.359760
0.081400	6.266010
0.081500	6.180780
0.081600	6.095550
0.081700	5.950650
0.081800	5.805760
0.081900	5.720530
0.082000	5.686440
0.082100	5.604050
0.082200	5.450640
0.082300	5.311430
0.082400	5.223360
0.082500	5.126760
0.082600	5.052900
0.082700	5.001760
0.082800	4.939260
0.082900	4.859710
0.083000	4.757430
0.083100	4.643790
0.083200	4.575610
0.083300	4.515950
0.083400	4.439240
0.083500	4.376740
0.083600	4.328440
0.083700	4.263100
0.083800	4.203440
0.083900	4.155140
0.084000	4.101160
0.084100	4.058550
0.084200	4.024460
0.084300	3.981840
0.084400	3.956270
0.084500	3.919340
0.084600	3.890930
0.084700	3.856840
0.084800	3.822750
0.084900	3.788650
0.085000	3.751720
0.085100	3.737520
0.085200	3.717630
0.085300	3.711950
0.085400	3.689220
0.085500	3.675010
0.085600	3.655130
0.085700	3.646600
0.085800	3.646600
0.085900	3.626720
0.086000	3.623880
0.086100	3.606830
0.086200	3.618190
0.086300	3.609670
0.086400	3.589780
0.086500	3.586940
0.086600	3.581260
0.086700	3.584100
0.086800	3.567060
0.086900	3.569900
0.087000	3.564210
0.087100	3.555690
0.087200	3.567060
0.087300	3.567060
0.087400	3.558530
0.087500	3.558530
0.087600	3.561370
0.087700	3.569900
0.087800	3.575580
0.087900	3.581260
0.088000	3.575580
0.088100	3.572740
0.088200	3.581260
0.088300	3.561370
0.088400	3.561370
0.088500	3.569900
0.088600	3.555690
0.088700	3.558530
0.088800	3.561370
0.088900	3.567060
0.089000	3.569900
0.089100	3.564210
0.089200	3.561370
0.089300	3.572740
0.089400	3.575580
0.089500	3.567060
0.089600	3.586940
0.089700	3.569900
0.089800	3.578420
0.089900	3.575580
0.090000	3.589780
0.090100	3.575580
0.090200	3.578420
0.090300	3.569900
0.090400	3.589780
0.090500	3.586940
0.090600	3.581260
0.090700	3.572740
0.090800	3.575580
0.090900	3.586940
0.091000	3.581260
0.091100	3.589780
0.091200	3.586940
0.091300	3.575580
0.091400	3.581260
0.091500	3.584100
0.091600	3.578420
0.091700	3.575580
0.091800	3.567060
0.091900	3.569900
0.092000	3.575580
0.092100	3.567060
0.092200	3.564210
0.092300	3.575580
0.092400	3.575580
0.092500	3.569900
0.092600	3.567060
0.092700	3.572740
0.092800	3.581260
0.092900	3.564210
0.093000	3.547170
0.093100	3.550010
0.093200	3.564210
0.093300	3.552850
0.093400	3.561370
0.093500	3.558530
0.093600	3.550010
0.093700	3.547170
0.093800	3.518760
0.093900	3.515920
0.094000	3.510240
0.094100	3.504550
0.094200	3.493190
0.094300	3.473300
0.094400	3.478980
0.094500	3.470460
0.094600	3.467620
0.094700	3.467620
0.094800	3.467620
0.094900	3.473300
0.095000	3.478980
0.095100	3.473300
0.095200	3.487510
0.095300	3.467620
0.095400	3.459100
0.095500	3.461940
0.095600	3.444890
0.095700	3.433530
0.095800	3.422160
0.095900	3.396600
0.096000	3.399440
0.096100	3.379550
0.096200	3.353980
0.096300	3.371030
0.096400	3.365340
0.096500	3.356820
0.096600	3.348300
0.096700	3.336930
0.096800	3.325570
0.096900	3.314210
0.097000	3.311370
0.097100	3.297160
0.097200	3.300000
0.097300	3.288640
0.097400	3.291480
0.097500	3.277270
0.097600	3.268750
0.097700	3.251700
0.097800	3.260230
0.097900	3.251700
0.098000	3.243180
0.098100	3.228980
0.098200	3.223290
0.098300	3.217610
0.098400	3.211930
0.098500	3.200570
0.098600	3.183520
0.098700	3.166470
0.098800	3.177840
0.098900	3.157950
0.099000	3.143750
0.099100	3.146590
0.099200	3.146590
0.099300	3.135220
0.099400	3.132380
0.099500	3.118180
0.099600	3.121020
0.099700	3.103970
0.099800	3.089770
0.099900	3.101130
0.100000	3.095450
0.100100	3.081240
0.100200	3.075560
0.100300	3.072720
0.100400	3.064200
0.100500	3.061360
0.100600	3.055680
0.100700	3.041470
0.100800	3.035790
0.100900	3.024420
0.101000	3.030110
0.101100	3.015900
0.101200	3.007380
0.101300	3.001700
0.101400	3.007380
0.101500	2.993170
0.101600	2.993170
0.101700	2.993170
0.101800	2.993170
0.101900	2.996010
0.102000	2.976130
0.102100	2.967600
0.102200	2.967600
0.102300	2.973290
0.102400	2.964760
0.102500	2.964760
0.102600	2.959080
0.102700	2.942040
0.102800	2.939190
0.102900	2.933510
0.103000	2.930670
0.103100	2.930670
0.103200	2.910780
0.103300	2.916470
0.103400	2.907940
0.103500	2.899420
0.103600	2.893740
0.103700	2.885220
0.103800	2.888060
0.103900	2.888060
0.104000	2.890900
0.104100	2.879530
0.104200	2.871010
0.104300	2.865330
0.104400	2.856810
0.104500	2.848280
0.104600	2.845440
0.104700	2.836920
0.104800	2.825550
0.104900	2.831240
0.105000	2.825550
0.105100	2.817030
0.105200	2.834080
0.105300	2.814190
0.105400	2.802830
0.105500	2.799990
0.105600	2.808510
0.105700	2.794300
0.105800	2.791460
0.105900	2.797140
0.106000	2.788620
0.106100	2.774420
0.106200	2.765890
0.106300	2.757370
0.106400	2.765890
0.106500	2.760210
0.106600	2.746010
0.106700	2.740320
0.106800	2.740320
0.106900	2.737480
0.107000	2.726120
0.107100	2.714760
0.107200	2.694870
0.107300	2.694870
0.107400	2.686350
0.107500	2.674980
0.107600	2.663620
0.107700	2.655090
0.107800	2.643730
0.107900	2.640890
0.108000	2.626680
0.108100	2.606800
0.108200	2.589750
0.108300	2.569860
0.108400	2.572710
0.108500	2.558500
0.108600	2.549980
0.108700	2.535770
0.108800	2.518730
0.108900	2.524410
0.109000	2.515890
0.109100	2.498840
0.109200	2.493160
0.109300	2.496000
0.109400	2.484630
0.109500	2.467590
0.109600	2.453380
0.109700	2.436340
0.109800	2.439180
0.109900	2.433500
0.110000	2.419290
0.110100	2.402250
0.110200	2.399400
0.110300	2.385200
0.110400	2.382360
0.110500	2.365310
0.110600	2.345430
0.110700	2.334060
0.110800	2.319860
0.110900	2.302810
0.111000	2.299970
0.111100	2.274400
0.111200	2.263040
0.111300	2.231790
0.111400	2.234630
0.111500	2.223260
0.111600	2.206220
0.111700	2.203380
0.111800	2.194850
0.111900	2.163600
0.112000	2.166440
0.112100	2.160760
0.112200	2.140870
0.112300	2.138030
0.112400	2.132350
0.112500	2.115300
0.112600	2.109620
0.112700	2.101100
0.112800	2.081210
0.112900	2.078370
0.113000	2.084050
0.113100	2.055640
0.113200	2.061330
0.113300	2.038600
0.113400	2.024390
0.113500	2.015870
0.113600	2.007350
0.113700	1.998820
0.113800	1.995980
0.113900	1.978940
0.114000	1.973250
0.114100	1.967570
0.114200	1.964730
0.114300	1.956210
0.114400	1.961890
0.114500	1.961890
0.114600	1.950530
0.114700	1.927800
0.114800	1.933480
0.114900	1.922120
0.115000	1.905070
0.115100	1.913590
0.115200	1.899390
0.115300	1.896550
0.115400	1.910750
0.115500	1.902230
0.115600	1.893710
0.115700	1.893710
0.115800	1.890870
0.115900	1.907910
0.116000	1.913590
0.116100	1.919280
0.116200	1.922120
0.116300	1.924960
0.116400	1.913590
0.116500	1.924960
0.116600	1.916430
0.116700	1.927800
0.116800	1.936320
0.116900	1.936320
0.117000	1.939160
0.117100	1.933480
0.117200	1.936320
0.117300	1.947690
0.117400	1.933480
0.117500	1.942000
0.117600	1.939160
0.117700	1.933480
0.117800	1.942000
0.117900	1.933480
0.118000	1.933480
0.118100	1.936320
0.118200	1.950530
0.118300	1.936320
0.118400	1.950530
0.118500	1.947690
0.118600	1.947690
0.118700	1.950530
0.118800	1.942000
0.118900	1.936320
0.119000	1.939160
0.119100	1.953370
0.119200	1.947690
0.119300	1.939160
0.119400	1.936320
0.119500	1.944840
0.119600	1.933480
0.119700	1.944840
0.119800	1.939160
0.119900	1.942000
0.120000	1.936320
0.120100	1.944840
0.120200	1.939160
0.120300	1.947690
0.120400	1.939160
0.120500	1.939160
0.120600	1.939160
0.120700	1.927800
0.120800	1.930640
0.120900	1.936320
0.121000	1.930640
0.121100	1.924960
0.121200	1.927800
0.121300	1.919280
0.121400	1.919280
0.121500	1.907910
0.121600	1.905070
0.121700	1.902230
0.121800	1.905070
0.121900	1.890870
0.122000	1.882340
0.122100	1.876660
0.122200	1.882340
0.122300	1.882340
0.122400	1.876660
0.122500	1.882340
0.122600	1.879500
0.122700	1.870980
0.122800	1.876660
0.122900	1.876660
0.123000	1.870980
0.123100	1.876660
0.123200	1.868140
0.123300	1.862460
0.123400	1.859610
0.123500	1.865300
0.123600	1.853930
0.123700	1.848250
0.123800	1.842570
0.123900	1.839730
0.124000	1.831200
0.124100	1.836890
0.124200	1.845410
0.124300	1.834050
0.124400	1.831200
0.124500	1.828360
0.124600	1.831200
0.124700	1.817000
0.124800	1.811320
0.124900	1.814160
0.125000	1.825520
0.125100	1.808480
0.125200	1.808480
0.125300	1.797110
0.125400	1.799950
0.125500	1.799950
0.125600	1.794270
0.125700	1.791430
0.125800	1.797110
0.125900	1.797110
0.126000	1.782910
0.126100	1.788590
0.126200	1.802790
0.126300	1.780070
0.126400	1.791430
0.126500	1.797110
0.126600	1.791430
0.126700	1.799950
0.126800	1.788590
0.126900	1.780070
0.127000	1.794270
0.127100	1.791430
0.127200	1.794270
0.127300	1.797110
0.127400	1.785750
0.127500	1.780070
0.127600	1.797110
0.127700	1.799950
0.127800	1.799950
0.127900	1.808480
0.128000	1.802790
0.128100	1.799950
0.128200	1.794270
0.128300	1.791430
0.128400	1.797110
0.128500	1.802790
0.128600	1.802790
0.128700	1.814160
0.128800	1.808480
0.128900	1.805640
0.129000	1.808480
0.129100	1.802790
0.129200	1.799950
0.129300	1.802790
0.129400	1.819840
0.129500	1.819840
0.129600	1.802790
0.129700	1.802790
0.129800	1.805640
0.129900	1.802790
0.130000	1.808480
0.130100	1.805640
0.130200	1.802790
0.130300	1.811320
0.130400	1.814160
0.130500	1.808480
0.130600	1.797110
0.130700	1.802790
0.130800	1.808480
0.130900	1.808480
0.131000	1.805640
0.131100	1.808480
0.131200	1.819840
0.131300	1.814160
0.131400	1.797110
0.131500	1.799950
0.131600	1.799950
0.131700	1.799950
0.131800	1.805640
0.131900	1.797110
0.132000	1.788590
0.132100	1.799950
0.132200	1.817000
0.132300	1.808480
0.132400	1.814160
0.132500	1.819840
0.132600	1.799950
0.132700	1.802790
0.132800	1.819840
0.132900	1.808480
0.133000	1.811320
0.133100	1.799950
0.133200	1.808480
0.133300	1.808480
0.133400	1.811320
0.133500	1.811320
0.133600	1.802790
0.133700	1.805640
0.133800	1.811320
0.133900	1.808480
0.134000	1.817000
0.134100	1.811320
0.134200	1.805640
0.134300	1.799950
0.134400	1.814160
0.134500	1.814160
0.134600	1.808480
0.134700	1.811320
0.134800	1.811320
0.134900	1.808480
0.135000	1.808480
0.135100	1.814160
0.135200	1.802790
0.135300	1.802790
0.135400	1.805640
0.135500	1.808480
0.135600	1.808480
0.135700	1.819840
0.135800	1.817000
0.135900	1.802790
0.136000	1.808480
0.136100	1.814160
0.136200	1.805640
0.136300	1.802790
0.136400	1.805640
0.136500	1.814160
0.136600	1.802790
0.136700	1.814160
0.136800	1.808480
0.136900	1.797110
0.137000	1.811320
0.137100	1.811320
0.137200	1.808480
0.137300	1.805640
0.137400	1.814160
0.137500	1.814160
0.137600	1.808480
0.137700	1.808480
0.137800	1.797110
0.137900	1.799950
0.138000	1.814160
0.138100	1.808480
0.138200	1.814160
0.138300	1.802790
0.138400	1.799950
0.138500	1.802790
0.138600	1.797110
0.138700	1.799950
0.138800	1.791430
0.138900	1.797110
0.139000	1.799950
0.139100	1.805640
0.139200	1.808480
0.139300	1.811320
0.139400	1.805640
0.139500	1.805640
0.139600	1.811320
0.139700	1.811320
0.139800	1.805640
0.139900	1.794270
0.140000	1.802790
0.140100	1.802790
0.140200	1.805640
0.140300	1.797110
0.140400	1.802790
0.140500	1.802790
0.140600	1.797110
0.140700	1.802790
0.140800	1.805640
0.140900	1.802790
0.141000	1.814160
0.141100	1.805640
0.141200	1.797110
0.141300	1.811320
0.141400	1.799950
0.141500	1.794270
0.141600	1.788590
0.141700	1.802790
0.141800	1.799950
0.141900	1.808480
0.142000	1.799950
0.142100	1.797110
0.142200	1.794270
0.142300	1.814160
0.142400	1.811320
0.142500	1.799950
0.142600	1.805640
0.142700	1.802790
0.142800	1.802790
0.142900	1.794270
0.143000	1.797110
0.143100	1.805640
0.143200	1.808480
0.143300	1.808480
0.143400	1.805640
0.143500	1.791430
0.143600	1.811320
0.143700	1.797110
0.143800	1.802790
0.143900	1.811320
0.144000	1.788590
0.144100	1.808480
0.144200	1.802790
0.144300	1.808480
0.144400	1.797110
0.144500	1.814160
0.144600	1.819840
0.144700	1.808480
0.144800	1.814160
0.144900	1.808480
0.145000	1.808480
0.145100	1.802790
0.145200	1.805640
0.145300	1.811320
0.145400	1.811320
0.145500	1.811320
0.145600	1.797110
0.145700	1.805640
0.145800	1.799950
0.145900	1.794270
0.146000	1.794270
0.146100	1.805640
0.146200	1.802790
0.146300	1.814160
0.146400	1.802790
0.146500	1.794270
0.146600	1.802790
0.146700	1.799950
0.146800	1.799950
0.146900	1.799950
0.147000	1.802790
0.147100	1.814160
0.147200	1.791430
0.147300	1.802790
0.147400	1.794270
0.147500	1.808480
0.147600	1.808480
0.147700	1.791430
0.147800	1.794270
0.147900	1.808480
0.148000	1.797110
0.148100	1.794270
0.148200	1.791430
0.148300	1.799950
0.148400	1.791430
0.148500	1.785750
0.148600	1.788590
0.148700	1.797110
0.148800	1.799950
0.148900	1.794270
0.149000	1.797110
0.149100	1.794270
0.149200	1.797110
0.149300	1.788590
0.149400	1.802790
0.149500	1.805640
0.149600	1.791430
0.149700	1.774380
0.149800	1.788590
0.149900	1.799950
0.150000	1.791430
0.150100	1.794270
0.150200	1.788590
0.150300	1.791430
0.150400	1.785750
0.150500	1.797110
0.150600	1.791430
0.150700	1.785750
0.150800	1.785750
0.150900	1.802790
0.151000	1.797110
0.151100	1.785750
0.151200	1.791430
0.151300	1.785750
0.151400	1.788590
0.151500	1.791430
0.151600	1.794270
0.151700	1.788590
0.151800	1.797110
0.151900	1.797110
0.152000	1.794270
0.152100	1.799950
0.152200	1.791430
0.152300	1.782910
0.152400	1.791430
0.152500	1.811320
0.152600	1.788590
0.152700	1.788590
0.152800	1.794270
0.152900	1.794270
0.153000	1.797110
0.153100	1.791430
0.153200	1.777230
0.153300	1.782910
0.153400	1.794270
0.153500	1.797110
0.153600	1.794270
0.153700	1.797110
0.153800	1.785750
0.153900	1.797110
0.154000	1.797110
0.154100	1.782910
0.154200	1.782910
0.154300	1.797110
0.154400	1.782910
0.154500	1.788590
0.154600	1.782910
0.154700	1.782910
0.154800	1.788590
0.154900	1.794270
0.155000	1.785750
0.155100	1.785750
0.155200	1.788590
0.155300	1.782910
0.155400	1.768700
0.155500	1.785750
0.155600	1.780070
0.155700	1.771540
0.155800	1.791430
0.155900	1.774380
0.156000	1.780070
0.156100	1.774380
0.156200	1.774380
0.156300	1.771540
0.156400	1.774380
0.156500	1.765860
0.156600	1.771540
0.156700	1.765860
0.156800	1.757340
0.156900	1.760180
0.157000	1.754500
0.157100	1.748820
0.157200	1.757340
0.157300	1.765860
0.157400	1.763020
0.157500	1.751660
0.157600	1.757340
0.157700	1.754500
0.157800	1.754500
0.157900	1.757340
0.158000	1.734610
0.158100	1.743130
0.158200	1.740290
0.158300	1.745970
0.158400	1.751660
0.158500	1.745970
0.158600	1.751660
0.158700	1.731770
0.158800	1.737450
0.158900	1.731770
0.159000	1.726090
0.159100	1.731770
0.159200	1.726090
0.159300	1.720410
0.159400	1.720410
0.159500	1.728930
0.159600	1.734610
0.159700	1.728930
0.159800	1.711880
0.159900	1.714720
0.160000	1.720410
0.160100	1.711880
0.160200	1.714720
0.160300	1.720410
0.160400	1.706200
0.160500	1.720410
0.160600	1.714720
0.160700	1.717560
0.160800	1.700520
0.160900	1.700520
0.161000	1.706200
0.161100	1.703360
0.161200	1.697680
0.161300	1.706200
0.161400	1.692000
0.161500	1.692000
0.161600	1.700520
0.161700	1.694840
0.161800	1.689150
0.161900	1.703360
0.162000	1.700520
0.162100	1.686310
0.162200	1.700520
0.162300	1.692000
0.162400	1.694840
0.162500	1.692000
0.162600	1.697680
0.162700	1.692000
0.162800	1.706200
0.162900	1.709040
0.163000	1.700520
0.163100	1.692000
0.163200	1.694840
0.163300	1.689150
0.163400	1.697680
0.163500	1.700520
0.163600	1.680630
0.163700	1.683470
0.163800	1.694840
0.163900	1.692000
0.164000	1.680630
0.164100	1.703360
0.164200	1.692000
0.164300	1.692000
0.164400	1.697680
0.164500	1.692000
0.164600	1.692000
0.164700	1.692000
0.164800	1.689150
0.164900	1.677790
0.165000	1.689150
0.165100	1.692000
0.165200	1.689150
0.165300	1.686310
0.165400	1.689150
0.165500	1.680630
0.165600	1.683470
0.165700	1.677790
0.165800	1.680630
0.165900	1.686310
0.166000	1.680630
0.166100	1.669270
0.166200	1.674950
0.166300	1.677790
0.166400	1.689150
0.166500	1.683470
0.166600	1.666430
0.166700	1.677790
0.166800	1.672110
0.166900	1.683470
0.167000	1.689150
0.167100	1.680630
0.167200	1.672110
0.167300	1.666430
0.167400	1.683470
0.167500	1.669270
0.167600	1.677790
0.167700	1.677790
0.167800	1.680630
0.167900	1.663590
0.168000	1.674950
0.168100	1.674950
0.168200	1.674950
0.168300	1.680630
0.168400	1.672110
0.168500	1.666430
0.168600	1.663590
0.168700	1.666430
0.168800	1.672110
0.168900	1.669270
0.169000	1.660740
0.169100	1.655060
0.169200	1.663590
0.169300	1.643700
0.169400	1.657900
0.169500	1.646540
0.169600	1.655060
0.169700	1.660740
0.169800	1.666430
0.169900	1.657900
0.170000	1.643700
0.170100	1.655060
0.170200	1.646540
0.170300	1.657900
0.170400	1.657900
0.170500	1.649380
0.170600	1.635180
0.170700	1.652220
0.170800	1.652220
0.170900	1.640860
0.171000	1.643700
0.171100	1.640860
0.171200	1.640860
0.171300	1.632330
0.171400	1.623810
0.171500	1.620970
0.171600	1.618130
0.171700	1.629490
0.171800	1.626650
0.171900	1.615290
0.172000	1.612450
0.172100	1.618130
0.172200	1.606770
0.172300	1.612450
0.172400	1.606770
0.172500	1.592560
0.172600	1.598240
0.172700	1.609610
0.172800	1.601080
0.172900	1.595400
0.173000	1.598240
0.173100	1.601080
0.173200	1.575510
0.173300	1.592560
0.173400	1.592560
0.173500	1.586880
0.173600	1.584040
0.173700	1.584040
0.173800	1.581200
0.173900	1.581200
0.174000	1.578360
0.174100	1.589720
0.174200	1.569830
0.174300	1.572670
0.174400	1.578360
0.174500	1.569830
0.174600	1.558470
0.174700	1.558470
0.174800	1.555630
0.174900	1.564150
0.175000	1.558470
0.175100	1.549950
0.175200	1.549950
0.175300	1.552790
0.175400	1.541420
0.175500	1.541420
0.175600	1.547100
0.175700	1.541420
0.175800	1.541420
0.175900	1.535740
0.176000	1.535740
0.176100	1.532900
0.176200	1.535740
0.176300	1.538580
0.176400	1.541420
0.176500	1.532900
0.176600	1.524380
0.176700	1.532900
0.176800	1.530060
0.176900	1.527220
0.177000	1.530060
0.177100	1.527220
0.177200	1.532900
0.177300	1.530060
0.177400	1.515850
0.177500	1.521540
0.177600	1.515850
0.177700	1.521540
0.177800	1.510170
0.177900	1.518690
0.178000	1.513010
0.178100	1.513010
0.178200	1.501650
0.178300	1.510170
0.178400	1.513010
0.178500	1.510170
0.178600	1.504490
0.178700	1.527220
0.178800	1.515850
0.178900	1.510170
0.179000	1.495970
0.179100	1.501650
0.179200	1.510170
0.179300	1.504490
0.179400	1.504490
0.179500	1.501650
0.179600	1.510170
0.179700	1.518690
0.179800	1.518690
0.179900	1.504490
0.180000	1.495970
0.180100	1.495970
0.180200	1.495970
0.180300	1.493130
0.180400	1.495970
0.180500	1.498810
0.180600	1.498810
0.180700	1.501650
0.180800	1.493130
0.180900	1.495970
0.181000	1.498810
0.181100	1.490280
0.181200	1.490280
0.181300	1.493130
0.181400	1.481760
0.181500	1.490280
0.181600	1.487440
0.181700	1.484600
0.181800	1.481760
0.181900	1.490280
0.182000	1.478920
0.182100	1.493130
0.182200	1.484600
0.182300	1.487440
0.182400	1.476080
0.182500	1.476080
0.182600	1.467560
0.182700	1.476080
0.182800	1.484600
0.182900	1.476080
0.183000	1.481760
0.183100	1.464720
0.183200	1.461870
0.183300	1.478920
0.183400	1.459030
0.183500	1.461870
0.183600	1.473240
0.183700	1.467560
0.183800	1.467560
0.183900	1.459030
0.184000	1.450510
0.184100	1.456190
0.184200	1.470400
0.184300	1.464720
0.184400	1.450510
0.184500	1.450510
0.184600	1.453350
0.184700	1.459030
0.184800	1.456190
0.184900	1.456190
0.185000	1.453350
0.185100	1.444830
0.185200	1.447670
0.185300	1.456190
0.185400	1.450510
0.185500	1.450510
0.185600	1.447670
0.185700	1.450510
0.185800	1.459030
0.185900	1.430620
0.186000	1.441990
0.186100	1.439150
0.186200	1.439150
0.186300	1.436310
0.186400	1.430620
0.186500	1.430620
0.186600	1.436310
0.186700	1.444830
0.186800	1.427780
0.186900	1.441990
0.187000	1.439150
0.187100	1.444830
0.187200	1.433460
0.187300	1.439150
0.187400	1.433460
0.187500	1.416420
0.187600	1.422100
0.187700	1.424940
0.187800	1.430620
0.187900	1.424940
0.188000	1.419260
0.188100	1.427780
0.188200	1.422100
0.188300	1.424940
0.188400	1.424940
0.188500	1.430620
0.188600	1.424940
0.188700	1.416420
0.188800	1.422100
0.188900	1.416420
0.189000	1.424940
0.189100	1.419260
0.189200	1.407900
0.189300	1.410740
0.189400	1.410740
0.189500	1.413580
0.189600	1.402210
0.189700	1.399370
0.189800	1.410740
0.189900	1.396530
0.190000	1.399370
0.190100	1.402210
0.190200	1.390850
0.190300	1.390850
0.190400	1.399370
0.190500	1.385170
0.190600	1.385170
0.190700	1.388010
0.190800	1.396530
0.190900	1.385170
0.191000	1.396530
0.191100	1.390850
0.191200	1.379490
0.191300	1.388010
0.191400	1.388010
0.191500	1.385170
0.191600	1.393690
0.191700	1.390850
0.191800	1.373800
0.191900	1.370960
0.192000	1.373800
0.192100	1.370960
0.192200	1.376640
0.192300	1.368120
0.192400	1.368120
0.192500	1.373800
0.192600	1.362440
0.192700	1.370960
0.192800	1.365280
0.192900	1.353920
0.193000	1.353920
0.193100	1.356760
0.193200	1.359600
0.193300	1.351080
0.193400	1.334030
0.193500	1.342550
0.193600	1.339710
0.193700	1.348230
0.193800	1.348230
0.193900	1.342550
0.194000	1.336870
0.194100	1.331190
0.194200	1.342550
0.194300	1.336870
0.194400	1.328350
0.194500	1.339710
0.194600	1.339710
0.194700	1.322670
0.194800	1.322670
0.194900	1.336870
0.195000	1.331190
0.195100	1.322670
0.195200	1.322670
0.195300	1.308460
0.195400	1.311300
0.195500	1.316980
0.195600	1.311300
0.195700	1.314140
0.195800	1.311300
0.195900	1.308460
0.196000	1.311300
0.196100	1.302780
0.196200	1.314140
0.196300	1.308460
0.196400	1.302780
0.196500	1.311300
0.196600	1.316980
0.196700	1.308460
0.196800	1.311300
0.196900	1.316980
0.197000	1.314140
0.197100	1.311300
0.197200	1.302780
0.197300	1.291410
0.197400	1.311300
0.197500	1.314140
0.197600	1.299940
0.197700	1.299940
0.197800	1.294260
0.197900	1.285730
0.198000	1.288570
0.198100	1.291410
0.198200	1.299940
0.198300	1.291410
0.198400	1.302780
0.198500	1.288570
0.198600	1.297100
0.198700	1.297100
0.198800	1.288570
0.198900	1.291410
0.199000	1.282890
0.199100	1.280050
0.199200	1.282890
0.199300	1.282890
0.199400	1.280050
0.199500	1.285730
0.199600	1.280050
0.199700	1.277210
0.199800	1.291410
0.199900	1.288570
0.200000	1.277210
0.200100	1.277210
0.200200	1.274370
0.200300	1.271530
0.200400	1.268690
0.200500	1.268690
0.200600	1.268690
0.200700	1.257320
0.200800	1.263000
0.200900	1.260160
0.201000	1.265850
0.201100	1.271530
0.201200	1.263000
0.201300	1.254480
0.201400	1.248800
0.201500	1.245960
0.201600	1.245960
0.201700	1.243120
0.201800	1.245960
0.201900	1.245960
0.202000	1.240280
0.202100	1.243120
0.202200	1.243120
0.202300	1.223230
0.202400	1.209030
0.202500	1.226070
0.202600	1.209030
0.202700	1.211870
0.202800	1.223230
0.202900	1.223230
0.203000	1.214710
0.203100	1.206180
0.203200	1.217550
0.203300	1.200500
0.203400	1.197660
0.203500	1.200500
0.203600	1.191980
0.203700	1.191980
0.203800	1.189140
0.203900	1.186300
0.204000	1.194820
0.204100	1.189140
0.204200	1.183460
0.204300	1.177770
0.204400	1.183460
0.204500	1.174930
0.204600	1.186300
0.204700	1.177770
0.204800	1.174930
0.204900	1.174930
0.205000	1.183460
0.205100	1.177770
0.205200	1.174930
0.205300	1.160730
0.205400	1.157890
0.205500	1.160730
0.205600	1.157890
0.205700	1.166410
0.205800	1.163570
0.205900	1.163570
0.206000	1.163570
0.206100	1.155050
0.206200	1.160730
0.206300	1.143680
0.206400	1.149360
0.206500	1.152210
0.206600	1.152210
0.206700	1.140840
0.206800	1.143680
0.206900	1.140840
0.207000	1.132320
0.207100	1.135160
0.207200	1.143680
0.207300	1.140840
0.207400	1.140840
0.207500	1.123800
0.207600	1.140840
0.207700	1.129480
0.207800	1.132320
0.207900	1.120950
0.208000	1.103910
0.208100	1.109590
0.208200	1.106750
0.208300	1.115270
0.208400	1.109590
0.208500	1.120950
0.208600	1.101070
0.208700	1.118110
0.208800	1.112430
0.208900	1.101070
0.209000	1.103910
0.209100	1.106750
0.209200	1.089700
0.209300	1.086860
0.209400	1.072660
0.209500	1.078340
0.209600	1.072660
0.209700	1.075500
0.209800	1.072660
0.209900	1.061290
0.210000	1.069820
0.210100	1.049930
0.210200	1.049930
0.210300	1.038570
0.210400	1.035720
0.210500	1.038570
0.210600	1.038570
0.210700	1.021520
0.210800	1.035720
0.210900	1.041410
0.211000	1.038570
0.211100	1.032880
0.211200	1.021520
0.211300	1.024360
0.211400	1.021520
0.211500	1.021520
0.211600	1.024360
0.211700	1.024360
0.211800	1.004470
0.211900	1.001630
0.212000	1.007310
0.212100	1.001630
0.212200	1.001630
0.212300	0.998791
0.212400	0.993109
0.212500	0.995950
0.212600	0.976063
0.212700	0.984586
0.212800	0.998791
0.212900	0.990268
0.213000	0.978904
0.213100	0.981745
0.213200	0.981745
0.213300	0.981745
0.213400	0.978904
0.213500	0.970381
0.213600	0.993109
0.213700	0.981745
0.213800	0.973222
0.213900	0.973222
0.214000	0.973222
0.214100	0.964699
0.214200	0.967540
0.214300	0.981745
0.214400	0.970381
0.214500	0.973222
0.214600	0.964699
0.214700	0.984586
0.214800	0.973222
0.214900	0.970381
0.215000	0.967540
0.215100	0.973222
0.215200	0.976063
0.215300	0.964699
0.215400	0.959017
0.215500	0.959017
0.215600	0.961858
0.215700	0.973222
0.215800	0.967540
0.215900	0.961858
0.216000	0.978904
0.216100	0.973222
0.216200	0.964699
0.216300	0.961858
0.216400	0.961858
0.216500	0.970381
0.216600	0.961858
0.216700	0.944812
0.216800	0.947653
0.216900	0.964699
0.217000	0.961858
0.217100	0.956176
0.217200	0.953335
0.217300	0.956176
0.217400	0.959017
0.217500	0.953335
0.217600	0.947653
0.217700	0.959017
0.217800	0.950494
0.217900	0.941971
0.218000	0.944812
0.218100	0.944812
0.218200	0.950494
0.218300	0.953335
0.218400	0.947653
0.218500	0.941971
0.218600	0.939130
0.218700	0.939130
0.218800	0.933448
0.218900	0.930607
0.219000	0.941971
0.219100	0.933448
0.219200	0.939130
0.219300	0.919243
0.219400	0.933448
0.219500	0.924925
0.219600	0.924925
0.219700	0.927766
0.219800	0.919243
0.219900	0.910720
0.220000	0.910720
0.220100	0.913561
0.220200	0.919243
0.220300	0.916402
0.220400	0.899356
0.220500	0.919243
0.220600	0.905038
0.220700	0.913561
0.220800	0.907879
0.220900	0.893674
0.221000	0.896515
0.221100	0.902197
0.221200	0.899356
0.221300	0.907879
0.221400	0.887992
0.221500	0.885151
0.221600	0.890833
0.221700	0.887992
0.221800	0.907879
0.221900	0.899356
0.222000	0.893674
0.222100	0.890833
0.222200	0.890833
0.222300	0.876628
0.222400	0.896515
0.222500	0.887992
0.222600	0.887992
0.222700	0.887992
0.222800	0.887992
0.222900	0.893674
0.223000	0.890833
0.223100	0.890833
0.223200	0.879469
0.223300	0.890833
0.223400	0.896515
0.223500	0.893674
0.223600	0.887992
0.223700	0.885151
0.223800	0.890833
0.223900	0.882310
0.224000	0.879469
0.224100	0.896515
0.224200	0.893674
0.224300	0.885151
0.224400	0.882310
0.224500	0.882310
0.224600	0.876628
0.224700	0.893674
0.224800	0.885151
0.224900	0.879469
0.225000	0.882310
0.225100	0.882310
0.225200	0.887992
0.225300	0.893674
0.225400	0.882310
0.225500	0.902197
0.225600	0.893674
0.225700	0.882310
0.225800	0.882310
0.225900	0.873787
0.226000	0.885151
0.226100	0.887992
0.226200	0.887992
0.226300	0.887992
0.226400	0.885151
0.226500	0.899356
0.226600	0.882310
0.226700	0.890833
0.226800	0.885151
0.226900	0.882310
0.227000	0.885151
0.227100	0.882310
0.227200	0.885151
0.227300	0.896515
0.227400	0.885151
0.227500	0.879469
0.227600	0.882310
0.227700	0.885151
0.227800	0.879469
0.227900	0.885151
0.228000	0.876628
0.228100	0.885151
0.228200	0.885151
0.228300	0.882310
0.228400	0.873787
0.228500	0.896515
0.228600	0.890833
0.228700	0.890833
0.228800	0.887992
0.228900	0.887992
0.229000	0.885151
0.229100	0.873787
0.229200	0.885151
0.229300	0.890833
0.229400	0.890833
0.229500	0.896515
0.229600	0.882310
0.229700	0.870946
0.229800	0.887992
0.229900	0.885151
0.230000	0.890833
0.230100	0.882310
0.230200	0.885151
0.230300	0.873787
0.230400	0.885151
0.230500	0.879469
0.230600	0.882310
0.230700	0.873787
0.230800	0.885151
0.230900	0.887992
0.231000	0.887992
0.231100	0.885151
0.231200	0.882310
0.231300	0.882310
0.231400	0.890833
0.231500	0.893674
0.231600	0.890833
0.231700	0.882310
0.231800	0.899356
0.231900	0.893674
0.232000	0.873787
0.232100	0.876628
0.232200	0.890833
0.232300	0.879469
0.232400	0.873787
0.232500	0.882310
0.232600	0.890833
0.232700	0.887992
0.232800	0.885151
0.232900	0.885151
0.233000	0.890833
0.233100	0.882310
0.233200	0.879469
0.233300	0.890833
0.233400	0.890833
0.233500	0.887992
0.233600	0.876628
0.233700	0.882310
0.233800	0.885151
0.233900	0.879469
0.234000	0.879469
0.234100	0.887992
0.234200	0.887992
0.234300	0.879469
0.234400	0.885151
0.234500	0.882310
0.234600	0.885151
0.234700	0.885151
0.234800	0.885151
0.234900	0.870946
0.235000	0.868105
0.235100	0.873787
0.235200	0.882310
0.235300	0.890833
0.235400	0.882310
0.235500	0.882310
0.235600	0.876628
0.235700	0.876628
0.235800	0.887992
0.235900	0.876628
0.236000	0.885151
0.236100	0.879469
0.236200	0.873787
0.236300	0.885151
0.236400	0.876628
0.236500	0.885151
0.236600	0.876628
0.236700	0.879469
0.236800	0.882310
0.236900	0.887992
0.237000	0.876628
0.237100	0.873787
0.237200	0.882310
0.237300	0.890833
0.237400	0.882310
0.237500	0.879469
0.237600	0.870946
0.237700	0.882310
0.237800	0.887992
0.237900	0.885151
0.238000	0.887992
0.238100	0.885151
0.238200	0.876628
0.238300	0.887992
0.238400	0.887992
0.238500	0.870946
0.238600	0.890833
0.238700	0.876628
0.238800	0.887992
0.238900	0.876628
0.239000	0.879469
0.239100	0.890833
0.239200	0.876628
0.239300	0.870946
0.239400	0.879469
0.239500	0.882310
0.239600	0.887992
0.239700	0.879469
0.239800	0.879469
0.239900	0.876628
0.240000	0.873787
0.240100	0.876628
0.240200	0.876628
0.240300	0.879469
0.240400	0.879469
0.240500	0.876628
0.240600	0.876628
0.240700	0.876628
0.240800	0.873787
0.240900	0.876628
0.241000	0.876628
0.241100	0.865264
0.241200	0.873787
0.241300	0.882310
0.241400	0.887992
0.241500	0.868105
0.241600	0.882310
0.241700	0.879469
0.241800	0.882310
0.241900	0.876628
0.242000	0.879469
0.242100	0.873787
0.242200	0.879469
0.242300	0.882310
0.242400	0.868105
0.242500	0.882310
0.242600	0.885151
0.242700	0.879469
0.242800	0.868105
0.242900	0.887992
0.243000	0.873787
0.243100	0.879469
0.243200	0.885151
0.243300	0.879469
0.243400	0.865264
0.243500	0.870946
0.243600	0.870946
0.243700	0.868105
0.243800	0.887992
0.243900	0.882310
0.244000	0.868105
0.244100	0.873787
0.244200	0.887992
0.244300	0.890833
0.244400	0.876628
0.244500	0.868105
0.244600	0.865264
0.244700	0.887992
0.244800	0.882310
0.244900	0.885151
0.245000	0.879469
0.245100	0.887992
0.245200	0.879469
0.245300	0.887992
0.245400	0.882310
0.245500	0.870946
0.245600	0.868105
0.245700	0.885151
0.245800	0.873787
0.245900	0.873787
0.246000	0.887992
0.246100	0.879469
0.246200	0.876628
0.246300	0.859582
0.246400	0.887992
0.246500	0.893674
0.246600	0.879469
0.246700	0.870946
0.246800	0.876628
0.246900	0.876628
0.247000	0.876628
0.247100	0.885151
0.247200	0.890833
0.247300	0.885151
0.247400	0.873787
0.247500	0.876628
0.247600	0.882310
0.247700	0.887992
0.247800	0.882310
0.247900	0.885151
0.248000	0.879469
0.248100	0.873787
0.248200	0.893674
0.248300	0.887992
0.248400	0.879469
0.248500	0.885151
0.248600	0.882310
0.248700	0.882310
0.248800	0.879469
0.248900	0.887992
0.249000	0.885151
0.249100	0.879469
0.249200	0.887992
0.249300	0.882310
0.249400	0.879469
0.249500	0.885151
0.249600	0.879469
0.249700	0.885151
0.249800	0.882310
0.249900	0.876628
0.250000	0.896515
0.250100	0.885151
0.250200	0.890833
0.250300	0.882310
0.250400	0.873787
0.250500	0.876628
0.250600	0.879469
0.250700	0.882310
0.250800	0.882310
0.250900	0.870946
0.251000	0.868105
0.251100	0.876628
0.251200	0.879469
0.251300	0.887992
0.251400	0.887992
0.251500	0.885151
0.251600	0.885151
0.251700	0.873787
0.251800	0.882310
0.251900	0.885151
0.252000	0.870946
0.252100	0.870946
0.252200	0.885151
0.252300	0.873787
0.252400	0.885151
0.252500	0.876628
0.252600	0.873787
0.252700	0.885151
0.252800	0.865264
0.252900	0.879469
0.253000	0.882310
0.253100	0.899356
0.253200	0.887992
0.253300	0.876628
0.253400	0.887992
0.253500	0.870946
0.253600	0.882310
0.253700	0.885151
0.253800	0.887992
0.253900	0.873787
0.254000	0.896515
0.254100	0.885151
0.254200	0.882310
0.254300	0.887992
0.254400	0.879469
0.254500	0.868105
0.254600	0.873787
0.254700	0.879469
0.254800	0.859582
0.254900	0.876628
0.255000	0.887992
0.255100	0.882310
0.255200	0.887992
0.255300	0.887992
0.255400	0.873787
0.255500	0.879469
0.255600	0.876628
0.255700	0.868105
0.255800	0.868105
0.255900	0.873787
0.256000	0.879469
0.256100	0.868105
0.256200	0.876628
0.256300	0.870946
0.256400	0.870946
0.256500	0.879469
0.256600	0.882310
0.256700	0.879469
0.256800	0.882310
0.256900	0.876628
0.257000	0.862423
0.257100	0.902197
0.257200	0.879469
0.257300	0.879469
0.257400	0.876628
0.257500	0.879469
0.257600	0.879469
0.257700	0.876628
0.257800	0.876628
0.257900	0.885151
0.258000	0.870946
0.258100	0.868105
0.258200	0.879469
0.258300	0.873787
0.258400	0.887992
0.258500	0.879469
0.258600	0.868105
0.258700	0.876628
0.258800	0.873787
0.258900	0.885151
0.259000	0.873787
0.259100	0.870946
0.259200	0.868105
0.259300	0.879469
0.259400	0.879469
0.259500	0.882310
0.259600	0.865264
0.259700	0.873787
0.259800	0.870946
0.259900	0.882310
0.260000	0.870946
0.260100	0.870946
0.260200	0.876628
0.260300	0.885151
0.260400	0.873787
0.260500	0.879469
0.260600	0.879469
0.260700	0.868105
0.260800	0.876628
0.260900	0.887992
0.261000	0.876628
0.261100	0.882310
0.261200	0.882310
0.261300	0.879469
0.261400	0.873787
0.261500	0.885151
0.261600	0.893674
0.261700	0.890833
0.261800	0.882310
0.261900	0.873787
0.262000	0.879469
0.262100	0.876628
0.262200	0.882310
0.262300	0.882310
0.262400	0.882310
0.262500	0.876628
0.262600	0.873787
0.262700	0.885151
0.262800	0.876628
0.262900	0.885151
0.263000	0.870946
0.263100	0.859582
0.263200	0.868105
0.263300	0.879469
0.263400	0.873787
0.263500	0.879469
0.263600	0.876628
0.263700	0.882310
0.263800	0.887992
0.263900	0.876628
0.264000	0.868105
0.264100	0.876628
0.264200	0.879469
0.264300	0.882310
0.264400	0.879469
0.264500	0.876628
0.264600	0.876628
0.264700	0.868105
0.264800	0.879469
0.264900	0.876628
0.265000	0.870946
0.265100	0.876628
0.265200	0.876628
0.265300	0.876628
0.265400	0.873787
0.265500	0.882310
0.265600	0.873787
0.265700	0.882310
0.265800	0.879469
0.265900	0.882310
0.266000	0.885151
0.266100	0.868105
0.266200	0.862423
0.266300	0.859582
0.266400	0.873787
0.266500	0.876628
0.266600	0.870946
0.266700	0.859582
0.266800	0.868105
0.266900	0.879469
0.267000	0.873787
0.267100	0.882310
0.267200	0.868105
0.267300	0.859582
0.267400	0.870946
0.267500	0.882310
0.267600	0.868105
0.267700	0.862423
0.267800	0.865264
0.267900	0.879469
0.268000	0.868105
0.268100	0.865264
0.268200	0.865264
0.268300	0.859582
0.268400	0.856741
0.268500	0.862423
0.268600	0.865264
0.268700	0.865264
0.268800	0.856741
0.268900	0.862423
0.269000	0.859582
0.269100	0.848218
0.269200	0.842536
0.269300	0.853900
0.269400	0.862423
0.269500	0.856741
0.269600	0.859582
0.269700	0.851059
0.269800	0.845377
0.269900	0.859582
0.270000	0.848218
0.270100	0.842536
0.270200	0.851059
0.270300	0.845377
0.270400	0.842536
0.270500	0.845377
0.270600	0.848218
0.270700	0.842536
0.270800	0.836854
0.270900	0.839695
0.271000	0.848218
0.271100	0.842536
0.271200	0.834013
0.271300	0.828331
0.271400	0.831172
0.271500	0.822649
0.271600	0.828331
0.271700	0.819808
0.271800	0.825490
0.271900	0.805603
0.272000	0.822649
0.272100	0.816967
0.272200	0.802762
0.272300	0.814126
0.272400	0.822649
0.272500	0.814126
0.272600	0.819808
0.272700	0.805603
0.272800	0.797080
0.272900	0.802762
0.273000	0.799921
0.273100	0.805603
0.273200	0.814126
0.273300	0.805603
0.273400	0.814126
0.273500	0.814126
0.273600	0.808444
0.273700	0.802762
0.273800	0.794239
0.273900	0.799921
0.274000	0.799921
0.274100	0.802762
0.274200	0.802762
0.274300	0.782875
0.274400	0.799921
0.274500	0.797080
0.274600	0.814126
0.274700	0.782875
0.274800	0.797080
0.274900	0.788557
0.275000	0.805603
0.275100	0.785716
0.275200	0.785716
0.275300	0.785716
0.275400	0.782875
0.275500	0.794239
0.275600	0.788557
0.275700	0.782875
0.275800	0.791398
0.275900	0.791398
0.276000	0.777193
0.276100	0.780034
0.276200	0.785716
0.276300	0.782875
0.276400	0.785716
0.276500	0.780034
0.276600	0.774352
0.276700	0.774352
0.276800	0.780034
0.276900	0.785716
0.277000	0.768670
0.277100	0.768670
0.277200	0.777193
0.277300	0.765829
0.277400	0.762988
0.277500	0.768670
0.277600	0.774352
0.277700	0.771511
0.277800	0.777193
0.277900	0.774352
0.278000	0.780034
0.278100	0.771511
0.278200	0.768670
0.278300	0.762988
0.278400	0.760147
0.278500	0.774352
0.278600	0.765829
0.278700	0.768670
0.278800	0.765829
0.278900	0.751624
0.279000	0.762988
0.279100	0.774352
0.279200	0.768670
0.279300	0.765829
0.279400	0.760147
0.279500	0.774352
0.279600	0.760147
0.279700	0.774352
0.279800	0.777193
0.279900	0.757306
0.280000	0.757306
0.280100	0.774352
0.280200	0.762988
0.280300	0.768670
0.280400	0.774352
0.280500	0.762988
0.280600	0.757306
0.280700	0.762988
0.280800	0.768670
0.280900	0.760147
0.281000	0.771511
0.281100	0.774352
0.281200	0.754465
0.281300	0.765829
0.281400	0.760147
0.281500	0.754465
0.281600	0.760147
0.281700	0.762988
0.281800	0.757306
0.281900	0.760147
0.282000	0.765829
0.282100	0.754465
0.282200	0.762988
0.282300	0.762988
0.282400	0.760147
0.282500	0.768670
0.282600	0.765829
0.282700	0.760147
0.282800	0.751624
0.282900	0.754465
0.283000	0.751624
0.283100	0.760147
0.283200	0.751624
0.283300	0.743101
0.283400	0.754465
0.283500	0.751624
0.283600	0.760147
0.283700	0.762988
0.283800	0.771511
0.283900	0.757306
0.284000	0.745942
0.284100	0.751624
0.284200	0.751624
0.284300	0.757306
0.284400	0.765829
0.284500	0.754465
0.284600	0.751624
0.284700	0.745942
0.284800	0.748783
0.284900	0.751624
0.285000	0.743101
0.285100	0.740260
0.285200	0.751624
0.285300	0.751624
0.285400	0.745942
0.285500	0.745942
0.285600	0.757306
0.285700	0.748783
0.285800	0.740260
0.285900	0.745942
0.286000	0.748783
0.286100	0.760147
0.286200	0.765829
0.286300	0.771511
0.286400	0.740260
0.286500	0.748783
0.286600	0.745942
0.286700	0.754465
0.286800	0.743101
0.286900	0.731737
0.287000	0.745942
0.287100	0.757306
0.287200	0.748783
0.287300	0.751624
0.287400	0.740260
0.287500	0.748783
0.287600	0.740260
0.287700	0.734578
0.287800	0.745942
0.287900	0.751624
0.288000	0.751624
0.288100	0.743101
0.288200	0.734578
0.288300	0.748783
0.288400	0.743101
0.288500	0.745942
0.288600	0.748783
0.288700	0.734578
0.288800	0.737419
0.288900	0.728896
0.289000	0.737419
0.289100	0.748783
0.289200	0.745942
0.289300	0.740260
0.289400	0.731737
0.289500	0.743101
0.289600	0.748783
0.289700	0.745942
0.289800	0.740260
0.289900	0.734578
0.290000	0.743101
0.290100	0.754465
0.290200	0.748783
0.290300	0.745942
0.290400	0.745942
0.290500	0.745942
0.290600	0.740260
0.290700	0.748783
0.290800	0.740260
0.290900	0.743101
0.291000	0.734578
0.291100	0.731737
0.291200	0.728896
0.291300	0.751624
0.291400	0.745942
0.291500	0.740260
0.291600	0.745942
0.291700	0.734578
0.291800	0.745942
0.291900	0.734578
0.292000	0.740260
0.292100	0.745942
0.292200	0.740260
0.292300	0.728896
0.292400	0.731737
0.292500	0.743101
0.292600	0.737419
0.292700	0.743101
0.292800	0.737419
0.292900	0.745942
0.293000	0.743101
0.293100	0.726055
0.293200	0.728896
0.293300	0.726055
0.293400	0.731737
0.293500	0.737419
0.293600	0.734578
0.293700	0.734578
0.293800	0.734578
0.293900	0.726055
0.294000	0.728896
0.294100	0.728896
0.294200	0.745942
0.294300	0.737419
0.294400	0.737419
0.294500	0.737419
0.294600	0.734578
0.294700	0.731737
0.294800	0.740260
0.294900	0.740260
0.295000	0.726055
0.295100	0.734578
0.295200	0.740260
0.295300	0.731737
0.295400	0.731737
0.295500	0.734578
0.295600	0.731737
0.295700	0.743101
0.295800	0.740260
0.295900	0.723214
0.296000	0.728896
0.296100	0.731737
0.296200	0.723214
0.296300	0.728896
0.296400	0.723214
0.296500	0.728896
0.296600	0.734578
0.296700	0.743101
0.296800	0.731737
0.296900	0.726055
0.297000	0.728896
0.297100	0.720373
0.297200	0.740260
0.297300	0.734578
0.297400	0.734578
0.297500	0.734578
0.297600	0.726055
0.297700	0.726055
0.297800	0.743101
0.297900	0.731737
0.298000	0.740260
0.298100	0.726055
0.298200	0.737419
0.298300	0.740260
0.298400	0.740260
0.298500	0.734578
0.298600	0.726055
0.298700	0.743101
0.298800	0.734578
0.298900	0.726055
0.299000	0.731737
0.299100	0.737419
0.299200	0.734578
0.299300	0.731737
0.299400	0.731737
0.299500	0.734578
0.299600	0.740260
0.299700	0.737419
0.299800	0.728896
0.299900	0.731737
