-0.020000	-0.006989
-0.019900	-0.004101
-0.019800	0.004563
-0.019700	-0.001213
-0.019600	0.013227
-0.019500	-0.001213
-0.019400	-0.001213
-0.019300	0.004563
-0.019200	0.004563
-0.019100	0.001675
-0.019000	-0.001213
-0.018900	-0.006989
-0.018800	-0.015653
-0.018700	0.004563
-0.018600	0.001675
-0.018500	0.010339
-0.018400	-0.004101
-0.018300	-0.001213
-0.018200	0.004563
-0.018100	0.016115
-0.018000	-0.004101
-0.017900	0.010339
-0.017800	-0.006989
-0.017700	-0.004101
-0.017600	-0.004101
-0.017500	0.010339
-0.017400	0.013227
-0.017300	0.001675
-0.017200	0.004563
-0.017100	-0.004101
-0.017000	-0.001213
-0.016900	-0.004101
-0.016800	0.004563
-0.016700	-0.001213
-0.016600	0.001675
-0.016500	-0.004101
-0.016400	-0.001213
-0.016300	-0.006989
-0.016200	-0.012765
-0.016100	-0.006989
-0.016000	-0.006989
-0.015900	0.001675
-0.015800	-0.006989
-0.015700	-0.006989
-0.015600	0.007451
-0.015500	0.004563
-0.015400	0.001675
-0.015300	0.001675
-0.015200	-0.012765
-0.015100	-0.004101
-0.015000	0.010339
-0.014900	0.004563
-0.014800	-0.001213
-0.014700	0.004563
-0.014600	0.001675
-0.014500	-0.001213
-0.014400	-0.004101
-0.014300	0.013227
-0.014200	0.001675
-0.014100	0.001675
-0.014000	0.007451
-0.013900	-0.001213
-0.013800	-0.006989
-0.013700	-0.001213
-0.013600	0.004563
-0.013500	0.013227
-0.013400	-0.001213
-0.013300	0.001675
-0.013200	-0.004101
-0.013100	0.004563
-0.013000	-0.006989
-0.012900	0.004563
-0.012800	-0.004101
-0.012700	-0.001213
-0.012600	-0.004101
-0.012500	0.001675
-0.012400	0.001675
-0.012300	-0.004101
-0.012200	-0.004101
-0.012100	-0.004101
-0.012000	-0.001213
-0.011900	-0.001213
-0.011800	0.001675
-0.011700	-0.004101
-0.011600	-0.006989
-0.011500	-0.004101
-0.011400	-0.004101
-0.011300	-0.001213
-0.011200	0.004563
-0.011100	-0.012765
-0.011000	-0.004101
-0.010900	-0.006989
-0.010800	0.016115
-0.010700	0.004563
-0.010600	-0.001213
-0.010500	-0.006989
-0.010400	0.004563
-0.010300	-0.001213
-0.010200	-0.006989
-0.010100	0.004563
-0.010000	-0.004101
-0.009900	-0.001213
-0.009800	-0.006989
-0.009700	-0.004101
-0.009600	-0.004101
-0.009500	0.004563
-0.009400	-0.001213
-0.009300	0.007451
-0.009200	-0.004101
-0.009100	-0.001213
-0.009000	-0.012765
-0.008900	-0.006989
-0.008800	-0.006989
-0.008700	-0.021429
-0.008600	-0.004101
-0.008500	-0.006989
-0.008400	-0.001213
-0.008300	0.001675
-0.008200	-0.001213
-0.008100	-0.004101
-0.008000	-0.015653
-0.007900	-0.006989
-0.007800	-0.001213
-0.007700	-0.009877
-0.007600	-0.012765
-0.007500	-0.012765
-0.007400	-0.012765
-0.007300	0.004563
-0.007200	-0.004101
-0.007100	-0.001213
-0.007000	-0.001213
-0.006900	-0.009877
-0.006800	-0.006989
-0.006700	-0.006989
-0.006600	-0.006989
-0.006500	-0.009877
-0.006400	-0.009877
-0.006300	-0.006989
-0.006200	-0.004101
-0.006100	-0.004101
-0.006000	-0.009877
-0.005900	-0.012765
-0.005800	-0.006989
-0.005700	-0.012765
-0.005600	-0.004101
-0.005500	-0.001213
-0.005400	-0.009877
-0.005300	-0.012765
-0.005200	-0.018541
-0.005100	-0.009877
-0.005000	0.001675
-0.004900	-0.001213
-0.004800	-0.012765
-0.004700	-0.012765
-0.004600	-0.006989
-0.004500	-0.004101
-0.004400	-0.009877
-0.004300	0.001675
-0.004200	0.001675
-0.004100	-0.018541
-0.004000	-0.009877
-0.003900	-0.004101
-0.003800	-0.001213
-0.003700	-0.012765
-0.003600	-0.001213
-0.003500	-0.006989
-0.003400	-0.004101
-0.003300	0.013227
-0.003200	-0.001213
-0.003100	0.010339
-0.003000	-0.009877
-0.002900	-0.001213
-0.002800	0.004563
-0.002700	-0.001213
-0.002600	-0.009877
-0.002500	-0.009877
-0.002400	-0.001213
-0.002300	-0.006989
-0.002200	-0.001213
-0.002100	-0.001213
-0.002000	-0.006989
-0.001900	-0.001213
-0.001800	-0.009877
-0.001700	-0.006989
-0.001600	0.004563
-0.001500	-0.006989
-0.001400	-0.001213
-0.001300	-0.004101
-0.001200	-0.001213
-0.001100	-0.021429
-0.001000	0.001675
-0.000900	0.001675
-0.000800	-0.009877
-0.000700	-0.006989
-0.000600	0.001675
-0.000500	0.001675
-0.000400	0.001675
-0.000300	-0.004101
-0.000200	-0.009877
-0.000100	-0.001213
0.000000	-0.004101
0.000100	0.001675
0.000200	0.007451
0.000300	-0.004101
0.000400	-0.006989
0.000500	0.004563
0.000600	0.007451
0.000700	-0.001213
0.000800	-0.004101
0.000900	-0.006989
0.001000	0.004563
0.001100	-0.006989
0.001200	0.004563
0.001300	-0.006989
0.001400	-0.001213
0.001500	-0.004101
0.001600	0.001675
0.001700	-0.006989
0.001800	0.001675
0.001900	0.013227
0.002000	0.004563
0.002100	-0.006989
0.002200	-0.015653
0.002300	-0.001213
0.002400	0.001675
0.002500	0.001675
0.002600	0.004563
0.002700	0.004563
0.002800	-0.006989
0.002900	-0.004101
0.003000	0.004563
0.003100	-0.006989
0.003200	-0.006989
0.003300	-0.006989
0.003400	0.001675
0.003500	-0.006989
0.003600	-0.004101
0.003700	0.001675
0.003800	-0.006989
0.003900	-0.006989
0.004000	-0.001213
0.004100	-0.001213
0.004200	0.004563
0.004300	0.007451
0.004400	-0.001213
0.004500	0.007451
0.004600	0.010339
0.004700	-0.004101
0.004800	-0.006989
0.004900	-0.004101
0.005000	-0.006989
0.005100	0.001675
0.005200	-0.001213
0.005300	-0.004101
0.005400	0.013227
0.005500	-0.006989
0.005600	-0.009877
0.005700	-0.006989
0.005800	-0.009877
0.005900	-0.006989
0.006000	-0.006989
0.006100	-0.015653
0.006200	0.004563
0.006300	-0.004101
0.006400	-0.004101
0.006500	0.001675
0.006600	-0.015653
0.006700	0.004563
0.006800	-0.006989
0.006900	-0.004101
0.007000	-0.004101
0.007100	0.004563
0.007200	0.007451
0.007300	-0.001213
0.007400	0.001675
0.007500	-0.001213
0.007600	-0.006989
0.007700	-0.009877
0.007800	0.001675
0.007900	0.007451
0.008000	0.013227
0.008100	0.004563
0.008200	-0.004101
0.008300	-0.004101
0.008400	0.016115
0.008500	-0.006989
0.008600	-0.004101
0.008700	-0.004101
0.008800	-0.001213
0.008900	0.016115
0.009000	0.004563
0.009100	0.001675
0.009200	0.004563
0.009300	-0.001213
0.009400	-0.001213
0.009500	0.010339
0.009600	0.007451
0.009700	0.010339
0.009800	0.016115
0.009900	0.010339
0.010000	0.010339
0.010100	0.001675
0.010200	0.021891
0.010300	0.033443
0.010400	0.062323
0.010500	0.091203
0.010600	0.099867
0.010700	0.105643
0.010800	0.146075
0.010900	0.154739
0.011000	0.163403
0.011100	0.160515
0.011200	0.174955
0.011300	0.183619
0.011400	0.198059
0.011500	0.203835
0.011600	0.198059
0.011700	0.212499
0.011800	0.209611
0.011900	0.203835
0.012000	0.224051
0.012100	0.224051
0.012200	0.238491
0.012300	0.224051
0.012400	0.232715
0.012500	0.229827
0.012600	0.247155
0.012700	0.244267
0.012800	0.264483
0.012900	0.290475
0.013000	0.299139
0.013100	0.302027
0.013200	0.313579
0.013300	0.328019
0.013400	0.362675
0.013500	0.385779
0.013600	0.411771
0.013700	0.469531
0.013800	0.504187
0.013900	0.538843
0.014000	0.550395
0.014100	0.605267
0.014200	0.639923
0.014300	0.680355
0.014400	0.700571
0.014500	0.732339
0.014600	0.784323
0.014700	0.798763
0.014800	0.804539
0.014900	0.816091
0.015000	0.842083
0.015100	0.862299
0.015200	0.885403
0.015300	0.911395
0.015400	0.925835
0.015500	0.937387
0.015600	0.954715
0.015700	0.986483
0.015800	1.006700
0.015900	1.050020
0.016000	1.096230
0.016100	1.116440
0.016200	1.151100
0.016300	1.174200
0.016400	1.200200
0.016500	1.237740
0.016600	1.272400
0.016700	1.292610
0.016800	1.307050
0.016900	1.350370
0.017000	1.382140
0.017100	1.405240
0.017200	1.422570
0.017300	1.463000
0.017400	1.503440
0.017500	1.564080
0.017600	1.604520
0.017700	1.639170
0.017800	1.685380
0.017900	1.731590
0.018000	1.792240
0.018100	1.861550
0.018200	1.913530
0.018300	1.988620
0.018400	2.029050
0.018500	2.104140
0.018600	2.179230
0.018700	2.251430
0.018800	2.306300
0.018900	2.381390
0.019000	2.473800
0.019100	2.557550
0.019200	2.647080
0.019300	2.707730
0.019400	2.788590
0.019500	2.852130
0.019600	2.935880
0.019700	3.022520
0.019800	3.106280
0.019900	3.187140
0.020000	3.285330
0.020100	3.331540
0.020200	3.447060
0.020300	3.533700
0.020400	3.623230
0.020500	3.712750
0.020600	3.813840
0.020700	3.914920
0.020800	4.007330
0.020900	4.108410
0.021000	4.206600
0.021100	4.316350
0.021200	4.431870
0.021300	4.527170
0.021400	4.619590
0.021500	4.720670
0.021600	4.833300
0.021700	4.948820
0.021800	5.032570
0.021900	5.139430
0.022000	5.263610
0.022100	5.353140
0.022200	5.460000
0.022300	5.584180
0.022400	5.670820
0.022500	5.743020
0.022600	5.852760
0.022700	5.933630
0.022800	6.028930
0.022900	6.130010
0.023000	6.219540
0.023100	6.314840
0.023200	6.401480
0.023300	6.505450
0.023400	6.586310
0.023500	6.670070
0.023600	6.771150
0.023700	6.869340
0.023800	6.950200
0.023900	7.057060
0.024000	7.140810
0.024100	7.227450
0.024200	7.308320
0.024300	7.400730
0.024400	7.475820
0.024500	7.533580
0.024600	7.602890
0.024700	7.672200
0.024800	7.747290
0.024900	7.822380
0.025000	7.888800
0.025100	7.961000
0.025200	8.038980
0.025300	8.122730
0.025400	8.174720
0.025500	8.244030
0.025600	8.307560
0.025700	8.359550
0.025800	8.449070
0.025900	8.509720
0.026000	8.581920
0.026100	8.633910
0.026200	8.694550
0.026300	8.746540
0.026400	8.795640
0.026500	8.867840
0.026600	8.916930
0.026700	8.957360
0.026800	8.997800
0.026900	9.055550
0.027000	9.127760
0.027100	9.171080
0.027200	9.220170
0.027300	9.275040
0.027400	9.338580
0.027500	9.387670
0.027600	9.442550
0.027700	9.529190
0.027800	9.552290
0.027900	9.607160
0.028000	9.659150
0.028100	9.716910
0.028200	9.763120
0.028300	9.817990
0.028400	9.875750
0.028500	9.919070
0.028600	9.997040
0.028700	10.049000
0.028800	10.112600
0.028900	10.181900
0.029000	10.242500
0.029100	10.337800
0.029200	10.412900
0.029300	10.462000
0.029400	10.522700
0.029500	10.586200
0.029600	10.658400
0.029700	10.719000
0.029800	10.794100
0.029900	10.869200
0.030000	10.944300
0.030100	10.990500
0.030200	11.065600
0.030300	11.129100
0.030400	11.192700
0.030500	11.273500
0.030600	11.340000
0.030700	11.409300
0.030800	11.461300
0.030900	11.553700
0.031000	11.614300
0.031100	11.692300
0.031200	11.758700
0.031300	11.828000
0.031400	11.914700
0.031500	11.975300
0.031600	12.062000
0.031700	12.148600
0.031800	12.215000
0.031900	12.298800
0.032000	12.373900
0.032100	12.463400
0.032200	12.506700
0.032300	12.567400
0.032400	12.642500
0.032500	12.737800
0.032600	12.789700
0.032700	12.856200
0.032800	12.937000
0.032900	13.032300
0.033000	13.093000
0.033100	13.145000
0.033200	13.208500
0.033300	13.295100
0.033400	13.370200
0.033500	13.439500
0.033600	13.488600
0.033700	13.560800
0.033800	13.630100
0.033900	13.690800
0.034000	13.765900
0.034100	13.823600
0.034200	13.884300
0.034300	13.947800
0.034400	14.014300
0.034500	14.066200
0.034600	14.109600
0.034700	14.181800
0.034800	14.245300
0.034900	14.305900
0.035000	14.372400
0.035100	14.435900
0.035200	14.496500
0.035300	14.539900
0.035400	14.589000
0.035500	14.666900
0.035600	14.716000
0.035700	14.768000
0.035800	14.822900
0.035900	14.889300
0.036000	14.926900
0.036100	14.981700
0.036200	15.042400
0.036300	15.094400
0.036400	15.143500
0.036500	15.192600
0.036600	15.235900
0.036700	15.273400
0.036800	15.316700
0.036900	15.362900
0.037000	15.409200
0.037100	15.455400
0.037200	15.518900
0.037300	15.553600
0.037400	15.594000
0.037500	15.643100
0.037600	15.677700
0.037700	15.709500
0.037800	15.749900
0.037900	15.775900
0.038000	15.830800
0.038100	15.859700
0.038200	15.911700
0.038300	15.929000
0.038400	15.955000
0.038500	16.009899
0.038600	16.050301
0.038700	16.084900
0.038800	16.105200
0.038900	16.136900
0.039000	16.177401
0.039100	16.212000
0.039200	16.243799
0.039300	16.272699
0.039400	16.298700
0.039500	16.318899
0.039600	16.356400
0.039700	16.376600
0.039800	16.399700
0.039900	16.431499
0.040000	16.443100
0.040100	16.448799
0.040200	16.466200
0.040300	16.483500
0.040400	16.515301
0.040500	16.521000
0.040600	16.535500
0.040700	16.529699
0.040800	16.538401
0.040900	16.567200
0.041000	16.584600
0.041100	16.584600
0.041200	16.567200
0.041300	16.581699
0.041400	16.561501
0.041500	16.564400
0.041600	16.567200
0.041700	16.567200
0.041800	16.523899
0.041900	16.523899
0.042000	16.526800
0.042100	16.512400
0.042200	16.495001
0.042300	16.469101
0.042400	16.457500
0.042500	16.440201
0.042600	16.431499
0.042700	16.399700
0.042800	16.365101
0.042900	16.324699
0.043000	16.310200
0.043100	16.272699
0.043200	16.235100
0.043300	16.212000
0.043400	16.151400
0.043500	16.105200
0.043600	16.076300
0.043700	16.033001
0.043800	15.983900
0.043900	15.926100
0.044000	15.894300
0.044100	15.856800
0.044200	15.810600
0.044300	15.755700
0.044400	15.715300
0.044500	15.672000
0.044600	15.614200
0.044700	15.556400
0.044800	15.501600
0.044900	15.440900
0.045000	15.383200
0.045100	15.337000
0.045200	15.279200
0.045300	15.221400
0.045400	15.166600
0.045500	15.097300
0.045600	15.036600
0.045700	14.978800
0.045800	14.900900
0.045900	14.846000
0.046000	14.785300
0.046100	14.716000
0.046200	14.649600
0.046300	14.577400
0.046400	14.499400
0.046500	14.435900
0.046600	14.366600
0.046700	14.297300
0.046800	14.207700
0.046900	14.135500
0.047000	14.069100
0.047100	14.011400
0.047200	13.947800
0.047300	13.864100
0.047400	13.797700
0.047500	13.745700
0.047600	13.673500
0.047700	13.595500
0.047800	13.537700
0.047900	13.485700
0.048000	13.419300
0.048100	13.364500
0.048200	13.286500
0.048300	13.194100
0.048400	13.147900
0.048500	13.090100
0.048600	13.023700
0.048700	12.971700
0.048800	12.911000
0.048900	12.838800
0.049000	12.769500
0.049100	12.717500
0.049200	12.656900
0.049300	12.599100
0.049400	12.515400
0.049500	12.483600
0.049600	12.451800
0.049700	12.399900
0.049800	12.333400
0.049900	12.281500
0.050000	12.209300
0.050100	12.145700
0.050200	12.105300
0.050300	12.056200
0.050400	12.007100
0.050500	11.937800
0.050600	11.891600
0.050700	11.842500
0.050800	11.793400
0.050900	11.752900
0.051000	11.701000
0.051100	11.657600
0.051200	11.620100
0.051300	11.597000
0.051400	11.553700
0.051500	11.507500
0.051600	11.467000
0.051700	11.426600
0.051800	11.397700
0.051900	11.354400
0.052000	11.337100
0.052100	11.311100
0.052200	11.293800
0.052300	11.264900
0.052400	11.221600
0.052500	11.186900
0.052600	11.163800
0.052700	11.143600
0.052800	11.103100
0.052900	11.082900
0.053000	11.094500
0.053100	11.045400
0.053200	10.996300
0.053300	10.990500
0.053400	10.973200
0.053500	10.967400
0.053600	10.950100
0.053700	10.918300
0.053800	10.918300
0.053900	10.903900
0.054000	10.877900
0.054100	10.834600
0.054200	10.820100
0.054300	10.828800
0.054400	10.805700
0.054500	10.788400
0.054600	10.753700
0.054700	10.727700
0.054800	10.747900
0.054900	10.730600
0.055000	10.704600
0.055100	10.698800
0.055200	10.687300
0.055300	10.678600
0.055400	10.658400
0.055500	10.652600
0.055600	10.644000
0.055700	10.632400
0.055800	10.615100
0.055900	10.597700
0.056000	10.574600
0.056100	10.580400
0.056200	10.574600
0.056300	10.574600
0.056400	10.580400
0.056500	10.557300
0.056600	10.563100
0.056700	10.551500
0.056800	10.540000
0.056900	10.540000
0.057000	10.534200
0.057100	10.511100
0.057200	10.511100
0.057300	10.505300
0.057400	10.490900
0.057500	10.488000
0.057600	10.459100
0.057700	10.456200
0.057800	10.453300
0.057900	10.450500
0.058000	10.450500
0.058100	10.444700
0.058200	10.436000
0.058300	10.424500
0.058400	10.418700
0.058500	10.421600
0.058600	10.412900
0.058700	10.410000
0.058800	10.398500
0.058900	10.389800
0.059000	10.381100
0.059100	10.378300
0.059200	10.369600
0.059300	10.363800
0.059400	10.340700
0.059500	10.308900
0.059600	10.271400
0.059700	10.245400
0.059800	10.219400
0.059900	10.184800
0.060000	10.176100
0.060100	10.170300
0.060200	10.155900
0.060300	10.106800
0.060400	10.077900
0.060500	10.060600
0.060600	10.034600
0.060700	9.999930
0.060800	9.985490
0.060900	9.962390
0.061000	9.907510
0.061100	9.864200
0.061200	9.846870
0.061300	9.800660
0.061400	9.766000
0.061500	9.725570
0.061600	9.705350
0.061700	9.659150
0.061800	9.615830
0.061900	9.563840
0.062000	9.520520
0.062100	9.488760
0.062200	9.439660
0.062300	9.367460
0.062400	9.312590
0.062500	9.272160
0.062600	9.211510
0.062700	9.150860
0.062800	9.090210
0.062900	9.023790
0.063000	8.957360
0.063100	8.925590
0.063200	8.859170
0.063300	8.804300
0.063400	8.726320
0.063500	8.688780
0.063600	8.613690
0.063700	8.547270
0.063800	8.466400
0.063900	8.379760
0.064000	8.298900
0.064100	8.252690
0.064200	8.200710
0.064300	8.137170
0.064400	8.062080
0.064500	7.975440
0.064600	7.909020
0.064700	7.839710
0.064800	7.796390
0.064900	7.709750
0.065000	7.634660
0.065100	7.574010
0.065200	7.498920
0.065300	7.446940
0.065400	7.377630
0.065500	7.288100
0.065600	7.198570
0.065700	7.126370
0.065800	7.065720
0.065900	6.990640
0.066000	6.924210
0.066100	6.840460
0.066200	6.765370
0.066300	6.698950
0.066400	6.612310
0.066500	6.545880
0.066600	6.476570
0.066700	6.410150
0.066800	6.343720
0.066900	6.277300
0.067000	6.193550
0.067100	6.144450
0.067200	6.080920
0.067300	6.023150
0.067400	5.936520
0.067500	5.890310
0.067600	5.829660
0.067700	5.766120
0.067800	5.702590
0.067900	5.656380
0.068000	5.587070
0.068100	5.540860
0.068200	5.477320
0.068300	5.419560
0.068400	5.361800
0.068500	5.309820
0.068600	5.252060
0.068700	5.197190
0.068800	5.122100
0.068900	5.055680
0.069000	5.012360
0.069100	4.957480
0.069200	4.899720
0.069300	4.856400
0.069400	4.810200
0.069500	4.766880
0.069600	4.714890
0.069700	4.657130
0.069800	4.608030
0.069900	4.561830
0.070000	4.512730
0.070100	4.469410
0.070200	4.417430
0.070300	4.379880
0.070400	4.327900
0.070500	4.284580
0.070600	4.229710
0.070700	4.189280
0.070800	4.122850
0.070900	4.096860
0.071000	4.073760
0.071100	4.027550
0.071200	3.972680
0.071300	3.946680
0.071400	3.903360
0.071500	3.868710
0.071600	3.828270
0.071700	3.782070
0.071800	3.767630
0.071900	3.744520
0.072000	3.689650
0.072100	3.654990
0.072200	3.617450
0.072300	3.600120
0.072400	3.574130
0.072500	3.545250
0.072600	3.490380
0.072700	3.470160
0.072800	3.432620
0.072900	3.418180
0.073000	3.374860
0.073100	3.348870
0.073200	3.302660
0.073300	3.279560
0.073400	3.265120
0.073500	3.250670
0.073600	3.224680
0.073700	3.190030
0.073800	3.166920
0.073900	3.143820
0.074000	3.097610
0.074100	3.071620
0.074200	3.054290
0.074300	3.051400
0.074400	3.025410
0.074500	3.002310
0.074600	2.973430
0.074700	2.938770
0.074800	2.933000
0.074900	2.927220
0.075000	2.907000
0.075100	2.855020
0.075200	2.834800
0.075300	2.814590
0.075400	2.811700
0.075500	2.788590
0.075600	2.774160
0.075700	2.751050
0.075800	2.742390
0.075900	2.730830
0.076000	2.716400
0.076100	2.687520
0.076200	2.661520
0.076300	2.644200
0.076400	2.632640
0.076500	2.612430
0.076600	2.606650
0.076700	2.609540
0.076800	2.595100
0.076900	2.572000
0.077000	2.543120
0.077100	2.522900
0.077200	2.528680
0.077300	2.496910
0.077400	2.473800
0.077500	2.456480
0.077600	2.465140
0.077700	2.465140
0.077800	2.447810
0.077900	2.436260
0.078000	2.439150
0.078100	2.416040
0.078200	2.401600
0.078300	2.395830
0.078400	2.401600
0.078500	2.381390
0.078600	2.390050
0.078700	2.378500
0.078800	2.364060
0.078900	2.358280
0.079000	2.361170
0.079100	2.349620
0.079200	2.352510
0.079300	2.352510
0.079400	2.329400
0.079500	2.323630
0.079600	2.317850
0.079700	2.312080
0.079800	2.306300
0.079900	2.294750
0.080000	2.288970
0.080100	2.297640
0.080200	2.294750
0.080300	2.286080
0.080400	2.280310
0.080500	2.280310
0.080600	2.277420
0.080700	2.268750
0.080800	2.283200
0.080900	2.283200
0.081000	2.271640
0.081100	2.268750
0.081200	2.268750
0.081300	2.280310
0.081400	2.277420
0.081500	2.271640
0.081600	2.271640
0.081700	2.277420
0.081800	2.274530
0.081900	2.277420
0.082000	2.271640
0.082100	2.274530
0.082200	2.271640
0.082300	2.283200
0.082400	2.277420
0.082500	2.265870
0.082600	2.274530
0.082700	2.268750
0.082800	2.274530
0.082900	2.268750
0.083000	2.283200
0.083100	2.288970
0.083200	2.288970
0.083300	2.288970
0.083400	2.280310
0.083500	2.291860
0.083600	2.303410
0.083700	2.309190
0.083800	2.312080
0.083900	2.317850
0.084000	2.335180
0.084100	2.343840
0.084200	2.346730
0.084300	2.346730
0.084400	2.338070
0.084500	2.340960
0.084600	2.352510
0.084700	2.369840
0.084800	2.381390
0.084900	2.378500
0.085000	2.378500
0.085100	2.392940
0.085200	2.404490
0.085300	2.398720
0.085400	2.390050
0.085500	2.395830
0.085600	2.410270
0.085700	2.413160
0.085800	2.418930
0.085900	2.427600
0.086000	2.433370
0.086100	2.442030
0.086200	2.453590
0.086300	2.459360
0.086400	2.470920
0.086500	2.462250
0.086600	2.473800
0.086700	2.476690
0.086800	2.470920
0.086900	2.488240
0.087000	2.508460
0.087100	2.511350
0.087200	2.534450
0.087300	2.531560
0.087400	2.548890
0.087500	2.563330
0.087600	2.586440
0.087700	2.583550
0.087800	2.583550
0.087900	2.618200
0.088000	2.618200
0.088100	2.606650
0.088200	2.618200
0.088300	2.623980
0.088400	2.618200
0.088500	2.615310
0.088600	2.623980
0.088700	2.621090
0.088800	2.621090
0.088900	2.638420
0.089000	2.644200
0.089100	2.661520
0.089200	2.675960
0.089300	2.687520
0.089400	2.696180
0.089500	2.684630
0.089600	2.707730
0.089700	2.710620
0.089800	2.713510
0.089900	2.730830
0.090000	2.745280
0.090100	2.742390
0.090200	2.733720
0.090300	2.742390
0.090400	2.748160
0.090500	2.753940
0.090600	2.759720
0.090700	2.771270
0.090800	2.768380
0.090900	2.768380
0.091000	2.777040
0.091100	2.777040
0.091200	2.791480
0.091300	2.794370
0.091400	2.800150
0.091500	2.805920
0.091600	2.823250
0.091700	2.834800
0.091800	2.829030
0.091900	2.826140
0.092000	2.829030
0.092100	2.843470
0.092200	2.831920
0.092300	2.837690
0.092400	2.846350
0.092500	2.846350
0.092600	2.875240
0.092700	2.886790
0.092800	2.886790
0.092900	2.898340
0.093000	2.921440
0.093100	2.898340
0.093200	2.915670
0.093300	2.918560
0.093400	2.927220
0.093500	2.918560
0.093600	2.924330
0.093700	2.924330
0.093800	2.924330
0.093900	2.912780
0.094000	2.915670
0.094100	2.924330
0.094200	2.915670
0.094300	2.915670
0.094400	2.912780
0.094500	2.927220
0.094600	2.912780
0.094700	2.918560
0.094800	2.912780
0.094900	2.918560
0.095000	2.924330
0.095100	2.909890
0.095200	2.909890
0.095300	2.895450
0.095400	2.901230
0.095500	2.892560
0.095600	2.869460
0.095700	2.869460
0.095800	2.843470
0.095900	2.831920
0.096000	2.826140
0.096100	2.829030
0.096200	2.831920
0.096300	2.826140
0.096400	2.831920
0.096500	2.837690
0.096600	2.826140
0.096700	2.823250
0.096800	2.817480
0.096900	2.820360
0.097000	2.785710
0.097100	2.782820
0.097200	2.777040
0.097300	2.756830
0.097400	2.765490
0.097500	2.771270
0.097600	2.759720
0.097700	2.748160
0.097800	2.748160
0.097900	2.730830
0.098000	2.745280
0.098100	2.742390
0.098200	2.716400
0.098300	2.701960
0.098400	2.704840
0.098500	2.690400
0.098600	2.687520
0.098700	2.675960
0.098800	2.658640
0.098900	2.649970
0.099000	2.638420
0.099100	2.612430
0.099200	2.609540
0.099300	2.612430
0.099400	2.615310
0.099500	2.609540
0.099600	2.615310
0.099700	2.603760
0.099800	2.580660
0.099900	2.572000
0.100000	2.566220
0.100100	2.540230
0.100200	2.522900
0.100300	2.522900
0.100400	2.499790
0.100500	2.476690
0.100600	2.468030
0.100700	2.459360
0.100800	2.468030
0.100900	2.470920
0.101000	2.470920
0.101100	2.447810
0.101200	2.436260
0.101300	2.436260
0.101400	2.416040
0.101500	2.407380
0.101600	2.390050
0.101700	2.390050
0.101800	2.390050
0.101900	2.384270
0.102000	2.392940
0.102100	2.381390
0.102200	2.378500
0.102300	2.369840
0.102400	2.372720
0.102500	2.369840
0.102600	2.366950
0.102700	2.358280
0.102800	2.346730
0.102900	2.340960
0.103000	2.346730
0.103100	2.355400
0.103200	2.338070
0.103300	2.338070
0.103400	2.329400
0.103500	2.335180
0.103600	2.320740
0.103700	2.317850
0.103800	2.312080
0.103900	2.300520
0.104000	2.294750
0.104100	2.306300
0.104200	2.303410
0.104300	2.294750
0.104400	2.288970
0.104500	2.288970
0.104600	2.300520
0.104700	2.288970
0.104800	2.294750
0.104900	2.286080
0.105000	2.297640
0.105100	2.294750
0.105200	2.291860
0.105300	2.297640
0.105400	2.288970
0.105500	2.288970
0.105600	2.294750
0.105700	2.294750
0.105800	2.291860
0.105900	2.300520
0.106000	2.288970
0.106100	2.294750
0.106200	2.300520
0.106300	2.303410
0.106400	2.294750
0.106500	2.300520
0.106600	2.300520
0.106700	2.291860
0.106800	2.291860
0.106900	2.306300
0.107000	2.297640
0.107100	2.291860
0.107200	2.291860
0.107300	2.294750
0.107400	2.286080
0.107500	2.286080
0.107600	2.294750
0.107700	2.286080
0.107800	2.286080
0.107900	2.291860
0.108000	2.288970
0.108100	2.291860
0.108200	2.283200
0.108300	2.300520
0.108400	2.291860
0.108500	2.286080
0.108600	2.274530
0.108700	2.291860
0.108800	2.294750
0.108900	2.286080
0.109000	2.280310
0.109100	2.274530
0.109200	2.277420
0.109300	2.280310
0.109400	2.280310
0.109500	2.271640
0.109600	2.286080
0.109700	2.265870
0.109800	2.277420
0.109900	2.274530
0.110000	2.271640
0.110100	2.262980
0.110200	2.268750
0.110300	2.260090
0.110400	2.271640
0.110500	2.271640
0.110600	2.271640
0.110700	2.262980
0.110800	2.257200
0.110900	2.257200
0.111000	2.254320
0.111100	2.245650
0.111200	2.231210
0.111300	2.236990
0.111400	2.248540
0.111500	2.245650
0.111600	2.228320
0.111700	2.225440
0.111800	2.225440
0.111900	2.219660
0.112000	2.216770
0.112100	2.193670
0.112200	2.150350
0.112300	2.144570
0.112400	2.147460
0.112500	2.153230
0.112600	2.167680
0.112700	2.161900
0.112800	2.153230
0.112900	2.135910
0.113000	2.133020
0.113100	2.133020
0.113200	2.121470
0.113300	2.133020
0.113400	2.101250
0.113500	2.083920
0.113600	2.075260
0.113700	2.086810
0.113800	2.075260
0.113900	2.063710
0.114000	2.057930
0.114100	2.057930
0.114200	2.052160
0.114300	2.034830
0.114400	2.020390
0.114500	2.014610
0.114600	2.017500
0.114700	2.008840
0.114800	2.005950
0.114900	2.003060
0.115000	1.997280
0.115100	1.994400
0.115200	1.971290
0.115300	1.956850
0.115400	1.968400
0.115500	1.965520
0.115600	1.959740
0.115700	1.942410
0.115800	1.933750
0.115900	1.933750
0.116000	1.919310
0.116100	1.916420
0.116200	1.910640
0.116300	1.916420
0.116400	1.913530
0.116500	1.881760
0.116600	1.875990
0.116700	1.875990
0.116800	1.864440
0.116900	1.852880
0.117000	1.850000
0.117100	1.838440
0.117200	1.852880
0.117300	1.841330
0.117400	1.847110
0.117500	1.847110
0.117600	1.835560
0.117700	1.829780
0.117800	1.815340
0.117900	1.809560
0.118000	1.798010
0.118100	1.792240
0.118200	1.783570
0.118300	1.777800
0.118400	1.774910
0.118500	1.766240
0.118600	1.748920
0.118700	1.751800
0.118800	1.746030
0.118900	1.728700
0.119000	1.754690
0.119100	1.751800
0.119200	1.751800
0.119300	1.748920
0.119400	1.743140
0.119500	1.740250
0.119600	1.734480
0.119700	1.734480
0.119800	1.728700
0.119900	1.717150
0.120000	1.722920
0.120100	1.743140
0.120200	1.720040
0.120300	1.720040
0.120400	1.717150
0.120500	1.725810
0.120600	1.722920
0.120700	1.731590
0.120800	1.725810
0.120900	1.717150
0.121000	1.714260
0.121100	1.717150
0.121200	1.725810
0.121300	1.722920
0.121400	1.714260
0.121500	1.725810
0.121600	1.711370
0.121700	1.728700
0.121800	1.731590
0.121900	1.708480
0.122000	1.731590
0.122100	1.717150
0.122200	1.731590
0.122300	1.720040
0.122400	1.717150
0.122500	1.728700
0.122600	1.734480
0.122700	1.740250
0.122800	1.748920
0.122900	1.746030
0.123000	1.740250
0.123100	1.746030
0.123200	1.746030
0.123300	1.746030
0.123400	1.748920
0.123500	1.740250
0.123600	1.746030
0.123700	1.746030
0.123800	1.740250
0.123900	1.743140
0.124000	1.748920
0.124100	1.746030
0.124200	1.740250
0.124300	1.772020
0.124400	1.789350
0.124500	1.777800
0.124600	1.786460
0.124700	1.780680
0.124800	1.780680
0.124900	1.800900
0.125000	1.812450
0.125100	1.806680
0.125200	1.806680
0.125300	1.806680
0.125400	1.818230
0.125500	1.826890
0.125600	1.841330
0.125700	1.841330
0.125800	1.835560
0.125900	1.832670
0.126000	1.835560
0.126100	1.841330
0.126200	1.855770
0.126300	1.844220
0.126400	1.841330
0.126500	1.852880
0.126600	1.850000
0.126700	1.852880
0.126800	1.847110
0.126900	1.858660
0.127000	1.864440
0.127100	1.878880
0.127200	1.875990
0.127300	1.875990
0.127400	1.878880
0.127500	1.896200
0.127600	1.901980
0.127700	1.899090
0.127800	1.910640
0.127900	1.913530
0.128000	1.913530
0.128100	1.913530
0.128200	1.916420
0.128300	1.916420
0.128400	1.913530
0.128500	1.930860
0.128600	1.925080
0.128700	1.939520
0.128800	1.942410
0.128900	1.951080
0.129000	1.939520
0.129100	1.942410
0.129200	1.942410
0.129300	1.951080
0.129400	1.959740
0.129500	1.968400
0.129600	1.959740
0.129700	1.965520
0.129800	1.971290
0.129900	1.962630
0.130000	1.965520
0.130100	1.982840
0.130200	1.974180
0.130300	1.968400
0.130400	1.971290
0.130500	1.979960
0.130600	1.985730
0.130700	1.988620
0.130800	1.982840
0.130900	1.997280
0.131000	2.005950
0.131100	1.994400
0.131200	2.000170
0.131300	2.000170
0.131400	2.011720
0.131500	1.997280
0.131600	2.014610
0.131700	2.005950
0.131800	2.020390
0.131900	2.014610
0.132000	2.008840
0.132100	2.008840
0.132200	2.008840
0.132300	2.011720
0.132400	2.008840
0.132500	2.014610
0.132600	2.008840
0.132700	2.011720
0.132800	2.011720
0.132900	2.008840
0.133000	2.017500
0.133100	2.008840
0.133200	2.014610
0.133300	2.020390
0.133400	2.008840
0.133500	2.011720
0.133600	2.011720
0.133700	2.003060
0.133800	2.000170
0.133900	2.008840
0.134000	2.011720
0.134100	2.005950
0.134200	1.994400
0.134300	1.997280
0.134400	1.988620
0.134500	1.991510
0.134600	1.979960
0.134700	1.974180
0.134800	1.971290
0.134900	1.962630
0.135000	1.971290
0.135100	1.962630
0.135200	1.977070
0.135300	1.953960
0.135400	1.959740
0.135500	1.953960
0.135600	1.933750
0.135700	1.936640
0.135800	1.939520
0.135900	1.936640
0.136000	1.916420
0.136100	1.913530
0.136200	1.913530
0.136300	1.919310
0.136400	1.910640
0.136500	1.901980
0.136600	1.881760
0.136700	1.875990
0.136800	1.881760
0.136900	1.873100
0.137000	1.852880
0.137100	1.844220
0.137200	1.841330
0.137300	1.850000
0.137400	1.844220
0.137500	1.832670
0.137600	1.835560
0.137700	1.841330
0.137800	1.818230
0.137900	1.798010
0.138000	1.803790
0.138100	1.777800
0.138200	1.766240
0.138300	1.751800
0.138400	1.734480
0.138500	1.740250
0.138600	1.746030
0.138700	1.725810
0.138800	1.728700
0.138900	1.708480
0.139000	1.714260
0.139100	1.714260
0.139200	1.705600
0.139300	1.705600
0.139400	1.688270
0.139500	1.670940
0.139600	1.665160
0.139700	1.650720
0.139800	1.644950
0.139900	1.630510
0.140000	1.653610
0.140100	1.642060
0.140200	1.624730
0.140300	1.604520
0.140400	1.610290
0.140500	1.604520
0.140600	1.590080
0.140700	1.569860
0.140800	1.564080
0.140900	1.552530
0.141000	1.555420
0.141100	1.552530
0.141200	1.538090
0.141300	1.517880
0.141400	1.509210
0.141500	1.506320
0.141600	1.514990
0.141700	1.517880
0.141800	1.489000
0.141900	1.474560
0.142000	1.448560
0.142100	1.442790
0.142200	1.448560
0.142300	1.439900
0.142400	1.445680
0.142500	1.431240
0.142600	1.445680
0.142700	1.439900
0.142800	1.428350
0.142900	1.408130
0.143000	1.405240
0.143100	1.396580
0.143200	1.387920
0.143300	1.385030
0.143400	1.387920
0.143500	1.379250
0.143600	1.367700
0.143700	1.367700
0.143800	1.353260
0.143900	1.344600
0.144000	1.330160
0.144100	1.324380
0.144200	1.309940
0.144300	1.286840
0.144400	1.295500
0.144500	1.295500
0.144600	1.275280
0.144700	1.278170
0.144800	1.269510
0.144900	1.269510
0.145000	1.249290
0.145100	1.240630
0.145200	1.240630
0.145300	1.243520
0.145400	1.240630
0.145500	1.234850
0.145600	1.220410
0.145700	1.208860
0.145800	1.197310
0.145900	1.194420
0.146000	1.177090
0.146100	1.159760
0.146200	1.168430
0.146300	1.162650
0.146400	1.162650
0.146500	1.168430
0.146600	1.168430
0.146700	1.159760
0.146800	1.156880
0.146900	1.153990
0.147000	1.148210
0.147100	1.139550
0.147200	1.110670
0.147300	1.087560
0.147400	1.084680
0.147500	1.104890
0.147600	1.093340
0.147700	1.084680
0.147800	1.087560
0.147900	1.093340
0.148000	1.090450
0.148100	1.081790
0.148200	1.081790
0.148300	1.061570
0.148400	1.073120
0.148500	1.078900
0.148600	1.064460
0.148700	1.070240
0.148800	1.064460
0.148900	1.041360
0.149000	1.024030
0.149100	1.021140
0.149200	1.021140
0.149300	1.003810
0.149400	1.012480
0.149500	1.006700
0.149600	1.000920
0.149700	1.018250
0.149800	1.000920
0.149900	0.989371
0.150000	1.003810
0.150100	1.000920
0.150200	1.009590
0.150300	0.995147
0.150400	0.995147
0.150500	0.992259
0.150600	0.989371
0.150700	0.969155
0.150800	0.969155
0.150900	0.966267
0.151000	0.974931
0.151100	0.972043
0.151200	0.957603
0.151300	0.957603
0.151400	0.963379
0.151500	0.972043
0.151600	0.954715
0.151700	0.948939
0.151800	0.940275
0.151900	0.948939
0.152000	0.940275
0.152100	0.937387
0.152200	0.940275
0.152300	0.943163
0.152400	0.943163
0.152500	0.946051
0.152600	0.934499
0.152700	0.928723
0.152800	0.928723
0.152900	0.931611
0.153000	0.934499
0.153100	0.934499
0.153200	0.928723
0.153300	0.920059
0.153400	0.940275
0.153500	0.931611
0.153600	0.937387
0.153700	0.925835
0.153800	0.925835
0.153900	0.934499
0.154000	0.925835
0.154100	0.920059
0.154200	0.911395
0.154300	0.917171
0.154400	0.920059
0.154500	0.911395
0.154600	0.914283
0.154700	0.908507
0.154800	0.902731
0.154900	0.902731
0.155000	0.908507
0.155100	0.899843
0.155200	0.899843
0.155300	0.896955
0.155400	0.896955
0.155500	0.899843
0.155600	0.888291
0.155700	0.862299
0.155800	0.865187
0.155900	0.868075
0.156000	0.847859
0.156100	0.844971
0.156200	0.850747
0.156300	0.862299
0.156400	0.847859
0.156500	0.836307
0.156600	0.839195
0.156700	0.833419
0.156800	0.842083
0.156900	0.842083
0.157000	0.833419
0.157100	0.827643
0.157200	0.821867
0.157300	0.824755
0.157400	0.827643
0.157500	0.818979
0.157600	0.807427
0.157700	0.813203
0.157800	0.810315
0.157900	0.810315
0.158000	0.821867
0.158100	0.818979
0.158200	0.792987
0.158300	0.804539
0.158400	0.790099
0.158500	0.790099
0.158600	0.787211
0.158700	0.792987
0.158800	0.795875
0.158900	0.795875
0.159000	0.790099
0.159100	0.795875
0.159200	0.790099
0.159300	0.775659
0.159400	0.790099
0.159500	0.790099
0.159600	0.792987
0.159700	0.795875
0.159800	0.790099
0.159900	0.787211
0.160000	0.778547
0.160100	0.775659
0.160200	0.781435
0.160300	0.775659
0.160400	0.769883
0.160500	0.778547
0.160600	0.766995
0.160700	0.769883
0.160800	0.775659
0.160900	0.764107
0.161000	0.790099
0.161100	0.766995
0.161200	0.766995
0.161300	0.772771
0.161400	0.766995
0.161500	0.775659
0.161600	0.764107
0.161700	0.766995
0.161800	0.766995
0.161900	0.766995
0.162000	0.755443
0.162100	0.746779
0.162200	0.738115
0.162300	0.738115
0.162400	0.735227
0.162500	0.743891
0.162600	0.738115
0.162700	0.723675
0.162800	0.712123
0.162900	0.709235
0.163000	0.706347
0.163100	0.703459
0.163200	0.691907
0.163300	0.697683
0.163400	0.697683
0.163500	0.697683
0.163600	0.689019
0.163700	0.689019
0.163800	0.694795
0.163900	0.700571
0.164000	0.686131
0.164100	0.689019
0.164200	0.686131
0.164300	0.680355
0.164400	0.683243
0.164500	0.691907
0.164600	0.694795
0.164700	0.689019
0.164800	0.686131
0.164900	0.686131
0.165000	0.683243
0.165100	0.686131
0.165200	0.691907
0.165300	0.697683
0.165400	0.694795
0.165500	0.680355
0.165600	0.683243
0.165700	0.697683
0.165800	0.683243
0.165900	0.680355
0.166000	0.671691
0.166100	0.674579
0.166200	0.671691
0.166300	0.674579
0.166400	0.674579
0.166500	0.680355
0.166600	0.665915
0.166700	0.668803
0.166800	0.680355
0.166900	0.677467
0.167000	0.677467
0.167100	0.677467
0.167200	0.668803
0.167300	0.671691
0.167400	0.665915
0.167500	0.651475
0.167600	0.651475
0.167700	0.642811
0.167800	0.631259
0.167900	0.634147
0.168000	0.634147
0.168100	0.645699
0.168200	0.634147
0.168300	0.622595
0.168400	0.634147
0.168500	0.631259
0.168600	0.628371
0.168700	0.616819
0.168800	0.619707
0.168900	0.605267
0.169000	0.611043
0.169100	0.608155
0.169200	0.619707
0.169300	0.608155
0.169400	0.608155
0.169500	0.599491
0.169600	0.593715
0.169700	0.596603
0.169800	0.587939
0.169900	0.587939
0.170000	0.587939
0.170100	0.602379
0.170200	0.573499
0.170300	0.585051
0.170400	0.582163
0.170500	0.590827
0.170600	0.590827
0.170700	0.590827
0.170800	0.593715
0.170900	0.582163
0.171000	0.573499
0.171100	0.561947
0.171200	0.559059
0.171300	0.561947
0.171400	0.547507
0.171500	0.544619
0.171600	0.547507
0.171700	0.553283
0.171800	0.530179
0.171900	0.521515
0.172000	0.515739
0.172100	0.504187
0.172200	0.509963
0.172300	0.498411
0.172400	0.501299
0.172500	0.495523
0.172600	0.504187
0.172700	0.507075
0.172800	0.507075
0.172900	0.501299
0.173000	0.501299
0.173100	0.501299
0.173200	0.501299
0.173300	0.507075
0.173400	0.501299
0.173500	0.495523
0.173600	0.481083
0.173700	0.507075
0.173800	0.501299
0.173900	0.495523
0.174000	0.475307
0.174100	0.466643
0.174200	0.472419
0.174300	0.455091
0.174400	0.452203
0.174500	0.460867
0.174600	0.452203
0.174700	0.449315
0.174800	0.446427
0.174900	0.429099
0.175000	0.437763
0.175100	0.431987
0.175200	0.437763
0.175300	0.437763
0.175400	0.431987
0.175500	0.431987
0.175600	0.414659
0.175700	0.411771
0.175800	0.388667
0.175900	0.414659
0.176000	0.423323
0.176100	0.414659
0.176200	0.411771
0.176300	0.408883
0.176400	0.394443
0.176500	0.394443
0.176600	0.377115
0.176700	0.377115
0.176800	0.356899
0.176900	0.359787
0.177000	0.365563
0.177100	0.368451
0.177200	0.362675
0.177300	0.362675
0.177400	0.354011
0.177500	0.354011
0.177600	0.348235
0.177700	0.342459
0.177800	0.339571
0.177900	0.336683
0.178000	0.342459
0.178100	0.330907
0.178200	0.328019
0.178300	0.325131
0.178400	0.330907
0.178500	0.307803
0.178600	0.330907
0.178700	0.333795
0.178800	0.325131
0.178900	0.319355
0.179000	0.322243
0.179100	0.325131
0.179200	0.313579
0.179300	0.302027
0.179400	0.304915
0.179500	0.313579
0.179600	0.316467
0.179700	0.304915
0.179800	0.296251
0.179900	0.304915
0.180000	0.290475
0.180100	0.290475
0.180200	0.296251
0.180300	0.290475
0.180400	0.293363
0.180500	0.281811
0.180600	0.302027
0.180700	0.293363
0.180800	0.296251
0.180900	0.293363
0.181000	0.290475
0.181100	0.290475
0.181200	0.290475
0.181300	0.284699
0.181400	0.293363
0.181500	0.293363
0.181600	0.304915
0.181700	0.293363
0.181800	0.290475
0.181900	0.270259
0.182000	0.267371
0.182100	0.264483
0.182200	0.261595
0.182300	0.255819
0.182400	0.252931
0.182500	0.250043
0.182600	0.258707
0.182700	0.264483
0.182800	0.255819
0.182900	0.267371
0.183000	0.247155
0.183100	0.250043
0.183200	0.247155
0.183300	0.250043
0.183400	0.252931
0.183500	0.252931
0.183600	0.244267
0.183700	0.255819
0.183800	0.244267
0.183900	0.244267
0.184000	0.241379
0.184100	0.252931
0.184200	0.250043
0.184300	0.250043
0.184400	0.247155
0.184500	0.244267
0.184600	0.250043
0.184700	0.235603
0.184800	0.244267
0.184900	0.252931
0.185000	0.247155
0.185100	0.229827
0.185200	0.238491
0.185300	0.235603
0.185400	0.235603
0.185500	0.229827
0.185600	0.241379
0.185700	0.247155
0.185800	0.241379
0.185900	0.238491
0.186000	0.238491
0.186100	0.244267
0.186200	0.229827
0.186300	0.244267
0.186400	0.232715
0.186500	0.238491
0.186600	0.229827
0.186700	0.250043
0.186800	0.235603
0.186900	0.229827
0.187000	0.238491
0.187100	0.250043
0.187200	0.229827
0.187300	0.244267
0.187400	0.226939
0.187500	0.229827
0.187600	0.224051
0.187700	0.229827
0.187800	0.226939
0.187900	0.232715
0.188000	0.229827
0.188100	0.232715
0.188200	0.226939
0.188300	0.241379
0.188400	0.224051
0.188500	0.224051
0.188600	0.226939
0.188700	0.224051
0.188800	0.241379
0.188900	0.226939
0.189000	0.224051
0.189100	0.226939
0.189200	0.229827
0.189300	0.221163
0.189400	0.224051
0.189500	0.224051
0.189600	0.235603
0.189700	0.232715
0.189800	0.215387
0.189900	0.218275
0.190000	0.229827
0.190100	0.229827
0.190200	0.232715
0.190300	0.212499
0.190400	0.226939
0.190500	0.221163
0.190600	0.232715
0.190700	0.238491
0.190800	0.221163
0.190900	0.224051
0.191000	0.226939
0.191100	0.224051
0.191200	0.226939
0.191300	0.229827
0.191400	0.224051
0.191500	0.221163
0.191600	0.224051
0.191700	0.232715
0.191800	0.221163
0.191900	0.224051
0.192000	0.221163
0.192100	0.235603
0.192200	0.226939
0.192300	0.235603
0.192400	0.224051
0.192500	0.224051
0.192600	0.226939
0.192700	0.221163
0.192800	0.224051
0.192900	0.226939
0.193000	0.218275
0.193100	0.226939
0.193200	0.226939
0.193300	0.218275
0.193400	0.218275
0.193500	0.221163
0.193600	0.212499
0.193700	0.215387
0.193800	0.229827
0.193900	0.229827
0.194000	0.218275
0.194100	0.224051
0.194200	0.212499
0.194300	0.224051
0.194400	0.212499
0.194500	0.212499
0.194600	0.215387
0.194700	0.226939
0.194800	0.218275
0.194900	0.212499
0.195000	0.224051
0.195100	0.229827
0.195200	0.221163
0.195300	0.221163
0.195400	0.212499
0.195500	0.226939
0.195600	0.215387
0.195700	0.212499
0.195800	0.203835
0.195900	0.200947
0.196000	0.203835
0.196100	0.212499
0.196200	0.206723
0.196300	0.200947
0.196400	0.206723
0.196500	0.212499
0.196600	0.198059
0.196700	0.192283
0.196800	0.195171
0.196900	0.200947
0.197000	0.192283
0.197100	0.189395
0.197200	0.198059
0.197300	0.192283
0.197400	0.192283
0.197500	0.198059
0.197600	0.186507
0.197700	0.189395
0.197800	0.189395
0.197900	0.186507
0.198000	0.189395
0.198100	0.186507
0.198200	0.183619
0.198300	0.174955
0.198400	0.177843
0.198500	0.166291
0.198600	0.151851
0.198700	0.157627
0.198800	0.160515
0.198900	0.146075
0.199000	0.154739
0.199100	0.146075
0.199200	0.146075
0.199300	0.163403
0.199400	0.148963
0.199500	0.160515
0.199600	0.151851
0.199700	0.154739
0.199800	0.157627
0.199900	0.148963
0.200000	0.151851
0.200100	0.163403
0.200200	0.154739
0.200300	0.151851
0.200400	0.157627
0.200500	0.143187
0.200600	0.148963
0.200700	0.148963
0.200800	0.151851
0.200900	0.154739
0.201000	0.146075
0.201100	0.148963
0.201200	0.143187
0.201300	0.143187
0.201400	0.140299
0.201500	0.148963
0.201600	0.148963
0.201700	0.137411
0.201800	0.140299
0.201900	0.143187
0.202000	0.140299
0.202100	0.157627
0.202200	0.154739
0.202300	0.140299
0.202400	0.128747
0.202500	0.137411
0.202600	0.140299
0.202700	0.148963
0.202800	0.143187
0.202900	0.151851
0.203000	0.128747
0.203100	0.134523
0.203200	0.134523
0.203300	0.151851
0.203400	0.140299
0.203500	0.146075
0.203600	0.131635
0.203700	0.140299
0.203800	0.146075
0.203900	0.140299
0.204000	0.140299
0.204100	0.131635
0.204200	0.146075
0.204300	0.146075
0.204400	0.125859
0.204500	0.134523
0.204600	0.146075
0.204700	0.146075
0.204800	0.143187
0.204900	0.140299
0.205000	0.140299
0.205100	0.146075
0.205200	0.146075
0.205300	0.131635
0.205400	0.134523
0.205500	0.137411
0.205600	0.157627
0.205700	0.137411
0.205800	0.140299
0.205900	0.143187
0.206000	0.134523
0.206100	0.131635
0.206200	0.143187
0.206300	0.148963
0.206400	0.128747
0.206500	0.137411
0.206600	0.146075
0.206700	0.146075
0.206800	0.148963
0.206900	0.151851
0.207000	0.140299
0.207100	0.131635
0.207200	0.137411
0.207300	0.131635
0.207400	0.125859
0.207500	0.143187
0.207600	0.134523
0.207700	0.137411
0.207800	0.140299
0.207900	0.137411
0.208000	0.137411
0.208100	0.148963
0.208200	0.143187
0.208300	0.148963
0.208400	0.134523
0.208500	0.131635
0.208600	0.131635
0.208700	0.148963
0.208800	0.137411
0.208900	0.148963
0.209000	0.151851
0.209100	0.134523
0.209200	0.143187
0.209300	0.143187
0.209400	0.143187
0.209500	0.137411
0.209600	0.128747
0.209700	0.140299
0.209800	0.134523
0.209900	0.140299
0.210000	0.148963
0.210100	0.146075
0.210200	0.134523
0.210300	0.137411
0.210400	0.146075
0.210500	0.143187
0.210600	0.148963
0.210700	0.131635
0.210800	0.143187
0.210900	0.143187
0.211000	0.140299
0.211100	0.146075
0.211200	0.148963
0.211300	0.137411
0.211400	0.140299
0.211500	0.140299
0.211600	0.140299
0.211700	0.143187
0.211800	0.140299
0.211900	0.134523
0.212000	0.143187
0.212100	0.140299
0.212200	0.134523
0.212300	0.134523
0.212400	0.134523
0.212500	0.125859
0.212600	0.134523
0.212700	0.134523
0.212800	0.128747
0.212900	0.114307
0.213000	0.120083
0.213100	0.111419
0.213200	0.094091
0.213300	0.091203
0.213400	0.094091
0.213500	0.094091
0.213600	0.091203
0.213700	0.088315
0.213800	0.094091
0.213900	0.096979
0.214000	0.088315
0.214100	0.099867
0.214200	0.088315
0.214300	0.085427
0.214400	0.076763
0.214500	0.082539
0.214600	0.094091
0.214700	0.073875
0.214800	0.085427
0.214900	0.082539
0.215000	0.070987
0.215100	0.068099
0.215200	0.062323
0.215300	0.044995
0.215400	0.027667
0.215500	0.019003
0.215600	0.030555
0.215700	0.030555
0.215800	0.016115
0.215900	0.019003
0.216000	0.024779
0.216100	0.004563
0.216200	0.013227
0.216300	0.007451
0.216400	0.013227
0.216500	0.016115
0.216600	0.016115
0.216700	0.001675
0.216800	0.016115
0.216900	0.004563
0.217000	-0.006989
0.217100	-0.004101
0.217200	0.007451
0.217300	0.010339
0.217400	0.004563
0.217500	0.001675
0.217600	0.001675
0.217700	0.001675
0.217800	0.001675
0.217900	0.004563
0.218000	-0.006989
0.218100	0.016115
0.218200	0.004563
0.218300	-0.012765
0.218400	-0.001213
0.218500	-0.004101
0.218600	-0.001213
0.218700	-0.006989
0.218800	-0.009877
0.218900	0.010339
0.219000	-0.004101
0.219100	-0.001213
0.219200	-0.015653
0.219300	0.004563
0.219400	-0.004101
0.219500	-0.009877
0.219600	-0.006989
0.219700	-0.004101
0.219800	-0.004101
0.219900	-0.006989
0.220000	-0.012765
0.220100	-0.001213
0.220200	-0.001213
0.220300	-0.006989
0.220400	-0.009877
0.220500	-0.001213
0.220600	0.004563
0.220700	-0.006989
0.220800	-0.012765
0.220900	-0.009877
0.221000	0.004563
0.221100	-0.004101
0.221200	-0.001213
0.221300	0.001675
0.221400	0.001675
0.221500	0.004563
0.221600	-0.001213
0.221700	0.010339
0.221800	0.016115
0.221900	0.004563
0.222000	0.004563
0.222100	0.010339
0.222200	0.019003
0.222300	0.016115
0.222400	0.019003
0.222500	0.010339
0.222600	0.024779
0.222700	0.021891
0.222800	0.004563
0.222900	0.007451
0.223000	0.019003
0.223100	0.019003
0.223200	0.021891
0.223300	0.027667
0.223400	0.056547
0.223500	0.076763
0.223600	0.085427
0.223700	0.079651
0.223800	0.085427
0.223900	0.094091
0.224000	0.085427
0.224100	0.088315
0.224200	0.105643
0.224300	0.117195
0.224400	0.125859
0.224500	0.128747
0.224600	0.137411
0.224700	0.148963
0.224800	0.154739
0.224900	0.157627
0.225000	0.163403
0.225100	0.160515
0.225200	0.146075
0.225300	0.166291
0.225400	0.169179
0.225500	0.186507
0.225600	0.189395
0.225700	0.186507
0.225800	0.195171
0.225900	0.212499
0.226000	0.203835
0.226100	0.206723
0.226200	0.209611
0.226300	0.224051
0.226400	0.215387
0.226500	0.235603
0.226600	0.229827
0.226700	0.218275
0.226800	0.232715
0.226900	0.226939
0.227000	0.238491
0.227100	0.250043
0.227200	0.255819
0.227300	0.247155
0.227400	0.250043
0.227500	0.258707
0.227600	0.264483
0.227700	0.267371
0.227800	0.284699
0.227900	0.290475
0.228000	0.281811
0.228100	0.281811
0.228200	0.293363
0.228300	0.296251
0.228400	0.302027
0.228500	0.290475
0.228600	0.304915
0.228700	0.310691
0.228800	0.304915
0.228900	0.290475
0.229000	0.290475
0.229100	0.281811
0.229200	0.293363
0.229300	0.287587
0.229400	0.290475
0.229500	0.299139
0.229600	0.299139
0.229700	0.293363
0.229800	0.296251
0.229900	0.290475
0.230000	0.287587
0.230100	0.293363
0.230200	0.293363
0.230300	0.281811
0.230400	0.284699
0.230500	0.287587
0.230600	0.273147
0.230700	0.261595
0.230800	0.258707
0.230900	0.261595
0.231000	0.258707
0.231100	0.244267
0.231200	0.250043
0.231300	0.232715
0.231400	0.235603
0.231500	0.229827
0.231600	0.229827
0.231700	0.226939
0.231800	0.235603
0.231900	0.224051
0.232000	0.235603
0.232100	0.235603
0.232200	0.229827
0.232300	0.224051
0.232400	0.200947
0.232500	0.198059
0.232600	0.203835
0.232700	0.200947
0.232800	0.192283
0.232900	0.189395
0.233000	0.174955
0.233100	0.172067
0.233200	0.163403
0.233300	0.157627
0.233400	0.160515
0.233500	0.151851
0.233600	0.163403
0.233700	0.160515
0.233800	0.148963
0.233900	0.134523
0.234000	0.143187
0.234100	0.143187
0.234200	0.120083
0.234300	0.131635
0.234400	0.137411
0.234500	0.140299
0.234600	0.122971
0.234700	0.094091
0.234800	0.099867
0.234900	0.096979
0.235000	0.088315
0.235100	0.091203
0.235200	0.085427
0.235300	0.088315
0.235400	0.085427
0.235500	0.082539
0.235600	0.079651
0.235700	0.068099
0.235800	0.068099
0.235900	0.073875
0.236000	0.056547
0.236100	0.033443
0.236200	0.030555
0.236300	0.033443
0.236400	0.016115
0.236500	0.016115
0.236600	0.027667
0.236700	0.010339
0.236800	0.019003
0.236900	0.010339
0.237000	0.007451
0.237100	0.007451
0.237200	0.013227
0.237300	0.007451
0.237400	0.001675
0.237500	0.007451
0.237600	0.007451
0.237700	0.016115
0.237800	0.016115
0.237900	0.007451
0.238000	0.019003
0.238100	0.019003
0.238200	0.016115
0.238300	0.019003
0.238400	0.007451
0.238500	0.010339
0.238600	0.013227
0.238700	-0.001213
0.238800	0.013227
0.238900	0.007451
0.239000	0.013227
0.239100	0.004563
0.239200	0.013227
0.239300	0.010339
0.239400	0.007451
0.239500	0.016115
0.239600	0.013227
0.239700	0.013227
0.239800	0.027667
0.239900	0.036331
0.240000	0.021891
0.240100	0.030555
0.240200	0.030555
0.240300	0.030555
0.240400	0.053659
0.240500	0.073875
0.240600	0.070987
0.240700	0.076763
0.240800	0.073875
0.240900	0.073875
0.241000	0.091203
0.241100	0.082539
0.241200	0.082539
0.241300	0.079651
0.241400	0.085427
0.241500	0.085427
0.241600	0.073875
0.241700	0.085427
0.241800	0.085427
0.241900	0.079651
0.242000	0.094091
0.242100	0.111419
0.242200	0.085427
0.242300	0.091203
0.242400	0.096979
0.242500	0.085427
0.242600	0.096979
0.242700	0.108531
0.242800	0.096979
0.242900	0.102755
0.243000	0.114307
0.243100	0.117195
0.243200	0.125859
0.243300	0.131635
0.243400	0.131635
0.243500	0.140299
0.243600	0.134523
0.243700	0.125859
0.243800	0.122971
0.243900	0.137411
0.244000	0.134523
0.244100	0.137411
0.244200	0.128747
0.244300	0.122971
0.244400	0.131635
0.244500	0.140299
0.244600	0.131635
0.244700	0.128747
0.244800	0.137411
0.244900	0.146075
0.245000	0.143187
0.245100	0.134523
0.245200	0.131635
0.245300	0.137411
0.245400	0.120083
0.245500	0.137411
0.245600	0.131635
0.245700	0.140299
0.245800	0.134523
0.245900	0.134523
0.246000	0.125859
0.246100	0.143187
0.246200	0.137411
0.246300	0.137411
0.246400	0.151851
0.246500	0.148963
0.246600	0.137411
0.246700	0.148963
0.246800	0.137411
0.246900	0.143187
0.247000	0.137411
0.247100	0.140299
0.247200	0.131635
0.247300	0.134523
0.247400	0.154739
0.247500	0.131635
0.247600	0.128747
0.247700	0.146075
0.247800	0.146075
0.247900	0.137411
0.248000	0.140299
0.248100	0.140299
0.248200	0.148963
0.248300	0.134523
0.248400	0.134523
0.248500	0.134523
0.248600	0.128747
0.248700	0.140299
0.248800	0.122971
0.248900	0.134523
0.249000	0.137411
0.249100	0.134523
0.249200	0.131635
0.249300	0.125859
0.249400	0.131635
0.249500	0.128747
0.249600	0.122971
0.249700	0.131635
0.249800	0.122971
0.249900	0.131635
0.250000	0.131635
0.250100	0.128747
0.250200	0.131635
0.250300	0.128747
0.250400	0.137411
0.250500	0.131635
0.250600	0.131635
0.250700	0.137411
0.250800	0.125859
0.250900	0.117195
0.251000	0.125859
0.251100	0.122971
0.251200	0.137411
0.251300	0.131635
0.251400	0.125859
0.251500	0.114307
0.251600	0.125859
0.251700	0.128747
0.251800	0.125859
0.251900	0.120083
0.252000	0.120083
0.252100	0.128747
0.252200	0.137411
0.252300	0.125859
0.252400	0.120083
0.252500	0.122971
0.252600	0.128747
0.252700	0.125859
0.252800	0.120083
0.252900	0.137411
0.253000	0.120083
0.253100	0.131635
0.253200	0.125859
0.253300	0.117195
0.253400	0.131635
0.253500	0.131635
0.253600	0.125859
0.253700	0.125859
0.253800	0.128747
0.253900	0.128747
0.254000	0.131635
0.254100	0.131635
0.254200	0.128747
0.254300	0.122971
0.254400	0.125859
0.254500	0.143187
0.254600	0.128747
0.254700	0.134523
0.254800	0.137411
0.254900	0.125859
0.255000	0.140299
0.255100	0.122971
0.255200	0.128747
0.255300	0.143187
0.255400	0.134523
0.255500	0.140299
0.255600	0.122971
0.255700	0.125859
0.255800	0.128747
0.255900	0.137411
0.256000	0.125859
0.256100	0.131635
0.256200	0.134523
0.256300	0.122971
0.256400	0.134523
0.256500	0.148963
0.256600	0.140299
0.256700	0.134523
0.256800	0.134523
0.256900	0.134523
0.257000	0.128747
0.257100	0.140299
0.257200	0.146075
0.257300	0.134523
0.257400	0.125859
0.257500	0.134523
0.257600	0.128747
0.257700	0.131635
0.257800	0.137411
0.257900	0.134523
0.258000	0.140299
0.258100	0.137411
0.258200	0.143187
0.258300	0.143187
0.258400	0.137411
0.258500	0.137411
0.258600	0.137411
0.258700	0.143187
0.258800	0.128747
0.258900	0.128747
0.259000	0.131635
0.259100	0.134523
0.259200	0.146075
0.259300	0.143187
0.259400	0.146075
0.259500	0.131635
0.259600	0.125859
0.259700	0.137411
0.259800	0.131635
0.259900	0.137411
0.260000	0.154739
0.260100	0.131635
0.260200	0.137411
0.260300	0.134523
0.260400	0.137411
0.260500	0.134523
0.260600	0.134523
0.260700	0.134523
0.260800	0.131635
0.260900	0.134523
0.261000	0.134523
0.261100	0.131635
0.261200	0.128747
0.261300	0.137411
0.261400	0.140299
0.261500	0.143187
0.261600	0.137411
0.261700	0.131635
0.261800	0.131635
0.261900	0.134523
0.262000	0.148963
0.262100	0.140299
0.262200	0.137411
0.262300	0.131635
0.262400	0.140299
0.262500	0.146075
0.262600	0.143187
0.262700	0.134523
0.262800	0.134523
0.262900	0.140299
0.263000	0.128747
0.263100	0.134523
0.263200	0.134523
0.263300	0.137411
0.263400	0.140299
0.263500	0.137411
0.263600	0.134523
0.263700	0.140299
0.263800	0.143187
0.263900	0.137411
0.264000	0.128747
0.264100	0.137411
0.264200	0.128747
0.264300	0.134523
0.264400	0.125859
0.264500	0.140299
0.264600	0.120083
0.264700	0.131635
0.264800	0.131635
0.264900	0.134523
0.265000	0.131635
0.265100	0.154739
0.265200	0.146075
0.265300	0.131635
0.265400	0.134523
0.265500	0.131635
0.265600	0.143187
0.265700	0.151851
0.265800	0.137411
0.265900	0.128747
0.266000	0.137411
0.266100	0.137411
0.266200	0.134523
0.266300	0.140299
0.266400	0.131635
0.266500	0.128747
0.266600	0.128747
0.266700	0.146075
0.266800	0.140299
0.266900	0.131635
0.267000	0.125859
0.267100	0.125859
0.267200	0.143187
0.267300	0.131635
0.267400	0.131635
0.267500	0.140299
0.267600	0.131635
0.267700	0.140299
0.267800	0.137411
0.267900	0.137411
0.268000	0.131635
0.268100	0.134523
0.268200	0.122971
0.268300	0.125859
0.268400	0.140299
0.268500	0.131635
0.268600	0.131635
0.268700	0.125859
0.268800	0.131635
0.268900	0.140299
0.269000	0.131635
0.269100	0.125859
0.269200	0.117195
0.269300	0.128747
0.269400	0.125859
0.269500	0.125859
0.269600	0.120083
0.269700	0.117195
0.269800	0.120083
0.269900	0.125859
0.270000	0.125859
0.270100	0.131635
0.270200	0.108531
0.270300	0.114307
0.270400	0.114307
0.270500	0.125859
0.270600	0.108531
0.270700	0.108531
0.270800	0.114307
0.270900	0.117195
0.271000	0.108531
0.271100	0.111419
0.271200	0.122971
0.271300	0.102755
0.271400	0.105643
0.271500	0.114307
0.271600	0.102755
0.271700	0.108531
0.271800	0.105643
0.271900	0.102755
0.272000	0.108531
0.272100	0.120083
0.272200	0.105643
0.272300	0.111419
0.272400	0.111419
0.272500	0.111419
0.272600	0.111419
0.272700	0.102755
0.272800	0.108531
0.272900	0.105643
0.273000	0.117195
0.273100	0.108531
0.273200	0.108531
0.273300	0.108531
0.273400	0.108531
0.273500	0.099867
0.273600	0.111419
0.273700	0.114307
0.273800	0.117195
0.273900	0.108531
0.274000	0.114307
0.274100	0.108531
0.274200	0.105643
0.274300	0.105643
0.274400	0.111419
0.274500	0.105643
0.274600	0.102755
0.274700	0.105643
0.274800	0.111419
0.274900	0.114307
0.275000	0.105643
0.275100	0.102755
0.275200	0.108531
0.275300	0.111419
0.275400	0.105643
0.275500	0.117195
0.275600	0.099867
0.275700	0.105643
0.275800	0.099867
0.275900	0.096979
0.276000	0.114307
0.276100	0.108531
0.276200	0.111419
0.276300	0.111419
0.276400	0.099867
0.276500	0.096979
0.276600	0.102755
0.276700	0.114307
0.276800	0.099867
0.276900	0.122971
0.277000	0.120083
0.277100	0.102755
0.277200	0.111419
0.277300	0.117195
0.277400	0.102755
0.277500	0.117195
0.277600	0.114307
0.277700	0.111419
0.277800	0.108531
0.277900	0.117195
0.278000	0.105643
0.278100	0.111419
0.278200	0.108531
0.278300	0.111419
0.278400	0.094091
0.278500	0.114307
0.278600	0.114307
0.278700	0.108531
0.278800	0.099867
0.278900	0.102755
0.279000	0.114307
0.279100	0.117195
0.279200	0.111419
0.279300	0.105643
0.279400	0.105643
0.279500	0.117195
0.279600	0.111419
0.279700	0.111419
0.279800	0.108531
0.279900	0.102755
0.280000	0.108531
0.280100	0.108531
0.280200	0.111419
0.280300	0.117195
0.280400	0.111419
0.280500	0.108531
0.280600	0.102755
0.280700	0.102755
0.280800	0.102755
0.280900	0.096979
0.281000	0.108531
0.281100	0.108531
0.281200	0.114307
0.281300	0.114307
0.281400	0.105643
0.281500	0.111419
0.281600	0.114307
0.281700	0.111419
0.281800	0.102755
0.281900	0.111419
0.282000	0.114307
0.282100	0.105643
0.282200	0.111419
0.282300	0.108531
0.282400	0.114307
0.282500	0.128747
0.282600	0.120083
0.282700	0.114307
0.282800	0.122971
0.282900	0.120083
0.283000	0.114307
0.283100	0.122971
0.283200	0.114307
0.283300	0.117195
0.283400	0.128747
0.283500	0.131635
0.283600	0.122971
0.283700	0.131635
0.283800	0.143187
0.283900	0.140299
0.284000	0.134523
0.284100	0.137411
0.284200	0.137411
0.284300	0.140299
0.284400	0.134523
0.284500	0.125859
0.284600	0.143187
0.284700	0.146075
0.284800	0.137411
0.284900	0.125859
0.285000	0.131635
0.285100	0.131635
0.285200	0.137411
0.285300	0.146075
0.285400	0.140299
0.285500	0.143187
0.285600	0.143187
0.285700	0.143187
0.285800	0.148963
0.285900	0.154739
0.286000	0.143187
0.286100	0.146075
0.286200	0.146075
0.286300	0.140299
0.286400	0.146075
0.286500	0.146075
0.286600	0.143187
0.286700	0.146075
0.286800	0.157627
0.286900	0.146075
0.287000	0.134523
0.287100	0.140299
0.287200	0.131635
0.287300	0.157627
0.287400	0.148963
0.287500	0.148963
0.287600	0.154739
0.287700	0.151851
0.287800	0.148963
0.287900	0.157627
0.288000	0.154739
0.288100	0.146075
0.288200	0.151851
0.288300	0.151851
0.288400	0.148963
0.288500	0.151851
0.288600	0.157627
0.288700	0.148963
0.288800	0.143187
0.288900	0.137411
0.289000	0.160515
0.289100	0.146075
0.289200	0.160515
0.289300	0.140299
0.289400	0.143187
0.289500	0.148963
0.289600	0.148963
0.289700	0.137411
0.289800	0.143187
0.289900	0.143187
0.290000	0.151851
0.290100	0.143187
0.290200	0.157627
0.290300	0.143187
0.290400	0.146075
0.290500	0.148963
0.290600	0.143187
0.290700	0.134523
0.290800	0.143187
0.290900	0.137411
0.291000	0.140299
0.291100	0.143187
0.291200	0.140299
0.291300	0.137411
0.291400	0.146075
0.291500	0.134523
0.291600	0.128747
0.291700	0.131635
0.291800	0.125859
0.291900	0.134523
0.292000	0.146075
0.292100	0.125859
0.292200	0.137411
0.292300	0.131635
0.292400	0.128747
0.292500	0.131635
0.292600	0.134523
0.292700	0.143187
0.292800	0.140299
0.292900	0.125859
0.293000	0.128747
0.293100	0.134523
0.293200	0.137411
0.293300	0.134523
0.293400	0.128747
0.293500	0.137411
0.293600	0.140299
0.293700	0.122971
0.293800	0.131635
0.293900	0.137411
0.294000	0.134523
0.294100	0.128747
0.294200	0.146075
0.294300	0.134523
0.294400	0.143187
0.294500	0.131635
0.294600	0.131635
0.294700	0.128747
0.294800	0.128747
0.294900	0.131635
0.295000	0.125859
0.295100	0.143187
0.295200	0.137411
0.295300	0.125859
0.295400	0.134523
0.295500	0.137411
0.295600	0.128747
0.295700	0.137411
0.295800	0.122971
0.295900	0.134523
0.296000	0.137411
0.296100	0.134523
0.296200	0.131635
0.296300	0.146075
0.296400	0.131635
0.296500	0.131635
0.296600	0.128747
0.296700	0.134523
0.296800	0.143187
0.296900	0.140299
0.297000	0.137411
0.297100	0.131635
0.297200	0.125859
0.297300	0.131635
0.297400	0.140299
0.297500	0.137411
0.297600	0.140299
0.297700	0.128747
0.297800	0.137411
0.297900	0.146075
0.298000	0.137411
0.298100	0.131635
0.298200	0.146075
0.298300	0.143187
0.298400	0.122971
0.298500	0.143187
0.298600	0.137411
0.298700	0.134523
0.298800	0.143187
0.298900	0.137411
0.299000	0.146075
0.299100	0.146075
0.299200	0.134523
0.299300	0.137411
0.299400	0.143187
0.299500	0.148963
0.299600	0.151851
0.299700	0.140299
0.299800	0.137411
0.299900	0.125859
